57868	28	1006	966	968
104978	28	2198	966	968
184395	28	119	966	968
17758	28	1170	966	968
21572	28	83	966	968
108681	28	418	966	968
58234	28	79	966	968
24345	28	2720	966	968
109353	28	619	966	968
35908	28	169	966	968
13740	28	1528	966	968
95123	28	1522	966	968
9820	28	61	966	968
29646	28	714	966	968
81579	28	76	966	968
94740	28	145	966	968
10954	28	118	966	968
7390	28	47	966	968
74193	28	671	966	968
27757	28	1253	966	968
93467	28	104023	966	968
32074	28	73	966	968
80484	28	43704	966	968
66645	28	63	966	968
49459	28	1293	966	968
20283	28	377	966	968
11843	28	533	966	968
117242	28	215	966	968
18729	28	676	966	968
93862	28	893	966	968
15831	28	1374	966	968
44633	28	1836	966	968
14609	28	255	966	968
95756	28	196	966	968
67068	28	1545	966	968
19014	28	851	966	968
95320	28	1050	966	968
77936	28	1404	966	968
119582	28	971	966	968
21514	28	193	966	968
66874	28	1167	966	968
27361	28	3906	966	968
54430	28	1237	966	968
11749	28	245	966	968
81804	28	32368	966	968
127683	28	675	966	968
130205	28	1117	966	968
67390	28	35757	966	968
43194	28	625	966	968
6500	28	551	966	968
119604	28	4767	966	968
145987	28	1012	966	968
75123	28	536	966	968
29680	28	1900	966	968
102660	28	387	966	968
20732	28	179	966	968
50979	28	1330	966	968
99228	28	91	966	968
185457	28	8059	966	968
93793	28	2068	966	968
32357	28	691	966	968
51420	28	102	966	968
10313	28	2389	966	968
11628	28	56	966	968
24956	28	274	966	968
9184	28	110	966	968
86476	28	436	966	968
28362	28	628	966	968
84569	28	1050	966	968
20646	28	345	966	968
9971	28	586	966	968
17587	28	1359	966	968
16014	28	107	966	968
30630	28	559	966	968
90391	28	23	966	968
105040	28	720	966	968
94740	28	570	966	968
32364	28	103	966	968
77411	28	904	966	968
100912	28	129	966	968
18136	28	8306	966	968
8330	28	2159	966	968
24681	28	1136	966	968
34628	28	1659	966	968
127511	28	3788	966	968
21278	28	63	966	968
13303	28	2519	966	968
48407	28	3971	966	968
38101	28	634	966	968
16397	28	498	966	968
70422	28	146	966	968
40548	28	2666	966	968
23747	28	571	966	968
126090	28	1522	966	968
9385	28	9409	966	968
47767	28	3034	966	968
49850	28	3416	966	968
22937	28	1533	966	968
18900	28	61	966	968
69845	28	872	966	968
17170	28	347	966	968
186626	28	2054	966	968
47201	28	626	966	968
26666	28	2914	966	968
36697	28	1223	966	968
22065	28	1164	966	968
62455	28	535	966	968
42393	28	570	966	968
66521	28	1983	966	968
12832	28	2575	966	968
80402	28	1312	966	968
99725	23	95061	966	968
38653	28	7486	966	968
46180	28	295	966	968
42889	28	54	966	968
24042	28	888	966	968
130747	28	442	966	968
37658	28	354	966	968
127019	28	1765	966	968
130881	28	1206	966	968
16203	28	1835	966	968
15769	28	196	966	968
7845	28	597	966	968
11156	28	222	966	968
62179	28	1293	966	968
76879	28	9751	966	968
58535	28	715	966	968
21754	28	231	966	968
39446	28	1115	966	968
19337	28	74	966	968
14346	28	1476	966	968
39415	28	12647	966	968
7141	28	1149	966	968
30906	28	1670	966	968
7690	28	67	966	968
36435	28	400	966	968
32873	28	1264	966	968
23071	28	363	966	968
90517	28	295	966	968
59374	28	1507	966	968
36161	28	398	966	968
42128	28	753	966	968
63333	28	6346	966	968
43008	28	518	966	968
18124	28	617	966	968
83880	28	1230	966	968
13384	28	424	966	968
19618	28	923	966	968
39719	28	712	966	968
25426	28	1002	966	968
89240	28	2526	966	968
85955	28	2503	966	968
135382	28	2489	966	968
97088	28	12408	966	968
39542	28	146	966	968
54694	28	435	966	968
81032	28	2227	966	968
126026	28	504	966	968
117471	28	1430	966	968
52121	28	28	966	969
38976	28	266	966	969
34073	28	181	966	969
29864	28	160	966	969
113780	28	289	966	969
72766	28	19	966	969
29795	28	66	966	969
45347	28	900	966	969
54544	28	589	966	969
23150	28	149	966	969
54766	28	6227	966	969
63685	28	166	966	969
47031	28	821	966	969
99810	28	1107	966	969
74613	28	1006	966	969
62156	28	273	966	969
20739	28	533	966	969
14378	28	102	966	969
75317	28	282	966	969
24812	28	155	966	969
85766	28	4669	966	969
21141	28	170	966	969
74761	28	291	966	969
7645	28	129	966	969
136694	28	2780	966	969
48146	28	542	966	969
8847	28	124	966	969
102657	28	82	966	969
137058	28	550	966	969
6731	28	1899	966	969
66891	28	44	966	969
48518	28	1617	966	969
39821	28	1094	966	969
34724	28	1055	966	969
16744	28	140	966	969
72922	28	1210	966	969
26427	28	2682	966	969
112291	28	205	966	969
20052	28	63	966	969
101204	28	72	966	969
84813	28	524	966	969
17353	28	191	966	969
41175	28	537	966	969
11665	28	87	966	969
46314	28	336	966	969
13154	28	91	966	969
74406	28	586	966	969
7398	28	27	966	969
10689	28	58	966	969
15594	28	85	966	969
117925	28	657	966	969
21846	28	222	966	969
30017	28	149	966	969
121861	28	1053	966	969
56430	28	1118	966	969
65678	28	953	966	969
27924	28	98	966	969
12603	28	33	966	969
101364	28	1776	966	969
15908	28	51	966	969
120875	28	188	966	969
88488	28	1018	966	969
118560	28	12647	966	969
59402	28	3123	966	969
53929	28	167	966	969
28564	28	102	966	969
16636	28	591	966	969
48773	28	991	966	969
61283	28	961	966	969
123758	28	1312	966	969
59512	28	433	966	969
45924	28	1484	966	969
20502	28	304	966	969
74108	28	170	966	969
48176	28	1417	966	969
14238	28	43	966	969
51436	28	4217	966	969
24445	28	1123	966	969
108253	28	1027	966	969
165874	28	3034	966	969
103864	28	381	966	969
8429	28	27	966	969
22572	28	74	966	969
108422	28	529	966	969
14797	28	78	966	969
19736	28	49	966	969
166330	28	221	966	969
26133	28	193	966	969
38521	28	110	966	969
24105	28	1654	966	969
90814	28	49	966	969
22913	28	77	966	969
46409	28	1759	966	969
107594	28	109	966	969
12148	28	117	966	969
97398	28	829	966	969
47873	28	192	966	969
60225	28	161	966	969
52018	28	1182	966	969
58479	28	294	966	969
38976	28	3416	966	969
18511	28	1572	966	969
29676	28	74	966	969
40655	28	77	966	969
10936	28	41	966	969
18944	28	66	966	969
12655	28	803	966	969
53735	28	1700	966	969
83622	28	64	966	969
11223	28	597	966	969
5673	28	381	966	969
94684	28	158	966	969
21571	28	44	966	969
63881	28	191	966	969
34156	28	28	966	969
53764	28	193	966	969
11902	28	377	966	969
69287	28	445	966	969
75885	28	50	966	969
104121	28	3958	966	969
12233	28	65	966	969
18211	28	123	966	969
9784	28	275	966	969
64233	28	171	966	969
18135	28	27	966	969
18451	28	469	966	969
44624	28	432	966	969
48806	28	23	966	969
16696	28	421	966	969
102019	28	332	966	969
69520	28	767	966	969
22653	28	924	966	969
31035	28	275	966	969
20542	28	109	966	969
111183	28	524	966	969
47859	28	16	966	969
62059	28	185	966	969
11167	28	64	966	969
16976	28	422	966	969
108518	28	524	966	969
66108	28	469	966	969
40968	28	1887	966	969
52087	28	167	966	969
16276	28	962	966	969
71094	28	760	966	969
94646	28	595	966	969
54862	28	291	966	969
34637	28	345	966	969
44524	28	304	966	969
76189	28	451	966	969
54989	28	692	966	969
20845	28	1275	966	969
44213	28	924	966	969
22863	28	280	966	969
143350	28	1056	966	969
95114	28	280	966	969
109222	28	74	966	969
15210	28	121	966	969
13983	28	109	966	969
82615	28	95	966	969
14799	28	171	966	969
23719	28	696	966	969
113611	28	725	966	969
19919	28	423	966	969
60694	28	2593	966	969
53158	28	51	966	969
31539	28	58	966	969
16231	28	48	966	969
28550	28	58	966	969
17742	28	1063	966	969
24687	28	74	966	969
28665	28	168	966	969
19262	28	145	966	969
79955	28	19	966	969
106598	28	3125	966	969
25246	28	65	966	969
41963	28	245	966	969
127598	28	839	966	969
14581	28	22	966	969
22785	28	266	966	969
16935	28	666	966	969
25412	28	803	966	969
14901	28	277	966	969
18569	28	109	966	969
95816	28	2426	966	969
57362	28	52	966	969
85098	28	1351	966	969
51893	28	256	966	969
121137	28	112	966	969
28703	28	49	966	969
60807	28	203	966	969
16292	28	77	966	969
109622	28	145	966	969
22407	28	671	966	969
148637	28	121	966	969
29156	28	1572	966	969
55521	28	74	966	969
95272	28	1053	966	969
48037	28	49	966	969
135662	28	166	966	969
86595	28	6113	966	969
105057	28	273	966	969
33159	28	234	966	969
38042	28	1314	966	969
7447	28	123	966	969
139761	28	30	966	969
37218	28	48	966	969
108635	28	1312	966	969
106738	28	171	966	969
34194	28	175	966	969
106288	28	1853	966	969
57041	28	40	966	969
79726	28	445	966	969
31602	28	575	966	969
44395	28	49	966	969
33494	28	504	966	969
38598	28	463	966	969
111677	28	120	966	969
69793	28	104	966	969
16122	28	170	966	969
153760	28	27	966	969
88009	28	1543	966	969
7447	28	222	966	969
86221	28	1811	966	969
128965	28	16	966	969
67286	28	49	966	969
31815	28	1654	966	969
70775	28	83	966	969
130298	28	1801	966	969
51802	28	423	966	969
124092	28	1020	966	969
51461	28	463	966	969
13789	28	1873	966	969
10972	28	47	966	969
83850	28	12647	966	969
111449	28	743	966	969
7191	28	735	966	969
59868	28	1885	966	969
32085	28	423	966	969
41880	28	85	966	969
16676	28	435	966	969
128562	28	202	966	969
54565	28	647	966	969
89333	28	825	966	969
80792	28	181	966	969
47913	28	245	966	969
76406	28	20	966	969
82063	28	40	966	969
50830	28	974	966	969
8380	28	2292	966	969
123992	28	586	966	969
31885	28	292	966	969
17023	28	78	966	969
107643	28	449	966	969
150817	28	2346	966	969
31280	28	1026	966	969
9313	28	272	966	969
67201	28	3606	966	969
129517	28	10204	966	969
82195	28	850	967	0
131068	28	1536	967	0
18539	28	210	967	0
18540	28	2440	967	0
82199	28	2798	967	0
82221	28	920	967	0
111988	28	976	967	0
38723	28	38724	967	0
82277	28	805	967	0
18603	28	1034	967	0
18627	28	1993	967	0
21712	28	836	967	0
95769	28	1475	967	0
95921	28	1421	967	0
95926	28	1733	967	0
82362	28	24	967	0
95952	28	6257	967	0
33460	28	450	967	0
11299	28	98	967	0
131241	28	48	967	0
38877	28	369	967	0
38886	28	855	967	0
70726	28	1340	967	0
70732	28	551	967	0
70739	28	3103	967	0
24927	28	211	967	0
82514	28	1481	967	0
24941	28	1163	967	0
112208	28	232	967	0
112213	28	52269	967	0
112224	28	640	967	0
29152	28	4509	967	0
96094	28	313	967	0
52307	28	1132	967	0
39000	28	972	967	0
112263	28	2189	967	0
70547	28	7151	967	0
82624	28	506	967	0
18830	28	46	967	0
39044	28	263	967	0
60934	28	2277	967	0
7720	28	4047	967	0
112323	28	1951	967	0
70949	28	1709	967	0
70960	28	1141	967	0
45212	28	484	967	0
112349	28	9131	967	0
25082	28	454	967	0
33712	28	165	967	0
29274	28	1364	967	0
96269	28	14358	967	0
52453	28	110	967	0
7738	28	36	967	0
16574	16	131496	967	0
82768	28	1329	967	0
71088	28	1835	967	0
39178	28	1086	967	0
18733	28	493	967	0
29356	28	5964	967	0
61110	28	570	967	0
33809	28	269	967	0
61153	28	61154	967	0
9265	28	3860	967	0
19011	28	33830	967	0
61192	28	936	967	0
112509	28	411	967	0
9272	28	222	967	0
71183	28	129	967	0
29424	28	624	967	0
25244	28	920	967	0
71224	28	289	967	0
60500	28	2948	967	0
61258	28	616	967	0
82938	28	2353	967	0
82974	28	1028	967	0
83018	28	4841	967	0
112645	28	303	967	0
71349	28	505	967	0
96564	28	52843	967	0
112663	28	3621	967	0
112666	14	5700	967	0
45557	28	219	967	0
83083	28	2708	967	0
52896	28	1170	967	0
16751	28	833	967	0
45608	28	3038	967	0
71437	28	499	967	0
25395	28	10376	967	0
45626	28	864	967	0
71477	28	1477	967	0
71480	28	985	967	0
83170	28	1384	967	0
71487	28	991	967	0
83173	28	2814	967	0
45704	28	420	967	0
39553	28	1329	967	0
25501	28	297	967	0
19265	28	120	967	0
9384	28	40	967	0
53098	28	2469	967	0
7276	28	552	967	0
19318	28	167	967	0
44902	28	680	967	0
83394	28	9409	967	0
96351	28	2376	967	0
96881	28	112939	967	0
96893	28	887	967	0
11665	28	2045	967	0
34296	28	46	967	0
53158	28	272	967	0
53159	28	106	967	0
34307	28	907	967	0
83444	28	6022	967	0
156169	28	10454	967	0
29545	28	239	967	0
29816	28	2032	967	0
19377	28	2908	967	0
29848	28	3282	967	0
39792	28	45	967	0
45957	28	1234	967	0
25031	28	3888	967	0
33419	28	368	967	0
83564	28	1296	967	0
11717	28	1626	967	0
71887	28	6033	967	0
34417	28	160	967	0
83593	14	9461	967	0
83601	28	703	967	0
39852	28	1320	967	0
97077	28	1542	967	0
53337	28	1289	967	0
97096	28	690	967	0
39875	28	4047	967	0
61981	28	3103	967	0
45596	28	52	967	0
21815	28	3131	967	0
39911	28	1228	967	0
46066	28	160	967	0
71966	28	1267	967	0
25816	28	38	967	0
97147	28	1181	967	0
72002	28	643	967	0
72003	28	311	967	0
34515	28	2103	967	0
113316	28	344	967	0
83771	28	540	967	0
97257	28	1058	967	0
113341	28	1182	967	0
113348	28	678	967	0
97266	28	6049	967	0
62156	28	2430	967	0
22583	28	64	967	0
97279	28	2829	967	0
72106	28	2054	967	0
113368	28	3688	967	0
25922	28	767	967	0
40030	28	1135	967	0
53528	28	206	967	0
19605	28	954	967	0
83870	28	483	967	0
25964	28	124	967	0
83878	28	2678	967	0
25965	28	1107	967	0
11687	28	39	967	0
25982	28	48	967	0
113475	28	307	967	0
22636	28	962	967	0
83911	28	1709	967	0
53627	28	269	967	0
62322	28	260	967	0
113535	28	13351	967	0
40146	28	681	967	0
156492	28	1288	967	0
19671	28	192	967	0
29177	28	707	967	0
46410	28	3207	967	0
113608	28	62401	967	0
40217	28	107	967	0
17157	28	273	967	0
29317	28	1327	967	0
40237	28	526	967	0
132567	28	931	967	0
113684	28	1532	967	0
84180	28	388	967	0
46528	28	735	967	0
97663	28	1455	967	0
19766	28	3627	967	0
53855	28	56	967	0
34897	28	68	967	0
84226	28	2139	967	0
33517	28	857	967	0
46570	28	840	967	0
40343	28	829	967	0
113769	28	570	967	0
95929	28	971	967	0
16623	28	789	967	0
84316	28	609	967	0
113013	28	1508	967	0
30373	28	474	967	0
40422	28	162	967	0
46657	28	1918	967	0
62684	28	1694	967	0
97817	28	2561	967	0
84385	28	18621	967	0
62718	28	498	967	0
46693	28	1536	967	0
72643	28	16410	967	0
62729	28	1694	967	0
19866	28	608	967	0
40475	28	979	967	0
29132	28	745	967	0
84437	28	1632	967	0
14378	28	48	967	0
22496	28	1693	967	0
40504	28	526	967	0
84465	28	11985	967	0
72685	28	8449	967	0
46738	28	467	967	0
113963	28	682	967	0
113970	28	3872	967	0
84503	28	1903	967	0
46769	28	3503	967	0
84171	28	2834	967	0
84512	28	210	967	0
54117	28	571	967	0
72467	28	1390	967	0
97960	28	416	967	0
84539	28	168	967	0
18980	28	1537	967	0
84551	28	717	967	0
54163	28	1124	967	0
72763	28	119	967	0
97983	28	6909	967	0
26400	28	1116	967	0
19939	28	1431	967	0
33651	28	15212	967	0
72827	28	41	967	0
72876	28	30565	967	0
22970	28	931	967	0
22972	28	459	967	0
62974	28	1211	967	0
26446	28	185	967	0
40688	28	503	967	0
46927	28	35214	967	0
30609	28	904	967	0
46055	28	1984	967	0
63029	28	379	967	0
26489	28	240	967	0
35254	14	2783	967	0
17383	28	4990	967	0
39597	28	1796	967	0
30670	28	404	967	0
113608	28	220	967	0
46981	28	1057	967	0
73021	28	3985	967	0
26537	28	98	967	0
73038	28	5964	967	0
12070	28	122	967	0
114302	28	3027	967	0
20053	28	310	967	0
114344	28	8790	967	0
54482	28	622	967	0
63216	28	309	967	0
22545	28	1312	967	0
73151	28	6904	967	0
133182	28	8523	967	0
26613	28	158	967	0
133225	28	1747	967	0
16995	28	85	967	0
97484	28	5047	967	0
84995	28	1758	967	0
61266	28	948	967	0
73228	28	569	967	0
11892	28	2877	967	0
40910	28	2373	967	0
6141	28	2411	967	0
98460	28	1873	967	0
30807	28	558	967	0
29423	28	71	967	0
12119	28	4625	967	0
85071	28	1368	967	0
26675	28	1141	967	0
73327	28	2241	967	0
35382	28	587	967	0
71728	28	1129	967	0
54648	28	540	967	0
47276	28	2373	967	0
98532	28	493	967	0
84782	28	3971	967	0
114581	28	248	967	0
85177	28	53434	967	0
54710	28	250	967	0
85186	28	1267	967	0
30893	28	2132	967	0
85204	28	3649	967	0
12916	28	78	967	0
114633	28	8823	967	0
13126	28	239	967	0
14875	28	192	967	0
98638	28	3859	967	0
54767	28	354	967	0
54771	28	1812	967	0
63543	28	3446	967	0
98653	28	851	967	0
30925	28	618	967	0
98662	28	304	967	0
114701	28	802	967	0
63578	28	505	967	0
114712	28	570	967	0
98698	28	4165	967	0
29140	28	371	967	0
85319	28	614	967	0
9687	28	89	967	0
98744	28	1785	967	0
16985	28	1536	967	0
47460	28	643	967	0
35635	28	77	967	0
85394	28	13671	967	0
98801	28	3416	967	0
97113	28	789	967	0
26843	28	2302	967	0
9680	28	1749	967	0
31000	28	1146	967	0
53625	28	1559	967	0
98898	28	100	967	0
98900	28	3213	967	0
72666	28	1330	967	0
112042	28	83025	967	0
44919	28	967	967	0
29888	28	3364	967	0
30670	28	20	967	0
114972	28	1056	967	0
14259	28	868	967	0
20181	28	49	967	0
85585	28	574	967	0
63833	28	803	967	0
98991	28	1053	967	0
133737	14	63850	967	0
13728	28	7002	967	0
99019	28	1150	967	0
17658	28	936	967	0
26530	28	1563	967	0
13262	28	3637	967	0
115074	28	15292	967	0
99080	28	1767	967	0
20289	28	504	967	0
26968	28	3165	967	0
41388	28	384	967	0
99097	28	5669	967	0
17319	28	3243	967	0
133835	28	469	967	0
40579	28	446	967	0
26304	28	45	967	0
47746	28	1320	967	0
133878	28	1193	967	0
11798	28	51	967	0
99192	28	2373	967	0
31172	28	1460	967	0
85767	28	2848	967	0
12198	28	3230	967	0
115212	28	789	967	0
133925	28	24824	967	0
99270	28	1402	967	0
8894	28	42	967	0
53037	28	35938	967	0
55279	28	2913	967	0
99292	28	32	967	0
15596	28	1853	967	0
41516	28	132	967	0
133988	28	275	967	0
54446	28	350	967	0
74141	28	882	967	0
134014	28	3777	967	0
55102	28	236	967	0
134039	28	627	967	0
20535	28	1710	967	0
82619	28	1920	967	0
64180	28	833	967	0
36014	28	293	967	0
99452	28	72	967	0
47967	28	1629	967	0
64226	28	439	967	0
36042	28	2973	967	0
41602	28	498	967	0
26676	14	3622	967	0
134151	28	1265	967	0
18976	28	1693	967	0
115496	28	224	967	0
36079	28	384	967	0
30179	28	1887	967	0
13746	28	4895	967	0
64331	28	2154	967	0
34768	28	882	967	0
86137	28	1195	967	0
17721	28	354	967	0
39024	28	485	967	0
48100	28	1536	967	0
15218	28	8108	967	0
86183	28	890	967	0
115620	28	195	967	0
7532	28	406	967	0
115634	28	2241	967	0
64422	28	369	967	0
99674	28	1012	967	0
13050	28	51	967	0
36142	28	219	967	0
13298	28	424	967	0
16751	28	2061	967	0
99737	28	181	967	0
9878	28	17824	967	0
39343	28	758	967	0
11217	28	38	967	0
17829	28	1529	967	0
27303	28	1055	967	0
55668	28	963	967	0
134422	28	3794	967	0
21987	28	3433	967	0
41807	28	61	967	0
55694	28	144	967	0
85572	28	540	967	0
23663	28	6388	967	0
15714	28	465	967	0
22035	28	41412	967	0
99852	28	1242	967	0
55717	28	2292	967	0
14626	28	146	967	0
73894	28	973	967	0
134511	28	4337	967	0
16845	28	1014	967	0
62976	28	581	967	0
74685	28	5835	967	0
41895	28	3318	967	0
86502	28	262	967	0
74692	28	262	967	0
86508	28	570	967	0
20708	28	7486	967	0
115902	28	1830	967	0
115903	28	1481	967	0
30296	28	3383	967	0
17881	28	429	967	0
115920	28	124	967	0
27390	28	2079	967	0
64710	28	2449	967	0
55816	28	595	967	0
99998	28	2895	967	0
86570	28	4412	967	0
86574	28	2456	967	0
13747	28	3080	967	0
23740	28	222	967	0
86579	28	2457	967	0
41951	28	152	967	0
29467	28	1766	967	0
115982	28	2334	967	0
27018	28	1169	967	0
11379	28	582	967	0
100046	28	1496	967	0
40053	28	1956	967	0
100070	28	2381	967	0
15360	28	1693	967	0
36399	28	2317	967	0
55559	28	2373	967	0
86493	28	1582	967	0
116054	28	1253	967	0
12399	28	2703	967	0
64820	28	186	967	0
29072	28	2288	967	0
55933	28	1331	967	0
17916	28	1302	967	0
46998	28	3076	967	0
13885	28	605	967	0
48533	28	3702	967	0
64907	28	540	967	0
74963	28	1383	967	0
52523	28	7218	967	0
41748	28	290	967	0
23691	28	92	967	0
34645	28	1918	967	0
12893	28	843	967	0
56044	28	40359	967	0
100306	28	616	967	0
100310	28	796	967	0
18832	28	3447	967	0
60529	28	1875	967	0
47501	28	502	967	0
116271	28	170	967	0
86889	28	1300	967	0
13367	28	1700	967	0
12205	28	1828	967	0
100365	28	1407	967	0
75101	28	1333	967	0
55062	28	1431	967	0
86921	28	39517	967	0
100389	28	1317	967	0
65061	28	328	967	0
48664	28	548	967	0
65069	28	907	967	0
116349	28	622	967	0
48683	28	1562	967	0
36584	28	51	967	0
135022	28	1208	967	0
11321	28	1832	967	0
13922	28	44	967	0
19450	28	799	967	0
31759	28	100452	967	0
83853	28	1030	967	0
23858	28	625	967	0
7147	28	803	967	0
48733	28	323	967	0
20531	28	597	967	0
116428	28	203	967	0
96605	28	79	967	0
65169	28	2901	967	0
12470	28	3561	967	0
48777	28	325	967	0
42280	28	85	967	0
16479	28	940	967	0
65218	28	8240	967	0
27640	28	36679	967	0
42312	28	19	967	0
16520	28	22	967	0
36689	28	350	967	0
29192	28	1827	967	0
27255	28	699	967	0
65280	28	1513	967	0
8537	28	1609	967	0
158426	28	2540	967	0
16336	28	812	967	0
75395	28	100	967	0
56362	14	36715	967	0
7949	23	36720	967	0
36720	23	7949	967	0
9575	28	840	967	0
75409	28	3105	967	0
15125	28	419	967	0
31881	28	222	967	0
26469	28	840	967	0
18022	28	1582	967	0
98240	28	1134	967	0
48913	28	995	967	0
15195	28	2544	967	0
36769	28	5852	967	0
19887	28	1709	967	0
158502	28	136	967	0
27526	28	8806	967	0
29724	28	669	967	0
47536	28	3503	967	0
75505	28	1192	967	0
87354	28	1164	967	0
116714	28	18654	967	0
61740	28	632	967	0
100815	28	515	967	0
15892	28	156	967	0
75533	28	44	967	0
42415	28	2938	967	0
41184	28	7161	967	0
99131	28	510	967	0
31950	28	9970	967	0
114302	28	1096	967	0
87448	28	4937	967	0
75612	28	13975	967	0
100912	28	930	967	0
54727	28	623	967	0
31512	28	913	967	0
45090	28	119	967	0
56547	28	662	967	0
34699	28	830	967	0
30182	28	40540	967	0
42507	28	140	967	0
84787	28	560	967	0
42534	28	4472	967	0
41072	28	1123	967	0
71492	28	1752	967	0
101038	28	1871	967	0
18892	28	504	967	0
87583	28	2170	967	0
87589	28	132826	967	0
29501	28	191	967	0
75755	28	1141	967	0
116985	28	1027	967	0
135632	14	9093	967	0
47671	28	429	967	0
116988	28	1762	967	0
11192	28	2178	967	0
42415	28	2884	967	0
117021	28	766	967	0
36960	28	44	967	0
117058	28	23789	967	0
49150	28	48	967	0
117081	28	605	967	0
13675	28	50	967	0
64313	28	2795	967	0
41749	28	168	967	0
42638	28	3192	967	0
87730	28	3914	967	0
8451	28	571	967	0
35030	28	3906	967	0
36541	28	3304	967	0
135774	28	940	967	0
18133	28	1848	967	0
21050	28	2660	967	0
49052	28	15214	967	0
87810	28	2241	967	0
19208	28	725	967	0
17145	28	1292	967	0
101325	28	2632	967	0
101298	28	421	967	0
86108	28	1214	967	0
56829	28	3824	967	0
72395	28	232	967	0
87868	28	1703	967	0
44921	28	2083	967	0
11813	28	832	967	0
23690	28	49248	967	0
65851	28	2449	967	0
65425	28	1403	967	0
33543	28	1773	967	0
133228	28	565	967	0
36800	28	882	967	0
74255	28	3027	967	0
10447	14	3622	967	0
97812	28	1462	967	0
24090	28	3059	967	0
45527	28	1763	967	0
101431	28	1332	967	0
65891	28	411	967	0
14722	28	872	967	0
32182	28	1358	967	0
18097	28	3418	967	0
40296	28	1740	967	0
76115	28	1855	967	0
15204	28	304	967	0
73711	28	406	967	0
14613	28	42	967	0
10487	28	2487	967	0
11071	28	2316	967	0
21913	28	1365	967	0
88022	28	766	967	0
101505	28	988	967	0
63963	28	1006	967	0
136087	28	42838	967	0
101567	28	505	967	0
159099	28	8523	967	0
9386	28	410	967	0
114262	28	27	967	0
88101	28	2895	967	0
101602	28	818	967	0
27979	28	551	967	0
101623	28	169	967	0
36451	28	5478	967	0
49425	28	2159	967	0
101657	28	842	967	0
82225	28	975	967	0
136197	28	3872	967	0
52307	28	1177	967	0
15379	28	676	967	0
136222	28	2041	967	0
87652	28	510	967	0
10449	28	1893	967	0
65830	28	913	967	0
96585	28	101740	967	0
101741	28	1830	967	0
40198	28	1289	967	0
30023	28	1659	967	0
42920	28	581	967	0
74582	28	2103	967	0
10840	28	186	967	0
13824	28	323	967	0
101761	28	3039	967	0
73446	28	2040	967	0
24157	28	855	967	0
76392	28	52269	967	0
66164	28	354	967	0
117673	28	740	967	0
61511	28	5545	967	0
117705	28	14027	967	0
96451	28	789	967	0
24928	28	3105	967	0
27146	28	307	967	0
30733	28	1002	967	0
11828	28	1937	967	0
71350	28	745	967	0
27754	28	1169	967	0
19537	28	348	967	0
136334	28	1600	967	0
14687	28	630	967	0
27652	28	1180	967	0
18795	28	10962	967	0
84155	28	22189	967	0
76495	28	1896	967	0
15936	28	50	967	0
56511	28	9339	967	0
113265	28	1060	967	0
14841	28	1002	967	0
76533	28	100	967	0
11922	28	99	967	0
32352	28	330	967	0
87947	28	89	967	0
56487	28	201	967	0
101996	28	348	967	0
10239	28	872	967	0
100981	28	499	967	0
12298	28	694	967	0
10222	28	123	967	0
55565	28	1035	967	0
11990	28	2346	967	0
98641	28	4885	967	0
117907	28	3267	967	0
56538	28	616	967	0
14706	28	1873	967	0
37359	28	18009	967	0
32387	28	1004	967	0
102117	28	12232	967	0
136563	28	129	967	0
56251	28	348	967	0
117981	28	1780	967	0
83005	28	1309	967	0
42280	28	2614	967	0
57362	28	1144	967	0
47794	28	251	967	0
63878	28	554	967	0
20426	28	124	967	0
27609	28	104	967	0
16063	28	3426	967	0
24891	28	39	967	0
15695	28	547	967	0
70673	28	3194	967	0
115023	28	1885	967	0
48628	28	295	967	0
102255	28	404	967	0
26178	28	117	967	0
82945	28	1063	967	0
8421	28	78	967	0
37431	28	455	967	0
36479	28	746	967	0
29377	28	181	967	0
23431	28	228	967	0
11768	28	141	967	0
42864	28	1720	967	0
102099	28	819	967	0
88115	28	5163	967	0
22986	28	975	967	0
20669	28	144	967	0
54791	28	3470	967	0
136764	28	11913	967	0
27098	28	1444	967	0
118196	28	49793	967	0
74412	28	198	967	0
13465	28	383	967	0
118212	28	2710	967	0
10139	28	33	967	0
12803	28	82	967	0
85949	28	703	967	0
88863	28	2464	967	0
96191	28	766	967	0
88872	28	156	967	0
70626	28	2808	967	0
18681	28	3744	967	0
44962	28	4794	967	0
118299	28	2948	967	0
7149	28	1077	967	0
38869	28	360	967	0
82976	28	985	967	0
6230	28	965	967	0
102495	28	492	967	0
66645	28	250	967	0
118312	28	303	967	0
38674	28	915	967	0
113780	28	1333	967	0
88925	28	1277	967	0
21637	28	1199	967	0
88757	28	2291	967	0
12762	28	753	967	0
88949	28	2203	967	0
28948	28	28949	967	0
24793	28	1513	967	0
16346	28	4625	967	0
45131	28	82	967	0
52328	28	253	967	0
102570	28	526	967	0
18810	28	33	967	0
24989	28	1007	967	0
75509	28	1811	967	0
118397	28	39231	967	0
52348	28	1107	967	0
16479	28	725	967	0
89000	28	3793	967	0
25045	28	5669	967	0
45183	28	1179	967	0
66542	28	2151	967	0
159799	28	1975	967	0
45050	28	162	967	0
74106	28	907	967	0
137043	28	1335	967	0
89050	28	8240	967	0
100310	28	3688	967	0
66741	28	2848	967	0
11329	28	1776	967	0
137073	28	837	967	0
24953	28	1572	967	0
77103	28	1690	967	0
29142	28	614	967	0
159860	28	1504	967	0
45063	28	131302	967	0
21849	28	1777	967	0
89107	28	186	967	0
33593	28	96116	967	0
45336	28	3476	967	0
9256	28	175	967	0
45352	28	9131	967	0
12972	28	694	967	0
9266	28	619	967	0
102748	28	1553	967	0
43292	28	3131	967	0
113072	28	1642	967	0
70965	28	802	967	0
61189	28	1345	967	0
11486	28	3246	967	0
83924	28	421	967	0
61266	28	88	967	0
77201	28	1404	967	0
87741	28	449	967	0
52487	28	33	967	0
45251	28	1766	967	0
137197	14	57720	967	0
118669	28	2381	967	0
114344	28	1338	967	0
37195	28	1905	967	0
61085	28	537	967	0
89244	28	4594	967	0
34954	28	252	967	0
11401	28	3243	967	0
66333	28	7535	967	0
102865	28	887	967	0
14655	28	2714	967	0
65025	28	1610	967	0
34034	28	3690	967	0
14659	28	1932	967	0
13065	28	22189	967	0
49068	28	1432	967	0
137274	28	412	967	0
102908	28	1694	967	0
16760	28	98	967	0
77284	28	10512	967	0
14695	28	469	967	0
13101	28	69	967	0
118798	28	16	967	0
45087	28	21912	967	0
45680	28	29	967	0
100556	28	366	967	0
49252	28	1016	967	0
77303	28	726	967	0
73368	28	671	967	0
33913	28	442	967	0
137337	28	564	967	0
89336	28	2456	967	0
22043	28	87	967	0
13028	28	329	967	0
89352	31	137368	967	0
7233	28	1561	967	0
77333	28	3400	967	0
29513	28	839	967	0
61364	28	215	967	0
39077	28	162	967	0
29532	28	2241	967	0
61378	28	467	967	0
7227	28	238	967	0
16723	28	481	967	0
25548	28	3194	967	0
74278	28	2046	967	0
25572	28	2209	967	0
61680	28	988	967	0
61704	28	53126	967	0
66965	28	16410	967	0
97909	28	2880	967	0
53170	28	1011	967	0
77415	28	528	967	0
57865	28	493	967	0
103091	28	509	967	0
77429	28	26254	967	0
39531	28	45697	967	0
29666	28	680	967	0
83220	28	5964	967	0
76762	28	482	967	0
13121	28	1238	967	0
86459	28	357	967	0
19262	28	56	967	0
19270	28	1067	967	0
6734	28	1207	967	0
67031	28	551	967	0
88613	28	4051	967	0
102076	28	1705	967	0
34222	28	1403	967	0
60912	28	1150	967	0
22452	28	2558	967	0
96769	28	4488	967	0
89524	28	1214	967	0
66975	28	882	967	0
137582	28	2943	967	0
34433	28	174	967	0
25779	28	368	967	0
7882	28	1147	967	0
53333	28	276	967	0
57671	28	2710	967	0
72876	28	50064	967	0
34463	28	591	967	0
46050	28	281	967	0
16352	28	250	967	0
137637	28	251	967	0
119130	28	6566	967	0
85746	28	35757	967	0
10471	28	85	967	0
53220	28	1107	967	0
87813	28	36430	967	0
82618	28	2546	967	0
103310	28	2114	967	0
16930	28	833	967	0
45219	28	119	967	0
101623	28	1333	967	0
62163	28	1462	967	0
62607	28	13168	967	0
103345	28	7117	967	0
103365	23	103364	967	0
14952	28	14	967	0
71264	28	1617	967	0
22186	28	58	967	0
61110	28	119	967	0
103402	28	695	967	0
89692	28	1655	967	0
83910	28	17089	967	0
11760	28	1221	967	0
12912	28	3627	967	0
31512	28	513	967	0
17010	28	39954	967	0
119320	28	2408	967	0
76124	28	1105	967	0
17034	28	13288	967	0
18864	28	1160	967	0
62135	28	1228	967	0
65114	28	269	967	0
137874	28	507	967	0
113361	28	2710	967	0
47163	28	923	967	0
6683	28	1105	967	0
116556	28	1483	967	0
119431	28	1577	967	0
30250	28	5963	967	0
103546	28	1556	967	0
19017	28	58	967	0
116396	28	9234	967	0
103574	28	3642	967	0
11825	28	963	967	0
10558	28	260	967	0
103602	28	1885	967	0
53675	28	171	967	0
11853	28	5935	967	0
25061	28	215	967	0
89862	28	1572	967	0
11589	28	40	967	0
85380	28	3337	967	0
17072	28	154	967	0
30367	28	2487	967	0
34993	28	1302	967	0
82366	28	1258	967	0
40458	28	1320	967	0
9116	28	506	967	0
67329	28	77870	967	0
15088	28	1862	967	0
26166	28	450	967	0
18809	28	434	967	0
119659	28	1662	967	0
13421	28	725	967	0
76987	14	37343	967	0
62690	28	492	967	0
57671	28	3075	967	0
19789	28	1432	967	0
22804	28	2436	967	0
103805	28	3845	967	0
119698	23	58138	967	0
89446	28	152	967	0
40564	28	2259	967	0
100752	28	3284	967	0
103345	28	524	967	0
22940	28	222	967	0
54221	28	2204	967	0
103645	28	294	967	0
103864	28	1025	967	0
57476	28	3414	967	0
9069	28	38	967	0
6347	28	80	967	0
58185	28	3194	967	0
84510	28	214	967	0
34772	28	1147	967	0
22318	28	843	967	0
34538	28	963	967	0
36297	28	152	967	0
72341	28	1245	967	0
33353	28	2236	967	0
119846	28	1542	967	0
62887	28	1592	967	0
23027	28	18815	967	0
40773	28	2226	967	0
48037	28	971	967	0
49734	28	293	967	0
26517	28	1529	967	0
73064	28	5964	967	0
7914	28	4577	967	0
98023	28	54490	967	0
104021	28	1468	967	0
119929	28	923	967	0
160993	28	722	967	0
67472	28	991	967	0
72884	28	2795	967	0
40679	28	1199	967	0
9184	28	78	967	0
26445	28	336	967	0
21616	28	1242	967	0
13531	28	621	967	0
30643	28	2663	967	0
14497	28	1697	967	0
119992	28	16	967	0
39337	28	671	967	0
67521	28	1016	967	0
47194	28	3690	967	0
51993	28	937	967	0
58285	28	110	967	0
40294	28	614	967	0
60967	28	2022	967	0
66024	28	4143	967	0
17471	28	941	967	0
30181	28	1288	967	0
65919	28	1804	967	0
23160	28	69	967	0
161105	28	6939	967	0
54455	28	2179	967	0
13063	28	753	967	0
138668	28	50369	967	0
16390	28	2562	967	0
22234	28	7993	967	0
30896	28	523	967	0
49975	28	2912	967	0
47344	28	55	967	0
11504	28	1241	967	0
47361	28	31	967	0
78222	28	8291	967	0
85281	28	1174	967	0
11992	28	152	967	0
90339	28	409	967	0
54812	28	1474	967	0
20165	28	9131	967	0
115699	28	482	967	0
120242	28	1695	967	0
26709	28	1251	967	0
138840	28	1682	967	0
15217	28	117	967	0
12198	28	2851	967	0
54945	28	957	967	0
24712	28	254	967	0
39372	28	410	967	0
45776	16	8	967	0
87865	28	2479	967	0
26888	28	3941	967	0
71248	28	2061	967	0
72763	28	570	967	0
17494	28	215	967	0
54862	28	244	967	0
13665	28	1824	967	0
78381	28	2982	967	0
90509	28	558	967	0
14468	28	672	967	0
35657	28	2108	967	0
19605	28	1785	967	0
78422	28	558	967	0
41395	28	1785	967	0
16710	28	2177	967	0
21918	28	1806	967	0
35537	28	1375	967	0
6613	28	104	967	0
63969	28	1332	967	0
31153	28	355	967	0
86460	28	28327	967	0
8394	28	5525	967	0
139151	28	1218	967	0
98995	28	461	967	0
9533	28	1430	967	0
90644	28	6151	967	0
46961	28	513	967	0
12273	28	4378	967	0
41511	28	1561	967	0
90669	28	930	967	0
60559	28	2174	967	0
41170	28	8559	967	0
78527	28	2096	967	0
39441	28	1221	967	0
75317	28	1155	967	0
35770	28	269	967	0
72274	28	49793	967	0
57686	28	3993	967	0
15553	28	1174	967	0
99029	28	4546	967	0
34759	28	3431	967	0
5419	28	280	967	0
35895	28	30	967	0
25104	28	1027	967	0
139305	28	722	967	0
61048	28	297	967	0
64047	28	598	967	0
27049	28	224	967	0
139333	28	1218	967	0
35806	28	177	967	0
6429	28	1915	967	0
13788	28	80	967	0
83961	28	2241	967	0
41330	28	309	967	0
161699	28	8523	967	0
86108	28	681	967	0
84918	28	1056	967	0
78618	28	726	967	0
17390	28	1618	967	0
90814	28	239	967	0
41568	28	1679	967	0
55376	28	843	967	0
78473	28	3799	967	0
27132	28	27133	967	0
64578	28	673	967	0
86618	28	99	967	0
38848	28	722	967	0
58578	14	3063	967	0
116985	28	718	967	0
31421	28	1145	967	0
120911	14	6176	967	0
23627	28	1983	967	0
104519	28	2160	967	0
74497	28	348	967	0
104873	28	3433	967	0
41783	28	64011	967	0
78341	28	551	967	0
48217	28	328	967	0
5273	28	174	967	0
54355	28	1836	967	0
31464	28	559	967	0
46017	28	79	967	0
120963	28	1012	967	0
88237	28	28367	967	0
64416	28	587	967	0
78726	28	126	967	0
31401	28	4272	967	0
114496	28	39231	967	0
68011	28	215	967	0
90518	28	43756	967	0
17678	28	595	967	0
19860	28	1144	967	0
82827	28	672	967	0
28921	28	4515	967	0
86207	28	3194	967	0
121076	28	1404	967	0
78776	28	551	967	0
36226	28	900	967	0
47950	28	185	967	0
33937	28	4047	967	0
16382	28	213	967	0
32397	28	3649	967	0
62375	28	1178	967	0
19488	28	465	967	0
162048	1	135449	967	0
17458	28	402	967	0
139761	28	551	967	0
77913	28	1210	967	0
52121	28	743	967	0
25815	28	1938	967	0
45425	28	1862	967	0
63209	28	129	967	0
58669	28	8291	967	0
95921	28	3385	967	0
116419	28	1467	967	0
40296	28	67	967	0
28870	28	4403	967	0
119540	28	45	967	0
20132	28	461	967	0
100134	28	26254	967	0
55935	28	1305	967	0
58207	28	28	967	0
98240	28	483	967	0
37415	28	1151	967	0
91133	28	469	967	0
86666	14	5376	967	0
45063	28	5479	967	0
112224	28	486	967	0
10763	28	2179	967	0
71617	28	3199	967	0
67320	28	1024	967	0
121265	28	2701	967	0
121266	28	875	967	0
26411	28	833	967	0
41041	28	114	967	0
113418	28	1098	967	0
121195	28	8826	967	0
105192	28	1664	967	0
15525	28	2075	967	0
78877	28	814	967	0
83912	28	519	967	0
23380	28	1201	967	0
120377	28	835	967	0
17386	28	83	967	0
105232	28	1134	967	0
91208	28	7232	967	0
116988	28	808	967	0
31573	28	616	967	0
89635	28	1462	967	0
65011	28	395	967	0
78919	28	158	967	0
77030	28	949	967	0
140033	28	781	967	0
101032	28	2863	967	0
113767	28	1885	967	0
55521	28	277	967	0
23017	28	2490	967	0
11547	28	103	967	0
7903	28	129	967	0
56029	28	214	967	0
21733	28	239	967	0
105361	28	280	967	0
105363	28	789	967	0
91305	28	1885	967	0
58660	28	1592	967	0
48744	28	1201	967	0
26154	28	2158	967	0
105372	28	1980	967	0
121510	28	1703	967	0
162360	28	8523	967	0
23885	28	32	967	0
68213	28	26141	967	0
75132	28	1759	967	0
35010	28	2614	967	0
13628	28	141	967	0
42194	28	681	967	0
75375	28	1834	967	0
34126	28	605	967	0
13917	28	741	967	0
83454	28	388	967	0
140235	28	671	967	0
79053	28	41356	967	0
105483	28	703	967	0
23913	28	1561	967	0
36722	28	3931	967	0
10697	28	14452	967	0
62496	28	111	967	0
21869	28	370	967	0
73523	28	2104	967	0
48887	28	2947	967	0
72782	28	2136	967	0
20218	28	3744	967	0
22656	28	34289	967	0
73143	28	1467	967	0
20794	28	642	967	0
65261	28	1179	967	0
48204	28	1007	967	0
140357	28	622	967	0
32767	28	743	967	0
102110	28	3834	967	0
140390	28	1577	967	0
56511	28	292	967	0
98595	28	678	967	0
95993	28	482	967	0
121750	28	28128	967	0
31973	28	980	967	0
60703	28	12373	967	0
11943	28	89	967	0
39670	28	286	967	0
49012	28	920	967	0
23977	28	971	967	0
65189	28	27752	967	0
33404	28	882	967	0
96761	28	2196	967	0
105659	28	26359	967	0
25816	28	28	967	0
162650	28	8523	967	0
20562	28	8931	967	0
79192	28	889	967	0
14870	28	1988	967	0
134226	14	5310	967	0
91618	28	717	967	0
100743	28	1012	967	0
55111	28	185	967	0
12226	28	516	967	0
6693	28	16	967	0
105764	28	605	967	0
42589	28	211	967	0
68355	28	1555	967	0
79236	28	872	967	0
91649	28	465	967	0
29988	28	1806	967	0
12424	28	1824	967	0
140653	28	540	967	0
67262	28	107	967	0
49042	28	753	967	0
29492	28	1613	967	0
10440	28	58	967	0
105826	28	1316	967	0
20352	28	2959	967	0
12368	28	1918	967	0
40466	28	1598	967	0
42664	28	1370	967	0
77505	28	357	967	0
87112	28	2798	967	0
41445	28	1811	967	0
34936	28	964	967	0
105899	28	2608	967	0
14698	28	19	967	0
10286	31	137368	967	0
24040	28	1811	967	0
15968	28	2816	967	0
42147	28	766	967	0
140851	28	4757	967	0
91786	28	1850	967	0
22111	28	2489	967	0
64010	28	1190	967	0
88010	28	1368	967	0
48834	28	1727	967	0
105977	28	2923	967	0
29938	28	19	967	0
66741	28	3446	967	0
10563	28	42	967	0
68449	28	542	967	0
25763	28	1077	967	0
31483	28	548	967	0
39545	28	401	967	0
37037	28	2190	967	0
25680	28	1898	967	0
138030	28	1132	967	0
17876	28	188	967	0
27210	28	179	967	0
27621	28	3896	967	0
117809	28	621	967	0
15357	28	363	967	0
29597	28	635	967	0
47438	28	2240	967	0
65516	28	133	967	0
9132	28	80	967	0
57003	28	214	967	0
68469	28	3230	967	0
49393	28	693	967	0
76231	28	185	967	0
62632	28	1211	967	0
23903	28	41	967	0
20975	28	55	967	0
58814	28	1294	967	0
122284	28	2278	967	0
7147	28	28	967	0
19768	28	818	967	0
122294	28	818	967	0
98362	28	351	967	0
57993	14	2964	967	0
91890	28	1455	967	0
122299	28	3688	967	0
36422	28	387	967	0
88167	28	1536	967	0
11370	28	415	967	0
16865	28	1446	967	0
17002	28	3990	967	0
36233	28	1545	967	0
79465	28	477	967	0
55598	28	234	967	0
21125	28	149	967	0
52217	28	408	967	0
32295	28	8064	967	0
11375	28	3470	967	0
89002	28	2604	967	0
37252	28	523	967	0
42889	28	398	967	0
92017	28	42	967	0
106267	28	890	967	0
90214	28	5047	967	0
96891	28	68178	967	0
20141	28	58	967	0
113348	28	2551	967	0
84888	28	1399	967	0
122542	28	95985	967	0
13379	28	965	967	0
106299	28	416	967	0
36333	28	1251	967	0
39044	28	1190	967	0
79555	28	16342	967	0
88337	28	692	967	0
19772	28	6848	967	0
87497	28	483	967	0
79567	28	1265	967	0
115739	28	1007	967	0
9132	28	78	967	0
37271	28	5964	967	0
30108	28	516	967	0
49546	28	789	967	0
88397	28	124	967	0
35870	28	632	967	0
11920	28	881	967	0
27480	28	223	967	0
31007	28	662	967	0
62402	28	132	967	0
8847	28	1801	967	0
21886	28	409	967	0
32399	28	6346	967	0
37325	28	1221	967	0
106399	28	1150	967	0
17645	28	1481	967	0
21238	28	1151	967	0
84521	16	59094	967	0
74255	28	15275	967	0
106408	28	848	967	0
71717	28	1705	967	0
8800	28	627	967	0
24202	28	2190	967	0
37354	28	1523	967	0
10726	28	501	967	0
54352	14	854	967	0
113245	14	28294	967	0
106488	28	2949	967	0
37457	28	756	967	0
32454	28	496	967	0
75903	28	1186	967	0
31830	28	1760	967	0
17282	28	1484	967	0
32045	28	1513	967	0
12624	28	52023	967	0
120618	28	2798	967	0
84762	28	12452	967	0
25512	28	142	967	0
85438	28	795	967	0
122840	28	1010	967	0
37822	28	674	967	0
92230	28	546	967	0
163631	28	1174	967	0
87120	28	2490	967	0
104258	28	1980	967	0
24233	28	1457	967	0
17335	28	64	967	0
99081	28	4386	967	0
43162	28	268	967	0
32444	28	384	967	0
64410	28	707	967	0
106598	28	1632	967	0
92266	28	510	967	0
62824	28	1141	967	0
32706	28	2302	967	0
74915	28	160	967	0
22938	28	2364	967	0
19183	28	61	967	0
163742	28	245	967	0
102072	28	1404	967	0
13225	28	8112	967	0
50546	28	76	967	0
77506	28	1740	967	0
92101	14	30867	967	0
92324	28	26303	967	0
91811	28	2561	967	0
78040	28	6459	967	0
59201	28	4750	967	0
103676	28	869	967	0
106708	28	41	967	0
45259	28	11092	967	0
55114	28	523	967	0
141907	28	52269	967	0
106723	28	215	967	0
141917	28	2793	967	0
65640	28	177	967	0
24449	28	2724	967	0
60973	28	470	967	0
67251	28	2795	967	0
59221	28	1151	967	0
10751	28	1180	967	0
47245	28	1909	967	0
17320	28	1474	967	0
123094	28	678	967	0
79875	23	59082	967	0
82368	28	1582	967	0
10486	28	43756	967	0
49359	28	1980	967	0
40253	28	760	967	0
106783	28	499	967	0
32573	28	1228	967	0
17539	28	1423	967	0
70472	28	3661	967	0
56284	28	4831	967	0
92424	28	1980	967	0
20243	28	1146	967	0
31792	28	591	967	0
18684	28	1312	967	0
28512	28	893	967	0
49973	28	1803	967	0
28519	28	39	967	0
48495	28	1633	967	0
46668	28	850	967	0
13154	28	109	967	0
79943	28	1173	967	0
116779	28	740	967	0
121790	28	3084	967	0
58205	14	1491	967	0
134151	28	2576	967	0
113013	28	1810	967	0
87741	28	232	967	0
103546	28	30141	967	0
36856	28	2190	967	0
88459	28	4117	967	0
11693	28	2553	967	0
45484	28	1107	967	0
106904	28	321	967	0
12290	28	3316	967	0
89516	28	908	967	0
86235	28	392	967	0
68215	28	2045	967	0
20721	28	216	967	0
52576	28	331	967	0
123266	28	1214	967	0
92507	28	39	967	0
21688	28	166	967	0
103171	28	455	967	0
33522	28	942	967	0
21107	28	132	967	0
33517	28	4947	967	0
23787	28	123	967	0
74981	28	1600	967	0
9289	28	4337	967	0
80021	28	282	967	0
15195	28	908	967	0
13899	28	369	967	0
12097	28	6542	967	0
24049	28	104	967	0
105422	28	1238	967	0
83853	28	1275	967	0
66795	28	8318	967	0
164138	28	1562	967	0
13729	28	756	967	0
51139	28	1423	967	0
17294	28	78	967	0
15752	28	5372	967	0
10898	28	515	967	0
16505	28	74	967	0
20434	28	1230	967	0
7835	28	8368	967	0
14252	28	159	967	0
63641	28	3870	967	0
100892	28	254	967	0
38163	28	54	967	0
16489	28	56	967	0
30471	28	842	967	0
11213	28	403	967	0
18436	28	166	967	0
123449	28	4139	967	0
83433	28	2182	967	0
84564	28	64	967	0
16361	28	147	967	0
12031	28	757	967	0
24106	28	32	967	0
21911	28	11128	967	0
55956	28	1526	967	0
32959	28	2411	967	0
104654	28	1460	967	0
107118	28	357	967	0
5470	28	275	967	0
40140	28	7161	967	0
107129	28	607	967	0
92658	28	5549	967	0
78328	28	32943	967	0
18597	28	608	967	0
123529	28	195	967	0
83924	28	465	967	0
98682	28	954	967	0
19372	28	4643	967	0
107165	28	110	967	0
24535	28	2623	967	0
84055	28	595	967	0
56255	28	1924	967	0
29285	28	42	967	0
61406	28	263	967	0
92219	28	11144	967	0
75385	28	69039	967	0
28585	28	2082	967	0
22303	28	1572	967	0
142503	28	2288	967	0
42614	28	745	967	0
13386	28	17824	967	0
59432	28	46	967	0
92715	28	622	967	0
28929	28	41412	967	0
97638	28	1728	967	0
11859	28	842	967	0
58535	28	514	967	0
35901	28	31207	967	0
31119	14	5700	967	0
123624	14	32620	967	0
72309	28	2046	967	0
48913	28	21499	967	0
22326	28	514	967	0
17693	14	4266	967	0
89948	28	1644	967	0
56255	28	166	967	0
79271	28	570	967	0
19398	28	1036	967	0
24553	28	202	967	0
69038	28	1613	967	0
48334	28	231	967	0
12532	28	1402	967	0
48071	28	2364	967	0
42312	28	548	967	0
10684	28	971	967	0
80266	28	4117	967	0
92817	28	2798	967	0
32767	28	160	967	0
107345	28	1551	967	0
106589	28	3914	967	0
65901	28	1280	967	0
63036	28	617	967	0
7982	28	882	967	0
123753	28	1161	967	0
87733	28	1542	967	0
38224	28	1351	967	0
31436	28	2968	967	0
47652	28	1345	967	0
14882	28	2655	967	0
90693	28	1294	967	0
105324	28	5047	967	0
28993	28	1542	967	0
19506	28	16	967	0
29956	28	548	967	0
112091	28	926	967	0
52257	28	5059	967	0
10742	28	1720	967	0
116894	28	142	967	0
42246	28	2807	967	0
57527	28	3246	967	0
48418	28	395	967	0
25901	28	829	967	0
12411	28	9047	967	0
37014	28	1146	967	0
44258	28	36	967	0
84472	28	3435	967	0
8054	28	178	967	0
51253	28	843	967	0
38257	28	371	967	0
102076	28	26141	967	0
97312	28	348	967	0
52458	28	2614	967	0
87483	28	1740	967	0
20435	28	431	967	0
14159	28	166	967	0
65656	28	5124	967	0
45841	28	1462	967	0
51134	28	3446	967	0
59569	28	1061	967	0
14583	28	122	967	0
12364	28	156	967	0
10846	28	1402	967	0
18463	28	437	967	0
123966	28	524	967	0
22841	28	2148	967	0
105922	28	7043	967	0
142999	28	970	967	0
114680	28	202	967	0
26218	28	168	967	0
18465	28	55	967	0
22614	28	37	967	0
86634	28	570	967	0
74270	28	2140	967	0
22451	28	1641	967	0
44982	28	147	967	0
18023	28	162	967	0
100119	28	14426	967	0
77303	28	875	967	0
136423	28	2041	967	0
64762	28	1432	967	0
143101	28	1632	967	0
9873	28	1565	967	0
93020	28	509	967	0
16389	28	2198	967	0
26399	28	277	967	0
112805	28	509	967	0
17984	28	1785	967	0
84834	28	696	967	0
60642	28	617	967	0
58824	28	1618	967	0
24848	28	43	967	0
26573	28	1776	967	0
136061	28	400	967	0
63931	28	506	967	0
68804	28	2740	967	0
86710	28	925	967	0
37195	28	177	967	0
56227	28	574	967	0
33068	28	2198	967	0
19043	28	498	967	0
67354	28	180	967	0
49410	28	104	967	0
32268	28	43914	967	0
69314	28	1765	967	0
59217	28	380	967	0
22785	28	869	967	0
24701	28	3226	967	0
67500	28	32	967	0
75831	28	2477	967	0
143251	28	2822	967	0
143256	28	1263	967	0
33077	28	1033	967	0
11488	28	72	967	0
29926	28	1151	967	0
22390	28	1466	967	0
50499	28	6542	967	0
66891	28	78890	967	0
25614	28	1171	967	0
124222	28	1442	967	0
165098	28	2086	967	0
12070	28	48	967	0
76426	28	4577	967	0
124244	28	2589	967	0
9990	28	441	967	0
86106	28	106	967	0
112995	28	1016	967	0
75309	28	526	967	0
5827	28	40	967	0
92612	28	1131	967	0
34586	28	3788	967	0
31552	28	5124	967	0
9050	28	1915	967	0
55709	28	191	967	0
93194	28	2240	967	0
12842	28	145	967	0
76189	28	2697	967	0
107865	28	1677	967	0
44353	28	292	967	0
62083	28	1316	967	0
103216	28	1421	967	0
68954	28	2490	967	0
25830	28	2311	967	0
93209	28	482	967	0
20764	28	71	967	0
36787	28	1583	967	0
12341	28	152	967	0
12240	28	881	967	0
32101	28	1975	967	0
11763	28	329	967	0
19786	28	413	967	0
113815	28	1876	967	0
89524	28	504	967	0
22567	28	293	967	0
104623	28	892	967	0
119582	28	1740	967	0
15725	28	242	967	0
96696	28	1333	967	0
21544	28	31	967	0
26829	28	2320	967	0
18938	28	8318	967	0
72814	28	1677	967	0
84133	28	509	967	0
89212	28	7043	967	0
69417	28	18069	967	0
28958	28	1747	967	0
21183	28	532	967	0
79042	28	977	967	0
48557	28	27	967	0
15341	28	41	967	0
41491	28	3027	967	0
124475	28	499	967	0
84320	28	3744	967	0
16489	28	269	967	0
80624	28	609	967	0
143615	28	1728	967	0
38321	28	2699	967	0
89355	28	848	967	0
20615	28	1124	967	0
104208	28	7190	967	0
106728	28	2257	967	0
77026	28	605	967	0
96258	28	1497	967	0
34138	28	840	967	0
39644	28	1077	967	0
40129	28	286	967	0
124583	28	3131	967	0
40910	28	3426	967	0
28551	28	145	967	0
124182	28	648	967	0
16430	28	83	967	0
61999	14	2926	967	0
93386	28	273	967	0
14724	28	643	967	0
7457	28	37	967	0
15316	28	630	967	0
59294	28	509	967	0
124627	28	1541	967	0
15878	28	1094	967	0
78433	28	2151	967	0
13824	28	423	967	0
14033	28	13847	967	0
17984	28	2994	967	0
24562	28	17089	967	0
17909	28	109	967	0
116719	28	171	967	0
31013	28	4375	967	0
59236	28	1364	967	0
101647	28	8318	967	0
77852	28	1898	967	0
44412	28	310	967	0
124679	28	1980	967	0
124681	28	7113	967	0
42886	28	1239	967	0
165643	28	1002	967	0
54812	28	3507	967	0
80739	28	1050	967	0
16368	28	196	967	0
16480	28	6557	967	0
143871	28	360	967	0
117616	28	792	967	0
57758	28	42	967	0
23164	28	2343	967	0
7976	28	14	967	0
22887	23	143906	967	0
108180	16	6623	967	0
12696	28	67664	967	0
14701	28	3139	967	0
80530	28	526	967	0
80570	28	2408	967	0
98644	28	1296	967	0
16333	28	572	967	0
65095	28	571	967	0
18436	28	126	967	0
9950	28	433	967	0
10111	28	881	967	0
65243	28	3824	967	0
80788	28	31207	967	0
11837	28	923	967	0
59518	28	1720	967	0
123755	28	3507	967	0
28016	28	954	967	0
66286	28	787	967	0
108168	28	887	967	0
22714	28	1513	967	0
59636	28	348	967	0
28740	28	155	967	0
144022	28	467	967	0
87145	28	1835	967	0
34357	28	155	967	0
59035	28	2291	967	0
40925	28	675	967	0
117145	28	416	967	0
31141	28	1138	967	0
29358	28	166	967	0
35427	28	607	967	0
20678	28	7345	967	0
144053	28	2233	967	0
140083	28	2139	967	0
106007	28	4678	967	0
103512	28	1340	967	0
19119	28	1875	967	0
12292	28	58	967	0
74609	28	2366	967	0
117528	28	7113	967	0
144113	28	355	967	0
87897	28	14109	967	0
89244	28	3834	967	0
58617	28	2875	967	0
66492	28	1119	967	0
38395	28	397	967	0
93621	28	1123	967	0
70944	28	42838	967	0
80856	28	2943	967	0
64523	28	850	967	0
96684	28	707	967	0
80582	28	608	967	0
93634	28	1048	967	0
76431	28	2277	967	0
79791	28	210	967	0
92281	28	2614	967	0
92148	28	47675	967	0
69614	28	526	967	0
31422	28	250	967	0
61296	28	841	967	0
25301	28	1837	967	0
41282	23	15493	967	0
15493	23	41282	967	0
18378	28	2316	967	0
74535	28	3027	967	0
50109	28	91364	967	0
125107	28	2050	967	0
31343	28	1675	967	0
80899	28	115345	967	0
86410	28	1484	967	0
77306	28	219	967	0
166150	14	9461	967	0
11180	28	595	967	0
23403	28	969	967	0
93700	28	948	967	0
35969	28	1552	967	0
15883	28	1320	967	0
58278	28	11378	967	0
18435	28	510	967	0
59915	28	931	967	0
23851	28	1522	967	0
31623	28	37	967	0
125145	28	3243	967	0
115437	28	4103	967	0
27219	28	43	967	0
14775	28	239	967	0
24590	28	58	967	0
20940	28	1828	967	0
86648	28	37	967	0
69253	28	250	967	0
108481	28	24131	967	0
68336	28	1983	967	0
86595	28	1048	967	0
166231	28	492	967	0
27210	28	900	967	0
51603	28	2710	967	0
125192	28	740	967	0
42626	28	177	967	0
84278	23	144410	967	0
144410	23	84278	967	0
56919	28	1462	967	0
28769	28	1160	967	0
54160	28	1091	967	0
26732	28	855	967	0
72249	28	334	967	0
47906	28	1321	967	0
18738	28	936	967	0
38395	28	387	967	0
22065	28	227	967	0
97025	28	6939	967	0
52768	28	4947	967	0
19067	28	109	967	0
10602	28	52	967	0
80806	28	2178	967	0
13830	28	1047	967	0
99558	28	205	967	0
32805	28	486	967	0
56511	28	795	967	0
144516	28	232	967	0
64855	28	1172	967	0
12940	28	1383	967	0
39331	28	2280	967	0
86656	28	118	967	0
85467	28	2320	967	0
38134	28	2822	967	0
125313	28	703	967	0
102246	28	509	967	0
23038	28	1555	967	0
44510	28	507	967	0
93807	28	963	967	0
88045	28	72	967	0
166389	28	616	967	0
123436	28	2041	967	0
46703	28	2205	967	0
19571	28	1390	967	0
74894	28	1144	967	0
108593	28	1535	967	0
89291	28	6935	967	0
135571	28	976	967	0
83950	28	1123	967	0
41515	28	16	967	0
67047	28	1234	967	0
25581	28	371	967	0
81003	28	3824	967	0
166476	1	166477	967	0
38289	28	8790	967	0
10067	28	103	967	0
83105	28	750	967	0
46026	28	653	967	0
37263	28	969	967	0
56972	28	91	967	0
24158	28	46	967	0
32284	28	3726	967	0
29342	28	24485	967	0
116249	28	27880	967	0
20332	23	108673	967	0
15346	28	7098	967	0
67400	28	1862	967	0
88142	28	799	967	0
142247	28	12373	967	0
98164	28	1759	967	0
16723	28	661	967	0
12573	28	4059	967	0
38947	28	1118	967	0
71362	14	4662	967	0
84883	28	630	967	0
38118	28	328	967	0
69743	28	1149	967	0
22770	28	9047	967	0
62354	28	1346	967	0
23654	28	65	967	0
57257	28	669	967	0
85143	28	104	967	0
81057	28	624	967	0
42467	28	27	967	0
106978	28	622	967	0
34584	28	646	967	0
125559	28	2608	967	0
82471	28	1251	967	0
67741	28	39517	967	0
27452	28	273	967	0
61784	28	1547	967	0
17322	28	653	967	0
66653	28	694	967	0
75442	28	1610	967	0
86623	28	3213	967	0
125595	28	1132	967	0
19674	28	1389	967	0
166728	28	4458	967	0
51379	28	50064	967	0
50514	28	103	967	0
125610	28	1568	967	0
44360	28	2020	967	0
25866	28	501	967	0
36269	28	437	967	0
43743	28	248	967	0
144948	28	3193	967	0
51671	28	211	967	0
59267	28	288	967	0
16391	28	2752	967	0
16646	28	803	967	0
53810	28	210	967	0
88127	28	320	967	0
17419	28	158	967	0
59221	28	620	967	0
93294	28	67	967	0
98898	28	277	967	0
7599	28	504	967	0
104303	28	2807	967	0
7639	28	1500	967	0
14626	28	238	967	0
27146	28	304	967	0
62033	28	1408	967	0
30004	28	852	967	0
108084	28	363	967	0
106299	28	52	967	0
98437	28	1018	967	0
14303	28	616	967	0
125757	28	3872	967	0
7278	28	794	967	0
17734	28	12557	967	0
13685	28	1242	967	0
113570	28	839	967	0
51455	28	511	967	0
166970	16	8	967	0
41951	28	558	967	0
89516	28	532	967	0
108948	28	949	967	0
104100	28	1859	967	0
7028	28	1432	967	0
125812	28	1975	967	0
49623	28	69	967	0
8581	28	1794	967	0
81186	28	936	967	0
43524	28	492	967	0
92345	28	3058	967	0
25171	28	124	967	0
11666	28	1139	967	0
17364	28	413	967	0
114722	28	39231	967	0
29164	28	8826	967	0
119674	28	418	967	0
17421	28	1541	967	0
19013	28	277	967	0
69172	28	260	967	0
75515	28	273	967	0
29164	28	712	967	0
27475	28	361	967	0
92953	28	290	967	0
73148	28	908	967	0
45952	28	882	967	0
94139	28	676	967	0
69027	28	877	967	0
92017	28	111	967	0
105251	28	7161	967	0
14125	28	6227	967	0
120772	14	5305	967	0
25897	28	484	967	0
24531	28	1710	967	0
55893	28	1277	967	0
145362	23	145363	967	0
35639	28	1949	967	0
33725	28	272	967	0
33113	28	1243	967	0
51722	28	1141	967	0
167222	28	1228	967	0
20870	28	2394	967	0
40818	28	427	967	0
145396	28	1741	967	0
92593	28	261	967	0
143655	28	756	967	0
125960	28	10599	967	0
109090	28	2822	967	0
37783	28	1531	967	0
69286	28	1570	967	0
125977	28	678	967	0
15135	28	1507	967	0
63561	28	1032	967	0
28569	28	2165	967	0
94200	28	371	967	0
20037	28	29	967	0
116428	28	5089	967	0
28570	28	627	967	0
88812	28	1581	967	0
23403	28	1110	967	0
106608	28	1777	967	0
142999	28	245	967	0
44149	28	83	967	0
60765	28	178	967	0
10917	28	1165	967	0
83870	28	119	967	0
83622	28	911	967	0
16498	28	881	967	0
25349	28	469	967	0
114054	28	574	967	0
23441	28	2326	967	0
79600	28	1834	967	0
76638	28	957	967	0
70515	28	836	967	0
76595	28	244	967	0
10715	28	1055	967	0
57193	28	1628	967	0
60158	28	235	967	0
27726	28	574	967	0
8405	28	11769	967	0
24626	28	421	967	0
122578	28	7218	967	0
66050	28	35807	967	0
123082	28	481	967	0
167510	14	3473	967	0
93892	28	415	967	0
60167	28	471	967	0
34085	28	42212	967	0
91898	28	14396	967	0
10001	28	1766	967	0
14226	28	408	967	0
91852	28	1961	967	0
36477	28	1338	967	0
98460	28	2829	967	0
145669	28	2694	967	0
32706	28	912	967	0
104525	28	21552	967	0
145681	28	1009	967	0
118949	28	129	967	0
106497	28	449	967	0
126196	28	99	967	0
109285	28	3985	967	0
71398	28	272	967	0
102852	28	608	967	0
64151	28	471	967	0
10024	28	454	967	0
96028	28	2503	967	0
28365	28	42	967	0
94330	28	119	967	0
12261	28	547	967	0
41917	28	836	967	0
77350	28	507	967	0
75993	28	1008	967	0
45957	28	4756	967	0
106780	28	2152	967	0
17880	28	392	967	0
56717	28	3971	967	0
116271	28	255	967	0
33892	28	119	967	0
126180	28	3047	967	0
39523	28	1937	967	0
35329	28	756	967	0
79785	28	1145	967	0
109332	28	1177	967	0
81373	28	1204	967	0
69743	28	2627	967	0
102324	28	2052	967	0
31374	28	48	967	0
13742	28	26254	967	0
76053	28	1980	967	0
67676	28	580	967	0
20105	28	693	967	0
59167	28	15212	967	0
109272	28	1934	967	0
31487	28	832	967	0
145841	28	1477	967	0
24400	28	970	967	0
54980	28	3194	967	0
145861	28	2464	967	0
109363	28	32943	967	0
59225	28	325	967	0
32886	28	260	967	0
56559	28	5980	967	0
18408	28	95	967	0
24458	28	2024	967	0
109378	28	1070	967	0
75612	28	1364	967	0
13485	28	1446	967	0
167841	28	273	967	0
167846	28	1179	967	0
78938	28	3975	967	0
39053	28	1390	967	0
76345	28	483	967	0
27830	28	1230	967	0
20657	28	277	967	0
10008	23	126397	967	0
126397	23	10008	967	0
51024	28	27	967	0
54694	28	680	967	0
82478	28	118744	967	0
23762	28	76	967	0
106723	28	78	967	0
48123	28	1023	967	0
51070	28	889	967	0
145983	28	80634	967	0
18420	28	573	967	0
31075	28	602	967	0
32905	28	1581	967	0
12674	28	741	967	0
76115	28	1909	967	0
39699	28	778	967	0
50047	28	909	967	0
44053	28	510	967	0
42686	28	263	967	0
22824	28	99	967	0
109466	28	1553	967	0
28508	28	421	967	0
43854	28	19934	967	0
15304	28	257	967	0
73927	28	42240	967	0
50591	28	170	967	0
28538	28	743	967	0
49961	28	160	967	0
29288	28	4180	967	0
106114	28	992	967	0
64554	28	1332	967	0
68931	28	850	967	0
89187	28	13881	967	0
109409	28	14347	967	0
109504	28	2949	967	0
17465	28	334	967	0
126558	28	484	967	0
96186	28	1776	967	0
64233	28	3132	967	0
61791	28	558	967	0
19043	28	909	967	0
44102	28	1093	967	0
21197	28	784	967	0
46470	28	9131	967	0
16851	28	1915	967	0
146199	28	4234	967	0
94508	28	1642	967	0
14062	28	586	967	0
146207	28	5275	967	0
46055	28	829	967	0
58765	28	32033	967	0
90017	28	283	967	0
7447	28	598	967	0
16209	28	1684	967	0
104945	28	1078	967	0
17830	28	368	967	0
24998	28	205	967	0
39031	28	45	967	0
23663	28	310	967	0
26378	28	435	967	0
75385	28	1499	967	0
14553	28	5765	967	0
31351	28	787	967	0
146268	28	570	967	0
36158	28	669	967	0
68968	28	903	967	0
8973	28	47	967	0
10661	28	4474	967	0
43022	28	842	967	0
41872	28	672	967	0
30884	28	232	967	0
22126	28	710	967	0
146311	28	6367	967	0
68441	28	3503	967	0
22776	28	245	967	0
57215	28	3824	967	0
58285	28	142	967	0
117516	28	1117	967	0
93407	28	4509	967	0
100694	28	1873	967	0
94000	28	4234	967	0
16128	28	715	967	0
30988	28	2558	967	0
17949	28	527	967	0
85892	28	5964	967	0
104933	28	2967	967	0
39850	28	432	967	0
168367	28	8523	967	0
124282	28	1305	967	0
73823	28	5860	967	0
24153	28	616	967	0
104720	28	294	967	0
146370	28	1028	967	0
92146	28	6143	967	0
54768	28	213	967	0
35356	28	2261	967	0
63650	28	6225	967	0
9123	28	122	967	0
46128	28	2054	967	0
21485	28	1759	967	0
74849	28	50369	967	0
94572	28	2088	967	0
168420	14	3473	967	0
131737	28	956	967	0
146199	28	1709	967	0
22923	28	13198	967	0
123154	28	2485	967	0
26993	28	4378	967	0
15745	28	560	967	0
17906	28	53	967	0
29279	28	1161	967	0
56104	28	1170	967	0
69914	28	71	967	0
69097	28	1056	967	0
12273	28	1623	967	0
58979	28	434	967	0
4768	28	43309	967	0
32990	28	24	967	0
139220	28	2131	967	0
50537	28	2945	967	0
59403	28	427	967	0
55976	28	596	967	0
84757	28	61154	967	0
51221	28	9131	967	0
12972	28	920	967	0
145394	28	1292	967	0
16305	28	1309	967	0
42016	28	548	967	0
20196	28	8318	967	0
78714	28	432	967	0
31802	28	878	967	0
15222	28	1576	967	0
83484	28	483	967	0
99519	28	1720	967	0
22521	28	1158	967	0
56668	28	4947	967	0
75867	28	2412	967	0
34520	28	694	967	0
64259	28	69039	967	0
20573	28	3544	967	0
84355	28	640	967	0
8916	28	620	967	0
44248	28	1766	967	0
100012	28	605	967	0
11001	28	248	967	0
17585	28	69	967	0
123743	28	607	967	0
107348	28	2241	967	0
18439	28	1572	967	0
22135	28	1993	967	0
99272	28	973	967	0
146625	28	3671	967	0
5141	14	15388	967	0
69195	28	931	967	0
33037	28	68	967	0
18396	28	515	967	0
109735	28	988	967	0
43261	28	795	967	0
32242	28	1692	967	0
83240	28	1222	967	0
126948	28	2007	967	0
109525	28	917	967	0
146676	28	809	967	0
32416	28	1720	967	0
44073	28	1417	967	0
16231	28	178	967	0
17968	28	503	967	0
80411	28	1270	967	0
11049	28	152	967	0
78630	28	622	967	0
33058	28	206	967	0
109791	28	2162	967	0
21762	28	2533	967	0
99141	28	13818	967	0
8008	28	704	967	0
12564	28	1178	967	0
6987	28	1056	967	0
146772	28	2838	967	0
127014	28	1512	967	0
29867	28	716	967	0
59066	23	12597	967	0
92018	28	860	967	0
45349	28	972	967	0
36190	28	140	967	0
38271	28	1053	967	0
61087	28	570	967	0
92608	28	1282	967	0
64967	28	1016	967	0
15251	28	505	967	0
115363	28	1193	967	0
93211	28	3414	967	0
98801	28	266	967	0
35011	28	417	967	0
88484	28	866	967	0
109406	28	1887	967	0
21762	28	52760	967	0
33067	28	1288	967	0
27362	28	87	967	0
77429	28	41412	967	0
80484	28	1632	967	0
73101	28	7895	967	0
37312	28	1166	967	0
78041	28	1481	967	0
15790	28	146	967	0
107736	28	1000	967	0
64634	28	12484	967	0
43549	28	922	967	0
9159	28	769	967	0
79455	28	1022	967	0
33574	28	245	967	0
87005	28	757	967	0
68552	28	1481	967	0
94024	28	3194	967	0
83617	28	829	967	0
17944	28	18357	967	0
134933	28	153	967	0
55354	28	1286	967	0
22336	28	1829	967	0
35130	28	621	967	0
12835	28	1924	967	0
81315	28	71	967	0
5780	28	199	967	0
25301	28	1332	967	0
91786	28	462	967	0
31840	28	377	967	0
29115	28	48	967	0
7416	28	7151	967	0
75214	28	4233	967	0
35187	28	68	967	0
39545	28	41	967	0
14918	28	158	967	0
80106	28	526	967	0
20567	28	184	967	0
18432	28	695	967	0
74850	28	43	967	0
105232	28	282	967	0
16574	16	112281	967	0
13962	28	98	967	0
10345	28	1306	967	0
102195	28	1075	967	0
127222	28	169256	967	0
87589	28	7437	967	0
94775	28	1410	967	0
100310	28	1577	967	0
109993	28	1738	967	0
18881	28	252	967	0
147112	28	2834	967	0
118245	28	12348	967	0
23627	28	1594	967	0
56664	28	532	967	0
92333	28	42315	967	0
108518	28	2604	967	0
82740	28	596	967	0
14210	28	28	967	0
81241	28	8108	967	0
19361	28	52	967	0
25980	28	85	967	0
23020	28	421	967	0
49289	28	5767	967	0
99740	28	58496	967	0
107723	28	28327	967	0
43885	28	1005	967	0
106020	28	3366	967	0
63340	28	1306	967	0
18221	28	2702	967	0
22840	28	345	967	0
88852	28	35938	967	0
32332	28	1161	967	0
110046	28	1710	967	0
169457	28	2236	967	0
59759	28	2257	967	0
49022	28	1171	967	0
68715	28	1389	967	0
118672	28	2264	967	0
97244	28	216	967	0
77643	23	102768	967	0
102768	23	77643	967	0
41303	28	1018	967	0
90518	28	8931	967	0
16851	28	2678	967	0
39999	28	975	967	0
25828	28	502	967	0
34294	28	2228	967	0
123606	28	49793	967	0
38372	28	3268	967	0
26851	28	51255	967	0
65344	28	3967	967	0
53089	28	1474	967	0
33112	28	12891	967	0
33113	28	1088	967	0
29177	28	598	967	0
107105	28	1456	967	0
107287	28	2809	967	0
12288	28	4987	967	0
21529	28	909	967	0
117964	28	255	967	0
15835	28	2479	967	0
28225	28	3226	967	0
34841	28	2096	967	0
147365	28	275	967	0
21526	28	100	967	0
49994	28	828	967	0
127445	28	1410	967	0
93457	28	273	967	0
100105	28	1885	967	0
8673	28	178	967	0
74993	28	281	967	0
127470	28	2480	967	0
78690	28	39517	967	0
22654	28	9339	967	0
18418	28	27	967	0
88925	28	857	967	0
56932	28	2160	967	0
17624	28	387	967	0
48421	28	38	967	0
13998	28	1710	967	0
63697	28	1332	967	0
23977	28	215	967	0
73665	28	1635	967	0
127511	28	2602	967	0
27772	28	256	967	0
61913	28	42	967	0
42271	28	501	967	0
62549	28	1793	967	0
30610	28	8868	967	0
20171	28	979	967	0
75709	28	37426	967	0
88568	28	1442	967	0
21743	28	583	967	0
94890	28	551	967	0
127548	28	722	967	0
132070	28	1527	967	0
77850	28	992	967	0
109783	28	1351	967	0
14411	28	273	967	0
80756	28	1091	967	0
110186	28	1096	967	0
41735	28	586	967	0
27408	28	442	967	0
38887	28	1011	967	0
121324	28	10376	967	0
169903	28	2694	967	0
12779	28	13328	967	0
147498	28	3058	967	0
26993	28	1536	967	0
7057	28	1253	967	0
67535	28	42	967	0
147603	28	1404	967	0
19810	28	3426	967	0
26102	28	2728	967	0
86083	28	649	967	0
38098	28	1709	967	0
50576	28	506	967	0
126539	28	295	967	0
35594	28	434	967	0
125710	28	1536	967	0
109704	28	1404	967	0
18791	28	71355	967	0
93534	28	1177	967	0
28491	28	8318	967	0
56550	28	2204	967	0
74013	28	240	967	0
9019	28	328	967	0
23133	28	2190	967	0
20706	28	1932	967	0
34138	28	1030	967	0
36479	28	1358	967	0
85994	28	24485	967	0
14550	28	152	967	0
84180	28	50	967	0
100004	28	732	967	0
93618	28	193	967	0
105461	28	114	967	0
112339	28	848	967	0
116901	28	2050	967	0
92398	28	1149	967	0
142887	28	1623	967	0
91794	28	715	967	0
48913	28	956	967	0
83921	28	28731	967	0
103774	28	2078	967	0
103332	28	30463	967	0
80838	28	2165	967	0
17542	28	1180	967	0
68871	28	3212	967	0
48989	28	69	967	0
59902	28	136	967	0
45705	28	1399	967	0
92148	28	852	967	0
27833	28	1424	967	0
88789	14	147417	967	0
63402	28	619	967	0
60944	28	215	967	0
38747	28	7534	967	0
50932	28	52517	967	0
94952	28	259	967	0
35534	28	1693	967	0
16171	28	311	967	0
28759	28	2177	967	0
142766	28	4676	967	0
11381	28	1937	967	0
23058	28	108392	967	0
82383	28	925	967	0
59893	28	293	967	0
9057	28	1710	967	0
107065	28	707	967	0
70690	28	1338	967	0
29801	28	493	967	0
42507	28	34	967	0
22692	28	99	967	0
11045	28	2082	967	0
50532	14	1746	967	0
79539	28	2577	967	0
75656	28	1423	967	0
50577	28	53641	967	0
32147	28	1654	967	0
8224	28	505	967	0
59914	28	551	967	0
25502	28	767	967	0
110330	28	277	967	0
82604	28	574	967	0
24400	28	245	967	0
75507	28	6904	967	0
61461	28	408	967	0
67366	28	714	967	0
85005	28	483	967	0
96285	28	1096	967	0
127852	28	1747	967	0
21276	28	489	967	0
20864	28	203	967	0
16238	28	2145	967	0
81557	28	614	967	0
42661	28	840	967	0
63353	28	3246	967	0
72816	28	856	967	0
102389	28	42870	967	0
29433	28	1829	967	0
33130	28	76867	967	0
69438	28	2226	967	0
84508	28	160	967	0
83945	28	195	967	0
148048	28	931	967	0
51615	28	1628	967	0
90234	28	1404	967	0
68873	28	992	967	0
107635	28	816	967	0
67230	28	2614	967	0
11693	28	2843	967	0
20899	28	8059	967	0
22436	28	40	967	0
28390	28	353	967	0
51126	28	913	967	0
59299	28	221	967	0
109966	28	6612	967	0
69069	28	4625	967	0
170552	28	593	967	0
16046	28	1131	967	0
126200	28	1000	967	0
32875	28	1379	967	0
61785	28	4430	967	0
27627	28	632	967	0
125402	28	1263	967	0
81436	28	646	967	0
14747	28	2877	967	0
63523	28	887	967	0
133878	28	8428	967	0
19473	28	577	967	0
83126	28	171	967	0
110436	28	686	967	0
36658	28	1041	967	0
25046	28	560	967	0
82795	28	3132	967	0
35406	28	48740	967	0
148183	28	2728	967	0
128003	28	1127	967	0
23108	28	6227	967	0
54479	28	1484	967	0
18191	28	511	967	0
54846	28	1712	967	0
9749	28	2562	967	0
18588	28	36	967	0
120904	28	1920	967	0
35286	28	1417	967	0
54151	28	1512	967	0
78435	28	7750	967	0
19416	28	242	967	0
29424	28	3322	967	0
7546	28	277	967	0
9422	28	745	967	0
13738	28	124	967	0
33201	28	12557	967	0
14783	28	597	967	0
43178	28	787	967	0
70740	28	841	967	0
57684	28	1265	967	0
43103	28	14	967	0
58814	28	550	967	0
19422	28	2963	967	0
9659	28	329	967	0
30988	28	745	967	0
123096	28	890	967	0
38331	28	1154	967	0
72485	28	17652	967	0
13750	28	680	967	0
88484	28	911	967	0
128133	28	856	967	0
19523	28	28	967	0
48795	28	833	967	0
13453	28	48	967	0
29864	28	82	967	0
122953	28	68178	967	0
68670	28	10557	967	0
116444	28	404	967	0
95086	28	6016	967	0
48711	28	1050	967	0
99104	28	13198	967	0
15253	28	1808	967	0
113089	28	570	967	0
104416	28	454	967	0
24972	28	99	967	0
64074	28	8318	967	0
146261	28	3322	967	0
32025	28	3674	967	0
11062	28	4008	967	0
23669	28	821	967	0
13694	28	343	967	0
118579	28	282	967	0
131657	28	1154	967	0
22500	28	3475	967	0
81550	28	2686	967	0
84385	28	1118	967	0
171085	28	616	967	0
51340	28	1700	967	0
42702	28	1380	967	0
29657	28	185	967	0
29427	28	13332	967	0
12965	28	392	967	0
86815	28	2829	967	0
12840	28	154	967	0
42525	28	1024	967	0
69772	28	4541	967	0
9753	28	504	967	0
69300	28	756	967	0
31517	28	1202	967	0
13582	28	2710	967	0
44589	28	123	967	0
118606	28	2182	967	0
15932	28	158	967	0
8009	28	745	967	0
81229	28	1123	967	0
16622	28	263	967	0
62055	28	1016	967	0
11569	28	80	967	0
78540	28	1499	967	0
126508	28	17038	967	0
15796	28	1481	967	0
33041	28	470	967	0
38130	28	9748	967	0
18445	28	37	967	0
101612	28	1302	967	0
81268	28	27880	967	0
38567	28	28573	967	0
28945	28	424	967	0
9992	28	67	967	0
104130	28	53193	967	0
18435	28	1594	967	0
121446	28	580	967	0
80484	28	37326	967	0
12101	28	45	967	0
78919	28	1026	967	0
72634	28	4017	967	0
117693	28	3777	967	0
109151	28	435	967	0
61110	28	483	967	0
120242	28	2880	967	0
54607	28	3169	967	0
107063	28	924	967	0
126339	28	3416	967	0
10400	28	5202	967	0
62111	28	18454	967	0
29054	28	789	967	0
16232	28	3184	967	0
10851	28	409	967	0
55240	28	726	967	0
21967	28	2710	967	0
11748	14	49097	967	0
94041	28	403	967	0
61572	28	4748	967	0
9447	28	1728	967	0
54013	28	2542	967	0
95166	28	1834	967	0
74440	28	1068	967	0
118767	28	8823	967	0
61829	28	529	967	0
14189	28	2481	967	0
29218	28	184	967	0
89656	28	253	967	0
80440	28	1210	967	0
81249	28	781	967	0
46609	28	370	967	0
11175	28	177	967	0
30004	28	1077	967	0
41347	28	995	967	0
30046	28	76	967	0
20535	28	310	967	0
24063	28	2877	967	0
76253	28	383	967	0
148898	28	1201	967	0
47220	28	1005	967	0
8958	28	9047	967	0
22084	28	491	967	0
33404	28	1536	967	0
7305	28	1905	967	0
74528	28	2136	967	0
79455	28	4422	967	0
76564	28	1951	967	0
47988	28	3824	967	0
95955	28	3206	967	0
64930	28	1573	967	0
116988	28	2050	967	0
10937	28	4809	967	0
12767	28	948	967	0
110720	28	740	967	0
22897	28	2733	967	0
128465	28	980	967	0
125809	28	1026	967	0
8561	28	223	967	0
110083	28	1776	967	0
5300	28	5202	967	0
171688	28	1146	967	0
38524	28	1334	967	0
27728	28	12013	967	0
67324	28	703	967	0
76495	28	882	967	0
70234	28	236	967	0
21120	28	1733	967	0
8322	28	49	967	0
65102	28	1759	967	0
12706	28	174	967	0
56593	28	814	967	0
104311	28	1672	967	0
74023	28	16414	967	0
110767	28	1512	967	0
171823	14	15888	967	0
128189	28	937	967	0
71432	28	1384	967	0
8620	28	553	967	0
107635	28	155	967	0
60344	28	1497	967	0
42619	28	192	967	0
119933	28	315	967	0
57758	28	87	967	0
14193	28	1588	967	0
54558	28	2528	967	0
81393	28	5298	967	0
44459	28	4238	967	0
57758	28	219	967	0
90396	28	3381	967	0
8203	28	355	967	0
19454	28	741	967	0
93845	28	1277	967	0
67068	28	8437	967	0
43404	28	4146	967	0
104319	28	1565	967	0
11687	28	289	967	0
81229	28	368	967	0
108481	28	4802	967	0
123975	28	1709	967	0
95252	28	986	967	0
91826	28	1329	967	0
77313	28	1193	967	0
14833	28	420	967	0
94129	28	33583	967	0
22737	28	171	967	0
66680	28	1652	967	0
58996	28	622	967	0
28991	28	533	967	0
38212	28	1192	967	0
30348	28	2916	967	0
60341	28	1068	967	0
29142	28	756	967	0
10536	28	1561	967	0
15982	28	1993	967	0
22613	28	334	967	0
19498	28	3243	967	0
92916	28	608	967	0
78016	28	2301	967	0
27478	28	814	967	0
75286	28	3027	967	0
88475	28	4605	967	0
61078	28	1389	967	0
44538	28	1115	967	0
9181	28	10472	967	0
110870	28	27653	967	0
69757	28	219	967	0
75924	28	1873	967	0
38207	28	963	967	0
58833	28	2938	967	0
30099	28	4139	967	0
8262	28	48	967	0
57611	28	133	967	0
81579	28	257	967	0
48318	28	33	967	0
37456	28	2116	967	0
67375	28	3213	967	0
128741	28	1868	967	0
39580	28	8449	967	0
16145	28	2477	967	0
17494	28	142	967	0
107107	28	1462	967	0
82618	28	5785	967	0
50145	28	5736	967	0
123223	28	132	967	0
37904	28	5669	967	0
55521	28	558	967	0
23193	28	963	967	0
24564	28	288	967	0
19499	28	424	967	0
44162	28	463	967	0
12236	28	4781	967	0
49850	28	843	967	0
72309	28	32368	967	0
66565	28	46	967	0
36753	28	150	967	0
12536	28	2116	967	0
19888	28	925	967	0
21605	28	18707	967	0
79955	28	150	967	0
48299	28	975	967	0
107866	28	2276	967	0
72214	28	794	967	0
101526	28	713	967	0
172411	28	1547	967	0
34136	28	714	967	0
44952	28	749	967	0
17388	28	118	967	0
69410	28	1115	967	0
59582	28	2774	967	0
118520	28	892	967	0
28493	28	47	967	0
40168	28	22	967	0
27254	28	508	967	0
16237	28	2955	967	0
22234	28	1828	967	0
74335	28	3027	967	0
127669	28	2241	967	0
34835	28	839	967	0
69778	28	106162	967	0
108032	28	3058	967	0
41491	28	3194	967	0
85960	28	406	967	0
149499	28	1801	967	0
45276	28	1124	967	0
23281	28	839	967	0
63844	28	386	967	0
109469	28	703	967	0
11995	28	46	967	0
20312	28	1011	967	0
61245	28	8559	967	0
20641	28	2714	967	0
25231	28	423	967	0
85692	28	6459	967	0
62910	28	2236	967	0
87888	28	462	967	0
30511	28	3769	967	0
128883	14	42872	967	0
29445	28	1597	967	0
81786	28	942	967	0
44567	28	703	967	0
34260	28	507	967	0
57103	28	694	967	0
83152	28	5962	967	0
23847	28	493	967	0
62736	28	10962	967	0
109368	28	16410	967	0
55809	14	2911	967	0
42227	28	1180	967	0
55057	28	3744	967	0
8849	28	7534	967	0
80847	28	1099	967	0
13587	28	110990	967	0
102162	28	106	967	0
17150	28	980	967	0
91260	28	675	967	0
22436	28	2205	967	0
105364	28	1335	967	0
16199	28	4155	967	0
14747	28	3860	967	0
73823	28	24815	967	0
101762	28	32	967	0
77790	28	178	967	0
126378	28	24	967	0
76748	28	2623	967	0
32359	28	92	967	0
97163	28	995	967	0
9956	28	1022	967	0
128607	28	38083	967	0
7374	28	558	967	0
59304	28	1320	967	0
27621	28	17212	967	0
53068	28	909	967	0
34143	28	2784	967	0
75286	28	882	967	0
11049	28	82	967	0
116324	28	74	967	0
44699	28	1623	967	0
32254	28	2687	967	0
94158	28	2848	967	0
54469	28	597	967	0
172779	28	439	967	0
60074	28	331	967	0
9161	28	1908	967	0
149893	28	462	967	0
120811	28	2086	967	0
59279	28	1598	967	0
13981	28	866	967	0
51426	28	344	967	0
20403	28	392	967	0
113132	28	2182	967	0
92173	28	3507	967	0
58750	28	680	967	0
32220	28	1513	967	0
64731	28	900	967	0
51607	28	1414	967	0
13524	28	178	967	0
120516	28	2088	967	0
4943	28	19	967	0
70980	28	1898	967	0
46654	28	575	967	0
93034	28	458	967	0
36662	28	188	967	0
56275	28	484	967	0
33255	28	869	967	0
51856	28	3967	967	0
129043	28	2941	967	0
13485	28	1924	967	0
110913	28	1616	967	0
79733	28	1288	967	0
10345	28	1983	967	0
106589	28	2632	967	0
52121	28	195	967	0
82272	28	499	967	0
128741	28	1280	967	0
51221	28	850	967	0
105954	28	1358	967	0
17388	28	78	967	0
90391	28	168	967	0
127222	28	35357	967	0
57141	28	695	967	0
103601	28	31	967	0
39866	28	54698	967	0
8280	28	37280	967	0
42659	28	3194	967	0
76703	28	805	967	0
57461	28	1328	967	0
85980	28	568	967	0
110740	28	2280	967	0
14659	28	1151	967	0
91970	28	1598	967	0
16985	28	1320	967	0
78714	28	421	967	0
88261	28	75967	967	0
24590	28	30	967	0
102232	28	334	967	0
66492	28	2901	967	0
35740	28	4651	967	0
17551	28	1543	967	0
129127	28	3860	967	0
38154	28	882	967	0
24431	28	2140	967	0
29901	28	266	967	0
70512	28	1703	967	0
69743	28	36032	967	0
72840	28	39	967	0
18456	28	1785	967	0
113147	28	2430	967	0
67256	28	23926	967	0
21342	28	1921	967	0
61663	28	450	967	0
80339	28	1531	967	0
32045	28	933	967	0
109117	28	2079	967	0
39672	28	741	967	0
14986	28	1028	967	0
79313	28	1932	967	0
34263	28	4831	967	0
93206	28	12408	967	0
105977	28	951	967	0
80108	28	11105	967	0
51898	28	11259	967	0
92374	28	3194	967	0
31679	28	3615	967	0
59125	28	50390	967	0
43876	28	4363	967	0
19332	28	6127	967	0
8023	28	273	967	0
69877	28	145	967	0
39350	28	25069	967	0
22882	28	121	967	0
37903	28	13706	967	0
141977	28	8931	967	0
90509	28	239	967	0
24616	28	34698	967	0
46205	28	4831	967	0
78041	28	2205	967	0
27889	28	1057	967	0
124920	28	4185	967	0
61887	28	10113	967	0
20053	28	61	967	0
10843	28	3886	967	0
51487	14	25589	967	0
33717	28	5823	967	0
23820	28	255	967	0
112140	28	1179	967	0
94703	28	1778	967	0
117185	28	75801	967	0
11902	28	1090	967	0
71504	28	2204	967	0
84539	28	1026	967	0
109511	28	2185	967	0
94015	28	741	967	0
77471	28	2152	967	0
36906	28	22742	967	0
9729	28	463	967	0
28499	28	756	967	0
95429	28	5439	967	0
78028	28	2396	967	0
173499	28	1920	967	0
81669	28	8437	967	0
35831	28	4987	967	0
39616	28	2190	967	0
94438	28	1000	967	0
35530	28	1025	967	0
113642	28	548	967	0
115220	28	259	967	0
121419	28	754	967	0
86527	28	3971	967	0
116020	28	1455	967	0
38245	28	1995	967	0
26353	28	102	967	0
4529	0	173598	967	0
92397	28	142	967	0
44724	28	26141	967	0
88256	28	18454	967	0
28530	28	403	967	0
46470	28	850	967	0
80248	14	1217	967	0
48275	28	40814	967	0
62033	28	57280	967	0
87810	28	930	967	0
84456	28	743	967	0
101765	28	10454	967	0
53689	28	4205	967	0
69140	14	8174	967	0
150225	28	2923	967	0
106588	28	2241	967	0
68931	28	9131	967	0
28792	28	133	967	0
33025	28	1949	967	0
88659	28	1320	967	0
16352	28	107	967	0
70547	28	49203	967	0
33486	28	422	967	0
51799	28	2190	967	0
88294	28	3431	967	0
15851	28	975	967	0
173722	28	214	967	0
67782	28	13286	967	0
28724	28	1812	967	0
35594	28	1335	967	0
60064	28	1436	967	0
16084	28	691	967	0
69885	28	2160	967	0
29016	28	505	967	0
70358	28	124	967	0
27567	28	515	967	0
99605	28	774	967	0
16005	28	292	967	0
53905	28	8442	967	0
56008	28	1610	967	0
62974	28	303	967	0
77284	28	661	967	0
40603	28	3702	967	0
57347	28	8291	967	0
51516	28	68	967	0
150663	28	1835	967	0
150666	28	916	967	0
37195	28	1508	967	0
12540	28	2075	967	0
65545	28	371	967	0
71191	28	434	967	0
72537	28	2445	967	0
95489	28	482	967	0
114633	28	3872	967	0
148594	28	904	967	0
146772	28	235	967	0
9860	28	6581	967	0
23248	28	960	967	0
78236	28	1178	967	0
54571	28	1174	967	0
49459	28	3476	967	0
37386	28	52712	967	0
69139	28	7437	967	0
85143	28	39	967	0
28682	28	2714	967	0
42249	28	924	967	0
87322	28	1793	967	0
71049	28	509	967	0
28634	28	4678	967	0
79489	28	515	967	0
7239	28	525	967	0
44258	28	27	967	0
42496	28	2589	967	0
103907	28	2798	967	0
53382	28	692	967	0
81785	28	3027	967	0
150756	28	26359	967	0
90143	28	2154	967	0
139347	28	2170	967	0
96651	28	1765	967	0
56409	28	2072	967	0
129358	28	4234	967	0
63685	28	1514	967	0
59233	28	1500	967	0
20994	28	1078	967	0
12227	28	59957	967	0
82823	28	3047	967	0
88459	28	732	967	0
51906	28	518	967	0
28154	28	76	967	0
74700	28	311	967	0
73024	28	1840	967	0
42688	28	744	967	0
21839	28	908	967	0
15351	28	2166	967	0
28907	28	41	967	0
129470	28	1333	967	0
27819	28	433	967	0
43206	28	1151	967	0
64614	28	158	967	0
85813	28	3246	967	0
94671	28	162	967	0
15329	28	511	967	0
25729	28	546	967	0
97338	28	411	967	0
7964	28	167	967	0
174133	28	32808	967	0
150886	28	44134	967	0
101640	28	608	967	0
73463	28	3862	967	0
79978	28	707	967	0
74663	28	357	967	0
140392	28	615	967	0
111324	28	1262	967	0
79032	28	2568	967	0
45952	28	1320	967	0
105292	28	911	967	0
111197	28	10204	967	0
113970	28	8823	967	0
57517	28	1465	967	0
25648	28	936	967	0
33251	28	574	967	0
129526	28	798	967	0
104590	28	13671	967	0
18875	28	988	967	0
112349	28	686	967	0
94953	28	591	967	0
24987	28	501	967	0
14231	28	103	967	0
146311	28	7118	967	0
71495	28	848	967	0
30022	28	1292	967	0
17072	28	482	967	0
83869	28	2024	967	0
17157	28	210	967	0
85455	28	501	967	0
19725	28	427	967	0
104490	28	2701	967	0
41567	28	1598	967	0
17494	28	13706	967	0
14365	28	2079	967	0
17274	28	399	967	0
140487	28	504	967	0
53433	28	4651	967	0
37951	28	547	967	0
124490	28	482	967	0
20423	28	433	967	0
120171	28	1497	967	0
67133	28	347	967	0
133252	28	499	967	0
18043	28	107	967	0
82079	28	160	967	0
67667	28	589	967	0
7789	28	2795	967	0
23461	28	1334	967	0
38420	28	1912	967	0
79034	28	1050	967	0
100444	28	678	967	0
151078	28	1080	967	0
23820	28	995	967	0
26675	28	291	967	0
65382	28	2182	967	0
47357	28	37	967	0
30966	14	902	967	0
85708	28	1080	967	0
104054	28	2104	967	0
51915	28	746	967	0
60175	28	73879	967	0
126536	28	4324	967	0
53068	28	5795	967	0
41724	28	136	967	0
174497	28	39517	967	0
51833	28	236	967	0
105986	28	766	967	0
55588	28	2139	967	0
114513	28	436	967	0
32582	28	214	967	0
63561	28	2018	967	0
114045	28	1642	967	0
82814	28	524	967	0
65819	28	527	967	0
18559	28	1370	967	0
68853	28	18621	967	0
102053	28	1358	967	0
105121	28	673	967	0
73110	28	92	967	0
16749	28	117	967	0
61955	28	421	967	0
125917	28	646	967	0
27852	28	48	967	0
50890	28	520	967	0
82938	28	253	967	0
95842	28	1368	967	0
114581	28	252	967	0
36850	28	59434	967	0
13571	28	80	967	0
51553	28	119	967	0
23792	28	149	967	0
76950	28	48	967	0
21369	28	146	967	0
21205	28	253	967	0
58185	28	1610	967	0
26285	28	1320	967	0
49730	28	496	967	0
122885	28	2131	967	0
101739	28	1241	967	0
10112	28	160	967	0
23436	28	40540	967	0
108305	28	1167	967	0
38320	28	3169	967	0
174710	28	565	967	0
73000	28	12408	967	0
35738	28	245	967	0
28621	28	603	967	0
62850	28	1659	967	0
44094	28	1456	967	0
49810	28	890	967	0
96392	28	617	967	0
20304	28	1292	967	0
7239	28	464	967	0
78351	28	781	967	0
102736	28	13020	967	0
97889	28	489	967	0
26960	28	2177	967	0
55294	28	2204	967	0
33097	28	188	967	0
39164	28	506	967	0
96191	28	471	967	0
81946	28	6025	967	0
64813	28	909	967	0
129041	28	1758	967	0
33229	28	55	967	0
68336	28	77870	967	0
60461	28	3038	967	0
101387	28	6525	967	0
58427	28	971	967	0
55177	28	3318	967	0
27844	28	368	967	0
90725	28	1834	967	0
95576	28	167	967	0
75709	28	2880	967	0
32348	28	355	967	0
99029	28	78511	967	0
10284	28	753	967	0
59975	28	325	967	0
67175	28	255	967	0
66738	28	1778	967	0
30040	28	915	967	0
38211	28	406	967	0
85487	28	1484	967	0
41310	28	427	967	0
12233	28	63	967	0
47865	28	2538	967	0
95580	28	597	967	0
7155	28	357	967	0
125581	28	18707	967	0
112666	14	49097	967	0
49644	28	1020	967	0
126005	28	3974	967	0
106175	28	42	967	0
16752	28	1885	967	0
87389	28	1206	967	0
23787	28	582	967	0
49802	28	1903	967	0
12878	28	642	967	0
32057	28	1810	967	0
24231	28	20	967	0
20226	28	1670	967	0
8099	28	3416	967	0
23616	28	23	967	0
109610	28	1597	967	0
41096	28	692	967	0
82111	28	257	967	0
19772	28	463	967	0
64508	28	2189	967	0
27992	28	746	967	0
60700	28	1457	967	0
100064	28	4757	967	0
11003	28	154	967	0
123967	28	3221	967	0
36918	28	900	967	0
27510	28	1171	967	0
11079	28	40	967	0
99704	28	1306	967	0
129805	28	524	967	0
95896	28	449	967	0
73768	28	908	967	0
92266	28	731	967	0
61258	28	835	967	0
32959	28	1365	967	0
23968	28	68	967	0
121813	28	2152	967	0
100836	28	184	967	0
91012	28	2959	967	0
129826	28	2829	967	0
17532	28	1778	967	0
56121	28	475	967	0
102117	28	1698	967	0
136387	28	253	967	0
63473	28	1720	967	0
43261	28	522	967	0
60468	28	1309	967	0
71463	28	1147	967	0
20986	28	1908	967	0
8378	28	504	967	0
82195	28	506	967	0
73143	28	535	967	0
57210	28	83	967	0
129281	28	809	967	0
11486	28	2154	967	0
69294	28	1623	967	0
69224	28	57	967	0
8342	28	2170	967	0
95104	28	1835	967	0
12073	28	1951	967	0
97127	28	1474	967	0
44468	28	1808	967	0
59267	28	1824	967	0
111518	28	196	967	0
20021	28	941	967	0
47913	28	548	967	0
107104	28	1052	967	0
98532	28	411	967	0
60827	28	276	967	0
66429	28	1342	967	0
31778	28	361	967	0
60374	28	3615	967	0
175473	14	62793	967	0
8092	28	88	967	0
109610	28	1456	967	0
86527	28	2040	967	0
31861	28	3149	967	0
56594	28	4297	967	0
100391	28	484	967	0
21335	28	830	967	0
58605	28	139	967	0
69949	28	61	967	0
86449	28	1610	967	0
18421	28	1014	967	0
113805	28	930	967	0
18502	28	87	967	0
67201	28	2551	967	0
22053	28	1570	967	0
7828	28	202	967	0
28435	28	1172	967	0
97288	28	1840	967	0
22849	28	2085	967	0
85276	28	973	967	0
65955	28	580	967	0
66565	28	1501	967	0
62684	28	1484	967	0
151760	28	829	967	0
108634	28	1766	967	0
27483	28	18084	967	0
127459	28	7118	967	0
10568	28	670	967	0
86750	28	404	967	0
53439	28	583	967	0
67133	28	186	967	0
12514	28	219	967	0
14546	28	1709	967	0
151793	28	1333	967	0
9202	28	205	967	0
15863	28	2913	967	0
20016	28	1822	967	0
40574	28	701	967	0
104604	28	2373	967	0
26700	28	86468	967	0
21797	28	1709	967	0
109504	28	502	967	0
19210	28	9047	967	0
51696	28	509	967	0
70243	28	2973	967	0
27436	28	1536	967	0
21032	28	1466	967	0
15249	28	427	967	0
54988	28	7624	967	0
11161	28	16733	967	0
127933	28	3194	967	0
12581	28	2538	967	0
12142	28	1749	967	0
88190	28	1181	967	0
101741	28	58	967	0
129335	28	6528	967	0
81553	28	773	967	0
57980	28	281	967	0
66117	28	690	967	0
34530	28	998	967	0
14686	28	114	967	0
56377	28	1552	967	0
112268	28	2059	967	0
39540	28	13835	967	0
148406	28	2189	967	0
31078	28	598	967	0
148397	28	1934	967	0
25212	28	614	967	0
17309	28	1010	967	0
45737	28	624	967	0
38249	28	10738	967	0
28709	28	1221	967	0
95029	28	24268	967	0
107645	28	23073	967	0
29016	28	569	967	0
44674	28	240	967	0
113548	28	745	967	0
31909	28	61	967	0
69963	14	26402	967	0
10246	28	1917	967	0
24090	28	30565	967	0
64820	28	100	967	0
100584	28	1496	967	0
85477	28	1141	967	0
37543	28	19934	967	0
25940	28	593	967	0
147706	28	722	967	0
54674	28	2207	967	0
24027	28	1572	967	0
51049	28	974	967	0
97089	28	1016	967	0
41885	28	817	967	0
68380	28	4152	967	0
13398	28	4476	967	0
88606	28	678	967	0
127449	28	386	967	0
19398	28	892	967	0
51459	28	361	967	0
63303	28	11137	967	0
40896	28	608	967	0
114505	28	3403	967	0
12277	28	4051	967	0
38839	28	44171	967	0
82491	28	1282	967	0
26763	28	553	967	0
32092	28	355	967	0
18273	28	61	967	0
36270	28	4201	967	0
92283	28	76867	967	0
128710	28	292	967	0
21197	28	769	967	0
88484	28	509	967	0
121211	28	1588	967	0
63719	28	548	967	0
111537	28	659	967	0
17790	28	1155	967	0
104614	28	971	967	0
41515	28	126	967	0
77897	14	3721	967	0
90568	28	195	967	0
41006	28	143	967	0
152106	28	1775	967	0
43856	28	1027	967	0
23133	28	41	967	0
60326	28	1592	967	0
95214	28	2929	967	0
7801	28	1822	967	0
51329	28	82	967	0
14931	28	463	967	0
95494	28	1708	967	0
69635	28	4723	967	0
92118	28	119	967	0
90111	28	989	967	0
34148	28	10777	967	0
49465	28	596	967	0
56467	28	1420	967	0
105842	28	1547	967	0
26394	28	1196	967	0
42937	28	42690	967	0
58225	28	1018	967	0
16065	28	251	967	0
44622	28	1009	967	0
38631	28	4933	967	0
74985	28	3192	967	0
41576	28	1390	967	0
18965	28	73	967	0
9525	28	1775	967	0
46153	28	1130	967	0
64128	28	1635	967	0
130134	28	32	967	0
55564	28	915	967	0
152218	28	458	967	0
32887	28	1375	967	0
84551	28	19	967	0
79918	28	23520	967	0
69154	28	1250	967	0
40330	28	486	967	0
52511	28	850	967	0
44242	28	1776	967	0
115039	28	3103	967	0
63950	28	72	967	0
76021	28	51871	967	0
