31765	28	1745	957	959
26334	28	220	957	959
65149	28	2397	957	959
16697	28	17077	957	959
9822	28	177	957	959
65344	28	280	957	959
22757	28	1477	957	959
18804	28	2062	957	959
100939	28	313	957	959
15287	28	155	957	959
40736	28	744	957	959
42510	28	3597	957	959
13132	28	1597	957	959
42520	28	13020	957	959
10216	28	1592	957	959
24953	28	313	957	959
31338	28	940	957	959
32104	28	1455	957	959
14480	28	242	957	959
7973	28	1360	957	959
17403	28	1007	957	959
42795	28	1153	957	959
27938	28	31309	957	959
7239	28	1809	957	959
8274	28	48	957	959
22380	28	1354	957	959
37063	28	203	957	959
76275	28	1919	957	959
57078	28	1642	957	959
76324	28	1780	957	959
26133	28	280	957	959
88279	28	159264	957	959
17225	28	1180	957	959
8068	28	165	957	959
24066	28	100	957	959
102110	28	2177	957	959
9237	28	33	957	959
31554	28	1286	957	959
19468	28	169	957	959
33858	28	2227	957	959
34278	28	119	957	959
18671	28	591	957	959
14318	28	244	957	959
76970	28	250	957	959
7644	28	344	957	959
10228	28	1214	957	959
14543	28	371	957	959
57217	28	1368	957	959
11408	28	864	957	959
10277	28	147	957	959
55984	28	1395	957	959
16687	28	496	957	959
25316	28	756	957	959
29720	28	170	957	959
10424	28	202	957	959
11728	28	363	957	959
85763	28	32000	957	959
34478	28	114	957	959
18540	28	637	957	959
37626	28	1080	957	959
7966	28	1619	957	959
54582	28	5098	957	959
9161	28	568	957	959
119460	28	821	957	959
7644	28	20	957	959
16922	28	398	957	959
19142	28	71	957	959
6326	28	1360	957	959
88482	28	2052	957	959
14553	28	2957	957	959
89900	28	1981	957	959
40288	28	118	957	959
22692	28	386	957	959
46294	28	1403	957	959
7776	28	501	957	959
7381	28	828	957	959
84619	28	71	957	959
23025	28	1035	957	959
36949	28	506	957	959
25311	28	1033	957	959
15347	28	98	957	959
13224	28	313	957	959
15300	28	965	957	959
15320	28	2962	957	959
20218	28	1549	957	959
12152	28	22	957	959
30920	28	1170	957	959
54641	28	383	957	959
161250	28	4418	957	959
83363	28	1767	957	959
10813	28	111	957	959
98907	28	749	957	959
4491	28	242	957	959
99022	28	1468	957	959
30956	28	1141	957	959
35971	28	975	957	959
14772	28	1951	957	959
19993	28	1015	957	959
34119	28	4121	957	959
10299	28	710	957	959
34942	28	826	957	959
7305	28	56	957	959
13739	28	231	957	959
64188	28	3212	957	959
19393	28	2023	957	959
90859	28	67934	957	959
15640	28	1275	957	959
23550	28	792	957	959
48212	28	735	957	959
14374	28	253	957	959
20503	28	23564	957	959
90456	28	18761	957	959
41908	28	1597	957	959
105046	28	3818	957	959
17804	28	134	957	959
83840	28	1027	957	959
55812	28	8221	957	959
6479	28	1131	957	959
27469	28	391	957	959
11549	28	309	957	959
14990	28	1055	957	959
15168	28	174	957	959
9934	28	9593	957	959
12465	28	423	957	959
20494	28	894	957	959
62410	28	621	957	959
9345	28	722	957	959
6184	28	806	957	959
45727	28	119	957	959
31896	28	1833	957	959
46466	28	24	957	959
27228	28	191	957	959
13419	28	916	957	959
12504	28	550	957	959
72228	28	1210	957	959
14973	28	1607	957	959
27762	28	149	957	959
95820	28	931	957	959
79330	28	839	957	959
26214	28	41992	957	959
7732	28	121	957	959
14582	28	160	957	959
35980	28	144	957	959
37049	28	1041	957	959
8648	28	515	957	959
32226	28	1524	957	959
24876	28	36	957	959
24037	28	14418	957	959
9021	28	78	957	959
16678	28	171	957	959
20122	28	318	957	959
15224	28	16	957	959
8130	28	1961	957	959
37012	28	573	957	959
14864	28	5279	957	959
17731	28	4726	957	959
45337	28	2887	957	959
64331	28	238	957	959
40964	28	4180	957	959
101345	28	1426	957	959
90143	28	2518	957	959
63863	28	439	957	959
59163	28	20	957	959
32386	28	3429	957	959
53458	28	291	957	959
47964	28	732	957	959
8053	28	1395	957	959
42669	28	1007	957	959
67600	28	17655	957	959
21438	28	405	957	959
16407	28	348	957	959
21006	28	1653	957	959
9027	28	551	957	959
19763	28	811	957	959
31840	28	695	957	959
32898	28	50	957	959
48103	28	555	957	959
79970	28	1668	957	959
30089	28	507	957	959
11501	28	398	957	959
77023	28	2215	957	959
103755	28	1910	957	959
13360	28	1554	957	959
73607	28	722	957	959
28208	28	267	957	959
10685	28	1359	957	959
31696	28	582	957	959
29843	28	612	957	959
8799	28	594	957	959
39794	28	19553	957	959
32105	28	941	957	959
31585	28	8373	957	959
48299	28	2822	957	959
36332	28	83	957	959
11292	28	215	957	959
11746	28	202	957	959
10083	28	351	957	959
92853	28	30058	957	959
11798	28	43	957	959
6156	28	428	957	959
75119	28	1359	957	959
15608	28	110	957	959
28282	28	951	957	959
16954	28	68	957	959
7382	28	48	957	959
7304	28	1032	957	959
8104	28	283	957	959
27007	28	1214	957	959
44320	28	214	957	959
45492	28	50	957	959
54307	28	1394	957	959
62452	28	1971	957	959
28687	28	82	957	959
48550	28	72	957	959
25453	28	1910	957	959
11644	28	145	957	959
73130	28	412	957	959
8121	28	429	957	959
16374	28	1088	957	959
40482	28	1405	957	959
38380	28	5279	957	959
30146	28	1096	957	959
75141	28	219	957	959
25721	28	363	957	959
5389	28	251	957	959
27439	28	1932	957	959
27651	28	36	957	959
41396	28	493	957	959
51519	28	1270	957	959
56424	28	114	957	959
19857	28	313	957	959
12378	28	509	957	959
66934	28	1592	957	959
55736	28	498	957	959
38440	28	1399	957	959
33801	28	500	957	959
21165	28	3761	957	959
11523	28	653	957	959
15277	28	16	957	959
28097	28	363	957	959
23442	28	525	957	959
6226	28	2139	957	959
44381	28	975	957	959
9657	28	77	957	959
28068	28	257	957	959
90917	28	1013	957	959
24649	28	120	957	959
62394	28	399	957	959
4470	28	109	957	959
108138	28	6555	957	959
32979	28	461	957	959
14950	28	195	957	959
68202	28	2152	957	959
93927	28	15315	957	959
11086	28	388	957	959
54003	28	2452	957	959
7662	28	134	957	959
73585	28	837	957	959
6977	28	484	957	959
144889	28	2694	957	959
47955	28	7534	957	959
93998	28	649	957	959
25878	28	904	957	959
52086	28	1180	957	959
61245	28	787	957	959
32862	28	126	957	959
71490	28	1910	957	959
18254	28	46	957	959
5714	28	234	957	959
50273	28	2158	957	959
122705	28	1058	957	959
51705	28	906	957	959
20716	28	178	957	959
11659	28	855	957	959
18719	28	1432	957	959
15190	28	381	957	959
9106	28	54	957	959
76509	28	454	957	959
46435	28	1338	957	959
37282	28	456	957	959
13985	28	124	957	959
9610	28	1383	957	959
33025	28	370	957	959
6174	28	770	957	959
86985	28	3318	957	959
64310	28	4281	957	959
7431	28	235	957	959
45750	28	770	957	959
94248	28	882	957	959
21428	28	286	957	959
32215	28	963	957	959
45132	28	22727	957	959
41865	28	54	957	959
41968	28	2479	957	959
44586	28	583	957	959
75800	28	1796	957	959
7132	28	1557	957	959
22489	28	368	957	959
3874	28	69	957	959
11294	28	181	957	959
21321	28	1455	957	959
15004	28	1266	957	959
10146	28	956	957	959
22311	28	98	957	959
52897	28	3939	957	959
19727	28	132	957	959
56759	28	2769	957	959
59524	28	406	957	959
37530	28	3027	957	959
30965	28	379	957	959
32845	28	1306	957	959
30975	28	70	957	959
78040	28	313	957	959
17878	28	445	957	959
20971	28	32	957	959
8894	28	47	957	959
9661	28	120	957	959
4061	28	38	957	959
51103	28	41	957	959
14382	28	55	957	959
6214	28	44	957	959
11916	28	1345	957	959
32306	28	51	957	959
7663	28	79	957	959
29406	28	635	957	959
33684	28	795	957	959
15539	28	294	957	959
10168	28	355	957	959
24693	28	8632	957	959
36095	28	2623	957	959
5501	28	120	957	959
52431	28	402	957	959
38655	28	318	957	959
40500	28	975	957	959
49706	28	1677	957	959
14954	28	100	957	959
23462	28	1096	957	959
36322	28	841	957	959
8407	28	149	957	959
92776	28	2353	957	959
21450	28	796	957	959
14876	28	107	957	959
15643	28	5558	957	959
10967	28	120	957	959
15668	28	1027	957	959
126988	28	1383	957	959
58900	28	16365	957	959
16224	28	587	957	959
5673	28	878	957	959
79650	28	8842	957	959
16060	28	2139	957	959
46698	28	387	957	959
6515	28	23	957	959
28672	28	2910	957	959
31740	28	696	957	959
34318	28	398	957	959
23509	28	507	957	959
8079	28	885	957	959
108007	28	32943	957	959
11194	28	704	957	959
69980	28	10099	957	959
8438	28	1780	957	959
12531	28	1340	957	959
37335	28	68	957	959
14033	28	211	957	959
58073	28	3842	957	959
9440	28	1071	957	959
22891	28	1360	957	959
17904	28	369	957	959
5122	28	134	957	959
31275	28	71	957	959
27376	28	503	957	959
16261	28	1227	957	959
81458	28	556	957	959
4312	28	37	957	959
42224	28	354	957	959
24496	28	1131	957	959
20835	28	691	957	959
6277	28	245	957	959
40815	28	4272	957	959
10949	28	369	957	959
32339	28	28	957	959
20490	28	169	957	959
16089	28	524	957	959
51569	28	633	957	959
7584	28	1056	957	959
42922	28	353	957	959
9065	28	142	957	959
21385	28	13515	957	959
19670	28	129	957	959
38929	28	179	957	959
22272	28	236	957	959
70063	28	122	957	959
77411	28	311	957	959
21133	28	509	957	959
35587	28	1801	957	959
15760	28	2553	957	959
29912	28	612	957	959
13465	28	153	957	959
12279	28	969	957	959
139166	28	2540	957	959
9612	28	283	957	959
27908	28	119	957	959
91228	28	18340	957	959
81785	28	11118	957	959
30332	28	9466	957	959
39670	28	1137	957	959
88616	28	675	957	959
9413	28	30	957	959
8166	28	167	957	959
13772	28	529	957	959
59552	28	2411	957	959
12773	28	72	957	959
34012	28	750	957	959
24619	28	594	957	959
25642	28	1259	957	959
13871	28	1324	957	959
21990	28	871	957	959
38447	28	184	957	959
6860	28	405	957	959
11081	28	1938	957	959
4996	28	43	957	959
6800	28	2089	957	959
16719	28	6068	957	959
21573	28	1078	957	959
57187	28	971	957	959
78097	28	1159	957	959
11933	28	248	957	959
12720	28	514	957	959
30887	28	469	957	959
9087	28	5616	957	959
29783	28	1050	957	959
12386	28	603	957	959
7783	28	146	957	959
16376	28	72	957	959
33220	28	693	957	959
78555	28	248	957	959
68485	28	1936	957	959
18999	28	442	957	959
11258	28	51	957	959
40992	28	1775	957	959
17979	28	465	957	959
27228	28	2477	957	959
38323	28	1150	957	959
21602	28	984	957	959
23124	28	53	957	959
21506	28	18	957	959
93953	28	2776	957	959
127667	28	31237	957	959
22043	28	149	957	959
7620	28	60	957	959
33904	28	797	957	959
95291	28	71	957	959
41771	28	1327	957	959
11084	28	30	957	959
120273	28	168	957	959
36118	28	1403	957	959
43356	28	2837	957	959
76985	28	1606	957	959
13477	28	1743	957	959
13611	28	353	957	959
20773	28	1214	957	959
19315	28	511	957	959
6664	28	259	957	959
48091	28	1294	957	959
24663	28	3700	957	959
9005	28	336	957	959
20246	28	70	957	959
10929	28	787	957	959
15401	28	74	957	959
9915	28	2366	957	959
60337	28	9041	957	959
57190	28	1124	957	959
37632	28	1345	957	959
13867	28	253	957	959
41583	28	1190	957	959
11426	28	119	957	959
6719	28	796	957	959
54559	28	891	957	959
46963	28	1123	957	959
111090	28	1390	957	959
28474	28	67	957	959
11547	28	54	957	959
7447	28	17883	957	959
78912	28	43	957	959
34842	28	126	957	959
122579	28	4418	957	959
12126	28	154	957	959
10679	28	56	957	959
2996	28	160	957	959
51563	28	2172	957	959
41999	28	975	957	959
75359	28	3431	957	959
67769	28	2416	957	959
13419	28	499	957	959
23571	28	1809	957	959
37385	28	3848	957	959
44373	28	607	957	959
31234	28	605	957	959
21535	28	1230	957	959
39518	28	3429	957	959
12321	28	222	957	959
22626	28	48927	957	959
19520	28	85	957	959
62349	28	3842	957	959
36081	28	396	957	959
8283	28	160	957	959
44704	28	390	957	959
70515	28	962	957	959
51356	28	653	957	959
9632	28	1080	957	959
24234	28	60	957	959
88737	28	553	957	959
29317	28	259	957	959
49648	28	2528	957	959
72980	28	50202	957	959
7632	28	1345	957	959
9432	28	1018	957	959
18757	28	1734	957	959
44038	28	131	957	959
10404	28	680	957	959
119879	28	1765	957	959
30070	28	213	957	959
58255	28	780	957	959
114576	28	386	957	959
9906	28	160	957	959
5392	28	74	957	959
56314	28	1616	957	959
28101	28	5010	957	959
132799	28	9215	957	959
51594	28	1096	957	959
16901	28	524	957	959
18061	28	14	957	959
17674	28	2426	957	959
11061	28	400	957	959
9707	28	490	957	959
17841	28	220	957	959
28776	28	134	957	959
12843	28	994	957	959
13331	28	283	957	959
56455	28	1592	957	959
33397	28	156	957	959
19516	28	206	957	959
11049	28	4327	957	959
42803	28	319	957	959
11487	28	233	957	959
18773	28	11170	957	959
57180	28	1096	957	959
21084	28	37553	957	959
64342	28	605	957	959
52663	28	5043	957	959
12525	28	428	957	959
18917	28	1110	957	959
43487	28	989	957	959
59085	28	3593	957	959
68502	28	439	957	959
42783	28	626	957	959
8237	28	76	957	959
54780	28	1497	957	959
29950	28	1181	957	959
17631	28	617	957	959
88556	28	99	957	959
83232	28	3437	957	959
19482	28	273	957	959
28838	28	893	957	959
25681	28	1273	957	959
73376	28	882	957	959
35177	28	449	957	959
26370	28	122	957	959
15687	28	161	957	959
18814	28	1078	957	959
21547	28	283	957	959
23529	28	319	957	959
7238	28	2702	957	959
12220	28	556	957	959
6218	28	251	957	959
24671	28	66	957	959
21996	28	612	957	959
43922	28	4999	957	959
12319	28	272	957	959
23461	28	4810	957	959
55297	28	4033	957	959
47397	28	916	957	959
49184	28	471	957	959
17500	28	18464	957	959
29023	28	1731	957	959
6588	28	42	957	959
31594	28	3564	957	959
39804	28	2593	957	959
19399	28	131	957	959
18554	28	49	957	959
37895	28	99	957	959
13827	28	509	957	959
31947	28	2517	957	959
28708	28	957	957	959
11138	28	54	957	959
33204	28	1524	957	959
17721	28	1139	957	959
46775	28	1978	957	959
35130	28	201	957	959
77496	28	2956	957	959
23336	28	805	957	959
38191	28	222	957	959
84497	28	1549	957	959
19079	28	13859	957	959
24882	28	710	957	959
60004	28	787	957	959
19646	28	1096	957	959
52285	28	1043	957	959
16004	28	238	957	959
22062	28	582	957	959
57671	28	2483	957	959
20649	28	111027	957	959
24150	28	318	957	959
71703	28	1083	957	959
28703	28	19	957	959
9158	28	1969	957	959
33045	28	67	957	959
21992	28	47	957	959
33140	28	3811	957	959
17157	28	1296	957	959
8981	28	413	957	959
77129	28	6994	957	959
28832	28	109	957	959
9896	28	304	957	959
99123	28	5279	957	959
6243	28	55	957	959
13241	28	166	957	959
14024	28	750	957	959
27322	28	1096	957	959
7684	28	1743	957	959
59996	28	458	957	959
69440	28	634	957	959
8309	28	846	957	959
10658	28	132	957	959
21783	28	795	957	959
21525	28	646	957	959
76411	28	332	957	959
24687	28	1659	957	959
36014	28	1137	957	959
17880	28	499	957	959
41504	28	797	957	959
110873	28	1708	957	959
109821	28	934	957	959
24483	28	546	957	959
71472	28	1619	957	959
6078	28	88	957	959
40688	28	1969	957	959
5254	28	1499	957	959
27740	28	366	957	959
18258	28	3762	957	959
54965	28	1083	957	959
22891	28	702	957	959
49689	28	1137	957	959
65301	28	1078	957	959
46242	28	336	957	959
18571	28	198	957	959
52325	28	3938	957	959
151456	28	1283	957	959
6293	28	1180	957	959
11293	28	216	957	959
13627	28	509	957	959
122082	28	925	957	959
77579	28	303	957	959
21335	28	292	957	959
17326	28	470	957	959
42503	28	1145	957	959
54212	28	718	957	959
79990	28	1093	957	959
7128	28	295	957	959
85400	28	3452	957	959
33231	28	1336	957	959
94143	28	1430	957	959
14529	28	612	957	959
7496	28	2772	957	959
18589	28	1170	957	959
8571	28	717	957	959
21398	28	201	957	959
41021	28	1033	957	959
10984	28	199	957	959
31568	28	2562	957	959
34769	28	658	957	959
21179	28	292	957	959
39361	28	2897	957	959
12503	28	134	957	959
19684	28	2125	957	959
70547	28	50	957	959
27568	28	51	957	959
47259	28	28221	957	959
12053	28	13000	957	959
82060	28	140	957	959
16853	28	635	957	959
60019	28	239	957	959
4808	28	1071	957	959
55815	28	960	957	959
31735	28	1758	957	959
17319	28	668	957	959
14209	28	530	957	959
25311	28	170	957	959
19242	28	1163	957	959
7416	28	57	957	959
120609	28	1677	957	959
78896	28	1718	957	959
13784	28	377	957	959
47105	28	1020	957	959
11679	28	436	957	959
34685	28	3597	957	959
34128	28	496	957	959
58387	28	21559	957	959
16993	28	2162	957	959
16216	28	2127	957	959
26667	28	214	957	959
83617	28	4068	957	959
13199	28	23	957	959
93821	28	14388	957	959
37920	28	396	957	959
16846	28	1830	957	959
6500	28	47	957	959
12914	28	388	957	959
15875	28	49	957	959
59860	28	357	957	959
120853	28	2526	957	959
29108	28	1476	957	959
29786	28	3001	957	959
28713	28	1607	957	959
9005	28	1317	957	959
24953	28	236	957	959
9686	28	61	957	959
79019	28	910	957	959
14062	28	582	957	959
21353	28	1093	957	959
42902	28	1063	957	959
65257	28	616	957	959
18481	28	509	957	959
15691	28	54	957	959
43088	28	2397	957	959
70361	28	288	957	959
42858	28	8221	957	959
15897	28	1071	957	959
20078	28	1153	957	959
12511	28	235	957	959
153254	28	37	957	959
37436	28	819	957	959
42923	28	795	957	959
94547	28	18963	957	959
64538	28	1704	957	959
66179	28	1414	957	959
5958	28	139	957	959
36882	28	348	957	959
20095	28	1289	957	959
16454	28	674	957	959
9103	28	1152	957	959
90427	28	11981	957	959
6032	28	433	957	959
17467	28	1653	957	959
49381	28	203	957	959
43183	28	2234	957	959
4508	28	109	957	959
95401	28	156	957	959
43615	28	798	957	959
93475	28	637	957	959
40167	28	1020	957	959
18757	28	509	957	959
11979	28	2469	957	959
29276	28	1744	957	959
17356	28	6127	957	959
32158	28	353	957	959
104425	28	2430	957	959
18423	28	2003	957	959
8289	28	467	957	959
7489	28	64	957	959
24677	28	1070	957	959
10273	28	395	957	959
95527	28	1266	957	959
51976	28	363	957	959
6402	28	1990	957	959
93874	28	58113	957	959
9887	28	149	957	959
17937	28	514	957	959
111772	28	2705	957	959
88908	28	3460	957	959
49615	28	21935	957	959
7731	28	104	957	959
11789	28	475	957	959
14501	28	2146	957	959
33766	28	3530	957	959
19636	28	174	957	959
25607	28	9582	957	959
61518	28	673	957	959
16203	28	428	957	959
21057	28	508	957	959
45496	28	1262	957	959
65029	28	1627	957	959
9656	28	149	957	959
22389	28	1228	957	959
74311	28	1559	957	959
19125	28	1424	957	959
10931	28	2977	957	959
111502	23	111235	957	959
18746	28	293	957	959
76756	28	964	957	959
28016	28	529	957	959
80636	28	1752	957	959
91837	28	2119	957	959
55636	28	3503	957	959
16213	28	387	957	959
15440	28	515	957	959
24461	28	1384	957	959
65900	28	883	957	959
22542	28	1335	957	959
60030	28	3144	957	959
13572	28	5153	957	959
11717	28	492	957	959
20480	28	27093	957	959
7251	28	1131	957	959
48535	28	1993	957	959
31435	28	17415	957	959
13805	28	569	957	959
15029	28	38	957	959
68806	28	42	957	959
82887	28	216	957	959
10229	28	4930	957	959
78050	28	805	957	959
15502	28	149	957	959
51074	28	22	957	959
62700	28	4235	957	959
6833	28	73	957	959
76542	28	1107	957	959
25563	28	901	957	959
15645	28	2439	957	959
9898	28	272	957	959
19942	28	1549	957	959
15833	28	485	957	959
18441	28	216	957	959
17135	28	620	957	959
8199	28	159	957	959
5434	28	236	957	959
17048	28	72	957	959
8360	1	94408	957	959
18456	28	653	957	959
56952	23	3114	957	959
62745	28	3425	957	959
27258	28	4930	957	959
43729	28	50	957	959
58824	28	570	957	959
12683	28	1684	957	959
6211	28	612	957	959
77613	28	377	957	959
95134	28	864	957	959
11624	28	583	957	959
51138	28	508	957	959
19075	28	234	957	959
78725	28	4729	957	959
79465	28	718	957	959
11990	28	1597	957	959
113560	28	1403	957	959
10852	28	79	957	959
6688	28	42	957	959
80108	28	1528	957	959
40593	28	694	957	959
17425	28	1611	957	959
12148	28	1644	957	959
23775	28	292	957	959
23070	28	2639	957	959
55965	28	2093	957	959
33128	28	6631	957	959
111829	28	635	957	959
26099	28	1253	957	959
19679	28	1137	957	959
14519	28	570	957	959
57023	28	353	957	959
20435	28	1022	957	959
129278	28	6909	957	959
20059	28	254	957	959
31884	28	693	957	959
35975	28	4049	957	959
8326	28	124	957	959
15551	28	1273	957	959
26687	28	231	957	959
11203	28	860	957	959
69778	28	1571	957	959
19219	28	906	957	959
21065	28	647	957	959
30003	28	717	957	959
61572	28	491	957	959
18390	28	594	957	959
10580	28	2763	957	959
130923	28	1292	957	959
56565	28	1006	957	959
14825	28	118	957	959
35990	28	1110	957	959
12547	28	14027	957	959
13307	28	469	957	959
17689	28	40	957	959
17976	28	321	957	959
19411	28	192	957	959
69547	28	15315	957	959
10775	28	45	957	959
41429	28	2568	957	959
16178	28	54	957	959
8123	28	109	957	959
15009	28	508	957	959
60424	28	1568	957	959
31694	28	829	957	959
14764	28	395	957	959
6017	28	215	957	959
59487	28	81	957	959
17353	28	54	957	959
31141	28	3762	957	959
33084	28	405	957	959
19269	28	1627	957	959
7838	28	65	957	959
15593	28	2052	957	959
12946	28	2569	957	959
9437	28	1741	957	959
68351	28	780	957	959
87027	28	1270	957	959
85439	28	379	957	959
30475	28	1216	957	959
20110	28	1032	957	959
24242	28	1421	957	959
46173	28	432	957	959
30923	28	4193	957	959
94253	28	1177	957	959
10979	28	1594	957	959
17886	28	286	957	959
20154	28	95	957	959
29520	28	786	957	959
91601	28	1078	957	959
20080	28	1933	957	959
38164	28	1227	957	959
70340	28	5801	957	959
5903	28	133	957	959
17066	28	3156	957	959
29680	28	17415	957	959
19932	28	1181	957	959
14186	28	1394	957	959
60439	28	1617	957	959
18666	28	234	957	959
5592	28	2292	957	959
12567	28	1078	957	959
8896	28	144	957	959
9669	28	69	957	959
108475	28	1367	957	959
81288	28	7118	957	959
23765	28	556	957	959
49052	28	3484	957	959
72419	28	4703	957	959
19875	28	5279	957	959
13885	28	238	957	959
95145	28	2335	957	959
124104	28	769	957	959
42983	28	3637	957	959
5902	28	1519	957	959
10182	28	1011	957	959
38485	28	1430	957	959
6275	28	1181	957	959
27050	28	1816	957	959
44976	28	406	957	959
13650	28	117	957	959
19069	28	267	957	959
35117	28	498	957	959
16242	28	481	957	959
74621	28	1327	957	959
9255	28	465	957	959
77439	28	2353	957	959
28034	28	3728	957	959
39455	28	1014	957	959
20984	28	50	957	959
3509	28	2085	957	959
6772	28	105	957	959
70624	28	2389	957	960
14229	28	216	957	960
29301	28	1014	957	960
33749	28	1803	957	960
12965	28	198	957	960
39323	28	395	957	960
45173	28	555	957	960
8467	28	694	957	960
16758	28	933	957	960
39559	28	2061	957	960
39640	28	4178	957	960
29890	28	1336	957	960
22463	28	146	957	960
19453	28	70	957	960
22480	28	872	957	960
14901	28	717	957	960
12825	28	185	957	960
12984	28	1720	957	960
53623	28	234	957	960
52208	28	3349	957	960
35012	28	7213	957	960
7875	28	67	957	960
19918	28	102	957	960
26391	28	2172	957	960
14865	28	253	957	960
63271	28	2485	957	960
63320	28	21745	957	960
41080	28	756	957	960
46345	28	1715	957	960
70678	28	239	957	960
29341	28	1850	957	960
26893	28	901	957	960
114976	28	1370	957	960
31078	28	140	957	960
11180	28	220	957	960
23433	28	36	957	960
63313	28	2052	957	960
33871	28	1027	957	960
47264	28	798	957	960
14253	28	56	957	960
62527	28	725	957	960
4557	28	1956	957	960
48063	28	1059	957	960
41693	28	10518	957	960
31407	28	1173	957	960
13664	28	2024	957	960
27345	28	304	957	960
48343	28	881	957	960
25131	28	1228	957	960
8661	28	4810	957	960
36353	28	653	957	960
27520	28	369	957	960
16389	28	429	957	960
65256	28	321	957	960
41865	28	145	957	960
20474	28	1394	957	960
19229	28	328	957	960
15877	28	1360	957	960
18033	28	99	957	960
72322	28	2791	957	960
15492	28	64	957	960
22072	28	105	957	960
25476	28	6033	957	960
19440	28	315	957	960
15934	28	720	957	960
36907	28	2051	957	960
56374	28	1743	957	960
8929	28	1169	957	960
13106	28	559	957	960
11642	28	282	957	960
41669	28	501	957	960
135917	28	12027	957	960
15982	28	702	957	960
24020	28	4316	957	960
18726	28	666	957	960
41415	28	131	957	960
19281	28	259	957	960
23836	28	23	957	960
5006	28	107	957	960
24717	28	2623	957	960
118093	28	2053	957	960
37466	28	2159	957	960
24827	28	45	957	960
39098	28	1887	957	960
9150	28	52	957	960
45111	28	6621	957	960
11491	28	647	957	960
64416	28	18062	957	960
29302	28	1755	957	960
11583	28	973	957	960
16702	28	1033	957	960
33439	28	423	957	960
57868	28	5736	957	960
19450	28	527	957	960
19460	28	81	957	960
57794	28	449	957	960
22395	28	3545	957	960
29888	28	1081	957	960
89619	28	1474	957	960
25741	28	193	957	960
53529	28	274	957	960
19584	28	230	957	960
40036	28	1734	957	960
15066	28	92	957	960
53790	28	185	957	960
16996	28	266	957	960
61267	28	256	957	960
89927	28	805	957	960
35090	28	118	957	960
5324	28	36	957	960
46318	28	1027	957	960
46885	28	273	957	960
20114	28	245	957	960
41008	28	1796	957	960
52875	28	1910	957	960
57890	28	266	957	960
9793	28	52	957	960
19756	28	593	957	960
45499	28	2763	957	960
39606	28	2022	957	960
31168	28	696	957	960
49252	28	2853	957	960
27123	28	295	957	960
15467	28	4324	957	960
47953	28	193	957	960
20646	28	778	957	960
66468	28	3799	957	960
30617	28	1524	957	960
54952	28	1346	957	960
14469	28	112	957	960
70818	28	13528	957	960
23751	28	202	957	960
4887	28	175	957	960
33518	28	63	957	960
15816	28	169	957	960
71979	28	99	957	960
11329	28	195	957	960
29876	28	345	957	960
105414	28	1058	957	960
17676	28	1910	957	960
97294	28	3452	957	960
36661	28	1120	957	960
15856	28	1551	957	960
9222	28	193	957	960
11309	28	1910	957	960
43876	28	3530	957	960
65633	28	1477	957	960
36872	28	292	957	960
88768	28	9126	957	960
95882	28	83	957	960
101292	28	704	957	960
29969	28	201	957	960
20499	28	615	957	960
9374	28	555	957	960
49310	28	328	957	960
32236	28	633	957	960
19511	28	560	957	960
42819	28	1036	957	960
25086	28	101	957	960
24168	28	2057	957	960
16358	28	210	957	960
7147	28	1292	957	960
19032	28	121	957	960
16913	28	193	957	960
18995	28	400	957	960
50984	28	1096	957	960
92030	28	2848	957	960
17261	28	334	957	960
28483	28	3645	957	960
6195	28	371	957	960
7296	28	91	957	960
12188	28	47	957	960
62612	28	10834	957	960
28515	28	1606	957	960
75833	28	920	957	960
38849	28	244	957	960
78417	28	1882	957	960
107045	28	44129	957	960
32948	28	903	957	960
34308	28	1005	957	960
65425	28	455	957	960
35900	28	161	957	960
24231	28	485	957	960
58416	28	87	957	960
58185	28	1728	957	960
91889	28	621	957	960
12471	28	199	957	960
27659	28	177	957	960
39729	28	798	957	960
14165	28	755	957	960
11406	28	250	957	960
32356	28	195	957	960
17829	28	1530	957	960
76622	28	31976	957	960
9318	28	43	957	960
21202	28	69	957	960
9429	28	227	957	960
16178	28	112	957	960
30441	28	4865	957	960
8184	28	554	957	960
9882	28	165	957	960
143047	28	9151	957	960
73282	28	17437	957	960
22488	28	185	957	960
24890	28	649	957	960
45585	28	1432	957	960
27549	28	153	957	960
19405	28	39	957	960
85781	28	1745	957	960
15694	28	973	957	960
6610	28	1551	957	960
21510	28	995	957	960
33110	28	991	957	960
18400	28	593	957	960
20939	28	490	957	960
59768	28	3949	957	960
18133	28	1528	957	960
13232	28	551	957	960
8141	28	490	957	960
76124	28	354	957	960
24625	28	1262	957	960
61255	28	1245	957	960
12031	28	963	957	960
12458	28	787	957	960
48387	28	1936	957	960
20363	28	42	957	960
6462	28	19	957	960
7982	28	1096	957	960
15818	28	132	957	960
21983	28	749	957	960
51055	28	403	957	960
69611	28	1624	957	960
8989	28	436	957	960
91515	28	2477	957	960
27904	28	572	957	960
51060	28	177	957	960
30346	28	1925	957	960
38113	28	720	957	960
31338	28	1763	957	960
28549	28	253	957	960
9133	28	259	957	960
29209	28	144	957	960
51093	28	1925	957	960
60064	28	5973	957	960
37600	23	108867	957	960
9853	28	81	957	960
32529	28	325	957	960
36908	28	451	957	960
6355	28	558	957	960
31437	28	756	957	960
6734	28	198	957	960
11151	28	1384	957	960
57007	28	49988	957	960
60144	28	99	957	960
91592	28	996	957	960
94266	28	2430	957	960
37817	28	523	957	960
28744	28	627	957	960
11146	28	57	957	960
7941	28	793	957	960
31057	28	643	957	960
56225	28	828	957	960
45730	28	3505	957	960
13103	28	19	957	960
7376	28	175	957	960
16946	28	67	957	960
83444	28	12270	957	960
4734	28	48	957	960
12813	28	16	957	960
54881	28	1058	957	960
33684	28	1172	957	960
71030	28	4524	957	960
12685	28	20	957	960
24080	28	358	957	960
18613	28	454	957	960
13209	28	680	957	960
44633	28	1400	957	960
109559	28	71	957	960
13420	28	1629	957	960
32060	28	1124	957	960
5434	28	52	957	960
58111	28	366	957	960
16127	28	2019	957	960
13932	28	175	957	960
21100	28	175	957	960
38237	28	2145	957	960
15595	28	91	957	960
20897	28	56	957	960
53797	28	9041	957	960
18188	28	153	957	960
103593	28	3109	957	960
48241	28	2563	957	960
36384	28	461	957	960
11046	28	2259	957	960
29521	28	3362	957	960
7763	28	672	957	960
51407	28	386	957	960
29156	28	3276	957	960
11375	28	556	957	960
61281	28	167	957	960
19062	28	123	957	960
7079	28	894	957	960
48997	28	608	957	960
18949	28	49	957	960
99200	28	1431	957	960
24037	28	2150	957	960
56565	28	36056	957	960
13936	28	199	957	960
45967	28	2766	957	960
13778	28	3551	957	960
27184	28	450	957	960
21427	28	144	957	960
73961	28	4315	957	960
68604	28	694	957	960
38100	28	251	957	960
127741	28	739	957	960
29530	28	912	957	960
28565	28	530	957	960
16102	28	3212	957	960
10895	28	203	957	960
65963	28	1528	957	960
19708	28	292	957	960
77156	28	171	957	960
127981	28	4277	957	960
42708	28	384	957	960
40122	28	288	957	960
69943	28	1282	957	960
77914	28	1267	957	960
15974	28	462	957	960
59460	28	1177	957	960
28789	28	2018	957	960
29663	28	101	957	960
31754	28	991	957	960
10963	28	1684	957	960
32370	28	3447	957	960
73158	28	1968	957	960
20627	28	46	957	960
28646	28	1095	957	960
41019	28	1095	957	960
29868	28	86	957	960
21720	28	1023	957	960
34724	28	962	957	960
32542	28	639	957	960
22341	28	53	957	960
15383	28	1860	957	960
11488	28	16	957	960
26856	28	253	957	960
38522	28	2598	957	960
22935	28	1016	957	960
13126	28	178	957	960
17568	28	112	957	960
12160	28	31	957	960
35228	28	339	957	960
20063	28	972	957	960
69133	28	2834	957	960
17851	28	1711	957	960
55664	28	798	957	960
18378	28	524	957	960
78328	28	496	957	960
30648	28	919	957	960
113463	28	22005	957	960
19733	28	263	957	960
32051	28	1962	957	960
27913	28	260	957	960
33709	28	752	957	960
30813	28	4347	957	960
18081	28	265	957	960
93033	28	222	957	960
13748	28	2659	957	960
31859	28	224	957	960
28478	28	366	957	960
20443	28	364	957	960
28848	28	881	957	960
10617	28	37	957	960
19074	28	1741	957	960
9443	28	154	957	960
15978	28	3484	957	960
11231	28	436	957	960
44588	28	4324	957	960
15783	28	2057	957	960
14375	28	343	957	960
26354	28	31	957	960
32344	28	181	957	960
44194	28	291	957	960
4254	28	110	957	960
23742	28	1199	957	960
6287	28	415	957	960
30066	28	634	957	960
101250	28	3213	957	960
7328	28	49	957	960
104238	28	6068	957	960
63660	28	649	957	960
52544	28	1067	957	960
85681	28	1027	957	960
9622	28	136	957	960
19736	28	717	957	960
41453	28	1359	957	960
8125	28	748	957	960
14503	28	454	957	960
24490	28	1816	957	960
18595	28	52	957	960
90244	28	99	957	960
27526	28	274	957	960
34255	28	1670	957	960
52786	28	806	957	960
20320	28	40	957	960
42531	28	3939	957	960
6534	28	86	957	960
22264	28	587	957	960
21078	28	294	957	960
12343	28	956	957	960
40896	28	2943	957	960
38057	28	6783	957	960
42236	28	5377	957	960
10825	28	123	957	960
107565	28	50572	957	960
80599	28	2943	957	960
62509	28	449	957	960
37022	28	894	957	960
15933	28	227	957	960
104230	28	1320	957	960
34840	28	222	957	960
19874	28	170	957	960
12706	28	318	957	960
18731	28	65	957	960
12768	28	1752	957	960
10663	28	52	957	960
9188	28	323	957	960
47874	28	42	957	960
60228	28	819	957	960
13596	28	2426	957	960
47601	28	238	957	960
18029	28	1199	957	960
47825	28	1292	957	960
22691	28	507	957	960
85108	28	51919	957	960
15381	28	686	957	960
20508	28	70	957	960
47501	28	346	957	960
35252	28	2003	957	960
21395	28	533	957	960
39443	28	42	957	960
29220	28	131	957	960
44503	28	136	957	960
79035	28	2442	957	960
12214	28	535	957	960
51416	28	290	957	960
11674	28	120	957	960
37420	28	1050	957	960
69382	28	230	957	960
52123	28	4729	957	960
20009	28	793	957	960
42731	28	1004	957	960
23017	28	1910	957	960
96831	28	1466	957	960
11192	28	265	957	960
28131	28	234	957	960
20906	28	682	957	960
23688	28	1743	957	960
9674	28	609	957	960
52856	28	417	957	960
19794	28	1684	957	960
22797	28	647	957	960
15810	28	530	957	960
33766	28	509	957	960
15179	28	985	957	960
71894	28	216	957	960
5940	28	71	957	960
97939	28	1370	957	960
92329	28	796	957	960
17546	28	1096	957	960
36984	28	668	957	960
32198	28	315	957	960
23436	28	675	957	960
23807	28	321	957	960
12939	28	1850	957	960
16178	28	1139	957	960
31648	28	256	957	960
17326	28	1258	957	960
54980	28	1623	957	960
50291	28	387	957	960
24465	28	748	957	960
44446	28	1417	957	960
20290	28	1199	957	960
24248	28	126	957	960
48561	28	3383	957	960
20734	28	154	957	960
28057	28	442	957	960
22099	28	537	957	960
33259	28	2571	957	960
8091	28	615	957	960
18895	28	2607	957	960
9772	28	167	957	960
8831	28	231	957	960
85630	23	153745	957	960
14838	28	1005	957	960
15123	28	81	957	960
24689	28	122	957	960
32087	28	3195	957	960
37258	28	649	957	960
23985	28	2041	957	960
24791	28	499	957	960
95734	28	369	957	960
27503	28	2394	957	960
21188	28	1412	957	960
10688	28	591	957	960
18204	28	586	957	960
23463	28	231	957	960
22049	28	72	957	960
17806	28	535	957	960
25181	28	1910	957	960
10109	28	133	957	960
65274	28	5616	957	960
5759	28	672	957	960
27594	28	1139	957	960
25105	28	363	957	960
28010	28	177	957	960
27579	28	2426	957	960
34392	28	490	957	960
37203	28	1617	957	960
17235	28	2527	957	960
42764	28	145	957	960
23923	28	167	957	960
9565	28	245	957	960
36856	28	625	957	960
49603	28	470	957	960
27527	28	381	957	960
12073	28	266	957	960
68618	28	710	957	960
14853	28	3148	957	960
33443	28	293	957	960
88618	28	67	957	960
34822	28	4143	957	960
8403	28	383	957	960
41576	28	13435	957	960
80788	28	1363	957	960
31172	28	71	957	960
22695	28	2363	957	960
80510	28	8036	957	960
16813	28	286	957	960
37191	28	124	957	960
97472	28	1525	957	960
79546	28	378	957	960
27867	28	15862	957	960
39903	28	974	957	960
33671	28	290	957	960
38095	28	981	957	960
38930	28	336	957	960
15909	28	1606	957	960
34224	28	292	957	960
41642	28	357	957	960
10592	28	1895	957	960
68324	28	905	957	960
19920	28	43	957	960
14194	28	1365	957	960
28026	28	3219	957	960
16543	28	1056	957	960
35252	28	1455	957	960
8768	28	176	957	960
54515	28	1925	957	960
20335	28	696	957	960
8771	28	490	957	960
7448	28	19	957	960
9680	28	523	957	960
17709	28	201	957	960
16584	28	456	957	960
17808	28	1501	957	960
84134	28	71	957	960
11898	28	253	957	960
15386	28	334	957	960
32061	28	702	957	960
53599	28	442	957	960
35217	28	2517	957	960
45348	28	9362	957	960
41104	28	365	957	960
21666	28	58	957	960
73448	28	357	957	960
38414	28	234	957	960
42936	28	505	957	960
13356	28	1677	957	960
53640	28	2330	957	960
48226	28	1371	957	960
25595	28	92348	957	960
11206	28	750	957	960
13894	28	411	957	960
14417	28	387	957	960
19434	28	1767	957	960
35444	28	56	957	960
13777	28	42	957	960
19026	28	257	957	960
19559	28	1434	957	960
6897	28	100	957	960
43032	28	1898	957	960
18390	28	146	957	960
38319	28	2150	957	960
45063	28	140	957	960
18171	28	572	957	960
10637	28	1912	957	960
5589	28	49	957	960
13439	28	702	957	960
47496	28	1096	957	960
52464	28	555	957	960
12679	28	252	957	960
57987	28	248	957	960
68180	28	1589	957	960
17147	28	995	957	960
28625	28	1096	957	960
94529	28	972	957	960
5884	28	120	957	960
36654	28	3492	957	960
64972	28	3868	957	960
128289	28	1014	957	960
12118	28	188	957	960
14525	28	602	957	960
17320	28	3195	957	960
59700	28	2125	957	960
50446	28	328	957	960
120474	28	31309	957	960
6816	28	649	957	960
60575	28	4866	957	960
120270	28	2793	957	960
9561	28	325	957	960
28765	28	1259	957	960
81277	28	1542	957	960
13953	28	80	957	960
30014	28	755	957	960
28626	28	1011	957	960
12703	28	1431	957	960
50625	28	1871	957	960
34557	28	280	957	960
53818	28	1711	957	960
30595	28	1356	957	960
17615	28	224	957	960
16263	28	254	957	960
7869	28	3153	957	960
9120	28	2414	957	960
151740	28	216	957	960
8768	28	699	957	960
50902	28	830	957	960
27328	28	411	957	960
39664	28	961	957	960
13429	28	85	957	960
28479	28	986	957	960
6318	28	33	957	960
32291	28	129	957	960
18497	28	266	957	960
8194	28	30	957	960
34762	28	901	957	960
59873	28	1010	957	960
82255	28	255	957	960
6532	28	274	957	960
95711	28	495	957	960
14498	28	303	957	960
112207	28	70770	957	961
39001	28	103	957	961
33502	28	252	957	961
34229	28	394	957	961
39690	28	798	957	961
9276	28	291	957	961
33367	28	422	957	961
26230	28	177	957	961
54002	28	248	957	961
39832	28	133	957	961
35372	28	968	957	961
85102	28	20160	957	961
63645	28	2234	957	961
35842	28	139	957	961
10183	28	303	957	961
23556	28	754	957	961
39134	28	758	957	961
11758	28	37	957	961
17865	28	635	957	961
96945	28	1806	957	961
48416	28	261	957	961
116122	28	8924	957	961
30297	28	883	957	961
13789	28	1176	957	961
56377	28	899	957	961
18536	28	103	957	961
42243	28	238	957	961
55010	28	1704	957	961
52456	28	4430	957	961
17286	28	502	957	961
37129	28	55	957	961
16021	28	449	957	961
37272	28	1679	957	961
35755	28	216	957	961
118126	28	5075	957	961
12793	28	493	957	961
22187	28	390	957	961
25759	28	41	957	961
6770	28	109	957	961
8343	28	2456	957	961
15061	28	139	957	961
11826	28	1080	957	961
8365	28	1160	957	961
19066	28	117	957	961
35569	28	1356	957	961
11763	28	842	957	961
10817	28	37	957	961
18587	28	5283	957	961
55356	28	3449	957	961
25094	28	251	957	961
25897	28	6414	957	961
64934	28	3378	957	961
6632	28	974	957	961
16367	28	564	957	961
55078	28	4078	957	961
9643	28	740	957	961
116948	28	325	957	961
13765	28	380	957	961
21961	28	2598	957	961
42679	28	712	957	961
10550	28	452	957	961
39467	28	2467	957	961
82820	28	45	957	961
14996	28	1577	957	961
42684	28	70	957	961
63963	28	1752	957	961
13197	28	1170	957	961
18124	28	2607	957	961
22559	28	92	957	961
15607	28	34	957	961
12604	28	2534	957	961
13828	28	41	957	961
9738	28	110	957	961
28556	28	2903	957	961
36050	28	1289	957	961
20887	28	348	957	961
21456	28	4203	957	961
32207	28	28	957	961
10970	28	30	957	961
44223	28	634	957	961
13385	28	573	957	961
90595	28	379	957	961
12861	28	397	957	961
18230	28	1619	957	961
32905	28	1589	957	961
16841	28	224	957	961
28670	28	20	957	961
107153	28	1918	957	961
53991	28	1882	957	961
22864	28	616	957	961
18874	28	1577	957	961
28674	28	493	957	961
23261	28	18	957	961
42714	28	245	957	961
11035	28	144	957	961
22543	28	1230	957	961
36827	28	469	957	961
43079	28	297	957	961
65586	28	622	957	961
44437	28	266	957	961
97387	28	289	957	961
90771	28	1222	957	961
38205	28	526	957	961
19556	28	885	957	961
28168	28	95	957	961
16059	28	3245	957	961
71849	28	1273	957	961
14168	28	256	957	961
57258	28	1910	957	961
104060	28	1023	957	961
22390	28	303	957	961
13913	28	119	957	961
78337	28	1596	957	961
8621	28	27	957	961
86284	28	366	957	961
101387	28	2598	957	961
107819	28	245	957	961
28604	28	1903	957	961
10951	28	304	957	961
11528	28	509	957	961
21103	28	481	957	961
21451	28	235	957	961
57314	28	211	957	961
23913	28	23111	957	961
126894	28	518	957	961
19347	28	143	957	961
31784	28	2003	957	961
59579	28	4345	957	961
24558	28	429	957	961
71631	28	802	957	961
40870	28	686	957	961
27856	28	1845	957	961
35445	28	1063	957	961
61835	28	2234	957	961
32902	28	123	957	961
48512	28	1279	957	961
19121	28	539	957	961
8088	28	869	957	961
20797	28	238	957	961
8132	28	458	957	961
9148	28	221	957	961
18397	28	696	957	961
27308	28	55	957	961
34286	28	959	957	961
80544	28	668	957	961
44044	28	756	957	961
68336	28	489	957	961
19492	28	129	957	961
55233	28	381	957	961
27142	28	970	957	961
52167	28	83	957	961
26529	28	508	957	961
19414	28	366	957	961
72131	28	2452	957	961
44600	28	13819	957	961
30779	28	1975	957	961
8914	28	369	957	961
27969	28	526	957	961
38046	28	95	957	961
19647	28	1093	957	961
60137	28	811	957	961
15127	28	2426	957	961
11362	28	28	957	961
31352	28	635	957	961
46936	28	293	957	961
20251	28	1370	957	961
7720	28	1070	957	961
23417	28	1544	957	961
12570	28	1523	957	961
34294	28	3308	957	961
49767	28	22	957	961
65511	28	328	957	961
21278	28	1640	957	961
80295	28	391	957	961
81933	28	2062	957	961
38628	28	602	957	961
10544	28	4116	957	961
36286	28	2096	957	961
75827	28	1299	957	961
9030	28	546	957	961
8526	28	22	957	961
21688	28	46	957	961
69900	28	1496	957	961
33858	28	2201	957	961
53232	28	1642	957	961
18487	28	826	957	961
8980	28	828	957	961
29431	28	582	957	961
15589	28	1560	957	961
10873	28	1360	957	961
19640	28	292	957	961
18855	28	217	957	961
70576	28	1146	957	961
12081	28	133	957	961
16774	28	388	957	961
11556	28	58	957	961
20002	28	101	957	961
8230	28	220	957	961
12394	28	502	957	961
30839	28	153	957	961
9038	28	63	957	961
8983	28	9194	957	961
30432	28	2100	957	961
14792	28	259	957	961
27467	28	1524	957	961
49627	28	98	957	961
93520	28	1004	957	961
10388	28	211	957	961
96963	28	3728	957	961
70393	28	490	957	961
14852	28	20	957	961
15691	28	334	957	961
38416	28	1700	957	961
18020	28	231	957	961
33576	28	433	957	961
27209	28	155	957	961
24040	28	1466	957	961
21612	28	1164	957	961
21511	28	71	957	961
40273	28	267	957	961
27234	28	333	957	961
79989	28	402	957	961
14640	28	162	957	961
91682	28	1147	957	961
33523	28	143	957	961
93620	28	1312	957	961
125026	28	6528	957	961
12505	28	19	957	961
17638	28	2018	957	961
114749	28	455	957	961
34397	28	531	957	961
78572	28	5745	957	961
16703	28	174	957	961
69984	28	1096	957	961
59532	28	1253	957	961
69111	28	1354	957	961
117928	28	2179	957	961
31112	28	63	957	961
33655	30	40114	957	961
25866	28	1423	957	961
92791	28	17038	957	961
12585	28	693	957	961
36465	28	378	957	961
17115	28	523	957	961
68727	28	17491	957	961
32145	28	742	957	961
35173	28	461	957	961
21603	28	142	957	961
57883	28	155	957	961
6056	28	699	957	961
65306	28	5973	957	961
16450	28	2768	957	961
16292	28	69	957	961
39405	28	1634	957	961
21733	28	105	957	961
154100	23	81265	957	961
23240	28	171	957	961
7973	28	702	957	961
111798	28	965	957	961
23037	28	144	957	961
11055	28	1090	957	961
38137	28	1607	957	961
11166	28	166	957	961
38609	28	185	957	961
11163	28	1395	957	961
31595	28	155	957	961
11157	28	91	957	961
10093	28	1018	957	961
67191	28	3004	957	961
13474	28	1436	957	961
10896	28	4116	957	961
51132	28	455	957	961
11643	28	1173	957	961
21596	28	291	957	961
9723	28	129	957	961
35886	28	1629	957	961
31230	28	1160	957	961
30681	28	228	957	961
51689	28	39	957	961
22968	28	1356	957	961
14814	28	193	957	961
80591	28	620	957	961
8346	28	303	957	961
59151	28	857	957	961
54175	28	691	957	961
26400	28	647	957	961
16196	28	3728	957	961
23307	28	16	957	961
44179	28	857	957	961
11522	28	1375	957	961
74829	28	614	957	961
8248	28	199	957	961
38034	28	430	957	961
16084	28	490	957	961
7155	28	236	957	961
21571	28	110	957	961
82059	28	9511	957	961
70286	28	869	957	961
65699	28	1221	957	961
76687	28	263	957	961
13942	28	423	957	961
28685	28	632	957	961
19678	28	991	957	961
8592	23	4214	957	961
4214	23	8592	957	961
38633	28	456	957	961
13739	28	485	957	961
12538	28	169	957	961
66365	28	412	957	961
8858	28	1131	957	961
14867	28	412	957	961
15077	28	1477	957	961
71102	28	2330	957	961
109648	28	1530	957	961
27894	28	470	957	961
102957	28	1283	957	961
53563	28	262	957	961
15919	28	80	957	961
38054	28	1144	957	961
22766	28	578	957	961
26670	28	1300	957	961
7625	28	215	957	961
11665	28	717	957	961
59680	28	2576	957	961
47477	28	1171	957	961
42628	28	508	957	961
11771	28	635	957	961
18552	28	1312	957	961
66535	28	3027	957	961
23840	28	133	957	961
21276	28	103	957	961
24022	28	205	957	961
72655	28	907	957	961
26421	28	153	957	961
26512	28	586	957	961
38103	28	556	957	961
44925	28	46	957	962
11294	28	6657	957	962
95999	28	1299	957	962
21885	28	1080	957	962
33957	28	530	957	962
25437	28	458	957	962
22458	28	56	957	962
33339	28	1139	957	962
25875	28	619	957	962
11810	28	303	957	962
46273	28	245	957	962
84265	28	574	957	962
98092	28	40664	957	962
30662	28	295	957	962
45923	28	556	957	962
30894	28	787	957	962
134670	28	35016	957	962
25159	28	327	957	962
28995	28	699	957	962
116832	28	554	957	962
31729	28	582	957	962
31351	28	18009	957	962
32252	28	235	957	962
19734	28	280	957	962
13450	28	1009	957	962
28018	28	309	957	962
35791	28	1379	957	962
33798	28	66	957	962
19016	28	283	957	962
45453	28	5459	957	962
25366	28	261	957	962
22145	28	1282	957	962
19452	28	456	957	962
116311	28	3714	957	962
7360	28	5257	957	962
103532	28	1207	957	962
76969	28	1267	957	962
17293	28	1117	957	962
52199	28	1228	957	962
30905	28	1028	957	962
52599	28	963	957	962
64199	28	922	957	962
91088	28	931	957	962
12277	28	1317	957	962
36365	28	518	957	962
41455	28	410	957	962
25984	28	43	957	962
56311	28	643	957	962
10210	28	244	957	962
7067	28	1375	957	962
106146	28	2621	957	962
8281	28	50	957	962
13233	28	198	957	962
34893	28	378	957	962
19793	28	79	957	962
14229	28	450	957	962
9787	28	720	957	962
42575	28	2456	957	962
63721	28	2399	957	962
35637	28	169	957	962
21494	28	386	957	962
51256	28	175	957	962
87708	28	36	957	962
17873	28	47	957	962
18362	28	1734	957	962
59604	28	506	957	962
25382	28	55	957	962
59452	28	3668	957	962
88647	28	2096	957	962
86120	28	1962	957	962
38369	28	110	957	962
67568	28	155	957	962
52537	28	146	957	962
15904	28	45	957	962
87790	28	3646	957	962
7745	28	523	957	962
40675	28	896	957	962
24439	28	542	957	962
21025	28	649	957	962
28336	28	1402	957	962
17473	28	92	957	962
108552	28	5440	957	962
11060	28	230	957	962
21322	28	227	957	962
16490	28	140	957	962
24163	28	1056	957	962
47652	28	1610	957	962
14548	28	160	957	962
63919	28	266	957	962
44549	28	150	957	962
13244	28	524	957	962
8132	28	661	957	962
38877	28	596	957	962
11059	28	231	957	962
40745	28	1368	957	962
18877	28	799	957	962
21013	28	201	957	962
20737	28	272	957	962
35549	28	1172	957	962
12299	28	98	957	962
20663	28	129	957	962
134035	28	49554	957	962
147027	28	5973	957	962
36215	28	1477	957	962
21921	28	3035	957	962
5587	28	223	957	962
79623	28	991	957	962
13004	28	58	957	962
69555	28	1286	957	962
25135	28	1383	957	962
13037	28	620	957	962
4901	28	40	957	962
16028	16	31211	957	962
52571	28	1624	957	962
35817	28	106	957	962
69188	28	216	957	962
56641	28	27	957	962
15690	28	1025	957	962
32776	28	2859	957	962
36723	28	469	957	962
41248	28	159	957	962
74647	28	1099	957	962
18903	28	248	957	962
33592	28	450	957	962
89297	28	1137	957	962
21539	28	69	957	962
18445	28	145	957	962
44712	28	437	957	962
94129	28	722	957	962
15883	28	228	957	962
58487	28	1031	957	962
15750	28	746	957	962
20637	28	42	957	962
32074	28	63	957	962
38105	28	169	957	962
72205	28	1316	957	962
10014	28	368	957	962
9883	28	864	957	962
37431	28	386	957	962
105799	28	3027	957	962
12224	28	798	957	962
9227	28	180	957	962
42462	28	174	957	962
25026	28	666	957	962
33983	28	461	957	962
8794	28	23	957	962
15807	28	231	957	962
18198	28	819	957	962
25399	28	1265	957	962
19683	28	1172	957	962
17912	28	453	957	962
41445	28	303	957	962
13543	28	36	957	962
31368	28	661	957	962
27356	28	818	957	962
45496	28	1193	957	962
19383	28	239	957	962
9351	28	166	957	962
15903	28	162	957	962
50542	28	925	957	962
14171	28	528	957	962
6196	28	135	957	962
59527	28	1176	957	962
88299	28	882	957	962
101066	28	379	957	962
27815	28	252	957	962
28806	28	186	957	962
42159	28	1059	957	962
79921	28	1033	957	962
26326	28	1181	957	962
47870	28	964	957	962
105954	28	7151	957	962
38184	28	221	957	962
31951	28	1094	957	962
18618	28	864	957	962
32978	28	796	957	962
18212	28	303	957	962
37086	28	4018	957	962
42565	28	739	957	962
33697	28	1050	957	962
108237	28	371	957	962
87490	28	254	957	962
27254	28	447	957	962
73811	28	1649	957	962
21105	28	885	957	962
105920	28	2467	957	962
125841	28	3901	957	962
19746	28	37	957	962
30227	28	514	957	962
23227	28	19	957	962
25076	28	1221	957	962
84623	28	4613	957	962
24533	28	72	957	962
10665	28	436	957	962
32438	28	124	957	962
31065	28	3656	957	962
13653	28	171	957	962
61762	28	12654	957	962
36902	28	398	957	962
50537	28	1210	957	962
13585	28	548	957	962
69066	28	10135	957	962
37687	16	31211	957	962
91665	28	798	957	962
48354	28	809	957	962
29913	28	1779	957	962
26006	28	1666	957	962
59403	28	1075	957	962
11823	28	58	957	962
44372	28	355	957	962
13983	28	451	957	962
6261	28	619	957	962
115949	28	31764	957	962
61378	28	1327	957	962
112615	28	1211	957	962
129041	28	1290	957	962
110797	28	309	957	962
57422	28	121	957	962
32387	28	968	957	962
24855	28	502	957	963
9227	28	68	957	963
61223	28	266	957	963
83246	28	806	957	963
34407	28	1413	957	963
25768	28	3496	957	963
7986	28	818	957	963
19848	28	646	957	963
98207	23	12014	957	963
26547	28	71	957	963
41092	28	916	957	963
85309	28	6657	957	963
41534	28	1159	957	963
64303	28	263	957	963
41963	28	498	957	963
116457	28	993	957	963
39890	28	413	957	963
116673	28	1653	957	963
117077	28	749	957	963
136363	28	3132	957	963
10112	28	47	957	963
21942	28	293	957	963
24938	28	1523	957	963
19547	28	629	957	963
34975	28	178	957	963
19953	28	2205	957	963
90265	28	205	957	963
14532	28	76	957	963
16851	28	1408	957	963
104490	28	2197	957	963
41422	28	4704	957	963
74204	28	785	957	963
12414	28	836	957	963
65306	28	1260	957	963
36045	28	1094	957	963
42707	28	2086	957	963
49478	28	931	957	963
66108	28	355	957	963
12540	28	1549	957	963
12253	28	6407	957	963
52456	28	617	957	963
78700	28	742	957	963
31511	28	933	957	963
86850	28	2569	957	963
22879	28	855	957	963
19409	28	82	957	963
49398	28	2147	957	963
107574	28	1090	957	963
25299	28	181	957	963
44324	28	564	957	963
59676	28	1185	957	963
27110	28	184	957	963
30545	28	3387	957	963
19288	28	635	957	963
58891	28	2083	957	963
28704	28	50	957	963
87087	28	37	957	963
24647	28	695	957	963
17868	28	22	957	963
19461	28	29	957	963
35432	28	7118	957	963
30628	28	1092	957	963
12379	28	2536	957	963
86435	28	1260	957	963
15979	28	1176	957	963
9250	28	49	957	963
109304	28	2228	957	963
19035	28	453	957	963
14026	28	620	957	963
27865	28	129	957	963
24468	28	732	957	963
72757	28	201	957	963
30579	28	1501	957	963
78728	28	899	957	963
32997	28	1882	957	963
44746	28	244	957	963
28676	28	19	957	963
26417	28	133	957	963
47753	28	387	957	963
38318	28	674	957	963
16997	28	1942	957	963
59794	28	120	957	963
18647	28	1519	957	963
28497	28	1204	957	963
12618	28	464	957	963
18718	28	181	957	963
37905	28	203	957	963
8136	28	98	957	963
29232	28	1712	957	963
15325	28	2140	957	963
13298	28	435	957	963
44467	28	1265	957	963
33063	28	268	957	963
30143	28	22	957	963
11079	28	109	957	963
8091	28	4574	957	963
21624	28	136	957	963
21433	28	126	957	963
23963	28	432	957	963
109750	28	526	957	963
20604	28	16	957	963
12735	28	1050	957	963
30503	28	1577	957	963
17082	28	37	957	963
19979	28	1850	957	963
32005	28	1063	957	963
12271	28	36	957	963
36875	28	496	957	963
53326	28	793	957	963
6794	28	159	957	963
29187	28	253	957	963
41686	28	550	957	963
17320	28	133	957	963
30282	28	192	957	963
39220	28	900	957	963
34076	28	1035	957	963
27520	28	217	957	963
44154	28	120	957	963
18842	28	2712	957	963
9712	28	16	957	963
18976	28	1570	957	963
28876	28	176	957	963
70360	28	672	957	963
10397	28	56	957	963
6599	28	74	957	963
69984	28	1610	957	963
17670	28	860	957	963
111475	28	3431	957	963
19684	28	783	957	963
18411	28	98	957	963
12721	28	110	957	963
91014	28	75439	957	963
17844	28	29	957	963
42831	28	1519	957	963
27900	28	253	957	963
69438	28	809	957	963
127671	28	254	957	963
17761	28	318	957	963
27728	28	2536	957	963
12757	28	95	957	963
24619	28	34	957	963
40877	28	309	957	963
15004	28	1634	957	963
18031	28	267	957	963
39794	28	400	957	963
109466	28	85	957	963
44721	28	901	957	963
63699	23	103947	957	963
21342	28	3047	957	963
11905	28	66	957	963
76888	28	647	957	963
52855	28	500	957	963
63166	28	1059	957	963
23398	28	3035	957	963
70508	28	1305	957	963
9482	28	36	957	963
52136	28	1020	957	964
22218	28	1570	957	964
14686	28	71	957	964
47222	28	167	957	964
44830	28	1059	957	964
47775	28	1431	957	964
87211	28	3267	957	964
20407	28	1641	957	964
20963	28	458	957	964
76115	28	22	957	964
102540	28	38893	957	964
33513	28	1267	957	964
18760	28	523	957	964
14596	28	699	957	964
46893	28	68	957	964
10571	28	668	957	964
10616	28	423	957	964
26680	28	1260	957	964
11960	28	648	957	964
9116	28	295	957	964
36579	28	792	957	964
7741	28	445	957	964
25031	28	92	957	964
34071	28	866	957	964
35835	28	1943	957	964
66094	28	453	957	964
163355	28	1279	957	964
28366	28	76	957	964
23388	28	184	957	964
19305	28	51	957	964
49666	28	507	957	964
93198	28	809	957	964
14692	28	135	957	964
42108	28	546	957	964
55326	28	1117	957	964
52861	28	170	957	964
103206	28	925	957	964
100836	28	833	957	964
12298	28	29	957	964
60105	28	622	957	964
117628	28	159	957	964
33682	28	523	957	964
22805	28	933	957	964
94649	28	1492	957	964
42170	28	547	957	964
28040	28	691	957	964
80793	28	380	957	964
34586	28	1691	957	964
34097	28	117	957	964
36839	28	445	957	964
127926	28	2489	957	964
45666	28	20760	957	964
13284	28	268	957	964
51853	28	2685	957	964
51011	28	442	957	964
49121	28	292	957	964
48710	28	523	957	964
35883	28	1423	957	964
38113	28	481	957	964
33858	28	417	957	964
93108	28	1903	957	964
51897	28	381	957	964
24475	28	199	957	964
76461	28	753	957	964
59549	28	1610	957	964
29057	28	1882	957	964
19509	28	465	957	964
49526	28	560	957	964
143438	28	1324	957	964
28063	28	295	957	964
26866	28	702	957	964
22300	28	464	957	964
30610	28	228	957	964
37182	28	154	957	964
47624	28	171	957	964
8309	28	3106	957	964
33374	28	1628	957	964
52861	28	1033	957	964
20610	28	68	957	964
36307	28	140	957	964
104370	28	412	957	964
33054	28	1070	957	964
16391	28	818	957	964
8486	28	142	957	964
30906	28	1009	957	964
28608	28	691	957	964
18874	28	8632	957	964
8322	28	14	957	964
41929	28	1050	957	964
93875	28	4810	957	964
41542	28	903	957	964
71799	28	222	957	964
7689	28	98	957	964
11343	28	548	957	965
33944	28	2259	957	965
19506	28	267	957	965
46245	28	869	957	965
14975	28	526	957	965
11205	28	917	957	965
41347	28	291	957	965
41090	28	23	957	965
10471	28	458	957	965
24189	28	268	957	965
18904	28	450	957	965
15550	28	348	957	965
27020	28	269	957	965
34685	28	1583	957	965
57156	28	5549	957	965
31859	28	523	957	965
25193	28	216	957	965
19146	28	103	957	965
77739	28	1887	957	965
45101	28	753	957	965
13680	28	550	957	965
77390	28	288	957	965
28520	28	1265	957	965
42903	28	1036	957	965
66771	28	1020	957	965
62268	28	437	957	965
66968	28	2865	957	965
49471	28	364	957	965
25082	28	1345	957	965
85171	28	402	957	965
117006	28	4458	957	965
143788	28	1708	957	965
20462	28	461	957	965
9580	28	45	957	965
15439	28	149	957	965
23289	28	193	957	965
38445	28	29	957	965
6587	28	244	957	965
93117	28	328	957	965
15661	28	220	957	965
15859	28	174	957	965
12519	28	1028	957	965
36227	28	210	957	965
20352	28	1160	957	965
11898	28	850	957	965
86087	28	216	957	965
32365	28	1265	957	965
10259	28	60	957	965
16804	28	1028	957	965
28803	28	2685	957	965
18138	28	295	957	965
49655	28	1171	957	965
102530	28	238	957	965
181736	14	23757	957	965
21573	28	495	957	965
11156	28	547	957	965
30303	28	464	957	965
43502	28	1036	957	965
70651	28	2793	957	965
76754	28	2011	957	965
19576	28	40	957	965
118569	28	436	957	965
47949	28	1942	957	965
31785	28	3714	957	965
105826	28	1423	957	965
30521	28	276	957	965
25852	28	661	957	965
36493	28	1356	957	965
60812	28	191	957	966
82676	28	18873	957	966
83161	28	4269	957	966
22407	28	564	957	966
113334	28	2540	957	966
17795	28	185	957	966
9787	28	1099	957	966
31287	28	9280	957	966
13065	28	1528	957	966
20148	28	458	957	966
33433	28	991	957	966
9361	28	295	957	966
8046	28	726	957	966
75165	28	651	957	966
6105	28	60	957	966
36595	28	760	957	966
79809	28	743	957	966
51135	28	1749	957	966
51499	28	57	957	966
86042	28	1153	957	966
125183	28	37	957	966
27780	28	109	957	966
33664	28	42	957	966
51065	28	1421	957	966
96643	28	4458	957	966
104495	28	781	957	966
27874	28	29	957	966
11231	28	917	957	966
125739	28	2694	957	966
37445	28	1075	957	966
15859	28	34	957	966
42121	28	2774	957	966
6992	28	180	957	966
44507	28	377	957	966
11316	28	176	957	966
36545	28	1022	957	966
56484	28	1059	957	966
24193	28	532	957	966
38057	28	4802	957	966
69158	16	109928	957	966
110917	28	1708	957	966
38928	28	548	957	966
54675	28	864	957	966
43206	28	2061	957	966
12056	28	1075	957	966
70954	28	446	957	967
22084	28	657	957	967
11666	28	244	957	967
29917	28	494	957	967
46482	28	450	957	967
41531	28	1208	957	967
87966	28	22	957	967
46857	28	423	957	967
54403	28	216	957	967
26470	28	37	957	967
17507	28	653	957	967
23513	28	1504	957	967
36386	28	260	957	967
9999	28	1075	957	967
44431	28	317	957	967
60389	28	4975	957	967
27332	28	60	957	967
35470	28	547	957	967
18962	28	835	957	967
21458	28	1528	957	967
35327	23	70038	957	967
30932	28	205	957	967
6295	28	417	957	967
24634	28	850	957	967
51682	28	68	957	967
36905	28	450	957	967
15661	28	493	957	967
19968	28	1920	957	967
11423	28	668	957	967
47794	28	390	957	967
36960	28	65	957	967
53847	28	2774	957	968
19134	28	1390	957	968
35219	28	2371	957	968
36592	28	1167	957	968
78337	28	16672	957	968
24767	28	2358	957	968
40044	28	228	957	968
36994	23	3742	957	968
19894	28	2875	957	968
108281	28	366	957	968
85321	28	1796	957	968
34063	28	412	957	968
44734	28	423	957	968
29716	28	381	957	968
70353	28	1642	957	968
130387	14	775	957	968
50317	28	410	957	968
14428	28	674	957	968
30683	28	20	957	969
8184	28	458	957	969
93490	28	3316	957	969
14865	28	348	957	969
25607	28	280	957	969
21143	28	121	957	969
52005	28	6631	958	0
18611	28	484	958	0
60612	28	465	958	0
11254	28	1000	958	0
52103	28	3526	958	0
6260	28	186	958	0
14310	28	63	958	0
12833	28	398	958	0
5926	28	344	958	0
38972	14	12873	958	0
45115	28	835	958	0
11247	28	111	958	0
60928	14	308	958	0
7186	28	458	958	0
12938	28	706	958	0
29300	28	3599	958	0
5682	28	924	958	0
11430	28	1850	958	0
71083	28	282	958	0
39193	28	540	958	0
61119	28	2532	958	0
96362	14	308	958	0
25193	28	450	958	0
52653	28	3761	958	0
8515	28	462	958	0
22120	28	136	958	0
52073	28	14604	958	0
52769	28	2151	958	0
45562	28	1703	958	0
19179	28	2128	958	0
60963	28	903	958	0
83151	28	2394	958	0
5707	28	478	958	0
7820	28	250	958	0
11262	28	625	958	0
39623	28	5048	958	0
11505	28	537	958	0
71786	28	235	958	0
14381	28	648	958	0
34371	14	3622	958	0
11712	28	1124	958	0
11740	28	1703	958	0
96868	28	1000	958	0
34495	28	749	958	0
19496	28	5994	958	0
5069	28	215	958	0
19524	28	1948	958	0
17054	28	30093	958	0
72191	28	3637	958	0
53597	28	3027	958	0
6396	28	911	958	0
72207	28	337	958	0
72214	28	268	958	0
113548	28	1358	958	0
7358	28	283	958	0
84050	28	1907	958	0
22716	28	153	958	0
34831	28	1976	958	0
13344	28	3626	958	0
22753	14	6456	958	0
5644	28	77	958	0
14502	28	1097	958	0
72551	28	668	958	0
26110	28	434	958	0
40088	28	2774	958	0
26233	28	4195	958	0
19838	28	2348	958	0
6466	28	1720	958	0
113896	28	1147	958	0
10642	28	104	958	0
8747	28	331	958	0
72694	23	132831	958	0
72788	28	26013	958	0
19954	28	9147	958	0
6121	28	178	958	0
24768	28	794	958	0
46951	28	54339	958	0
98266	28	1468	958	0
45695	14	9720	958	0
12101	28	1434	958	0
12103	28	595	958	0
22046	28	1413	958	0
30405	28	391	958	0
26642	28	605	958	0
29494	28	295	958	0
13601	28	3692	958	0
23169	28	411	958	0
8727	28	219	958	0
26724	28	720	958	0
24961	14	133417	958	0
20221	28	605	958	0
85219	28	26039	958	0
3837	28	28	958	0
23236	28	332	958	0
17541	28	471	958	0
29055	28	1309	958	0
9317	28	2336	958	0
19375	28	184	958	0
6314	28	158	958	0
52004	28	63	958	0
13357	28	464	958	0
73732	28	15486	958	0
62696	28	1455	958	0
12221	28	1474	958	0
14221	28	1307	958	0
4077	28	626	958	0
11506	28	227	958	0
64056	28	99259	958	0
22112	28	1639	958	0
10634	28	265	958	0
35952	28	1266	958	0
22185	28	907	958	0
35990	28	1257	958	0
20068	28	5713	958	0
9400	28	925	958	0
9116	28	486	958	0
10588	28	6015	958	0
12295	28	180	958	0
5826	28	2702	958	0
20555	28	1874	958	0
8909	28	396	958	0
18894	28	119	958	0
48050	14	36093	958	0
13199	28	107	958	0
157777	28	1265	958	0
20615	28	10315	958	0
23315	28	463	958	0
10260	28	64444	958	0
5449	28	1311	958	0
99734	28	577	958	0
86288	28	2151	958	0
55624	28	1220	958	0
74463	28	917	958	0
48227	28	1163	958	0
36090	14	86351	958	0
41816	14	54589	958	0
86408	23	86409	958	0
86409	23	86408	958	0
5127	28	3627	958	0
23688	28	4476	958	0
33474	28	5800	958	0
115963	28	2774	958	0
9908	28	452	958	0
74845	28	2803	958	0
10958	28	47	958	0
64927	28	82	958	0
74984	28	8764	958	0
64972	28	720	958	0
10499	28	605	958	0
7390	28	14	958	0
65050	28	2107	958	0
4010	28	723	958	0
17643	28	640	958	0
75222	28	3526	958	0
36639	28	7232	958	0
31802	28	726	958	0
36658	28	1218	958	0
87112	28	1320	958	0
20898	28	1099	958	0
42322	14	36695	958	0
48091	28	1067	958	0
11001	28	1666	958	0
62278	28	1910	958	0
36734	28	463	958	0
48900	28	871	958	0
10696	28	704	958	0
64820	28	23	958	0
34051	28	323	958	0
20947	28	1264	958	0
8082	28	1309	958	0
48957	28	1910	958	0
40166	28	3526	958	0
19353	28	2263	958	0
6794	28	1404	958	0
87544	28	1660	958	0
54194	28	4003	958	0
20682	28	4581	958	0
42292	28	3524	958	0
6658	28	1514	958	0
65605	28	694	958	0
5673	28	726	958	0
6002	28	15180	958	0
48509	28	540	958	0
42628	28	1935	958	0
15266	28	3173	958	0
55850	28	3131	958	0
46703	28	1960	958	0
56774	28	1055	958	0
42716	28	780	958	0
7048	28	28	958	0
41815	28	5748	958	0
70820	28	570	958	0
82312	28	214	958	0
5784	28	4203	958	0
11396	28	894	958	0
24108	28	398	958	0
25871	28	846	958	0
83765	28	1413	958	0
45570	28	417	958	0
42861	28	450	958	0
39370	28	12373	958	0
82897	28	9679	958	0
19349	28	199	958	0
40033	28	1085	958	0
5910	28	24	958	0
5350	28	347	958	0
19404	28	436	958	0
10116	28	1468	958	0
54466	28	37	958	0
9462	28	464	958	0
24729	28	103	958	0
136479	14	159432	958	0
102052	28	2621	958	0
36801	28	4588	958	0
117972	28	2540	958	0
56041	28	911	958	0
17349	28	3810	958	0
76726	28	1175	958	0
22563	28	136	958	0
83851	28	712	958	0
4010	28	2035	958	0
29559	28	350	958	0
48490	28	129	958	0
17145	28	3385	958	0
19733	28	418	958	0
39814	28	778	958	0
65248	28	2148	958	0
33443	28	850	958	0
29033	28	350	958	0
14314	28	11298	958	0
4635	28	910	958	0
9072	28	462	958	0
57596	28	571	958	0
48309	28	2575	958	0
16441	28	1839	958	0
52400	28	9210	958	0
16539	28	2440	958	0
29239	28	701	958	0
29085	28	1162	958	0
118526	28	1075	958	0
4354	28	167	958	0
6722	28	39224	958	0
9268	28	5018	958	0
6322	28	625	958	0
25230	28	720	958	0
45428	28	4524	958	0
24997	28	280	958	0
18888	28	811	958	0
84241	28	2105	958	0
25146	28	1061	958	0
49958	28	716	958	0
9331	28	1231	958	0
45611	28	19167	958	0
8361	28	386	958	0
13029	28	210	958	0
21911	28	7791	958	0
19320	28	129	958	0
7108	28	82	958	0
34270	28	2209	958	0
8500	28	450	958	0
71666	28	3001	958	0
6776	28	104	958	0
45730	28	1218	958	0
9359	28	29713	958	0
160275	14	137551	958	0
71620	28	942	958	0
39617	28	4181	958	0
34221	28	383	958	0
112208	28	483	958	0
22483	28	3925	958	0
51964	28	21766	958	0
13250	28	671	958	0
9429	28	377	958	0
11581	28	25685	958	0
29881	28	769	958	0
11704	28	110	958	0
10535	28	14	958	0
57828	28	1690	958	0
29499	28	17019	958	0
82718	28	1934	958	0
35803	14	25938	958	0
10330	28	294	958	0
13291	28	315	958	0
10530	28	86	958	0
9512	28	454	958	0
96343	28	1134	958	0
5454	28	175	958	0
11820	28	739	958	0
22724	28	805	958	0
26085	28	124	958	0
19736	28	247	958	0
46493	28	3836	958	0
71761	28	632	958	0
26015	28	2175	958	0
58064	28	406	958	0
17643	28	486	958	0
7357	28	1311	958	0
15036	28	1186	958	0
15029	28	421	958	0
8001	28	421	958	0
52683	28	7224	958	0
114010	28	2793	958	0
40584	28	3222	958	0
15199	28	49	958	0
57909	28	1186	958	0
56575	28	634	958	0
2919	28	87	958	0
61719	28	1392	958	0
52586	28	15494	958	0
30688	28	83	958	0
56503	28	5524	958	0
12992	28	100	958	0
66540	28	1549	958	0
30637	28	731	958	0
5784	28	714	958	0
9649	28	344	958	0
15346	28	548	958	0
8046	28	42	958	0
4928	28	153	958	0
44805	28	337	958	0
15160	28	502	958	0
46951	28	4546	958	0
64500	23	45245	958	0
40840	28	595	958	0
45526	28	507	958	0
15054	28	608	958	0
35352	28	1455	958	0
67601	28	5740	958	0
78231	23	120195	958	0
120195	23	78231	958	0
90388	28	1544	958	0
4788	28	126	958	0
45135	28	29453	958	0
120402	28	2156	958	0
82540	28	2046	958	0
16581	28	92	958	0
19957	28	478	958	0
67788	28	4033	958	0
6121	28	1223	958	0
12939	28	486	958	0
22314	28	659	958	0
77023	28	533	958	0
20503	28	1266	958	0
50124	14	854	958	0
63979	28	5513	958	0
8515	28	361	958	0
11657	28	233	958	0
20469	28	29713	958	0
15332	28	251	958	0
10301	28	19	958	0
17030	28	926	958	0
14615	28	142	958	0
61819	28	3168	958	0
13199	28	239	958	0
83696	28	5331	958	0
17308	28	4203	958	0
31302	28	830	958	0
65218	28	412	958	0
12138	28	3016	958	0
13820	28	2185	958	0
29383	28	1841	958	0
31466	28	465	958	0
161862	14	32634	958	0
90946	28	2957	958	0
10696	28	2035	958	0
23608	28	2216	958	0
12737	28	565	958	0
48309	28	337	958	0
2272	23	9567	958	0
9567	23	2272	958	0
84093	28	307	958	0
23718	28	20722	958	0
41927	28	4200	958	0
21866	28	10385	958	0
17477	28	4080	958	0
17852	28	1333	958	0
55557	28	781	958	0
17861	28	398	958	0
10917	28	1032	958	0
121171	28	7095	958	0
25338	28	634	958	0
20734	28	869	958	0
99281	28	391	958	0
11420	28	42	958	0
70744	28	662	958	0
64986	28	25627	958	0
11775	28	1545	958	0
8673	28	5420	958	0
14517	28	914	958	0
8935	28	625	958	0
62691	28	766	958	0
140124	28	58091	958	0
6722	28	1249	958	0
8673	28	33	958	0
23295	28	989	958	0
8769	28	10710	958	0
79050	28	3681	958	0
36733	28	1232	958	0
36740	28	323	958	0
10260	28	1943	958	0
9380	28	485	958	0
13930	28	401	958	0
23891	28	31831	958	0
11863	28	925	958	0
54722	28	36073	958	0
18611	28	1499	958	0
87747	28	12982	958	0
35215	28	620	958	0
8338	28	1263	958	0
15900	28	2568	958	0
75176	28	455	958	0
13896	28	2156	958	0
57520	28	39224	958	0
15912	28	7071	958	0
68301	14	4265	958	0
36765	28	214	958	0
87327	28	4689	958	0
9382	28	1293	958	0
16781	28	7370	958	0
4010	28	704	958	0
78732	28	2916	958	0
25806	28	42476	958	0
9822	28	3039	958	0
29811	28	22	958	0
86303	28	4033	958	0
27772	28	227	958	0
22349	28	394	958	0
21048	28	88	958	0
8673	28	39	958	0
48550	28	339	958	0
7689	28	139	958	0
87652	28	1162	958	0
74535	28	1345	958	0
4839	28	871	958	0
91753	28	3217	958	0
40682	28	311	958	0
12821	28	102	958	0
65915	28	1028	958	0
12328	28	1624	958	0
5923	28	158	958	0
22609	28	527	958	0
66257	28	694	958	0
79396	28	3982	958	0
6992	28	695	958	0
89774	16	3012	958	0
57009	28	1356	958	0
13226	28	6433	958	0
21105	28	227	958	0
54387	28	1025	958	0
16519	28	1016	958	0
10886	28	250	958	0
13906	28	1063	958	0
4996	28	274	958	0
60858	28	860	958	0
19876	28	540	958	0
39614	28	2216	958	0
19003	28	53121	958	0
4792	28	3395	958	0
64240	28	1152	958	0
9500	28	139	958	0
5450	28	346	958	0
47525	28	630	958	0
10679	28	87	958	0
35319	28	465	958	0
10753	28	612	958	0
33886	28	63	958	0
16655	28	672	958	0
28069	28	5180	958	0
43039	28	1590	958	0
45957	28	21408	958	0
14893	28	605	958	0
55766	28	558	958	0
8771	28	484	958	0
13708	28	1764	958	0
8754	28	1959	958	0
40833	28	1933	958	0
54954	28	10454	958	0
29934	28	348	958	0
27423	28	136522	958	0
66539	28	32	958	0
41810	28	1056	958	0
18771	28	48	958	0
10713	28	2829	958	0
61762	28	4802	958	0
112770	28	7151	958	0
70814	28	38019	958	0
33533	28	3395	958	0
25518	28	298	958	0
31112	28	134	958	0
58065	28	605	958	0
5361	28	815	958	0
33730	28	228	958	0
10605	28	289	958	0
13057	14	1706	958	0
123079	28	1703	958	0
30995	28	2233	958	0
15783	28	536	958	0
58656	28	7534	958	0
32891	28	1330	958	0
7676	28	2409	958	0
68830	28	4581	958	0
30934	28	4739	958	0
6515	28	39	958	0
39538	28	1720	958	0
74933	28	454	958	0
12929	28	696	958	0
26694	14	3377	958	0
36705	28	1725	958	0
4030	28	2763	958	0
20300	28	7071	958	0
16199	28	169	958	0
8015	28	6093	958	0
13103	28	61	958	0
35508	28	1634	958	0
15117	28	574	958	0
15299	28	1358	958	0
115656	28	706	958	0
7781	28	904	958	0
5457	28	1507	958	0
83910	28	11298	958	0
48709	28	7232	958	0
66446	28	238	958	0
11569	28	33	958	0
5435	28	38	958	0
16613	28	1527	958	0
9613	28	930	958	0
20653	28	1028	958	0
40500	28	2487	958	0
10216	28	3165	958	0
26084	28	499	958	0
6588	28	100	958	0
36873	28	718	958	0
78064	28	1703	958	0
107249	28	1222	958	0
16225	28	463	958	0
10293	28	1356	958	0
29390	28	4581	958	0
11503	28	2803	958	0
40688	28	808	958	0
39421	28	8842	958	0
38255	28	1152	958	0
41856	28	2007	958	0
6961	28	2583	958	0
55930	28	920	958	0
4508	28	178	958	0
29912	28	1294	958	0
21482	28	516	958	0
12547	28	1644	958	0
14913	28	336	958	0
10804	28	1478	958	0
18705	28	2568	958	0
9828	28	1440	958	0
8739	28	748	958	0
17705	28	28	958	0
11091	28	625	958	0
4364	23	124009	958	0
124009	23	4364	958	0
8643	28	717	958	0
27060	28	339	958	0
7029	28	3165	958	0
4544	28	38	958	0
12482	28	467	958	0
107662	28	1887	958	0
9999	28	905	958	0
80464	28	46433	958	0
78457	28	80468	958	0
14547	28	818	958	0
38311	28	282	958	0
25677	28	1375	958	0
6588	28	48	958	0
50967	28	923	958	0
30146	28	1075	958	0
61846	28	1346	958	0
44330	28	510	958	0
22584	28	51	958	0
32675	28	4873	958	0
87610	28	574	958	0
21490	28	4033	958	0
7053	28	447	958	0
80548	28	605	958	0
33101	28	695	958	0
9202	28	21408	958	0
83009	28	171	958	0
12752	28	681	958	0
16136	28	32	958	0
16255	28	888	958	0
16256	28	602	958	0
9706	28	406	958	0
10386	28	122	958	0
17406	28	3027	958	0
93049	28	26828	958	0
5367	28	100	958	0
7811	28	276	958	0
101264	28	3326	958	0
101000	28	2991	958	0
39761	28	4347	958	0
5747	28	323	958	0
93407	28	4311	958	0
68578	28	1016	958	0
12530	28	464	958	0
42101	28	3526	958	0
21445	28	1660	958	0
7358	28	88	958	0
93466	16	3012	958	0
7504	28	3760	958	0
22826	28	6555	958	0
55370	28	7897	958	0
21508	28	1532	958	0
59347	28	3004	958	0
5784	28	1013	958	0
15116	28	1907	958	0
38415	28	2107	958	0
14308	28	1302	958	0
86752	28	2803	958	0
35898	28	739	958	0
12548	28	4185	958	0
9056	28	971	958	0
12766	28	498	958	0
12733	28	471	958	0
53015	28	21408	958	0
18755	28	144	958	0
50677	28	1691	958	0
7819	28	357	958	0
86178	28	6657	958	0
66968	28	3731	958	0
32862	28	1043	958	0
39018	28	31	958	0
69318	14	26402	958	0
15439	28	1923	958	0
64402	28	6939	958	0
18273	28	401	958	0
58890	28	2870	958	0
21144	28	13515	958	0
107200	28	547	958	0
8958	28	50	958	0
13099	28	2938	958	0
9172	28	919	958	0
59492	28	7385	958	0
9183	28	489	958	0
32675	28	39	958	0
12582	28	184	958	0
19635	28	162	958	0
124435	28	2564	958	0
89819	28	1896	958	0
66855	28	2870	958	0
14860	28	400	958	0
96570	28	4930	958	0
9745	28	975	958	0
6954	28	1048	958	0
80959	28	17019	958	0
10090	28	587	958	0
4030	28	1740	958	0
12680	28	215	958	0
20860	28	696	958	0
144537	28	1152	958	0
15522	28	149	958	0
88959	28	454	958	0
32898	28	815	958	0
22826	28	4778	958	0
26923	28	66	958	0
59989	28	836	958	0
10911	28	168	958	0
28784	28	478	958	0
69738	28	454	958	0
105198	28	427	958	0
56833	28	1703	958	0
13298	28	307	958	0
18144	28	78	958	0
18628	28	462	958	0
44198	28	2769	958	0
6735	28	150	958	0
22743	28	1000	958	0
48500	28	1094	958	0
7399	28	205	958	0
8805	28	445	958	0
45321	28	2271	958	0
15841	28	404	958	0
20876	28	77	958	0
12138	28	714	958	0
12203	28	351	958	0
66005	28	10620	958	0
42920	28	505	958	0
7191	28	281	958	0
19051	28	2035	958	0
21610	28	526	958	0
8644	28	515	958	0
27155	28	191	958	0
49538	28	43	958	0
33856	28	211	958	0
17591	28	720	958	0
86972	28	1632	958	0
37822	28	418	958	0
14320	28	642	958	0
12858	28	404	958	0
12060	28	850	958	0
22815	28	603	958	0
19288	28	198	958	0
12545	28	2319	958	0
77702	28	1144	958	0
63561	28	213	958	0
24486	28	907	958	0
75901	28	5748	958	0
69748	28	386	958	0
5433	28	102	958	0
55587	28	1762	958	0
33465	28	67	958	0
57298	23	145345	958	0
145345	23	57298	958	0
107260	28	8229	958	0
22543	28	135	958	0
5847	28	3323	958	0
9622	28	739	958	0
19260	28	176	958	0
4470	28	67	958	0
44248	28	1069	958	0
109160	14	444	958	0
43234	14	76444	958	0
58932	28	12326	958	0
8374	28	3728	958	0
94283	28	232	958	0
12412	28	682	958	0
73001	28	42476	958	0
47838	28	471	958	0
27072	28	2288	958	0
21125	28	1025	958	0
37931	28	2841	958	0
21021	28	510	958	0
92581	28	52342	958	0
93991	28	2870	958	0
49011	28	2803	958	0
54902	28	24383	958	0
11608	28	346	958	0
11145	28	58	958	0
59445	14	62793	958	0
59703	28	1738	958	0
22244	28	2156	958	0
17873	28	551	958	0
19377	28	2884	958	0
78228	28	217	958	0
93547	28	2867	958	0
92847	28	81403	958	0
32874	28	10334	958	0
13543	28	528	958	0
48584	28	104	958	0
7800	28	121	958	0
34929	28	11056	958	0
59260	28	6254	958	0
12325	28	1411	958	0
19320	28	570	958	0
10634	28	298	958	0
16194	28	668	958	0
9882	28	781	958	0
22395	28	470	958	0
5806	28	856	958	0
27970	28	911	958	0
29781	28	1691	958	0
33465	28	298	958	0
21029	28	2916	958	0
146206	30	59	958	0
24775	28	1431	958	0
8675	28	222	958	0
9857	28	82	958	0
80005	28	7385	958	0
12097	28	1163	958	0
18273	28	815	958	0
39330	28	2050	958	0
27544	28	7968	958	0
23387	28	9000	958	0
29558	28	3268	958	0
62689	28	1597	958	0
80134	28	8924	958	0
9344	28	184	958	0
26464	28	21408	958	0
59676	28	1061	958	0
6483	28	2233	958	0
6995	28	416	958	0
85219	28	821	958	0
33978	28	2018	958	0
15482	28	1652	958	0
6558	28	280	958	0
15857	28	1695	958	0
8274	28	86	958	0
53285	28	941	958	0
31888	28	3524	958	0
100495	14	74807	958	0
35689	28	4581	958	0
15402	28	332	958	0
6829	23	126972	958	0
72400	28	2941	958	0
92392	28	82677	958	0
8421	28	416	958	0
15347	28	104	958	0
6115	28	2174	958	0
10374	28	478	958	0
125674	28	25685	958	0
6870	28	1159	958	0
65448	28	4080	958	0
69293	28	2485	958	0
7515	28	931	958	0
78363	28	1455	958	0
12188	28	551	958	0
38872	28	1526	958	0
5730	28	55	958	0
69231	28	64444	958	0
99917	14	69404	958	0
85863	28	15315	958	0
21610	28	2363	958	0
12542	28	131	958	0
12675	28	81	958	0
82584	28	25472	958	0
25951	28	1725	958	0
18207	28	307	958	0
31608	14	3795	958	0
55917	28	17019	958	0
29116	28	703	958	0
7781	28	13515	958	0
46920	28	2075	958	0
79850	28	2602	958	0
68596	28	547	958	0
22816	28	571	958	0
40579	28	471	958	0
13803	28	337	958	0
78841	14	1217	958	0
80582	28	453	958	0
109393	28	25057	958	0
12538	28	47	958	0
108042	28	34	958	0
6013	28	31	958	0
82784	28	42853	958	0
14975	28	1963	958	0
28723	28	2803	958	0
56503	28	1554	958	0
42930	28	68	958	0
24571	28	2602	958	0
32304	28	2791	958	0
44890	28	731	958	0
73711	28	3213	958	0
16470	28	2876	958	0
26960	28	307	958	0
33133	28	594	958	0
6695	28	154	958	0
15594	28	1909	958	0
13231	28	339	958	0
109972	28	133	958	0
47687	28	1624	958	0
10724	28	461	958	0
11348	28	1488	958	0
11045	28	2270	958	0
83491	28	3977	958	0
133737	14	12184	958	0
20809	28	339	958	0
8320	28	343	958	0
9583	28	1528	958	0
59869	28	2666	958	0
12224	28	640	958	0
18408	28	5378	958	0
17705	28	126	958	0
79711	28	5513	958	0
28008	28	1181	958	0
30956	28	7232	958	0
66607	28	8924	958	0
106396	23	147757	958	0
40930	28	268	958	0
7133	28	404	958	0
38110	28	4059	958	0
12680	28	80	958	0
11025	28	307	958	0
5878	28	889	958	0
38822	28	2871	958	0
101618	28	1423	958	0
77442	28	391	958	0
80936	28	345	958	0
44155	28	1984	958	0
19318	28	1410	958	0
12613	28	395	958	0
16063	28	603	958	0
74303	23	110333	958	0
17240	28	640	958	0
5126	28	2773	958	0
40309	28	95	958	0
66259	23	127840	958	0
51620	28	1831	958	0
8756	28	1368	958	0
13132	28	471	958	0
11641	28	298	958	0
20225	28	1831	958	0
9441	28	205	958	0
67738	28	1060	958	0
19671	28	11776	958	0
19414	28	547	958	0
15149	28	1060	958	0
19046	28	1726	958	0
10112	28	416	958	0
55715	28	99	958	0
20676	28	670	958	0
9309	28	47	958	0
5361	28	401	958	0
5947	28	2386	958	0
35529	28	9459	958	0
13170	28	2175	958	0
5382	28	1066	958	0
31644	28	1541	958	0
18690	28	2803	958	0
12347	28	1306	958	0
26343	28	1933	958	0
78841	14	5305	958	0
56919	28	391	958	0
6908	28	569	958	0
6936	28	47	958	0
58945	28	454	958	0
7820	28	81	958	0
28534	28	746	958	0
18459	28	927	958	0
100555	28	23269	958	0
45154	28	131	958	0
59147	30	2357	958	0
7189	28	784	958	0
69716	28	1379	958	0
74908	28	5527	958	0
77931	28	3323	958	0
9255	28	1924	958	0
18232	28	294	958	0
26655	28	2802	958	0
23462	28	454	958	0
26673	28	3561	958	0
81776	28	828	958	0
21690	28	280	958	0
63322	28	2046	958	0
81171	28	560	958	0
8324	28	339	958	0
18022	28	526	958	0
57331	14	1491	958	0
68576	28	2485	958	0
24345	28	4581	958	0
43080	28	751	958	0
7720	28	4581	958	0
23512	28	4581	958	0
35160	28	1595	958	0
106559	28	632	958	0
8934	23	148647	958	0
148647	23	8934	958	0
21866	28	1210	958	0
16221	28	3637	958	0
110633	28	7641	958	0
18877	28	281	958	0
50766	28	1822	958	0
31424	28	276	958	0
74944	14	23525	958	0
44588	28	1642	958	0
14056	28	1222	958	0
55081	28	348	958	0
14466	28	14560	958	0
10180	28	1557	958	0
69892	28	1349	958	0
22394	28	911	958	0
7785	28	233	958	0
36703	28	691	958	0
11635	28	1110	958	0
50298	28	1760	958	0
34460	28	2189	958	0
68228	28	21408	958	0
13501	28	505	958	0
9491	28	73	958	0
8626	28	637	958	0
17598	28	2059	958	0
11498	28	595	958	0
31443	28	2677	958	0
95839	28	7897	958	0
42797	28	1356	958	0
56937	28	3172	958	0
8693	28	85	958	0
44324	28	397	958	0
34091	28	811	958	0
57205	28	23125	958	0
16195	28	1092	958	0
13068	28	2270	958	0
15248	28	135	958	0
11983	28	623	958	0
59794	28	985	958	0
22403	28	1839	958	0
51231	28	7898	958	0
15386	28	54	958	0
12187	28	3217	958	0
18443	28	742	958	0
15792	28	109	958	0
32300	28	38435	958	0
63274	28	7624	958	0
68650	28	4483	958	0
53767	28	1230	958	0
27123	28	32	958	0
128606	28	141	958	0
16841	28	1907	958	0
16254	28	890	958	0
6153	28	188	958	0
15120	28	808	958	0
11247	28	100	958	0
118390	14	7980	958	0
4981	28	445	958	0
32344	28	1725	958	0
4254	28	298	958	0
54943	28	2418	958	0
67788	28	1251	958	0
63094	28	459	958	0
20029	28	1325	958	0
10670	28	92	958	0
26069	28	551	958	0
11855	28	1660	958	0
30256	28	3460	958	0
84345	28	129	958	0
23675	28	396	958	0
45865	28	881	958	0
35658	28	32	958	0
86311	28	92125	958	0
69382	28	482	958	0
62069	28	25024	958	0
10447	14	19633	958	0
5291	28	893	958	0
5239	28	3165	958	0
72531	14	308	958	0
16302	28	2270	958	0
36750	28	1932	958	0
20152	28	927	958	0
89087	28	570	958	0
81600	28	483	958	0
35538	28	5238	958	0
90450	28	605	958	0
21458	28	3671	958	0
21681	28	2802	958	0
76822	28	2971	958	0
10065	28	781	958	0
49069	28	9797	958	0
15224	28	85	958	0
11996	28	540	958	0
5389	28	1328	958	0
11493	28	1063	958	0
17268	28	490	958	0
4629	28	670	958	0
105853	28	20722	958	0
70015	28	752	958	0
36947	28	484	958	0
32447	28	1980	958	0
102930	14	2297	958	0
18431	28	51871	958	0
6562	28	1164	958	0
58894	23	3533	958	0
13128	28	451	958	0
44415	28	1481	958	0
6146	28	263	958	0
86105	28	1269	958	0
66363	28	1124	958	0
10660	28	893	958	0
6288	28	2023	958	0
16577	28	573	958	0
21062	28	616	958	0
19241	28	484	958	0
39673	28	345	958	0
10515	28	666	958	0
13839	28	1633	958	0
13244	28	4541	958	0
20306	28	706	958	0
51252	28	3349	958	0
26624	28	2803	958	0
35881	28	2156	958	0
9351	28	1740	958	0
44384	28	398	958	0
51694	28	778	958	0
129174	28	6033	958	0
22967	28	3637	958	0
87263	28	92125	958	0
11901	28	860	958	0
14615	28	58	958	0
42438	28	890	958	0
28578	28	1611	958	0
19193	28	2568	958	0
69990	14	42872	958	0
8141	28	289	958	0
12327	28	744	958	0
34091	28	614	958	0
82830	28	415	958	0
33244	28	1013	958	0
60204	28	1754	958	0
38753	28	758	958	0
11229	28	1359	958	0
60609	28	1760	958	0
17640	28	434	958	0
81531	28	23960	958	0
173625	28	2694	958	0
20795	28	731	958	0
21749	28	570	958	0
79836	28	5173	958	0
4010	28	2702	958	0
9516	28	3027	958	0
5498	28	1186	958	0
11807	28	2485	958	0
63734	28	916	958	0
43858	28	1060	958	0
31663	28	1978	958	0
54701	28	1595	958	0
68787	28	474	958	0
91681	28	7791	958	0
28685	28	805	958	0
8448	28	23	958	0
12058	28	219	958	0
10088	28	162	958	0
5095	28	614	958	0
8257	28	1307	958	0
10640	28	3323	958	0
17319	28	417	958	0
74739	28	4345	958	0
46394	28	257	958	0
60395	28	1468	958	0
22288	28	3810	958	0
6146	28	276	958	0
24609	28	536	958	0
49174	28	20722	958	0
19850	28	808	958	0
26567	28	808	958	0
13672	28	122	958	0
23949	28	457	958	0
10797	28	1532	958	0
5143	28	871	958	0
33543	28	195	958	0
9075	28	1374	958	0
37271	28	14604	958	0
16712	28	290	958	0
32698	14	26402	958	0
81041	28	2977	958	0
13344	28	433	958	0
12488	28	65	958	0
30355	28	1672	958	0
23900	28	11211	958	0
7088	28	347	958	0
81904	28	908	958	0
109031	14	59155	958	0
45498	28	1405	958	0
60996	14	3795	958	0
19336	28	32	958	0
44191	28	1408	958	0
81046	28	418	958	0
59803	14	2964	958	0
13680	28	640	958	0
23663	28	7232	958	0
13936	28	962	958	0
64991	28	786	958	0
17763	28	726	958	0
84876	28	3949	958	0
8805	28	105	958	0
6958	28	445	958	0
7334	28	1568	958	0
67818	28	136	958	0
151253	28	1708	958	0
33244	28	751	958	0
7922	28	850	958	0
18494	28	1277	958	0
123079	28	1083	958	0
6243	28	73	958	0
53504	28	951	958	0
20003	28	161	958	0
22711	28	98	958	0
81119	28	345	958	0
62180	14	1667	958	0
36954	28	1413	958	0
15764	28	498	958	0
89502	28	920	958	0
17512	28	1074	958	0
19242	28	540	958	0
10237	28	464	958	0
94323	28	167	958	0
62406	28	3217	958	0
43001	28	2772	958	0
6182	28	339	958	0
77924	28	706	958	0
14887	28	2518	958	0
38449	28	927	958	0
18349	28	911	958	0
65513	28	7624	958	0
51605	28	2216	958	0
110860	28	783	958	0
27082	28	839	958	0
78912	28	63	958	0
15909	28	648	958	0
48151	28	850	958	0
32057	28	219	958	0
30995	28	1141	958	0
18734	28	250	958	0
103903	28	413	958	0
6986	28	3165	958	0
64582	28	2257	958	0
88953	28	605	958	0
12239	28	104	958	0
27049	28	2105	958	0
10249	28	802	958	0
9712	28	401	958	0
30457	28	478	958	0
44682	28	2189	958	0
19349	28	29	958	0
31735	28	1296	958	0
75864	28	1083	958	0
69187	28	4311	958	0
87923	28	13859	958	0
14153	28	3349	958	0
95616	28	523	958	0
51239	28	2159	958	0
27390	28	3212	958	0
4788	28	31	958	0
93170	28	5513	958	0
43876	28	911	958	0
40376	28	2583	958	0
14919	28	32	958	0
60635	28	809	958	0
28063	28	640	958	0
15339	28	1238	958	0
15669	28	1379	958	0
62760	14	2922	958	0
20598	28	89	958	0
121750	28	10334	958	0
8747	28	111	958	0
52683	28	2870	958	0
16712	28	622	958	0
109501	28	970	958	0
16853	28	4778	958	0
21144	28	1560	958	0
35885	28	2205	958	0
19790	28	3022	958	0
8068	28	1273	958	0
33931	28	1551	958	0
38616	28	1163	958	0
73019	14	44164	958	0
89834	28	2204	958	0
64288	28	2280	958	0
17020	28	872	958	0
20502	28	855	958	0
29945	28	1060	958	0
41429	28	1000	958	0
4601	28	528	958	0
9181	28	227	958	0
111472	28	2865	958	0
14595	28	828	958	0
11258	28	28	958	0
8122	28	219	958	0
28052	28	1000	958	0
13053	28	318	958	0
15629	28	136	958	0
8653	28	104	958	0
16038	28	1210	958	0
69937	28	1152	958	0
4508	28	91	958	0
39038	28	680	958	0
63235	28	605	958	0
19352	28	2323	958	0
7674	28	805	958	0
104758	28	1066	958	0
19018	28	267	958	0
50026	28	478	958	0
17936	28	58915	958	0
29749	28	1831	958	0
18074	28	1560	958	0
8547	28	471	958	0
65875	28	1547	958	0
84658	28	1132	958	0
62787	28	1270	958	0
13741	28	7095	958	0
8578	28	1015	958	0
72290	28	1292	958	0
17295	28	76	958	0
92324	28	3196	958	0
85310	28	37	958	0
55453	28	268	958	0
5543	28	1300	958	0
124226	6	1038	958	0
53924	28	1779	958	0
28321	23	13454	958	0
11634	28	1254	958	0
20463	28	818	958	0
64393	28	766	958	0
79969	28	3199	958	0
8331	28	117	958	0
65362	28	1364	958	0
49718	28	17019	958	0
14862	28	1785	958	0
4289	28	3630	958	0
62383	28	451	958	0
33007	28	3460	958	0
58338	28	905	958	0
14792	28	1176	958	0
11650	28	33	958	0
6690	28	1293	958	0
26110	28	951	958	0
66167	28	673	958	0
16448	28	400	958	0
22928	28	403	958	0
29913	28	890	958	0
32200	28	903	958	0
31039	28	1379	958	0
65911	28	526	958	0
7096	28	605	958	0
89744	28	2151	958	0
20434	28	1118	958	0
25695	28	2227	958	0
37392	28	3630	958	0
21879	28	511	958	0
45939	28	759	958	0
22895	28	2863	958	0
16996	28	594	958	0
19646	28	1075	958	0
8219	28	506	958	0
102929	28	1296	958	0
28309	28	536	958	0
48952	28	321	958	0
14475	28	29	958	0
36960	28	332	958	0
58654	14	1491	958	0
134918	28	3987	958	0
22367	28	507	958	0
22677	28	421	958	0
49721	28	1260	958	0
27322	28	1075	958	0
76309	28	835	958	0
26603	28	3347	958	0
4735	28	680	958	0
19511	28	418	958	0
49376	28	3799	958	0
106812	28	2632	958	0
15405	28	450	958	0
27990	28	74	958	0
43549	28	462	958	0
59490	28	3230	958	0
85942	28	904	958	0
50065	28	837	958	0
81328	28	20144	958	0
6559	28	276	958	0
11771	28	1307	958	0
41103	28	1110	958	0
7078	28	1499	958	0
19249	28	526	958	0
6244	28	82	958	0
45841	28	2154	958	0
11698	28	38	958	0
29153	28	1066	958	0
14348	28	484	958	0
36907	28	808	958	0
21993	28	860	958	0
14973	28	135	958	0
13941	28	1152	958	0
51839	28	1346	958	0
32313	28	592	958	0
12439	28	642	958	0
20446	28	4524	958	0
30030	28	1547	958	0
22004	28	397	958	0
23012	28	1634	958	0
31139	28	1379	958	0
81869	14	2911	958	0
6812	28	73	958	0
4077	28	573	958	0
55624	28	1640	958	0
48550	28	714	958	0
19939	28	510	958	0
10547	28	141	958	0
10150	28	1476	958	0
8203	28	802	958	0
8365	28	911	958	0
25768	28	2943	958	0
6244	28	1020	958	0
21238	28	41	958	0
73029	23	87749	958	0
87749	23	73029	958	0
5294	28	100	958	0
65181	28	2107	958	0
10102	28	171	958	0
38378	28	1270	958	0
71030	28	2004	958	0
7322	28	165	958	0
39421	28	303	958	0
14901	28	247	958	0
16615	28	471	958	0
52123	28	830	958	0
111119	28	4340	958	0
5781	28	149	958	0
13783	28	167	958	0
30311	28	1504	958	0
17021	28	3469	958	0
22960	28	2233	958	0
87535	28	21408	958	0
5013	28	110	958	0
25205	28	994	958	0
7041	28	219	958	0
9763	28	1763	958	0
15649	28	2440	958	0
58518	14	23821	958	0
22563	28	418	958	0
5389	28	795	958	0
72045	28	7224	958	0
71767	28	447	958	0
16317	28	106	958	0
178778	28	2694	958	0
22349	28	1535	958	0
48965	28	1059	958	0
9877	28	540	958	0
11528	28	911	958	0
15808	23	7694	958	0
7694	23	15808	958	0
21947	28	1020	958	0
7186	28	505	958	0
42186	28	805	958	0
11635	28	311	958	0
26369	28	132	958	0
27049	28	3385	958	0
69346	14	1418	958	0
12547	28	648	958	0
8923	28	92	958	0
10574	28	91	958	0
81090	28	551	958	0
24642	28	397	958	0
16291	28	2135	958	0
7787	28	149	958	0
5405	28	1333	958	0
16862	28	13143	958	0
50984	28	781	958	0
14126	28	2413	958	0
9661	28	274	958	0
41889	28	901	958	0
66019	28	540	958	0
78873	28	1660	958	0
6515	28	107	958	0
91094	28	4767	958	0
42783	28	1590	958	0
78708	28	904	958	0
59753	28	1535	958	0
16819	28	2128	958	0
15023	28	1692	958	0
19318	28	2113	958	0
16217	28	47	958	0
23961	28	2156	958	0
31959	28	16070	958	0
44246	28	6067	958	0
8504	28	323	958	0
52004	28	347	958	0
14552	28	100	958	0
22615	28	2175	958	0
37519	14	19865	958	0
40566	28	1775	958	0
44256	28	741	958	0
80387	28	20722	958	0
