8708	28	1474	958	961
6260	28	1506	958	961
12625	28	150	958	961
64991	28	586	958	961
20177	28	234	958	961
12243	28	1388	958	961
34492	28	216	958	961
18397	28	668	958	961
37388	28	268	958	961
14521	28	43	958	961
42498	28	31976	958	961
48526	28	174	958	961
9062	28	501	958	961
38065	28	528	958	961
31434	28	812	958	961
106787	28	6528	958	961
27385	28	883	958	961
103783	28	1279	958	961
35796	28	1537	958	961
19018	28	8414	958	961
80020	28	1923	958	961
4875	28	272	958	961
36217	28	244	958	961
37392	28	632	958	961
25533	28	52	958	961
53712	28	1057	958	961
73632	28	162	958	961
7681	28	726	958	961
69120	28	1524	958	961
92091	23	142809	958	961
9884	28	758	958	961
23185	28	303	958	961
7903	28	449	958	961
107599	28	232	958	961
5904	28	80	958	961
23947	28	1000	958	961
16581	28	89	958	961
11149	28	390	958	961
28186	28	1412	958	961
5781	28	110	958	961
124513	28	759	958	961
58765	28	1542	958	961
36863	28	162	958	961
57373	28	288	958	961
30146	28	454	958	961
18002	28	64	958	961
19375	28	703	958	961
6039	28	3265	958	961
17125	28	31	958	961
76303	28	2766	958	961
106729	28	3378	958	961
69607	28	1278	958	961
7521	28	79	958	961
42568	28	456	958	961
66640	28	787	958	961
55943	28	1682	958	961
29535	28	205	958	961
73197	28	780	958	961
35668	28	4284	958	961
11414	28	1855	958	961
27999	28	234	958	961
10024	28	882	958	961
21288	28	3960	958	961
62435	28	1283	958	961
18480	28	57	958	961
53947	28	1542	958	961
16273	28	71	958	961
53563	28	184	958	961
78728	28	5775	958	961
14193	28	1319	958	961
15988	28	475	958	961
34346	28	220	958	961
97474	28	232	958	961
45701	28	2325	958	961
47951	28	2381	958	961
36267	28	442	958	961
69383	28	12373	958	961
7415	28	22	958	961
20807	28	1211	958	961
50491	28	304	958	961
14134	28	245	958	961
20357	28	1431	958	961
104974	28	3848	958	961
16453	28	1107	958	961
37144	28	568	958	961
20597	28	76	958	961
53971	28	88031	958	961
52833	28	773	958	961
8137	28	587	958	961
30948	28	2576	958	961
92108	28	1346	958	961
79852	28	2234	958	961
45967	28	752	958	961
34994	28	203	958	961
8055	28	609	958	961
71792	28	2644	958	961
19280	28	162	958	961
92791	28	395	958	961
54343	28	1743	958	961
21129	28	13874	958	961
64180	28	2766	958	961
22854	28	574	958	961
9991	28	19	958	961
25797	28	155	958	961
11047	28	1666	958	961
77857	28	3661	958	961
38324	28	6425	958	961
27453	28	156	958	961
25828	28	331	958	961
7656	28	117	958	961
87463	28	2234	958	961
9043	28	149	958	961
31516	28	140	958	961
25738	28	839	958	961
22048	28	435	958	961
110035	28	1547	958	961
10716	28	123	958	961
31536	28	891	958	961
14599	28	428	958	961
44404	28	423	958	961
45634	28	1388	958	961
14609	28	297	958	961
88878	28	920	958	961
21958	28	686	958	961
51552	28	5572	958	961
28888	28	165	958	961
12520	28	311	958	961
51623	28	1871	958	961
17394	28	104	958	961
92803	28	1199	958	961
20190	28	4942	958	961
10605	28	502	958	961
18883	28	217	958	961
37747	28	1960	958	961
10661	28	186	958	961
26567	28	388	958	961
81782	28	1403	958	961
20283	28	752	958	961
49552	28	2257	958	961
110098	28	1136	958	961
29801	28	1421	958	961
9125	28	27	958	961
69697	28	14167	958	961
46122	28	386	958	961
38017	28	1998	958	961
24701	28	796	958	961
29883	28	73	958	961
73267	28	76	958	961
27739	28	410	958	961
28882	28	826	958	961
17685	28	678	958	961
17032	28	315	958	961
64960	28	1108	958	961
22971	28	507	958	961
143604	28	79580	958	961
61745	28	1299	958	961
106007	28	666	958	961
25173	28	625	958	961
5454	28	66	958	961
20409	28	101	958	961
35894	28	8253	958	961
17740	28	524	958	961
27733	28	2949	958	961
8280	28	100	958	961
6675	28	79	958	961
7992	28	256	958	961
27476	28	293	958	961
6995	28	22	958	961
31101	28	475	958	961
15654	28	158	958	961
38241	28	3027	958	961
62314	28	2490	958	961
66601	28	723	958	961
31815	28	1434	958	961
51632	28	2569	958	961
20388	28	524	958	961
33542	28	1258	958	961
22917	28	1221	958	961
11369	28	518	958	961
29263	28	922	958	961
23580	28	233	958	961
11084	28	846	958	961
22651	28	185	958	961
11945	28	227	958	961
56876	28	325	958	961
30721	28	1704	958	961
25042	28	1501	958	961
20196	28	1556	958	961
14986	28	365	958	961
42848	28	16070	958	961
93353	28	379	958	961
14001	28	73	958	961
7649	28	80	958	961
45962	28	1455	958	961
18555	28	331	958	961
17047	28	1606	958	961
31472	28	3778	958	961
50026	28	117	958	961
11175	28	109	958	961
23438	28	390	958	961
11777	28	750	958	961
22418	28	3799	958	961
33202	28	275	958	961
15705	28	49	958	961
17637	28	410	958	961
11033	28	196	958	961
8201	28	58	958	961
24869	28	156	958	961
9322	28	614	958	961
20730	28	105	958	961
13650	28	110	958	961
24466	28	989	958	961
35639	28	1264	958	961
18441	28	450	958	961
25825	28	1148	958	961
7821	28	231	958	961
51452	28	890	958	961
20375	28	1531	958	961
23600	28	174	958	961
18092	28	1230	958	961
19071	28	140	958	961
46719	28	470	958	961
28594	28	104	958	961
32869	28	575	958	961
40483	28	33	958	961
6282	28	100	958	961
71067	28	2174	958	961
67859	28	1522	958	961
111472	28	666	958	961
26735	28	364	958	961
23893	28	860	958	961
55626	28	35860	958	961
80856	28	783	958	961
75263	28	1031	958	961
16166	28	924	958	961
22679	28	199	958	961
15599	28	363	958	961
30010	28	540	958	961
6303	28	304	958	961
19693	28	639	958	961
13864	28	617	958	961
62377	28	2526	958	961
16532	28	146	958	961
30590	28	158	958	961
57033	28	2046	958	961
6086	28	124	958	961
58377	28	1083	958	961
51861	28	236	958	961
70294	28	703	958	961
67618	28	12988	958	961
16520	28	674	958	961
59866	28	41	958	961
30321	28	910	958	961
34596	28	38	958	961
59763	28	1309	958	961
15743	28	19	958	961
9159	28	402	958	961
103017	28	1403	958	961
95823	28	101	958	961
93457	28	45	958	961
60149	28	27	958	961
13837	28	995	958	961
11531	28	310	958	961
32757	28	100	958	961
20309	28	20	958	961
50047	28	325	958	961
27833	28	1520	958	961
10804	28	1514	958	961
9620	28	32	958	961
27797	28	572	958	961
28550	28	358	958	961
7406	28	970	958	961
58228	28	578	958	961
84494	28	675	958	961
27627	28	826	958	961
23306	28	925	958	961
52583	28	1300	958	961
9763	28	578	958	961
25376	28	476	958	961
16579	28	703	958	961
12130	28	2053	958	961
16206	28	51	958	961
18035	28	1093	958	961
64552	28	7530	958	961
7398	28	152	958	961
28463	28	16	958	961
9382	28	1022	958	961
27428	28	608	958	961
27540	28	3500	958	961
18862	28	5552	958	961
52667	28	4614	958	961
14034	28	64	958	961
19147	28	2065	958	961
31069	28	83	958	961
9573	28	168	958	961
65965	28	891	958	961
15539	28	1684	958	961
79179	28	2812	958	961
10822	28	866	958	961
60472	28	364	958	961
44328	28	474	958	961
73468	28	5331	958	961
47448	28	7474	958	961
16036	28	236	958	961
36476	28	1411	958	961
65521	28	1519	958	961
75213	28	232	958	961
12245	28	30	958	961
21589	28	857	958	961
12532	28	795	958	961
36887	28	2598	958	961
14783	28	175	958	961
52522	28	1918	958	961
68863	28	442	958	961
31493	28	380	958	961
9007	28	149	958	961
44720	28	5502	958	961
20542	28	100	958	961
30892	28	429	958	961
42121	28	3794	958	961
17758	28	3818	958	961
21248	28	1123	958	961
67060	28	3456	958	961
43272	28	531	958	961
68114	28	255	958	961
42364	28	2300	958	961
9655	28	236	958	961
41635	28	1981	958	961
14195	28	437	958	961
12338	28	592	958	961
60060	28	798	958	961
28433	28	920	958	961
31122	28	1560	958	961
12860	28	2061	958	961
9575	28	424	958	961
24744	28	123	958	961
78617	28	422	958	961
35178	28	85	958	961
56423	28	806	958	961
24681	28	155	958	961
81236	28	1962	958	961
19209	28	780	958	961
38114	28	669	958	961
35740	28	1118	958	961
35894	28	2057	958	961
14632	28	333	958	961
77310	28	2607	958	961
56330	28	245	958	961
87631	28	2997	958	961
11308	28	33	958	961
18349	28	832	958	961
8401	28	112	958	961
13225	28	1641	958	961
130634	28	960	958	961
5807	28	465	958	961
9216	28	70	958	961
5599	28	56	958	961
7574	28	548	958	961
12368	28	1095	958	961
27041	28	6016	958	961
73467	28	345	958	961
17304	28	1960	958	961
11652	28	469	958	961
82093	28	2489	958	961
32025	28	1752	958	961
89336	28	1650	958	961
40227	28	179	958	961
8905	28	64	958	961
29104	28	2065	958	961
6326	28	890	958	961
17584	28	554	958	961
36648	28	386	958	961
11176	28	104	958	961
11573	28	27	958	961
92502	28	2957	958	961
13589	28	156	958	961
95659	28	1577	958	961
25517	28	41	958	961
17322	28	165	958	961
9069	28	50	958	961
10724	28	371	958	961
79801	28	666	958	961
41551	28	1312	958	961
7097	28	52	958	961
19172	28	719	958	961
109428	28	1083	958	961
18257	28	5621	958	961
23135	28	53	958	961
11415	28	27	958	961
21154	28	177	958	961
86973	28	628	958	961
12701	28	691	958	961
22638	28	184	958	961
11690	28	253	958	961
19361	28	513	958	961
16317	28	394	958	961
28520	28	1649	958	961
100249	28	6143	958	961
7973	28	890	958	961
54027	28	355	958	961
16019	28	2335	958	961
8210	28	49	958	961
23371	28	1021	958	961
39434	28	1560	958	961
79348	28	920	958	961
8061	28	41	958	961
21411	28	20	958	961
40925	28	787	958	961
15671	28	159	958	961
53419	28	5962	958	961
49385	28	598	958	961
74123	28	1571	958	961
26046	28	1379	958	961
9655	28	27	958	961
32185	28	95	958	961
63666	28	516	958	961
56049	28	1383	958	961
15913	28	355	958	961
40740	28	635	958	961
15189	28	85	958	961
27783	28	703	958	961
8673	28	846	958	961
29260	28	510	958	961
130786	16	185855	958	961
67827	28	174	958	961
55219	28	211	958	961
66396	28	3728	958	961
11582	28	811	958	961
21549	28	637	958	961
16541	28	717	958	961
49574	28	235	958	961
16535	28	972	958	961
12226	28	1118	958	961
16191	28	54	958	961
16209	28	19	958	961
24686	28	230	958	961
12433	28	13327	958	961
45733	28	1524	958	961
9462	28	33	958	961
30637	28	510	958	961
7233	28	674	958	961
85124	28	1650	958	961
69932	28	2766	958	961
12752	28	842	958	961
32174	28	2576	958	961
44733	28	1594	958	961
28621	28	1345	958	961
33997	28	66	958	961
23845	28	51	958	961
113778	28	739	958	961
43331	28	92	958	961
28929	28	957	958	961
16683	28	979	958	961
38372	28	2768	958	961
19573	28	792	958	961
125991	28	1897	958	961
58145	28	1153	958	961
19183	28	463	958	961
12712	28	334	958	961
33740	28	51	958	961
32295	28	222	958	961
64705	28	1083	958	961
86629	28	686	958	961
46075	28	475	958	961
19906	28	1023	958	961
21649	28	507	958	962
44877	28	1413	958	962
44995	28	402	958	962
29097	28	556	958	962
83089	28	1887	958	962
14772	28	140	958	962
12764	28	150	958	962
84027	28	1254	958	962
84096	28	1206	958	962
19488	28	3469	958	962
19782	28	31	958	962
62626	28	13435	958	962
18843	28	273	958	962
85321	28	608	958	962
34482	28	991	958	962
31001	28	555	958	962
70920	28	722	958	962
10423	28	1395	958	962
23185	28	707	958	962
35906	28	144	958	962
11333	28	1384	958	962
12336	28	476	958	962
35711	28	221	958	962
7768	28	30	958	962
22483	28	2834	958	962
20844	28	222	958	962
17314	28	224	958	962
26276	28	347	958	962
12973	28	2528	958	962
19400	28	758	958	962
46468	28	537	958	962
35734	28	702	958	962
31836	28	575	958	962
18577	28	1507	958	962
74582	28	1316	958	962
87201	28	1853	958	962
45596	28	74	958	962
20234	28	64	958	962
35308	28	617	958	962
18034	28	19	958	962
14816	28	1221	958	962
112143	28	2834	958	962
34463	28	1402	958	962
14442	28	706	958	962
30687	28	254	958	962
25244	28	1993	958	962
74963	28	8764	958	962
19340	28	193	958	962
4792	28	505	958	962
8581	28	45	958	962
12592	28	574	958	962
24736	28	1033	958	962
33532	28	3924	958	962
33839	28	315	958	962
29445	28	1760	958	962
11443	28	188	958	962
89307	28	1117	958	962
25584	28	162	958	962
34126	28	920	958	962
64820	28	559	958	962
39618	28	962	958	962
25820	28	256	958	962
46255	28	995	958	962
34503	28	1363	958	962
11236	28	78	958	962
63702	28	619	958	962
26181	28	286	958	962
35513	28	706	958	962
13595	28	23	958	962
31013	28	546	958	962
47429	28	192	958	962
15491	28	240	958	962
18562	28	787	958	962
18622	28	1173	958	962
12943	28	110	958	962
8887	28	1388	958	962
20578	28	429	958	962
41597	28	87	958	962
5915	28	221	958	962
12346	28	353	958	962
60694	28	3959	958	962
34228	28	55	958	962
9802	28	165	958	962
55962	28	43	958	962
35003	28	112	958	962
9617	28	72	958	962
29825	28	628	958	962
36911	28	449	958	962
12885	28	2138	958	962
27757	28	1675	958	962
23826	28	542	958	962
21947	28	1956	958	962
33832	28	344	958	962
9407	28	154	958	962
18944	28	150	958	962
33832	28	20	958	962
17510	28	3492	958	962
9249	28	1767	958	962
18125	28	5442	958	962
9691	28	98	958	962
54674	28	1407	958	962
77469	28	1057	958	962
15990	28	150	958	962
11187	28	420	958	962
32399	28	957	958	962
61941	28	926	958	962
25190	28	135	958	962
25462	28	21358	958	962
34521	28	55	958	962
22451	28	4749	958	962
22675	28	1803	958	962
20385	28	201	958	962
107200	28	275	958	962
79600	28	42741	958	962
57456	28	1733	958	962
23384	28	481	958	962
38747	28	889	958	962
80326	28	131	958	962
13081	28	42	958	962
36421	28	121	958	962
7184	28	267	958	962
19088	28	940	958	962
41040	28	2205	958	962
90350	28	748	958	962
8196	28	82	958	962
59760	28	1309	958	962
19363	28	1577	958	962
100047	28	1221	958	962
48100	28	454	958	962
19524	28	1173	958	962
8183	28	39	958	962
14692	28	165	958	962
15424	28	64	958	962
12675	28	381	958	962
36854	28	760	958	962
34602	28	291	958	962
49538	28	65	958	962
7088	28	337	958	962
53987	28	766	958	962
12046	28	126	958	962
22490	28	395	958	962
7259	28	64	958	962
25979	28	972	958	962
11533	28	925	958	962
9968	28	2159	958	962
26452	28	2605	958	962
56528	28	20	958	962
50148	28	2338	958	962
11448	28	390	958	962
7045	28	16	958	962
39792	28	232	958	962
35868	28	1317	958	962
44052	28	145	958	962
7616	28	985	958	962
17943	28	159	958	962
60664	28	139	958	962
21687	28	980	958	962
50542	28	720	958	962
15658	28	2875	958	962
44232	28	211	958	962
51269	28	614	958	962
14961	28	643	958	962
35063	28	2740	958	962
47550	28	1305	958	962
18466	28	1239	958	962
11631	28	994	958	962
26571	28	129	958	962
32186	28	5476	958	962
51376	28	402	958	962
41052	28	57	958	962
127347	28	1167	958	962
61592	28	1321	958	962
35891	28	485	958	962
59225	28	5572	958	962
28008	28	1993	958	962
53122	28	1169	958	962
13011	28	696	958	962
29597	28	29015	958	962
30240	28	745	958	962
49137	28	169	958	962
38533	28	1656	958	962
41254	28	603	958	962
13164	28	707	958	962
21574	28	52	958	962
31164	28	103	958	962
38126	28	309	958	962
12835	28	109	958	962
40363	28	242	958	962
34928	28	10269	958	962
44003	28	551	958	962
16710	28	304	958	962
19106	28	2426	958	962
28092	28	16	958	962
10234	28	471	958	962
28601	28	1617	958	962
39741	28	1544	958	962
16231	28	27	958	962
10095	28	1379	958	962
20814	28	1639	958	962
30099	28	1193	958	962
71669	28	1019	958	962
38560	28	470	958	962
23403	28	161	958	962
23190	28	378	958	962
17511	28	100	958	962
17874	28	1395	958	962
16199	28	199	958	962
12606	28	39	958	962
39751	28	184	958	962
64091	28	350	958	962
94896	28	2376	958	962
42938	28	230	958	962
42523	28	461	958	962
18903	28	236	958	962
26024	28	495	958	962
31486	28	309	958	962
15649	28	637	958	962
21587	28	1559	958	962
13981	28	145	958	962
23404	28	707	958	962
93245	28	1670	958	962
15697	28	227	958	962
26425	28	491	958	962
9328	28	76	958	962
13929	28	2093	958	962
31007	28	1309	958	962
85540	28	1006	958	962
10471	28	720	958	962
17252	28	470	958	962
16700	28	528	958	962
32641	28	369	958	962
17080	28	2748	958	962
25835	28	380	958	962
16915	28	417	958	962
70015	28	2766	958	962
12973	28	674	958	962
26920	28	931	958	962
15025	28	289	958	962
79342	28	619	958	962
25723	28	289	958	962
22500	28	1015	958	962
29845	28	784	958	962
7699	28	142	958	962
7398	28	23	958	962
70255	28	1442	958	962
38729	28	36056	958	962
18207	28	140	958	962
15725	28	248	958	962
18665	28	456	958	962
21515	28	309	958	962
70297	28	4178	958	962
20920	28	715	958	962
38770	28	417	958	962
45885	28	1556	958	962
34365	28	95	958	962
12278	28	1007	958	962
11167	28	117	958	962
77346	28	37	958	962
35897	28	2686	958	962
32973	28	933	958	962
11984	28	132	958	962
46832	28	6425	958	962
34576	28	2003	958	962
10890	28	975	958	962
31861	28	4379	958	962
49141	28	990	958	962
70197	28	150	958	962
59093	28	21552	958	962
106914	28	5616	958	962
11892	28	647	958	962
14797	28	109	958	962
85180	28	369	958	962
21145	28	286	958	962
38770	28	2201	958	962
92679	28	1692	958	962
18169	28	1853	958	962
28494	28	70	958	962
17532	28	88	958	962
38008	28	254	958	962
38640	28	159	958	962
11507	28	47	958	962
91744	28	6053	958	962
18744	28	171	958	962
38579	28	471	958	962
14626	28	196	958	962
42968	28	248	958	962
80472	28	3125	958	962
74083	28	98	958	962
43209	28	185	958	962
88858	28	920	958	962
17347	28	707	958	962
40773	28	936	958	962
31845	28	970	958	962
36197	28	1317	958	962
33687	28	417	958	962
32371	28	602	958	962
26521	28	2263	958	962
29836	28	1206	958	962
7075	28	221	958	962
27394	28	1222	958	962
37153	28	1299	958	962
7311	28	158	958	962
33023	28	245	958	962
14303	28	136	958	962
32936	28	1162	958	962
38583	28	2319	958	962
35673	28	839	958	962
41006	28	144	958	962
18435	28	1070	958	962
35716	28	5665	958	962
8214	28	44	958	962
35657	28	1394	958	962
61867	28	1572	958	962
35734	28	1360	958	962
35169	28	826	958	962
26448	28	71	958	962
72490	28	679	958	962
84031	28	1589	958	962
31623	28	6909	958	962
25489	28	1853	958	962
20678	28	1956	958	962
35915	28	2215	958	962
18462	28	387	958	962
28005	28	1962	958	962
12170	28	696	958	962
5443	28	33	958	962
34889	28	276	958	962
90320	28	379	958	962
89534	28	49384	958	962
36750	28	1022	958	962
92797	28	686	958	962
48721	28	369	958	962
28975	28	228	958	962
36451	28	43	958	962
182657	28	75795	958	962
80122	28	4634	958	962
5209	28	528	958	962
19398	28	411	958	962
67360	28	3949	958	962
15287	28	60	958	962
5780	28	101	958	962
10848	28	110	958	962
94250	28	1245	958	962
109782	28	402	958	962
55270	28	989	958	962
56017	28	4942	958	962
28436	28	169	958	962
16122	28	132	958	962
130283	28	1803	958	962
10839	28	280	958	962
11844	28	1923	958	962
50446	28	1061	958	962
23756	28	135	958	962
44220	28	355	958	962
27468	28	1107	958	962
81028	28	706	958	962
49453	28	498	958	962
84131	28	1596	958	962
23736	28	158	958	962
59902	28	1938	958	962
105422	28	3059	958	962
94775	28	7052	958	962
17926	28	829	958	962
75464	28	2467	958	962
16042	28	169	958	962
28808	28	348	958	962
33813	28	118	958	962
66381	28	587	958	962
13392	28	693	958	962
19605	28	989	958	962
45022	28	614	958	962
13007	28	129	958	962
37377	28	379	958	962
27068	28	41	958	962
13433	28	435	958	962
51545	28	222	958	962
33595	28	56	958	962
27680	28	1752	958	962
69860	28	196	958	962
33281	28	253	958	962
35223	28	346	958	962
155088	28	1803	958	962
18729	28	593	958	962
17369	28	485	958	962
20280	28	1628	958	962
33339	28	112	958	962
11992	28	445	958	962
24740	28	224	958	962
14322	28	19	958	962
70376	28	9602	958	962
17157	28	366	958	962
52830	28	885	958	962
18611	28	695	958	962
10899	28	136	958	962
42458	28	1101	958	962
11217	28	74	958	962
55836	28	1514	958	962
30497	28	686	958	962
38530	28	49	958	962
21532	28	266	958	962
33133	28	266	958	962
8053	28	256	958	962
41758	28	455	958	962
7276	28	250	958	962
72667	28	796	958	962
46186	28	942	958	962
61853	28	24383	958	962
154624	28	4269	958	962
26124	28	1162	958	962
21610	28	145	958	963
95996	28	2390	958	963
9157	28	649	958	963
82736	28	2319	958	963
29764	28	1230	958	963
12064	28	693	958	963
24796	28	37	958	963
29354	28	328	958	963
23279	28	162	958	963
11910	28	23	958	963
85926	28	7857	958	963
99769	28	672	958	963
115742	28	742	958	963
45081	28	15634	958	963
25736	28	1920	958	963
48952	28	843	958	963
30530	28	630	958	963
71351	28	436	958	963
20924	28	412	958	963
76409	28	1752	958	963
10383	28	1069	958	963
38770	28	2227	958	963
38786	28	222	958	963
87610	28	10620	958	963
29115	28	2548	958	963
77097	28	825	958	963
16614	28	196	958	963
34072	28	1120	958	963
19199	28	1117	958	963
102989	28	253	958	963
34398	28	391	958	963
30056	28	323	958	963
22754	28	456	958	963
34479	28	637	958	963
22848	28	136	958	963
34357	28	1286	958	963
12063	28	52	958	963
35448	28	255	958	963
20304	28	956	958	963
35816	28	357	958	963
98634	28	37	958	963
15276	28	1000	958	963
29134	28	510	958	963
10558	28	227	958	963
17692	28	55	958	963
7476	28	73	958	963
7321	28	170	958	963
26333	28	2083	958	963
72029	28	345	958	963
27525	28	1228	958	963
66298	28	3760	958	963
13381	28	117	958	963
10075	28	1413	958	963
26741	28	436	958	963
38087	28	135	958	963
23512	28	1170	958	963
123262	28	1752	958	963
18883	28	2849	958	963
33603	28	87	958	963
9057	28	161	958	963
11728	28	850	958	963
16222	28	161	958	963
63090	28	742	958	963
10339	28	451	958	963
119942	28	754	958	963
103560	28	1850	958	963
28655	28	333	958	963
17006	28	41	958	963
22636	28	101	958	963
64175	28	756	958	963
10924	28	2629	958	963
8782	28	45	958	963
10575	28	184	958	963
93936	28	1234	958	963
30637	28	1170	958	963
41007	28	972	958	963
47422	28	220	958	963
53628	28	922	958	963
60084	28	1380	958	963
86464	28	5801	958	963
45585	28	726	958	963
12081	28	548	958	963
63180	28	1731	958	963
69971	28	991	958	963
103931	28	1749	958	963
109406	28	2748	958	963
30170	28	481	958	963
49425	28	2068	958	963
18416	28	123	958	963
11813	28	746	958	963
89087	28	37	958	963
10568	28	121	958	963
16579	28	162	958	963
25245	28	77	958	963
47352	28	1627	958	963
120204	28	1609	958	963
22527	28	926	958	963
45517	28	710	958	963
38908	28	387	958	963
17643	28	531	958	963
38255	28	1141	958	963
28740	28	386	958	963
38445	28	50	958	963
24086	28	1882	958	963
65255	28	712	958	963
26139	28	609	958	963
77532	28	619	958	963
7639	28	71	958	963
17422	28	417	958	963
19208	28	252	958	963
13824	28	424	958	963
144314	28	1145	958	963
22711	28	31	958	963
107358	28	1677	958	963
49788	28	423	958	963
6699	28	647	958	963
32362	28	95	958	963
57207	28	423	958	963
26883	28	28	958	963
69702	28	1471	958	963
16432	28	51	958	963
11957	28	55	958	963
22771	28	44	958	963
33593	28	4588	958	963
30099	28	1407	958	963
18525	28	648	958	963
37951	28	275	958	963
59613	28	1679	958	963
50688	28	722	958	963
37004	28	760	958	963
74842	28	835	958	963
118509	28	6257	958	963
66651	28	37	958	963
14306	28	30	958	963
85522	28	1260	958	963
31701	28	933	958	963
44649	28	2093	958	963
16276	28	331	958	963
75560	28	1299	958	963
27055	28	89	958	963
62703	28	2467	958	963
31789	28	366	958	963
36226	28	369	958	963
44388	28	1097	958	963
7075	28	110	958	963
17508	28	131	958	963
49700	28	2068	958	963
18153	28	608	958	963
44556	28	470	958	963
38322	28	415	958	963
46583	28	666	958	963
32018	28	446	958	963
36375	28	1570	958	963
21071	28	86	958	963
55581	28	52	958	963
93791	28	369	958	963
13939	28	470	958	963
69546	28	363	958	963
31329	28	2475	958	963
23857	28	40	958	963
18614	28	1432	958	963
62673	28	357	958	963
23608	28	755	958	963
57582	28	5107	958	963
5125	28	38	958	963
25953	28	1700	958	963
134689	14	4374	958	963
12808	28	758	958	963
95527	28	593	958	963
67287	28	240	958	963
68954	28	1267	958	963
30571	28	242	958	963
75929	28	7583	958	963
10144	28	154	958	963
25821	28	1629	958	963
25299	28	609	958	963
27924	28	437	958	963
18174	28	280	958	963
95253	28	899	958	963
38823	28	1431	958	963
59801	28	591	958	963
24905	28	708	958	963
10636	28	219	958	963
101235	28	37	958	963
154166	28	6367	958	963
59865	28	8663	958	963
30951	28	7534	958	963
105281	23	129978	958	963
38449	28	1166	958	963
16228	28	381	958	963
12243	28	159	958	963
56536	28	133	958	963
29257	28	716	958	963
70458	28	899	958	963
13119	28	101	958	963
12843	28	622	958	963
44575	28	933	958	963
16230	28	1251	958	963
40655	28	20	958	963
81336	28	3425	958	963
17254	28	174	958	963
102298	28	7224	958	963
21508	28	657	958	963
35478	28	2713	958	963
26173	28	542	958	963
28576	28	118	958	963
51013	28	1070	958	963
53429	28	628	958	963
42068	28	518	958	963
54715	28	121	958	963
38726	28	672	958	963
45634	28	159	958	963
27140	28	89	958	963
22695	28	526	958	963
26353	28	73	958	963
5667	28	2875	958	963
41288	28	81	958	963
111417	28	192	958	963
33979	28	1047	958	963
45842	28	1607	958	963
13760	28	20	958	963
28551	28	156	958	963
16861	28	239	958	963
28537	28	32	958	963
69085	28	244	958	963
51411	28	615	958	963
38312	28	1120	958	963
18784	28	1519	958	963
28495	28	591	958	963
44697	28	44966	958	963
23904	28	1000	958	963
14332	28	897	958	963
27753	28	253	958	963
5926	28	235	958	963
38274	28	469	958	963
22866	28	471	958	963
8689	28	219	958	963
12488	28	73	958	963
17888	28	29	958	963
51507	28	615	958	963
39331	28	2945	958	964
35216	23	63004	958	964
17464	28	34	958	964
13508	28	60	958	964
63760	28	192	958	964
47598	28	1354	958	964
35808	28	2004	958	964
27117	28	463	958	964
36186	28	235	958	964
131917	28	1758	958	964
16760	28	49	958	964
73151	28	993	958	964
49285	28	1759	958	964
14521	28	30	958	964
119313	23	119314	958	964
6863	28	303	958	964
11812	28	221	958	964
47357	28	718	958	964
73012	28	36916	958	964
88760	28	980	958	964
73906	28	835	958	964
27290	28	1142	958	964
23691	28	122	958	964
11892	28	470	958	964
31733	28	766	958	964
15206	28	1306	958	964
22520	28	799	958	964
33682	28	412	958	964
73693	28	1311	958	964
42697	28	897	958	964
72452	28	456	958	964
16207	28	1535	958	964
36152	28	68	958	964
19850	28	20	958	964
74816	28	2160	958	964
10242	28	464	958	964
10228	28	1069	958	964
48146	28	515	958	964
60837	28	490	958	964
122294	28	2066	958	964
20423	28	86	958	964
44064	28	681	958	964
25585	28	289	958	964
25564	28	95	958	964
136571	28	3794	958	964
16706	28	230	958	964
10456	28	3221	958	964
40123	28	143	958	964
32244	28	67	958	964
26580	28	222	958	964
44040	28	1172	958	964
76429	28	10650	958	964
67277	28	179	958	964
25772	28	280	958	964
41007	28	41	958	964
68733	28	4854	958	964
10784	28	620	958	964
61952	28	1783	958	964
42201	28	136	958	964
20446	28	2004	958	964
25858	28	429	958	964
94612	28	4251	958	964
71966	28	4866	958	964
8322	28	41	958	964
44256	28	607	958	964
109779	28	892	958	964
22001	28	20	958	964
29566	28	5615	958	964
25353	28	975	958	964
13159	28	3165	958	964
94762	28	481	958	964
116041	28	3744	958	964
59935	28	783	958	964
16258	28	427	958	964
68865	28	1138	958	964
30252	28	1423	958	964
6603	28	1408	958	964
11879	28	76	958	964
148624	28	926	958	964
26591	28	699	958	964
78259	28	2234	958	964
138168	28	2151	958	964
28512	28	620	958	964
104531	28	1283	958	964
27794	28	924	958	964
12533	28	30	958	964
77121	28	95	958	964
40833	28	484	958	964
54691	28	942	958	964
81260	28	905	958	964
39866	28	402	958	964
9949	28	45	958	964
41425	28	88	958	964
44243	28	1262	958	964
70188	28	4135	958	964
69296	28	770	958	964
51870	28	174	958	964
26457	28	162	958	964
8308	28	799	958	964
59289	28	3484	958	964
54768	28	74	958	964
44316	28	1080	958	964
32795	28	3222	958	964
37213	28	143	958	964
145643	28	2204	958	964
47866	28	310	958	964
27416	28	1700	958	964
33653	28	1401	958	964
34094	28	177	958	964
70241	28	991	958	964
32126	28	121	958	964
32722	28	291	958	964
7501	28	536	958	964
12233	28	51	958	964
84506	28	2011	958	964
23895	28	1223	958	964
67205	28	686	958	964
33251	28	146	958	964
33129	28	203	958	964
14739	28	696	958	964
100771	28	1331	958	964
12828	28	79	958	964
31230	28	269	958	964
78897	28	1421	958	964
31302	28	1063	958	964
60404	28	2974	958	964
52854	28	74	958	964
65146	28	2232	958	964
48964	28	37	958	964
21595	28	773	958	964
7850	28	166	958	964
51927	28	527	958	964
31973	28	967	958	964
16443	28	304	958	964
63222	28	252	958	965
62897	23	54593	958	965
31470	28	98	958	965
100901	28	1442	958	965
76414	28	520	958	965
17575	28	616	958	965
19452	28	103	958	965
118237	28	44861	958	965
34105	28	106	958	965
63459	28	916	958	965
39998	28	574	958	965
54300	28	524	958	965
30042	28	756	958	965
36110	28	51	958	965
14248	28	653	958	965
55096	28	1253	958	965
7208	28	622	958	965
20053	28	74	958	965
44098	28	520	958	965
68020	28	1173	958	965
28088	28	510	958	965
97782	28	1743	958	965
116187	28	1359	958	965
15205	28	651	958	965
20369	28	453	958	965
58835	28	1653	958	965
44427	28	121	958	965
19571	28	159	958	965
101611	28	592	958	965
47585	28	124	958	965
93821	28	754	958	965
108637	28	3872	958	965
40665	28	794	958	965
126375	28	2561	958	965
36873	28	442	958	965
40677	28	112	958	965
45237	28	286	958	965
39745	28	1070	958	965
20016	28	1005	958	965
76967	28	3700	958	965
27457	28	184	958	965
28578	28	1508	958	965
42534	28	933	958	965
25569	28	632	958	965
73901	28	2558	958	965
24921	28	184	958	965
8929	28	471	958	965
7820	28	109	958	965
23989	28	32	958	965
108422	28	1727	958	965
9580	28	68	958	965
15653	28	657	958	965
18421	28	1201	958	965
14890	28	2293	958	965
7045	28	14	958	965
15144	28	254	958	965
21951	28	103	958	965
61148	28	495	958	965
35316	28	1170	958	965
26317	28	836	958	965
7263	28	72	958	965
46464	28	220	958	965
9601	28	461	958	965
41399	28	378	958	965
22970	28	412	958	965
5384	28	77	958	965
39647	28	192	958	965
27119	28	1432	958	965
44672	28	101	958	965
15984	28	140	958	965
14638	28	1335	958	965
30004	28	64	958	965
19388	28	32	958	965
17135	28	276	958	965
29029	23	9218	958	965
47182	28	4483	958	965
8325	28	228	958	965
110044	28	1238	958	965
30270	28	671	958	965
48806	28	178	958	965
45648	28	1915	958	965
111467	28	143	958	965
40548	28	1090	958	965
9865	28	71	958	965
24842	28	103	958	965
21352	28	464	958	965
14515	28	384	958	966
10386	28	117	958	966
64838	28	1270	958	966
41987	28	140	958	966
18589	28	510	958	966
99270	28	1093	958	966
61514	28	253	958	966
54683	28	1665	958	966
49756	28	10334	958	966
74763	28	1809	958	966
29195	28	2536	958	966
11622	28	510	958	966
40833	28	666	958	966
45785	28	38	958	966
48710	28	191	958	966
9062	28	413	958	966
20610	28	45	958	966
92824	28	1260	958	966
5206	28	50	958	966
15928	28	540	958	966
25584	28	575	958	966
37678	28	381	958	966
52406	28	632	958	966
97817	28	1812	958	966
20844	28	32	958	966
76051	28	515	958	966
13997	28	1135	958	966
42614	28	1228	958	966
14986	28	174	958	966
8130	28	350	958	966
9222	28	1528	958	966
92258	28	18	958	966
28816	28	1090	958	966
23033	28	22	958	966
85068	28	14563	958	966
45704	28	286	958	966
44503	28	32	958	966
39936	28	213	958	966
17250	28	470	958	966
16402	28	431	958	966
26089	28	2397	958	966
54591	28	494	958	966
16698	28	1528	958	966
103925	28	1181	958	966
17401	28	1943	958	966
38042	28	51	958	966
76632	28	956	958	966
15210	28	22	958	966
88694	28	3027	958	966
29928	28	1056	958	967
47782	28	446	958	967
17763	28	975	958	967
47853	28	71	958	967
73768	28	682	958	967
12026	28	112	958	967
25501	28	492	958	967
39759	28	846	958	967
37112	28	14	958	967
136479	14	12486	958	967
34567	28	184	958	967
16574	16	6747	958	967
49623	28	92	958	967
9842	28	46	958	967
11799	28	622	958	967
15730	28	231	958	967
23145	28	458	958	967
20591	28	917	958	967
33216	28	1075	958	967
46951	28	78511	958	967
46443	28	903	958	967
42537	28	1642	958	967
33795	28	429	958	967
27174	28	2257	958	967
95420	28	23	958	967
31199	28	735	958	967
51918	28	546	958	967
72758	28	625	958	967
25581	28	170	958	967
36141	28	1641	958	967
44530	28	622	958	967
88989	28	450	958	967
99320	28	2204	958	967
7223	28	2876	958	967
55358	28	2489	958	968
86762	23	115896	958	968
115896	23	86762	958	968
71980	28	1253	958	968
136786	28	191	958	968
100225	28	2300	958	968
63270	28	286	958	968
24052	28	417	958	968
35881	28	546	958	968
44230	28	5823	958	968
55480	14	26402	958	968
33963	28	4689	958	968
10971	28	77	958	968
14913	28	248	958	968
93941	28	622	958	968
91593	23	15813	958	968
15813	23	91593	958	968
45708	28	408	958	968
19413	28	102	958	968
47616	28	1632	958	968
56937	28	122	958	969
5788	23	124292	958	969
70472	28	2442	959	0
12753	28	1912	959	0
5392	28	597	959	0
95901	28	2040	959	0
52086	28	1214	959	0
82354	28	6254	959	0
51964	28	2780	959	0
82415	23	112109	959	0
112109	23	82415	959	0
70666	1	155639	959	0
14308	28	4033	959	0
9136	28	144	959	0
18705	28	1000	959	0
21824	28	61	959	0
33533	28	2395	959	0
33535	28	223	959	0
24952	28	578	959	0
9166	28	260	959	0
18796	28	1568	959	0
82581	28	1560	959	0
45123	28	1504	959	0
6287	28	450	959	0
16509	28	1239	959	0
6684	28	3347	959	0
60963	28	1692	959	0
96202	28	1920	959	0
96242	28	18890	959	0
11412	28	1466	959	0
131476	28	450	959	0
21988	28	106	959	0
25131	28	2748	959	0
52554	28	61	959	0
71090	23	96312	959	0
96312	23	71090	959	0
18962	28	616	959	0
96343	28	483	959	0
96355	14	7210	959	0
7215	28	53	959	0
7220	28	2323	959	0
61251	28	2371	959	0
39330	28	1762	959	0
39382	28	7232	959	0
112632	28	83025	959	0
5926	28	106	959	0
96570	28	10357	959	0
18617	28	2187	959	0
61402	14	3055	959	0
9135	28	404	959	0
25340	28	227	959	0
14289	28	3347	959	0
11573	28	404	959	0
11578	28	2929	959	0
9177	28	2178	959	0
5443	28	332	959	0
13099	28	52951	959	0
16801	28	917	959	0
25518	28	4174	959	0
34196	28	202	959	0
25565	28	691	959	0
29772	28	914	959	0
44798	14	25589	959	0
29788	28	548	959	0
45865	28	1270	959	0
5206	28	134	959	0
10476	28	178	959	0
39794	28	482	959	0
4414	28	3786	959	0
83343	28	749	959	0
3704	28	998	959	0
34158	28	2052	959	0
22346	28	523	959	0
39902	28	1943	959	0
7912	28	1085	959	0
34006	28	1871	959	0
40044	28	4429	959	0
62229	28	6657	959	0
83919	28	2956	959	0
53685	14	19633	959	0
34748	28	71	959	0
97474	28	570	959	0
13357	28	525	959	0
53706	28	72316	959	0
9103	28	2829	959	0
8707	28	77	959	0
53166	28	1357	959	0
62452	28	277	959	0
72431	28	1896	959	0
19754	28	1527	959	0
30306	28	1265	959	0
7977	28	1416	959	0
82887	28	415	959	0
72537	28	30327	959	0
84287	28	268	959	0
19823	28	713	959	0
26221	28	415	959	0
62661	28	2442	959	0
13443	28	973	959	0
40425	14	3501	959	0
7399	28	489	959	0
54014	28	54015	959	0
33935	14	3057	959	0
5449	28	489	959	0
40457	28	1837	959	0
19288	28	1307	959	0
35070	28	5494	959	0
62807	28	1703	959	0
10658	28	436	959	0
13396	28	1015	959	0
11994	28	1255	959	0
11995	28	462	959	0
35107	28	634	959	0
5695	28	675	959	0
62871	14	444	959	0
5546	28	134	959	0
10354	28	1210	959	0
35172	28	144	959	0
22563	28	2392	959	0
14318	28	619	959	0
4734	28	107	959	0
72931	28	2117	959	0
71796	28	63022	959	0
26478	28	3022	959	0
11254	28	3508	959	0
7152	28	219	959	0
30721	28	411	959	0
10254	28	616	959	0
47063	28	478	959	0
61553	28	2956	959	0
47187	28	483	959	0
26661	28	167	959	0
73316	28	626	959	0
15372	28	5512	959	0
85227	28	63522	959	0
85264	28	1563	959	0
10773	28	1306	959	0
73477	28	10454	959	0
53896	28	6098	959	0
73526	28	1560	959	0
20282	28	346	959	0
15434	28	634	959	0
26001	28	1279	959	0
18608	28	215	959	0
4254	28	2122	959	0
114811	16	4105	959	0
12187	28	133	959	0
96993	28	3431	959	0
12958	28	2085	959	0
35697	28	217	959	0
25865	28	2598	959	0
3409	28	72	959	0
26895	28	13705	959	0
15492	28	528	959	0
38753	28	15494	959	0
9624	28	1374	959	0
22024	28	507	959	0
23414	28	10315	959	0
47714	28	706	959	0
27006	28	954	959	0
13752	28	357	959	0
4034	28	61	959	0
35971	28	2487	959	0
46636	28	250	959	0
35979	28	3574	959	0
54045	28	3035	959	0
12290	28	2533	959	0
41574	28	794	959	0
22716	28	100	959	0
16853	28	963	959	0
64294	28	1282	959	0
23509	28	5261	959	0
47519	28	2575	959	0
4601	28	1408	959	0
15661	28	224	959	0
20088	28	206	959	0
55526	28	4003	959	0
45471	28	4579	959	0
27249	28	7890	959	0
48166	28	124	959	0
13817	28	1048	959	0
18634	28	2867	959	0
6712	28	1544	959	0
9882	28	427	959	0
8896	28	66	959	0
64502	28	454	959	0
31448	28	58	959	0
31449	28	1506	959	0
115739	28	309	959	0
6174	28	893	959	0
40725	28	447	959	0
22396	28	2621	959	0
115820	28	1076	959	0
62111	28	2956	959	0
29729	28	1496	959	0
12362	28	421	959	0
47094	28	903	959	0
8782	28	483	959	0
9818	28	77	959	0
6318	28	73	959	0
15755	28	434	959	0
11728	28	669	959	0
9834	28	855	959	0
25731	28	3283	959	0
30470	28	505	959	0
9865	28	1134	959	0
86744	28	272	959	0
55989	28	754	959	0
11523	28	391	959	0
36493	28	2485	959	0
40769	28	784	959	0
86858	28	4752	959	0
17943	28	1095	959	0
6158	28	104	959	0
11264	28	294	959	0
5784	28	1923	959	0
65134	28	5513	959	0
65146	28	4174	959	0
9950	28	79	959	0
40703	28	515	959	0
31828	28	780	959	0
61917	28	2857	959	0
55779	28	1085	959	0
15141	28	1760	959	0
23922	28	1056	959	0
7041	28	3347	959	0
26590	28	1134	959	0
56446	28	1703	959	0
135370	14	7210	959	0
34407	28	2686	959	0
23524	28	165	959	0
4874	28	4752	959	0
65508	28	2621	959	0
8000	28	830	959	0
19500	28	465	959	0
7696	28	2880	959	0
75708	28	1059	959	0
49069	28	6547	959	0
63734	28	2740	959	0
62512	28	1960	959	0
65659	28	641	959	0
19450	28	217	959	0
35700	28	904	959	0
17684	28	211	959	0
32068	28	210	959	0
87692	28	6536	959	0
7515	28	518	959	0
62124	28	1076	959	0
36978	28	7113	959	0
39927	28	202	959	0
19790	28	56782	959	0
65765	28	1134	959	0
27874	28	27	959	0
35957	28	244	959	0
74070	28	2050	959	0
42696	28	571	959	0
16985	28	4378	959	0
6017	28	2763	959	0
76054	28	5163	959	0
26235	28	825	959	0
41317	28	1178	959	0
56919	28	6098	959	0
11293	28	537	959	0
61927	28	1380	959	0
88040	23	41401	959	0
41401	23	88040	959	0
56976	28	4802	959	0
65966	14	308	959	0
37143	28	1178	959	0
12479	28	2115	959	0
9216	28	482	959	0
28008	28	1528	959	0
7086	28	3212	959	0
76362	28	1158	959	0
19841	28	458	959	0
15532	28	49491	959	0
12568	28	161	959	0
9125	28	38	959	0
88315	28	833	959	0
57179	28	2059	959	0
21179	28	1935	959	0
39038	28	1775	959	0
73730	28	462	959	0
32252	28	236	959	0
29869	28	323	959	0
13493	28	100	959	0
46004	28	5409	959	0
33983	28	217	959	0
88231	28	3886	959	0
159441	28	2694	959	0
12078	28	571	959	0
10366	28	4809	959	0
11717	28	2624	959	0
46153	28	565	959	0
35201	28	505	959	0
43142	28	26984	959	0
36832	28	144	959	0
28150	28	4574	959	0
66535	28	2798	959	0
30029	28	1825	959	0
20430	28	493	959	0
14887	28	2475	959	0
46408	28	507	959	0
12019	28	830	959	0
66588	28	819	959	0
44890	28	1070	959	0
38794	28	413	959	0
33481	28	4634	959	0
51957	28	11189	959	0
60518	28	170	959	0
9075	28	61	959	0
57579	28	411	959	0
6241	28	283	959	0
14248	28	1672	959	0
16517	28	486	959	0
16522	28	505	959	0
39079	28	742	959	0
64326	28	22983	959	0
45039	28	292	959	0
14366	28	1966	959	0
64559	28	619	959	0
10206	28	2977	959	0
52614	28	668	959	0
45364	28	489	959	0
14564	28	578	959	0
66813	28	2323	959	0
48907	28	15486	959	0
46713	28	3242	959	0
66703	14	20071	959	0
18749	28	1898	959	0
29591	28	731	959	0
65375	28	871	959	0
22235	28	1144	959	0
34091	28	882	959	0
5979	28	152	959	0
28879	28	11512	959	0
9165	28	1477	959	0
118826	28	1152	959	0
4836	28	44	959	0
7784	28	592	959	0
74933	28	6098	959	0
10352	28	401	959	0
25338	28	569	959	0
9319	28	483	959	0
28878	28	1122	959	0
18559	28	1660	959	0
19353	28	976	959	0
7280	28	525	959	0
25617	28	749	959	0
39538	28	1839	959	0
10374	28	86	959	0
39580	28	433	959	0
16807	28	5471	959	0
29014	28	19267	959	0
67047	28	565	959	0
14805	28	39	959	0
25672	28	413	959	0
13201	28	337	959	0
41621	28	1924	959	0
34366	28	100	959	0
8615	28	102	959	0
14550	28	404	959	0
40023	28	1085	959	0
76279	28	2263	959	0
25951	28	1762	959	0
77626	28	2621	959	0
19529	28	348	959	0
10186	28	1730	959	0
11425	28	1354	959	0
135307	28	99	959	0
9135	28	416	959	0
84123	28	1254	959	0
10562	28	751	959	0
11547	28	112	959	0
6861	28	150	959	0
34944	28	795	959	0
22816	28	1071	959	0
5392	28	102	959	0
4542	31	62334	959	0
15133	28	905	959	0
12773	28	405	959	0
30297	28	470	959	0
34172	28	152	959	0
34068	28	2442	959	0
10606	28	4631	959	0
43531	14	902	959	0
45859	28	19949	959	0
57671	28	58134	959	0
64392	28	2621	959	0
13493	28	87	959	0
9634	28	2763	959	0
30148	28	883	959	0
11601	28	883	959	0
6315	28	3842	959	0
30654	28	4324	959	0
23020	28	195	959	0
30650	28	1266	959	0
30656	28	1532	959	0
26510	28	3872	959	0
40789	28	785	959	0
14272	28	3245	959	0
46703	28	486	959	0
119942	28	486	959	0
26443	28	452	959	0
78108	28	2151	959	0
25849	28	1767	959	0
18744	28	570	959	0
4061	28	117	959	0
10168	28	206	959	0
39852	28	3508	959	0
63210	28	6657	959	0
6936	28	57	959	0
86945	28	1656	959	0
25428	28	23103	959	0
85214	28	1028	959	0
117402	23	120162	959	0
6457	28	404	959	0
20115	28	470	959	0
57543	28	2785	959	0
34993	28	4311	959	0
120273	28	337	959	0
8822	28	1118	959	0
3704	28	2678	959	0
10729	28	51	959	0
90450	28	641	959	0
35707	28	192	959	0
6986	28	1492	959	0
50430	28	1177	959	0
46885	28	2601	959	0
7418	28	1222	959	0
26890	28	114	959	0
35358	28	295	959	0
35623	28	475	959	0
35668	28	536	959	0
4848	28	1408	959	0
10373	28	73879	959	0
76453	14	444	959	0
65163	28	2784	959	0
6238	28	167	959	0
8653	28	2418	959	0
22614	28	659	959	0
55038	28	348	959	0
14764	28	54	959	0
31087	28	4319	959	0
39885	28	14560	959	0
17345	28	1948	959	0
139173	28	919	959	0
8028	28	47895	959	0
15289	28	937	959	0
66799	28	3658	959	0
139235	23	120679	959	0
120679	23	139235	959	0
88710	28	937	959	0
9812	28	1004	959	0
35313	28	2551	959	0
23007	28	792	959	0
45238	28	3550	959	0
8611	28	1330	959	0
90820	28	2621	959	0
11569	28	558	959	0
27265	28	871	959	0
47269	28	8198	959	0
39262	28	233	959	0
99350	14	943	959	0
28301	28	1760	959	0
55555	28	745	959	0
78725	28	4704	959	0
121015	28	1796	959	0
16676	28	523	959	0
75686	28	1829	959	0
91012	28	1199	959	0
102837	28	55773	959	0
20167	28	905	959	0
6558	28	7391	959	0
4439	28	85	959	0
9347	28	77	959	0
23670	28	912	959	0
26769	28	388	959	0
31496	28	3347	959	0
31632	28	1014	959	0
85101	28	4137	959	0
75864	28	2526	959	0
31657	28	2785	959	0
15739	28	917	959	0
20729	28	1594	959	0
29260	28	731	959	0
27519	28	1704	959	0
12360	28	450	959	0
22789	28	224	959	0
9887	28	1021	959	0
76754	28	24392	959	0
47561	28	3949	959	0
8754	28	802	959	0
15841	28	401	959	0
42019	28	908	959	0
25565	28	1055	959	0
48758	28	630	959	0
16920	28	2614	959	0
21837	28	34	959	0
68228	28	565	959	0
6374	28	27	959	0
25507	28	4723	959	0
45216	28	622	959	0
20035	28	409	959	0
13226	28	4353	959	0
75359	28	1708	959	0
63765	28	622	959	0
7435	28	7232	959	0
101250	28	7534	959	0
64884	28	313	959	0
76086	28	749	959	0
45862	28	427	959	0
18588	28	482	959	0
46563	28	5044	959	0
15457	28	104	959	0
7821	28	795	959	0
27806	28	817	959	0
9244	28	525	959	0
42575	28	411	959	0
54053	28	4802	959	0
20077	28	1078	959	0
57828	28	4078	959	0
35319	28	511	959	0
14581	28	3000	959	0
35028	28	565	959	0
8843	28	1170	959	0
32060	28	3901	959	0
14281	28	205	959	0
65718	28	647	959	0
105928	28	2871	959	0
9003	28	286	959	0
42775	28	1560	959	0
55658	28	4048	959	0
46153	28	1660	959	0
32137	28	1841	959	0
106020	28	2598	959	0
41380	28	5494	959	0
40064	28	217	959	0
12048	28	404	959	0
7397	28	433	959	0
100645	28	2199	959	0
18627	28	635	959	0
64518	28	6753	959	0
54586	28	3345	959	0
34557	28	548	959	0
106149	28	2971	959	0
11468	28	368	959	0
85550	28	570	959	0
16698	28	805	959	0
5367	28	28	959	0
13444	28	1703	959	0
12943	28	2763	959	0
15034	28	574	959	0
4996	28	104	959	0
22772	28	2865	959	0
13635	28	1254	959	0
78912	28	80	959	0
7220	28	2394	959	0
6546	28	57	959	0
11046	28	2041	959	0
72902	28	570	959	0
16525	28	486	959	0
17345	28	893	959	0
11780	28	593	959	0
28106	28	1961	959	0
8808	28	344	959	0
59097	28	120	959	0
56410	28	307	959	0
14700	28	2608	959	0
37077	28	1660	959	0
5682	28	830	959	0
15206	28	10472	959	0
49778	28	400	959	0
27549	28	1032	959	0
22667	28	903	959	0
53878	14	3089	959	0
9869	28	168	959	0
9190	28	1833	959	0
54764	28	560	959	0
14882	28	7534	959	0
32844	28	4458	959	0
58649	14	12802	959	0
79768	28	2592	959	0
46051	23	50650	959	0
50650	23	46051	959	0
12288	28	751	959	0
16038	28	428	959	0
70971	28	2467	959	0
59223	28	1535	959	0
23304	28	25344	959	0
25951	28	2050	959	0
10848	28	2122	959	0
92400	28	3811	959	0
32868	28	40814	959	0
32723	28	307	959	0
38098	28	11118	959	0
18421	28	1132	959	0
20984	28	63	959	0
17432	28	63	959	0
22612	28	1201	959	0
23556	28	377	959	0
91891	28	49491	959	0
5540	28	808	959	0
22866	28	766	959	0
33548	28	149	959	0
14914	28	268	959	0
27444	28	1825	959	0
14153	28	1413	959	0
14503	28	14109	959	0
6318	28	49	959	0
32325	28	1570	959	0
3409	28	597	959	0
14152	28	2973	959	0
43211	28	121	959	0
8068	28	427	959	0
11411	28	620	959	0
84653	28	2040	959	0
80087	28	4574	959	0
37747	28	486	959	0
6201	28	751	959	0
20954	28	917	959	0
5947	28	662	959	0
24529	28	1446	959	0
7463	28	397	959	0
48146	28	20160	959	0
24497	28	29	959	0
13961	28	598	959	0
24842	28	54	959	0
9165	28	573	959	0
74582	28	1600	959	0
22222	28	1497	959	0
79050	28	2395	959	0
92527	28	4037	959	0
26768	28	594	959	0
12378	28	1629	959	0
123642	28	7641	959	0
142600	28	44134	959	0
13014	28	4437	959	0
6851	28	1778	959	0
85763	28	2207	959	0
39186	28	388	959	0
28290	28	177	959	0
48214	28	143	959	0
10967	28	80	959	0
7674	28	1273	959	0
107394	28	1695	959	0
36357	28	149	959	0
39999	28	526	959	0
16212	28	1408	959	0
63318	28	6536	959	0
9183	28	508	959	0
13783	28	391	959	0
42385	28	957	959	0
4439	28	2763	959	0
16593	28	80	959	0
5051	28	660	959	0
52510	28	3251	959	0
14273	28	196	959	0
41890	28	2048	959	0
14379	28	167	959	0
10057	28	3871	959	0
92750	28	431	959	0
21455	28	114	959	0
9959	28	670	959	0
15830	28	1158	959	0
23461	28	470	959	0
12590	28	670	959	0
87435	28	411	959	0
11905	28	39	959	0
22183	28	647	959	0
9172	28	2488	959	0
34769	28	540	959	0
49408	28	1178	959	0
41694	28	686	959	0
58064	28	1912	959	0
79222	28	1813	959	0
10794	28	227	959	0
69321	28	454	959	0
17054	28	23642	959	0
23948	28	233	959	0
37345	28	1589	959	0
51054	28	1819	959	0
47829	28	3480	959	0
64887	28	358	959	0
21418	28	537	959	0
36972	28	2107	959	0
24577	28	238	959	0
33096	28	57	959	0
42938	28	60	959	0
10637	28	397	959	0
67351	28	1152	959	0
18186	28	14	959	0
68806	28	86	959	0
17972	28	235	959	0
39815	28	450	959	0
39038	28	670	959	0
12531	28	267	959	0
12351	28	1475	959	0
80574	28	1833	959	0
28392	28	2105	959	0
8421	28	404	959	0
58969	28	1354	959	0
12394	28	836	959	0
10445	28	802	959	0
14936	28	2392	959	0
64853	28	7030	959	0
59483	28	1660	959	0
4034	28	405	959	0
49648	28	486	959	0
59490	28	4797	959	0
4030	28	86	959	0
22396	28	1273	959	0
9657	28	51	959	0
93364	28	24383	959	0
11441	28	63	959	0
51090	28	470	959	0
25576	28	315	959	0
58651	28	1227	959	0
14601	28	904	959	0
11798	28	102	959	0
29619	28	30	959	0
43168	28	2263	959	0
11699	28	171	959	0
24859	28	1260	959	0
14721	28	1085	959	0
33445	28	453	959	0
75164	28	1703	959	0
22390	28	759	959	0
20154	28	740	959	0
108138	28	4778	959	0
11363	28	908	959	0
21418	28	427	959	0
7397	28	511	959	0
51108	28	483	959	0
51526	28	6824	959	0
8561	28	1122	959	0
9866	28	573	959	0
11460	28	1444	959	0
38162	28	13263	959	0
11555	28	2503	959	0
11926	28	58	959	0
36907	28	388	959	0
42279	28	2023	959	0
82784	28	19216	959	0
93566	28	605	959	0
93569	28	882	959	0
12973	28	1190	959	0
75213	28	9215	959	0
11077	28	1036	959	0
90760	28	5331	959	0
22296	28	2138	959	0
16383	28	39224	959	0
12152	28	30	959	0
50298	28	1309	959	0
6958	28	421	959	0
2919	28	122	959	0
84795	28	2485	959	0
108374	28	3157	959	0
12704	28	421	959	0
23012	28	4429	959	0
28760	28	629	959	0
69248	28	3345	959	0
25155	28	147	959	0
18681	28	668	959	0
26206	28	1331	959	0
57751	28	51255	959	0
67777	28	2117	959	0
42292	28	1720	959	0
5689	28	416	959	0
49623	28	1909	959	0
34711	28	4255	959	0
34089	28	1414	959	0
7060	28	65	959	0
5546	28	551	959	0
12561	28	3564	959	0
27589	28	617	959	0
51619	28	509	959	0
84003	28	30327	959	0
116684	23	144559	959	0
52937	28	3658	959	0
9834	28	627	959	0
13794	28	124	959	0
10689	28	404	959	0
59969	28	551	959	0
27073	28	5513	959	0
49972	28	6779	959	0
66459	28	304	959	0
58065	28	2831	959	0
77741	14	37414	959	0
12808	28	471	959	0
12609	28	2763	959	0
5132	28	2178	959	0
29849	28	2151	959	0
34346	28	34	959	0
19777	28	1340	959	0
43331	28	348	959	0
10593	28	158	959	0
68174	28	427	959	0
48571	28	746	959	0
19305	28	29	959	0
16182	28	486	959	0
15085	28	794	959	0
46055	28	793	959	0
33097	28	120	959	0
34066	28	1356	959	0
9549	28	228	959	0
37986	28	4574	959	0
33054	28	510	959	0
6587	28	252	959	0
35386	28	648	959	0
71474	14	8683	959	0
79976	28	2871	959	0
7544	28	2468	959	0
6958	28	433	959	0
18235	28	713	959	0
5879	28	15494	959	0
11566	28	126	959	0
17574	28	159	959	0
23144	28	815	959	0
51650	28	1282	959	0
11323	28	1995	959	0
29665	28	797	959	0
9256	28	397	959	0
7141	28	118	959	0
15099	28	323	959	0
16868	28	25837	959	0
76242	28	411	959	0
28616	28	753	959	0
21085	28	368	959	0
11916	28	4378	959	0
8023	28	1907	959	0
32117	28	406	959	0
75759	28	821	959	0
8107	28	3347	959	0
27201	28	2330	959	0
65605	28	920	959	0
29901	28	18520	959	0
6558	28	4865	959	0
22716	28	69	959	0
68033	28	2140	959	0
18116	28	713	959	0
28885	28	23929	959	0
68162	28	1412	959	0
72904	28	587	959	0
17386	28	68	959	0
17760	28	1754	959	0
11704	28	102	959	0
19193	28	2518	959	0
11149	28	580	959	0
8785	28	1185	959	0
8079	28	2737	959	0
4428	28	122	959	0
11665	28	239	959	0
22321	28	462	959	0
20249	28	77	959	0
4222	28	78	959	0
7353	28	19743	959	0
32243	28	6388	959	0
9549	28	1075	959	0
25501	28	3058	959	0
12188	28	149	959	0
11752	28	415	959	0
7279	14	4523	959	0
8894	28	23	959	0
30210	28	1512	959	0
58185	28	69817	959	0
41908	28	471	959	0
9857	28	101	959	0
19869	28	1356	959	0
63750	28	7370	959	0
81008	28	5062	959	0
17376	28	5524	959	0
42322	14	943	959	0
16322	28	1590	959	0
32885	28	4778	959	0
75456	28	1866	959	0
22872	28	267	959	0
11152	28	274	959	0
11071	28	136	959	0
22555	28	1464	959	0
64393	28	1544	959	0
46589	23	109408	959	0
8257	28	805	959	0
13733	28	603	959	0
27209	28	60	959	0
22133	28	6068	959	0
13689	28	1412	959	0
14590	28	2289	959	0
10216	28	4068	959	0
19010	28	1277	959	0
12679	28	235	959	0
26327	28	2060	959	0
21203	28	1501	959	0
32900	28	795	959	0
14116	28	1295	959	0
12876	28	592	959	0
52459	28	2488	959	0
76362	28	1537	959	0
91408	28	20722	959	0
3509	28	2763	959	0
39706	28	609	959	0
34346	28	54	959	0
7815	28	490	959	0
11583	28	405	959	0
8257	28	1576	959	0
38162	28	4689	959	0
31765	28	2910	959	0
14858	28	2153	959	0
92617	28	622	959	0
34366	28	332	959	0
17540	28	467	959	0
10482	28	52	959	0
9263	28	1945	959	0
94525	28	570	959	0
18026	28	1071	959	0
23224	28	2270	959	0
48996	28	5513	959	0
68263	28	4418	959	0
17080	28	2551	959	0
64488	28	3035	959	0
13466	28	635	959	0
24537	28	327	959	0
26017	28	3151	959	0
48251	28	2050	959	0
10753	28	2414	959	0
10550	28	817	959	0
10593	28	147	959	0
28605	28	3282	959	0
72848	28	261	959	0
23161	28	95	959	0
7337	28	1081	959	0
32562	14	943	959	0
51210	28	626	959	0
29435	28	578	959	0
65191	28	1442	959	0
93233	28	1500	959	0
13425	28	1956	959	0
54014	28	391	959	0
11702	28	65	959	0
51319	28	1270	959	0
17376	28	507	959	0
40753	28	4345	959	0
83501	28	1632	959	0
122803	28	26711	959	0
57456	28	4092	959	0
5503	28	63	959	0
41507	28	617	959	0
19215	28	239	959	0
18257	28	1408	959	0
17643	28	241	959	0
41040	28	660	959	0
5433	28	66	959	0
6260	28	465	959	0
18556	14	93790	959	0
73301	28	878	959	0
12428	28	175	959	0
36134	28	7253	959	0
11807	28	1961	959	0
58932	28	94717	959	0
37928	28	1288	959	0
8429	28	557	959	0
72045	28	19410	959	0
27182	14	308	959	0
42873	28	1214	959	0
35623	28	14452	959	0
8326	28	1978	959	0
20130	28	195	959	0
4010	28	2283	959	0
11371	28	483	959	0
11440	28	1895	959	0
6112	28	215	959	0
11758	28	2865	959	0
55373	28	9000	959	0
27661	28	360	959	0
74685	28	1642	959	0
11333	28	1961	959	0
10255	28	30	959	0
48309	28	19890	959	0
93159	28	1392	959	0
8371	28	885	959	0
35782	28	509	959	0
14547	28	746	959	0
10515	28	266	959	0
44306	28	556	959	0
12871	28	1563	959	0
53756	28	15006	959	0
169401	14	2034	959	0
24531	28	58753	959	0
11519	28	427	959	0
28342	28	4174	959	0
42997	28	2910	959	0
13419	28	428	959	0
26827	28	2052	959	0
39302	28	1563	959	0
20431	28	378	959	0
28512	28	1590	959	0
36705	28	2050	959	0
16441	28	8490	959	0
79396	28	632	959	0
17878	28	337	959	0
7251	28	3362	959	0
33045	28	559	959	0
10405	28	83	959	0
5367	28	142	959	0
18487	28	1467	959	0
9672	28	2284	959	0
42490	28	1931	959	0
12754	28	9582	959	0
19631	28	528	959	0
31187	28	266	959	0
12698	28	713	959	0
25474	28	68	959	0
8380	28	351	959	0
13393	28	1436	959	0
18259	28	1920	959	0
26059	28	2059	959	0
9258	28	254	959	0
15721	28	795	959	0
27132	28	1551	959	0
125971	28	1132	959	0
46547	28	4865	959	0
21291	28	149	959	0
22368	28	786	959	0
28048	28	839	959	0
127634	28	2774	959	0
59875	28	1942	959	0
29688	28	5502	959	0
57520	28	1476	959	0
40680	28	3583	959	0
69608	28	809	959	0
71088	28	819	959	0
36069	28	532	959	0
22122	28	486	959	0
97453	28	14947	959	0
21571	28	272	959	0
80893	28	1573	959	0
9389	28	707	959	0
60183	28	2488	959	0
15628	28	1222	959	0
8002	28	239	959	0
12024	28	11636	959	0
5196	28	315	959	0
67001	28	1316	959	0
26302	28	2004	959	0
10825	28	506	959	0
20634	28	1379	959	0
18731	28	195	959	0
32207	28	38	959	0
37672	28	29	959	0
6973	28	560	959	0
54954	28	2366	959	0
51434	28	1805	959	0
11640	28	202	959	0
81249	28	7385	959	0
3509	28	1740	959	0
15900	28	3508	959	0
27176	28	2068	959	0
26443	28	817	959	0
61505	28	526	959	0
32162	28	520	959	0
69716	28	1004	959	0
13829	28	713	959	0
71638	28	1116	959	0
32359	28	3347	959	0
16841	28	411	959	0
11519	28	537	959	0
69741	28	156	959	0
47164	28	1477	959	0
42292	28	33946	959	0
13652	28	1146	959	0
48340	28	908	959	0
6056	28	1526	959	0
30656	28	2242	959	0
23646	28	1825	959	0
60337	28	2532	959	0
91494	28	3157	959	0
147203	28	1708	959	0
21093	28	100	959	0
32177	28	621	959	0
69782	28	471	959	0
75527	28	1016	959	0
11710	28	402	959	0
26556	28	396	959	0
57153	28	5524	959	0
51682	28	145	959	0
21016	28	2233	959	0
38537	28	749	959	0
82965	28	10792	959	0
83685	14	444	959	0
36194	28	1403	959	0
27349	28	1810	959	0
61887	28	931	959	0
20521	28	963	959	0
70798	28	5520	959	0
66688	28	415	959	0
33199	28	135	959	0
7689	28	39	959	0
108357	28	5748	959	0
18836	28	69225	959	0
6428	28	254	959	0
68651	28	2806	959	0
45498	28	351	959	0
11583	28	4174	959	0
7710	28	87	959	0
5125	28	39	959	0
7220	28	1070	959	0
28509	28	411	959	0
80440	28	499	959	0
20784	28	337	959	0
9345	28	2179	959	0
19579	28	268	959	0
38976	28	607	959	0
63459	28	2185	959	0
60115	28	1282	959	0
8939	28	1071	959	0
8367	28	114	959	0
68328	28	632	959	0
24998	28	119	959	0
17383	28	332	959	0
9949	28	256	959	0
10937	28	5800	959	0
17541	28	2386	959	0
69284	14	46013	959	0
56633	28	14560	959	0
88914	28	5059	959	0
7667	28	817	959	0
12708	28	493	959	0
33465	28	2772	959	0
21503	28	1141	959	0
63056	28	713	959	0
13196	28	221	959	0
13913	28	570	959	0
51712	28	486	959	0
65605	28	635	959	0
31407	28	931	959	0
61192	28	2004	959	0
51350	28	413	959	0
29281	28	7052	959	0
15962	28	1532	959	0
10563	28	4682	959	0
44198	28	1190	959	0
26343	28	2709	959	0
56538	28	835	959	0
9610	28	412	959	0
41567	28	319	959	0
39673	28	2046	959	0
83256	28	3788	959	0
14757	28	323	959	0
16004	28	14109	959	0
68146	14	19633	959	0
77854	28	574	959	0
8274	28	149	959	0
9670	28	337	959	0
16505	28	2097	959	0
19836	28	3925	959	0
68351	28	1860	959	0
13684	28	837	959	0
35790	28	558	959	0
18830	28	6584	959	0
61041	28	3035	959	0
29845	28	505	959	0
48805	28	470	959	0
21291	28	2772	959	0
85104	28	6110	959	0
74575	28	2348	959	0
52796	28	467	959	0
59828	28	2483	959	0
13561	28	486	959	0
10562	28	332	959	0
44805	28	1697	959	0
17054	28	13671	959	0
8890	28	780	959	0
5204	28	1507	959	0
13130	28	165	959	0
25453	28	2348	959	0
59584	28	2621	959	0
20239	28	3488	959	0
14058	28	2829	959	0
14726	28	713	959	0
55766	28	1426	959	0
10656	28	288	959	0
52014	28	2032	959	0
8935	28	1263	959	0
18273	28	38	959	0
14284	28	3385	959	0
25486	28	1242	959	0
58416	28	998	959	0
26159	28	447	959	0
15334	28	1481	959	0
10369	28	903	959	0
81232	28	882	959	0
60910	28	334	959	0
4848	28	219	959	0
11001	28	1910	959	0
13628	28	119	959	0
81969	28	1374	959	0
42128	28	1296	959	0
91090	28	2218	959	0
16215	28	1481	959	0
5546	28	2763	959	0
30545	28	1898	959	0
93252	28	535	959	0
16263	28	413	959	0
9075	28	1954	959	0
51813	28	68	959	0
9441	28	360	959	0
15513	28	1295	959	0
50685	28	739	959	0
19090	28	1096	959	0
65787	28	2532	959	0
18089	28	529	959	0
6603	28	396	959	0
25238	28	2568	959	0
21445	28	1134	959	0
43103	28	47	959	0
32891	28	3564	959	0
17014	28	620	959	0
71350	28	2863	959	0
25752	28	622	959	0
57919	28	839	959	0
48550	28	852	959	0
28712	28	1134	959	0
15108	28	484	959	0
19171	28	3282	959	0
13294	28	397	959	0
59093	28	13435	959	0
65039	28	1660	959	0
32739	28	591	959	0
59263	28	397	959	0
18212	28	2553	959	0
32348	28	1269	959	0
30645	28	622	959	0
18614	28	726	959	0
48975	28	670	959	0
51592	28	439	959	0
35319	28	571	959	0
30951	28	1255	959	0
42496	28	193	959	0
104158	28	391	959	0
111165	28	2540	959	0
11823	28	31	959	0
21783	28	1028	959	0
6554	28	690	959	0
44454	28	575	959	0
126232	28	2785	959	0
56928	28	835	959	0
14851	28	758	959	0
44009	28	1027	959	0
99427	28	1871	959	0
34823	28	554	959	0
5434	28	60	959	0
46055	28	5755	959	0
15206	28	79629	959	0
19579	28	2795	959	0
32913	28	399	959	0
18526	28	238	959	0
8309	28	2575	959	0
11220	28	134	959	0
25495	28	2793	959	0
5949	28	1926	959	0
15747	28	662	959	0
53412	28	781	959	0
29882	28	1887	959	0
53828	28	6098	959	0
31857	28	2270	959	0
88305	28	1763	959	0
5051	28	620	959	0
8231	28	36	959	0
36277	28	1597	959	0
13738	28	648	959	0
173873	28	2694	959	0
4928	28	152	959	0
9441	28	515	959	0
173907	14	4374	959	0
95500	28	228	959	0
18526	28	781	959	0
69417	28	15862	959	0
27640	28	2336	959	0
5435	28	439	959	0
40294	28	228	959	0
35700	28	5524	959	0
84876	28	415	959	0
18888	28	781	959	0
61119	28	1691	959	0
8708	28	1549	959	0
65725	28	2386	959	0
12103	28	3871	959	0
7135	28	400	959	0
14251	28	1501	959	0
21595	28	1467	959	0
24544	28	2774	959	0
73386	28	1666	959	0
16754	28	505	959	0
32117	28	397	959	0
174082	28	1708	959	0
18671	28	520	959	0
46861	28	4574	959	0
20555	28	49491	959	0
11145	28	110	959	0
94374	28	905	959	0
54654	28	1436	959	0
11514	28	1825	959	0
82632	28	1141	959	0
6013	28	100	959	0
43729	28	20	959	0
129517	28	796	959	0
27975	28	1642	959	0
79947	28	2004	959	0
49775	28	2257	959	0
18792	28	2629	959	0
16890	28	2059	959	0
9624	28	109	959	0
80959	28	4910	959	0
2996	28	723	959	0
40680	28	1277	959	0
24571	28	1898	959	0
58682	28	774	959	0
15492	28	105	959	0
42943	28	749	959	0
89762	28	1583	959	0
104541	28	690	959	0
12394	28	331	959	0
24066	28	215	959	0
14957	28	856	959	0
16140	28	462	959	0
53756	28	1772	959	0
16127	28	786	959	0
114437	28	4037	959	0
10467	28	100	959	0
45448	28	659	959	0
5923	28	81	959	0
30405	28	1173	959	0
44154	28	551	959	0
38493	28	4910	959	0
110868	28	3663	959	0
42091	28	27093	959	0
63235	28	774	959	0
19715	28	2644	959	0
94283	28	1076	959	0
19882	28	571	959	0
23745	28	864	959	0
11244	28	726	959	0
16726	28	63	959	0
10095	28	1601	959	0
22167	28	2865	959	0
16506	28	434	959	0
70224	14	2754	959	0
26547	28	119	959	0
34676	28	523	959	0
36396	28	536	959	0
18042	28	505	959	0
11834	28	2097	959	0
28670	28	924	959	0
17370	28	69	959	0
76617	23	20392	959	0
125582	16	4105	959	0
30296	28	1178	959	0
32313	28	1474	959	0
79477	28	175037	959	0
46800	28	135	959	0
4077	28	732	959	0
54744	28	1542	959	0
151456	28	57095	959	0
11696	28	428	959	0
4708	28	2392	959	0
79731	28	24383	959	0
45438	28	2880	959	0
31775	28	3100	959	0
52769	28	1497	959	0
4708	28	32	959	0
21951	28	456	959	0
28569	28	369	959	0
88167	28	11118	959	0
4792	28	2061	959	0
30261	28	1749	959	0
81150	28	1771	959	0
7772	28	905	959	0
23458	28	760	959	0
51715	28	2115	959	0
27467	28	1332	959	0
109064	28	4689	959	0
76715	28	1250	959	0
52005	28	1601	959	0
44265	28	2777	959	0
7448	28	223	959	0
85243	28	5508	959	0
8834	28	86	959	0
25103	14	5700	959	0
21587	28	2395	959	0
65656	28	4311	959	0
7186	28	1006	959	0
81941	28	348	959	0
92047	1	38426	959	0
48584	28	1832	959	0
14791	28	529	959	0
38633	28	540	959	0
65136	28	11056	959	0
122106	28	5619	959	0
24609	28	459	959	0
14044	28	404	959	0
63687	28	3574	959	0
128533	28	158	959	0
12312	28	489	959	0
18973	28	206	959	0
26028	28	695	959	0
21482	28	603	959	0
80387	28	22983	959	0
41888	28	1757	959	0
32063	28	486	959	0
16258	28	694	959	0
60810	28	72316	959	0
33344	28	781	959	0
96335	28	406	959	0
22836	28	505	959	0
14713	28	6098	959	0
20762	28	257	959	0
18965	28	298	959	0
6130	28	3888	959	0
63496	28	642	959	0
16640	28	660	959	0
55884	28	3526	959	0
18487	28	992	959	0
10411	28	2392	959	0
6554	28	260	959	0
107756	28	1981	959	0
88805	28	71	959	0
18617	28	318	959	0
8110	28	616	959	0
30037	28	743	959	0
43543	28	165	959	0
11976	28	628	959	0
17425	28	871	959	0
26978	28	206	959	0
42087	28	2289	959	0
5477	28	434	959	0
32910	28	368	959	0
11491	28	470	959	0
33363	28	36888	959	0
15036	28	1431	959	0
6664	28	282	959	0
46899	28	532	959	0
55896	28	415	959	0
39724	28	4319	959	0
91792	28	133	959	0
33548	28	28	959	0
74353	14	2297	959	0
49865	28	1294	959	0
12461	28	107	959	0
8834	28	126	959	0
23571	28	2875	959	0
6340	28	9864	959	0
28342	28	494	959	0
7868	28	2270	959	0
51888	14	3501	959	0
23930	14	9403	959	0
9125	28	404	959	0
16060	28	808	959	0
94732	28	15031	959	0
40064	28	490	959	0
4414	28	1740	959	0
77496	28	2798	959	0
66799	28	3396	959	0
17565	28	32	959	0
78457	28	60357	959	0
84161	28	1879	959	0
103959	28	14560	959	0
76497	28	30327	959	0
33563	28	1944	959	0
36456	28	920	959	0
4601	28	1122	959	0
109972	28	2517	959	0
144507	23	80630	959	0
16283	28	283	959	0
11865	28	967	959	0
7011	28	746	959	0
13918	28	413	959	0
33229	28	1115	959	0
28691	28	133	959	0
137694	28	1127	959	0
29182	28	346	959	0
88499	28	2831	959	0
12704	28	239	959	0
10984	28	1049	959	0
79571	28	11683	959	0
12946	28	2386	959	0
27387	28	2875	959	0
54196	28	1120	959	0
8500	28	574	959	0
68933	28	1512	959	0
82149	28	16076	959	0
64197	28	565	959	0
49482	14	33634	959	0
33447	28	3385	959	0
60259	28	458	959	0
59250	28	413	959	0
5342	28	28563	959	0
34524	28	458	959	0
9264	28	7641	959	0
13685	28	1093	959	0
8367	28	1001	959	0
45647	28	7112	959	0
15855	28	11137	959	0
20615	28	726	959	0
12442	28	149	959	0
14192	28	27618	959	0
7208	28	9234	959	0
33045	28	283	959	0
11190	28	165	959	0
28112	28	1560	959	0
10967	28	1043	959	0
38636	28	13515	959	0
32038	28	76	959	0
13570	28	265	959	0
54905	28	1703	959	0
51231	28	2442	959	0
60251	28	1831	959	0
42672	28	1544	959	0
9513	28	1330	959	0
29060	28	1423	959	0
7699	28	147	959	0
29275	28	499	959	0
110485	28	1512	959	0
73269	28	450	959	0
5126	28	2189	959	0
6603	28	126	959	0
145917	28	565	959	0
67783	14	1706	959	0
13365	28	802	959	0
14980	28	92	959	0
61352	28	781	959	0
25146	28	244	959	0
24689	28	24	959	0
101835	28	3574	959	0
27428	28	2480	959	0
80346	28	1152	959	0
18444	28	1925	959	0
10270	28	1718	959	0
65039	28	565	959	0
9931	28	2737	959	0
19837	28	634	959	0
99111	28	1763	959	0
78178	28	2140	959	0
11321	28	43	959	0
6659	28	16413	959	0
12992	28	56	959	0
17311	28	951	959	0
62149	28	537	959	0
27108	14	207	959	0
35319	28	277	959	0
64204	28	24383	959	0
85300	28	20722	959	0
14479	28	17677	959	0
101799	23	152966	959	0
110511	28	463	959	0
59875	28	799	959	0
134472	28	92125	959	0
13004	28	247	959	0
6129	28	30	959	0
13015	28	647	959	0
13543	28	272	959	0
10277	28	2475	959	0
59719	28	24	959	0
54809	28	1426	959	0
39457	28	2945	959	0
58873	28	233	959	0
129429	28	1144	959	0
75916	23	17647	959	0
16063	28	135	959	0
13817	28	2533	959	0
62664	28	3135	959	0
95616	28	1607	959	0
51181	28	2793	959	0
38434	28	726	959	0
87263	28	5075	959	0
18582	28	3349	959	0
38404	28	1199	959	0
35913	28	332	959	0
6156	28	234	959	0
3409	28	1813	959	0
24746	28	668	959	0
14466	28	1549	959	0
5554	28	1293	959	0
26979	28	106	959	0
40412	28	1250	959	0
9745	28	111	959	0
48521	28	24815	959	0
89202	28	3872	959	0
16261	28	1097	959	0
70224	14	119578	959	0
62345	28	1124	959	0
4222	28	67	959	0
77012	28	1682	959	0
21538	28	1828	959	0
27578	28	1178	959	0
11666	28	506	959	0
11748	14	36533	959	0
153254	28	1076	959	0
10936	28	462	959	0
36753	28	67	959	0
24751	14	4413	959	0
10931	28	120	959	0
30018	28	1780	959	0
15678	28	1006	959	0
18743	28	4574	959	0
64377	28	565	959	0
47259	28	2838	959	0
37131	28	1289	959	0
68320	28	133	959	0
38110	28	463	959	0
7896	28	156	959	0
54763	28	2059	959	0
22268	28	397	959	0
56633	28	1549	959	0
58750	28	1074	959	0
5968	28	67	959	0
9021	28	221	959	0
20474	28	499	959	0
101957	28	10171	959	0
5929	28	1567	959	0
35624	28	70	959	0
6322	28	657	959	0
59689	28	1763	959	0
34594	28	235	959	0
29356	28	4910	959	0
38751	28	1544	959	0
22255	28	508	959	0
54154	28	1230	959	0
72412	14	117866	959	0
20249	28	507	959	0
58795	28	2301	959	0
92030	28	523	959	0
24062	28	39	959	0
33476	28	16092	959	0
22326	28	413	959	0
39372	28	532	959	0
8640	23	47043	959	0
69307	28	7890	959	0
20502	28	464	959	0
43211	28	1500	959	0
22972	28	957	959	0
28605	28	680	959	0
88777	28	31796	959	0
53694	28	2218	959	0
77444	28	713	959	0
11373	14	7090	959	0
12374	28	3561	959	0
21105	28	1531	959	0
84767	28	9582	959	0
3509	28	1738	959	0
28541	28	13912	959	0
14880	28	1532	959	0
79513	28	605	959	0
93569	28	781	959	0
6690	28	259	959	0
15144	28	483	959	0
17972	28	353	959	0
76624	28	2688	959	0
23467	28	486	959	0
31377	28	368	959	0
17634	28	1932	959	0
37479	28	68	959	0
47988	28	1150	959	0
18904	28	238	959	0
110012	28	4003	959	0
19616	28	193	959	0
6088	28	1013	959	0
31279	28	3177	959	0
105211	28	1474	959	0
20567	28	2773	959	0
28780	28	483	959	0
151806	28	1549	959	0
43495	28	8554	959	0
17074	28	470	959	0
10057	28	832	959	0
44413	28	903	959	0
87456	28	914	959	0
20675	28	434	959	0
6078	28	107	959	0
46113	28	11211	959	0
19405	28	265	959	0
59475	28	228	959	0
4312	28	620	959	0
35817	28	1358	959	0
11775	28	1413	959	0
49069	28	42899	959	0
30139	28	3319	959	0
19162	28	2601	959	0
110149	28	198	959	0
14898	28	706	959	0
62848	28	2991	959	0
38639	28	3700	959	0
26085	28	508	959	0
30779	28	1814	959	0
8558	28	805	959	0
4788	28	118	959	0
7201	28	465	959	0
10582	28	595	959	0
36753	28	219	959	0
14601	28	3871	959	0
19132	28	1384	959	0
94323	28	2568	959	0
22407	28	2330	959	0
23891	28	1342	959	0
9222	28	469	959	0
7666	28	2046	959	0
4800	28	384	959	0
18902	28	404	959	0
74558	23	127219	959	0
60976	28	5331	959	0
89050	28	537	959	0
27523	28	2611	959	0
82095	28	1557	959	0
69386	28	3678	959	0
26714	28	1214	959	0
36582	28	1090	959	0
34586	28	8913	959	0
37781	14	1126	959	0
13977	28	348	959	0
24688	28	2608	959	0
72616	28	1595	959	0
64117	28	622	959	0
14203	28	267	959	0
5707	28	404	959	0
15715	28	83	959	0
8921	28	251	959	0
60179	28	817	959	0
73732	28	46411	959	0
9380	28	514	959	0
67744	28	250	959	0
51834	14	207	959	0
150124	16	16399	959	0
15355	28	354	959	0
5330	28	1340	959	0
10480	28	1119	959	0
76497	28	1975	959	0
20282	28	1561	959	0
121171	28	265	959	0
10404	28	681	959	0
7362	28	1416	959	0
7918	28	1185	959	0
72933	28	29328	959	0
5896	28	856	959	0
16246	28	2150	959	0
36657	28	575	959	0
12289	28	219	959	0
10797	28	2242	959	0
26311	28	1308	959	0
67992	28	1049	959	0
58763	28	273	959	0
8515	28	486	959	0
7625	28	433	959	0
54186	14	3057	959	0
69442	28	6062	959	0
15109	28	289	959	0
38008	28	119	959	0
5216	28	11974	959	0
8850	28	751	959	0
7149	28	2763	959	0
36873	28	622	959	0
12973	28	486	959	0
64375	28	2941	959	0
6636	28	2763	959	0
19957	28	416	959	0
5392	28	79	959	0
8681	28	629	959	0
13830	28	1214	959	0
3881	28	1738	959	0
124821	28	2004	959	0
88256	28	749	959	0
20519	28	206	959	0
48910	28	1497	959	0
59000	28	2105	959	0
55624	28	339	959	0
13450	28	267	959	0
30413	28	1527	959	0
32675	28	6621	959	0
93337	28	80298	959	0
69606	28	31420	959	0
66777	28	2301	959	0
12518	28	3437	959	0
11958	28	351	959	0
31571	28	1501	959	0
77924	28	278	959	0
41648	28	634	959	0
44073	28	1501	959	0
77702	28	1816	959	0
7781	28	5524	959	0
7956	28	291	959	0
7399	28	1306	959	0
25318	28	14	959	0
58107	28	967	959	0
17098	28	142	959	0
55559	28	11118	959	0
38369	28	2122	959	0
16224	28	217	959	0
66436	28	967	959	0
32865	28	43914	959	0
10124	28	594	959	0
9822	28	107	959	0
8127	28	1948	959	0
9609	28	1607	959	0
10936	28	713	959	0
59490	28	8319	959	0
15424	28	105	959	0
4334	28	2639	959	0
37312	28	731	959	0
3704	28	2035	959	0
5662	28	465	959	0
17673	28	397	959	0
81043	28	355	959	0
59757	28	669	959	0
41925	28	145	959	0
14026	28	1932	959	0
147961	28	69225	959	0
18666	28	926	959	0
25769	28	1074	959	0
28423	28	796	959	0
68787	28	780	959	0
21438	28	105	959	0
24134	28	713	959	0
13181	28	622	959	0
37406	28	25075	959	0
6776	28	80	959	0
16562	28	1018	959	0
26435	28	889	959	0
7553	28	339	959	0
79709	28	1008	959	0
28545	28	681	959	0
5503	28	105	959	0
8263	28	121	959	0
53759	28	2178	959	0
34495	28	605	959	0
12398	28	1610	959	0
8753	28	2763	959	0
24193	28	1512	959	0
54307	28	2740	959	0
48081	28	2059	959	0
55041	28	1660	959	0
38687	28	1549	959	0
4254	28	1122	959	0
46495	28	1356	959	0
18651	28	390	959	0
69598	28	622	959	0
22049	28	973	959	0
26882	28	492	959	0
120402	28	418	959	0
37271	28	5733	959	0
11547	28	1139	959	0
58977	28	1245	959	0
35994	28	659	959	0
4397	28	81726	959	0
8547	28	2386	959	0
23483	28	69	959	0
22483	28	17655	959	0
29657	28	206	959	0
83765	28	3508	959	0
14254	28	14	959	0
16418	28	994	959	0
30911	28	523	959	0
15435	28	2519	959	0
32860	28	835	959	0
40376	28	4033	959	0
26054	28	404	959	0
12653	28	42	959	0
15193	28	357	959	0
41750	28	3283	959	0
8274	28	250	959	0
8194	28	61	959	0
12239	28	557	959	0
15823	28	29	959	0
57615	28	13000	959	0
13009	28	1178	959	0
121489	28	527	959	0
13853	28	1190	959	0
30816	28	268	959	0
16845	28	51871	959	0
37256	28	13038	959	0
14700	28	4244	959	0
22937	28	2088	959	0
12354	28	111	959	0
13595	28	283	959	0
10251	28	1169	959	0
20779	28	17519	959	0
22896	28	1497	959	0
59285	14	1217	959	0
14553	28	1265	959	0
9793	28	77	959	0
79589	28	2117	959	0
5918	28	1526	959	0
20135	14	3608	959	0
9027	28	2135	959	0
80995	28	1966	959	0
16924	28	423	959	0
11696	28	970	959	0
24345	28	927	959	0
13996	28	416	959	0
7274	28	434	959	0
83493	28	2336	959	0
9551	28	1230	959	0
26170	28	558	959	0
6872	28	239	959	0
40081	28	532	959	0
14185	28	505	959	0
27940	28	135	959	0
76008	28	749	959	0
8260	28	100	959	0
58945	28	1728	959	0
15962	28	2242	959	0
88224	28	412	959	0
9947	28	1695	959	0
44412	28	2386	959	0
6201	28	337	959	0
21239	28	774	959	0
11161	28	817	959	0
18681	28	228	959	0
37920	28	86	959	0
19477	28	743	959	0
49865	28	2338	959	0
32862	28	1954	959	0
19706	28	107	959	0
115940	28	2694	959	0
10566	28	1426	959	0
32285	14	32577	959	0
21469	28	10315	959	0
14661	28	134	959	0
8762	28	2532	959	0
44531	28	586	959	0
14537	28	632	959	0
57734	28	6753	959	0
51650	28	842	959	0
11498	28	394	959	0
66182	28	6560	959	0
38972	14	29259	959	0
53222	28	17491	959	0
7463	28	1912	959	0
13760	28	344	959	0
18766	28	1943	959	0
7011	28	3930	959	0
10984	28	346	959	0
7105	28	1085	959	0
86317	28	1617	959	0
34332	28	5513	959	0
49360	28	1590	959	0
70571	28	641	959	0
29917	28	102	959	0
25758	28	492	959	0
22128	28	1734	959	0
28703	28	63	959	0
14502	28	1535	959	0
20035	28	1134	959	0
76942	28	26984	959	0
8121	28	583	959	0
58075	28	1076	959	0
31770	28	2257	959	0
8923	28	160	959	0
33839	28	32	959	0
31419	28	1099	959	0
4414	28	528	959	0
15305	28	442	959	0
40529	28	1541	959	0
24098	28	594	959	0
35074	28	276	959	0
53133	14	902	959	0
11086	28	464	959	0
89744	28	3949	959	0
67295	28	339	959	0
7544	28	1924	959	0
14176	28	793	959	0
30775	28	900	959	0
11131	28	489	959	0
11931	28	617	959	0
72684	28	1728	959	0
23580	28	2156	959	0
27865	28	68	959	0
80128	28	2117	959	0
17506	28	4157	959	0
15029	28	383	959	0
76624	28	2714	959	0
84291	28	3574	959	0
53074	28	3503	959	0
38715	28	3574	959	0
15339	28	805	959	0
23729	28	345	959	0
12298	28	195	959	0
12110	28	1276	959	0
18637	28	30	959	0
104533	23	83396	959	0
16887	28	668	959	0
66540	28	3798	959	0
31334	28	2180	959	0
55063	28	1944	959	0
68690	28	478	959	0
12481	28	661	959	0
28282	28	1619	959	0
28521	28	3879	959	0
125899	28	2011	959	0
20750	28	156	959	0
15044	28	166	959	0
90265	28	273	959	0
12998	28	1829	959	0
20289	28	869	959	0
88527	14	1445	959	0
13935	28	1730	959	0
64052	28	2233	959	0
29452	28	1004	959	0
9317	28	2242	959	0
35313	28	1123	959	0
46659	28	3728	959	0
7432	28	332	959	0
14805	28	40	959	0
146156	14	57720	959	0
14502	28	904	959	0
27423	28	907	959	0
87466	28	439	959	0
5342	28	9909	959	0
7732	28	754	959	0
9255	28	971	959	0
59260	28	509	959	0
62180	14	2005	959	0
44506	28	2774	959	0
6246	28	2763	959	0
110427	14	105382	959	0
10128	28	2394	959	0
12477	1	185128	959	0
22879	28	388	959	0
58237	28	18584	959	0
12175	28	864	959	0
17569	28	135	959	0
7358	28	80	959	0
11426	28	129	959	0
13067	28	28	959	0
65001	28	381	959	0
31958	28	510	959	0
13088	28	564	959	0
22815	28	1185	959	0
130290	28	2052	959	0
60183	28	415	959	0
7193	28	288	959	0
52586	28	766	959	0
28025	28	2373	959	0
17165	28	2027	959	0
66842	23	94077	959	0
94077	23	66842	959	0
14238	28	482	959	0
19178	28	1370	959	0
28812	28	1034	959	0
8432	28	4059	959	0
7719	28	120	959	0
28620	28	252	959	0
44230	28	2270	959	0
21411	28	106	959	0
11945	28	908	959	0
14600	28	1266	959	0
148105	28	3848	959	0
108126	28	1642	959	0
7398	28	404	959	0
154484	28	2694	959	0
7691	28	1421	959	0
77626	28	781	959	0
22260	28	1201	959	0
68391	28	499	959	0
37746	28	6098	959	0
9160	28	963	959	0
32063	28	241	959	0
12442	28	168	959	0
14530	28	2659	959	0
11901	28	406	959	0
12245	28	110	959	0
40760	28	1920	959	0
10467	28	61	959	0
38969	28	1895	959	0
155411	14	15905	959	0
27685	28	135	959	0
9491	28	44	959	0
28850	28	904	959	0
5125	28	102	959	0
55041	28	565	959	0
42246	28	1060	959	0
20598	28	1426	959	0
32621	28	617	959	0
20127	28	28	959	0
57205	28	490	959	0
45571	28	759	959	0
5138	28	26970	959	0
12648	28	2752	959	0
19882	28	169	959	0
92527	28	7253	959	0
6959	28	625	959	0
15796	28	509	959	0
5712	28	19934	959	0
20355	28	6994	959	0
86178	28	238	959	0
40425	14	26070	959	0
5291	28	1720	959	0
62542	28	33111	959	0
49275	28	860	959	0
19670	28	68	959	0
6588	28	23	959	0
10781	28	19	959	0
12390	28	558	959	0
28639	28	46	959	0
16800	28	415	959	0
34907	28	51362	959	0
27848	28	523	959	0
8653	28	63	959	0
6515	28	778	959	0
70321	28	523	959	0
79250	28	2621	959	0
9633	28	18272	959	0
44180	28	1619	959	0
6477	28	893	959	0
42371	23	107056	959	0
89843	28	1356	959	0
41648	28	402	959	0
38753	28	1512	959	0
11258	28	221	959	0
9263	28	817	959	0
19482	28	141	959	0
12687	28	3347	959	0
42645	28	1530	959	0
45039	28	2093	959	0
21016	28	914	959	0
89870	28	2621	959	0
25754	28	17212	959	0
29432	14	308	959	0
12766	28	266	959	0
64794	28	33413	959	0
43615	28	1499	959	0
6808	28	518	959	0
23382	28	570	959	0
8374	28	1238	959	0
16837	28	1504	959	0
40829	30	59	959	0
69231	28	6442	959	0
48069	28	2533	959	0
108151	28	12232	959	0
44603	28	913	959	0
57390	28	802	959	0
107240	28	1642	959	0
13996	28	404	959	0
22629	28	2482	959	0
17249	28	889	959	0
5069	28	72	959	0
11713	28	178	959	0
75271	23	155503	959	0
155503	23	75271	959	0
7568	28	1210	959	0
34611	28	5075	959	0
4030	28	871	959	0
15340	28	433	959	0
129174	28	10834	959	0
73748	28	1907	959	0
123793	28	809	959	0
6170	28	2908	959	0
17151	28	1375	959	0
7615	28	178	959	0
33346	28	716	959	0
63828	28	3460	959	0
86382	28	233	959	0
6954	28	1151	959	0
23394	28	114	959	0
12187	28	366	959	0
5543	28	2614	959	0
24732	28	2982	959	0
82840	28	917	959	0
28834	28	82	959	0
75759	28	415	959	0
10673	28	922	959	0
69190	28	2059	959	0
31487	28	1775	959	0
12764	28	3039	959	0
7018	28	573	959	0
9691	28	139	959	0
35319	28	158	959	0
6500	28	186	959	0
5405	28	28	959	0
35975	28	2955	959	0
39090	28	515	959	0
8681	28	465	959	0
22960	28	498	959	0
33177	28	2060	959	0
23684	28	1342	959	0
11283	28	2666	959	0
19005	28	1660	959	0
3409	28	120	959	0
4030	28	1514	959	0
54404	28	1697	959	0
82104	28	1204	959	0
19352	28	660	959	0
26595	28	1006	959	0
31828	28	742	959	0
20311	28	167	959	0
51558	28	3872	959	0
47496	28	882	959	0
21142	28	907	959	0
84161	28	410	959	0
9237	28	5513	959	0
13627	28	269	959	0
14701	28	470	959	0
20053	28	88	959	0
76438	28	14741	959	0
14840	28	1961	959	0
79475	14	1217	959	0
57171	28	2539	959	0
16984	28	781	959	0
10342	28	38	959	0
11080	28	257	959	0
187854	28	857	959	0
61850	28	903	959	0
7626	28	1497	959	0
13839	28	9876	959	0
26906	28	1841	959	0
46710	28	92125	959	0
21398	28	41	959	0
27470	28	9341	959	0
15629	28	1176	959	0
131009	23	155539	959	0
11679	28	744	959	0
15560	28	221	959	0
45873	28	1945	959	0
36881	28	498	959	959
17564	28	2088	959	959
22741	28	492	959	959
56728	28	167	959	959
145857	28	1423	959	959
13758	28	423	959	959
29012	28	2576	959	959
69325	28	99	959	959
106774	28	205	959	959
18902	28	30	959	959
110572	23	109061	959	959
120516	28	1056	959	959
23532	28	37	959	959
14278	28	937	959	959
9447	28	45	959	959
90985	28	156	959	959
8481	28	525	959	959
19187	28	219	959	959
33495	28	368	959	959
56702	28	4437	959	959
12735	28	54	959	960
7635	28	2884	959	960
51976	28	797	959	960
28879	28	1213	959	960
18559	28	565	959	960
11213	28	99	959	960
60539	28	774	959	960
21638	28	2128	959	960
9080	28	1173	959	960
11245	28	377	959	960
60642	28	2672	959	960
82343	28	33413	959	960
11249	28	1529	959	960
33437	28	321	959	960
8387	28	277	959	960
16300	28	594	959	960
44947	28	44948	959	960
9162	28	102	959	960
7166	28	1367	959	960
12858	28	815	959	960
5206	28	195	959	960
70784	28	1527	959	960
52285	28	2026	959	960
21866	28	255	959	960
21876	28	624	959	960
39008	28	2397	959	960
7173	28	82	959	960
12904	28	4650	959	960
7644	28	770	959	960
96258	28	261	959	960
18935	28	1115	959	960
131512	28	405	959	960
16588	28	612	959	960
12958	28	629	959	960
61122	28	2325	959	960
61148	28	1078	959	960
16631	28	3416	959	960
96390	28	780	959	960
21749	28	673	959	960
39305	28	131	959	960
16347	28	1033	959	960
52724	28	510	959	960
45492	28	134	959	960
82986	28	882	959	960
5239	28	830	959	960
10351	28	92	959	960
19142	28	439	959	960
13063	28	2773	959	960
61465	28	439	959	960
96642	28	6753	959	960
5473	28	529	959	960
8560	28	1397	959	960
14693	28	307	959	960
6775	28	1969	959	960
11608	28	750	959	960
61379	28	5044	959	960
9124	28	2035	959	960
13150	28	439	959	960
25288	28	965	959	960
22076	28	1948	959	960
5433	28	109	959	960
96202	28	1919	959	960
16909	28	911	959	960
9202	28	565	959	960
113169	28	4375	959	960
29961	28	533	959	960
11744	28	1809	959	960
29974	28	159	959	960
53373	28	1163	959	960
46055	28	1806	959	960
17017	28	1919	959	960
11767	28	1082	959	960
16668	28	416	959	960
10549	28	83	959	960
5419	28	112	959	960
53668	28	974	959	960
34738	28	198	959	960
40148	28	2204	959	960
34755	28	1954	959	960
15033	28	1115	959	960
26076	28	908	959	960
22709	28	79	959	960
113632	28	129	959	960
72392	28	6033	959	960
7976	28	147	959	960
84119	28	1112	959	960
26130	28	491	959	960
11449	28	32	959	960
62512	28	19749	959	960
26208	28	3656	959	960
11308	28	126	959	960
22849	28	101	959	960
14238	28	580	959	960
5968	28	134	959	960
15078	28	120	959	960
19711	28	83	959	960
29988	28	1725	959	960
62955	28	1882	959	960
35173	28	217	959	960
8044	28	304	959	960
40682	28	351	959	960
11704	28	38	959	960
9681	28	536	959	960
22380	28	283	959	960
72980	28	96996	959	960
26508	28	483	959	960
22089	28	48	959	960
35283	28	213	959	960
47042	28	960	959	960
54438	28	4865	959	960
47068	28	6068	959	960
11759	28	52	959	960
14849	28	2277	959	960
15304	28	213	959	960
4897	28	177	959	960
15351	28	416	959	960
35203	28	282	959	960
63375	28	1468	959	960
5017	28	1367	959	960
47253	28	273	959	960
19076	28	508	959	960
35493	28	1060	959	960
11324	28	5800	959	960
13627	28	586	959	960
47352	28	586	959	960
41089	28	395	959	960
41094	28	1572	959	960
30953	28	2282	959	960
41161	28	1007	959	960
73607	28	2179	959	960
72055	28	1670	959	960
30995	28	139	959	960
34705	28	235	959	960
12205	28	3808	959	960
29791	28	691	959	960
63750	28	1806	959	960
112261	28	2286	959	960
4334	28	188	959	960
13070	28	377	959	960
10105	28	968	959	960
19492	28	205	959	960
18744	28	119	959	960
20441	28	627	959	960
8822	28	603	959	960
11820	28	3811	959	960
23461	28	3545	959	960
8494	28	67	959	960
74074	28	3395	959	960
20499	28	1399	959	960
22728	28	2812	959	960
74104	28	960	959	960
23487	28	1208	959	960
70814	28	1195	959	960
13543	28	30	959	960
6851	28	72	959	960
10865	28	1624	959	960
15335	28	602	959	960
19679	28	940	959	960
35640	28	398	959	960
8002	28	405	959	960
10585	28	272	959	960
25501	28	1363	959	960
22460	28	575	959	960
36114	28	9341	959	960
99617	28	4845	959	960
64421	28	1499	959	960
31404	28	744	959	960
16973	28	1397	959	960
13652	28	1572	959	960
27258	28	1330	959	960
36180	28	82	959	960
10592	28	890	959	960
8932	28	949	959	960
14340	28	4277	959	960
14444	28	1279	959	960
71339	28	3982	959	960
99904	28	1402	959	960
10356	28	2629	959	960
20707	28	2336	959	960
15730	28	1082	959	960
62398	28	872	959	960
15732	28	234	959	960
36314	28	195	959	960
9868	28	1479	959	960
36333	28	623	959	960
27393	28	556	959	960
71314	28	2604	959	960
15752	28	9909	959	960
34654	28	3676	959	960
36396	28	31617	959	960
53446	28	3345	959	960
27382	28	1535	959	960
11972	28	416	959	960
17376	28	5261	959	960
12245	28	149	959	960
17753	28	1324	959	960
26299	28	1052	959	960
75063	28	1286	959	960
100340	23	134925	959	960
134925	23	100340	959	960
8056	28	3207	959	960
12439	28	5606	959	960
26644	28	2414	959	960
29262	28	2956	959	960
48671	28	36576	959	960
87013	28	483	959	960
65115	28	31420	959	960
52294	28	357	959	960
14656	28	9215	959	960
65182	28	2324	959	960
87149	28	205	959	960
22196	28	331	959	960
53122	28	2128	959	960
17787	28	1639	959	960
11795	28	741	959	960
9902	28	123	959	960
36753	28	2085	959	960
7839	28	144	959	960
65391	28	370	959	960
7558	28	3354	959	960
10453	28	72	959	960
13884	28	1496	959	960
116745	28	1117	959	960
20962	28	621	959	960
15293	28	4594	959	960
6911	28	46	959	960
15347	28	405	959	960
13028	28	307	959	960
36832	28	2048	959	960
75619	28	242	959	960
15628	28	257	959	960
42472	28	494	959	960
8984	28	81	959	960
5027	28	7895	959	960
7025	28	467	959	960
64326	28	2488	959	960
75697	28	3039	959	960
42525	28	1623	959	960
19180	28	2343	959	960
29182	28	343	959	960
11712	28	914	959	960
14502	28	889	959	960
10713	28	536	959	960
24026	28	398	959	960
21757	28	909	959	960
36986	28	1179	959	960
21661	28	891	959	960
36998	28	1795	959	960
101235	28	25924	959	960
17576	28	415	959	960
13601	28	1392	959	960
23667	28	210	959	960
53015	28	565	959	960
52840	28	5331	959	960
15739	28	386	959	960
6699	28	580	959	960
63056	28	462	959	960
15642	28	759	959	960
37077	28	565	959	960
48283	28	1614	959	960
42785	28	3139	959	960
10353	28	48	959	960
65922	28	6909	959	960
17189	28	2051	959	960
46135	28	568	959	960
42794	28	1806	959	960
21099	28	1052	959	960
31834	28	234	959	960
23302	28	211	959	960
24890	28	1060	959	960
9249	28	8554	959	960
9279	28	233	959	960
31964	28	1074	959	960
39580	28	215	959	960
61148	28	1410	959	960
8691	28	82	959	960
61600	28	1581	959	960
14016	28	29713	959	960
76329	28	1824	959	960
23469	28	452	959	960
12590	28	907	959	960
15722	28	1639	959	960
23716	28	288	959	960
11487	28	4613	959	960
8187	28	2051	959	960
15132	28	634	959	960
13977	28	114	959	960
21177	28	1158	959	960
42976	28	1074	959	960
23329	28	1230	959	960
5401	28	119	959	960
16010	28	972	959	960
6209	28	1163	959	960
88437	28	1057	959	960
28064	28	787	959	960
76535	28	2532	959	960
9915	28	8437	959	960
71472	28	1180	959	960
17336	28	388	959	960
85227	28	3583	959	960
12385	28	1074	959	960
9862	28	766	959	960
11396	28	503	959	960
15711	28	1034	959	960
88618	28	2660	959	960
15729	28	597	959	960
8392	28	2234	959	960
26850	28	912	959	960
5099	28	51	959	960
42099	28	1767	959	960
23718	28	2204	959	960
7575	28	40	959	960
39617	28	3362	959	960
61194	28	1067	959	960
88801	28	8459	959	960
33474	28	515	959	960
73195	28	4347	959	960
24810	28	1642	959	960
14269	28	744	959	960
11264	28	22	959	960
44918	28	518	959	960
18682	28	21745	959	960
7145	28	1223	959	960
51949	28	222	959	960
57582	28	3242	959	960
24760	28	970	959	960
40703	28	1067	959	960
57615	28	3630	959	960
16518	28	2046	959	960
8421	28	401	959	960
52445	28	180	959	960
99406	28	1299	959	960
21840	28	255	959	960
56665	28	740	959	960
29151	28	1342	959	960
16443	28	501	959	960
6284	28	48	959	960
12879	28	802	959	960
102582	28	1993	959	960
14567	28	539	959	960
49924	28	1238	959	960
6262	28	1122	959	960
29271	28	133	959	960
21971	28	826	959	960
45259	28	10190	959	960
9230	28	1115	959	960
25117	28	67	959	960
9239	28	46	959	960
5402	28	143	959	960
39211	28	224	959	960
84512	28	129	959	960
9161	28	632	959	960
77229	28	1650	959	960
9340	28	303	959	960
25299	28	808	959	960
16703	28	594	959	960
9305	28	178	959	960
14626	28	1210	959	960
45498	28	199	959	960
77346	28	1460	959	960
77348	28	3926	959	960
29548	28	3871	959	960
7843	28	196	959	960
