7	26	127049	34	0
80672	26	124608	38	967
18073	28	45	42	879
67823	8	163561	43	0
21747	28	193	46	919
108096	28	20827	47	848
19463	28	343	47	853
65697	28	72	48	48
10565	28	38	48	48
94449	28	9014	48	854
94449	28	149	48	857
95017	28	49	48	860
94674	28	42	49	866
112898	28	68	49	867
94674	28	48784	49	869
63430	28	77	49	869
44565	28	72506	50	0
44565	28	1234	50	0
8270	28	1015	50	0
94674	28	12667	50	0
94919	28	2776	50	878
104112	28	45396	50	879
61649	28	806	50	881
68927	28	265	50	882
24472	28	65	50	882
100565	28	120	50	883
30213	28	2625	50	883
6000	28	1805	51	0
33463	28	828	51	887
35509	28	33	51	888
87202	28	118	51	889
70867	28	2454	51	889
70867	28	552	51	890
35509	28	2625	51	890
30213	28	77	51	892
3732	28	1697	51	892
30213	28	33163	51	898
6000	28	52	52	0
119502	28	612	52	52
65310	28	1778	53	53
65310	28	1478	53	53
65310	28	1772	53	892
85337	28	93810	53	903
65310	28	3554	53	905
13567	28	2409	53	908
92505	28	714	53	909
22469	28	44493	53	911
11392	28	3119	53	913
94816	28	704	54	54
77141	28	82	54	911
77141	28	1483	54	917
94816	28	3269	54	917
72458	28	1195	54	918
108145	28	33	54	920
18570	28	3331	54	921
35025	28	1340	54	922
79612	28	21182	54	923
127	27	3816	54	950
19755	28	4726	55	55
108145	28	806	55	925
83252	28	1483	55	926
12293	28	3928	55	927
4223	28	1349	55	929
29857	28	4412	55	933
19755	28	7953	55	933
94074	28	48	55	933
72713	28	44	55	934
4223	28	12013	55	934
69895	28	2627	55	934
93219	28	559	56	56
33173	28	704	56	56
13459	28	3405	56	56
93219	28	109	56	934
15399	28	41	56	935
102296	28	2174	56	938
72713	28	969	56	939
34878	28	1617	56	939
72713	28	23103	56	939
6063	28	2468	56	939
21475	28	6938	56	940
72713	28	40525	56	941
73457	28	48	56	941
8705	28	629	56	942
21475	28	433	56	943
10476	28	551	56	943
17683	28	712	57	0
5414	28	717	57	0
11214	28	51	57	57
8131	28	3456	57	57
96792	28	7525	57	57
22677	28	1354	57	57
8131	28	2625	57	57
54251	28	1026	57	57
96792	28	1675	57	57
96792	28	735	57	57
93219	28	221	57	944
71960	28	1483	57	947
131075	28	139	57	947
93219	28	283	57	947
71503	28	445	57	947
6526	28	219	57	948
20415	28	750	57	948
8131	28	168	57	948
54251	28	1742	57	948
6444	28	42	57	948
47778	28	236	57	949
30054	28	236	57	949
11061	28	236	57	949
6521	28	63	57	950
30061	28	558	57	951
21811	28	236	57	951
6636	28	36	57	952
7955	28	2418	57	952
66749	28	337	57	952
10310	28	2122	57	953
5382	28	3671	57	954
66749	28	558	57	954
21091	28	230	57	954
72392	28	956	57	954
8131	28	1374	57	955
15548	28	1668	57	955
92640	28	330	57	956
19453	28	236	57	957
57219	28	45	57	958
42091	28	6143	58	0
42091	28	20481	58	0
52362	28	2702	58	0
12322	23	144986	58	0
86788	28	20	58	0
12319	28	1158	58	0
57618	28	2772	58	58
48674	28	55	58	956
13443	28	49	58	956
13459	28	5796	58	956
58096	28	2223	58	957
29653	28	2642	58	957
10250	28	10913	58	958
51245	28	1572	58	958
95059	28	7098	58	958
57618	28	1813	58	959
22100	28	100	58	959
37406	28	10376	58	960
50750	28	202	58	960
67496	28	13676	58	961
40682	28	723	58	961
69341	28	132	58	961
19122	28	57	58	961
27599	28	174	58	961
57618	28	1389	58	962
10096	28	2166	58	962
30175	28	395	58	962
62383	28	3016	58	963
48674	28	100	58	963
26310	28	1488	58	963
57618	28	1514	58	964
111677	28	1013	58	965
48674	28	421	58	966
97143	28	192	59	964
4222	28	11974	59	965
12571	28	1819	59	967
80706	6	59	63	0
41242	28	460	65	901
92445	14	13	69	951
67127	1	168145	83	0
67127	1	179931	83	0
122764	1	181115	83	0
18070	23	96125	86	0
15257	28	27	95	958
71968	14	130	104	955
36860	23	43187	111	113
36860	23	153683	112	113
85459	23	154869	132	145
184076	14	4374	178	939
88734	28	7901	182	967
49294	23	59290	183	189
101423	1	81202	235	0
43930	23	28901	311	0
49127	23	59215	357	364
49127	23	22670	366	368
48786	23	50729	389	400
29051	21	26164	397	536
78280	1	144278	408	0
95671	23	125339	420	430
19478	1	144278	424	0
111726	23	28304	481	502
51217	23	62656	493	0
51217	23	69419	494	0
16115	23	67157	517	0
16115	23	67781	531	0
16115	23	119557	538	0
140913	6	10298	555	0
102584	27	10393	559	578
77391	27	10393	573	575
4069	27	77539	577	662
4069	27	10393	580	0
78729	27	10393	585	0
6522	27	10393	590	0
63146	14	4617	637	0
35099	28	289	653	924
3007	27	77539	662	738
52547	27	7703	663	0
50644	23	68321	663	733
2279	27	7703	665	0
3279	27	7703	670	0
102934	23	182027	671	0
140679	1	148054	672	702
52119	23	124469	686	698
149442	14	782	694	0
146053	14	782	698	0
121295	14	782	700	0
123690	14	782	704	0
302	27	4771	712	0
84996	27	4771	712	0
71890	30	4552	713	0
144160	14	782	714	0
179511	14	4972	716	0
23128	27	4771	717	0
730	27	4771	717	0
163147	14	782	721	0
126696	14	782	724	0
150930	14	4617	726	0
164501	14	978	731	0
121936	14	4972	733	0
81447	14	782	733	0
106739	6	1798	734	0
184752	14	4972	734	0
31698	23	75668	735	743
62963	14	782	736	0
85948	14	782	738	0
71890	30	70086	739	0
83136	14	782	739	0
101070	14	782	740	0
101368	6	1586	742	0
138760	14	782	742	0
112965	14	4972	743	764
120050	14	4972	745	754
148217	14	4972	745	761
75501	23	116707	746	758
86823	14	782	747	0
132009	14	4972	748	0
131073	14	4972	748	749
71867	28	168	748	931
105814	14	782	749	0
89028	14	4972	749	0
133903	14	782	750	0
119123	14	4972	750	0
115419	6	270	750	0
31698	23	86816	752	771
77212	6	2953	754	0
86823	14	2417	755	0
155318	14	782	756	0
107764	14	782	757	0
97862	14	34731	758	0
122690	14	2417	759	0
110964	6	1637	761	0
144360	14	8589	761	0
112307	14	782	763	0
43855	23	32580	763	769
133181	14	4972	764	0
120050	14	17104	764	0
131073	14	17104	764	0
119123	14	17104	764	0
148217	14	17104	764	770
8457	14	34731	765	0
119190	14	2417	765	0
172553	6	4816	765	768
39727	14	34731	766	0
77641	23	31691	767	860
112686	6	1586	768	0
89028	14	17104	768	0
112636	14	3401	769	0
89028	14	1425	769	0
89028	14	8589	769	0
42325	14	782	769	0
125050	14	3401	769	0
108352	14	3401	769	0
136279	14	3401	769	0
57593	14	782	770	0
138182	6	3757	771	0
30930	14	2417	771	0
91659	23	91391	771	772
43855	23	15053	771	790
102927	14	782	772	0
59525	14	34731	772	0
57593	14	2417	773	0
62347	14	74747	774	782
72362	16	97542	775	0
77212	14	782	775	0
30230	14	782	776	0
110405	14	782	777	0
59525	14	782	778	0
89253	14	2417	779	0
121377	16	8	779	0
77915	14	782	780	0
17260	6	4785	780	0
95647	14	444	781	0
42325	14	444	781	794
74602	30	2679	781	805
76770	14	444	782	0
109807	14	782	782	0
30930	14	444	782	0
121881	14	1126	783	0
107764	14	444	783	0
79311	6	284	783	0
65066	6	5390	784	0
53349	14	444	784	0
84651	14	444	784	0
39727	14	1126	784	796
57593	14	444	785	0
104656	14	444	785	0
89028	14	7541	785	0
49977	14	782	786	0
166584	14	1343	786	0
2832	23	145317	786	792
168051	14	3483	787	0
63206	14	2417	787	0
94454	14	1343	788	0
49977	14	34731	789	0
18979	14	444	789	0
67838	14	444	790	0
117328	14	1343	790	0
161496	14	4617	791	0
33674	14	1343	791	0
58319	14	3483	791	0
30230	14	444	791	795
34866	27	77539	791	801
41717	23	3015	791	813
64527	14	444	792	0
63206	14	782	792	0
45157	14	1343	793	0
133188	14	444	793	0
45320	14	2417	793	0
8457	14	782	793	0
93948	14	444	793	805
3234	23	134895	794	0
107318	14	34731	794	0
91676	14	1343	794	0
67544	14	2417	795	0
82515	14	782	795	0
69973	14	444	795	798
55906	1	168282	795	872
123988	14	1343	796	0
160074	6	15362	796	799
63206	6	285	797	0
133188	14	2417	797	0
63206	14	444	797	0
151382	14	444	797	0
148224	6	4653	797	0
63943	23	10704	797	820
100568	14	1343	798	0
45320	14	444	798	0
162120	14	237	799	0
105985	16	650	799	0
75258	14	34731	799	0
89194	6	3736	799	0
65066	14	782	799	0
28291	14	4523	799	0
66320	14	3483	799	806
105985	16	8	799	842
49977	14	444	800	0
95919	6	1586	800	0
45157	14	444	801	0
103011	14	1343	802	0
126136	14	444	802	0
85509	14	4617	803	0
110405	14	1343	803	0
54102	14	2417	803	0
39280	14	3483	804	0
83507	14	1880	804	0
117328	14	444	804	0
123308	14	782	804	0
111758	14	444	804	0
146402	14	2005	805	0
100057	14	782	805	0
131758	14	444	806	0
71019	16	650	806	0
45157	14	782	806	0
73383	16	650	806	808
90306	16	8	806	808
104771	14	444	807	0
8696	14	444	807	0
74904	14	2417	807	0
15781	14	782	807	0
65393	6	284	808	0
3234	14	444	808	0
82434	16	72282	808	0
129313	14	444	808	0
71019	16	8	808	840
9130	14	444	809	0
47745	14	23980	809	0
96470	14	4617	809	0
147702	14	2417	809	0
98182	16	650	809	809
92739	23	126864	809	825
121377	16	9	809	846
52311	16	9	809	848
72808	14	782	810	0
82316	16	650	810	0
112642	16	650	810	0
100174	14	444	810	0
73383	16	8	810	838
104552	14	782	811	0
122491	16	650	811	0
122491	16	8	811	0
102752	14	94	811	0
82120	16	8	811	0
86837	14	1343	811	0
115942	14	444	811	0
13521	14	444	811	0
23406	14	2417	811	847
43818	16	9	811	856
153140	14	1343	812	0
47745	14	5310	812	0
102752	14	3956	813	0
92489	16	8	813	0
18979	14	782	813	0
122193	14	1343	813	0
3234	14	1343	814	0
158438	14	1126	814	0
160361	14	2005	814	0
28291	14	444	814	0
125001	14	444	814	0
37886	16	838	814	853
7359	23	17460	814	861
47745	14	2417	815	0
83017	16	650	815	0
82316	16	8	815	854
144682	14	94	816	0
30412	14	444	816	0
152713	6	4785	816	0
6574	27	77539	816	820
83017	16	8	816	820
112642	16	8	816	837
76757	14	444	817	0
93948	14	782	817	0
59724	23	56940	817	833
126661	23	94316	817	846
87276	6	2256	818	0
166834	14	444	818	0
94454	14	782	818	0
107223	6	1637	818	821
123308	14	1343	819	0
114038	14	2005	819	0
3234	14	782	819	0
154236	14	2797	819	0
129313	14	2417	819	0
66018	14	782	820	0
77607	14	1343	820	0
72679	16	9	820	831
39807	14	23980	820	837
18979	14	1343	821	0
21280	14	782	821	0
67190	14	2797	821	0
37042	14	444	821	0
92489	16	9	821	824
86837	14	444	822	0
70490	6	284	822	0
69973	14	2797	822	0
180712	14	1343	822	0
157759	14	2797	823	0
43499	14	444	823	0
98116	14	444	823	0
53521	14	2417	823	0
139447	14	21317	823	0
69973	14	782	823	0
5110	14	2797	824	0
120599	16	650	824	0
54102	14	782	824	0
95891	14	1343	824	0
77326	14	444	824	0
114413	23	133226	824	911
104771	14	782	825	0
166290	14	2797	825	0
77607	14	444	825	0
115403	14	444	825	0
92913	6	3273	825	0
152894	14	1343	825	0
159040	28	87061	825	829
81524	14	782	826	0
72406	14	444	826	0
74203	14	444	826	0
113047	28	53227	826	835
61856	6	1798	827	0
122042	14	2417	827	0
114208	14	2797	827	0
23991	14	782	827	0
61123	28	14	827	829
86452	28	76	827	837
95774	14	2797	828	0
82950	28	29	828	0
40008	6	2799	828	0
121673	14	4617	828	834
86452	28	29	828	835
26137	1	7349	828	894
95891	14	444	829	0
61856	6	874	829	0
78149	6	1838	829	0
141996	14	2417	829	0
129501	6	57303	829	0
23406	14	782	829	0
144114	14	1343	829	0
82935	14	18354	829	0
94422	14	2797	829	0
101358	6	1109	830	0
98674	14	2417	830	0
142416	6	1586	830	0
9130	14	782	830	0
150049	6	59291	830	0
48465	28	15772	830	839
8696	14	1343	831	0
100746	14	3463	831	0
145138	6	284	831	0
39353	30	1187	831	0
73891	6	2646	831	0
61856	6	59	831	0
49977	14	2797	831	0
43431	14	782	831	0
187529	14	444	831	0
72679	16	8	831	850
114225	28	14	832	0
91103	14	444	832	0
5539	14	2188	832	0
144114	14	444	832	0
126787	14	3348	832	0
58672	14	2797	832	0
91676	14	24216	832	0
78977	28	14	832	0
13110	14	6866	832	0
67334	28	2471	832	0
67334	28	12765	832	836
48465	28	14	832	837
98162	14	782	833	0
82467	14	2188	833	0
45157	14	15889	833	0
94173	6	4367	833	0
74203	14	3348	833	0
113047	28	14	833	834
67334	28	53282	833	840
48465	28	48	833	843
98373	28	14	834	0
158413	28	14	834	0
13521	14	2797	834	0
142038	28	14	834	0
125001	14	15889	834	0
82247	28	14	834	0
109998	28	14	834	0
147765	14	24596	834	0
24125	28	2759	834	837
80350	6	59	834	844
100746	14	43069	835	0
62798	14	23980	835	0
8696	14	15889	835	0
37042	14	2417	835	0
109725	14	444	835	0
128731	14	3348	835	0
104771	14	2797	835	0
129562	14	1343	835	0
30412	14	782	835	0
125888	28	14	835	840
51003	28	29	835	841
26389	14	43240	835	856
104892	14	18354	836	0
107798	14	444	836	0
121926	14	15889	836	0
9130	14	2797	836	0
39408	28	502	836	844
12872	23	20816	836	876
91838	23	97004	836	922
23406	14	2797	837	0
83209	14	444	837	0
60634	14	2188	837	0
108713	28	14	837	0
28291	14	782	837	0
149176	28	14	837	0
150420	28	14	837	0
129938	14	2417	837	0
49736	28	53282	837	838
52016	28	85195	837	838
150420	28	87061	837	840
96145	14	1343	838	0
71358	6	823	838	0
42158	14	2188	838	0
67334	28	14	838	0
13521	14	782	838	0
49736	28	12765	838	0
103439	14	15889	838	0
49736	28	14	838	0
59775	28	12765	838	839
51942	28	33364	838	840
33618	28	751	838	841
22108	28	15555	838	843
53454	28	14	838	847
93235	28	77	838	847
59997	28	31	838	851
125268	14	2797	839	0
99898	14	3348	839	0
142416	16	9	839	0
110903	14	3201	839	0
68977	14	444	839	0
154611	6	1798	839	0
59997	28	53	839	841
132161	28	29	839	842
52016	28	12765	839	842
24125	28	3953	839	843
60435	28	65	839	843
59775	28	3953	839	844
82680	28	14	839	846
70329	28	66	839	846
52016	28	3953	839	848
54676	28	100	839	932
74203	14	1343	840	0
17341	14	782	840	0
33823	28	29	840	0
75242	28	87061	840	0
174112	28	29	840	0
51942	28	51	840	0
121866	14	18354	840	0
105126	14	2188	840	0
30401	14	15889	840	0
136576	14	3348	840	0
48360	28	139	840	841
59775	28	14	840	841
128850	28	77	840	842
82680	28	69	840	843
95530	28	169	840	843
100060	27	41978	840	844
19596	28	69	840	844
32143	28	1110	840	844
60435	28	3953	840	844
75242	28	14	840	845
75970	28	31	840	845
93235	28	14	840	845
52016	28	14	840	845
44099	28	31	840	846
14938	28	16	840	846
75242	28	3953	840	847
24125	28	247	840	847
52827	28	3953	840	848
22578	28	29	840	853
66038	23	69578	840	858
33618	28	55	841	0
51003	28	76	841	0
45433	14	444	841	0
37588	14	782	841	0
128599	14	2188	841	0
131577	28	14	841	0
182426	28	29	841	0
60435	28	14	841	0
97445	14	18354	841	0
36751	14	444	841	0
99586	28	14	841	0
51003	28	750	841	0
105710	28	80	841	842
128416	28	53	841	842
24125	28	69356	841	842
22578	28	15555	841	843
48360	28	69	841	843
32378	30	2021	841	844
52457	28	2232	841	844
82902	28	247	841	845
81017	28	22	841	845
52827	28	14	841	846
99586	28	3953	841	846
33618	28	16	841	846
82902	28	20	841	847
53114	28	55	841	847
53454	28	3953	841	847
2345	23	117241	841	894
29709	28	1818	842	0
30412	14	4523	842	0
30401	14	782	842	0
92748	14	444	842	0
75970	28	14	842	0
126787	14	15889	842	0
128416	28	61	842	0
32378	30	284	842	0
154611	6	874	842	0
7734	28	51	842	843
105710	28	20	842	843
14493	28	69	842	843
105710	28	559	842	843
44219	28	107	842	843
77143	28	169	842	844
34106	28	750	842	844
24125	28	69	842	844
51942	28	14	842	845
60470	28	3953	842	845
21305	28	559	842	846
83041	28	31	842	848
128850	28	247	842	854
128850	28	69	842	854
32143	28	29	842	858
13110	14	94	842	876
10140	14	2797	843	0
22108	28	66	843	0
54035	14	2188	843	0
57240	28	20	843	0
103439	14	444	843	0
76828	14	4611	843	0
22108	28	29	843	0
30401	14	2922	843	0
33823	28	15555	843	0
108096	28	77	843	0
45157	14	2922	843	0
8696	14	782	843	0
17989	28	66	843	0
83065	28	33364	843	844
102227	28	6896	843	844
14493	28	55	843	844
102227	28	51	843	844
34106	28	29	843	844
24186	28	31	843	844
93603	28	102	843	844
81942	28	14	843	845
95530	28	29	843	845
81942	28	69	843	845
95530	28	101	843	845
33823	28	77	843	846
132161	28	51	843	848
45094	28	51	843	848
60470	28	61	843	848
24737	28	16	843	850
22578	28	50	843	851
82680	28	33	843	851
29709	28	101	843	852
26500	28	50	843	852
19596	28	14	843	853
57240	28	77	843	853
7734	28	50	843	854
57240	28	247	843	855
64177	28	5782	843	856
37716	23	138504	843	896
39408	28	29	844	0
72281	16	72282	844	0
17989	28	31	844	0
50887	14	2922	844	0
44219	28	61	844	0
143064	14	2258	844	0
17989	28	332	844	0
83065	28	51	844	0
24186	28	53	844	0
93603	28	49	844	0
98116	14	782	844	0
54801	14	2188	844	0
52457	28	1750	844	845
52457	28	1165	844	845
140321	28	102	844	845
48465	28	23	844	845
84279	28	257	844	845
33466	28	102	844	845
108096	28	168	844	845
97380	28	33	844	845
24186	28	47	844	845
94554	28	50	844	845
154744	28	55	844	845
32143	28	51	844	845
93603	28	50	844	846
38439	28	257	844	846
22108	28	50	844	846
111049	28	22	844	846
110916	28	23	844	846
22578	28	69	844	846
47215	28	33	844	847
59997	28	14	844	847
45094	28	14	844	847
42947	28	1043	844	847
60470	28	14	844	847
85496	28	77	844	848
16233	28	61	844	848
108096	28	247	844	849
44219	28	50	844	850
80420	28	50	844	850
34106	28	51	844	852
39408	28	61	844	855
18183	28	85	844	855
19596	28	47	844	855
22959	28	77	844	857
14493	28	47	844	858
157371	28	29	845	0
112700	14	444	845	0
54801	14	2797	845	0
43499	14	14397	845	0
31689	28	343	845	0
83065	28	61	845	0
44351	14	2417	845	0
97540	14	2258	845	0
8696	14	2922	845	0
38431	6	1941	845	0
63155	14	782	845	0
84279	28	69	845	846
52457	28	98	845	846
44219	28	14	845	846
105710	28	23	845	846
17989	28	69	845	846
128416	28	65	845	846
119519	28	33364	845	846
18183	28	53	845	846
33466	28	7095	845	846
24186	28	20	845	846
77143	28	31	845	847
93747	28	199	845	847
71344	28	1223	845	848
22671	28	750	845	848
71119	28	15555	845	848
95530	28	66	845	848
33011	28	29	845	849
93747	28	69	845	850
40042	28	20	845	850
31312	28	102	845	850
75907	28	150	845	851
92384	16	3944	845	851
41677	28	23	845	853
32143	28	49	845	859
102663	6	79047	845	862
75021	16	838	845	871
83041	28	14	846	0
75311	28	29	846	0
75844	28	14	846	0
122336	16	1419	846	0
127354	28	22	846	0
83065	28	31997	846	0
33618	28	66	846	0
111049	28	102	846	0
74457	14	18354	846	0
70329	28	14	846	0
178512	14	4617	846	0
90035	14	782	846	0
70329	28	100	846	0
75844	28	50	846	0
22920	28	800	846	0
91103	14	2797	846	0
33823	28	3178	846	847
44099	28	20	846	847
127354	28	57	846	847
93603	28	101	846	847
146548	28	69	846	847
14938	28	33	846	847
22920	28	51	846	847
119975	28	6896	846	847
25172	28	33	846	848
35691	28	139	846	848
130729	28	102	846	848
111049	28	86	846	848
52457	28	66	846	849
179887	28	53	846	849
13904	28	22	846	849
84279	28	23	846	849
42653	28	55	846	850
42010	28	53	846	850
17989	28	23	846	850
11954	28	69	846	850
24682	28	962	846	850
24186	28	19	846	851
7734	28	14	846	852
26500	28	14	846	852
38439	28	66	846	852
80420	28	247	846	853
94554	28	23	846	853
119519	28	69	846	854
81300	28	31	846	854
21305	28	48	846	858
106849	28	23	846	864
123800	23	112522	846	881
22578	28	52	847	0
43499	14	2922	847	0
30401	14	14397	847	0
91204	14	34731	847	0
82341	14	2417	847	0
32378	30	497	847	0
117591	28	55	847	0
33823	28	65	847	0
94902	28	247	847	0
83625	14	444	847	0
28915	14	1343	847	0
37850	14	782	847	0
127336	28	33	847	0
68977	14	1126	847	0
80432	28	55	847	0
13904	28	20827	847	848
119975	28	33364	847	848
90869	28	31	847	848
77143	28	101	847	848
117591	28	67	847	848
42947	28	23	847	848
127471	28	51	847	848
110916	28	559	847	848
93235	28	347	847	848
53114	28	20	847	848
97380	28	31997	847	848
14938	28	55	847	849
75609	28	67	847	849
18183	28	31	847	849
102227	28	52	847	849
74404	28	67	847	849
47215	28	22	847	849
127354	28	23	847	849
38469	28	346	847	850
141104	28	31	847	850
22108	28	52	847	850
81300	28	14	847	850
25172	28	14	847	851
22920	28	20	847	852
24737	28	247	847	853
93603	28	48	847	854
154400	28	50	847	856
71119	28	48	848	0
74635	28	14	848	0
29709	28	29	848	0
33618	28	14	848	0
31267	14	2188	848	0
126041	6	4447	848	0
77504	14	7541	848	0
34630	28	1223	848	0
89925	14	444	848	0
76299	6	367	848	0
81084	14	4611	848	0
110916	28	78	848	0
76186	23	43863	848	0
80432	28	6896	848	0
60470	28	65	848	0
77489	16	80162	848	0
38431	6	823	848	0
74904	14	782	848	0
83065	28	6896	848	0
5850	14	4523	848	0
97380	28	22	848	849
10565	28	250	848	849
90869	28	53	848	849
45094	28	50	848	849
146548	28	47	848	849
95530	28	55	848	849
80432	28	91	848	849
44099	28	337	848	849
35691	28	43	848	849
98722	28	49	848	849
7289	28	1110	848	849
13904	28	2045	848	849
45620	28	67	848	850
71344	28	23	848	850
41639	28	33	848	850
94279	28	101	848	850
111049	28	27	848	850
45610	28	53	848	851
110679	28	247	848	851
110679	28	50	848	851
73119	28	199	848	851
36669	28	1110	848	851
20538	28	153	848	851
22671	28	50	848	852
45054	28	31	848	852
21513	28	16	848	852
110916	28	80	848	852
55536	28	107	848	853
34630	28	20	848	853
21305	28	14	848	853
36407	28	66	848	856
22959	28	14	848	858
56224	16	4894	848	867
127471	28	31	848	889
23511	14	444	849	0
145186	14	444	849	0
102227	28	28	849	0
13904	28	92	849	0
79828	14	2417	849	0
119975	28	29	849	0
30577	14	2922	849	0
105304	14	3348	849	0
47215	28	47506	849	0
35691	28	1977	849	0
25172	28	55	849	0
65908	14	77199	849	0
17296	28	47	849	0
44099	28	19	849	0
48360	28	23	849	850
75311	28	1818	849	850
13904	28	36	849	850
10565	28	53	849	850
7289	28	199	849	850
112887	28	102	849	850
68567	28	33	849	850
85496	28	43	849	850
77143	28	274	849	850
29507	28	24455	849	850
20538	28	29	849	850
7289	28	153	849	850
44006	28	77	849	850
52457	28	31997	849	850
94902	28	102	849	850
130729	28	27	849	850
47441	28	31	849	850
84279	28	52	849	850
98722	28	31	849	851
45054	28	53	849	851
23786	28	61	849	851
59474	28	14	849	851
16233	28	29	849	851
82013	28	139	849	851
34693	28	24455	849	851
18183	28	24455	849	851
53313	28	100	849	851
35691	28	66	849	851
46039	28	69	849	852
75609	28	61	849	852
74404	28	559	849	852
127336	28	27	849	853
33466	28	14	849	857
106849	28	14	849	857
33627	28	16	849	857
51609	28	23	849	860
53682	28	48	849	863
132310	16	226	849	886
104394	6	7858	850	0
141104	28	19	850	0
141160	14	2797	850	0
17460	23	7359	850	0
23406	14	24216	850	0
140321	28	29	850	0
38431	6	2266	850	0
77143	28	19	850	0
127471	28	29	850	0
18793	28	27	850	0
90869	28	81	850	0
77143	28	52	850	0
40008	14	2188	850	0
17989	28	153	850	0
75311	28	52	850	0
104892	14	1343	850	0
78816	14	24596	850	0
24737	28	22	850	851
25172	28	47	850	851
8736	28	750	850	851
42653	28	22	850	851
94902	28	23	850	851
75311	28	12107	850	851
44219	28	52	850	851
10565	28	150	850	851
38843	28	153	850	851
13174	28	1374	850	851
45620	28	50	850	851
14938	28	24455	850	851
94279	28	102	850	851
72385	16	9	850	852
31312	28	50	850	852
52457	28	61	850	852
11954	28	14	850	852
85496	28	557	850	852
41029	28	24455	850	852
87532	28	47506	850	852
90869	28	67	850	852
68567	28	47506	850	852
17555	28	24455	850	852
71344	28	19	850	852
22108	28	3906	850	852
14331	28	31997	850	852
84279	28	78	850	852
130446	6	23340	850	852
33906	28	134	850	853
40042	28	92	850	853
13318	28	50	850	853
88833	28	100	850	853
112887	28	107	850	853
60601	6	1989	850	853
14938	28	100	850	853
11954	28	52	850	853
70832	28	86510	850	853
41677	28	14	850	854
80420	28	5009	850	854
71119	28	29	850	855
38469	28	52	850	855
93747	28	29	850	856
7289	28	31	850	856
24682	28	77	850	856
76139	28	80	850	856
42010	28	33	850	858
33466	28	55	850	859
53682	28	14	850	859
47441	28	27	850	861
29709	28	19	851	0
48218	28	31	851	0
102200	14	3899	851	0
88100	28	28	851	0
9590	28	20	851	0
12144	14	2417	851	0
59474	28	16	851	0
104892	14	444	851	0
87460	14	782	851	0
102663	6	7809	851	0
46925	14	1343	851	0
71063	28	2625	851	0
75500	14	3348	851	0
80432	28	86	851	0
154744	28	29	851	0
17989	28	91	851	0
93412	28	346	851	0
46252	28	28	851	852
14938	28	61	851	852
31328	28	50	851	852
35691	28	81	851	852
102518	28	19	851	852
94902	28	67	851	852
26733	28	91	851	852
27902	28	66	851	852
12454	28	50	851	852
98722	28	29	851	852
75311	28	182208	851	852
24737	28	20	851	852
88311	28	67	851	852
73119	28	52	851	852
25172	28	61	851	852
75940	28	27	851	852
76721	28	61	851	853
83236	28	16	851	853
34693	28	65	851	853
93747	28	101	851	853
31891	28	559	851	853
13903	28	169	851	853
80432	28	87	851	853
22578	28	153	851	853
98722	28	76	851	853
42653	28	16	851	853
53313	28	66	851	853
23786	28	65	851	853
55375	16	870	851	854
22192	28	102	851	854
45620	28	66	851	854
74478	28	65	851	854
42947	28	559	851	854
40674	28	100	851	854
18183	28	20	851	854
14142	28	22	851	854
71063	28	61	851	854
44006	28	91	851	854
33441	28	51	851	855
20538	28	20	851	855
41639	28	27	851	855
93412	28	49	851	855
8736	28	199	851	855
10565	28	19	851	855
29507	28	66	851	856
82013	28	23	851	856
40754	28	3640	851	857
36669	28	199	851	858
75907	28	20	851	858
32789	28	23	851	860
92384	16	870	851	861
45610	28	33	851	862
52652	28	247	851	867
59073	28	51	851	875
52652	28	2759	852	0
73209	28	45	852	0
12144	14	2258	852	0
103438	14	2005	852	0
72345	14	444	852	0
90610	6	56996	852	0
90653	6	11692	852	0
51609	28	14	852	0
88100	28	49	852	0
31312	28	153	852	0
40581	28	199	852	0
7289	28	29	852	0
15286	28	44	852	0
187049	14	2258	852	0
52652	28	86	852	853
22671	28	52	852	853
88311	28	16	852	853
68758	28	28	852	853
75311	28	257	852	853
71119	28	76	852	853
34106	28	5782	852	853
110192	28	81	852	853
38843	28	20	852	853
24221	28	52	852	853
94449	28	67	852	853
9590	28	107	852	853
90869	28	117	852	853
46934	28	55	852	853
85935	28	69	852	853
22920	28	92	852	853
26733	28	31997	852	854
21513	28	149	852	854
12454	28	1818	852	854
59315	28	55	852	854
26500	28	5782	852	854
111374	28	51	852	854
48273	28	81	852	854
27902	28	51	852	854
25172	28	149	852	855
87532	28	85	852	855
42106	28	751	852	855
36074	28	53	852	855
85496	28	56	852	855
75609	28	33	852	855
68567	28	85	852	855
50294	28	51	852	855
46252	28	55	852	856
52457	28	85	852	856
122022	28	33	852	856
98992	14	5137	852	856
14331	28	27	852	856
48218	28	53	852	857
24737	28	100	852	857
102518	28	67	852	857
17555	28	16	852	857
24670	28	77	852	857
34653	28	43	852	857
40581	28	169	852	858
122336	16	27008	852	858
13174	28	66	852	860
46039	28	101	852	863
56637	28	50	852	863
141797	28	4861	852	875
31689	28	29	853	0
117827	14	2417	853	0
37042	14	782	853	0
64718	6	11692	853	0
26944	14	14397	853	0
29507	28	14	853	0
13903	28	31	853	0
23786	28	14	853	0
5539	14	2797	853	0
62798	14	5310	853	0
114436	28	19	853	0
59997	28	44	853	0
110167	6	2618	853	0
71344	28	57	853	854
85935	28	5782	853	854
19109	28	50	853	854
94279	28	5782	853	854
46934	28	57	853	854
13318	28	27	853	854
11954	28	23	853	854
97380	28	78	853	854
94449	28	56270	853	854
22671	28	27	853	854
24221	28	5782	853	854
66757	28	67	853	854
13383	28	107	853	854
30706	28	1818	853	854
74404	28	9014	853	854
23421	28	47506	853	854
40042	28	57	853	854
114436	28	47506	853	854
88311	28	86	853	854
55536	28	149	853	854
22920	28	3178	853	854
94554	28	36	853	854
34106	28	27	853	854
112887	28	19	853	855
19463	28	199	853	855
70832	28	52	853	855
86709	28	27	853	855
76721	28	85	853	855
33906	28	150	853	855
110679	28	5782	853	855
71809	28	16	853	855
13144	28	169	853	855
9590	28	117	853	855
34693	28	31997	853	855
68247	28	12107	853	855
42653	28	56	853	855
83236	28	56	853	856
41677	28	52	853	856
41029	28	47	853	856
88833	28	55	853	856
53014	28	53	853	856
23786	28	107	853	856
57240	28	19	853	857
33441	28	14	853	858
107312	28	43	853	858
38843	28	36	853	859
46155	28	49	853	859
31891	28	16	853	860
110192	28	50	853	860
65660	28	91	853	860
13318	28	29	853	860
71119	28	169	853	862
34630	28	36	853	862
45293	28	31	853	863
68758	28	52	853	864
13903	28	52	853	864
52652	28	65	853	868
142276	28	3953	853	869
7938	23	80467	853	879
13529	28	593	853	947
99720	14	4523	854	0
55536	28	61	854	0
117576	14	444	854	0
119887	6	1798	854	0
91320	14	3899	854	0
94554	28	1129	854	0
83968	14	24596	854	0
13383	28	86	854	0
46785	28	2135	854	0
14142	28	3178	854	0
92996	28	76	854	0
54035	14	2797	854	0
71063	28	72026	854	0
92996	28	169	854	0
45386	28	53	854	0
94945	28	48784	854	0
31312	28	14	854	0
46934	28	5782	854	855
74404	28	36	854	855
135349	28	27	854	855
11954	28	72026	854	855
138495	28	66	854	855
40674	28	22	854	855
7734	28	102	854	855
23421	28	78	854	855
65118	28	28	854	855
119519	28	22	854	855
80420	28	2759	854	855
45620	28	85	854	855
67110	28	6896	854	855
110213	28	53	854	855
14142	28	46	854	855
88311	28	49	854	855
85935	28	49	854	855
22192	28	50	854	855
38439	28	27	854	855
94279	28	55	854	855
22671	28	102	854	855
27902	28	87	854	855
94554	28	16	854	855
111374	28	72026	854	855
45386	28	31	854	855
9494	28	44	854	855
24221	28	42	854	855
17296	28	5782	854	855
30706	28	85	854	855
26500	28	27	854	856
26733	28	52	854	856
17989	28	168	854	856
55536	28	67	854	856
121073	28	429	854	856
74478	28	44	854	856
12454	28	57	854	856
35275	28	102	854	856
13944	28	381	854	857
26626	28	27	854	857
32413	28	23	854	857
94945	28	50	854	857
26042	28	47	854	857
37246	28	77	854	858
44006	28	14	854	858
92996	28	22	854	858
112637	28	102	854	859
22649	28	153	854	859
18793	28	42	854	859
44347	28	169	854	859
40581	28	247	854	860
19109	28	36	854	860
104248	28	121	854	860
13318	28	76	854	860
52172	28	381	854	861
44006	28	50	854	863
24936	28	49	854	864
59315	28	50	854	865
42947	28	16	854	867
97406	14	444	855	0
25172	28	31997	855	0
19058	28	3178	855	0
40042	28	30	855	0
10367	14	1126	855	0
117095	14	18354	855	0
14331	28	14	855	0
97406	14	2922	855	0
24221	28	14	855	0
110167	6	23973	855	0
40042	28	153	855	0
65118	28	247	855	0
13904	28	56270	855	0
64254	6	853	855	0
29672	6	4367	855	0
103042	14	2188	855	0
91320	14	15889	855	0
32789	28	14	855	0
39678	28	20827	855	0
19596	28	5782	855	0
68230	14	2417	855	0
130066	28	14	855	0
90154	28	100	855	0
151949	16	151	855	855
39408	28	67	855	856
22192	28	27	855	856
114436	28	56	855	856
26626	28	14	855	856
88536	28	30	855	856
67110	28	55	855	856
46934	28	56	855	856
38469	28	5782	855	856
73119	28	85	855	856
21513	28	56	855	856
66757	28	78	855	856
20538	28	5782	855	856
9494	28	5782	855	856
24014	28	49	855	856
76721	28	44	855	856
9590	28	51	855	856
8736	28	49	855	856
21333	28	46	855	856
94279	28	86	855	856
71809	28	56	855	856
50294	28	1149	855	856
17747	28	85	855	856
13383	28	1043	855	856
85935	28	298	855	856
68247	28	22	855	856
18183	28	149	855	856
71344	28	153	855	856
98628	28	20	855	856
73680	28	49	855	856
65118	28	57	855	856
13144	28	52	855	857
36074	28	3178	855	857
89726	28	33	855	857
70832	28	78	855	857
39678	28	30	855	857
25874	28	1220	855	857
7734	28	27	855	857
18793	28	1750	855	857
110213	28	31	855	857
87532	28	30	855	857
18093	28	199	855	857
30706	28	86	855	857
102856	14	94	855	857
17007	28	351	855	857
65660	28	14	855	857
33562	28	81	855	857
40674	28	16	855	857
27902	28	52	855	858
21337	28	28	855	858
7543	28	16	855	858
75609	28	66	855	858
42106	28	66	855	858
63592	28	67	855	858
53312	28	31	855	858
93442	28	126	855	858
107510	28	22	855	859
34693	28	53	855	860
31328	28	27	855	860
111374	28	85	855	861
51925	28	27	855	861
38439	28	72	855	861
22482	28	76	855	861
25058	28	49	855	861
13903	28	29	855	862
33906	28	23	855	863
19463	28	169	855	863
19463	28	29	855	863
33441	28	50	855	863
90653	23	64718	855	903
17329	23	43410	855	913
71063	28	149	856	0
13110	14	1310	856	0
83402	6	12834	856	0
131572	16	27008	856	0
18093	28	29	856	0
8860	23	101207	856	0
18183	28	9014	856	0
121073	28	83	856	0
141152	28	85	856	0
74323	14	1706	856	0
101523	14	1869	856	0
102310	23	108311	856	0
66757	28	559	856	0
12454	28	55	856	0
37042	14	4611	856	0
12454	28	14	856	0
19058	28	98	856	0
85496	28	64	856	0
12144	14	943	856	0
88311	28	57	856	0
148818	16	36684	856	0
54895	16	1419	856	0
10367	14	19865	856	0
122782	14	2258	856	0
96145	14	444	856	0
20538	28	1110	856	0
71344	28	1032	856	0
104362	14	444	856	0
119276	28	81	856	0
154599	16	27008	856	0
66757	28	22	856	0
74478	28	16	856	0
21907	14	237	856	0
101818	14	3899	856	0
148824	14	538	856	0
46785	28	332	856	0
53313	28	65	856	856
13383	28	79	856	857
48360	28	81	856	857
65697	28	51	856	857
76139	28	30	856	857
23786	28	44	856	857
159903	28	53	856	857
85935	28	149	856	857
106989	28	69	856	857
92730	28	559	856	857
75940	28	46	856	857
68567	28	56	856	857
66757	28	81	856	857
84199	28	19	856	857
8445	28	49	856	857
20538	28	19	856	857
43460	28	100	856	857
110679	28	81	856	857
86709	28	26738	856	857
35275	28	14	856	857
53313	28	107	856	857
8736	28	101	856	857
7289	28	1818	856	857
122022	28	107	856	857
83236	28	69	856	857
42010	28	14	856	857
55536	28	78	856	857
74478	28	56	856	857
65118	28	36	856	857
24682	28	69	856	857
93412	28	47	856	857
50294	28	19	856	857
65570	28	1488	856	857
41029	28	26738	856	858
64177	28	117	856	858
12454	28	85	856	858
91392	28	31	856	858
68758	28	14	856	858
11954	28	86	856	858
36407	28	20	856	858
26733	28	87	856	858
42890	28	78	856	858
71063	28	85	856	858
53014	28	117	856	858
35275	28	77	856	858
46934	28	102	856	858
88536	28	149	856	858
82013	28	57	856	858
59213	28	149	856	858
76721	28	80	856	858
68247	28	98	856	858
41677	28	69	856	858
24014	28	23	856	859
46252	28	27	856	859
15286	28	16	856	859
14331	28	42	856	859
71809	28	69	856	860
134142	28	33	856	860
14142	28	33	856	860
19058	28	20	856	860
45386	28	46	856	860
40589	28	16	856	860
98628	28	91	856	861
40144	28	55	856	861
98504	28	2516	856	861
46280	28	20	856	862
21333	28	61	856	862
48938	28	16	856	863
93116	28	121	856	864
36556	28	36	856	864
67356	28	5796	856	867
46785	28	16	856	868
144262	28	23	856	868
119276	28	19	857	0
51260	28	31	857	0
100194	14	2258	857	0
24936	28	14	857	0
141152	28	28	857	0
65118	28	69	857	0
59918	28	31	857	0
96905	28	551	857	0
33906	28	14	857	0
26137	14	2797	857	0
95550	14	444	857	0
128660	28	28	857	0
29664	14	2188	857	0
71539	14	1310	857	0
23511	14	2384	857	0
56907	14	444	857	0
61543	28	5009	857	0
36669	28	29	857	0
25874	28	78	857	858
8736	28	52	857	858
23421	28	44	857	858
86709	28	51	857	858
23786	28	20	857	858
34653	28	20	857	858
29114	28	43	857	858
17007	28	153	857	858
89726	28	53	857	858
90154	28	21171	857	858
102976	28	53	857	858
17555	28	87	857	858
8445	28	298	857	858
42081	28	79	857	858
65570	28	76	857	858
78546	28	107	857	858
88808	28	153	857	858
55536	28	9014	857	858
50294	28	20	857	858
13383	28	23	857	858
58620	28	101	857	858
24737	28	38	857	858
16266	28	111	857	858
58620	28	77	857	858
18093	28	27	857	858
122022	28	49	857	858
83236	28	85	857	858
24670	28	27	857	858
7289	28	49	857	858
31328	28	14	857	858
36074	28	20	857	858
9494	28	79	857	858
76165	28	199	857	858
103495	28	23	857	858
74478	28	1257	857	858
40674	28	80	857	858
24682	28	3178	857	858
60485	28	80	857	858
43460	28	61	857	858
26626	28	47	857	858
97821	28	49	857	859
96279	28	98	857	859
93412	28	87	857	859
102518	28	86	857	859
74404	28	81	857	859
65118	28	30	857	859
26042	28	85	857	859
94945	28	30	857	859
32413	28	30	857	859
33562	28	558	857	859
13144	28	98	857	859
58769	28	8119	857	859
67110	28	50	857	859
13944	28	43	857	859
7241	28	55	857	859
7734	28	52	857	859
102310	6	5071	857	859
87532	28	91	857	860
33306	28	78	857	860
76139	28	22	857	860
24670	28	20	857	860
40754	28	81	857	860
61543	28	52	857	860
53313	28	85	857	860
129048	28	28	857	860
55873	28	19	857	861
31312	28	19	857	861
33627	28	55	857	862
39678	28	149	857	862
118283	28	3911	857	863
61543	28	247	857	863
30706	28	20	857	864
51370	28	47	857	864
37285	28	69	857	864
94449	28	122	857	864
92730	28	48	857	865
30762	23	80968	857	866
51260	28	49	857	867
121073	28	129	857	867
92634	28	32	857	868
48273	28	52	857	869
59073	28	14	857	869
141797	28	244	857	873
146487	16	187615	857	873
71926	30	9042	857	876
120092	16	55825	857	876
53312	28	14	858	0
117025	14	87661	858	0
45293	28	14	858	0
46039	28	29	858	0
13174	28	14	858	0
11954	28	1977	858	0
14493	28	82	858	0
23786	28	80	858	0
108397	16	27008	858	0
46925	14	782	858	0
86307	14	2384	858	0
21333	28	14	858	0
170347	14	24596	858	0
77393	14	5137	858	0
7359	14	2188	858	0
41093	28	47	858	0
46934	28	64	858	0
17555	28	46	858	0
119276	28	31	858	0
44347	28	29	858	0
110154	14	1706	858	0
52799	14	2258	858	0
7543	28	28	858	0
7359	14	943	858	0
17460	14	2188	858	0
68230	14	943	858	0
22482	28	29	858	0
55536	28	46	858	0
73119	28	274	858	859
74478	28	126	858	859
42106	28	52	858	859
42653	28	82	858	859
102976	28	31	858	859
34235	28	107	858	859
53312	28	55	858	859
103520	28	47	858	859
103495	28	82	858	859
104663	28	78	858	859
55536	28	122	858	859
78546	28	61	858	859
65570	28	153	858	859
9590	28	47	858	859
88359	28	55	858	859
9494	28	61	858	859
88536	28	85	858	859
10565	28	81	858	859
88808	28	101	858	859
41093	28	107	858	859
26626	28	43	858	859
85182	28	312	858	859
128660	28	51	858	859
83236	28	117	858	859
91392	28	19	858	859
35447	28	31	858	859
68247	28	92	858	859
92996	28	274	858	859
128660	28	30	858	859
12454	28	56	858	859
8445	28	36	858	859
34653	28	82	858	859
93442	28	22	858	859
85261	28	78	858	859
110996	28	61	858	859
45610	28	14	858	859
24670	28	82	858	859
46934	28	86	858	859
44594	28	3178	858	859
128059	28	39	858	859
75609	28	52	858	859
35275	28	22	858	859
26733	28	30	858	859
68567	28	64	858	859
45670	28	101	858	860
29114	28	27	858	860
89726	28	31	858	860
37246	28	82	858	860
76165	28	82	858	860
21513	28	39	858	860
106989	28	19	858	860
59315	28	14	858	860
7289	28	57	858	860
22959	28	20	858	860
30502	28	89	858	860
73680	28	23	858	860
25719	28	44	858	860
43460	28	117	858	860
13383	28	61	858	860
58620	28	1055	858	860
71063	28	87	858	860
20538	28	213	858	860
46155	28	29	858	860
91789	28	168	858	860
42081	28	66	858	860
17555	28	36	858	860
16266	28	102	858	860
33145	28	199	858	860
24803	28	78	858	861
25250	28	19	858	861
40581	28	98	858	861
36407	28	82	858	861
42010	28	149	858	861
90154	28	16	858	861
59918	28	53	858	861
104498	6	2760	858	861
7543	28	51	858	861
110213	28	82	858	861
21946	28	78	858	861
24682	28	82	858	861
59213	28	16	858	861
8736	28	19	858	861
76721	28	559	858	861
41029	28	20	858	862
85737	28	53	858	862
23421	28	86	858	862
17007	28	20	858	862
19596	28	56	858	862
60485	28	23	858	862
34115	28	557	858	863
27605	28	101	858	863
21337	28	50	858	863
25874	28	52	858	864
64177	28	30	858	864
42890	28	16	858	864
71158	28	3953	858	865
53014	28	16	858	865
70832	28	57	858	865
43161	28	101	858	866
36669	28	42	858	866
36556	28	14	858	866
20496	14	1706	858	866
155969	28	121	858	867
88209	28	121	858	868
86709	28	36	858	870
3451	23	81983	858	874
126906	28	51	858	875
72385	16	8	858	877
95600	28	66	858	877
71663	23	86800	858	880
40749	28	539	858	882
90662	23	154406	858	907
7913	16	838	859	0
33466	28	82	859	0
36757	14	902	859	0
37042	14	2995	859	0
66757	28	36	859	0
137391	28	153	859	0
61414	14	444	859	0
103543	14	2922	859	0
40144	28	14	859	0
7359	14	22811	859	0
65294	28	65	859	0
74261	14	1343	859	0
5810	14	2417	859	0
125483	14	1706	859	0
96905	28	559	859	0
93412	28	117	859	0
26626	28	85	859	0
11954	28	5782	859	0
26626	28	36	859	0
64718	6	306	859	0
13218	28	22	859	0
21305	28	3178	859	0
106773	14	1706	859	0
13218	28	27	859	0
51925	28	14	859	0
91392	28	117	859	0
40008	14	1217	859	0
15286	28	31	859	0
99720	14	444	859	0
91798	6	59	859	0
14391	28	55	859	860
14493	28	3178	859	860
112564	28	80	859	860
13144	28	347	859	860
22649	28	64	859	860
63592	28	57	859	860
9494	28	27	859	860
75609	28	82	859	860
33627	28	14	859	860
7734	28	28	859	860
72806	28	27	859	860
28135	28	22	859	860
18793	28	153	859	860
74404	28	80	859	860
41093	28	82	859	860
12454	28	38	859	860
107510	28	64	859	860
65570	28	64	859	860
91052	28	30	859	860
28476	28	4243	859	860
91392	28	50	859	860
93214	28	57	859	860
111062	28	77	859	860
38469	28	150	859	860
97821	28	23	859	860
22192	28	81	859	860
35937	28	79	859	860
10565	28	126	859	860
82013	28	4760	859	860
114040	28	121	859	860
59378	28	67	859	860
8445	28	39	859	860
7241	28	122	859	860
110996	28	122	859	860
96279	28	31	859	860
38843	28	86	859	860
71158	28	14	859	861
65118	28	87	859	861
61811	28	2232	859	861
102518	28	117	859	861
25250	28	14	859	861
88359	28	66	859	861
85261	28	87	859	861
60932	23	125499	859	861
124326	28	39	859	861
91358	28	22	859	861
150403	28	67	859	861
67110	28	31	859	861
78546	28	36	859	861
9590	28	72	859	861
44594	28	117	859	861
14331	28	79	859	861
24014	28	14	859	861
13944	28	98	859	861
42106	28	82	859	861
150612	28	82	859	861
69770	28	30	859	861
30121	28	22	859	861
133090	28	37	859	862
48255	28	53	859	862
68983	28	107	859	862
92996	28	56	859	862
32413	28	92	859	862
18093	28	64	859	862
68247	28	56	859	862
35447	28	53	859	862
85182	28	51	859	862
58769	28	55	859	862
122863	28	37	859	862
32143	28	52	859	863
27902	28	16	859	863
40400	28	27	859	863
137391	28	213	859	864
22649	28	29	859	864
13218	28	64	859	864
46252	28	42	859	864
85182	28	29	859	864
35275	28	44	859	865
88808	28	85	859	865
15418	28	43	859	865
26733	28	22	859	865
46155	28	43	859	865
97821	28	85	859	866
94945	28	57	859	866
33562	28	52	859	867
44347	28	22	859	867
27605	28	29	859	868
34235	28	20	859	868
37958	28	1754	859	870
59816	28	213	859	872
82044	28	49	859	874
20890	28	31	859	875
130048	23	100581	859	877
100581	23	130048	859	877
43965	16	81833	859	901
103220	23	8742	859	942
96905	28	57	860	0
13521	14	6456	860	0
116319	14	1869	860	0
56637	28	14	860	0
48218	28	79	860	0
35113	14	4523	860	0
34235	28	14	860	0
45386	28	73	860	0
108395	28	27	860	0
80558	14	24216	860	0
35525	14	2258	860	0
8445	28	451	860	0
19109	28	41	860	0
21305	28	4760	860	0
39265	16	4675	860	0
82013	28	39	860	0
12960	14	444	860	0
97795	14	2384	860	0
102976	28	98	860	0
24670	28	19	860	0
28135	28	3786	860	0
73209	28	37	860	0
10367	14	22811	860	0
81730	28	43	860	0
14493	28	33	860	0
33145	28	20743	860	0
144573	28	19	860	0
102811	14	1706	860	0
58620	28	20743	860	0
128059	28	4760	860	0
13174	28	55	860	861
75940	28	3786	860	861
76139	28	73	860	861
103495	28	30	860	861
7734	28	3178	860	861
31328	28	42	860	861
25496	28	22	860	861
18793	28	61	860	861
58620	28	117	860	861
140370	28	41	860	861
45670	28	122	860	861
91392	28	53	860	861
22501	28	69	860	861
96279	28	82	860	861
36903	28	22	860	861
93214	28	43	860	861
33145	28	969	860	861
7241	28	20	860	861
13144	28	558	860	861
76165	28	76	860	861
13318	28	41	860	861
19058	28	1977	860	861
71809	28	82	860	861
127577	28	358	860	861
28476	28	55	860	861
106310	28	26738	860	861
93442	28	27	860	861
53313	28	86	860	861
24670	28	64	860	861
61543	28	4760	860	861
46934	28	1977	860	861
18846	28	49	860	861
82013	28	80	860	861
63592	28	88	860	861
91052	28	36	860	861
106989	28	41	860	861
107312	28	40	860	861
43460	28	38	860	861
32789	28	41358	860	861
21513	28	100	860	861
42081	28	27	860	861
70240	28	251	860	861
51609	28	41	860	861
12454	28	751	860	861
89726	28	27	860	861
108395	28	44493	860	861
53312	28	69	860	862
65697	28	107	860	862
65660	28	20	860	862
21491	28	274	860	862
17555	28	73	860	862
107510	28	26738	860	862
127577	28	101	860	862
76354	28	109	860	862
31281	28	31	860	862
34693	28	31	860	862
87532	28	381	860	862
110996	28	213	860	862
14142	28	66	860	862
129048	28	77	860	862
104663	28	40	860	862
111062	28	91	860	862
91789	28	31	860	862
16266	28	1977	860	862
73680	28	27	860	862
154412	28	41	860	862
72806	28	153	860	863
22649	28	22	860	863
88536	28	72	860	863
33306	28	16	860	863
21337	28	14	860	863
143939	28	102	860	863
10565	28	4760	860	863
50716	28	66	860	863
81730	28	50	860	863
7289	28	85	860	863
95017	28	117	860	863
88833	28	56	860	863
146295	28	109	860	863
112564	28	78	860	864
118581	28	169	860	864
25719	28	16	860	864
132285	28	37	860	864
31891	28	41	860	864
51260	28	14	860	864
35937	28	39	860	864
37285	28	14	860	865
24014	28	98	860	865
17747	28	1165	860	865
62536	28	29	860	866
9494	28	153	860	866
37246	28	20	860	866
42125	28	27	860	866
153549	28	85	860	866
40589	28	41	860	866
30502	28	22	860	867
110192	28	30	860	867
22959	28	82	860	867
65570	28	213	860	868
29114	28	23	860	868
43161	28	29	860	869
40245	28	371	860	871
40754	28	48	860	875
28426	23	58447	860	906
127679	23	44356	860	946
96279	28	117	861	0
30408	28	48	861	0
31093	14	2188	861	0
15418	28	14	861	0
139870	14	2922	861	0
21305	28	56	861	0
142276	28	14	861	0
46934	28	7095	861	0
13110	14	55330	861	0
79922	14	1706	861	0
54801	14	9403	861	0
58620	28	16	861	0
21513	28	432	861	0
70585	14	902	861	0
103520	28	64	861	0
97445	14	87661	861	0
40581	28	41	861	0
154293	14	2797	861	0
129077	28	3100	861	0
81084	14	2995	861	0
111374	28	86	861	0
102200	14	32620	861	0
81693	14	3899	861	0
123305	14	1310	861	0
39838	28	1818	861	0
71701	28	41	861	862
63592	28	41	861	862
134142	28	31	861	862
6161	28	33	861	862
65294	28	126	861	862
84199	28	91	861	862
34251	28	53	861	862
41093	28	91	861	862
19058	28	67	861	862
89726	28	79	861	862
91052	28	117	861	862
22192	28	43	861	862
48646	28	31	861	862
88359	28	27	861	862
106989	28	109	861	862
40144	28	98	861	862
13144	28	53	861	862
33099	28	78	861	862
40258	28	31997	861	862
44594	28	42	861	862
13174	28	65	861	862
27607	28	53	861	862
98628	28	82	861	862
61543	28	107	861	862
108395	28	98	861	862
93442	28	42	861	862
47441	28	1508	861	862
93214	28	27	861	862
22501	28	28	861	862
78546	28	27	861	862
150612	28	64	861	862
18846	28	64	861	862
18793	28	36	861	862
26042	28	199	861	862
51609	28	39	861	862
7543	28	72	861	862
64782	28	806	861	862
76139	28	381	861	862
71809	28	44	861	862
67110	28	4760	861	862
42081	28	43	861	862
24803	28	86	861	862
76165	28	42	861	862
8736	28	29	861	862
138495	28	53	861	862
8445	28	432	861	863
29631	28	559	861	863
90154	28	3786	861	863
36903	28	122	861	863
124326	28	4760	861	863
7734	28	6896	861	863
31205	28	27	861	863
28503	28	41	861	863
22482	28	43	861	863
28187	28	55	861	863
106310	28	57	861	863
150469	28	107	861	863
105598	28	61	861	863
91358	28	56	861	863
61811	28	1165	861	863
32789	28	98	861	863
14331	28	2069	861	863
107312	28	41	861	864
7879	28	539	861	864
103800	28	42	861	864
8736	28	76	861	864
184990	28	39	861	864
28476	28	64	861	864
59213	28	98	861	865
110213	28	44	861	865
24682	28	89	861	865
25250	28	20	861	865
103227	28	19	861	866
70240	28	99	861	866
37958	28	121	861	866
51925	28	153	861	866
31328	28	89	861	866
129077	28	27	861	866
35277	28	985	861	867
45546	28	22315	861	867
69770	28	41	861	867
36996	28	43	861	868
36556	28	6878	861	869
140370	28	27	861	869
55873	28	20	861	870
78517	28	217	861	871
21946	28	20	861	874
73425	28	1627	861	876
40245	28	217	861	882
131407	14	3348	862	0
97240	14	444	862	0
84199	28	64	862	0
114025	14	6882	862	0
63349	6	34701	862	0
17348	14	23980	862	0
34251	28	31	862	0
67110	28	67	862	0
25058	28	31	862	0
105453	6	8236	862	0
162545	14	2384	862	0
140675	28	98	862	0
116450	16	1419	862	0
140675	28	43	862	0
91798	6	874	862	0
144294	16	55825	862	0
58544	14	19865	862	0
129216	28	28	862	0
60329	28	28	862	0
26137	14	6456	862	0
28383	28	311	862	0
13144	28	85	862	0
79856	28	558	862	0
28383	28	2232	862	0
16266	28	64	862	0
30401	14	2926	862	0
110160	14	902	862	0
185349	14	32620	862	0
130712	28	27	862	0
65294	28	78	862	0
6971	14	1706	862	0
71809	28	66	862	863
31320	28	43	862	863
18846	28	56	862	863
17007	28	49	862	863
102631	28	82	862	863
34653	28	199	862	863
26042	28	122	862	863
63592	28	20	862	863
48646	28	53	862	863
68247	28	3786	862	863
6161	28	16	862	863
26042	28	51	862	863
48255	28	31	862	863
59176	28	16	862	863
61543	28	82	862	863
65697	28	63	862	863
27607	28	26738	862	863
107510	28	102	862	863
91789	28	40	862	863
70511	28	64	862	863
93442	28	199	862	863
58769	28	26738	862	863
41029	28	559	862	863
17555	28	122	862	863
7543	28	46	862	863
34554	28	98	862	863
15286	28	82	862	863
13174	28	27	862	863
76139	28	4922	862	863
31312	28	57	862	863
13944	28	29	862	863
129048	28	102	862	863
32933	28	56	862	863
14142	28	28	862	863
93214	28	750	862	863
111062	28	86	862	863
78546	28	42	862	863
142218	28	73	862	863
53313	28	153	862	863
154412	28	44	862	863
46280	28	72	862	863
7241	28	19	862	863
40258	28	64	862	863
65294	28	118	862	863
60485	28	16	862	863
68842	28	78	862	863
110933	28	48	862	863
112637	28	64	862	864
98628	28	27	862	864
85261	28	15171	862	864
73680	28	45192	862	864
20890	28	28	862	864
18793	28	539	862	864
39678	28	43	862	864
41093	28	27	862	864
22501	28	64	862	864
24803	28	42	862	864
25058	28	4760	862	864
47441	28	15171	862	864
9899	28	23	862	864
88359	28	107	862	864
51555	28	1220	862	864
34630	28	4922	862	864
84199	28	47	862	864
69770	28	14	862	864
21333	28	41	862	864
58769	28	247	862	864
130742	28	80	862	864
106500	28	46	862	864
39355	28	81	862	865
76165	28	64	862	865
76721	28	67	862	865
33627	28	102	862	865
82856	28	213	862	865
44594	28	27	862	865
52335	28	20	862	865
40144	28	41	862	866
42010	28	117	862	866
21333	28	44	862	867
21946	28	14	862	868
85182	28	41	862	868
127577	28	47	862	868
36542	28	30	862	868
32413	28	46	862	868
30408	28	78	862	868
68983	28	61	862	870
49386	16	100722	862	873
21491	28	213	862	875
95600	28	14	862	875
23421	28	82	862	876
79856	28	22	862	877
95231	23	81794	862	879
152066	23	185847	862	911
88562	23	136559	862	916
61543	28	117	863	0
30577	14	6094	863	0
36751	14	6094	863	0
65570	28	29	863	0
33441	28	69	863	0
13110	14	17104	863	0
102269	28	34	863	0
76828	14	2995	863	0
87192	28	77	863	0
34251	28	36	863	0
78546	28	72	863	0
91052	28	1165	863	0
162554	14	2384	863	0
43499	14	782	863	0
71629	14	444	863	0
88561	28	34	863	0
42115	14	1706	863	0
85780	14	279	863	0
5810	14	1217	863	0
124209	28	29	863	0
37716	6	306	863	0
41093	28	247	863	0
139007	6	1103	863	0
8445	28	91	863	0
148679	14	902	863	0
16266	28	86	863	0
51370	28	14	863	0
90950	6	3843	863	0
105304	14	444	863	0
126292	28	55	863	0
30401	14	6094	863	0
60329	28	66	863	0
33906	28	64	863	0
38201	14	149514	863	0
102631	28	47	863	0
26688	14	2417	863	0
73991	28	15171	863	864
50251	28	2232	863	864
50716	28	126	863	864
91358	28	72	863	864
122268	28	559	863	864
19109	28	346	863	864
52917	28	63	863	864
28503	28	36	863	864
142218	28	31	863	864
22649	28	76	863	864
72806	28	19	863	864
25496	28	40	863	864
44006	28	81	863	864
53682	28	126	863	864
63592	28	81	863	864
40589	28	14	863	864
65294	28	87	863	864
104663	28	36	863	864
110996	28	27	863	864
111062	28	82	863	864
48971	28	20827	863	864
150469	28	82	863	864
90154	28	107	863	864
60329	28	126	863	864
118283	28	637	863	864
103520	28	117	863	864
93214	28	17969	863	864
125681	28	55	863	864
101376	28	34	863	864
110933	28	30	863	864
33306	28	55	863	864
17555	28	57	863	864
21337	28	20	863	864
100873	28	40	863	864
6161	28	55	863	864
72899	28	1043	863	864
61811	28	63	863	864
60485	28	46	863	864
143939	28	39	863	864
58620	28	42	863	864
33441	28	118	863	864
59918	28	28	863	864
70511	28	56	863	864
14331	28	188	863	865
13174	28	15171	863	865
31205	28	28	863	865
27562	28	371	863	865
91789	28	66	863	865
68842	28	65	863	865
40400	28	33	863	865
27902	28	21171	863	865
28187	28	16	863	865
34554	28	139	863	865
102976	28	107	863	865
17007	28	79	863	865
18846	28	82	863	865
69884	28	48	863	865
19463	28	76	863	865
52297	28	12107	863	865
42081	28	64	863	865
64830	28	20	863	866
72426	28	15171	863	866
106310	28	30	863	866
32933	28	3178	863	866
31320	28	107	863	866
95017	28	36	863	866
59176	28	55	863	866
40762	28	36	863	866
14391	28	50	863	866
140380	28	27	863	867
106817	28	23	863	867
50158	28	15676	863	867
146295	28	39	863	867
14142	28	40	863	867
7543	28	98	863	867
103521	28	77	863	867
56152	28	66	863	868
67110	28	41	863	868
16266	28	77	863	868
61811	28	1750	863	868
34494	28	56	863	869
45293	28	19	863	869
40749	28	50	863	869
30383	28	346	863	869
91789	28	247	863	869
46043	28	47	863	869
81730	28	63	863	869
48255	28	63	863	869
106721	28	16	863	870
27605	28	76	863	873
59625	28	267	863	874
124209	28	39	863	874
70649	28	60	863	874
29631	28	23	863	875
44121	28	267	863	875
127863	23	80163	863	875
80163	23	127863	863	875
33099	28	49	863	875
40258	28	41	863	876
86565	28	22	863	877
124326	28	86	863	877
71795	28	317	863	878
110322	28	495	863	879
3472	23	29048	863	880
34115	28	48	863	881
27607	28	63	863	881
78717	23	126368	863	924
87192	28	28	864	0
37173	28	9129	864	0
24299	14	943	864	0
74515	14	902	864	0
105641	28	6407	864	0
78821	14	1310	864	0
58620	28	72	864	0
72806	28	800	864	0
68247	28	80	864	0
144573	28	36	864	0
86631	14	59789	864	0
126617	14	3899	864	0
98504	28	34	864	0
128059	28	22	864	0
81464	28	22	864	0
35937	28	44	864	0
77851	28	36	864	0
7359	14	2258	864	0
64782	28	91	864	0
96476	14	2922	864	0
177078	28	34	864	0
7543	28	14	864	0
110716	28	120	864	0
109725	14	2797	864	0
63634	14	444	864	0
153549	28	14	864	0
45670	28	81	864	0
139868	6	306	864	0
17460	14	2258	864	0
38201	14	1880	864	0
105641	28	107	864	0
28383	28	1223	864	0
65697	28	347	864	0
39838	28	29	864	0
37173	28	34	864	0
70511	28	73	864	865
6161	28	46	864	865
85261	28	73	864	865
65294	28	38	864	865
25496	28	27	864	865
58769	28	4760	864	865
106500	28	30	864	865
22501	28	188	864	865
50251	28	4760	864	865
13218	28	41	864	865
61811	28	81	864	865
81715	28	16	864	865
28503	28	3786	864	865
110716	28	16	864	865
81464	28	64	864	865
103800	28	41	864	865
19058	28	41	864	865
25874	28	117	864	865
21337	28	39	864	865
19109	28	88	864	865
51555	28	47	864	865
95741	28	559	864	865
39678	28	44	864	865
35447	28	16	864	865
20890	28	39	864	865
63592	28	343	864	865
29194	28	33	864	866
160630	28	36	864	866
42890	28	102	864	866
28383	28	77	864	866
28476	28	16	864	866
41093	28	15171	864	866
59378	28	56	864	866
51370	28	39	864	866
48971	28	36	864	866
110933	28	28	864	866
45670	28	36	864	866
86638	28	50	864	866
118283	28	1750	864	866
118581	28	56	864	866
108444	28	85	864	866
25719	28	69	864	866
48938	28	46	864	866
21333	28	36	864	866
100873	28	47	864	867
100938	28	37	864	867
84199	28	88	864	867
35937	28	109	864	867
14391	28	14	864	867
9899	28	31	864	867
7879	28	50	864	867
52917	28	28	864	867
50716	28	63	864	867
100726	28	31	864	867
98759	28	34	864	867
82044	28	14	864	867
59491	28	117	864	867
110960	28	55	864	867
44443	28	309	864	867
7241	28	16	864	868
24936	28	76	864	868
70245	28	37	864	868
120070	28	67	864	868
85755	16	8	864	869
72899	28	78	864	869
22482	28	750	864	869
13903	28	257	864	869
73991	28	40	864	870
137438	28	10893	864	870
8736	28	20	864	870
36556	28	41	864	870
76133	28	227	864	871
64782	28	78	864	875
57254	28	86	864	875
150500	28	20	864	875
87890	28	49	864	876
112564	28	79	864	876
37285	28	39	864	877
110322	28	217	864	879
85145	23	133360	864	916
46280	28	7932	865	0
19463	28	381	865	0
132631	28	34	865	0
30164	14	2384	865	0
7359	14	2797	865	0
5810	14	2258	865	0
57607	14	21317	865	0
56603	28	76	865	0
35113	14	19865	865	0
23511	14	2258	865	0
106580	14	18354	865	0
45610	28	31	865	0
68983	28	14	865	0
57254	28	14	865	0
88901	6	59	865	0
31495	14	4611	865	0
55007	14	902	865	0
123305	14	94	865	0
78293	28	289	865	0
77851	28	65	865	0
69803	16	55825	865	0
107312	28	36	865	0
110258	14	4611	865	0
15418	28	36	865	0
107855	28	73	865	0
95579	28	1508	865	0
24670	28	188	865	0
93116	28	295	865	0
129124	14	444	865	0
81715	28	2625	865	0
42494	28	20827	865	0
126997	14	2258	865	0
114435	14	1706	865	0
105503	28	14	865	0
96476	14	444	865	0
19058	28	56	865	0
48565	28	1488	865	0
21953	28	28	865	866
13218	28	46	865	866
35447	28	15171	865	866
103800	28	14	865	866
32967	28	34	865	866
15717	28	4543	865	866
106500	28	87	865	866
76354	28	111	865	866
52297	28	39	865	866
112637	28	1222	865	866
58769	28	168	865	866
50251	28	47	865	866
107855	28	80	865	866
31281	28	22	865	866
106781	28	102765	865	866
6161	28	44	865	866
85737	28	31	865	866
36903	28	63	865	866
94674	28	48	865	866
33306	28	1977	865	866
17007	28	16	865	866
78293	28	36	865	866
52335	28	347	865	866
28503	28	102	865	866
47125	23	111710	865	866
65697	28	31	865	866
25496	28	3786	865	866
102631	28	52	865	866
95579	28	27	865	866
65294	28	16	865	866
70511	28	107	865	867
18846	28	81	865	867
106756	28	78	865	867
100703	28	55	865	867
70649	28	979	865	867
34251	28	52	865	867
46870	28	102	865	867
15418	28	139	865	867
63593	28	27	865	867
24014	28	22	865	867
68842	28	9804	865	867
88209	28	1754	865	867
46661	28	47	865	867
18371	28	2069	865	867
28187	28	150	865	867
130742	28	23	865	867
19596	28	18998	865	867
180798	28	102	865	867
13944	28	289	865	867
27562	28	56	865	867
95741	28	50	865	867
81464	28	82	865	867
105641	28	23	865	868
50158	28	34	865	868
171566	23	83276	865	868
88808	28	52	865	868
126906	28	14	865	868
20890	28	41	865	868
49175	28	289	865	868
21337	28	31	865	868
122863	28	68	865	868
29337	28	130956	865	868
184757	28	34	865	868
60329	28	85	865	868
132285	28	68	865	869
125736	28	28	865	869
39355	28	199	865	869
175550	28	43	865	869
51133	28	327	865	869
22501	28	16	865	869
31205	28	50	865	869
136676	6	6630	865	870
132973	28	37	865	870
18093	28	3786	865	870
33145	28	36	865	870
82062	28	37	865	870
164564	16	69141	865	872
65416	23	100797	865	873
176245	16	226	865	873
30502	28	14	865	875
34554	28	109	865	875
103708	28	28	865	875
110716	28	33	865	875
42494	28	36	865	875
85429	28	211	865	877
48565	28	76	865	877
74223	28	69	865	877
82062	28	327	865	879
87639	28	66	865	880
70245	28	68	865	880
60932	23	143297	865	881
53038	28	50	865	881
90632	28	259	865	885
38591	28	77	865	886
25496	28	117	866	0
113097	28	79	866	0
41093	28	89	866	0
31320	28	98	866	0
35447	28	150	866	0
56907	14	4523	866	0
137367	28	36	866	0
104507	14	6882	866	0
74378	28	14101	866	0
87750	14	1869	866	0
41984	28	64	866	0
17007	28	29984	866	0
106140	6	59	866	0
101118	6	3657	866	0
5488	28	19	866	0
64747	30	2999	866	0
88536	28	87	866	0
74457	14	1343	866	0
10367	14	2995	866	0
17007	28	800	866	0
68977	14	782	866	0
89749	14	24596	866	0
39197	28	77	866	0
95579	28	6878	866	0
81715	28	1021	866	0
29664	14	3568	866	0
122745	14	2188	866	0
95579	28	3178	866	0
94945	28	56	866	0
77393	14	4576	866	0
69421	14	444	866	0
85737	28	8119	866	0
118581	28	31	866	0
28503	28	107	866	0
109831	28	381	866	0
95579	28	64	866	0
7359	14	1217	866	0
95515	14	902	866	0
85230	14	21317	866	0
74378	28	3335	866	867
157886	28	34	866	867
106822	28	23	866	867
107855	28	559	866	867
32255	28	37	866	867
125681	28	16	866	867
78293	28	43	866	867
52297	28	16	866	867
59378	28	69	866	867
30706	28	150	866	867
28503	28	117	866	867
65697	28	53	866	867
50251	28	1750	866	867
33306	28	188	866	867
64830	28	27	866	867
97821	28	53	866	867
49761	28	39	866	867
52335	28	31	866	867
69884	28	27	866	867
25719	28	107	866	867
28383	28	20	866	867
113097	28	36	866	868
73692	23	114896	866	868
117407	28	18	866	868
21953	28	51	866	868
21491	28	29	866	868
37246	28	102	866	868
42890	28	69	866	868
86638	28	432	866	868
95017	28	53	866	868
50251	28	33	866	868
56603	28	1750	866	868
85737	28	63	866	868
106500	28	53	866	868
129077	28	30	866	868
79087	28	131	866	868
32933	28	47	866	868
80007	28	1819	866	868
102631	28	78	866	868
106310	28	80	866	868
68592	28	39	866	868
51370	28	828	866	868
79648	28	34	866	868
40589	28	98	866	869
114896	23	73692	866	869
6161	28	78	866	869
90590	28	73	866	869
139868	6	285	866	869
29194	28	53	866	869
15717	28	39	866	869
108385	28	39	866	869
48971	28	79	866	869
81715	28	65	866	869
28476	28	100	866	869
59176	28	98	866	869
41984	28	2468	866	869
39197	28	2232	866	870
43161	28	43	866	870
139024	28	27	866	870
58769	28	100	866	870
13218	28	89	866	870
25874	28	61	866	870
51555	28	16	866	870
14015	28	78	866	874
76354	28	67	866	874
102991	28	291	866	874
108444	28	66	866	874
87294	28	68	866	875
42125	28	50	866	875
3402	23	32265	866	875
32265	23	3402	866	875
31320	28	47	866	875
73425	28	267	866	875
94322	28	31	866	875
59816	28	29	866	875
142004	28	55	866	876
14391	28	102	866	876
55620	28	33	866	876
95221	28	20950	866	876
46807	28	203	866	877
46807	28	244	866	878
146609	28	60	866	878
107446	28	368	866	879
74225	28	60	866	880
38591	28	247	866	881
72426	28	41	866	881
72052	28	371	866	882
90632	28	227	866	882
129936	14	4617	866	897
84202	21	26164	866	923
52335	28	2045	867	0
97458	14	943	867	0
99541	14	444	867	0
23630	28	4760	867	0
48520	14	22811	867	0
72873	23	137122	867	0
26137	14	2258	867	0
78293	28	29	867	0
133529	28	450	867	0
11073	14	2258	867	0
122997	14	1706	867	0
122045	14	18354	867	0
32933	28	6617	867	0
77851	28	102	867	0
145212	28	450	867	0
13273	28	2232	867	0
97264	28	6878	867	0
28135	28	3335	867	0
52974	14	902	867	0
34868	14	2417	867	0
56637	28	134	867	0
90950	6	2646	867	0
88461	28	381	867	0
43731	28	87	867	0
154358	14	2922	867	0
46661	28	42	867	0
34251	28	85	867	0
7543	28	265	867	0
97264	28	12765	867	0
137367	28	64	867	0
5488	28	20	867	0
154620	28	450	867	0
42125	28	14	867	0
70832	28	558	867	868
29320	28	1818	867	868
52917	28	87	867	868
45670	28	86	867	868
42947	28	21171	867	868
74378	28	347	867	868
21333	28	221	867	868
45546	28	52	867	868
70511	28	67	867	868
83317	28	871	867	868
27562	28	49	867	868
18371	28	109	867	868
106817	28	80	867	868
52297	28	351	867	868
69884	28	4543	867	868
59378	28	3335	867	868
103800	28	27	867	868
22959	28	89	867	868
33099	28	14	867	868
15418	28	53	867	868
23247	28	347	867	868
28187	28	72	867	868
151366	28	450	867	868
68842	28	149	867	868
88461	28	17969	867	868
30121	28	102	867	868
28383	28	1697	867	868
9899	28	43	867	868
107855	28	102	867	868
100996	28	450	867	868
17747	28	277	867	868
35277	28	47	867	868
63593	28	67	867	868
97264	28	27	867	868
46661	28	221	867	869
73514	28	102	867	869
103227	28	153	867	869
106822	28	80	867	869
92634	28	634	867	869
107044	28	450	867	869
25719	28	42	867	869
40754	28	14	867	869
110960	28	85	867	869
33562	28	20	867	869
125681	28	806	867	869
81464	28	98	867	869
110933	28	67	867	869
18846	28	19	867	869
24014	28	69	867	869
103521	28	55	867	869
110192	28	27	867	869
7879	28	52	867	870
140380	28	52	867	870
61811	28	107	867	870
44347	28	64	867	870
59491	28	27	867	870
130742	28	130956	867	870
22649	28	41	867	870
150271	28	83	867	871
67356	28	121	867	871
17031	16	1326	867	872
88531	23	136526	867	873
50158	28	5304	867	873
107726	28	233	867	873
13182	28	346	867	874
44443	28	112	867	874
40869	28	139	867	874
50716	28	85	867	874
51297	28	23	867	874
92730	28	63	867	874
49761	28	343	867	875
80026	28	28	867	875
23776	23	75088	867	875
30502	28	55	867	876
25239	28	77	867	876
159160	28	39	867	877
47851	28	49	867	877
100703	28	61	867	877
13273	28	1165	867	877
34561	28	16	867	878
46948	28	16	867	878
72052	28	217	867	880
147431	28	1750	867	881
74378	28	247	867	883
52992	28	77	867	885
175248	28	82	867	885
33737	28	58	867	886
77489	16	10046	867	896
109865	23	95493	867	956
45670	28	73	868	0
40913	14	782	868	0
49891	28	8119	868	0
45546	28	177	868	0
90283	28	43	868	0
61292	14	1706	868	0
7543	28	31	868	0
53299	14	2995	868	0
64830	28	45192	868	0
141145	16	1419	868	0
106317	14	444	868	0
32413	28	89	868	0
29114	28	14	868	0
82794	28	34	868	0
55031	14	2258	868	0
100873	28	36	868	0
76100	14	2922	868	0
30408	28	14	868	0
44121	28	43	868	0
18945	6	59	868	0
5810	14	22811	868	0
85842	28	450	868	0
82064	28	117	868	0
130044	14	2258	868	0
123211	14	2258	868	0
13642	14	23980	868	0
106946	28	247	868	0
40008	14	2258	868	0
34868	14	943	868	0
107726	28	136	868	0
16002	14	24005	868	0
60455	28	15171	868	0
49175	28	29	868	0
155050	14	2188	868	0
187020	14	902	868	0
72378	28	98	868	869
85182	28	53	868	869
12996	28	51	868	869
13944	28	1616	868	869
36996	28	22	868	869
5488	28	63	868	869
87890	28	14	868	869
24936	28	153	868	869
7241	28	47	868	869
71701	28	44	868	869
105598	28	44	868	869
7241	28	39	868	869
136627	28	450	868	869
106781	28	23	868	869
36903	28	64	868	869
52917	28	73	868	869
49661	28	20	868	869
23247	28	28	868	869
51133	28	7094	868	869
133254	28	178	868	869
42213	28	64	868	869
81730	28	29	868	869
60329	28	101	868	869
100726	28	53	868	869
11215	28	51	868	869
95017	28	64	868	869
106817	28	126	868	869
29887	28	4543	868	869
68564	28	56	868	869
97264	28	40014	868	870
46870	28	39	868	870
86638	28	87	868	870
56603	28	69	868	870
88808	28	87	868	870
52172	28	52	868	870
24761	28	930	868	870
34235	28	63	868	870
144262	28	22	868	870
42890	28	28	868	870
48609	23	4790	868	870
60329	28	346	868	870
37246	28	85	868	870
88461	28	16	868	870
108788	28	16	868	870
50251	28	109	868	870
9494	28	358	868	870
68842	28	50	868	870
59625	28	1007	868	870
45670	28	56	868	870
29114	28	22	868	871
70245	28	83	868	872
102991	28	244	868	873
28187	28	85	868	873
75221	28	9804	868	874
66890	28	78	868	874
46280	28	111	868	874
80007	28	16	868	874
9899	28	61	868	874
106756	28	122	868	874
32933	28	4760	868	874
68592	28	16	868	874
84799	28	19	868	874
82064	28	19	868	874
52297	28	199	868	875
83317	28	56	868	875
27562	28	28	868	875
49175	28	41	868	875
41620	28	33	868	875
36542	28	51	868	875
109273	28	213	868	875
56200	28	101	868	875
59542	28	31	868	875
33270	28	257	868	875
18371	28	23	868	875
34516	28	48	868	875
44178	28	82	868	876
170307	28	171	868	876
30408	28	23	868	876
21953	28	50	868	876
44121	28	41	868	877
126319	28	36	868	877
109831	28	102	868	877
148643	28	16	868	877
105641	28	30	868	877
131074	28	82	868	878
35277	28	42	868	878
120070	28	50	868	879
29337	28	23	868	879
26826	28	102	868	880
29320	28	257	868	881
35285	28	27	868	881
64021	28	224	868	888
155881	28	34	869	0
113692	14	3899	869	0
70713	14	2384	869	0
22359	28	78	869	0
75500	14	15889	869	0
87639	28	14	869	0
76561	14	444	869	0
47851	28	14	869	0
121509	14	130	869	0
12903	28	72	869	0
64274	14	2922	869	0
24803	28	79	869	0
125736	28	77	869	0
36757	14	782	869	0
23511	14	782	869	0
103227	28	29	869	0
40575	28	41	869	0
148643	28	6878	869	0
33562	28	828	869	0
40759	14	3568	869	0
34054	28	217	869	0
49661	28	63	869	0
129353	6	12834	869	0
59832	28	478	869	0
58683	14	130	869	0
29887	28	1697	869	0
19655	28	23	869	0
37554	14	2797	869	0
43731	28	38	869	0
61618	14	130	869	0
77489	16	71352	869	0
7241	28	14	869	0
129824	14	279	869	0
13903	28	311	869	0
62798	14	4523	869	0
25536	28	29	869	0
71977	14	130	869	0
30121	28	64	869	0
65234	14	130	869	0
48273	28	58	869	0
24803	28	80	869	870
113204	28	53	869	870
12996	28	69	869	870
25719	28	1257	869	870
71876	28	44	869	870
72555	28	4797	869	870
72899	28	52	869	870
68564	28	30	869	870
103227	28	76	869	870
90590	28	27	869	870
63593	28	64	869	870
19998	28	47	869	870
24936	28	351	869	870
28476	28	1021	869	870
81715	28	828	869	870
36903	28	149	869	870
15717	28	66	869	870
22501	28	31	869	870
56213	28	55	869	871
107726	28	211	869	871
81446	28	102	869	871
95699	28	83	869	871
42106	28	158	869	872
25250	28	495	869	873
68149	14	765	869	873
78370	28	48	869	873
17037	28	828	869	873
27395	28	49	869	874
137614	28	53	869	874
52917	28	67	869	874
6161	28	20	869	874
23247	28	52	869	874
25536	28	76	869	874
40575	28	3953	869	874
11442	23	45314	869	875
108385	28	67	869	875
39355	28	41	869	875
131144	28	33	869	875
93682	28	48	869	875
30383	28	48	869	875
11215	28	188	869	875
94674	28	67	869	875
117747	28	213	869	875
44511	28	23	869	875
105598	28	56	869	876
51498	28	47	869	876
106781	28	56	869	876
31205	28	58	869	876
18054	28	358	869	876
15717	28	1750	869	876
48255	28	30	869	877
25239	28	29	869	877
60455	28	22	869	878
55620	28	247	869	878
133254	28	23	869	879
46043	28	19	869	879
45293	28	53	869	879
52649	23	14123	869	880
34494	28	23	869	881
44443	28	34	869	881
29887	28	76	869	882
52992	28	247	869	883
45602	28	217	869	883
93394	28	531	869	884
71185	28	16	869	884
42213	28	22	869	885
64203	28	461	869	885
74378	28	82	869	885
136136	14	130	869	894
123067	14	130	869	894
50715	14	130	869	894
122115	14	130	869	894
102142	23	57232	869	916
43808	23	108184	869	964
31495	14	43240	870	0
12896	28	153	870	0
137438	28	36	870	0
28095	14	444	870	0
42687	6	59	870	0
25210	14	943	870	0
62798	14	444	870	0
106721	28	3405	870	0
106946	28	50	870	0
30978	14	2384	870	0
77504	14	1428	870	0
41704	28	217	870	0
106051	14	1126	870	0
65715	14	182	870	0
61414	14	24216	870	0
43161	28	358	870	0
122228	16	1419	870	0
111710	23	47125	870	0
34868	14	2951	870	0
83968	14	1343	870	0
100863	14	182	870	0
110258	14	43240	870	0
110443	14	664	870	0
27584	14	2612	870	0
23511	14	2797	870	0
30423	14	2188	870	0
83104	14	664	870	871
108788	28	346	870	871
15717	28	1165	870	871
95747	28	387	870	871
59073	28	28	870	871
51555	28	26738	870	872
56363	28	351	870	872
136373	14	182	870	873
36996	28	311	870	873
5986	28	217	870	874
3904	23	9979	870	874
86709	28	57	870	874
20281	28	72	870	874
55889	28	9804	870	874
30762	23	36213	870	875
52574	28	1695	870	876
9979	23	3904	870	876
115909	28	3436	870	876
45417	23	141883	870	877
92807	23	22012	870	877
101899	23	48195	870	877
34924	28	1100	870	877
3146	23	31550	870	879
41802	28	52	870	879
90180	28	346	870	882
69208	28	266	870	888
25210	14	2417	871	0
88359	28	2625	871	0
21227	14	2797	871	0
89612	14	2188	871	0
122279	14	17928	871	0
88461	28	76	871	0
33107	28	106	871	0
17826	6	338	871	0
123416	23	89305	871	0
32967	28	32	871	0
35708	28	106	871	0
150892	14	1706	871	0
123465	14	182	871	0
13182	28	76	871	0
40372	28	1819	871	0
65062	28	106	871	0
63693	14	9403	871	0
62004	14	2574	871	0
60446	14	279	871	0
70491	14	182	871	0
60733	28	44957	871	872
108788	28	76	871	872
153414	28	276	871	872
81446	28	91	871	872
124361	23	69384	871	873
69384	23	124361	871	873
17035	28	1488	871	873
184867	28	244	871	873
80051	28	65	871	873
27564	28	295	871	874
3096	23	16684	871	874
16684	23	3096	871	874
150271	28	171	871	874
50712	28	371	871	874
15717	28	539	871	874
30383	28	76	871	874
98933	23	30245	871	875
44420	28	1818	871	875
67595	28	131	871	875
8501	28	76	871	875
42365	28	203	871	876
65176	28	351	871	877
94318	28	12145	871	877
181069	16	151	871	877
40372	28	16	871	878
47073	23	69538	871	879
38905	28	274	871	880
3086	23	78443	871	881
78525	28	211	871	886
101634	23	43361	871	889
36666	23	126874	871	918
126874	23	36666	871	918
63349	6	306	872	0
46373	28	111	872	0
98083	16	870	872	0
122788	14	279	872	0
89425	14	444	872	0
72555	28	276	872	0
126721	14	7588	872	0
126834	28	295	872	0
94781	14	182	872	0
36057	14	279	872	0
103259	6	2618	872	0
42596	14	943	872	0
146449	14	279	872	0
91204	14	2995	872	0
102804	14	182	872	0
32585	14	279	872	0
174676	6	15365	872	0
81404	14	29565	872	0
95699	28	99	872	0
59816	28	43	872	0
110443	14	279	872	0
35437	14	43240	872	0
130757	14	1706	872	0
111104	14	4523	872	0
26688	14	2951	872	0
32585	14	813	872	0
75500	14	444	872	0
83968	14	15889	872	0
152204	14	1706	872	0
99760	14	2964	872	0
48971	28	76	872	873
8501	28	311	872	873
8501	28	1818	872	873
51148	28	244	872	873
113204	28	31	872	874
69374	28	529	872	874
58004	16	65127	872	874
46373	28	20	872	875
48493	28	64	872	875
12615	28	675	872	875
54975	23	17288	872	876
46552	28	199	872	876
69268	28	26111	872	876
18417	28	101	872	876
79087	28	32	872	876
30639	28	832	872	877
12615	28	217	872	878
89408	28	181	872	879
41458	28	259	872	881
70302	28	675	872	881
60527	28	387	872	882
13266	28	217	872	882
165975	28	550	872	882
41458	28	227	872	887
56363	28	76	872	889
138629	28	266	872	889
36057	14	664	872	891
62642	23	78472	872	894
111016	23	153363	872	911
73354	14	765	873	0
157784	14	2922	873	0
87705	14	101166	873	0
101413	14	7588	873	0
49386	16	15342	873	0
88461	28	502	873	0
37554	14	2951	873	0
50048	14	1425	873	0
104403	14	2417	873	0
102947	28	12845	873	0
78816	14	1343	873	0
53316	14	130	873	0
8073	14	943	873	0
58683	14	3916	873	0
65715	14	279	873	0
106051	14	444	873	0
81355	14	182	873	0
78795	14	20547	873	0
56648	16	6590	873	0
148824	14	613	873	0
72909	14	2417	873	0
128787	14	765	873	0
5875	23	150488	873	0
50048	14	1428	873	0
26688	14	782	873	0
130702	16	1256	873	0
111857	14	279	873	0
88033	14	1880	873	0
42543	14	2384	873	0
94223	6	3310	873	0
85412	14	2574	873	0
94305	27	10393	873	0
101818	14	2951	873	0
102452	16	43394	873	873
34173	28	12788	873	874
17035	28	76	873	874
75161	28	19	873	874
56683	23	141520	873	874
80051	28	16	873	874
8501	28	346	873	874
58769	28	36	873	874
81730	28	76	873	874
50712	28	217	873	874
94594	28	1165	873	874
13476	28	346	873	874
64457	28	1697	873	875
28187	28	1832	873	875
36996	28	44	873	875
27605	28	750	873	875
35722	28	12788	873	875
115909	28	267	873	876
111246	28	1018	873	876
77384	28	1165	873	876
45904	28	109	873	876
126295	28	101	873	876
30639	28	269	873	877
114994	28	68175	873	877
51204	16	151	873	877
69268	28	368	873	878
144143	23	143282	873	879
40204	28	866	873	879
0	27	13736	873	879
50010	23	4762	873	880
4762	23	50010	873	880
111095	23	87439	873	880
13476	28	358	873	880
17177	28	1926	873	881
23880	28	7606	873	881
39126	28	217	873	881
110329	28	213	873	881
49752	28	88	873	882
36291	28	27	873	883
64203	28	217	873	884
49386	16	59844	873	884
87009	23	41225	873	886
174475	16	226	873	888
94394	16	43394	873	888
90167	23	50312	873	890
82152	23	74133	873	902
131027	14	182	873	908
76372	23	129462	873	924
99951	28	36	874	0
158640	14	279	874	0
42813	28	12788	874	0
113204	28	751	874	0
102991	28	203	874	0
25874	28	120	874	0
46552	28	346	874	0
139027	14	130	874	0
20880	6	3006	874	0
36057	14	207	874	0
83104	14	279	874	0
143333	14	24596	874	0
55889	28	38	874	0
56152	28	14	874	0
40841	28	52	874	0
107630	14	3899	874	0
80007	28	3335	874	0
36466	28	61	874	0
9899	28	16	874	0
9899	28	4760	874	0
81355	14	279	874	0
83996	14	3899	874	0
128296	14	7588	874	0
129318	14	1706	874	0
32423	28	52	874	0
69421	14	782	874	0
62659	14	182	874	0
79828	14	2951	874	0
8828	23	63889	874	0
87677	14	279	874	0
80051	28	38	874	0
44158	14	943	874	0
46708	28	36	874	0
33107	28	12788	874	0
14274	28	153	874	0
13174	28	3335	874	0
14274	28	1032	874	0
27213	1	182707	874	0
16895	28	828	874	0
56343	28	2663	874	0
126834	28	121	874	0
117827	14	2797	874	0
101420	28	31	874	0
47296	28	45	874	0
155514	14	279	874	0
61811	28	139	874	875
72378	28	169	874	875
76354	28	9804	874	875
77851	28	77	874	875
139024	28	3335	874	875
47600	28	31	874	875
33463	28	51	874	875
19190	28	16	874	875
12903	28	14	874	875
8501	28	17969	874	875
75601	28	89	874	875
68592	28	38	874	875
45670	28	87	874	875
63593	28	750	874	875
6045	28	73	874	875
125719	28	4861	874	875
67107	28	48	874	875
76663	28	188	874	875
102573	28	102	874	875
71795	28	547	874	875
73991	28	88	874	875
27395	28	68928	874	875
53026	28	10669	874	875
92730	28	23	874	875
40143	28	43	874	875
17035	28	53	874	875
16895	28	51	874	875
59060	28	43	874	875
50712	28	7606	874	875
13182	28	30	874	875
42605	28	36	874	875
36466	28	120	874	875
50251	28	69	874	875
107726	28	131	874	875
35708	28	12788	874	875
75221	28	73	874	875
28844	28	82	874	875
81446	28	188	874	875
80051	28	19	874	875
72210	28	31	874	875
108444	28	65	874	875
106756	28	27	874	875
41663	28	51	874	875
78370	28	16	874	875
7241	28	73	874	875
12996	28	52	874	875
85261	28	3335	874	875
106817	28	265	874	875
29966	28	67	874	875
82044	28	122	874	875
60443	28	39	874	875
43731	28	73	874	875
6161	28	86	874	875
51858	28	82	874	875
113271	28	53	874	876
85889	28	31	874	876
82593	28	38	874	876
137614	28	52	874	876
89854	28	161	874	876
23247	28	22	874	876
19629	28	65	874	876
49661	28	58	874	876
50716	28	19	874	876
90608	28	43	874	876
66890	28	9804	874	876
8247	28	169	874	876
40869	28	20	874	876
62321	6	306	874	876
46414	6	2443	874	876
78543	28	98	874	876
21946	28	63	874	876
21593	28	48784	874	876
90590	28	45192	874	876
44582	28	1633	874	876
115113	28	930	874	876
125736	28	47	874	876
23686	28	53	874	876
48322	28	20	874	876
95053	28	86654	874	876
58154	28	1100	874	876
26430	28	101	874	876
19998	28	41	874	876
82064	28	38	874	876
108071	28	51	874	876
49891	28	56	874	876
110960	28	150	874	876
35600	28	32	874	877
99332	28	49	874	877
70491	14	279	874	877
19655	28	22	874	877
57147	28	149	874	877
47020	28	3953	874	877
56213	28	27	874	877
75161	28	828	874	877
94640	28	43	874	877
30320	28	19	874	877
14015	28	55	874	877
71876	28	149	874	877
20281	28	64	874	877
15717	28	92	874	877
94594	28	92	874	877
92540	28	55	874	877
27564	28	121	874	877
87731	28	33	874	877
57501	28	149	874	877
45372	28	27	874	877
63430	28	28	874	877
83713	28	41	874	878
46870	28	58	874	878
55889	28	265	874	878
124209	28	38	874	878
68564	28	117	874	878
12903	28	41	874	878
13273	28	1750	874	878
80007	28	277	874	878
22672	23	109787	874	878
6968	28	9804	874	878
123727	28	48	874	878
40142	28	98	874	878
41704	28	203	874	879
25536	28	53	874	879
40142	28	29	874	879
38012	28	28	874	879
128948	28	52	874	879
185718	28	102	874	879
30383	28	29	874	879
56343	28	36	874	880
66474	28	269	874	880
166657	28	45	874	880
36098	28	930	874	880
16863	28	28	874	880
113853	28	22	874	880
106822	28	557	874	880
62056	28	5597	874	880
67595	28	32	874	880
40575	28	19	874	880
61384	28	217	874	881
53080	28	27	874	881
39197	28	30	874	881
122268	28	102	874	881
123026	28	550	874	881
35600	28	315	874	881
108471	28	206	874	881
45529	28	49	874	882
177094	28	129	874	882
14274	28	76	874	882
92191	28	297	874	882
105061	28	60	874	882
108808	23	3723	874	883
135371	28	36	874	884
34009	28	260	874	885
93410	23	20781	874	885
55238	28	66	874	886
52574	28	269	874	886
111074	28	22	874	886
95812	28	103	874	886
51297	28	30	874	887
47298	28	121	874	887
95245	28	83	874	887
25436	23	108302	874	887
12996	28	3953	874	888
86376	28	83	874	888
72334	28	259	874	888
60365	28	66	874	889
78376	23	114784	874	890
100773	23	75486	874	893
58564	23	69926	874	895
72911	14	918	874	895
58004	16	11357	874	901
101018	23	116926	874	909
131144	28	117	875	0
40913	14	2922	875	0
56200	28	17969	875	0
100726	28	38	875	0
48565	28	29	875	0
22359	28	559	875	0
103521	28	3335	875	0
22792	14	2384	875	0
47296	28	99	875	0
39355	28	58	875	0
37554	14	2964	875	0
5531	14	1706	875	0
92191	28	280	875	0
90283	28	73	875	0
9899	28	47	875	0
22359	28	79	875	0
71839	6	1103	875	0
29631	28	9804	875	0
126906	28	111	875	0
107176	28	381	875	0
30586	14	207	875	0
106051	14	4611	875	0
110716	28	109	875	0
107059	16	7958	875	0
81715	28	1043	875	0
109464	14	444	875	0
59832	28	100	875	0
44393	28	1043	875	0
44511	28	31	875	0
39577	6	4455	875	0
8704	14	444	875	0
57790	28	176562	875	0
107864	14	943	875	0
82035	28	244	875	0
81730	28	28	875	0
56200	28	1100	875	0
59721	28	1374	875	0
5488	28	57	875	0
50712	28	292	875	0
48028	14	182	875	0
54553	28	73	875	0
60473	28	9014	875	0
27562	28	16	875	0
97240	14	4523	875	0
89749	14	7588	875	0
29664	14	2951	875	0
13702	28	502	875	875
132973	28	68	875	876
52373	28	1977	875	876
64229	28	337	875	876
29966	28	3335	875	876
84073	28	51	875	876
41620	28	27	875	876
83967	28	381	875	876
86971	28	848	875	876
6045	28	98	875	876
72378	28	12107	875	876
76663	28	27	875	876
76354	28	46	875	876
14015	28	14	875	876
92882	6	2120	875	876
34684	28	2215	875	876
78370	28	87	875	876
27605	28	1129	875	876
52917	28	277	875	876
80051	28	3335	875	876
8668	28	24227	875	876
94322	28	40	875	876
84799	28	89	875	876
99024	28	85	875	876
108385	28	3335	875	876
106756	28	69	875	876
42494	28	47	875	876
63801	28	28	875	876
102703	28	3335	875	876
43722	28	72	875	876
89298	28	347	875	876
47711	28	1977	875	876
182625	28	53	875	876
64457	28	27	875	876
23056	28	38	875	876
50251	28	63	875	876
94919	28	67	875	876
31320	28	20	875	876
14356	28	47	875	876
11215	28	20	875	877
41663	28	46	875	877
63593	28	358	875	877
104193	28	15676	875	877
103708	28	69	875	877
36012	28	1129	875	877
80026	28	16	875	877
18373	14	2297	875	877
59060	28	5478	875	877
109273	28	50	875	877
113097	28	58	875	877
92730	28	78	875	877
102573	28	9804	875	877
90403	28	158	875	877
173745	28	53	875	877
88913	28	50	875	877
43731	28	1750	875	877
56200	28	109	875	877
75568	28	63	875	877
28844	28	109	875	877
18371	28	50	875	877
42125	28	69	875	877
43731	28	122	875	877
19190	28	38	875	877
94975	28	34	875	877
36996	28	79	875	877
67107	28	16	875	877
35982	28	1129	875	877
68592	28	3335	875	877
104790	28	42	875	878
9764	28	69	875	878
51148	28	3313	875	878
71498	28	330	875	878
84735	28	102	875	878
94322	28	247	875	878
13792	28	750	875	878
94975	28	266	875	878
36542	28	64	875	878
95348	28	92	875	878
13182	28	91	875	878
33099	28	98	875	878
44695	28	31	875	878
61503	28	136	875	879
57790	28	169	875	879
54646	28	630	875	879
52297	28	44	875	879
118727	28	34	875	879
105590	28	351	875	879
53038	28	14	875	879
108444	28	559	875	879
17035	28	43	875	879
46373	28	41	875	879
59832	28	20	875	879
13816	28	371	875	879
13816	28	217	875	879
36466	28	16	875	879
51148	28	164	875	879
93394	28	176	875	879
23591	28	495	875	879
154249	28	44	875	879
30825	28	60	875	879
154814	28	64	875	879
81446	28	49	875	879
104395	28	44	875	879
46236	28	109	875	880
34516	28	58	875	880
143099	28	29086	875	880
38920	28	217	875	880
121645	28	198	875	880
93819	28	789	875	880
33852	28	217	875	880
82993	28	68	875	880
22359	28	91	875	880
75601	28	46	875	880
33270	28	43	875	880
128389	28	16	875	880
21491	28	750	875	880
40754	28	31	875	880
33463	28	28	875	881
30383	28	58	875	881
87898	28	109	875	881
44393	28	16	875	881
117600	28	29	875	881
42161	28	7606	875	881
57511	28	3667	875	882
27395	28	36	875	882
26826	28	14	875	883
54733	28	42	875	883
59542	28	49	875	883
23247	28	14	875	883
44420	28	800	875	883
94318	28	164	875	883
14215	28	233	875	883
145948	28	34	875	883
113253	23	78887	875	883
99385	23	88723	875	883
51858	28	77	875	883
114703	28	23	875	884
29320	28	29	875	884
49761	28	43	875	884
111246	28	460	875	884
125719	28	203	875	884
44439	23	71681	875	884
71681	23	44439	875	884
36098	28	68	875	885
27564	28	1754	875	885
138629	28	34	875	885
3988	23	124893	875	885
92976	28	617	875	885
78135	28	1178	875	886
47298	28	176	875	886
175604	28	460	875	886
42821	28	23	875	886
64021	28	460	875	886
37043	28	28	875	886
33737	28	247	875	887
154625	28	121	875	888
51204	23	74941	875	888
59721	28	55	875	889
44870	28	16	875	890
60473	28	30	875	890
3402	23	10741	875	891
10741	23	3402	875	891
27564	28	176	875	891
131227	28	1321	875	894
17031	16	11357	875	901
4416	23	96912	875	902
96912	23	4416	875	902
64097	23	42466	875	912
48609	23	155520	875	918
112443	6	270	876	0
4296	28	74	876	0
133650	28	49	876	0
16449	28	333	876	0
29337	28	14	876	0
37949	30	3209	876	0
49891	28	247	876	0
55560	14	23980	876	0
31758	14	1126	876	0
106946	28	177	876	0
54878	14	1706	876	0
107630	14	3348	876	0
126292	28	46	876	0
9764	28	14	876	0
126820	28	50	876	0
110077	28	169	876	0
113271	28	39	876	0
86509	28	327	876	0
3451	14	943	876	0
40582	28	1688	876	0
62798	14	782	876	0
103701	14	1217	876	0
148486	28	176	876	0
109128	28	265	876	0
34773	28	29	876	0
3451	14	22811	876	0
86638	28	177	876	0
89854	28	153	876	0
23247	28	58	876	0
76354	28	283	876	0
31320	28	9832	876	0
7359	14	3568	876	0
81460	28	68	876	0
95245	28	68	876	0
72909	14	2951	876	0
176546	14	2188	876	0
40841	28	14	876	0
49891	28	41	876	0
78816	14	55576	876	0
103521	28	100	876	0
109273	28	29	876	0
45459	28	178	876	0
41802	28	14	876	0
4296	28	396	876	0
70084	23	93961	876	0
49661	28	61	876	0
24955	28	29	876	0
110961	14	444	876	0
123026	28	176	876	0
79778	28	31227	876	0
77851	28	347	876	0
8836	28	502	876	0
67595	28	40645	876	0
105809	28	221	876	0
12996	28	50	876	0
40258	28	87	876	0
94594	28	1750	876	0
48520	14	4611	876	0
28943	28	36570	876	0
38201	14	70879	876	0
95920	28	27	876	877
39355	28	347	876	877
22373	28	69	876	877
75221	28	178	876	877
65282	28	63	876	877
89089	28	85	876	877
100726	28	28	876	877
14391	28	4134	876	877
58154	28	16	876	877
19998	28	87	876	877
105061	28	201	876	877
45459	28	67	876	877
47711	28	7095	876	877
76142	28	100	876	877
33107	28	3715	876	877
31205	28	85	876	877
87192	28	828	876	877
23630	28	3715	876	877
44178	28	8119	876	877
43722	28	57	876	877
80023	28	3715	876	877
37228	28	3715	876	877
41620	28	10712	876	877
4296	28	57	876	877
83967	28	3715	876	877
108385	28	4134	876	877
126292	28	72	876	877
40286	28	3335	876	877
85889	28	61	876	877
96547	28	58869	876	877
102991	28	395	876	877
32255	28	81932	876	877
51370	28	70591	876	877
106781	28	8119	876	877
118231	28	56	876	877
87721	28	289	876	877
63801	28	100	876	877
45904	28	1043	876	877
42605	28	74	876	877
21946	28	311	876	877
29631	28	109	876	877
95461	28	161	876	877
100938	28	81932	876	877
21593	28	107	876	877
52917	28	139	876	877
50251	28	1977	876	877
109456	28	46	876	877
23350	28	11024	876	877
8247	28	161	876	877
105598	28	87	876	877
52893	28	2454	876	877
109397	28	27	876	877
29169	28	11024	876	877
85737	28	111	876	878
101545	28	101546	876	878
90608	28	86	876	878
56573	28	14	876	878
26430	28	39	876	878
104112	28	67	876	878
94919	28	57	876	878
23555	28	109	876	878
93937	28	4134	876	878
33120	28	177	876	878
32984	28	55	876	878
18054	28	20	876	878
126295	28	1977	876	878
49950	28	12667	876	878
25239	28	49	876	878
44386	28	233	876	878
66890	28	67	876	878
29966	28	126	876	878
86170	28	29237	876	878
71185	28	14	876	879
6045	28	117	876	879
31068	28	9804	876	879
74142	28	135	876	879
99951	28	74	876	879
30502	28	64	876	879
31879	28	30	876	879
39243	28	158	876	879
102703	28	247	876	879
23686	28	66	876	879
82593	28	27	876	879
113271	28	150	876	879
84799	28	85	876	879
50716	28	31	876	879
51498	28	69	876	879
113436	28	39	876	879
44582	28	64	876	879
102703	28	31	876	879
42813	28	11024	876	879
48322	28	33	876	879
34173	28	11024	876	879
5488	28	31	876	879
21953	28	58	876	879
30431	28	52	876	879
111683	28	91	876	879
59998	28	265	876	879
52839	28	185	876	880
12996	28	14	876	880
47716	28	30	876	880
120777	28	297	876	880
27395	28	14	876	880
31797	28	34	876	880
46552	28	20	876	880
19629	28	28	876	880
81464	28	139	876	880
115909	28	76	876	880
47600	28	8119	876	880
20856	28	39	876	880
8836	28	800	876	880
46708	28	351	876	880
13702	28	153	876	880
64405	28	52	876	880
35065	28	1688	876	881
32841	28	47	876	881
90590	28	1149	876	881
18417	28	50	876	881
30156	28	78	876	881
