51057	28	4281	956	962
31598	28	222	956	962
28241	28	255	956	962
41106	28	434	956	962
11799	28	449	956	962
24400	28	2597	956	962
47721	28	52	956	962
24141	28	4281	956	962
10992	28	232	956	962
35107	28	1504	956	962
38338	28	2093	956	962
42215	28	248	956	962
38563	28	3656	956	962
33067	28	1124	956	962
35905	28	1144	956	962
33720	28	463	956	962
47981	28	171	956	962
47211	28	1153	956	962
22258	28	282	956	962
12258	28	121	956	962
23584	28	433	956	962
45624	28	692	956	962
64872	28	231	956	962
125971	28	1014	956	962
12972	28	165	956	962
17369	28	469	956	962
41889	28	1363	956	962
23910	28	22	956	962
57008	28	1317	956	962
21643	28	146	956	962
26643	28	1975	956	962
26394	28	336	956	962
9091	28	1436	956	962
12507	28	156	956	962
24657	28	406	956	962
16041	28	1360	956	962
38638	28	1181	956	962
80440	28	916	956	962
49211	28	191	956	962
10111	28	363	956	962
15467	28	2589	956	962
17689	28	4324	956	962
33378	28	175	956	962
26271	28	2426	956	962
44554	28	66	956	962
18364	28	283	956	962
27999	28	526	956	962
59975	28	436	956	962
63124	28	175	956	962
10111	28	236	956	962
28522	23	13659	956	962
13659	23	28522	956	962
12858	28	73	956	962
59508	28	1670	956	962
11670	28	785	956	962
48278	28	515	956	962
44442	28	159	956	962
38491	28	165	956	962
41867	28	846	956	962
59515	28	112	956	962
9558	28	1032	956	962
69718	28	238	956	962
41712	28	2525	956	962
22942	28	617	956	962
31966	28	222	956	962
51910	28	210	956	962
14691	28	484	956	962
16053	28	227	956	962
19858	28	885	956	962
28995	28	464	956	963
34337	28	1144	956	963
34793	28	60	956	963
22837	28	348	956	963
26749	28	363	956	963
12248	28	205	956	963
4283	1	157822	956	963
36341	28	1262	956	963
7057	28	648	956	963
11916	28	1075	956	963
8867	28	1067	956	963
28050	28	364	956	963
9104	28	117	956	963
14236	28	454	956	963
41245	28	1708	956	963
30816	28	755	956	963
18965	28	79	956	963
23805	28	951	956	963
23842	28	1501	956	963
79322	28	90131	956	963
22260	28	1132	956	963
65917	28	386	956	963
32305	28	297	956	963
11906	28	184	956	963
37265	28	70	956	963
57212	28	1020	956	963
54986	28	1682	956	963
19706	28	106	956	963
49560	28	956	956	963
14234	28	92	956	963
18718	28	464	956	963
70662	28	166	956	963
58977	28	12392	956	963
12335	28	4917	956	963
86445	28	3545	956	963
31703	28	228	956	963
64738	28	1545	956	963
18265	28	92	956	963
28485	28	1015	956	963
36110	28	223	956	963
20093	28	593	956	963
28607	28	126	956	963
31631	28	400	956	963
5695	28	217	956	963
105047	28	1292	956	963
29415	28	458	956	963
15005	28	850	956	963
44213	28	1903	956	963
35891	28	643	956	963
17506	28	303	956	963
16537	28	269	956	963
21884	28	706	956	963
10251	28	268	956	963
86075	28	387	956	963
31615	28	968	956	963
48045	28	80	956	963
38275	28	220	956	963
36947	28	363	956	963
51869	28	596	956	963
29677	28	3574	956	963
41955	28	2259	956	963
23404	28	133	956	963
42973	28	57	956	963
80899	28	793	956	963
39865	28	34	956	963
34648	28	1288	956	963
17151	28	1094	956	963
122669	28	526	956	963
50980	28	1628	956	963
154311	28	1708	956	963
20088	28	162	956	963
80069	28	625	956	963
11005	28	55	956	963
44258	28	121	956	963
12856	28	227	956	963
18845	28	671	956	963
35654	28	2632	956	963
67293	28	35016	956	963
14348	28	286	956	963
16259	28	245	956	963
17790	28	464	956	963
36738	28	951	956	963
37207	28	68	956	963
66019	28	623	956	963
68364	28	95	956	963
36398	28	210	956	963
25653	28	368	956	963
10523	28	52	956	963
7504	28	1178	956	963
56540	28	1399	956	963
13315	28	206	956	963
54053	28	6783	956	964
35496	28	941	956	964
26982	28	369	956	964
36190	28	192	956	964
15199	28	98	956	964
39291	28	447	956	964
29978	28	1711	956	964
39981	28	1803	956	964
35336	28	133	956	964
40615	28	357	956	964
22045	28	51	956	964
92059	28	231	956	964
27575	28	292	956	964
33446	28	1632	956	964
27511	28	29	956	964
50317	28	106	956	964
33798	28	247	956	964
54856	28	143	956	964
22308	28	464	956	964
36723	28	269	956	964
101642	28	481	956	964
47991	28	1731	956	964
81211	28	1085	956	964
106175	28	37	956	964
19968	28	101	956	964
149190	28	1708	956	964
79855	28	1814	956	964
14959	28	493	956	964
38561	28	248	956	964
10950	28	471	956	964
17895	28	518	956	964
48246	28	1641	956	964
39259	28	507	956	964
73368	28	402	956	964
20495	28	45	956	964
9886	28	1528	956	964
16846	28	87	956	964
111473	28	216	956	964
10732	28	957	956	964
127667	28	1682	956	964
38433	28	369	956	964
42657	28	318	956	964
21739	28	453	956	964
35636	28	916	956	964
55929	28	64	956	964
7799	28	244	956	964
46419	28	2629	956	965
30290	28	397	956	965
8611	28	518	956	965
23163	28	699	956	965
36245	28	494	956	965
31067	28	368	956	965
40385	28	165	956	965
65264	16	3012	956	965
12061	28	1099	956	965
31300	16	3813	956	965
14775	28	117	956	965
64403	28	1300	956	965
34275	28	165	956	965
97749	28	210	956	965
64621	14	5376	956	965
9221	28	726	956	965
40726	28	471	956	965
87436	28	255	956	965
12626	28	518	956	965
24063	28	470	956	965
17502	16	38511	956	965
34595	28	95	956	965
50816	28	103	956	965
78108	28	238	956	965
20004	28	37	956	965
61038	28	888	956	965
47979	28	121	956	965
34584	28	794	956	965
60413	28	165	956	965
44156	28	1665	956	965
68732	28	56	956	965
48911	28	3872	956	965
80861	28	363	956	965
128703	28	1132	956	965
79345	28	170	956	965
95435	28	1206	956	965
124150	28	4515	956	965
13582	28	106	956	965
46321	28	4113	956	965
36658	28	968	956	965
9432	28	523	956	965
24842	28	456	956	965
92687	28	121	956	965
84546	28	452	956	965
30143	28	276	956	965
82179	28	3526	956	965
110981	28	575	956	965
39331	28	3574	956	965
55951	28	1085	956	965
126163	28	3157	956	965
52596	28	746	956	966
54160	28	1228	956	966
46419	28	181	956	966
73436	28	1206	956	966
36664	28	1204	956	966
12581	28	2107	956	966
163501	14	2815	956	966
49022	28	1908	956	966
12914	28	181	956	966
143734	28	1814	956	966
15136	28	37	956	966
49213	28	1814	956	966
35468	28	809	956	966
12046	28	109	956	966
83011	28	798	956	966
75087	28	184	956	966
38794	28	722	956	966
47018	28	6073	956	966
69736	28	1088	956	966
80548	28	774	956	966
73114	28	409	956	966
33202	28	547	956	966
76932	28	2489	956	966
20797	28	835	956	966
13512	28	910	956	966
150036	28	2694	956	966
34790	28	234	956	966
59766	28	818	956	966
17321	28	453	956	966
26763	28	1099	956	966
7644	28	3157	956	966
4354	28	1528	956	966
12672	28	29	956	966
150676	28	2694	956	966
153461	23	105258	956	966
9565	28	547	956	966
95507	28	112	956	966
71406	28	994	956	966
54230	28	752	956	966
28933	28	1193	956	966
30680	28	1135	956	966
25865	28	1632	956	967
64754	28	291	956	967
20882	28	37	956	967
11367	28	106	956	967
38496	28	547	956	967
12753	28	397	956	967
37132	28	293	956	967
27122	28	383	956	967
26485	28	1632	956	967
19798	28	76	956	967
19920	28	464	956	967
129731	28	292	956	967
18456	28	1528	956	967
67860	28	25491	956	967
36829	28	653	956	967
27970	28	875	956	967
34463	28	292	956	967
38457	28	1277	956	967
20873	28	4316	956	968
20642	28	1632	956	968
45383	28	327	956	968
10154	28	221	956	968
8423	28	428	956	968
6821	28	29	956	968
11670	28	259	956	968
111299	28	121	956	968
46541	16	9343	956	969
25329	28	41	956	969
28013	28	14	956	969
59457	28	767	956	969
24020	28	2623	956	969
131111	28	1545	957	0
11224	28	463	957	0
11283	28	1720	957	0
33502	28	1501	957	0
18749	28	14358	957	0
60905	28	1302	957	0
5204	28	70884	957	0
70896	28	1691	957	0
5879	28	259	957	0
14468	28	179	957	0
18902	28	478	957	0
14491	28	539	957	0
14514	28	1692	957	0
29352	28	605	957	0
39196	28	1535	957	0
18977	28	2865	957	0
7777	28	105	957	0
14317	28	343	957	0
14387	28	3692	957	0
39007	28	2093	957	0
45634	28	2503	957	0
39511	28	3526	957	0
52968	28	423	957	0
53044	28	1907	957	0
6793	28	11189	957	0
39620	28	1059	957	0
25316	28	722	957	0
10447	14	34273	957	0
14789	28	1513	957	0
61819	28	1177	957	0
34342	28	16	957	0
29871	28	1544	957	0
9452	28	53	957	0
29925	28	2059	957	0
19526	28	976	957	0
13181	28	334	957	0
34582	28	2218	957	0
22613	28	6370	957	0
17052	28	369	957	0
83915	28	2271	957	0
14698	28	713	957	0
46356	28	2719	957	0
12773	28	117	957	0
14308	28	3781	957	0
19806	28	400	957	0
84283	16	448	957	0
45568	28	507	957	0
15148	28	2719	957	0
22858	28	134	957	0
84497	28	1513	957	0
22257	28	247	957	0
46786	28	471	957	0
22954	28	404	957	0
13523	28	72	957	0
16425	28	2325	957	0
22651	28	1059	957	0
7710	28	29	957	0
35314	28	171	957	0
20074	28	1028	957	0
15311	28	926	957	0
84930	14	2297	957	0
13269	28	267	957	0
35332	28	6657	957	0
14597	28	205	957	0
15329	28	29	957	0
73298	28	2714	957	0
6502	28	908	957	0
7200	28	3632	957	0
12138	28	57	957	0
17505	28	1477	957	0
7850	28	815	957	0
13633	28	177	957	0
15391	28	210	957	0
9770	28	2516	957	0
29053	28	269	957	0
70971	28	2271	957	0
41205	28	774	957	0
30380	28	135	957	0
71134	28	72316	957	0
73757	28	1635	957	0
63863	28	330	957	0
85633	28	903	957	0
20409	28	195	957	0
31122	28	1879	957	0
35837	1	83808	957	0
29365	28	41411	957	0
6996	28	80	957	0
47861	28	415	957	0
7018	28	907	957	0
13331	28	178	957	0
31343	28	10579	957	0
27189	28	4898	957	0
62483	28	1440	957	0
6460	28	1959	957	0
25731	28	936	957	0
74463	28	26970	957	0
62452	28	283	957	0
6324	28	4474	957	0
8763	28	635	957	0
14907	28	3663	957	0
74853	28	2397	957	0
13262	28	337	957	0
23077	28	3378	957	0
55766	28	1954	957	0
6281	28	1715	957	0
116202	14	3797	957	0
10971	28	57	957	0
41642	28	7051	957	0
8226	28	528	957	0
16918	28	77	957	0
38956	28	1708	957	0
19155	28	120	957	0
53650	28	2702	957	0
10292	28	493	957	0
7200	28	2223	957	0
7777	28	9944	957	0
12445	28	668	957	0
14613	28	9459	957	0
63653	28	1171	957	0
11180	28	648	957	0
65248	28	1690	957	0
15859	28	594	957	0
20190	28	89	957	0
12485	28	395	957	0
83356	28	809	957	0
31888	28	1411	957	0
42373	23	23069	957	0
65375	28	2122	957	0
36729	28	29	957	0
52285	28	134	957	0
35541	28	447	957	0
10197	28	1468	957	0
35985	28	11636	957	0
16400	28	48	957	0
18076	28	1801	957	0
36885	14	4265	957	0
7582	28	1263	957	0
54348	14	3483	957	0
37003	28	3503	957	0
84445	28	360	957	0
5826	28	118	957	0
32169	28	968	957	0
47222	28	1000	957	0
6189	28	815	957	0
27728	28	347	957	0
15876	28	2007	957	0
30685	28	3345	957	0
3837	28	107	957	0
42847	28	191	957	0
65448	28	1937	957	0
117450	28	42747	957	0
54664	28	1096	957	0
15196	28	437	957	0
88110	28	37158	957	0
7040	28	742	957	0
17757	28	1684	957	0
53831	28	462	957	0
7390	28	445	957	0
26173	28	176	957	0
76279	28	1057	957	0
8219	28	244	957	0
20558	28	569	957	0
14844	28	119	957	0
42941	28	412	957	0
73613	14	22811	957	0
66179	28	3879	957	0
16519	28	537	957	0
13149	28	660	957	0
14384	14	4905	957	0
57196	14	3057	957	0
31793	28	903	957	0
60609	28	1254	957	0
54943	28	122	957	0
88381	14	3473	957	0
71887	28	937	957	0
12271	28	188	957	0
101120	28	211	957	0
47726	28	518	957	0
21853	28	726	957	0
5498	28	660	957	0
15974	28	713	957	0
35291	28	2088	957	0
136667	14	36093	957	0
42322	14	9717	957	0
66514	28	77	957	0
29529	28	800	957	0
7488	28	80	957	0
88789	14	112651	957	0
88817	28	99	957	0
52078	28	2803	957	0
5640	28	1839	957	0
11256	28	2737	957	0
7669	28	661	957	0
15877	28	1895	957	0
76930	28	1176	957	0
29055	28	1760	957	0
12733	28	1544	957	0
85104	28	7859	957	0
7106	28	117	957	0
44828	28	3222	957	0
77023	28	715	957	0
29187	28	252	957	0
29106	28	570	957	0
16458	28	596	957	0
6281	28	1500	957	0
39250	28	795	957	0
22072	28	120	957	0
118597	23	137150	957	0
137150	23	118597	957	0
12928	28	1763	957	0
33715	28	919	957	0
14523	28	570	957	0
43021	28	620	957	0
14045	23	76653	957	0
45597	28	394	957	0
7676	28	272	957	0
14696	28	992	957	0
112620	28	39378	957	0
49174	28	3949	957	0
39434	28	3061	957	0
14521	28	14	957	0
43374	28	2955	957	0
14707	28	1162	957	0
53019	28	1262	957	0
72616	28	2901	957	0
89502	28	2853	957	0
47500	28	6822	957	0
96803	28	1504	957	0
19182	28	1397	957	0
137572	28	5733	957	0
13232	28	178	957	0
53311	28	499	957	0
22394	28	1266	957	0
25686	28	244	957	0
60612	28	272	957	0
19434	28	1404	957	0
51989	28	795	957	0
7337	28	2910	957	0
101147	28	57985	957	0
17014	28	1507	957	0
34524	28	1608	957	0
103493	28	48	957	0
26069	28	339	957	0
89762	28	1497	957	0
67205	28	1932	957	0
11878	28	594	957	0
5529	28	2639	957	0
30236	28	714	957	0
19708	28	1328	957	0
5421	28	19743	957	0
17109	28	3977	957	0
26037	28	1134	957	0
11869	28	238	957	0
43502	28	931	957	0
41574	28	5262	957	0
8015	28	842	957	0
58107	28	1984	957	0
29268	28	934	957	0
9656	28	110	957	0
39038	28	72060	957	0
9661	28	178	957	0
17321	28	1455	957	0
82354	28	3176	957	0
71451	28	574	957	0
37485	14	37414	957	0
57068	28	114	957	0
30441	28	7391	957	0
8021	28	951	957	0
84477	28	1098	957	0
24957	16	448	957	0
98114	28	6124	957	0
30482	28	2386	957	0
102841	28	4033	957	0
23053	28	24	957	0
23070	28	277	957	0
11813	28	2066	957	0
10351	28	19	957	0
58257	28	2414	957	0
21624	28	418	957	0
54331	28	968	957	0
30634	28	1360	957	0
30112	28	78116	957	0
6112	28	388	957	0
4289	28	907	957	0
84377	28	20722	957	0
46510	28	1067	957	0
40870	28	69	957	0
8104	28	405	957	0
90355	14	2431	957	0
31699	14	2995	957	0
13681	28	626	957	0
84342	28	869	957	0
37693	28	241	957	0
4397	28	1715	957	0
32684	28	674	957	0
22798	28	1088	957	0
29158	28	39224	957	0
9740	28	238	957	0
100997	14	20071	957	0
83947	28	2870	957	0
161502	14	308	957	0
14515	28	1074	957	0
78500	14	6305	957	0
31185	28	708	957	0
45014	28	86	957	0
17754	28	346	957	0
90722	28	2677	957	0
90750	28	976	957	0
13477	28	7391	957	0
10145	28	77	957	0
13360	28	459	957	0
67842	14	2911	957	0
36191	28	1083	957	0
7820	28	31	957	0
6640	28	80	957	0
64582	28	410	957	0
78724	28	238	957	0
19097	28	1088	957	0
48354	28	333	957	0
48198	28	1193	957	0
13823	28	266	957	0
11363	28	227	957	0
44805	28	973	957	0
31644	28	3437	957	0
58682	28	37858	957	0
34112	28	672	957	0
17333	28	3323	957	0
13231	28	188	957	0
105239	14	67917	957	0
78894	28	674	957	0
65003	28	596	957	0
42157	28	3405	957	0
75105	28	19934	957	0
98266	28	1132	957	0
29209	28	327	957	0
14253	28	815	957	0
26521	28	1477	957	0
36607	28	2592	957	0
8727	28	6369	957	0
17984	28	1944	957	0
68202	28	922	957	0
91348	28	22685	957	0
46832	28	591	957	0
11396	28	181	957	0
65338	28	68	957	0
16821	28	570	957	0
55406	28	37858	957	0
65216	28	23416	957	0
91454	28	574	957	0
7490	28	295	957	0
22232	28	303	957	0
5902	28	186	957	0
121708	14	83982	957	0
105065	28	2853	957	0
18664	28	14622	957	0
41810	28	1601	957	0
19523	28	478	957	0
20939	28	311	957	0
12039	28	1100	957	0
27819	28	557	957	0
18637	28	1408	957	0
116845	28	214	957	0
26823	28	1738	957	0
76617	14	88883	957	0
29157	28	8602	957	0
52078	28	1956	957	0
25232	28	413	957	0
64447	28	14061	957	0
31362	28	869	957	0
19025	28	203	957	0
20879	28	33	957	0
45282	28	1671	957	0
55570	28	135969	957	0
76760	14	2792	957	0
31139	28	1085	957	0
22321	28	713	957	0
39089	28	10760	957	0
42730	28	818	957	0
22599	28	83	957	0
35380	28	464	957	0
106107	28	2011	957	0
82910	28	1135	957	0
14999	28	1016	957	0
91909	28	7410	957	0
2919	28	66	957	0
54393	28	605	957	0
32186	28	681	957	0
90100	28	1545	957	0
78367	28	749	957	0
8371	28	259	957	0
73919	28	1028	957	0
13056	28	2325	957	0
28047	28	1028	957	0
9133	28	4189	957	0
43004	28	968	957	0
97939	28	848	957	0
19335	28	594	957	0
67813	28	14358	957	0
37746	28	2151	957	0
24762	28	510	957	0
39538	28	1500	957	0
18273	28	404	957	0
74299	28	1354	957	0
58998	14	3741	957	0
52033	28	1467	957	0
66459	28	323	957	0
11976	28	609	957	0
8743	28	598	957	0
7322	28	357	957	0
79731	28	2271	957	0
102759	28	19451	957	0
66005	28	7224	957	0
19521	28	454	957	0
90852	28	464	957	0
16173	28	713	957	0
79798	28	5765	957	0
14883	28	155	957	0
7842	28	620	957	0
75091	28	1497	957	0
68787	28	1245	957	0
4414	28	1642	957	0
38053	28	339	957	0
92354	28	184	957	0
38054	28	32440	957	0
35906	28	95	957	0
104398	28	119	957	0
67306	28	573	957	0
53797	28	1898	957	0
55537	28	68	957	0
97000	28	307	957	0
7106	28	92	957	0
12116	28	3642	957	0
17827	28	1379	957	0
16945	28	149	957	0
6699	28	154	957	0
9456	28	191	957	0
59097	28	134	957	0
72165	28	20303	957	0
56423	28	998	957	0
15391	28	119	957	0
45658	28	841	957	0
39325	28	634	957	0
68221	28	2735	957	0
17366	28	2910	957	0
68991	28	4458	957	0
65922	28	3177	957	0
74831	28	1169	957	0
48305	28	657	957	0
61935	28	1016	957	0
31419	28	526	957	0
9799	28	29	957	0
7160	28	12373	957	0
58260	28	4998	957	0
6641	28	63	957	0
103554	14	123626	957	0
44198	28	673	957	0
44186	28	3325	957	0
15801	28	366	957	0
44103	28	1649	957	0
6794	28	2503	957	0
12354	28	158	957	0
39330	28	1725	957	0
29152	28	3113	957	0
33433	28	956	957	0
58888	14	3795	957	0
14838	28	3564	957	0
16780	28	73	957	0
46590	28	1455	957	0
80369	23	114088	957	0
18461	28	11378	957	0
12353	28	69	957	0
25316	28	413	957	0
16046	28	388	957	0
62734	28	2621	957	0
17754	28	195	957	0
7599	28	586	957	0
21414	28	2035	957	0
11079	28	120	957	0
29393	28	1162	957	0
57745	14	3089	957	0
21234	28	386	957	0
69308	28	605	957	0
93117	28	3720	957	0
8001	28	1158	957	0
93141	28	165	957	0
33834	28	459	957	0
9305	28	19966	957	0
10660	28	620	957	0
7362	28	972	957	0
56169	28	1163	957	0
9192	28	548	957	0
41311	28	712	957	0
15602	28	653	957	0
20446	28	4588	957	0
34515	28	1822	957	0
8063	28	787	957	0
80552	28	16162	957	0
137936	28	26039	957	0
21456	28	433	957	0
19409	28	109	957	0
8834	28	815	957	0
29548	28	1336	957	0
49376	28	370	957	0
8047	28	177	957	0
10271	28	715	957	0
93342	28	42153	957	0
48792	28	2178	957	0
24613	28	107	957	0
11283	28	1306	957	0
51504	28	470	957	0
42292	28	2095	957	0
68180	28	217	957	0
5294	28	31	957	0
107479	28	1083	957	0
13764	28	186	957	0
42210	28	593	957	0
37314	28	754	957	0
14807	28	1340	957	0
103475	28	427	957	0
59814	28	19370	957	0
26354	28	27	957	0
41395	28	1944	957	0
48736	28	4868	957	0
10149	28	2386	957	0
8808	28	401	957	0
121215	28	649	957	0
58835	28	713	957	0
31800	28	147	957	0
46318	28	2215	957	0
59879	28	4078	957	0
32795	28	9210	957	0
14449	28	2910	957	0
69632	28	2774	957	0
43920	28	963	957	0
21859	28	6124	957	0
58903	28	166	957	0
54004	28	2870	957	0
8703	28	905	957	0
11224	28	135	957	0
144483	28	1632	957	0
85633	28	1041	957	0
87962	28	427	957	0
9999	28	357	957	0
5910	28	88	957	0
9754	28	1311	957	0
86967	28	4259	957	0
16075	28	3681	957	0
6428	28	70	957	0
9887	28	48	957	0
79440	28	1446	957	0
13392	28	739	957	0
12679	28	1370	957	0
10506	28	1258	957	0
12604	28	899	957	0
16819	28	203	957	0
13347	28	1497	957	0
31740	28	514	957	0
81119	28	919	957	0
6958	28	105	957	0
16918	28	100	957	0
45648	28	1508	957	0
56528	28	106	957	0
59949	28	22727	957	0
9054	28	1091	957	0
14194	28	149	957	0
27259	28	523	957	0
61114	14	4086	957	0
15856	28	615	957	0
10661	28	58	957	0
19736	28	1830	957	0
14769	28	265	957	0
42582	28	662	957	0
16671	28	327	957	0
9043	28	177	957	0
17137	28	925	957	0
5838	28	105	957	0
58939	28	750	957	0
81237	28	4003	957	0
25428	28	358	957	0
53373	28	1251	957	0
21533	28	3269	957	0
64091	28	964	957	0
85930	28	65	957	0
26756	28	257	957	0
35090	28	1684	957	0
88132	28	800	957	0
14139	28	188	957	0
35045	28	907	957	0
78254	28	1025	957	0
55624	28	2660	957	0
60155	28	85	957	0
37980	28	574	957	0
4077	28	907	957	0
5421	28	893	957	0
17394	28	28	957	0
9738	28	150	957	0
109250	14	8497	957	0
28613	28	3135	957	0
19509	28	1772	957	0
34605	28	6113	957	0
25133	28	552	957	0
29232	28	998	957	0
26674	28	6124	957	0
34229	28	106	957	0
67333	28	1944	957	0
31878	28	3449	957	0
11581	28	2226	957	0
22400	28	4189	957	0
10073	28	235	957	0
9722	28	135	957	0
21110	28	815	957	0
10340	28	38	957	0
30036	28	1309	957	0
33545	28	1583	957	0
21445	28	5527	957	0
5127	28	9909	957	0
30252	28	2624	957	0
6872	28	31	957	0
69984	28	14109	957	0
13106	28	134	957	0
83909	14	3111	957	0
12678	28	1202	957	0
31850	28	1356	957	0
17998	28	244	957	0
25158	28	1074	957	0
65409	28	1135	957	0
17682	28	493	957	0
48964	28	276	957	0
5529	28	465	957	0
112770	28	924	957	0
59828	28	16805	957	0
67788	28	20303	957	0
38682	28	2840	957	0
19733	28	402	957	0
4598	28	1071	957	0
27664	28	1048	957	0
32915	28	669	957	0
49034	14	86351	957	0
59797	28	2411	957	0
36750	28	28563	957	0
26694	14	2368	957	0
5382	28	1993	957	0
13782	28	20303	957	0
58795	28	9582	957	0
65146	28	126	957	0
89796	28	574	957	0
23509	28	394	957	0
13633	28	178	957	0
15632	28	829	957	0
24052	28	184	957	0
5452	28	81	957	0
58416	28	2776	957	0
13631	28	794	957	0
26354	28	65	957	0
2919	28	73	957	0
75164	28	22983	957	0
107189	28	261	957	0
25156	28	523	957	0
8369	28	904	957	0
32063	28	462	957	0
8233	28	211	957	0
5806	28	1254	957	0
37214	28	1273	957	0
93069	28	415	957	0
14409	28	310	957	0
85076	28	976	957	0
9809	28	903	957	0
30038	28	2442	957	0
27476	28	850	957	0
57187	28	511	957	0
53886	28	622	957	0
40288	28	42	957	0
7820	28	815	957	0
7986	28	92	957	0
5118	28	120	957	0
13233	28	428	957	0
147031	23	60671	957	0
60671	23	147031	957	0
84908	28	629	957	0
7515	28	1590	957	0
109967	28	713	957	0
55989	28	8490	957	0
94782	28	694	957	0
11995	28	713	957	0
12221	28	2703	957	0
56536	28	2503	957	0
15877	28	1557	957	0
12479	28	1163	957	0
8448	28	109	957	0
3831	28	478	957	0
38311	28	119	957	0
94304	28	2271	957	0
46694	28	3574	957	0
9256	28	564	957	0
15178	28	178	957	0
7800	28	180	957	0
19609	28	61	957	0
24062	28	109	957	0
23447	28	2310	957	0
19048	28	351	957	0
110125	14	4314	957	0
7404	28	211	957	0
45428	28	36916	957	0
29503	28	427	957	0
78581	14	56792	957	0
6206	28	806	957	0
29354	28	1671	957	0
7851	28	1830	957	0
30268	28	2977	957	0
25667	28	1715	957	0
59490	28	3627	957	0
99330	28	1896	957	0
6941	28	122	957	0
88630	28	283	957	0
40182	28	1289	957	0
69232	28	83	957	0
51356	28	13847	957	0
103062	28	14061	957	0
30960	28	2271	957	0
5324	28	815	957	0
12204	28	528	957	0
31863	28	192	957	0
18390	28	34	957	0
11601	28	490	957	0
8794	28	92	957	0
46042	28	871	957	0
54905	28	1083	957	0
33465	28	396	957	0
5127	28	1995	957	0
127902	28	595	957	0
5216	28	465	957	0
61122	28	56782	957	0
38112	28	176	957	0
20955	28	594	957	0
57615	28	126030	957	0
84706	28	632	957	0
21418	28	2151	957	0
11772	28	2035	957	0
77792	14	170640	957	0
44539	28	1944	957	0
35587	28	354	957	0
20594	28	713	957	0
66296	28	1758	957	0
9381	28	57	957	0
21489	28	119	957	0
19562	14	69057	957	0
8125	28	4337	957	0
102485	28	4549	957	0
12629	28	848	957	0
36480	28	1690	957	0
15597	28	449	957	0
42798	28	502	957	0
64056	28	2059	957	0
4350	28	298	957	0
23280	28	1642	957	0
50545	16	18361	957	0
9869	28	401	957	0
44036	28	1085	957	0
8794	28	107	957	0
81157	28	690	957	0
109162	28	18706	957	0
27006	28	1270	957	0
37427	28	410	957	0
22205	28	30	957	0
8183	28	23	957	0
36954	28	1320	957	0
25884	28	881	957	0
15841	28	416	957	0
19757	28	174	957	0
7018	28	2938	957	0
79283	28	1098	957	0
36507	28	869	957	0
10300	28	1048	957	0
33235	28	1325	957	0
59552	28	1813	957	0
65693	28	76	957	0
13024	28	960	957	0
105050	28	32808	957	0
20875	28	1560	957	0
5274	28	166	957	0
12386	28	390	957	0
12607	28	502	957	0
31067	28	1160	957	0
29432	14	17928	957	0
6464	28	594	957	0
10063	28	936	957	0
24754	28	2172	957	0
107599	28	1076	957	0
14588	28	3456	957	0
10194	28	178	957	0
30236	28	723	957	0
33237	28	310	957	0
41853	28	20	957	0
37352	28	1679	957	0
90722	28	1389	957	0
14141	28	603	957	0
49917	28	2503	957	0
60025	28	835	957	0
81498	28	2870	957	0
16256	28	9147	957	0
13708	28	123	957	0
18969	28	1286	957	0
25437	28	720	957	0
10659	28	1995	957	0
61484	14	308	957	0
29736	14	943	957	0
11391	28	4033	957	0
57738	28	2395	957	0
8912	28	537	957	0
2919	28	1408	957	0
8212	28	1978	957	0
10804	28	2122	957	0
52904	28	54015	957	0
83860	28	889	957	0
57180	28	454	957	0
149466	28	4458	957	0
8582	28	1104	957	0
6995	28	478	957	0
49275	28	1568	957	0
50270	28	69	957	0
52004	28	120	957	0
8660	28	139	957	0
100914	28	739	957	0
61566	14	19633	957	0
17863	28	596	957	0
94692	14	444	957	0
38100	28	520	957	0
24364	28	107	957	0
10251	28	360	957	0
68086	16	3813	957	0
8932	28	4613	957	0
49648	28	462	957	0
29057	28	5440	957	0
51626	28	6124	957	0
5878	28	2593	957	0
24477	28	3524	957	0
7929	28	27	957	0
18904	28	165	957	0
31717	28	565	957	0
15710	28	213	957	0
44689	28	2840	957	0
67671	14	26070	957	0
40816	28	73	957	0
7378	28	19	957	0
6583	28	82	957	0
9858	28	5973	957	0
91590	28	37858	957	0
70883	28	11150	957	0
28474	28	1043	957	0
89898	23	109968	957	0
11177	28	449	957	0
7378	28	38	957	0
22870	28	1809	957	0
41638	14	3721	957	0
73179	28	153	957	0
8754	28	2159	957	0
8580	28	411	957	0
74531	14	39030	957	0
67886	28	7224	957	0
10636	28	4094	957	0
60639	28	54015	957	0
69540	28	2872	957	0
24416	28	411	957	0
79794	28	583	957	0
61846	28	415	957	0
65710	28	2386	957	0
33191	28	3994	957	0
68699	28	427	957	0
32215	28	1513	957	0
114426	23	102451	957	0
23124	28	31	957	0
10954	28	250	957	0
8743	28	533	957	0
28779	14	1445	957	0
65521	28	160	957	0
63500	28	34	957	0
41947	28	1041	957	0
74165	28	23789	957	0
62689	28	1169	957	0
34270	28	2785	957	0
25382	28	401	957	0
25875	28	37	957	0
11362	28	39	957	0
37519	14	3057	957	0
20348	28	720	957	0
24468	28	4316	957	0
11464	28	485	957	0
50096	28	25075	957	0
78708	28	6124	957	0
10553	28	529	957	0
11920	28	808	957	0
23529	28	2929	957	0
34337	28	678	957	0
4732	28	1514	957	0
47955	28	904	957	0
75207	28	8602	957	0
6855	28	2035	957	0
10689	28	478	957	0
150898	28	531	957	0
24663	28	8449	957	0
31517	28	1944	957	0
21003	28	160	957	0
10112	28	478	957	0
12248	28	1000	957	0
63235	28	216	957	0
17995	28	450	957	0
51193	28	1814	957	0
51691	28	294	957	0
64472	28	1004	957	0
58073	28	871	957	0
11635	28	358	957	0
17464	28	594	957	0
6347	28	8449	957	0
49262	28	1738	957	0
28707	28	649	957	0
6844	28	58	957	0
22179	28	690	957	0
7259	28	31	957	0
29995	28	2011	957	0
7198	28	626	957	0
19162	28	930	957	0
17394	28	105	957	0
12519	28	960	957	0
6116	28	494	957	0
38144	28	1178	957	0
28782	28	217	957	0
11910	28	142	957	0
14026	28	2884	957	0
175082	14	8497	957	0
5620	28	181	957	0
63116	28	749	957	0
33231	28	1932	957	0
75293	14	308	957	0
51872	28	165	957	0
59552	28	528	957	0
40682	28	451	957	0
21152	28	293	957	0
75358	28	739	957	0
43615	28	2768	957	0
7668	28	2416	957	0
18511	28	2288	957	0
53311	28	916	957	0
35345	28	38	957	0
80202	14	110596	957	0
70069	28	1346	957	0
19234	28	131	957	0
12952	28	2100	957	0
7038	28	5800	957	0
38476	28	957	957	0
17979	28	871	957	0
22609	28	1078	957	0
48278	28	241	957	0
14852	28	404	957	0
59552	28	1122	957	0
5936	28	31	957	0
33533	28	16704	957	0
60880	28	3058	957	0
60025	28	1206	957	0
19870	28	526	957	0
33169	28	2330	957	0
117655	14	59992	957	0
5965	28	626	957	0
14429	28	485	957	0
29300	28	1093	957	0
106454	28	1703	957	0
128527	28	4458	957	0
10675	28	732	957	0
17140	28	860	957	0
13664	28	2422	957	0
12957	28	4092	957	0
32220	28	13706	957	0
89804	28	828	957	0
12721	28	88	957	0
6554	28	780	957	0
6776	28	139	957	0
38603	28	1499	957	0
30421	28	603	957	0
12538	28	29	957	0
41853	28	3974	957	0
9331	28	288	957	0
21083	28	1096	957	0
7929	28	236	957	0
26791	28	570	957	0
16920	28	2970	957	0
33079	28	499	957	0
5076	28	1738	957	0
70730	28	1033	957	0
10333	28	1512	957	0
12758	28	1264	957	0
42292	28	2623	957	0
68813	28	1201	957	0
9010	28	6536	957	0
36193	28	1976	957	0
39021	28	283	957	0
42472	28	332	957	0
7596	28	160	957	0
9177	28	339	957	0
30997	28	2162	957	0
14428	28	1507	957	0
43999	28	2544	957	0
12011	28	1041	957	0
25395	28	1266	957	0
9722	28	603	957	0
13432	28	165	957	0
70545	28	37858	957	0
96668	28	224	957	0
10740	28	202	957	0
20424	28	211	957	0
36705	28	3323	957	0
92880	28	14061	957	0
24644	28	2774	957	0
6607	28	1230	957	0
35432	28	6367	957	0
39038	28	13168	957	0
16300	28	54	957	0
17920	28	239	957	0
7777	28	1971	957	0
12811	28	574	957	0
29572	28	614	957	0
21028	28	282	957	0
63081	28	3308	957	0
38881	28	1455	957	0
16532	28	594	957	0
13099	28	4098	957	0
34337	28	8706	957	0
49832	28	668	957	0
5804	28	105	957	0
8212	28	1275	957	0
20758	28	2774	957	0
110239	28	14358	957	0
56829	28	14061	957	0
74484	28	1161	957	0
47788	28	55864	957	0
33259	28	10472	957	0
6189	28	265	957	0
6322	28	811	957	0
55449	28	1581	957	0
35918	28	959	957	0
8834	28	38	957	0
41856	28	9509	957	0
76242	28	1907	957	0
10293	28	1775	957	0
51964	28	26283	957	0
13444	28	167	957	0
28687	28	152	957	0
22089	28	3836	957	0
48681	28	4682	957	0
82011	28	2100	957	0
59035	28	1943	957	0
46436	28	5713	957	0
13752	28	889	957	0
123838	28	536	957	0
28742	28	805	957	0
42165	28	7534	957	0
63993	28	885	957	0
98634	28	483	957	0
8289	28	3593	957	0
111119	28	7284	957	0
8755	28	800	957	0
8959	28	410	957	0
97720	14	444	957	0
43272	28	640	957	0
89279	23	91542	957	0
130389	28	3061	957	0
12347	28	489	957	0
14992	28	450	957	0
35145	28	234	957	0
51073	28	407	957	0
19248	28	3765	957	0
22588	28	50	957	0
12406	28	622	957	0
14495	28	46	957	0
69892	28	3182	957	0
43374	28	528	957	0
51151	14	3501	957	0
9205	28	38	957	0
53311	28	400	957	0
9818	28	1559	957	0
12829	14	37414	957	0
6532	28	88	957	0
12053	28	1590	957	0
5838	28	166	957	0
15423	28	1259	957	0
15883	28	1557	957	0
103120	14	13416	957	0
111317	28	7897	957	0
24105	28	8490	957	0
6187	28	2226	957	0
94047	28	410	957	0
6607	28	1524	957	0
12303	28	2027	957	0
5332	28	548	957	0
16544	28	257	957	0
14196	28	3642	957	0
77878	28	2686	957	0
5781	28	46	957	0
4907	23	85751	957	0
85751	23	4907	957	0
29426	28	1408	957	0
6245	28	4868	957	0
5367	28	31	957	0
9769	28	317	957	0
93899	28	20722	957	0
81291	28	397	957	0
18423	28	2534	957	0
17011	28	919	957	0
74691	28	1879	957	0
39102	28	281	957	0
13149	28	573	957	0
94694	28	1320	957	0
17841	28	77	957	0
8254	28	394	957	0
13227	28	26039	957	0
4981	28	188	957	0
6872	28	528	957	0
97294	28	16162	957	0
70362	28	1651	957	0
78433	28	20722	957	0
15690	28	199	957	0
16026	28	559	957	0
178678	14	6882	957	0
23036	28	1478	957	0
52926	14	15388	957	0
39208	28	653	957	0
12197	28	1455	957	0
37714	28	427	957	0
11004	28	815	957	0
14999	28	1118	957	0
50940	28	5363	957	0
32459	28	68	957	0
9981	28	2483	957	0
130567	28	1041	957	0
59346	28	268	957	0
48112	28	2870	957	0
21545	28	643	957	0
24931	28	2003	957	0
7075	28	274	957	0
44502	28	2185	957	0
21928	28	470	957	0
82149	28	1703	957	0
99055	28	622	957	0
56884	28	2503	957	0
16751	28	1715	957	0
72191	28	1668	957	0
7416	28	416	957	0
73716	23	153590	957	0
153590	23	73716	957	0
87243	14	114735	957	0
3874	28	74	957	0
60609	28	532	957	0
8611	28	630	957	0
67006	28	570	957	0
15765	28	2910	957	0
84499	28	1794	957	0
8016	28	27456	957	0
15897	28	2283	957	0
56503	28	3061	957	0
46042	28	451	957	0
5291	28	1070	957	0
12606	28	80	957	0
36639	28	2829	957	0
9325	28	1056	957	0
38286	28	739	957	0
74727	28	3081	957	0
125830	28	2774	957	0
29975	28	431	957	0
45395	28	281	957	0
27028	28	1526	957	0
80348	28	537	957	0
51734	28	1000	957	0
65242	28	3819	957	0
9633	28	2415	957	0
8628	28	2975	957	0
13291	28	364	957	0
30399	28	1260	957	0
23335	14	3622	957	0
106218	28	1541	957	0
11306	28	6741	957	0
60075	28	668	957	0
8127	28	506	957	0
22203	28	626	957	0
78064	28	781	957	0
29196	28	2140	957	0
91891	28	1874	957	0
24002	28	795	957	0
44333	28	1379	957	0
12239	28	828	957	0
65247	28	13515	957	0
8399	28	1987	957	0
26258	28	152	957	0
40044	28	622	957	0
91753	28	869	957	0
66212	28	5378	957	0
94047	28	914	957	0
5695	28	345	957	0
74933	28	37858	957	0
11899	28	2875	957	0
31012	1	19723	957	0
28495	28	618	957	0
8369	28	1407	957	0
10562	28	85	957	0
5838	28	1071	957	0
88558	28	37868	957	0
98597	14	7210	957	0
45570	28	428	957	0
15449	28	647	957	0
34255	28	281	957	0
9600	28	701	957	0
60155	28	39	957	0
11167	28	826	957	0
4996	28	815	957	0
41298	28	1085	957	0
23314	28	14358	957	0
17159	28	4201	957	0
5884	28	78	957	0
19437	28	1096	957	0
58944	28	5508	957	0
29729	28	1055	957	0
12037	28	594	957	0
61542	28	333	957	0
18831	28	1684	957	0
7626	28	605	957	0
180683	28	706	957	0
24676	28	184	957	0
26481	28	123	957	0
17151	28	13705	957	0
15914	28	1218	957	0
8916	28	2095	957	0
17513	28	1307	957	0
7276	28	31	957	0
59549	28	1096	957	0
47856	28	850	957	0
154269	28	1795	957	0
61352	28	37858	957	0
17827	28	1174	957	0
18188	28	23	957	0
27026	28	1311	957	0
58890	28	537	957	0
28779	14	5305	957	0
31352	28	668	957	0
28594	28	1333	957	0
12277	28	475	957	0
14791	28	23582	957	0
65249	28	2150	957	0
13226	28	630	957	0
94395	28	3213	957	0
37420	28	143	957	0
13028	28	2288	957	0
47998	28	1403	957	0
84895	28	937	957	0
5623	28	528	957	0
7328	28	28	957	0
24466	28	537	957	0
4535	28	1695	957	0
13550	28	903	957	0
24688	28	463	957	0
7983	28	1476	957	0
7820	28	85	957	0
25731	28	1169	957	0
39852	28	7206	957	0
80730	28	2876	957	0
62149	28	14061	957	0
12768	28	486	957	0
14766	28	4525	957	0
6776	28	81	957	0
54573	28	2748	957	0
10310	28	1633	957	0
14552	28	150	957	0
12267	28	175	957	0
14733	28	422	957	0
26680	28	2972	957	0
86552	28	1346	957	0
6514	28	184	957	0
57008	28	640	957	0
31939	28	574	957	0
5433	28	39	957	0
17507	28	1330	957	0
84561	28	1542	957	0
65019	28	3437	957	0
86982	28	574	957	0
102454	28	471	957	0
15700	28	464	957	0
7462	28	185	957	0
31924	28	526	957	0
18445	28	526	957	0
9999	28	641	957	0
39793	28	3811	957	0
16314	28	815	957	0
8224	28	131	957	0
6324	28	1161	957	0
81661	14	2792	957	0
7079	28	474	957	0
18571	28	649	957	0
10020	28	1016	957	0
5777	28	17084	957	0
12381	28	294	957	0
61166	28	1542	957	0
110431	28	333	957	0
11780	28	518	957	0
10396	28	1046	957	0
20283	28	5800	957	0
30973	28	1135	957	0
6408	28	2140	957	0
68733	28	13881	957	0
93561	14	112059	957	0
12752	28	1397	957	0
39903	28	555	957	0
59142	14	32634	957	0
20041	28	450	957	0
69738	28	37858	957	0
5822	28	8415	957	0
17147	28	1990	957	0
26804	28	796	957	0
39994	28	227	957	0
36879	28	971	957	0
26757	28	2205	957	0
44584	28	635	957	0
12138	28	89	957	0
27082	28	680	957	0
62955	28	653	957	0
42094	28	37	957	0
28850	28	13515	957	0
6074	28	493	957	0
62024	28	119	957	0
70945	28	904	957	0
24959	28	453	957	0
24330	28	970	957	0
11709	28	494	957	0
63214	14	2417	957	0
34079	28	1629	957	0
47821	28	1028	957	0
22520	28	786	957	0
8983	28	396	957	0
8541	23	111640	957	0
78139	28	3564	957	0
183312	14	9461	957	0
8482	28	107	957	0
61467	28	5713	957	0
29804	28	22	957	0
54648	28	4033	957	0
7850	28	86	957	0
7219	28	551	957	0
94387	28	2271	957	0
26655	28	416	957	0
24163	28	505	957	0
16281	28	221	957	0
51704	28	28128	957	0
105291	28	524	957	0
35697	28	3173	957	0
6903	28	3195	957	0
15036	28	1507	957	0
78066	14	3377	957	0
12110	28	1177	957	0
15825	28	1764	957	0
52769	28	2488	957	0
23984	28	364	957	0
11010	28	4947	957	0
20764	28	119	957	0
51669	28	3901	957	0
15694	28	494	957	0
17540	28	889	957	0
81853	28	2027	957	0
6463	28	2035	957	0
14693	28	2288	957	0
4901	28	404	957	0
90219	28	20722	957	0
47605	28	415	957	0
104692	14	1706	957	0
75091	28	2151	957	0
22622	28	348	957	0
82095	28	2218	957	0
32877	28	2977	957	0
41420	28	499	957	0
13539	28	1745	957	0
43231	28	1360	957	0
12485	28	843	957	0
18400	28	304	957	0
28013	28	24	957	0
76876	28	7224	957	0
24044	28	795	957	0
38479	28	230	957	0
10755	28	1392	957	0
12887	28	1597	957	0
22334	28	91	957	0
12547	28	1841	957	0
28090	14	47607	957	0
28838	28	19408	957	0
44415	28	1841	957	0
57615	28	4195	957	0
93991	28	427	957	0
67705	28	2957	957	0
22346	28	518	957	0
65375	28	2677	957	0
17241	28	1613	957	0
12057	28	1169	957	0
48473	14	3721	957	0
86329	28	1283	957	0
8756	28	1690	957	0
48744	28	1132	957	0
32684	28	1190	957	0
9050	28	2880	957	0
6554	28	2226	957	0
27202	28	446	957	0
39596	28	1788	957	0
7875	28	80	957	0
24402	28	694	957	0
33078	28	92	957	0
16913	28	937	957	0
35839	28	11985	957	0
12481	28	2416	957	0
86967	28	490	957	0
16849	28	29	957	0
7510	28	23	957	0
16930	28	622	957	0
60337	28	1691	957	0
63828	28	2207	957	0
81803	28	2151	957	0
8708	28	4437	957	0
45841	28	37858	957	0
7616	28	1013	957	0
49406	14	308	957	0
6324	28	277	957	0
21527	28	675	957	0
155257	14	5693	957	0
20003	28	199	957	0
18188	28	46	957	0
73567	28	1346	957	0
28923	28	2150	957	0
9688	28	241	957	0
43374	28	445	957	0
63618	28	574	957	0
11775	28	1066	957	0
89834	28	3465	957	0
15339	28	1010	957	0
82149	28	1346	957	0
21321	28	453	957	0
8290	28	227	957	0
71176	28	2185	957	0
7045	28	117	957	0
26953	28	3345	957	0
44820	28	1085	957	0
18495	28	370	957	0
87660	28	4255	957	0
108237	28	527	957	0
5950	28	786	957	0
37386	28	192	957	0
20212	28	1455	957	0
21663	23	123825	957	0
123825	23	21663	957	0
23736	28	88	957	0
42797	28	1289	957	0
49105	28	123	957	0
15850	28	298	957	0
18562	28	217	957	0
108370	14	86843	957	0
7722	28	20303	957	0
12167	28	649	957	0
36049	28	1956	957	0
28800	28	1289	957	0
31331	28	1607	957	0
59905	14	36093	957	0
5125	28	63	957	0
57753	28	1022	957	0
6562	28	2737	957	0
8168	28	31	957	0
5450	28	1100	957	0
28068	28	691	957	0
80548	28	1016	957	0
36734	28	419	957	0
70767	28	1423	957	0
9513	28	1232	957	0
22023	28	5177	957	0
53007	28	22347	957	0
21062	28	507	957	0
92019	28	930	957	0
74480	28	4137	957	0
6603	28	88	957	0
16281	28	89	957	0
49958	28	318	957	0
9208	28	408	957	0
16289	28	1560	957	0
10642	28	177	957	0
6910	28	647	957	0
70226	14	29259	957	0
125090	28	5733	957	0
57187	28	2548	957	0
41483	28	2371	957	0
32395	28	992	957	0
69473	28	1462	957	0
79623	28	523	957	0
21458	28	1993	957	0
32313	28	6555	957	0
7937	28	290	957	0
14883	28	669	957	0
4732	28	1738	957	0
57456	28	7391	957	0
28120	28	244	957	0
45859	28	36628	957	0
20461	28	267	957	0
21533	28	528	957	0
12876	28	574	957	0
70396	28	857	957	0
70624	28	3946	957	0
56602	28	583	957	0
49649	28	616	957	0
6340	28	360	957	0
8121	28	795	957	0
7457	28	1134	957	0
30727	28	486	957	0
90614	28	1316	957	0
12239	28	642	957	0
12702	28	1021	957	0
85219	28	4003	957	0
5958	28	2085	957	0
61119	28	14358	957	0
5554	28	525	957	0
54943	28	118	957	0
79731	28	1497	957	0
24044	28	583	957	0
12626	28	630	957	0
15329	28	161	957	0
36212	28	1085	957	0
73194	28	141	957	0
57585	28	4345	957	0
22230	28	1000	957	0
94122	1	186930	957	0
19619	28	893	957	0
84985	28	1059	957	0
12829	14	3483	957	0
98535	28	4868	957	0
9311	28	107	957	0
72904	28	244	957	0
17008	28	893	957	0
88694	28	454	957	0
66306	28	574	957	0
83581	28	25837	957	0
12284	28	58	957	0
24512	28	169	957	0
19986	28	4033	957	0
13752	28	165	957	0
35601	28	57	957	0
67319	28	4345	957	0
48309	28	1015	957	0
35160	28	995	957	0
11387	28	2907	957	0
15192	28	431	957	0
37885	28	919	957	0
27114	28	2456	957	0
56919	28	37858	957	0
35868	28	462	957	0
16075	28	2289	957	0
122262	16	4105	957	0
14185	28	11378	957	0
16654	28	634	957	0
24486	28	489	957	0
74624	14	3055	957	0
52105	14	9093	957	0
20039	28	617	957	0
82200	14	3055	957	0
7219	28	120	957	0
8314	28	100	957	0
62248	28	5711	957	0
21567	28	640	957	0
26370	28	528	957	0
78742	28	4831	957	0
5244	28	1367	957	0
62955	28	1895	957	0
78725	28	830	957	0
28882	28	1414	957	0
8047	28	65	957	0
42619	28	1270	957	0
26667	28	179	957	0
38308	28	267	957	0
77626	28	415	957	0
21666	28	175	957	0
14140	28	429	957	0
52796	28	431	957	0
15154	28	436	957	957
142625	28	811	957	957
28474	28	78	957	957
125863	28	386	957	957
14332	28	3760	957	957
25116	28	420	957	957
154495	28	379	957	957
24701	28	5173	957	958
12749	28	400	957	958
7114	28	64	957	958
28936	28	718	957	958
52057	28	527	957	958
7665	28	979	957	958
7668	28	3663	957	958
33465	28	3100	957	958
70814	28	1405	957	958
70817	28	29155	957	958
29178	28	647	957	958
29246	28	2348	957	958
6299	28	1641	957	958
5915	28	1736	957	958
25209	28	1968	957	958
19048	28	836	957	958
82989	28	303	957	958
61346	28	492	957	958
96522	28	411	957	958
19148	28	608	957	958
19150	28	1305	957	958
61454	28	754	957	958
45648	28	2035	957	958
12808	28	501	957	958
5244	28	252	957	958
11631	28	802	957	958
39591	28	808	957	958
14734	28	1054	957	958
9160	28	1307	957	958
22331	28	1112	957	958
9165	28	903	957	958
16796	28	1336	957	958
45873	28	3663	957	958
156178	28	682	957	958
12973	28	462	957	958
61848	28	2527	957	958
53222	28	6025	957	958
8374	28	1987	957	958
16984	28	3073	957	958
11526	28	2439	957	958
17008	28	577	957	958
7193	28	4057	957	958
30160	28	577	957	958
19183	28	3426	957	958
62383	28	1738	957	958
34074	28	291	957	958
53767	28	1607	957	958
40227	28	146	957	958
6244	28	31	957	958
72430	28	6010	957	958
5095	28	263	957	958
46495	28	968	957	958
5947	28	379	957	958
6457	28	416	957	958
29986	28	6880	957	958
84249	28	1012	957	958
19847	28	346	957	958
35008	28	1455	957	958
112761	28	427	957	958
22854	28	1336	957	958
30414	28	618	957	958
22882	28	1084	957	958
8753	28	815	957	958
40559	28	2649	957	958
6116	28	973	957	958
15213	28	295	957	958
26435	28	1245	957	958
62069	28	13515	957	958
26355	28	2205	957	958
25902	28	3995	957	958
13539	28	1363	957	958
6488	28	1119	957	958
34190	28	303	957	958
13170	28	77	957	958
35319	28	717	957	958
14221	28	1171	957	958
73169	28	1736	957	958
6701	28	10220	957	958
13593	28	529	957	958
5206	28	836	957	958
7451	28	1572	957	958
41042	28	329	957	958
20197	28	2142	957	958
16524	28	4868	957	958
63476	28	930	957	958
54750	28	1137	957	958
26763	28	4927	957	958
8084	28	493	957	958
47542	28	202	957	958
30896	28	1442	957	958
54972	28	30827	957	958
4839	28	79	957	958
82782	28	2105	957	958
17636	28	398	957	958
20379	28	503	957	958
14524	28	625	957	958
35813	28	428	957	958
8881	28	251	957	958
9702	28	575	957	958
17213	28	213	957	958
15562	28	33	957	958
44757	28	1467	957	958
15569	28	169	957	958
85815	28	621	957	958
18743	28	422	957	958
8029	28	447	957	958
64071	28	1984	957	958
13339	28	1060	957	958
9637	28	4233	957	958
13391	28	3960	957	958
74290	28	1296	957	958
47980	28	2956	957	958
19756	28	911	957	958
8203	28	3047	957	958
4030	28	147	957	958
23478	28	883	957	958
31486	28	353	957	958
5599	28	29	957	958
9441	28	32	957	958
8773	28	984	957	958
20594	28	462	957	958
6991	28	2065	957	958
27369	28	381	957	958
29572	28	1180	957	958
12338	28	1728	957	958
55896	28	694	957	958
8615	28	1830	957	958
11734	28	165	957	958
10606	28	811	957	958
13892	28	4203	957	958
73467	28	919	957	958
100233	28	4157	957	958
61312	28	1078	957	958
30774	28	2032	957	958
8224	28	377	957	958
36501	28	1430	957	958
12430	28	2050	957	958
7419	28	114	957	958
56076	28	2577	957	958
20521	28	632	957	958
86945	28	6894	957	958
6308	28	720	957	958
12458	28	1410	957	958
16646	28	2288	957	958
7017	28	141	957	958
31840	28	241	957	958
48821	28	1700	957	958
11654	28	8368	957	958
9869	28	344	957	958
53128	28	136	957	958
56360	28	539	957	958
15871	28	583	957	958
53301	28	4092	957	958
11323	28	431	957	958
7799	28	754	957	958
6583	28	1374	957	958
19834	28	383	957	958
17910	28	136	957	958
75560	28	4340	957	958
12511	28	2608	957	958
9968	28	1656	957	958
13971	28	290	957	958
52576	28	3354	957	958
27757	28	735	957	958
54431	28	954	957	958
8432	28	2394	957	958
11033	28	2555	957	958
9278	28	366	957	958
11622	28	927	957	958
34310	28	19716	957	958
6589	28	167	957	958
65693	28	686	957	958
22083	28	4181	957	958
9291	28	932	957	958
17938	28	333	957	958
8581	28	449	957	958
46371	28	860	957	958
36034	28	5481	957	958
6371	28	289	957	958
40282	28	498	957	958
87923	28	624	957	958
11899	28	39404	957	958
23922	28	2088	957	958
10366	28	1049	957	958
76147	28	1948	957	958
44823	28	7002	957	958
25428	28	199	957	958
23379	28	1499	957	958
46431	28	129	957	958
24141	28	1628	957	958
9284	28	61	957	958
17569	28	491	957	958
10310	28	511	957	958
72981	28	1335	957	958
7689	28	404	957	958
57171	28	88334	957	958
12328	28	1006	957	958
42991	28	1289	957	958
15987	28	2982	957	958
18218	28	1185	957	958
56575	28	780	957	958
17760	28	1317	957	958
88394	28	1993	957	958
32359	28	36	957	958
17802	28	392	957	958
10145	28	220	957	958
42583	28	50	957	958
30929	28	16320	957	958
18042	28	66339	957	958
8148	28	1245	957	958
37345	28	1423	957	958
15591	28	17038	957	958
84795	28	1711	957	958
4318	28	100	957	958
11782	28	669	957	958
10850	28	477	957	958
65495	28	616	957	958
36215	28	1961	957	958
39888	28	266	957	958
5623	28	134	957	958
56207	28	4387	957	958
16073	28	1567	957	958
15934	28	1142	957	958
12571	28	186	957	958
8550	28	1021	957	958
5641	28	100	957	958
8371	28	647	957	958
84134	28	7641	957	958
16380	28	408	957	958
66640	28	461	957	958
76960	28	71	957	958
12754	28	2467	957	958
76992	28	1211	957	958
44830	28	1812	957	958
14395	28	524	957	958
49865	28	387	957	958
77051	28	887	957	958
6295	28	2227	957	958
9216	28	659	957	958
11324	28	387	957	958
10186	28	710	957	958
118529	28	3002	957	958
89120	28	496	957	958
25195	28	447	957	958
25220	28	248	957	958
10252	28	2061	957	958
56041	28	593	957	958
45283	28	725	957	958
57734	28	56843	957	958
16581	28	61	957	958
39186	28	5226	957	958
16600	28	496	957	958
102582	28	1181	957	958
13064	28	500	957	958
14692	28	417	957	958
7674	28	2870	957	958
82988	28	37	957	958
31513	28	3416	957	958
77364	28	1158	957	958
14488	28	1370	957	958
39647	28	398	957	958
11404	28	180	957	958
8593	28	1969	957	958
57861	28	2341	957	958
16800	28	905	957	958
45779	28	34208	957	958
22313	28	769	957	958
9456	28	369	957	958
14606	28	351	957	958
31101	28	1571	957	958
61832	28	686	957	958
14799	28	114	957	958
13056	28	910	957	958
34365	28	672	957	958
18779	28	210	957	958
67113	28	1294	957	958
9514	28	690	957	958
17059	28	1084	957	958
17078	28	843	957	958
30148	28	759	957	958
25452	28	111	957	958
29840	28	1067	957	958
61505	28	114	957	958
11884	28	110	957	958
13393	28	5048	957	958
11901	28	397	957	958
101183	28	1132	957	958
46394	28	161	957	958
10455	28	6459	957	958
63322	28	14061	957	958
35027	28	620	957	958
58109	28	3316	957	958
40350	28	337	957	958
11932	28	529	957	958
33979	28	501	957	958
9655	28	240	957	958
9666	28	82	957	958
9271	28	672	957	958
5428	28	490	957	958
15156	28	1084	957	958
90059	28	755	957	958
50270	28	2065	957	958
15172	28	1081	957	958
30460	28	1757	957	958
22923	28	5775	957	958
46990	28	961	957	958
23033	28	482	957	958
15268	28	77	957	958
62406	28	21137	957	958
5119	28	10099	957	958
25346	28	281	957	958
17411	28	3212	957	958
46920	28	1094	957	958
26457	28	3995	957	958
19979	28	98425	957	958
15090	28	1455	957	958
26407	28	336	957	958
35438	28	1964	957	958
35316	28	927	957	958
26178	28	478	957	958
73194	28	7641	957	958
42167	28	241	957	958
78189	28	222	957	958
17444	28	33	957	958
9287	28	926	957	958
23105	28	2088	957	958
54540	28	2179	957	958
6235	28	672	957	958
16982	28	3004	957	958
13527	28	2516	957	958
26644	28	131	957	958
13653	28	580	957	958
39023	28	2050	957	958
26685	28	17491	957	958
22232	28	191	957	958
9729	28	630	957	958
12142	28	198	957	958
8843	28	1839	957	958
23268	28	4942	957	958
34772	28	427	957	958
14793	28	680	957	958
17575	28	591	957	958
22305	28	50	957	958
10797	28	2336	957	958
9770	28	959	957	958
23403	28	289	957	958
14564	28	666	957	958
74853	28	5665	957	958
31139	28	350	957	958
10237	28	388	957	958
8743	28	3169	957	958
7501	28	1152	957	958
39864	28	3700	957	958
13711	28	535	957	958
11903	28	994	957	958
78457	28	78458	957	958
15457	28	188	957	958
47079	28	387	957	958
8486	28	416	957	958
11588	28	674	957	958
15599	28	556	957	958
7515	28	231	957	958
67834	28	406	957	958
29478	28	587	957	958
58500	28	1177	957	958
9794	28	1931	957	958
9818	28	1367	957	958
78278	28	2113	957	958
67849	28	1403	957	958
29111	28	830	957	958
96794	28	439	957	958
19798	28	195	957	958
20476	28	1030	957	958
18884	28	134	957	958
67880	28	1145	957	958
17787	28	759	957	958
104751	28	3656	957	958
26900	28	2732	957	958
32300	28	1294	957	958
23261	28	679	957	958
29506	28	3692	957	958
88106	28	891	957	958
104830	28	649	957	958
16353	28	2388	957	958
35329	28	1290	957	958
52117	28	2052	957	958
104898	28	1063	957	958
8916	28	1186	957	958
31379	28	1269	957	958
104954	28	2621	957	958
19757	28	676	957	958
20167	28	635	957	958
14969	28	289	957	958
57602	28	901	957	958
8875	28	38	957	958
27209	28	236	957	958
7551	28	490	957	958
78233	28	1076	957	958
27440	28	10171	957	958
20275	28	220	957	958
12406	28	25560	957	958
57456	28	603	957	958
15747	28	417	957	958
41092	28	1060	957	958
15753	28	80	957	958
19358	28	31610	957	958
18331	28	1084	957	958
31615	28	712	957	958
20812	28	400	957	958
11795	28	1312	957	958
22870	28	181	957	958
27542	28	2580	957	958
73430	28	1936	957	958
56017	28	56	957	958
33815	28	1060	957	958
76287	28	546	957	958
58763	28	282	957	958
16417	28	1933	957	958
56277	28	1643	957	958
19280	28	1700	957	958
46539	28	843	957	958
91349	28	1299	957	958
67938	28	1091	957	958
23832	28	478	957	958
48146	28	3926	957	958
27679	28	546	957	958
83089	28	68145	957	958
27627	28	1414	957	958
11777	28	274	957	958
5911	28	111	957	958
84465	28	325	957	958
23895	28	1565	957	958
42336	28	319	957	958
41694	28	70	957	958
18784	28	118	957	958
10677	28	1910	957	958
10467	28	815	957	958
46970	28	3848	957	958
5554	28	1022	957	958
31215	28	919	957	958
17941	28	79	957	958
78005	28	12326	957	958
40058	28	1082	957	958
18899	28	110	957	958
6295	28	1557	957	958
13981	28	2653	957	958
12743	28	275	957	958
104214	28	140617	957	958
26175	28	82	957	958
45229	28	2283	957	958
8961	28	124	957	958
61985	28	1346	957	958
3003	28	283	957	958
50096	28	871	957	958
15962	28	2336	957	958
67886	28	1497	957	958
11806	28	24	957	958
15549	28	718	957	958
42279	28	22347	957	958
12517	28	2479	957	958
27167	28	1154	957	958
16490	28	34	957	958
16801	28	3688	957	958
13929	28	2327	957	958
10673	28	2338	957	958
8936	28	478	957	958
41476	28	503	957	958
27901	28	192	957	958
85281	28	350	957	958
7495	28	502	957	958
12562	28	405	957	958
46135	28	303	957	958
14721	28	2735	957	958
68463	28	321	957	958
27798	28	760	957	958
14244	28	325	957	958
76830	28	1536	957	958
22933	28	54	957	958
27984	28	334	957	958
21016	28	1757	957	958
52502	28	2567	957	958
34110	28	1139	957	958
46832	28	1081	957	958
32304	28	1249	957	958
55587	28	2050	957	958
40376	28	333	957	958
54969	28	1527	957	958
10744	28	1921	957	958
37293	28	30	957	958
26952	28	1270	957	958
37312	28	927	957	958
12847	28	456	957	958
14036	28	1476	957	958
63137	28	10888	957	958
15562	28	815	957	958
13119	28	1805	957	958
17684	28	99	957	958
13996	28	478	957	958
15322	28	1155	957	958
37329	28	135	957	958
26914	28	220	957	958
40195	28	2516	957	958
88618	28	81	957	958
43080	28	3456	957	958
20582	28	1186	957	958
17464	28	54	957	958
47081	28	1397	957	958
16541	28	1830	957	958
4875	28	559	957	958
58076	28	2686	957	958
141742	28	19113	957	958
12645	28	377	957	958
57205	28	2324	957	958
8865	28	318	957	958
163732	28	614	957	958
32186	28	54209	957	958
11278	28	4340	957	958
12224	28	486	957	958
66001	28	610	957	958
50449	28	233	957	958
32372	28	416	957	958
34791	28	24	957	958
7276	28	150	957	958
14140	28	1172	957	958
27128	28	623	957	958
65163	28	198	957	958
23219	28	792	957	958
91753	28	1359	957	958
105847	28	565	957	958
20729	28	635	957	958
31158	28	931	957	958
103903	28	1619	957	958
55930	28	391	957	958
20222	28	5227	957	958
28527	28	927	957	958
33327	28	168	957	958
29393	28	649	957	958
68884	28	954	957	958
17906	28	168	957	958
80006	28	1412	957	958
106971	28	2449	957	958
12520	28	351	957	958
11768	28	618	957	958
6221	28	2085	957	958
17888	28	195	957	958
33687	28	262	957	958
23264	28	80035	957	958
22483	28	3373	957	958
38145	28	620	957	958
107034	28	16447	957	958
6782	28	1050	957	958
92573	28	156	957	958
76032	28	2216	957	958
10703	28	691	957	958
9932	28	240	957	958
20152	28	11427	957	958
92633	28	883	957	958
55957	28	5107	957	958
19180	28	1966	957	958
80128	28	3387	957	958
78222	28	233	957	958
13585	28	167	957	958
12958	28	78	957	958
22004	28	671	957	958
91989	28	556	957	958
21191	28	14672	957	958
44189	28	743	957	958
37149	28	679	957	958
67553	28	836	957	958
10753	28	693	957	958
35882	28	28367	957	958
51237	28	818	957	958
41789	28	241	957	958
35572	28	66270	957	958
20403	28	499	957	958
48607	28	2283	957	958
20196	28	887	957	958
13652	28	423	957	958
13741	28	828	957	958
24565	28	792	957	958
16872	28	313	957	958
18954	28	220	957	958
9157	28	1138	957	958
6129	28	23	957	958
9305	28	80	957	958
26394	28	1101	957	958
67570	28	5354	957	958
88959	28	1096	957	958
74217	28	2488	957	958
107455	28	830	957	958
71743	28	1460	957	958
11578	28	666	957	958
53400	28	2593	957	958
24710	28	3135	957	958
92931	28	25924	957	958
68246	28	752	957	958
23701	28	13963	957	958
8735	28	627	957	958
20843	28	1853	957	958
32067	28	309	957	958
23033	28	313	957	958
7220	28	625	957	958
12381	28	2335	957	958
31878	28	1049	957	958
9575	28	672	957	958
11369	28	1117	957	958
10330	28	826	957	958
36648	28	119	957	958
6411	28	2289	957	958
48552	28	647	957	958
7568	28	198	957	958
8129	28	73	957	958
11091	28	626	957	958
53706	28	1388	957	958
53489	28	57985	957	958
6906	28	377	957	958
22994	28	5010	957	958
23934	28	370	957	958
42883	28	13406	957	958
18700	28	83	957	958
12992	28	973	957	958
11993	28	334	957	958
24301	28	555	957	958
13141	28	179	957	958
7705	28	44	957	958
29647	28	5238	957	958
51416	28	2440	957	958
12278	28	1321	957	958
143438	28	2534	957	958
46950	28	828	957	958
40023	28	1965	957	958
20309	28	236	957	958
28698	28	461	957	958
43211	28	577	957	958
19786	28	1388	957	958
65146	28	973	957	958
30680	28	1682	957	958
7296	28	14027	957	958
27582	28	129	957	958
36918	28	439	957	958
6743	28	158	957	958
107996	28	242	957	958
21822	28	188	957	958
13391	28	3156	957	958
20190	28	1483	957	958
9601	28	2113	957	958
105928	28	2132	957	958
19004	28	666	957	958
19345	28	722	957	958
17273	28	482	957	958
21646	28	19	957	958
16557	28	919	957	958
80767	28	6068	957	958
18505	28	1056	957	958
42416	28	605	957	958
16051	28	2580	957	958
13738	28	13671	957	958
6454	28	811	957	958
93547	28	855	957	958
50542	28	1532	957	958
21447	28	1030	957	958
83658	28	546	957	958
23409	28	1145	957	958
10075	28	2686	957	958
10931	28	213	957	958
6247	28	4345	957	958
9790	28	256	957	958
20658	28	109	957	958
48122	28	129	957	958
5918	28	400	957	958
57351	28	1736	957	958
44478	28	3269	957	958
108431	28	679	957	958
12204	28	451	957	958
8398	28	16247	957	958
18020	28	643	957	958
14251	28	390	957	958
44496	28	161	957	958
12940	28	2803	957	958
21414	28	1778	957	958
65375	28	186	957	958
31144	28	1254	957	958
22555	28	3811	957	958
16341	28	812	957	958
20450	28	3235	957	958
6190	28	2849	957	958
14580	28	23582	957	958
36765	28	309	957	958
25431	28	1000	957	958
7906	28	29	957	958
27176	28	649	957	958
48792	28	3156	957	958
23861	28	2580	957	958
105762	28	232	957	958
27876	28	4303	957	958
35233	28	574	957	958
15745	28	3376	957	958
38067	28	818	957	958
44118	28	1945	957	958
9771	28	1234	957	958
90684	28	409	957	958
7820	28	39	957	958
26853	28	1883	957	958
106503	28	5153	957	958
10108	28	751	957	958
21127	28	1508	957	958
11163	28	640	957	958
8128	28	328	957	958
8727	28	1161	957	958
15728	28	753	957	958
20962	28	686	957	958
7666	28	905	957	958
23313	28	20310	957	958
34112	28	760	957	958
11035	28	2048	957	958
12187	28	5520	957	958
11998	28	877	957	958
41758	28	83	957	958
10562	28	2639	957	958
13779	28	596	957	958
18816	28	9215	957	958
10506	28	1399	957	958
16918	28	339	957	958
67813	28	1691	957	958
20212	28	453	957	958
7432	28	79	957	958
24480	28	98	957	958
8125	28	1567	957	958
46588	28	1519	957	958
27676	28	30	957	958
10245	28	718	957	958
10004	28	603	957	958
10657	28	205	957	958
15564	28	19	957	958
9653	28	12232	957	958
29256	28	883	957	958
19155	28	250	957	958
7200	28	215	957	958
67205	28	666	957	958
29928	28	860	957	958
8689	28	149	957	958
30399	28	2972	957	958
91837	28	10599	957	958
8219	28	203	957	958
17757	28	149	957	958
59037	28	3354	957	958
89307	28	3385	957	958
21071	28	52	957	958
9885	28	24	957	958
3003	28	405	957	958
35657	28	1965	957	958
7817	28	1762	957	958
12032	28	1640	957	958
86668	28	1561	957	958
86385	28	523	957	958
19320	28	45	957	958
68651	28	467	957	958
36123	28	3002	957	958
88630	28	1021	957	958
37431	28	7641	957	958
76046	28	930	957	958
26471	28	1919	957	958
22772	28	18009	957	958
16256	28	388	957	958
60158	28	253	957	958
7783	28	234	957	958
65092	28	3750	957	958
23174	28	347	957	958
15529	28	607	957	958
35440	28	45	957	958
28601	28	3002	957	958
38665	28	1138	957	958
13330	28	5444	957	958
5156	28	48	957	958
17658	28	6080	957	958
19373	28	1167	957	958
28878	28	40	957	958
24066	28	332	957	958
13103	28	283	957	958
5017	28	829	957	958
16655	28	951	957	958
23513	28	4586	957	958
9089	28	56	957	958
6071	28	261	957	958
36369	28	254	957	958
11412	28	1910	957	958
59797	28	1813	957	958
19008	28	1649	957	958
64884	28	759	957	958
5682	28	1190	957	958
18894	28	1403	957	958
69310	28	433	957	958
5138	28	653	957	958
8314	28	39	957	958
14421	28	605	957	958
124718	28	13528	957	958
8525	28	2289	957	958
9214	28	1306	957	958
24478	28	48	957	958
15424	28	85	957	958
9272	28	1725	957	958
12878	28	1588	957	958
9286	28	371	957	958
28514	28	991	957	958
68829	28	386	957	958
24151	28	528	957	958
37736	28	4403	957	958
32850	28	666	957	958
83721	28	1221	957	958
8576	28	4917	957	958
89819	28	1728	957	958
49453	28	19038	957	958
70023	28	740	957	958
18433	28	524	957	958
21682	28	941	957	958
6987	28	1245	957	958
11566	28	72	957	958
11366	28	569	957	958
10097	28	618	957	958
109237	28	1086	957	958
12130	28	291	957	958
10724	28	2644	957	958
13948	28	2093	957	958
50619	28	706	957	958
8890	28	1984	957	958
15015	28	12232	957	958
5342	28	1775	957	958
20077	28	303	957	958
103855	28	3460	957	958
58939	28	54120	957	958
8280	28	42	957	958
50937	28	318	957	958
59513	28	1812	957	958
42189	28	9304	957	958
10457	28	34784	957	958
94620	28	1407	957	958
8932	28	830	957	958
9719	28	1697	957	958
32207	28	24	957	958
10574	28	53	957	958
7676	28	1446	957	958
24479	28	5745	957	958
33054	28	927	957	958
6021	28	2735	957	958
18614	28	15212	957	958
74619	28	1289	957	958
7445	28	3925	957	958
74923	28	317	957	958
12269	28	516	957	958
8001	28	134	957	958
11163	28	486	957	958
12778	28	586	957	958
43021	28	431	957	958
26260	28	1803	957	958
8644	28	295	957	958
26309	28	462	957	958
106701	28	3637	957	958
21138	28	797	957	958
71637	28	994	957	958
57584	28	692	957	958
88805	28	483	957	958
10352	28	416	957	958
9709	28	916	957	958
11926	28	815	957	958
19732	28	1047	957	958
13015	28	42	957	958
51245	28	758	957	958
44340	28	769	957	958
32444	28	3059	957	958
10010	28	2023	957	958
127237	28	708	957	958
33063	28	360	957	958
17416	28	325	957	958
12401	28	29	957	958
65685	28	109	957	958
6679	28	792	957	958
15642	28	2128	957	958
12786	28	2867	957	958
16316	28	1349	957	958
45544	28	3222	957	958
63323	28	22734	957	958
22046	28	3245	957	958
61077	28	940	957	958
24229	28	1049	957	958
45151	28	916	957	958
17249	28	136	957	958
107067	28	391	957	958
44399	28	292	957	958
11175	28	81	957	958
8547	28	1760	957	958
31526	28	254	957	958
49404	28	2280	957	958
24398	28	323	957	958
80636	28	550	957	958
74007	28	1245	957	958
24959	28	1455	957	958
17122	28	58	957	958
27833	28	1092	957	958
38400	28	5262	957	958
58145	28	14648	957	958
25433	28	1736	957	958
41006	28	2605	957	958
20638	28	694	957	958
4334	28	2035	957	958
125029	28	280	957	958
6258	28	754	957	958
44434	28	1138	957	958
79687	28	83	957	958
11599	28	1351	957	958
35898	28	634	957	958
45457	28	107	957	958
6002	28	1161	957	958
17408	28	491	957	958
35676	28	50	957	958
44155	28	525	957	958
68771	28	23960	957	958
10689	28	416	957	958
19842	28	826	957	958
13682	28	4340	957	958
5671	28	511	957	958
33476	28	1958	957	958
15008	28	45	957	958
18944	28	478	957	958
13825	28	8632	957	958
6758	28	3925	957	958
58824	28	1677	957	958
75929	28	2022	957	958
15423	28	1336	957	958
7919	28	819	957	958
19232	28	3868	957	958
27327	28	1031	957	958
6385	28	610	957	958
39758	28	1195	957	958
21200	28	746	957	958
14210	28	76	957	958
11829	28	223	957	958
21469	28	1634	957	958
10660	28	577	957	958
11385	28	12326	957	958
21128	28	112	957	958
7851	28	27	957	958
22053	28	31610	957	958
34953	28	930	957	958
29457	28	1624	957	958
59949	28	9151	957	958
7733	28	1006	957	958
28021	28	1345	957	958
7894	28	23	957	958
21928	28	1027	957	958
36995	28	10113	957	958
57476	28	36430	957	958
10961	28	437	957	958
108624	28	1360	957	958
9064	28	572	957	958
36657	28	666	957	958
9326	28	259	957	958
29195	28	158	957	958
13591	28	3022	957	958
31794	28	2051	957	958
18904	28	70	957	958
105921	28	1270	957	958
12353	28	28	957	958
23800	28	942	957	958
26317	28	962	957	958
6474	28	530	957	958
13924	28	89	957	958
19010	28	8033	957	958
11756	28	192	957	958
128116	28	1975	957	958
58932	28	1609	957	958
40342	28	156	957	958
21587	28	2282	957	958
14366	28	447	957	958
31165	28	42	957	958
35207	28	498	957	958
70069	28	23269	957	958
20937	28	515	957	958
51184	28	7641	957	958
107556	28	605	957	958
12166	28	2326	957	958
35399	28	236	957	958
32116	28	2982	957	958
19106	28	933	957	958
32868	28	38129	957	958
45216	28	556	957	958
28445	28	1367	957	958
8233	28	490	957	958
103086	28	1120	957	958
81824	28	435	957	958
14495	28	24	957	958
63148	28	1864	957	958
16238	28	1693	957	958
28103	28	617	957	958
26886	28	603	957	958
18471	28	2348	957	958
22815	28	760	957	958
8271	28	423	957	958
25462	28	13655	957	958
8197	28	491	957	958
34619	28	925	957	958
24529	28	714	957	958
25885	28	1163	957	958
25821	28	911	957	958
34278	28	129	957	958
7233	28	2528	957	958
15807	28	778	957	958
56367	28	1076	957	958
57293	28	954	957	958
51947	28	54	957	958
28856	28	1561	957	958
16676	28	492	957	958
24447	28	1245	957	958
13930	28	416	957	958
14890	28	339	957	958
29354	28	408	957	958
17510	28	447	957	958
16036	28	482	957	958
18463	28	327	957	958
95198	28	345	957	958
16373	28	951	957	958
67382	28	930	957	958
60180	28	860	957	958
7470	28	625	957	958
22801	28	2910	957	958
37345	28	523	957	958
95205	28	1230	957	958
49972	28	38435	957	958
19927	28	686	957	958
85621	28	2867	957	958
26560	28	718	957	958
29174	28	387	957	958
12057	28	532	957	958
53971	28	125558	957	958
74694	28	1099	957	958
21479	28	2327	957	958
16776	28	1206	957	958
22024	28	3345	957	958
54466	28	483	957	958
15866	28	24521	957	958
7362	28	1606	957	958
81912	28	263	957	958
8088	28	442	957	958
14425	28	1266	957	958
6430	28	50	957	958
19052	28	960	957	958
25063	28	3720	957	958
37323	28	582	957	958
42472	28	973	957	958
38785	28	141	957	958
27363	28	346	957	958
42752	28	2446	957	958
26805	28	233	957	958
7018	28	712	957	958
97018	28	887	957	958
7056	28	830	957	958
9575	28	307	957	958
12806	28	10792	957	958
66698	28	1461	957	958
33112	28	1050	957	958
41947	28	1275	957	958
15271	28	131	957	958
9324	28	2027	957	958
23393	28	979	957	958
69759	23	33345	957	958
33345	23	69759	957	958
31022	28	293	957	958
14589	28	696	957	958
8021	28	461	957	958
42364	28	100	957	958
16068	28	462	957	958
51381	28	2061	957	958
31385	28	1142	957	958
3409	28	272	957	958
21265	28	203	957	958
55242	28	610	957	958
81919	28	2680	957	958
27215	28	4331	957	958
23411	28	875	957	958
32418	28	193	957	958
18419	28	24747	957	958
61967	28	1049	957	958
41853	28	195	957	958
16562	28	1704	957	958
24583	28	3564	957	958
29606	28	128958	957	958
9834	28	1809	957	958
102675	28	44698	957	958
54946	28	559	957	958
9375	28	2433	957	958
11086	28	1736	957	958
36834	28	1159	957	958
6690	28	830	957	958
14051	28	1093	957	958
83826	28	421	957	958
51095	28	12270	957	958
8409	28	619	957	958
27923	28	1978	957	958
55766	28	432	957	958
42245	28	1780	957	958
8210	28	30	957	958
15532	28	1531	957	958
81969	28	1158	957	958
44175	28	15275	957	958
41935	28	1085	957	958
64326	28	3949	957	958
16060	28	1762	957	958
11196	28	19	957	958
10354	28	1060	957	958
62124	28	18963	957	958
42186	28	696	957	958
25042	28	215	957	958
26603	28	1015	957	958
75575	28	30811	957	958
8979	28	134	957	958
5054	28	366	957	958
58269	28	118	957	958
6266	28	478	957	958
11143	28	30	957	958
55836	28	852	957	958
12186	28	2115	957	958
17952	28	1180	957	958
5610	28	1801	957	958
36197	28	336	957	958
16240	28	3663	957	958
89567	28	449	957	958
17926	28	1367	957	958
4911	28	48	957	958
7435	28	34701	957	958
51345	28	1745	957	958
25051	28	37	957	958
23909	28	3002	957	958
8050	28	423	957	958
67060	28	751	957	958
5450	28	502	957	958
6613	28	404	957	958
22126	28	1960	957	958
22128	28	345	957	958
20348	28	825	957	958
54943	28	139	957	958
18771	28	16	957	958
21498	28	2051	957	958
17319	28	696	957	958
11820	28	288	957	958
95465	28	3503	957	958
26328	28	931	957	958
19260	28	241	957	958
29660	28	913	957	958
105911	28	750	957	958
3831	28	416	957	958
19860	28	39129	957	958
31168	28	1950	957	958
22416	28	617	957	958
7037	28	1090	957	958
17436	28	587	957	958
70998	28	2957	957	958
30361	28	228	957	958
59842	28	53322	957	958
60835	28	908	957	958
20990	28	254	957	958
17863	28	2516	957	958
20558	28	12232	957	958
31371	28	120	957	958
12608	28	574	957	958
39690	28	14347	957	958
6599	28	404	957	958
14449	28	760	957	958
26735	28	64	957	958
8332	28	1541	957	958
94406	28	6984	957	958
7861	28	217	957	958
53412	28	238	957	958
30885	28	2446	957	958
10386	28	33	957	958
16518	28	391	957	958
30656	28	2336	957	958
54509	28	8373	957	958
17770	28	522	957	958
48343	28	1270	957	958
11251	28	1137	957	958
67955	28	2113	957	958
77469	28	1356	957	958
38604	28	903	957	958
60213	28	1659	957	958
20857	28	131	957	958
7040	28	546	957	958
15497	28	292	957	958
46713	28	2577	957	958
20750	28	256	957	958
24721	28	273	957	958
5027	28	5115	957	958
41103	28	1496	957	958
79061	28	657	957	958
105384	28	12392	957	958
42964	28	2884	957	958
7476	28	416	957	958
35979	28	4165	957	958
79135	28	1690	957	958
39103	28	120	957	958
22252	28	780	957	958
97315	28	1723	957	958
19563	28	1834	957	958
5468	28	40	957	958
56876	28	447	957	958
129600	28	371	957	958
15663	28	1589	957	958
12109	28	99	957	958
27422	28	232	957	958
79222	28	88	957	958
28722	28	2152	957	958
95133	28	21552	957	958
90637	28	71	957	958
24121	28	416	957	958
71395	28	2199	957	958
26327	28	556	957	958
9176	28	13435	957	958
18051	28	803	957	958
7823	28	100	957	958
24647	28	2812	957	958
11576	28	1060	957	958
9085	28	643	957	958
48698	28	2621	957	958
11053	28	437	957	958
117617	28	34208	957	958
32421	28	778	957	958
11533	28	251	957	958
84131	28	916	957	958
22967	28	2759	957	958
54321	28	3466	957	958
34338	28	29453	957	958
72859	28	165	957	958
35448	28	1264	957	958
20062	28	4175	957	958
60414	28	910	957	958
48382	28	720	957	958
15133	28	2341	957	958
9625	28	315	957	958
53691	28	437	957	958
72283	28	2234	957	958
47973	28	282	957	958
22048	28	2319	957	958
9524	28	527	957	958
13986	28	507	957	958
5777	28	806	957	958
60060	28	2768	957	958
13284	28	695	957	958
16248	28	332	957	958
10085	28	167	957	958
50685	28	780	957	958
33901	28	1118	957	958
32621	28	78458	957	958
81620	28	2735	957	958
31493	28	230	957	958
29843	28	241	957	958
19233	28	1883	957	958
7656	28	404	957	958
38430	28	1218	957	958
35063	28	1835	957	958
7416	28	404	957	958
94354	28	9210	957	958
9973	28	19743	957	958
6970	28	168	957	958
25820	28	1395	957	958
34933	28	756	957	958
19893	28	793	957	958
14747	28	286	957	958
38549	28	1529	957	958
12211	28	71	957	958
14807	28	1009	957	958
25613	28	241	957	958
36069	28	2569	957	958
14626	28	1060	957	958
7699	28	1830	957	958
17161	28	3339	957	958
21204	28	195	957	958
48772	28	496	957	958
18705	28	3245	957	958
66286	28	495	957	958
20187	28	3212	957	958
4707	28	337	957	958
25680	28	1258	957	958
15248	28	1562	957	958
62860	28	1379	957	958
58925	28	1006	957	958
25603	28	883	957	958
12607	28	836	957	958
26523	28	482	957	958
25825	28	19	957	958
19051	28	465	957	958
65613	28	119908	957	958
5965	28	1500	957	958
13628	28	570	957	958
110346	28	607	957	958
18510	28	881	957	958
19404	28	234	957	958
26823	28	1478	957	958
75449	28	2522	957	958
88558	28	128958	957	958
23384	28	1532	957	958
71183	28	37	957	958
7186	28	784	957	958
6189	28	158	957	958
126747	28	37158	957	958
21025	28	5853	957	958
13517	28	43	957	958
30170	28	825	957	958
43103	28	118	957	958
22241	28	1033	957	958
76402	28	55263	957	958
33820	28	3728	957	958
20132	28	1987	957	958
12538	28	38	957	958
42528	28	4474	957	958
60629	28	129	957	958
35969	28	30058	957	958
11469	28	378	957	958
114579	28	30093	957	958
21047	28	303	957	958
7462	28	281	957	958
24553	28	1218	957	958
14709	28	916	957	958
19715	28	1882	957	958
7521	28	63	957	958
36575	28	1410	957	958
34397	28	241	957	958
14310	28	551	957	958
78416	28	860	957	958
69460	28	1127	957	958
29844	28	295	957	958
18170	28	690	957	958
84803	28	2512	957	958
48018	28	2343	957	958
21524	28	210	957	958
66443	28	9236	957	958
30077	28	233	957	958
7466	28	1346	957	958
49402	28	94717	957	958
44836	28	158	957	958
9989	28	205	957	958
18506	28	378	957	958
16135	28	1340	957	958
36724	28	13013	957	958
28186	28	1614	957	958
56729	28	2516	957	958
130283	28	5520	957	958
23226	28	132	957	958
20148	28	1532	957	958
18809	28	192	957	958
22714	28	2788	957	958
26914	28	353	957	958
39856	28	252	957	958
52826	28	4264	957	958
28507	28	213	957	958
21503	28	536	957	958
9452	28	166	957	958
16019	28	511	957	958
33514	28	1567	957	958
26099	28	281	957	958
7201	28	1446	957	958
5543	28	2111	957	958
9086	28	433	957	958
5610	28	124	957	958
5747	28	672	957	958
6977	28	132	957	958
59264	28	595	957	958
20982	28	83	957	958
13137	28	1101	957	958
59746	28	280	957	958
80044	28	1571	957	958
43751	28	28	957	958
39272	28	4437	957	958
10092	28	12326	957	958
20963	28	1532	957	958
22917	28	2172	957	958
58969	28	852	957	958
15411	28	1401	957	958
23966	28	1924	957	958
121327	28	2291	957	958
47574	28	1736	957	958
67763	28	2870	957	958
19055	28	1379	957	958
59202	28	4639	957	958
10292	28	146	957	958
51504	28	274	957	958
24639	28	390	957	958
27661	28	203	957	958
15723	28	524	957	958
53496	28	20556	957	958
86629	28	621	957	958
10089	28	391	957	958
39998	28	676	957	958
75077	28	3376	957	958
62054	28	31831	957	958
125991	28	1629	957	958
90997	28	686	957	958
32271	28	7583	957	958
18555	28	294	957	958
6121	28	28	957	958
69750	28	925	957	958
41534	28	2446	957	958
88437	28	1356	957	958
15491	28	1653	957	958
18806	28	617	957	958
35171	28	1868	957	958
13713	28	539	957	958
28119	28	580	957	958
8361	28	119	957	958
23772	28	686	957	958
53333	28	72060	957	958
57476	28	2602	957	958
64031	28	916	957	958
64745	28	201	957	958
29532	28	565	957	958
17440	28	1162	957	958
16234	28	109	957	958
109645	28	37	957	958
26012	28	134	957	958
11691	28	1071	957	958
61404	28	1731	957	958
3003	28	1954	957	958
38865	28	170	957	958
72663	28	72316	957	958
58143	28	6459	957	958
42544	28	1172	957	958
43202	28	490	957	958
13396	28	2440	957	958
14419	28	1223	957	958
5452	28	973	957	958
5546	28	743	957	958
39021	28	432	957	958
10079	28	1468	957	958
7655	28	742	957	958
56481	28	894	957	958
57579	28	937	957	958
16018	28	515	957	958
16508	28	82	957	958
15210	28	713	957	958
5689	28	478	957	958
18402	28	792	957	958
5125	28	40	957	958
58651	28	112	957	958
39793	28	618	957	958
62955	28	635	957	958
111405	28	526	957	958
9512	28	805	957	958
55693	28	502	957	958
10935	28	2503	957	958
33143	28	919	957	958
21609	28	147	957	958
51691	28	637	957	958
36852	28	219	957	958
17179	28	1101	957	958
27416	28	13963	957	958
38635	28	2545	957	958
5477	28	3099	957	958
58030	28	1016	957	958
24572	28	419	957	958
60283	28	4349	957	958
21605	28	1162	957	958
16443	28	307	957	958
49669	28	1269	957	958
93477	28	1643	957	958
100225	28	797	957	958
69971	28	3385	957	958
73267	28	691	957	958
38232	28	39937	957	958
12731	28	1024	957	958
20955	28	447	957	958
111036	28	3656	957	958
27519	28	1173	957	958
4996	28	139	957	958
20919	28	3692	957	958
52362	28	239	957	958
9492	28	1242	957	958
10812	28	416	957	958
17791	28	2522	957	958
8791	28	605	957	958
11529	28	1104	957	958
41094	28	501	957	958
79440	28	166	957	958
13623	28	76	957	958
29174	28	1063	957	958
76689	28	89	957	958
12505	28	281	957	958
70962	28	65080	957	958
15072	28	1413	957	958
61984	28	2336	957	958
15922	28	1649	957	958
5807	28	1446	957	958
60080	28	273	957	958
11863	28	1099	957	958
8168	28	78	957	958
6243	28	24	957	958
33201	28	927	957	958
22479	28	4345	957	958
11435	28	465	957	958
11192	28	339	957	958
39050	28	54	957	958
5464	28	161	957	958
33005	28	1660	957	958
82124	28	366	957	958
6521	28	1021	957	958
44188	28	559	957	958
6246	28	637	957	958
51054	28	433	957	958
79555	28	8036	957	958
11616	28	739	957	958
13181	28	255	957	958
15477	28	811	957	958
6614	28	186	957	958
15495	28	2567	957	958
13630	28	465	957	958
9075	28	559	957	958
77468	28	954	957	958
8487	28	1295	957	958
7885	28	82	957	958
30341	28	295	957	958
9463	28	1496	957	958
8626	28	193	957	958
14567	28	2335	957	958
9429	28	1531	957	958
11000	28	4349	957	958
12629	28	570	957	958
24086	28	31866	957	958
18195	28	9781	957	958
14892	28	594	957	958
5667	28	4345	957	958
22593	28	603	957	958
12882	28	241	957	958
18858	28	114	957	958
13648	28	107	957	958
41574	28	2051	957	958
8404	28	179	957	958
22620	28	556	957	958
9197	28	3153	957	958
10060	28	659	957	958
108476	28	510	957	958
75374	28	798	957	958
10749	28	273	957	958
98334	28	37	957	958
28544	28	2205	957	958
96185	28	1978	957	958
25691	28	104	957	958
11187	28	718	957	958
40225	28	11118	957	958
14184	28	80	957	958
10576	28	787	957	958
78240	28	224	957	958
13685	28	251	957	958
29577	28	1307	957	958
6039	28	2389	957	958
25985	28	4865	957	958
13392	28	830	957	958
26194	28	120	957	958
15739	28	1741	957	958
8159	28	725	957	958
7575	28	887	957	958
27328	28	224	957	958
16710	28	307	957	958
59244	28	411	957	958
30637	28	927	957	958
10825	28	54	957	958
8845	28	536	957	958
23417	28	1760	957	958
5389	28	2214	957	958
60482	28	3199	957	958
72191	28	2642	957	958
51044	28	22556	957	958
31317	28	1041	957	958
30729	28	710	957	958
72130	28	1700	957	958
13028	28	3621	957	958
18440	28	83	957	958
11573	28	160	957	958
15044	28	150	957	958
60371	28	366	957	958
39745	28	927	957	958
18362	28	911	957	958
16262	28	1444	957	958
27809	28	994	957	958
16974	28	54277	957	958
7398	28	416	957	958
36482	28	171	957	958
61586	28	998	957	958
48709	28	536	957	958
4034	28	177	957	958
18903	28	580	957	958
10952	28	1367	957	958
4587	28	2270	957	958
93936	28	679	957	958
27523	28	1730	957	958
6086	28	594	957	958
10661	28	48	957	958
17189	28	51196	957	958
3704	28	1478	957	958
76224	28	3136	957	958
26363	28	334	957	958
23793	28	551	957	958
9374	28	54	957	958
39325	28	288	957	958
38750	28	4340	957	958
18023	28	1269	957	958
64421	28	20160	957	958
40559	28	1294	957	958
20903	28	378	957	958
9956	28	3778	957	958
13253	28	411	957	958
15649	28	539	957	958
17219	28	3221	957	958
24944	28	1379	957	958
34110	28	112	957	958
7086	28	1767	957	958
15409	28	51	957	958
61122	28	3022	957	958
30030	28	114	957	958
11698	28	1101	957	958
63092	28	2517	957	958
33283	28	2593	957	958
28760	28	86	957	958
31120	28	234	957	958
93762	28	11742	957	958
21158	28	266	957	958
8055	28	1736	957	958
35145	28	974	957	958
32903	28	572	957	958
47163	28	1063	957	958
14632	28	2449	957	958
11441	28	47	957	958
12284	28	14101	957	958
13570	28	28	957	958
77783	28	442	957	958
60653	28	2198	957	958
17868	28	815	957	958
27060	28	56	957	958
29591	28	927	957	958
52004	28	178	957	958
62703	28	1095	957	958
32284	28	5440	957	958
6697	28	429	957	958
26965	28	1057	957	958
90614	28	1421	957	958
76362	28	265	957	958
10105	28	1263	957	958
7120	28	16	957	958
57788	28	2607	957	958
69310	28	85	957	958
7457	28	483	957	958
22541	28	3122	957	958
8260	28	48	957	958
28777	28	160	957	958
30185	28	1078	957	958
74714	28	678	957	958
22001	28	19	957	958
11107	28	100	957	958
59426	28	1965	957	958
15188	28	678	957	958
8053	28	640	957	958
7767	28	583	957	958
6102	28	515	957	958
102493	28	20722	957	958
15498	28	837	957	958
8452	28	936	957	958
18038	28	83	957	958
17949	28	907	957	958
11443	28	1015	957	958
26979	28	536	957	958
12879	28	334	957	958
38065	28	16	957	958
19008	28	1265	957	958
109013	28	2897	957	958
11249	28	1185	957	958
61148	28	2113	957	958
30139	28	13180	957	958
21083	28	1345	957	958
23314	28	2280	957	958
6088	28	351	957	958
20247	28	980	957	958
34290	28	2068	957	958
30261	28	2003	957	958
73561	28	43899	957	958
15274	28	254	957	958
22334	28	265	957	958
17173	28	1033	957	958
77219	28	411	957	958
7831	28	528	957	958
33203	28	1131	957	958
6319	28	672	957	958
46895	28	114	957	958
18083	28	926	957	958
8628	28	2338	957	958
43001	28	1122	957	958
17709	28	659	957	958
44075	28	40	957	958
5434	28	378	957	958
5013	28	89	957	958
19751	28	3376	957	958
29189	28	733	957	958
26234	28	1755	957	958
16291	28	277	957	958
17333	28	1725	957	958
20197	28	126	957	958
90637	28	1012	957	958
79768	28	2467	957	958
68972	28	626	957	958
67082	28	617	957	958
16744	28	594	957	958
72055	28	1629	957	958
28742	28	632	957	958
130771	28	1137	957	958
26200	28	4181	957	958
58421	28	830	957	958
75611	28	2325	957	958
26069	28	134	957	958
30579	28	1606	957	958
12744	28	1080	957	958
70523	28	350	957	958
6155	28	1736	957	958
11159	28	923	957	958
3837	28	118	957	958
55766	28	339	957	958
46659	28	1808	957	958
14519	28	45	957	958
9677	28	55	957	958
16228	28	346	957	958
37022	28	808	957	958
19926	28	252	957	958
5992	28	524	957	958
27831	28	1606	957	958
95291	28	99	957	958
17378	28	619	957	958
23258	28	2517	957	958
28548	28	1192	957	958
31958	28	927	957	958
47598	28	559	957	958
31849	28	232	957	958
84189	28	528	957	958
68970	28	1915	957	958
8676	28	1624	957	958
25822	28	518	957	958
20422	28	257	957	958
33046	28	405	957	958
68532	28	1704	957	958
16333	28	498	957	958
18241	28	501	957	958
15630	28	16805	957	958
66344	28	2327	957	958
72207	28	177	957	958
129241	28	537	957	958
68183	28	500	957	958
56049	28	1430	957	958
31261	28	1444	957	958
16255	28	6741	957	958
91470	28	1030	957	958
56084	28	357	957	958
125112	28	3973	957	958
31799	28	2475	957	958
91681	28	11965	957	958
53852	28	2680	957	958
36381	28	201	957	958
79381	28	1740	957	958
5274	28	272	957	958
63036	28	1984	957	958
30688	28	232	957	958
6558	28	1987	957	958
57543	28	427	957	958
20761	28	1948	957	958
15196	28	572	957	958
73095	28	470	957	958
28151	28	691	957	958
15607	28	594	957	958
23872	28	780	957	958
15698	28	527	957	958
23119	28	1780	957	958
8047	28	48	957	958
10206	28	6581	957	958
4755	28	3946	957	958
9920	28	1230	957	958
99365	28	1679	957	958
12904	28	437	957	958
17950	28	2247	957	958
66436	28	634	957	958
14157	28	883	957	958
59879	28	7410	957	958
23185	28	2517	957	958
60154	28	802	957	958
57642	28	303	957	958
33176	28	860	957	958
32054	28	492	957	958
90684	28	449	957	958
21584	28	573	957	958
26177	28	1777	957	958
51927	28	1030	957	958
18014	28	403	957	958
38406	28	131	957	958
26451	28	328	957	958
8528	28	236	957	958
58269	28	1954	957	958
4848	28	40	957	958
130840	28	1127	957	958
15299	28	745	957	958
32247	28	1340	957	958
79943	28	3385	957	958
81973	28	37115	957	958
5273	28	143	957	958
95591	28	1448	957	958
66540	28	14560	957	958
5880	28	1968	957	958
10445	28	274	957	958
6303	28	307	957	958
10058	28	63	957	958
51885	28	5745	957	958
17279	28	86	957	958
26434	28	996	957	958
20649	28	8915	957	958
14340	28	66	957	958
6112	28	100	957	958
22804	28	1022	957	958
26549	28	1231	957	958
19660	28	120	957	958
9143	28	1551	957	958
12571	28	55	957	958
110658	28	27430	957	958
42731	28	1218	957	958
46828	28	1092	957	958
51603	28	536	957	958
7097	28	659	957	958
4754	28	592	957	958
12531	28	281	957	958
12697	28	1458	957	958
16760	28	416	957	958
90487	28	1780	957	958
7801	28	630	957	958
72626	28	315	957	958
18701	28	83	957	958
43168	28	1379	957	958
11047	28	7117	957	958
95013	28	2452	957	958
80686	28	2078	957	958
6788	28	1841	957	958
15256	28	265	957	958
90279	28	1127	957	958
12103	28	616	957	958
33693	28	2583	957	958
59293	28	1649	957	958
10930	28	1825	957	958
6314	28	31	957	958
16517	28	462	957	958
37277	28	2050	957	958
12262	28	12506	957	958
60051	28	3449	957	958
16243	28	2218	957	958
68830	28	235	957	958
27393	28	826	957	958
80511	28	1090	957	958
15293	28	1146	957	958
19625	28	2564	957	958
29825	28	3123	957	958
61467	28	516	957	958
14412	28	188	957	958
18608	28	4942	957	958
6859	28	120	957	958
33089	28	647	957	958
8900	28	422	957	958
10817	28	119	957	958
10094	28	4116	957	958
13637	28	1173	957	958
16580	28	416	957	958
9058	28	99	957	958
64889	28	516	957	958
55270	28	5801	957	958
5996	28	241	957	958
37577	28	486	957	958
7706	28	503	957	958
9136	28	428	957	958
95659	28	8764	957	958
35577	28	334	957	958
30541	28	1639	957	958
7436	28	42	957	958
38367	28	384	957	958
7697	28	885	957	958
35868	28	610	957	958
11167	28	122	957	958
75955	28	649	957	958
19748	28	119	957	958
58200	28	354	957	958
5145	28	234	957	958
12606	28	20	957	958
57068	28	278	957	958
9851	28	718	957	958
25395	28	866	957	958
9938	28	81	957	958
84511	28	1965	957	958
76321	28	630	957	958
5929	28	4345	957	958
22582	28	266	957	958
58945	28	1896	957	958
84908	28	1021	957	958
6725	28	3416	957	958
10300	28	525	957	958
73269	28	216	957	958
29129	28	283	957	958
57828	28	1824	957	958
5709	28	48	957	958
31120	28	678	957	958
10546	28	2702	957	958
25723	28	76	957	958
11610	28	74	957	958
14271	28	1218	957	958
99734	28	893	957	958
5573	28	3173	957	958
14116	28	337	957	958
13822	28	634	957	958
38636	28	19267	957	958
44256	28	8115	957	958
9735	28	1752	957	958
56446	28	3661	957	958
31863	28	16092	957	958
51302	28	34709	957	958
100083	28	2571	957	958
79850	28	2117	957	958
62512	28	1213	957	958
37147	28	398	957	958
17004	28	560	957	958
81734	28	2482	957	958
13854	28	357	957	958
79686	28	6880	957	958
29723	28	1201	957	958
47320	28	503	957	958
47674	28	486	957	958
10076	28	1757	957	958
80045	28	1309	957	958
37939	28	436	957	958
16140	28	713	957	958
75803	28	2105	957	958
106573	28	1757	957	958
14852	28	401	957	958
80122	28	528	957	958
40753	28	894	957	958
99165	28	930	957	958
12661	28	1084	957	958
13840	28	680	957	958
11825	28	1360	957	958
10550	28	1945	957	958
39521	28	1478	957	958
22273	28	1024	957	958
18562	28	951	957	958
13229	28	829	957	958
23305	28	2522	957	958
94734	28	18761	957	958
39852	28	2686	957	958
18749	28	2532	957	958
23670	28	144	957	958
108390	28	1993	957	958
45770	28	2539	957	958
7297	28	467	957	958
19363	28	3135	957	958
6187	28	25685	957	958
61267	28	462	957	958
73505	28	20847	957	958
27444	28	354	957	958
16862	28	2685	957	958
16258	28	2870	957	958
44543	28	423	957	958
39090	28	888	957	958
21554	28	77	957	958
14972	28	1414	957	958
79709	28	954	957	958
15371	28	114	957	958
9124	28	2678	957	958
27995	28	732	957	958
42603	28	158	957	958
22629	28	2214	957	958
13262	28	149	957	958
13056	28	423	957	958
7784	28	890	957	958
8121	28	520	957	958
7836	28	188	957	958
79283	28	919	957	958
97474	28	273	957	958
13628	28	1134	957	958
91146	28	386	957	958
154896	28	1011	957	958
12702	28	3637	957	958
26977	28	626	957	958
8359	28	1049	957	958
22655	28	583	957	958
5776	28	63	957	958
21503	28	4379	957	958
28639	28	536	957	958
46458	28	435	957	958
20841	28	715	957	958
130114	28	1127	957	958
15988	28	1571	957	958
27021	28	4613	957	958
48991	28	750	957	958
43085	28	2228	957	958
17073	28	1726	957	958
18807	28	2709	957	958
60810	28	2348	957	958
6326	28	702	957	958
92991	28	1286	957	958
27819	28	139	957	958
5618	28	303	957	958
13394	28	485	957	958
57014	28	24	957	958
15064	28	1734	957	958
22222	28	427	957	958
95059	28	1987	957	958
13544	28	3353	957	958
25486	28	129	957	958
26054	28	416	957	958
21567	28	1960	957	958
23847	28	1363	957	958
43729	28	401	957	958
12048	28	478	957	958
23217	28	560	957	958
21070	28	481	957	958
14143	28	220	957	958
62547	28	371	957	958
12833	28	692	957	958
51549	28	1047	957	958
19339	28	8764	957	958
22311	28	3793	957	958
46034	28	1624	957	958
29383	28	1058	957	958
12625	28	81	957	958
16539	28	1684	957	958
65688	28	2122	957	958
9256	28	1912	957	958
66453	28	773	957	958
10882	28	486	957	958
38386	28	811	957	958
106532	28	2761	957	958
20657	28	178	957	958
31138	28	2994	957	958
10351	28	46	957	958
60204	28	4068	957	958
23487	28	1092	957	958
18376	28	321	957	958
14231	28	1311	957	959
18634	28	1420	957	959
14301	28	81	957	959
44930	28	434	957	959
14337	28	257	957	959
82480	28	812	957	959
45022	28	1265	957	959
38925	28	901	957	959
11333	28	1218	957	959
45106	28	2605	957	959
70883	28	2580	957	959
9205	28	79	957	959
29059	28	529	957	959
5433	28	77	957	959
9229	28	55	957	959
7135	28	348	957	959
10311	28	436	957	959
19117	28	1266	957	959
25396	28	2376	957	959
25425	28	1370	957	959
25460	28	55	957	959
52193	28	2583	957	959
131899	28	993	957	959
61658	28	1227	957	959
34234	28	214	957	959
71655	28	1581	957	959
19385	28	64	957	959
9298	28	1556	957	959
19437	28	2011	957	959
22468	28	181	957	959
11523	28	1096	957	959
9525	28	489	957	959
25970	28	150	957	959
14523	28	119	957	959
9346	28	6068	957	959
46357	28	114	957	959
17159	28	1897	957	959
17174	28	220	957	959
8527	28	1408	957	959
13434	28	211	957	959
72613	28	4574	957	959
62801	28	384	957	959
34647	28	2668	957	959
5041	28	1883	957	959
8000	28	672	957	959
7141	28	53	957	959
7419	28	570	957	959
5896	28	1014	957	959
72926	28	1581	957	959
19366	28	1421	957	959
62212	28	1919	957	959
26523	28	363	957	959
47063	28	22	957	959
26573	28	17415	957	959
4354	28	5227	957	959
16640	28	131	957	959
23172	28	991	957	959
13644	28	334	957	959
11615	28	583	957	959
12043	28	49	957	959
47430	28	871	957	959
23291	28	239	957	959
13680	28	1294	957	959
98945	28	11253	957	959
15005	28	253	957	959
35878	28	888	957	959
9330	28	1124	957	959
17703	28	3700	957	959
10841	28	657	957	959
35931	28	1961	957	959
15594	28	22	957	959
18722	28	692	957	959
41549	28	558	957	959
22132	28	100	957	959
17762	28	2545	957	959
20493	28	594	957	959
9858	28	1764	957	959
38687	28	1613	957	959
7627	28	34	957	959
99620	28	6022	957	959
16582	28	883	957	959
5708	28	1360	957	959
10743	28	79	957	959
55778	28	363	957	959
55880	28	1078	957	959
31639	28	29	957	959
17300	28	434	957	959
14327	28	351	957	959
21637	28	1193	957	959
8685	28	39	957	959
