78417	28	1052	945	948
11560	28	126	945	948
95171	28	524	945	948
100984	28	1238	945	948
46141	28	1495	945	948
26461	28	248	945	948
20469	28	61	945	948
25196	28	4147	945	948
5490	28	281	945	948
64140	28	10463	945	948
26593	28	720	945	948
21129	28	1825	945	948
8358	28	9864	945	948
7904	28	112	945	948
6932	28	2033	945	948
24933	28	170	945	948
8443	28	20789	945	948
64800	28	893	945	948
26538	28	698	945	948
63287	28	145	945	948
37755	28	618	945	948
17988	28	627	945	948
10982	28	2546	945	948
16194	28	261	945	948
18429	28	66	945	948
30061	28	63	945	948
36527	28	161	945	948
22799	28	195	945	948
38390	28	428	945	948
9682	28	41	945	948
63329	28	690	945	948
30150	28	1405	945	948
34012	28	289	945	948
12213	28	136	945	948
26382	28	591	945	948
120231	28	800	945	948
25635	28	757	945	948
8867	28	121	945	948
4945	28	214	945	948
6672	28	55	945	948
47966	28	2563	945	948
8534	28	1682	945	948
30107	28	117	945	948
34539	28	15317	945	948
35221	28	51018	945	948
24497	28	1488	945	948
49570	28	701	945	948
77252	28	1628	945	948
10320	28	256	945	948
34462	28	156	945	948
8550	28	57	945	948
95655	28	235	945	948
8316	28	19	945	948
13240	28	936	945	948
18488	28	428	945	948
41969	28	105	945	948
16969	28	787	945	948
7194	28	202	945	948
5517	28	553	945	948
87773	28	45	945	948
5050	28	539	945	948
8145	28	228	945	948
33023	28	1139	945	948
21512	28	70	945	948
21773	28	477	945	948
9640	28	49170	945	948
8083	28	311	945	948
7212	28	1554	945	948
19861	28	456	945	948
45159	28	1033	945	948
4491	28	503	945	948
21551	28	65	945	948
8113	28	193	945	948
7354	28	135	945	948
74785	28	210	945	948
153975	28	222	945	948
68683	28	89	945	948
14664	28	460	945	948
19343	28	1835	945	948
11609	28	257	945	948
28770	28	70	945	948
16464	28	2203	945	948
14805	28	4650	945	948
6540	28	49	945	948
7022	28	45	945	948
29118	28	24	945	948
11896	28	73	945	948
15404	28	2594	945	948
84614	28	1623	945	948
23877	28	976	945	948
31685	28	109	945	948
7439	28	1082	945	948
13209	28	10003	945	948
11134	28	123	945	948
17777	28	185	945	948
5083	28	199	945	948
16670	28	223	945	948
27716	28	900	945	948
17746	28	452	945	948
5818	28	1071	945	948
15049	28	240	945	948
41163	28	1688	945	948
22932	28	99	945	948
36958	28	1969	945	948
27691	28	109	945	948
110698	28	690	945	948
6246	28	72	945	948
46547	28	198	945	948
7558	28	542	945	948
22528	28	2057	945	948
46950	28	8239	945	948
6379	28	132	945	948
90800	28	5062	945	948
22377	28	3623	945	948
76967	28	201	945	948
8822	28	959	945	948
10474	28	58	945	948
32039	28	1078	945	948
77355	28	143	945	948
8308	28	1733	945	948
19662	28	219	945	948
55514	28	786	945	948
35524	28	7859	945	948
30118	28	123	945	948
60484	28	3069	945	948
111896	28	592	945	948
69055	28	325	945	948
46352	28	10463	945	948
15228	28	220	945	948
63750	28	1752	945	948
10642	28	78	945	948
20378	28	307	945	948
64716	28	515	945	948
17056	28	331	945	948
29614	28	417	945	948
14315	28	39	945	948
19950	28	251	945	948
12063	28	396	945	948
25786	28	259	945	948
38815	28	1936	945	948
41324	28	4380	945	948
27189	28	463	945	948
95874	28	140	945	949
12866	28	8425	945	949
112483	28	170	945	949
83376	28	149	945	949
39989	28	494	945	949
72110	28	5075	945	949
19983	28	236	945	949
73179	28	439	945	949
12105	28	143	945	949
6991	28	965	945	949
3909	23	15501	945	949
9156	28	198	945	949
40991	28	149	945	949
14804	28	257	945	949
75374	28	524	945	949
12777	28	103	945	949
85921	28	235	945	949
25123	28	70	945	949
61120	28	1554	945	949
11471	28	45	945	949
13088	28	364	945	949
33518	28	43	945	949
52264	28	1936	945	949
6742	28	247	945	949
47625	28	3743	945	949
96109	28	13655	945	949
71923	28	2843	945	949
9730	28	973	945	949
25243	28	11427	945	949
30855	28	274	945	949
64738	28	2957	945	949
36773	28	79	945	949
68435	28	240	945	949
17064	28	5616	945	949
11808	28	95	945	949
72675	28	256	945	949
8720	28	20	945	949
18064	28	402	945	949
11017	28	146	945	949
30289	28	20	945	949
12475	28	503	945	949
27926	28	506	945	949
98166	28	1757	945	949
36091	28	60	945	949
28212	28	150	945	949
33360	28	193	945	949
122285	28	2059	945	949
9743	28	52	945	949
15787	28	135	945	949
13046	28	1004	945	949
98695	28	46326	945	949
41402	28	35912	945	949
18172	28	1121	945	949
90100	28	2957	945	949
11694	28	76	945	949
25255	28	140	945	949
29457	28	143	945	949
32578	28	146	945	949
33728	28	282	945	949
7310	28	14621	945	949
21410	28	23	945	949
45499	28	89	945	949
18008	28	942	945	949
27990	28	4274	945	949
46689	28	1446	945	949
8628	28	754	945	949
16021	28	23526	945	949
14143	28	231	945	949
25107	28	220	945	949
14145	28	167	945	949
42784	28	29	945	949
17290	28	253	945	949
13023	28	1833	945	949
6306	28	4128	945	949
51435	28	1177	945	949
96305	28	437	945	949
21810	28	28	945	949
9214	28	202	945	949
47948	28	621	945	949
29967	28	179	945	949
23966	28	56	945	949
47045	28	99	945	949
12758	28	463	945	949
108986	28	751	945	949
21960	28	309	945	949
10549	28	2341	945	949
66355	28	5572	945	949
27712	28	221	945	949
43193	28	959	945	949
128823	28	45583	945	949
94916	28	1110	945	949
45158	28	21300	945	949
17215	28	297	945	949
5348	28	89	945	949
62471	28	256	945	949
11929	28	649	945	949
40628	28	100	945	949
7792	28	85	945	949
40960	28	1816	945	949
59678	28	1239	945	949
27521	28	516	945	949
44461	28	67	945	949
23425	28	34	945	949
24470	28	111	945	949
11840	28	76	945	949
36257	28	51	945	949
17902	28	181	945	949
64597	28	1656	945	949
110158	28	216	945	949
13807	28	396	945	949
41646	28	1097	945	949
74438	28	270	945	949
60256	28	64	945	949
22977	28	71	945	949
24882	28	610	945	949
26587	28	143	945	949
69066	28	1825	945	949
37273	28	29	945	949
34001	28	319	945	949
9880	28	289	945	949
67348	23	9368	945	949
88280	28	973	945	949
11085	28	275	945	949
99424	28	260	945	949
13815	28	135	945	949
31234	28	216	945	949
61019	28	147	945	949
27521	28	135	945	949
7577	28	500	945	949
42166	28	1596	945	949
61929	28	52163	945	949
6802	28	199	945	949
55204	28	159	945	949
46853	28	933	945	949
80094	28	1000	945	949
12561	28	7723	945	949
13335	28	230	945	949
122285	28	3184	945	949
11202	28	766	945	949
10897	28	72	945	949
11643	28	1156	945	949
14592	28	2709	945	949
68893	28	602	945	949
31181	28	649	945	949
14421	28	1016	945	949
23148	28	99	945	949
33014	28	1148	945	949
25385	28	274	945	949
24748	28	102	945	949
37199	28	1695	945	949
74853	28	2041	945	949
9514	28	233	945	949
11233	28	639	945	949
77402	28	219	945	949
22120	28	634	945	949
78817	28	748	945	949
100407	28	897	945	949
11861	28	37	945	949
24796	28	431	945	949
44058	28	2126	945	949
14977	28	52	945	949
83505	28	139	945	949
66587	28	378	945	949
19600	28	119	945	949
14743	28	76	945	950
30226	28	142	945	950
3986	28	276	945	950
29136	28	193	945	950
18617	28	144	945	950
15501	23	3909	945	950
47622	28	217	945	950
33915	28	289	945	950
9371	28	23	945	950
31794	28	3167	945	950
18739	28	78	945	950
18021	28	3999	945	950
19517	28	121	945	950
41528	28	1070	945	950
28168	28	132	945	950
7107	28	524	945	950
71173	28	217	945	950
25032	28	770	945	950
52741	28	661	945	950
95967	16	50020	945	950
30189	28	286	945	950
40517	28	868	945	950
23535	28	242	945	950
55435	28	897	945	950
15756	28	36	945	950
19920	28	1131	945	950
10952	28	542	945	950
27793	28	429	945	950
8233	28	1464	945	950
68463	28	280	945	950
18304	28	2738	945	950
24808	28	2713	945	950
67933	28	15459	945	950
53588	28	1101	945	950
13326	28	289	945	950
13916	28	646	945	950
38373	28	832	945	950
35419	28	2738	945	950
19163	28	381	945	950
8283	28	44	945	950
22588	28	60	945	950
34743	28	530	945	950
44333	28	976	945	950
42849	28	259	945	950
47900	28	2145	945	950
33735	28	252	945	950
100225	28	378	945	950
48112	28	749	945	950
11035	28	1432	945	950
169328	28	881	945	950
23586	28	539	945	950
94694	28	454	945	950
58195	28	303	945	950
12222	28	63	945	950
18514	28	421	945	950
17979	28	91	945	950
19076	28	2525	945	950
7386	28	50	945	950
14200	28	8924	945	950
45249	28	371	945	950
9657	28	155	945	950
36178	28	269	945	950
101345	28	79	945	950
84324	28	350	945	950
8063	28	371	945	950
19719	28	2385	945	950
15538	28	158	945	950
59663	28	1014	945	950
45582	28	154	945	950
6544	28	274	945	950
56470	28	1879	945	950
95612	28	315	945	950
15452	28	45	945	950
9934	28	46	945	950
26776	28	185	945	950
102114	28	1000	945	950
37465	28	1279	945	950
62923	28	4418	945	950
22313	28	268	945	950
14025	28	143	945	950
32924	28	564	945	950
21271	28	245	945	950
56751	28	124	945	950
17241	28	228	945	950
86596	28	142	945	950
14876	28	41	945	950
18047	28	67	945	950
16102	28	159	945	950
51785	28	464	945	950
18068	28	240	945	950
71486	28	783	945	950
38090	28	29	945	950
11145	28	158	945	950
41914	28	409	945	950
124161	28	65	945	950
86291	28	158	945	950
60428	28	1057	945	950
17686	28	40	945	950
36883	28	1239	945	950
31703	28	133	945	950
63258	28	386	945	950
63329	28	268	945	950
26403	28	46	945	950
75141	28	56	945	950
44823	28	10497	945	951
17222	28	428	945	951
13411	28	60	945	951
12342	28	134	945	951
7032	28	351	945	951
115841	28	1597	945	951
20804	28	19	945	951
15826	28	612	945	951
135049	16	9	945	951
75527	28	4003	945	951
52658	28	633	945	951
16741	28	413	945	951
89274	28	746	945	951
5709	28	199	945	951
14881	28	428	945	951
40152	28	11857	945	951
19856	28	280	945	951
34933	28	1023	945	951
19927	28	251	945	951
27151	28	98	945	951
83809	28	649	945	951
31740	28	452	945	951
35725	28	1335	945	951
9695	28	161	945	951
78416	28	360	945	951
9730	28	150	945	951
12058	28	42	945	951
104273	28	1262	945	951
5564	28	51	945	951
14208	28	1101	945	951
62413	28	560	945	951
37214	28	412	945	951
34410	28	476	945	951
80949	28	71	945	951
15865	28	240	945	951
64090	28	25506	945	951
40112	28	289	945	951
6808	28	7859	945	951
12889	28	351	945	951
15977	28	535	945	951
30965	28	253	945	951
8759	28	89	945	951
34654	28	492	945	951
126351	28	168	945	951
70808	28	612	945	951
31611	28	146	945	951
8430	28	184	945	951
11620	28	297	945	951
7663	28	704	945	951
46377	28	1371	945	951
69847	28	515	945	951
47427	28	155	945	951
14324	28	381	945	951
17638	28	351	945	951
28279	28	95	945	951
18409	28	205	945	951
45228	28	227	945	951
19091	28	4147	945	951
39720	28	159	945	951
24832	28	28	945	951
178338	28	32155	945	951
25270	28	28	945	951
32896	28	22	945	951
29668	28	202	945	951
63019	28	836	945	951
33019	28	77	945	951
75689	28	1083	945	951
116772	28	254	945	951
36540	28	49	945	951
5670	28	48	945	951
21142	28	623	945	951
22831	28	19	945	951
25092	28	202	945	951
42662	28	70	945	951
26915	28	143	945	951
6667	28	55	945	951
33180	28	134	945	951
22774	28	267	945	951
12913	28	280	945	951
80490	28	2347	945	951
15340	28	78	945	951
10559	28	531	945	951
28575	28	778	945	951
14240	28	135	945	951
11564	28	89	945	951
37444	28	1777	945	951
14968	28	162	945	951
14353	28	140	945	952
29663	28	866	945	952
14595	28	81	945	952
27394	28	161	945	952
48290	28	68	945	952
36995	28	297	945	952
52502	28	2887	945	952
18939	28	227	945	952
86311	28	21300	945	952
31442	28	593	945	952
7839	28	103	945	952
123075	28	455	945	952
12702	28	168	945	952
26363	28	95	945	952
15236	28	34	945	952
14298	28	428	945	952
36006	28	1000	945	952
10418	28	70	945	952
140320	28	622	945	952
14033	28	2701	945	952
26593	28	481	945	952
104798	28	1083	945	952
19980	28	699	945	952
18967	28	82	945	952
6096	23	147934	945	952
76908	28	869	945	952
8747	28	177	945	952
15331	28	22	945	952
23963	28	104	945	952
20432	28	71	945	952
17125	28	185	945	952
66089	28	328	945	952
20083	28	203	945	952
14768	28	68	945	952
14042	28	387	945	952
20897	28	126	945	952
28208	28	1253	945	952
41448	28	701	945	952
15624	28	46	945	952
19550	28	1000	945	952
27332	28	363	945	952
8147	28	396	945	952
45016	28	201	945	952
25236	28	770	945	952
46984	28	23	945	952
12887	28	662	945	952
35419	28	106	945	952
66420	28	531	945	952
56859	28	170	945	952
41449	28	535	945	952
69735	28	419	945	952
16353	28	85	945	952
24870	28	118	945	952
40181	28	390	945	953
17268	28	176	945	953
24839	28	123	945	953
82264	28	8354	945	953
7178	28	107	945	953
11723	28	41	945	953
32247	28	1670	945	953
38055	28	510	945	953
69362	23	101727	945	953
20713	28	572	945	953
32630	28	539	945	953
25395	28	2653	945	953
18582	28	760	945	953
169366	28	291	945	953
26881	28	34	945	953
13331	28	74	945	953
68893	28	1028	945	953
14956	28	245	945	953
11080	28	464	945	953
34123	28	481	945	953
26077	28	481	945	953
13011	28	1211	945	953
83215	28	910	945	953
37964	28	269	945	953
14906	28	121	945	953
28800	28	965	945	953
67779	28	256	945	953
33973	28	50	945	953
18581	28	30	945	953
12610	28	487	945	953
21596	28	1581	945	953
12832	28	846	945	953
7428	28	1000	945	953
9547	28	164	945	953
23475	28	1262	945	953
36304	28	132	945	953
23836	28	29	945	953
11476	28	135	945	953
23888	28	1697	945	953
32992	28	267	945	953
49820	28	1949	945	953
17894	28	514	945	953
30065	28	34	945	954
48368	28	5808	945	954
9086	28	223	945	954
74873	28	355	945	954
41939	28	162	945	954
76075	28	754	945	954
25397	28	453	945	954
23304	28	368	945	954
42998	28	232	945	954
28685	28	653	945	954
98326	28	481	945	954
65549	28	121	945	954
21113	28	1277	945	954
22335	28	41	945	954
30256	28	1262	945	954
40584	28	504	945	954
18950	28	14	945	954
20378	28	423	945	954
23483	28	65	945	954
36365	28	1118	945	954
50999	28	52	945	954
80788	28	1316	945	954
15477	28	6384	945	954
21025	28	280	945	954
61314	28	10344	945	954
8025	28	368	945	954
15376	28	174	945	954
181967	28	325	945	954
37427	28	348	945	954
34365	28	146	945	954
53051	28	1304	945	954
86958	28	117	945	954
35828	28	29	945	954
70722	28	28198	945	954
8577	28	413	945	954
42065	28	49	945	954
7130	28	494	945	955
27023	28	327	945	955
11983	28	276	945	955
6274	23	34639	945	955
39603	28	160	945	955
159300	28	924	945	955
66578	28	785	945	955
13190	28	227	945	955
6744	28	428	945	955
40015	28	428	945	955
6970	28	65	945	955
95798	28	1898	945	955
12077	28	368	945	955
9316	28	526	945	955
61330	28	198	945	955
28846	28	453	945	955
76672	16	41278	945	955
22062	28	368	945	955
9574	28	510	945	955
41772	28	397	945	955
6364	28	267	945	955
18236	28	81	945	955
11195	28	269	945	955
73548	28	1757	945	955
19869	28	206	945	955
50430	28	739	945	955
100099	28	2540	945	956
88280	28	1223	945	956
19046	28	869	945	956
11146	28	41	945	956
8991	28	397	945	956
12211	28	121	945	956
43088	28	2109	945	956
69950	28	1757	945	956
23640	28	238	945	956
26690	28	1000	945	956
78196	14	24389	945	956
3826	23	5869	945	956
13147	28	269	945	956
43466	28	1135	945	956
27990	28	622	945	956
33932	23	76735	945	956
76735	23	33932	945	956
19051	28	46	945	956
59500	28	2632	945	956
25051	28	276	945	957
12102	23	82737	945	957
74983	28	366	945	957
75789	28	323	945	957
14762	28	267	945	957
122262	16	25549	945	957
18739	28	494	945	957
80973	28	95	945	957
17723	28	1629	945	957
94121	28	140	945	957
28546	28	327	945	957
104793	28	8924	945	957
41920	28	269	945	957
74845	28	3022	945	957
47900	28	470	945	957
26370	28	40	945	957
27714	28	37	945	957
14793	28	348	945	957
107045	28	1495	945	957
81904	28	360	945	957
9769	28	428	945	957
19933	28	428	945	957
33547	28	348	945	957
46306	28	146	945	958
12428	28	267	945	958
16707	28	1300	945	958
88343	28	8924	945	958
121430	16	25549	945	958
9677	28	368	945	958
42384	28	71	945	958
15703	28	22	945	958
22833	28	60	945	958
71810	28	350	945	958
74784	28	52	945	958
14436	28	464	945	959
36196	28	3574	945	959
64783	28	531	945	959
49225	28	231	945	959
32038	28	206	945	959
32120	28	247	945	959
34410	28	106	945	959
105253	16	2830	945	959
26531	28	323	945	960
138529	16	78093	945	960
68857	28	470	945	961
51022	28	622	945	961
47311	16	50020	945	961
3945	23	125444	945	961
6702	23	5130	945	962
6374	28	106	945	962
61869	28	255	945	963
71810	28	1384	945	964
31931	16	15369	945	964
77476	16	28872	945	965
77476	16	15338	945	965
88053	16	9	945	965
29714	28	20	945	969
45139	28	52342	946	0
18869	28	16	946	0
61242	28	25057	946	0
8532	28	477	946	0
71429	28	5994	946	0
25216	28	481	946	0
25577	28	281	946	0
113025	28	505	946	0
132153	28	114	946	0
16975	28	1021	946	0
8628	28	486	946	0
97306	14	25938	946	0
83809	28	428	946	0
10232	28	14	946	0
72384	28	4193	946	0
96171	28	3169	946	0
4572	28	250	946	0
84339	14	308	946	0
54003	28	41	946	0
17269	28	864	946	0
13155	28	186	946	0
9683	28	42	946	0
19988	28	32	946	0
5093	28	110	946	0
19536	28	52	946	0
26080	28	462	946	0
13619	28	118	946	0
20039	28	2156	946	0
63618	28	391	946	0
4351	28	77	946	0
14920	28	3069	946	0
20458	28	82	946	0
7194	28	235	946	0
26263	1	41696	946	0
23260	28	150	946	0
14434	28	22	946	0
17822	28	110	946	0
23335	14	444	946	0
7815	28	74	946	0
74806	14	74807	946	0
53210	14	2964	946	0
134889	6	497	946	0
48652	28	117	946	0
62283	28	263	946	0
12396	28	164	946	0
4932	28	815	946	0
7219	28	92	946	0
3943	28	283	946	0
10133	28	676	946	0
5093	28	298	946	0
101260	28	49203	946	0
17979	28	19	946	0
29058	28	2553	946	0
8818	28	7809	946	0
101581	28	42853	946	0
76342	28	6974	946	0
57241	28	915	946	0
15488	28	4627	946	0
57285	28	3959	946	0
43062	28	2575	946	0
159458	28	505	946	0
66420	28	915	946	0
40978	28	1813	946	0
57418	28	5180	946	0
55234	28	400	946	0
82537	28	10191	946	0
77134	14	13416	946	0
33834	28	623	946	0
48114	28	30703	946	0
49947	28	100	946	0
45284	28	174	946	0
13076	28	78	946	0
6800	28	418	946	0
13155	28	58	946	0
7202	28	100	946	0
137470	28	2957	946	0
8567	28	7139	946	0
9383	28	1793	946	0
6032	28	104	946	0
10496	28	395	946	0
67131	28	1216	946	0
77620	28	139	946	0
34504	28	5010	946	0
50124	14	775	946	0
46146	28	653	946	0
98101	28	706	946	0
30072	28	2693	946	0
11420	28	926	946	0
11827	28	31	946	0
30377	28	7139	946	0
77881	28	4627	946	0
6019	28	38	946	0
77432	28	3317	946	0
37691	23	7472	946	0
161274	28	809	946	0
19704	28	227	946	0
58390	28	1432	946	0
52377	28	1206	946	0
40019	28	1700	946	0
120615	28	238	946	0
15239	28	713	946	0
8902	28	2822	946	0
84057	28	261	946	0
90783	28	24789	946	0
23062	28	857	946	0
120903	28	963	946	0
36140	28	4335	946	0
20620	28	92	946	0
105006	14	39030	946	0
27376	28	808	946	0
55543	14	902	946	0
55744	28	1831	946	0
22733	28	29	946	0
76489	28	1545	946	0
29714	28	717	946	0
9064	28	183	946	0
8385	28	32	946	0
79090	28	5207	946	0
8081	14	89199	946	0
103530	28	8726	946	0
8628	28	640	946	0
15488	28	4335	946	0
4622	23	60736	946	0
60736	23	4622	946	0
45098	28	50811	946	0
56724	28	3282	946	0
18064	28	418	946	0
27624	28	265	946	0
14121	14	105360	946	0
19688	28	117	946	0
13301	28	320	946	0
5004	28	557	946	0
106003	28	188	946	0
14486	28	72	946	0
13425	28	878	946	0
22165	28	66	946	0
14514	28	32	946	0
24164	28	167	946	0
10666	28	1073	946	0
62546	28	2738	946	0
28079	28	39449	946	0
42980	28	8786	946	0
119097	16	1256	946	0
72711	14	25228	946	0
28445	28	361	946	0
55509	28	176	946	0
67131	28	2209	946	0
14067	28	418	946	0
9456	28	670	946	0
10642	28	265	946	0
14107	28	784	946	0
66311	28	60	946	0
9862	28	418	946	0
82948	23	123285	946	0
14392	28	98	946	0
84053	28	412	946	0
7036	14	17928	946	0
10063	28	227	946	0
17357	28	915	946	0
20601	28	418	946	0
27384	28	2738	946	0
72023	28	4083	946	0
58933	28	704	946	0
53628	28	486	946	0
79846	14	92738	946	0
60541	28	276	946	0
143676	28	102	946	0
124639	28	2831	946	0
10729	28	361	946	0
3275	23	13496	946	0
93465	28	13143	946	0
9086	28	55	946	0
5939	28	111	946	0
6648	28	49	946	0
14770	28	68	946	0
67338	28	851	946	0
56117	28	915	946	0
36959	28	361	946	0
49668	28	996	946	0
95818	28	428	946	0
4351	28	98	946	0
40629	14	166735	946	0
10952	28	640	946	0
6063	28	14	946	0
15265	28	5558	946	0
19868	28	273	946	0
66529	28	168	946	0
108994	23	91059	946	0
79288	28	2035	946	0
60138	23	4436	946	0
4986	28	28	946	0
5534	28	808	946	0
67249	28	198	946	0
33094	28	16747	946	0
38581	28	3791	946	0
86668	28	915	946	0
8833	28	82	946	0
27967	28	106	946	0
4869	28	117	946	0
68520	28	80	946	0
103847	28	516	946	0
5989	28	120	946	0
90777	28	821	946	0
66566	28	428	946	0
90787	28	5062	946	0
46229	14	1491	946	0
47977	14	5693	946	0
4622	1	84772	946	0
6742	28	43	946	0
16318	28	53	946	0
10132	28	2098	946	0
40347	14	9093	946	0
17195	14	2258	946	0
15460	28	44	946	0
12522	28	3623	946	0
8757	14	3501	946	0
19217	28	3069	946	0
24592	28	63	946	0
7127	28	800	946	0
24205	28	43	946	0
26080	28	713	946	0
6246	28	404	946	0
23101	28	565	946	0
7482	28	160	946	0
11438	28	164	946	0
49141	28	196	946	0
42548	28	1123	946	0
17204	28	32	946	0
40015	28	164	946	0
128135	14	3721	946	0
11668	28	486	946	0
115778	14	4374	946	0
53628	28	640	946	0
21395	28	633	946	0
9934	28	82	946	0
46984	28	339	946	0
49947	28	104	946	0
29180	28	486	946	0
48082	23	128312	946	0
10416	28	7139	946	0
35621	28	749	946	0
24205	28	89	946	0
53916	28	496	946	0
4986	28	80	946	0
71815	28	3426	946	0
10584	28	808	946	0
78732	28	150	946	0
70036	28	2156	946	0
32537	14	854	946	0
75947	28	158	946	0
29580	28	3276	946	0
69155	28	565	946	0
18801	28	1031	946	0
92322	28	1551	946	0
149717	14	3568	946	0
8199	28	3123	946	0
49690	28	528	946	0
83697	28	1835	946	0
12416	28	88	946	0
53690	28	3317	946	0
18147	28	355	946	0
149944	14	3280	946	0
35094	28	417	946	0
14719	28	1458	946	0
4435	28	152	946	0
46351	28	552	946	0
79583	23	108890	946	0
7127	28	152	946	0
58196	28	936	946	0
73624	28	118	946	0
53247	28	276	946	0
66697	14	4240	946	0
18247	28	142	946	0
7127	28	81	946	0
7960	28	1656	946	0
8228	28	14	946	0
115170	28	76235	946	0
30766	28	634	946	0
13832	28	717	946	0
23411	28	4674	946	0
26146	28	105	946	0
21678	14	3622	946	0
3115	23	6979	946	0
6979	23	3115	946	0
12797	28	259	946	0
80964	28	5062	946	0
6264	28	53	946	0
11302	28	1458	946	0
51341	28	415	946	0
5939	28	109	946	0
7062	14	2297	946	0
90633	28	755	946	0
7877	28	185	946	0
70498	28	757	946	0
151668	28	3021	946	0
58364	14	1445	946	0
5676	28	67	946	0
5940	28	565	946	0
10605	28	195	946	0
31134	28	591	946	0
14533	28	291	946	0
21551	28	294	946	0
23205	14	7090	946	0
8684	28	626	946	0
20810	28	240	946	0
26676	14	35392	946	0
6035	28	532	946	0
22076	28	460	946	0
7182	28	166	946	0
14594	28	109	946	0
118670	28	417	946	0
20135	14	4413	946	0
7085	28	30	946	0
12022	28	261	946	0
32151	28	927	946	0
124081	28	2488	946	0
9349	28	546	946	0
21088	28	54	946	0
52571	28	915	946	0
54352	14	149513	946	0
14144	28	1335	946	0
34462	28	565	946	0
62418	28	1216	946	0
8205	28	931	946	0
12686	28	14	946	0
19327	28	852	946	0
55829	14	12873	946	0
12211	28	241	946	0
5535	28	147	946	0
33035	28	298	946	0
178228	28	505	946	0
7810	28	2250	946	0
121079	14	24194	946	0
12699	28	46	946	0
7972	28	1078	946	0
82229	28	145	946	0
4859	28	938	946	0
6647	28	46	946	0
13551	28	1166	946	0
83871	28	9960	946	0
6034	28	53	946	0
11911	28	294	946	0
28695	28	927	946	0
16989	28	34	946	0
8018	28	32	946	0
16991	28	641	946	0
11227	28	164	946	0
24519	28	1169	946	0
56491	28	625	946	0
7368	28	1505	946	0
7882	28	882	946	0
4733	28	19	946	0
11611	28	486	946	0
48995	14	1126	946	0
9894	28	2104	946	0
15003	28	2436	946	0
59988	28	241	946	0
88170	28	1813	946	0
32247	28	267	946	0
17357	28	486	946	0
180176	14	15888	946	0
85989	16	4126	946	0
35625	28	442	946	0
9801	28	165	946	0
13882	14	2258	946	0
10666	28	866	946	0
7563	28	72	946	0
123473	28	170	946	0
54394	28	16	946	0
52794	28	634	946	0
42350	14	308	946	0
15243	28	1186	946	0
49724	28	915	946	0
63386	28	2388	946	0
48076	28	91	946	0
9004	28	4627	946	0
46036	28	640	946	0
70418	23	111601	946	0
59211	28	4922	946	0
16318	28	51	946	0
41655	14	36695	946	0
6420	28	474	946	0
36948	28	161	946	0
17197	28	573	946	0
24683	28	1119	946	0
29058	28	821	946	0
27756	14	2911	946	0
5840	28	2050	946	0
8215	28	221	946	0
36852	28	24	946	0
51233	28	81	946	0
50449	28	418	946	0
80094	28	238	946	0
40192	28	3724	946	0
23142	28	55	946	0
18082	28	250	946	0
117450	28	1788	946	0
30173	14	23821	946	0
64783	28	915	946	0
24877	28	417	946	0
34077	28	7139	946	0
33265	28	749	946	0
33935	14	3795	946	0
14669	28	195	946	0
70406	28	15869	946	0
91736	6	92038	946	0
17269	28	227	946	0
87355	28	117	946	0
8385	28	754	946	0
12080	14	7980	946	0
8513	28	2127	946	0
8848	28	274	946	0
10919	28	32	946	0
103277	28	167	946	0
68909	28	70291	946	0
4963	28	28	946	0
14963	28	2027	946	0
120615	28	391	946	0
16847	28	1083	946	0
50426	28	89	946	0
16914	28	259	946	0
72243	28	76235	946	0
44906	28	1432	946	0
33924	14	62575	946	0
76645	23	155080	946	0
155080	23	76645	946	0
69476	14	17538	946	0
110527	28	15530	946	0
31380	28	8726	946	0
57557	28	20722	946	0
35819	28	176	946	0
16922	28	54	946	0
72058	28	29155	946	0
27538	28	12978	946	0
69680	28	100	946	0
155203	23	17900	946	0
31189	28	228	946	0
36540	28	1102	946	0
43025	28	206	946	0
5639	28	131	946	0
78378	14	27157	946	0
76331	28	749	946	0
8350	28	936	946	0
20868	14	308	946	0
12086	28	158	946	0
20529	28	164	946	0
19941	28	10999	946	0
7512	28	418	946	0
51325	28	1390	946	0
27529	28	3069	946	0
31694	28	462	946	0
33266	28	4335	946	0
10656	28	32	946	0
4221	28	81	946	0
26497	28	2738	946	0
90237	23	155422	946	0
7100	28	1102	946	0
61591	14	6305	946	0
78423	28	48	946	0
7182	28	117	946	0
11222	28	3924	946	0
117438	28	1297	946	0
41788	14	308	946	0
16285	28	3069	946	0
50019	28	415	946	0
111412	28	68	946	0
5368	28	92	946	0
17902	28	808	946	0
38223	28	244	946	0
89274	28	1288	946	0
63618	28	238	946	0
7488	28	109	946	0
54880	28	996	946	0
48560	14	1491	946	0
106003	28	175	946	0
87224	28	23960	946	0
46036	28	486	946	0
62071	14	7183	946	0
7154	28	150	946	0
23835	28	418	946	0
55809	14	22294	946	0
187626	14	46859	946	0
33184	28	24	946	0
12105	28	54	946	0
18781	28	4627	946	0
13603	28	1388	946	946
1502	27	78296	946	946
18582	28	9081	946	947
21683	28	133	946	947
18640	28	41	946	947
12823	28	219	946	947
21920	28	231	946	947
14657	28	1239	946	947
22223	28	748	946	947
71503	28	186	946	947
83421	28	1135	946	947
25651	28	86	946	947
45907	28	649	946	947
22060	28	1239	946	947
14853	28	1652	946	947
53308	28	3021	946	947
9470	28	894	946	947
22503	28	181	946	947
9493	28	214	946	947
11339	28	1430	946	947
97423	28	3135	946	947
7368	28	188	946	947
13422	28	328	946	947
25359	28	11742	946	947
29352	28	228	946	947
19809	28	429	946	947
30496	28	3211	946	947
10652	28	1971	946	947
7433	28	925	946	947
20068	28	304	946	947
55167	28	142	946	947
7286	28	154	946	947
12259	28	30	946	947
17105	28	660	946	947
48076	28	134	946	947
18751	28	293	946	947
6802	28	102	946	947
19620	28	364	946	947
22223	28	464	946	947
23706	28	79	946	947
7510	28	38	946	947
13934	28	402	946	947
22330	28	1466	946	947
8972	28	883	946	947
14859	28	103	946	947
42425	28	1505	946	947
9282	28	105	946	947
65538	28	2849	946	947
56684	28	1243	946	947
9490	28	1677	946	947
20619	28	2033	946	947
32218	28	1182	946	947
62226	28	291	946	947
32291	28	930	946	947
8867	28	377	946	947
35452	28	8726	946	947
15028	28	417	946	947
88444	28	1034	946	947
6178	28	40	946	947
6313	28	612	946	947
43101	28	1155	946	947
49690	28	1446	946	947
10634	28	100	946	947
21075	28	1727	946	947
13158	28	423	946	947
7127	28	100	946	947
4984	28	45	946	947
54676	28	332	946	947
5889	28	2446	946	947
29168	28	52319	946	947
12743	28	164	946	947
25053	28	321	946	947
63295	28	539	946	947
19028	28	3684	946	947
19046	28	812	946	947
29448	28	315	946	947
25254	28	1014	946	947
25369	28	774	946	947
83964	28	39	946	947
19072	28	83042	946	947
14434	28	117	946	947
39622	28	297	946	947
11698	28	474	946	947
50000	28	793	946	947
6742	28	40	946	947
11770	28	3069	946	947
103466	28	1671	946	947
13368	28	114	946	947
5093	28	283	946	947
19825	28	3436	946	947
13092	28	1211	946	947
46686	28	3684	946	947
77876	28	129	946	947
17194	28	141	946	947
17220	28	69	946	947
26053	28	10644	946	947
31303	28	591	946	947
9431	28	119	946	947
54431	28	2199	946	947
10649	28	4922	946	947
5253	28	77	946	947
22416	28	915	946	947
67576	28	2104	946	947
12994	28	915	946	947
9547	28	387	946	947
12129	28	2411	946	947
103256	28	1116	946	947
47440	28	682	946	947
54880	28	603	946	947
5217	28	52	946	947
78423	28	168	946	947
67779	28	176	946	947
20495	28	1156	946	947
31313	28	365	946	947
23574	28	15315	946	947
61599	28	915	946	947
89962	28	1185	946	947
120929	28	496	946	947
4666	28	39757	946	947
5534	28	1420	946	947
48118	28	2413	946	947
12331	28	1471	946	947
121019	28	553	946	947
11994	28	315	946	947
121081	28	381	946	947
8210	28	1505	946	947
7918	28	253	946	947
11681	28	402	946	947
4659	28	551	946	947
64753	28	248	946	947
12817	28	256	946	947
68162	28	390	946	947
39779	28	630	946	947
31737	28	70	946	947
6032	28	126	946	947
32300	28	713	946	947
45544	28	504	946	947
5240	28	155	946	947
7103	28	2714	946	947
15891	28	582	946	947
26908	28	1588	946	947
53050	28	83	946	947
25883	28	57	946	947
14679	28	565	946	947
5368	28	1035	946	947
4312	28	1715	946	947
12388	28	474	946	947
10701	28	4594	946	947
65934	28	69	946	947
87773	28	71	946	947
70630	28	238	946	947
19233	28	170	946	947
4547	28	2300	946	947
84681	28	2627	946	947
17013	28	602	946	947
57595	28	930	946	947
33533	28	634	946	947
48504	28	28174	946	947
15297	28	49170	946	947
9574	28	731	946	947
91236	28	283	946	947
11782	28	960	946	947
22947	28	643	946	947
27375	28	718	946	947
7972	28	325	946	947
46359	28	82	946	947
10063	28	3623	946	947
80094	28	5761	946	947
123473	28	701	946	947
32151	28	731	946	947
90386	28	53	946	947
76918	28	2250	946	947
6700	28	57	946	947
50148	28	59434	946	947
84842	28	1794	946	947
27718	28	951	946	947
71960	28	283	946	947
31870	28	185	946	947
65581	28	168	946	947
31342	28	395	946	947
69051	28	428	946	947
11048	28	313	946	947
71249	28	617	946	947
16226	28	10644	946	947
24545	28	150	946	947
39622	28	937	946	947
93189	28	726	946	947
85430	28	30141	946	947
18530	28	98	946	947
38294	28	253	946	947
44058	28	1061	946	947
108109	28	161	946	947
8691	28	43	946	947
89284	28	238	946	947
28695	28	731	946	947
11595	28	926	946	947
78673	28	254	946	947
8320	28	257	946	947
43040	28	2126	946	947
27032	28	3069	946	947
40048	28	704	946	947
15016	28	333	946	947
45703	28	170	946	947
28781	28	57	946	947
19298	28	995	946	947
14053	28	760	946	947
60076	28	202	946	947
34152	28	10879	946	947
7870	28	573	946	947
13735	28	274	946	947
28814	28	1057	946	947
41177	28	174	946	947
5868	28	1588	946	947
45520	28	1239	946	947
25170	28	14	946	947
7029	28	1317	946	947
19606	28	2135	946	947
38382	28	345	946	947
8618	28	160	946	947
17641	28	61	946	947
8833	28	122	946	947
15047	28	6380	946	947
39246	28	868	946	947
45098	28	280	946	947
10036	28	3323	946	947
126398	28	1144	946	947
21437	28	2440	946	947
66311	28	70	946	947
10209	28	44	946	947
103719	28	731	946	947
44079	28	114	946	947
11940	28	168	946	947
10695	28	106	946	947
30729	28	2672	946	947
21387	28	53	946	947
23090	28	2738	946	947
28034	28	2522	946	947
64163	28	1969	946	947
5924	28	131	946	947
55201	28	940	946	947
17220	28	1102	946	947
86989	28	757	946	947
19382	28	4903	946	947
38590	28	10488	946	947
16192	28	61	946	947
85922	28	178	946	947
52636	28	155	946	947
64904	28	1137	946	947
9257	28	268	946	947
50426	28	16	946	947
16952	28	5820	946	947
13246	28	868	946	947
11870	28	210	946	947
104898	28	241	946	947
78612	28	1052	946	947
19822	28	81	946	947
28388	28	565	946	947
33614	28	3743	946	947
17627	28	31309	946	947
57509	28	554	946	947
9464	28	117	946	947
57138	28	395	946	947
11097	28	780	946	947
44068	28	8786	946	947
40192	28	1554	946	947
87335	28	919	946	947
47592	28	2776	946	947
92918	28	749	946	947
16986	28	447	946	947
20539	28	460	946	947
20587	28	164	946	947
18125	28	1078	946	947
28696	28	105	946	947
65038	28	1476	946	947
128213	28	315	946	947
12211	28	915	946	947
14489	28	379	946	947
9395	28	660	946	947
46330	28	28174	946	947
60126	28	281	946	947
12522	28	780	946	947
12693	28	395	946	947
31216	28	383	946	947
71793	28	1294	946	947
110677	28	1304	946	947
38472	28	1697	946	947
12732	28	16	946	947
60156	28	593	946	947
94547	28	71	946	947
7605	28	2447	946	947
103844	28	361	946	947
11884	28	64	946	947
6163	28	60	946	947
95210	28	82	946	947
15566	28	74	946	947
18557	28	1405	946	947
23260	28	751	946	947
128705	28	364	946	947
34888	28	836	946	947
125034	28	3925	946	947
12146	28	248	946	947
14191	28	1139	946	947
31028	28	2052	946	947
8793	28	784	946	947
92981	28	76	946	947
66202	28	122	946	947
28081	28	1616	946	947
9561	28	1229	946	947
8795	28	964	946	947
23045	28	112	946	947
14148	28	170	946	947
12855	28	2433	946	947
51862	28	230	946	947
20592	28	69	946	947
5280	28	99	946	947
7582	28	1795	946	947
82229	28	119	946	947
48826	28	915	946	947
17073	28	256	946	947
12826	28	214	946	947
8030	28	1325	946	947
25819	28	634	946	947
10011	28	83	946	947
35335	28	6692	946	947
33064	28	70	946	947
76098	28	175	946	947
30072	28	10644	946	947
41604	28	280	946	947
16208	28	1500	946	947
15768	28	10159	946	947
86617	28	1097	946	947
75947	28	1742	946	947
19174	28	141	946	947
44111	28	227	946	947
47283	28	989	946	947
12513	28	3684	946	947
6232	28	41	946	947
87648	28	744	946	947
17197	28	1121	946	947
94477	28	1261	946	947
64004	28	1567	946	947
13390	28	38246	946	947
40656	28	6134	946	947
92110	28	27313	946	947
7565	28	8239	946	947
14576	28	3069	946	947
74191	28	2250	946	947
39179	28	3684	946	947
6482	28	313	946	947
9514	28	364	946	947
10912	28	477	946	947
38386	28	1395	946	947
5535	28	85	946	947
18458	28	1545	946	947
13967	28	1505	946	947
121483	28	7459	946	947
127956	28	731	946	947
44789	28	3599	946	947
10642	28	178	946	947
49412	28	58	946	947
48328	28	2162	946	947
46673	28	3205	946	947
38100	28	2327	946	947
30236	28	87	946	947
12327	28	7024	946	947
5183	28	9864	946	947
18884	28	77	946	947
41128	28	1592	946	947
30729	28	121	946	947
106720	28	22569	946	947
8312	28	67	946	947
30120	28	265	946	947
8157	28	1432	946	947
9596	28	153	946	947
28656	28	469	946	947
10584	28	732	946	947
63909	28	1544	946	947
28892	28	1596	946	947
16803	28	2127	946	947
27083	28	500	946	947
21996	28	662	946	947
4298	28	1102	946	947
11929	28	4541	946	947
94676	28	1577	946	947
60402	28	460	946	947
97219	28	298	946	947
14533	28	515	946	947
7032	28	1034	946	947
81508	28	1481	946	947
28326	28	2172	946	947
8357	28	14	946	947
34825	28	199	946	947
7009	28	529	946	947
20063	28	1156	946	947
21460	28	14	946	947
37075	28	355	946	947
68279	28	2019	946	947
26525	28	702	946	947
15891	28	2019	946	947
12427	28	233	946	947
5175	28	147	946	947
32736	28	463	946	947
38523	28	112	946	947
96171	28	896	946	947
16239	28	24650	946	947
32280	28	244	946	947
91749	28	180	946	947
13191	28	894	946	947
32330	28	1316	946	947
25525	28	164	946	947
5599	28	751	946	947
36211	28	3684	946	947
16628	28	1073	946	947
95710	28	303	946	947
9647	28	1757	946	947
13059	28	57	946	947
33102	28	5222	946	947
7952	28	122	946	947
13633	28	1565	946	947
71173	28	1078	946	947
9155	28	1405	946	947
36515	28	615	946	947
28100	28	1077	946	947
21346	28	748	946	947
85588	27	78296	946	947
9017	28	1095	946	947
20709	28	612	946	947
10350	28	6257	946	947
25678	28	57	946	947
6364	28	529	946	947
81586	28	1131	946	947
12983	28	1743	946	947
9361	28	713	946	947
8012	28	179	946	947
21272	28	363	946	947
66848	28	1739	946	947
17667	28	101	946	947
60296	28	203	946	947
9663	28	211	946	947
41911	28	1420	946	947
130676	28	1495	946	947
94934	28	19	946	947
19700	28	1031	946	947
63386	28	2916	946	947
12309	28	3362	946	947
81823	28	37	946	947
3672	28	1611	946	947
92216	28	1739	946	947
17736	28	2447	946	947
8032	28	378	946	947
28664	28	253	946	947
61024	28	186	946	947
18811	28	1444	946	947
74594	28	1971	946	947
60007	28	1004	946	947
8430	28	210	946	947
35009	28	527	946	947
40834	28	415	946	947
28572	28	3370	946	947
64161	28	1459	946	947
8035	28	176	946	947
6744	28	313	946	947
14702	28	390	946	947
25662	28	1269	946	947
8293	28	133	946	947
16058	28	1420	946	947
9984	28	1211	946	947
49225	28	422	946	947
38423	28	8425	946	947
28070	28	17392	946	947
9446	28	720	946	947
65207	28	228	946	947
13985	28	140	946	947
81435	28	1137	946	947
15138	28	110	946	947
22661	28	612	946	947
37862	28	1239	946	947
7061	28	41	946	947
29472	28	2232	946	947
53590	28	4883	946	947
23260	28	81	946	947
36072	28	3211	946	947
9158	28	3323	946	947
9465	28	1505	946	947
13892	28	806	946	947
94713	28	4922	946	947
10108	28	61	946	947
4001	28	1176	946	947
59538	28	377	946	947
32902	28	3251	946	947
9711	28	48740	946	947
11723	28	66	946	947
64399	28	1390	946	947
5608	28	87	946	947
90041	28	2447	946	947
5093	28	16	946	947
130977	28	141	946	947
104434	28	104	946	947
8205	28	1156	946	947
9224	28	732	946	947
5587	28	1015	946	947
46939	28	295	946	947
113025	28	980	946	947
42041	28	145	946	947
15836	28	8786	946	947
94892	28	2145	946	947
101432	28	1239	946	947
38086	28	191	946	947
69016	28	1321	946	947
9201	28	253	946	947
51233	28	16	946	947
27438	28	2158	946	947
7823	28	337	946	947
21546	28	446	946	947
67343	28	3205	946	947
49324	28	4883	946	947
21206	28	100	946	947
7277	28	211	946	947
15868	28	539	946	947
43127	28	731	946	947
152781	28	4183	946	947
10080	28	221	946	947
110472	28	288	946	947
56191	28	1461	946	947
11808	28	54	946	947
44906	28	1956	946	947
59813	28	1030	946	947
20127	28	1182	946	947
143676	28	16	946	947
9137	28	525	946	947
8791	28	3021	946	947
32927	28	188	946	947
14152	28	1398	946	947
66315	28	9843	946	947
6299	28	1238	946	947
9534	28	333	946	947
35029	28	981	946	947
128058	28	1522	946	947
9316	28	22061	946	947
35970	28	54	946	947
7049	28	256	946	947
92000	28	3326	946	947
18488	28	174	946	947
6344	28	257	946	947
67522	28	1035	946	947
10395	28	105	946	947
17169	28	2546	946	947
10895	28	3418	946	947
6402	28	2580	946	947
51570	28	1933	946	947
62900	28	633	946	947
47018	28	29564	946	947
92147	28	1122	946	947
51240	28	2440	946	947
31793	28	1174	946	947
53526	28	391	946	947
25701	28	233	946	947
44433	28	748	946	947
12683	28	3469	946	947
9059	28	145	946	947
10580	28	216	946	947
7843	28	837	946	947
44821	28	140	946	947
9727	28	131	946	947
47085	28	4922	946	947
25463	28	1297	946	947
36995	28	11779	946	947
46356	28	713	946	947
44208	28	1742	946	947
33558	28	156	946	947
22114	28	15869	946	947
11043	28	378	946	947
32317	28	1458	946	947
64101	28	10644	946	947
12685	28	48657	946	947
42297	28	428	946	947
18827	28	59957	946	947
37335	28	1403	946	947
46330	28	219	946	947
15027	28	235	946	947
16169	28	657	946	947
28952	28	731	946	947
8773	28	133	946	947
64090	28	5480	946	947
62470	28	1476	946	947
23706	28	158	946	947
4221	28	67	946	948
21776	28	58	946	948
16508	28	195	946	948
29327	28	255	946	948
25216	28	925	946	948
13004	28	717	946	948
71270	28	297	946	948
16686	28	3123	946	948
6721	28	275	946	948
7657	28	134	946	948
71486	28	2480	946	948
96921	28	1267	946	948
29903	28	290	946	948
53303	28	16	946	948
53352	28	4872	946	948
9070	28	1023	946	948
46230	28	121	946	948
11964	28	981	946	948
22870	28	464	946	948
8504	28	10690	946	948
10603	28	199	946	948
23101	28	330	946	948
8085	28	15317	946	948
133389	28	2434	946	948
63488	28	351	946	948
23236	28	188	946	948
15460	28	33	946	948
114958	28	67	946	948
4948	28	311	946	948
29580	28	307	946	948
13861	28	99	946	948
64842	28	706	946	948
86769	28	2841	946	948
15327	28	53	946	948
64945	28	1492	946	948
48638	28	381	946	948
36249	28	836	946	948
8402	28	38	946	948
26005	28	452	946	948
14422	28	281	946	948
31865	28	1405	946	948
5327	28	20941	946	948
5857	23	135808	946	948
25014	28	294	946	948
60531	28	99	946	948
19869	28	121	946	948
3943	28	239	946	948
52774	28	648	946	948
7408	28	85	946	948
25479	28	186	946	948
88776	28	175	946	948
14635	28	1971	946	948
45009	28	1033	946	948
6697	28	1442	946	948
10436	28	460	946	948
9079	28	219	946	948
10287	28	5063	946	948
14881	28	1492	946	948
26080	28	361	946	948
15069	28	900	946	948
72193	28	695	946	948
21798	28	933	946	948
90064	28	254	946	948
19112	28	701	946	948
58147	28	5643	946	948
13017	28	430	946	948
9721	28	18963	946	948
13579	28	1684	946	948
11699	28	3151	946	948
25424	28	495	946	948
8472	28	1956	946	948
40793	28	283	946	948
14268	28	1095	946	948
47474	28	176	946	948
8105	28	32	946	948
22817	23	58531	946	948
15620	28	1731	946	948
15675	28	102	946	948
8542	28	395	946	948
14911	28	120	946	948
50396	28	686	946	948
55450	28	559	946	948
73624	28	557	946	948
36253	28	89	946	948
68221	28	796	946	948
76071	28	15317	946	948
105542	28	280	946	948
19885	28	51	946	948
13035	28	377	946	948
5641	28	102	946	948
25215	28	927	946	948
23394	28	330	946	948
49216	28	586	946	948
17251	28	1743	946	948
34432	28	924	946	948
119228	28	830	946	948
8669	28	337	946	948
10919	28	161	946	948
7251	28	3078	946	948
68624	28	178	946	948
53628	28	2672	946	948
55080	28	933	946	948
8218	28	986	946	948
19724	28	922	946	948
8938	28	754	946	948
28150	28	103	946	948
106586	28	1704	946	948
11993	28	818	946	948
31798	28	228	946	948
33023	28	112	946	948
69155	28	180	946	948
80400	28	1652	946	948
13764	28	152	946	948
24602	28	36	946	948
16528	28	344	946	948
29941	28	3845	946	948
104357	28	238	946	948
58369	28	168	946	948
76914	28	818	946	948
68676	28	74	946	948
6436	28	979	946	948
11302	28	38	946	948
52786	28	16	946	948
80695	28	256	946	948
66566	28	649	946	948
19176	28	139	946	948
47752	28	619	946	948
24587	28	118	946	948
9637	28	82	946	948
20396	28	110	946	948
10396	28	1659	946	948
92868	28	498	946	948
69725	28	725	946	948
21952	28	1592	946	948
7772	28	2114	946	948
64632	28	110	946	948
28442	28	1101	946	948
23661	28	124	946	948
4855	28	5605	946	948
28136	28	1960	946	948
94163	28	255	946	948
59305	28	525	946	948
14186	28	1210	946	948
8991	28	591	946	948
4436	23	60138	946	948
91141	28	282	946	948
15678	28	136	946	948
8825	28	50	946	948
51354	28	1942	946	948
28401	28	51	946	948
45623	28	179	946	948
25575	28	129	946	948
21022	28	140	946	948
69211	28	2209	946	948
18924	28	2997	946	948
16620	28	1936	946	948
6760	28	168	946	948
13111	28	492	946	948
14828	28	34	946	948
21199	28	265	946	948
49535	28	140	946	948
5699	28	78	946	948
9916	28	2135	946	948
36219	28	452	946	948
37146	28	864	946	948
15018	28	176	946	948
4788	28	48	946	948
64337	28	1609	946	948
12694	28	940	946	948
14385	28	469	946	948
41780	28	434	946	948
23950	28	265	946	948
34921	28	227	946	948
20211	28	2687	946	948
28658	28	346	946	948
12157	28	303	946	948
17357	28	1195	946	948
13402	28	348	946	948
19294	28	100	946	948
5948	28	253	946	948
9581	28	304	946	948
7512	28	475	946	948
110195	28	690	946	948
4963	28	57	946	948
71113	28	749	946	948
14392	28	331	946	948
10012	28	346	946	948
59912	28	477	946	948
68833	28	454	946	948
34758	28	447	946	948
66503	28	38411	946	948
14056	28	1032	946	948
81074	28	3702	946	948
16715	28	162	946	948
75899	28	1554	946	948
110476	28	4355	946	948
110516	28	9960	946	948
65585	28	283	946	948
20050	28	913	946	948
22619	28	123	946	948
22278	28	446	946	948
50002	28	44	946	948
22213	28	489	946	948
8797	28	66	946	948
7082	28	3640	946	948
50999	28	24	946	948
57836	28	680	946	948
7839	28	54	946	948
14834	28	171	946	948
29704	28	99	946	948
78015	28	10125	946	948
27040	28	242	946	948
24931	28	1163	946	948
50031	28	439	946	948
79135	28	406	946	948
17660	28	670	946	948
12720	28	1936	946	948
36902	28	979	946	948
9311	28	98	946	948
16331	28	5262	946	948
8902	28	117	946	948
18565	28	460	946	948
41665	28	1616	946	948
54410	28	378	946	948
29293	28	1308	946	948
15571	28	174	946	948
26657	28	1050	946	948
81002	28	1261	946	948
80749	28	2680	946	948
22503	28	388	946	948
9736	28	491	946	948
51758	28	265	946	948
4615	28	885	946	948
53804	28	6822	946	948
12605	28	1629	946	948
16306	28	85	946	948
48667	28	4834	946	948
54396	28	2122	946	948
30855	28	195	946	948
28912	28	1069	946	948
5623	28	72	946	948
23077	28	5801	946	948
6264	28	44	946	948
12064	28	22347	946	948
48379	28	280	946	948
28006	28	99	946	948
129425	28	238	946	948
13084	28	131	946	948
6858	28	2024	946	948
9027	28	14	946	948
13959	28	162	946	948
75617	28	2048	946	948
4360	28	1179	946	948
46968	28	144	946	948
58764	28	64	946	948
10474	28	717	946	948
14313	28	57	946	948
39090	28	3235	946	948
90456	28	15317	946	948
33305	28	741	946	948
13656	28	31	946	948
11232	28	695	946	948
32713	28	460	946	948
21560	28	49	946	948
81180	28	180	946	948
30283	28	188	946	948
25051	28	336	946	948
9801	28	295	946	948
42655	28	968	946	948
31876	28	76	946	948
6556	28	49	946	948
11472	28	51	946	948
9111	28	245	946	948
13255	28	1319	946	948
23593	28	5135	946	948
114976	28	111189	946	948
27137	28	1987	946	948
69439	28	273	946	948
82687	28	72	946	948
21577	28	100	946	948
36481	28	378	946	948
18006	28	56	946	948
33573	28	149	946	948
13402	28	158	946	948
8190	28	1556	946	948
45823	28	981	946	948
34712	28	355	946	948
67581	28	65	946	948
107657	28	1261	946	948
83133	28	61	946	948
97220	28	1324	946	948
89591	28	679	946	948
88069	28	568	946	948
45030	28	2060	946	948
56253	28	633	946	948
16023	28	48	946	948
27515	28	27	946	948
75754	28	1259	946	948
82068	28	309	946	948
18050	28	2913	946	948
9517	28	1592	946	948
9483	28	92	946	948
12017	28	120	946	948
22870	28	388	946	948
53182	28	2277	946	948
31197	28	114	946	948
51831	28	317	946	948
109559	28	210	946	948
89272	28	219	946	948
62099	28	273	946	948
11454	28	240	946	948
9359	28	343	946	948
25928	28	1030	946	948
13372	28	460	946	948
9296	28	358	946	948
21827	28	156	946	948
54454	28	185	946	948
36349	28	274	946	948
30519	28	14137	946	948
24617	28	261	946	948
60348	28	2327	946	948
32489	28	633	946	948
52231	28	109	946	948
33233	28	188	946	948
24951	28	2300	946	948
28415	28	4674	946	948
39069	28	620	946	948
8286	28	202	946	948
14513	28	1405	946	948
81512	28	171	946	948
5253	28	50	946	948
8963	28	1831	946	948
76738	28	2776	946	948
50440	28	23	946	948
42669	28	132	946	948
51900	28	365	946	948
12687	28	52	946	948
73250	28	449	946	948
42712	28	32	946	948
72641	28	2030	946	948
21119	28	211	946	948
14807	28	281	946	948
35420	28	111	946	948
36663	28	627	946	948
23115	28	40	946	948
26657	28	143	946	948
18568	28	19216	946	948
26947	28	220	946	948
4572	28	91	946	948
19118	28	16	946	948
24591	28	50	946	948
11276	28	477	946	948
4733	28	61	946	948
18631	28	180	946	948
15622	28	325	946	948
102882	28	5075	946	948
8772	28	720	946	948
32331	28	275	946	948
16078	28	353	946	948
8797	28	81	946	948
50180	28	171	946	948
11390	28	220	946	948
9558	28	1110	946	948
81644	28	87	946	948
69699	28	268	946	948
12203	28	1936	946	948
11811	28	826	946	948
8268	28	219	946	948
13382	28	134	946	948
9414	28	235	946	948
58694	28	80	946	948
47928	28	174	946	948
63708	28	692	946	948
16562	28	460	946	948
108483	28	1016	946	948
70090	28	57434	946	948
5118	28	43	946	948
8433	28	983	946	948
6332	28	50	946	948
7085	28	43	946	948
55225	28	210	946	948
10089	28	3021	946	948
8513	28	1031	946	948
15861	28	118	946	948
10158	28	120	946	948
10946	28	262	946	948
8332	28	73	946	948
39559	28	2095	946	948
38361	28	371	946	948
43062	28	698	946	948
14131	28	85	946	948
96040	28	120	946	949
39025	28	210	946	949
70962	28	899	946	949
33665	28	267	946	949
6646	28	754	946	949
11840	28	195	946	949
72526	28	38	946	949
19817	28	319	946	949
15399	28	72	946	949
15401	28	147	946	949
40213	28	30	946	949
64005	28	3400	946	949
31411	28	89	946	949
33290	28	3400	946	949
12899	28	27	946	949
86776	21	64919	946	949
11334	28	81	946	949
17044	28	7339	946	949
8578	28	89	946	949
38823	28	3522	946	949
101367	28	32155	946	949
29324	28	50	946	949
21159	28	2745	946	949
30142	28	56	946	949
12249	28	750	946	949
102114	28	203	946	949
8290	28	885	946	949
33327	28	81	946	949
47305	28	28198	946	949
8471	28	864	946	949
29321	28	1627	946	949
34128	28	236	946	949
29943	28	188	946	949
8405	28	73	946	949
89721	28	3217	946	949
5932	28	52552	946	949
77878	28	2568	946	949
72174	28	1239	946	949
17400	28	591	946	949
39294	28	159	946	949
73162	28	63237	946	949
57602	28	297	946	949
17615	28	1363	946	949
13411	28	70	946	949
78840	28	5018	946	949
23784	28	57	946	949
64869	28	454	946	949
83310	28	1383	946	949
61654	28	533	946	949
10271	28	31796	946	949
12084	28	526	946	949
23919	28	41	946	949
56322	28	220	946	949
9548	28	626	946	949
87520	28	550	946	949
11267	28	66	946	949
21088	28	132	946	949
18927	28	215	946	949
24716	28	162	946	949
25022	28	539	946	949
28124	28	602	946	949
9229	28	294	946	949
14969	28	1110	946	949
41498	28	119	946	949
91964	28	1978	946	949
28968	28	1278	946	949
70520	28	740	946	949
40542	28	152	946	949
8628	28	241	946	949
13347	28	192	946	949
6978	28	5616	946	949
19311	28	931	946	949
36432	28	428	946	949
33136	28	353	946	949
65357	28	964	946	949
40494	28	103	946	949
8468	28	2843	946	949
31907	28	1144	946	949
36774	28	1210	946	949
14858	28	2709	946	949
31586	28	1727	946	949
28789	28	381	946	949
27283	28	1399	946	949
42629	28	408	946	949
22370	28	250	946	949
36490	28	123	946	949
23650	28	106684	946	949
92906	28	1117	946	949
48119	28	228	946	949
14398	28	1405	946	949
35204	28	2568	946	949
7100	28	39	946	949
9608	28	2348	946	949
57443	28	1609	946	949
25824	28	133	946	949
84839	28	968	946	949
14828	28	180	946	949
86668	28	699	946	949
19307	28	798	946	949
13147	28	181	946	949
10014	28	68013	946	949
48289	28	3941	946	949
31897	28	4277	946	949
22481	28	7880	946	949
32908	28	16757	946	949
69633	28	812	946	949
9408	28	836	946	949
13971	28	1805	946	949
17653	28	124	946	949
56581	28	1267	946	949
59699	28	6134	946	949
36185	28	1091	946	949
7816	28	85	946	949
12407	28	33	946	949
28445	28	475	946	949
20791	28	57	946	949
69620	28	1321	946	949
37508	28	4665	946	949
92547	28	3999	946	949
27986	28	101	946	949
24588	28	379	946	949
85625	28	10125	946	949
44748	28	602	946	949
69869	28	1969	946	949
24549	28	32	946	949
11505	28	167	946	949
8755	28	346	946	949
77963	28	3309	946	949
68520	28	122	946	949
107662	28	1432	946	949
47687	28	7909	946	949
15983	28	142	946	949
6607	28	516	946	949
11851	28	32	946	949
30083	28	193	946	949
80889	28	16937	946	949
26347	28	1908	946	949
6147	28	1616	946	949
12650	28	168	946	949
16878	28	87	946	949
87363	28	370	946	949
113727	28	1016	946	949
7836	28	49	946	949
48827	28	458	946	949
21646	28	1933	946	949
29076	28	586	946	949
25616	28	2738	946	949
31823	28	192	946	949
38734	28	106	946	949
10496	28	740	946	949
12278	28	220	946	949
69037	28	350	946	949
15160	28	351	946	949
15880	28	106	946	949
14243	28	2713	946	949
40899	28	1239	946	949
93089	28	1395	946	949
78911	28	930	946	949
41975	28	989	946	949
11178	28	331	946	949
11294	28	609	946	949
49947	28	120	946	949
69666	28	19	946	949
28952	28	3000	946	949
21501	28	155	946	949
31991	28	2066	946	949
18956	28	211	946	949
34230	28	263	946	949
9683	28	126	946	949
69289	28	452	946	949
16534	28	47	946	949
24077	28	32	946	949
121064	28	12326	946	949
51135	28	1119	946	949
5933	28	181	946	949
23744	28	245	946	949
18402	28	1411	946	949
69699	28	646	946	949
11861	28	251	946	949
86005	28	242	946	949
18510	28	796	946	949
6931	28	37	946	949
44499	28	675	946	949
17774	28	532	946	949
29178	28	165	946	949
26556	28	1136	946	949
153491	28	49271	946	949
82472	28	379	946	949
25000	28	422	946	949
12055	28	4418	946	949
64743	28	370	946	949
74361	28	2446	946	949
13576	28	295	946	949
38652	28	748	946	949
33925	28	174	946	949
127932	28	2651	946	949
35198	28	10463	946	949
23142	28	40	946	949
9064	28	295	946	949
90107	28	496	946	949
24108	28	55	946	949
105186	28	116246	946	949
13832	28	78	946	949
101810	28	47150	946	949
17402	28	906	946	949
11927	28	1796	946	949
18268	28	27	946	949
7566	28	103	946	949
76200	28	205	946	949
28861	28	842	946	949
38021	28	30	946	949
76136	28	1131	946	949
17008	28	660	946	949
10790	28	110	946	949
11028	28	33	946	949
26325	28	133	946	949
48792	28	48	946	949
35756	28	817	946	949
9678	28	192	946	949
24643	28	63	946	949
59042	28	303	946	949
8086	28	91	946	949
46227	28	176	946	949
16275	28	132	946	949
130816	28	1132	946	949
7877	28	122	946	949
5672	28	238	946	949
9563	28	5010	946	949
18542	28	481	946	949
35026	28	1094	946	949
4516	28	48	946	949
38367	28	245	946	949
56222	28	621	946	949
84398	28	214	946	949
56509	28	144	946	949
60653	28	2703	946	950
4690	28	149	946	950
34318	28	353	946	950
8593	28	345	946	950
26052	28	142	946	950
97921	28	2592	946	950
83151	28	1720	946	950
12050	28	174	946	950
99472	28	1670	946	950
17850	28	1019	946	950
99930	23	3742	946	950
20712	28	114	946	950
16780	28	221	946	950
11631	28	103	946	950
26682	28	516	946	950
41316	28	441	946	950
116602	28	2680	946	950
56460	28	191	946	950
23435	28	1211	946	950
31856	28	13655	946	950
28977	28	160	946	950
9325	28	45583	946	950
89804	28	175	946	950
103593	28	2843	946	950
40816	28	57	946	950
65521	28	149	946	950
5676	28	44	946	950
116025	28	624	946	950
35482	28	242	946	950
20286	28	55	946	950
11631	28	456	946	950
13697	28	637	946	950
45505	28	796	946	950
29478	28	1052	946	950
46645	28	64542	946	950
15310	28	136	946	950
7662	28	11925	946	950
26570	28	4264	946	950
10775	28	37	946	950
85085	28	725	946	950
10931	28	379	946	950
16349	28	956	946	950
10496	28	95	946	950
15930	28	587	946	950
17232	28	331	946	950
76585	28	156	946	950
20587	28	550	946	950
29979	28	102	946	950
37112	28	30	946	950
7788	28	55	946	950
80586	28	510	946	950
32279	28	268	946	950
20910	28	608	946	950
29529	28	235	946	950
15066	28	43	946	950
33848	28	1104	946	950
82970	28	866	946	950
19050	28	535	946	950
59972	28	233	946	950
60006	28	766	946	950
53782	28	397	946	950
36460	28	575	946	950
42364	28	313	946	950
61339	28	413	946	950
32382	28	2738	946	950
76417	28	254	946	950
34262	28	53	946	950
52571	28	531	946	950
11780	28	630	946	950
14139	28	14	946	950
6885	28	938	946	950
24691	28	429	946	950
10787	28	2672	946	950
63098	28	699	946	950
10987	28	65	946	950
9259	28	65	946	950
27694	28	106	946	950
50872	28	609	946	950
91046	28	524	946	950
33158	28	325	946	950
34861	28	378	946	950
89778	28	1405	946	950
55546	28	27335	946	950
26638	28	233	946	950
121001	28	622	946	950
27363	28	213	946	950
41829	28	1528	946	950
108304	28	1919	946	950
35957	28	3364	946	950
82910	28	1682	946	950
102626	28	502	946	950
51880	28	390	946	950
8183	28	109	946	950
41528	28	510	946	950
36008	28	2662	946	950
19536	28	22	946	950
12416	28	48	946	950
108903	28	1057	946	950
73640	28	254	946	950
16288	28	3141	946	950
9649	28	454	946	950
76197	28	592	946	950
74831	28	936	946	950
30934	28	437	946	950
57804	28	166	946	950
15240	28	442	946	950
66813	28	577	946	950
84435	28	61	946	950
22936	28	40	946	950
6607	28	135	946	950
40282	28	692	946	950
105355	28	120	946	950
31826	28	780	946	950
20620	28	44	946	950
44557	28	976	946	950
14766	28	105	946	950
40212	28	413	946	950
7502	28	57	946	950
44184	28	712	946	950
8105	28	211	946	950
16813	28	253	946	950
31696	28	593	946	950
51996	28	2738	946	950
32968	28	363	946	950
31296	28	23	946	950
45283	28	334	946	950
13516	28	605	946	950
38730	28	735	946	950
82953	28	1390	946	950
150655	28	1711	946	950
12668	28	147	946	950
6395	28	56	946	950
21955	28	406	946	950
17222	28	506	946	950
21598	28	40	946	950
21050	28	67	946	950
8382	28	74	946	950
28725	28	140	946	950
31008	28	447	946	950
29720	28	575	946	950
10028	28	174	946	950
17863	28	170	946	950
26357	28	3309	946	950
58754	28	3656	946	950
7130	28	27	946	950
81132	28	692	946	950
87646	28	3284	946	950
68403	28	6779	946	950
26813	28	1661	946	950
17827	28	43188	946	950
51356	28	475	946	950
87602	28	471	946	950
26817	28	318	946	950
14430	28	846	946	950
13966	28	45	946	950
67470	28	13564	946	950
34939	28	55	946	950
19896	28	199	946	950
60006	28	471	946	950
16508	28	63	946	950
18940	28	1897	946	950
41246	28	508	946	950
17444	28	82	946	950
11041	28	55	946	950
186883	28	809	946	950
58919	28	313	946	950
44308	28	3762	946	950
66908	28	3724	946	950
18781	28	3724	946	950
14885	28	452	946	950
81725	28	708	946	950
33433	28	1292	946	950
12770	28	147	946	950
97766	28	2526	946	950
60764	28	1258	946	951
25041	28	213	946	951
39327	28	95	946	951
39903	28	916	946	951
54104	28	234	946	951
46975	28	892	946	951
73280	28	2390	946	951
63828	28	532	946	951
73958	28	7756	946	951
23646	28	365	946	951
36548	28	31	946	951
6963	28	20	946	951
7488	28	78	946	951
5870	28	48	946	951
19688	28	331	946	951
49152	28	230	946	951
8113	28	526	946	951
8369	28	2138	946	951
21991	28	76	946	951
11890	28	378	946	951
26092	28	351	946	951
40289	28	109	946	951
5884	28	19	946	951
115351	28	633	946	951
10605	28	76	946	951
26058	28	92	946	951
26004	28	1942	946	951
23552	28	455	946	951
7124	28	107	946	951
34008	28	1316	946	951
26456	28	1000	946	951
26401	28	633	946	951
37196	28	263	946	951
28546	28	202	946	951
26754	28	413	946	951
35821	28	328	946	951
14010	28	136	946	951
75083	28	71	946	951
10482	28	33	946	951
11856	28	253	946	951
49569	28	268	946	951
8228	28	52	946	951
24574	28	390	946	951
14327	28	515	946	951
31009	28	193	946	951
60091	28	1959	946	951
24671	28	139	946	951
22144	28	118	946	951
20278	28	46	946	951
32963	28	1123	946	951
80536	28	2738	946	951
26830	28	135	946	951
36480	28	406	946	951
41947	28	280	946	951
93995	28	5075	946	951
40831	28	471	946	951
59584	28	749	946	951
21059	28	745	946	951
26396	28	783	946	951
55775	28	288	946	951
30449	28	68	946	951
84652	28	1000	946	951
26941	28	1541	946	951
108850	28	345	946	951
30880	28	185	946	951
50099	28	330	946	951
26735	28	131	946	951
13911	28	56	946	951
32044	28	28	946	951
47433	28	1688	946	951
20972	28	402	946	951
77154	28	699	946	951
20463	28	924	946	951
47773	28	1432	946	951
7477	28	158	946	951
18856	28	692	946	951
27273	28	383	946	951
33272	28	633	946	951
29043	28	323	946	951
18947	28	380	946	951
20879	28	63	946	951
23522	28	9191	946	951
46899	28	623	946	951
39508	28	282	946	951
10507	28	63	946	951
8037	28	98	946	951
6322	28	2623	946	951
11910	28	63	946	951
10782	28	251	946	951
14958	28	202	946	951
10440	28	65	946	951
22334	28	150	946	951
24142	28	74	946	951
13603	28	989	946	951
20539	28	224	946	951
22565	28	529	946	951
13189	28	45	946	951
5164	28	51	946	951
10098	28	201	946	951
44339	28	192	946	951
13429	28	87	946	951
28145	28	313	946	951
26914	28	124	946	951
40890	28	442	946	951
13070	28	1101	946	951
95761	28	366	946	951
8567	28	2841	946	951
182518	28	809	946	951
18949	28	149	946	951
4962	28	74	946	951
6090	28	109	946	951
93848	28	699	946	951
11832	28	1014	946	951
45804	28	78	946	951
8263	28	162	946	951
130908	28	942	946	951
51343	28	699	946	951
68369	28	757	946	951
59292	28	956	946	951
59493	28	936	946	951
8925	28	98	946	951
54192	28	553	946	951
27825	28	231	946	951
109821	28	692	946	951
8096	28	169	946	951
49651	28	244	946	951
20093	28	3530	946	951
52360	28	976	946	952
85037	28	232	946	952
47778	28	248	946	952
10572	28	61	946	952
48625	28	386	946	952
42164	28	112	946	952
5041	28	192	946	952
30147	28	662	946	952
63067	28	155	946	952
25653	28	676	946	952
39927	28	193	946	952
4438	28	16	946	952
31828	28	766	946	952
57438	28	378	946	952
35337	28	787	946	952
21048	28	110	946	952
56633	28	21300	946	952
32838	28	253	946	952
53569	28	43	946	952
46119	28	500	946	952
51644	28	132	946	952
26329	28	19	946	952
20667	28	227	946	952
59375	28	334	946	952
24770	28	63	946	952
28629	28	282	946	952
31628	28	89	946	952
63161	28	245	946	952
59942	28	5808	946	952
24447	28	364	946	952
81853	28	1542	946	952
93491	28	1270	946	952
14056	28	351	946	952
14454	28	27	946	952
57459	28	452	946	952
26068	28	1057	946	952
16026	28	118	946	952
79088	28	669	946	952
10844	28	50	946	952
97891	28	178	946	952
53277	28	253	946	952
14171	28	87	946	952
37147	28	144	946	952
38720	28	179	946	952
36480	28	397	946	952
33482	28	193	946	952
15788	28	938	946	952
152881	23	99795	946	952
5979	28	22	946	952
31798	28	1000	946	952
89655	28	669	946	952
9106	28	1239	946	952
44144	28	111	946	952
67860	28	169	946	952
53690	28	1261	946	952
6350	28	313	946	952
21555	28	227	946	952
6859	28	50	946	952
66952	28	379	946	952
31530	28	253	946	952
49769	28	13714	946	952
97379	28	415	946	952
23218	28	68	946	952
50714	23	26142	946	952
26142	23	50714	946	952
8768	28	121	946	952
87840	28	1000	946	952
51473	28	535	946	952
34230	28	413	946	952
14769	28	23	946	952
130689	28	1052	946	952
34079	28	866	946	953
9874	28	760	946	953
65725	28	532	946	953
14301	28	78	946	953
14364	28	177	946	953
89108	28	333	946	953
46227	28	531	946	953
41574	28	121	946	953
47314	28	144	946	953
20182	28	106	946	953
10255	28	43	946	953
36048	28	104	946	953
9894	28	817	946	953
5027	28	121	946	953
53019	28	1371	946	953
9528	28	1565	946	953
49211	28	220	946	953
121306	28	454	946	953
33695	28	313	946	953
88908	28	1193	946	953
14572	28	446	946	953
59758	28	603	946	953
31773	28	214	946	953
14682	28	22	946	953
36316	28	370	946	953
59764	28	957	946	953
21483	28	177	946	953
10351	28	89	946	953
29322	28	2250	946	953
38273	28	21137	946	953
110075	28	957	946	953
4061	28	40	946	953
44836	28	22	946	953
80630	28	68	946	953
14198	28	22	946	953
23459	28	146	946	953
57714	14	96507	946	953
88132	28	381	946	953
17796	28	43	946	953
10947	28	55	946	953
29712	28	32	946	953
7500	28	76	946	953
18337	28	58	946	953
11930	28	1330	946	953
41243	28	1736	946	953
7130	28	30	946	953
23768	28	46	946	953
10020	28	165	946	953
44368	28	796	946	953
61021	28	550	946	953
23836	28	76	946	953
72045	28	3284	946	953
42694	28	112	946	953
91286	28	1000	946	953
16291	28	55	946	953
88655	16	64919	946	953
42082	28	73	946	953
79344	28	139	946	953
14198	28	14	946	953
11611	28	380	946	953
10649	28	36	946	953
12157	28	164	946	953
65892	16	64919	946	953
12685	28	1395	946	953
91636	28	1390	946	953
6647	28	57	946	953
8280	28	14	946	953
15957	28	135	946	953
12157	28	548	946	953
39723	23	96928	946	954
35527	28	65	946	954
17649	28	55	946	954
83840	28	390	946	954
11863	28	217	946	954
42231	28	192	946	954
159537	28	1375	946	954
39070	28	121	946	954
52318	28	520	946	954
72055	28	593	946	954
36411	28	959	946	954
23430	28	800	946	954
32158	28	123	946	954
19257	28	268	946	954
37132	28	363	946	954
19308	28	135	946	954
69426	28	1059	946	954
38392	28	52	946	954
55244	28	817	946	954
49241	28	145	946	954
42162	28	143	946	954
12167	28	260	946	954
21395	28	143	946	954
21012	28	45	946	954
26900	28	535	946	954
48030	28	1270	946	954
23226	28	146	946	954
21793	28	41	946	954
66855	28	574	946	954
95195	28	974	946	954
8815	28	22057	946	954
38549	28	916	946	954
38173	28	778	946	954
12914	28	1969	946	954
22584	28	68	946	954
18125	28	217	946	954
40133	28	7677	946	954
12620	28	749	946	954
67979	28	32	946	954
34823	28	145	946	954
22794	28	3038	946	954
5947	28	532	946	954
59820	28	244	946	954
31594	28	135	946	955
29076	28	267	946	955
21811	28	293	946	955
30091	28	53	946	955
23888	28	5102	946	955
90197	28	413	946	955
92443	28	360	946	955
72665	28	1262	946	955
79222	28	313	946	955
50967	28	1270	946	955
146601	28	1903	946	955
40607	28	835	946	955
116156	28	1504	946	955
33014	28	268	946	955
91117	28	527	946	955
62431	28	481	946	955
28698	28	956	946	955
82483	28	957	946	955
47943	28	396	946	955
20976	28	602	946	955
9916	28	168	946	955
37377	28	70	946	955
14904	28	114	946	955
12411	28	55	946	955
176034	28	809	946	955
4654	28	505	946	955
125351	28	2871	946	955
35200	28	331	946	955
151407	28	1708	946	955
111859	28	275	946	955
8593	28	413	946	955
92317	28	1270	946	955
12732	28	66	946	955
18129	28	957	946	955
45994	28	1000	946	955
11146	28	14	946	955
53806	28	397	946	956
19950	28	520	946	956
31047	28	1117	946	956
14719	28	98	946	956
67045	14	119043	946	956
19466	28	841	946	956
68143	28	109	946	956
22503	28	464	946	956
61095	23	4714	946	956
59323	28	327	946	956
4250	23	3250	946	956
35370	28	526	946	956
14011	28	103	946	956
148425	28	1757	946	956
20387	28	510	946	956
18092	28	959	946	956
102100	28	101	946	956
45042	28	436	946	956
18218	28	619	946	956
18378	28	133	946	956
44066	28	348	946	956
26002	28	2680	946	956
31784	28	2126	946	956
32837	28	1123	946	956
20339	28	47	946	956
120763	28	1408	946	956
101581	28	328	946	956
31473	28	2871	946	956
31167	28	269	946	956
7990	28	98	946	956
35444	28	396	946	957
39070	28	176	946	957
116424	23	85810	946	957
20327	28	676	946	957
104273	28	1193	946	957
162454	16	4667	946	957
16686	28	348	946	957
14831	28	540	946	957
23433	28	52	946	957
33482	28	327	946	957
15765	28	135	946	957
95188	23	106745	946	957
7490	28	464	946	957
15903	28	1665	946	957
63972	28	586	946	957
11971	28	164	946	957
53517	28	835	946	957
45077	28	1270	946	957
14904	28	32	946	957
18505	28	505	946	957
29523	23	127157	946	957
111702	28	830	946	957
34029	28	135	946	957
19713	28	390	946	957
55292	28	1132	946	957
29436	28	30	946	958
15299	28	1135	946	958
10474	28	247	946	958
27681	28	26828	946	958
73182	28	1444	946	958
8023	28	224	946	958
46186	28	193	946	958
70570	28	648	946	958
80156	28	400	946	958
56713	23	29403	946	958
130526	23	153336	946	958
70520	28	95	946	958
11148	28	957	946	958
74327	28	445	946	959
32267	28	268	946	959
63661	28	3648	946	959
43088	28	2041	946	959
46381	28	45	946	959
20234	28	247	946	959
6960	28	227	946	959
149676	28	809	946	959
34305	28	227	946	960
37083	28	1000	946	960
91403	23	61874	946	960
24516	28	1132	946	960
4932	28	64	946	960
110215	16	21186	946	960
45249	28	217	946	960
9383	28	227	946	960
21551	28	223	946	960
22046	28	1000	946	960
62226	28	1119	946	960
46069	28	2371	946	960
95638	23	49464	946	960
11655	28	267	946	960
69616	28	1375	946	960
52258	28	708	946	961
10499	28	1528	946	961
19932	28	1528	946	961
17064	28	1943	946	961
10946	28	184	946	962
21142	28	540	946	962
14382	28	368	946	962
34134	28	1028	946	962
15930	28	217	946	962
48691	28	65087	946	963
15819	28	3080	946	963
5620	28	1000	946	963
52175	16	49232	946	963
25966	28	1528	946	963
29038	28	1132	946	964
80959	28	14947	946	964
93278	28	725	946	964
36939	28	360	946	964
107003	23	25494	946	968
76193	28	796	946	968
21632	28	355	947	0
3832	28	64	947	0
10138	28	4627	947	0
70644	28	10159	947	0
10214	23	45133	947	0
45133	23	10214	947	0
61024	28	86	947	0
6288	28	6741	947	0
33948	28	1738	947	0
45542	6	284	947	0
34008	28	1036	947	0
19162	28	449	947	0
83284	14	764	947	0
19307	28	915	947	0
6019	28	396	947	0
8577	28	474	947	0
22335	28	58	947	0
83449	28	1033	947	0
83505	28	221	947	0
34610	28	25506	947	0
17065	28	391	947	0
17081	28	5748	947	0
53650	28	1635	947	0
84137	28	415	947	0
3792	28	92	947	0
30483	28	1223	947	0
62879	23	132894	947	0
24916	28	668	947	0
10580	28	3314	947	0
16353	28	31	947	0
15256	28	134	947	0
8791	28	40850	947	0
133428	28	623	947	0
52786	28	3469	947	0
99101	28	2907	947	0
7298	28	66	947	0
18896	28	1297	947	0
64260	28	61	947	0
13814	28	41	947	0
12196	28	668	947	0
64541	28	27313	947	0
74594	28	250	947	0
74710	28	632	947	0
74742	14	918	947	0
86560	28	3793	947	0
53995	28	217	947	0
42083	28	361	947	0
13910	28	3314	947	0
42184	28	735	947	0
56164	28	178	947	0
6888	28	32	947	0
65207	28	749	947	0
83391	28	483	947	0
5639	28	889	947	0
8720	28	78	947	0
19944	28	819	947	0
5884	28	14	947	0
65581	28	120	947	0
73192	28	2201	947	0
6661	28	2226	947	0
56724	28	660	947	0
11753	14	87689	947	0
25369	28	228	947	0
36105	28	917	947	0
45453	28	1839	947	0
6174	28	625	947	0
27348	28	92	947	0
15495	28	29453	947	0
101684	28	449	947	0
22177	28	31	947	0
20045	28	5558	947	0
66257	28	21187	947	0
101943	28	10315	947	0
64220	14	32296	947	0
7810	28	136	947	0
24877	28	47895	947	0
8797	28	38	947	0
34371	14	24216	947	0
15992	28	110	947	0
5253	28	73	947	0
102423	28	40850	947	0
17879	23	77015	947	0
77015	23	17879	947	0
39083	28	23	947	0
9282	28	120	947	0
16359	28	85	947	0
49978	28	1554	947	0
50019	28	216	947	0
103112	14	13870	947	0
29691	28	25506	947	0
34270	28	1545	947	0
50019	28	774	947	0
8641	28	1831	947	0
13271	28	27	947	0
12320	23	6766	947	0
6420	28	72064	947	0
12942	28	165	947	0
11911	28	39	947	0
57534	23	7307	947	0
12006	28	168	947	0
10649	28	219	947	0
71300	28	3021	947	0
103955	28	781	947	0
138464	14	444	947	0
16978	28	98	947	0
10055	14	444	947	0
41621	28	60	947	0
12165	28	1908	947	0
90349	28	415	947	0
51935	28	325	947	0
6985	28	79	947	0
27798	28	4185	947	0
36247	28	653	947	0
8350	28	3623	947	0
15520	28	30	947	0
35970	28	1323	947	0
27017	28	87	947	0
50426	28	3469	947	0
31331	28	463	947	0
40978	28	3016	947	0
23043	28	2389	947	0
29632	28	58	947	0
90806	28	171	947	0
5939	28	42	947	0
68141	28	3021	947	0
15820	28	73	947	0
83618	28	491	947	0
113804	28	399	947	0
55594	14	2384	947	0
68238	28	4627	947	0
13832	28	69	947	0
9158	28	1725	947	0
82910	28	1831	947	0
15657	28	23960	947	0
58874	14	121781	947	0
8145	28	668	947	0
46146	28	1375	947	0
37969	28	2030	947	0
54676	28	166	947	0
4575	28	3314	947	0
15468	28	276	947	0
24077	28	211	947	0
24716	28	281	947	0
43213	28	568	947	0
73102	14	12873	947	0
29444	28	100	947	0
123222	6	7927	947	0
16400	28	40	947	0
57602	28	937	947	0
15895	28	152	947	0
13189	28	68	947	0
92772	14	308	947	0
7839	28	1323	947	0
32797	23	123720	947	0
123720	23	32797	947	0
7080	28	152	947	0
71429	28	80	947	0
27043	28	668	947	0
76995	28	1589	947	0
86576	28	43	947	0
78361	14	308	947	0
9984	28	15315	947	0
51341	28	216	947	0
90996	28	415	947	0
7482	28	117	947	0
20589	28	1245	947	0
164902	14	164903	947	0
62418	28	1908	947	0
17483	28	3314	947	0
13160	28	166	947	0
18147	28	913	947	0
36191	28	749	947	0
9894	28	3314	947	0
12065	28	5558	947	0
13059	28	528	947	0
13741	28	89	947	0
31629	28	1251	947	0
5989	28	152	947	0
26696	28	188	947	0
16181	28	3314	947	0
17241	28	668	947	0
18462	28	713	947	0
50578	14	11216	947	0
6665	28	160	947	0
6063	28	86	947	0
76489	28	1216	947	0
4435	28	28	947	0
5518	28	106	947	0
8965	28	34	947	0
8491	28	158	947	0
11505	28	3314	947	0
20062	28	28	947	0
16400	28	38	947	0
28388	28	1660	947	0
51341	28	491	947	0
65085	28	26526	947	0
125471	28	415	947	0
59762	28	28174	947	0
8205	28	1650	947	0
16991	28	2980	947	0
68607	28	1549	947	0
99311	28	195	947	0
100285	28	167	947	0
78423	28	3456	947	0
20636	28	167	947	0
15202	28	60	947	0
14454	28	79	947	0
63386	28	432	947	0
21104	28	678	947	0
8012	28	170	947	0
91236	28	166	947	0
20969	28	153	947	0
7414	28	233	947	0
30729	28	241	947	0
4836	28	1458	947	0
27469	28	1944	947	0
4869	28	64	947	0
9894	28	165	947	0
15836	28	648	947	0
87819	28	1000	947	0
24598	28	3745	947	0
28455	28	2738	947	0
35526	28	1297	947	0
6032	28	557	947	0
126386	23	64096	947	0
82607	28	167	947	0
44071	28	281	947	0
74751	23	48144	947	0
48144	23	74751	947	0
57418	28	32928	947	0
6647	28	82	947	0
55761	14	36695	947	0
4744	28	33	947	0
9894	28	167	947	0
75456	28	731	947	0
168292	14	2792	947	0
133926	14	20071	947	0
15756	28	74	947	0
10080	28	118	947	0
11481	28	857	947	0
4351	28	66	947	0
68531	14	13870	947	0
59494	28	632	947	0
27384	28	4627	947	0
12797	28	889	947	0
31399	28	106	947	0
90454	14	308	947	0
48652	28	72	947	0
15520	28	85	947	0
14458	28	875	947	0
7561	28	586	947	0
102593	28	821	947	0
24077	28	402	947	0
21057	28	132	947	0
9936	28	1730	947	0
27636	28	455	947	0
94796	28	5062	947	0
37519	14	3063	947	0
5939	28	16	947	0
12552	28	68	947	0
20695	28	1527	947	0
91236	28	110	947	0
7999	28	82	947	0
15624	28	24	947	0
18967	28	51	947	0
76560	28	3021	947	0
17995	28	47030	947	0
42146	28	526	947	0
102593	28	3021	947	0
58119	14	1217	947	0
36310	28	3339	947	0
10233	28	111	947	0
15774	28	1069	947	0
6111	28	77	947	0
5799	28	2035	947	0
8122	28	42	947	0
31699	14	9720	947	0
115983	28	1549	947	0
8145	28	3314	947	0
29393	28	428	947	0
12824	28	61	947	0
148107	14	15905	947	0
68909	28	103529	947	0
5933	28	3314	947	0
126693	14	902	947	0
8395	28	72	947	0
67249	28	1138	947	0
58613	28	6204	947	0
11097	28	1169	947	0
10747	14	1491	947	0
5940	28	483	947	0
9348	28	86	947	0
36831	28	450	947	0
73819	14	2951	947	0
6888	28	798	947	0
11884	28	87	947	0
22648	28	147	947	0
8647	28	1071	947	0
14182	28	3791	947	0
14556	23	43158	947	0
56491	28	2857	947	0
4690	28	629	947	0
9283	28	55	947	0
8366	28	158	947	0
31417	28	51	947	0
32047	28	2416	947	0
116473	23	43109	947	0
43109	23	116473	947	0
62283	28	614	947	0
100157	28	1074	947	0
33265	28	668	947	0
17081	28	3314	947	0
17642	28	92	947	0
21904	28	32	947	0
7408	28	58	947	0
19885	28	42	947	0
64476	28	282	947	0
28588	28	462	947	0
11553	28	165	947	0
16877	28	165	947	0
31972	28	180	947	0
122305	28	238	947	0
13704	28	139	947	0
81997	28	34	947	0
16220	28	167	947	0
48114	28	67088	947	0
8249	28	780	947	0
71429	28	107	947	0
61024	28	36	947	0
70130	28	165	947	0
42757	28	668	947	0
52634	14	17928	947	0
18556	14	2368	947	0
34606	28	413	947	0
9560	28	450	947	0
80270	28	774	947	0
127687	23	5654	947	0
4735	28	1074	947	0
50532	14	55108	947	0
49668	28	54	947	0
49573	28	1016	947	0
18772	28	428	947	0
28152	28	3069	947	0
81563	28	1358	947	0
66902	28	2980	947	0
30729	28	915	947	0
4744	28	107	947	0
100615	14	2297	947	0
46127	28	168	947	0
111344	28	3184	947	0
21683	28	1069	947	0
11917	28	450	947	0
67981	28	751	947	0
29542	28	818	947	0
14290	28	1141	947	0
40975	28	661	947	0
33162	28	87	947	0
29975	28	145849	947	0
52774	28	8786	947	0
11917	28	261	947	0
12342	28	150	947	0
22798	28	2857	947	0
25586	28	5113	947	0
7386	28	152	947	0
16770	28	933	947	0
37969	28	1984	947	0
53363	6	36352	947	0
14318	28	1882	947	0
87819	28	228	947	0
128670	28	1249	947	0
4690	28	1810	947	0
6672	28	109	947	0
26912	28	60	947	0
11694	28	3314	947	0
6174	28	573	947	0
56305	28	156	947	0
6003	28	92	947	0
35767	28	281	947	0
128913	14	7528	947	0
21325	28	77	947	0
84448	28	10454	947	0
22778	28	40	947	0
22382	28	1937	947	0
51888	14	3795	947	0
26361	28	1505	947	0
5676	28	445	947	0
81516	28	428	947	0
52729	28	118	947	0
6795	28	3314	947	0
31296	28	139	947	0
75947	28	2439	947	0
59158	14	943	947	0
55234	28	797	947	0
20910	28	25506	947	0
20470	28	3370	947	0
8293	28	2098	947	0
78399	28	11742	947	0
13892	28	704	947	0
5989	28	82	947	0
102242	28	781	947	0
149075	28	809	947	0
5676	28	28	947	0
16323	28	864	947	0
79725	28	3428	947	0
8215	28	24	947	0
130395	28	156	947	0
90996	28	103529	947	0
33545	28	1908	947	0
14240	28	3480	947	0
109512	28	5748	947	0
51233	28	168	947	0
87366	14	2797	947	0
129538	28	1375	947	0
16877	28	167	947	0
126421	23	107833	947	0
13576	28	3314	947	0
106003	28	250	947	0
56130	28	1601	947	0
33834	28	410	947	0
71429	28	1426	947	0
128998	14	24389	947	0
13636	28	11849	947	0
56874	28	785	947	0
9064	28	3314	947	0
25616	28	4627	947	0
83802	28	1286	947	0
10617	28	1269	947	0
50426	28	571	947	0
117589	28	1944	947	0
51539	28	165	947	0
93792	28	216	947	0
51864	28	591	947	0
8735	28	668	947	0
7482	28	134	947	0
14363	28	168	947	0
12942	28	5748	947	0
77592	6	389	947	0
12500	28	129	947	0
12818	28	1505	947	0
145688	14	51050	947	0
26784	28	122	947	0
89875	28	1000	947	0
15098	28	27	947	0
29572	28	837	947	0
7994	28	5748	947	0
8215	28	147	947	0
62248	28	131	947	0
113395	28	25506	947	0
7009	28	3314	947	0
29268	28	1239	947	0
28699	28	10999	947	0
10080	28	339	947	0
31694	28	361	947	0
27348	28	23	947	0
13271	28	41	947	0
33614	28	244	947	0
6925	28	3314	947	0
55004	28	2292	947	0
28843	28	69	947	0
4859	28	2733	947	0
103475	28	2831	947	0
17105	28	620	947	0
11752	28	261	947	0
12121	28	17143	947	0
154250	28	2434	947	0
70165	14	12276	947	0
17858	28	6768	947	0
24591	28	39	947	0
8161	28	3314	947	0
24592	28	152	947	0
64260	28	4459	947	0
59494	28	1908	947	0
102423	28	3021	947	0
10642	28	39	947	0
181681	14	4099	947	0
7433	28	825	947	0
38538	28	1297	947	0
4733	28	82	947	0
24164	28	228	947	0
71757	28	1163	947	0
148833	28	216	947	0
12614	28	98	947	0
10254	28	1213	947	0
103466	28	526	947	0
21991	28	3314	947	0
128157	28	5748	947	0
29614	28	668	947	0
31134	28	260	947	0
48861	28	188	947	0
9124	28	79	947	0
43605	28	31245	947	0
61021	28	915	947	0
76289	28	749	947	0
30061	28	122	947	0
20458	28	149	947	0
154824	28	1013	947	0
10701	28	842	947	0
53357	28	965	947	0
94934	28	27	947	0
30496	28	106	947	0
134246	14	4043	947	0
22030	28	676	947	0
37969	28	1117	947	0
31144	28	474	947	0
15488	28	3069	947	0
24703	28	1703	947	0
54393	28	167	947	0
19383	28	221	947	0
9361	28	462	947	0
5774	28	211	947	0
94172	28	623	947	0
28588	28	713	947	0
41816	14	25938	947	0
63856	14	782	947	0
19449	28	560	947	0
86608	28	261	947	0
12266	28	119	947	0
34625	28	54	947	0
63247	28	95	947	0
114958	28	80	947	0
14089	28	6633	947	0
100196	28	159	947	0
142479	28	5733	947	0
38538	28	3309	947	0
28746	28	817	947	0
10496	28	54	947	0
10209	28	28	947	0
10233	28	102	947	0
11048	28	70	947	0
72258	28	784	947	0
145075	16	2631	947	0
7992	28	1325	947	0
4945	28	54	947	0
77881	28	3069	947	0
37676	28	648	947	0
11648	28	70	947	0
68312	28	111528	947	0
13030	23	82155	947	0
82155	23	13030	947	0
40019	28	702	947	0
25397	28	25506	947	0
13980	23	74176	947	0
74176	23	13980	947	0
7657	28	1123	947	0
9283	28	2733	947	0
43165	14	308	947	0
38646	28	4873	947	0
116017	6	1003	947	0
4572	28	552	947	0
8735	28	3314	947	0
186114	28	471	947	0
42083	28	486	947	0
38564	28	10999	947	0
12792	28	268	947	0
28356	14	7183	947	0
8720	28	69	947	0
16018	28	3314	947	0
33265	28	632	947	0
20714	28	1090	947	0
7009	28	83	947	0
75627	28	216	947	0
13550	28	1218	947	0
35621	28	1908	947	0
74275	28	228	947	0
65581	28	1021	947	0
36247	28	805	947	0
39083	28	396	947	0
41693	28	464	947	0
20325	28	253	947	0
104879	28	415	947	0
95818	28	2745	947	0
89588	28	719	947	0
17044	28	731	947	0
46689	28	1772	947	0
22177	28	98	947	0
5142	28	16445	947	0
123227	28	6388	947	0
58613	28	147	947	0
62418	28	1549	947	0
28083	28	460	947	0
7080	28	88	947	0
23842	28	7583	947	0
72384	28	568	947	947
13281	28	609	947	947
17098	28	178	947	947
13312	27	78296	947	947
51939	28	3656	947	948
28892	28	1390	947	948
12817	28	387	947	948
16419	28	612	947	948
24892	28	234	947	948
16431	28	4987	947	948
18751	28	252	947	948
21828	28	1351	947	948
45198	28	4515	947	948
33664	28	156	947	948
18861	28	3051	947	948
21964	28	2140	947	948
18893	28	612	947	948
6316	28	174	947	948
11476	28	533	947	948
22142	28	4649	947	948
29444	28	283	947	948
83093	28	1964	947	948
5641	28	91	947	948
29852	28	22	947	948
25701	28	333	947	948
132108	28	214	947	948
7304	28	502	947	948
39393	28	92	947	948
53533	28	1652	947	948
10548	28	74	947	948
53628	28	241	947	948
10484	28	147	947	948
39205	28	1242	947	948
8596	28	339	947	948
30381	28	428	947	948
30390	28	1131	947	948
9649	28	5113	947	948
35166	28	129	947	948
54251	28	39	947	948
19967	28	1554	947	948
9490	28	156	947	948
15178	28	80	947	948
11407	28	439	947	948
9711	28	513	947	948
46371	28	662	947	948
23076	28	1242	947	948
73135	28	2468	947	948
20112	28	930	947	948
7433	28	719	947	948
23179	28	477	947	948
23260	28	1021	947	948
12204	28	51	947	948
55004	28	511	947	948
35867	28	500	947	948
27004	28	220	947	948
5353	28	72	947	948
64101	28	1000	947	948
85922	28	80	947	948
31258	28	331	947	948
27199	28	556	947	948
17194	28	83	947	948
5253	28	72	947	948
71995	28	702	947	948
36171	28	1120	947	948
27257	28	37	947	948
16789	28	528	947	948
30770	28	2447	947	948
48118	28	1139	947	948
40432	28	88	947	948
14968	28	1258	947	948
48375	28	1150	947	948
7810	28	2197	947	948
15016	28	1145	947	948
27500	28	70	947	948
27535	28	14	947	948
15269	28	195	947	948
87224	28	5075	947	948
39989	28	3469	947	948
10634	28	63	947	948
9155	28	515	947	948
101065	28	392	947	948
7354	28	2015	947	948
36034	28	1294	947	948
15960	28	1058	947	948
4065	28	2045	947	948
47592	28	9876	947	948
27708	28	855	947	948
27928	28	1374	947	948
61864	28	87	947	948
8131	28	105	947	948
13283	28	140	947	948
62900	28	701	947	948
27450	28	1156	947	948
9282	28	16	947	948
12926	28	720	947	948
30729	28	515	947	948
15523	28	144	947	948
64430	28	1360	947	948
7627	28	5171	947	948
51935	28	222	947	948
16310	28	1571	947	948
73163	28	571	947	948
29420	28	14562	947	948
16583	28	3413	947	948
14309	28	39449	947	948
64904	28	286	947	948
5175	28	16	947	948
52797	28	211	947	948
11532	28	155	947	948
11533	28	2784	947	948
29109	28	910	947	948
34153	28	68	947	948
10507	28	175	947	948
10470	28	69	947	948
14956	28	1936	947	948
25854	28	546	947	948
17030	28	2433	947	948
15040	28	124	947	948
57138	28	132	947	948
5519	28	57	947	948
21816	28	395	947	948
17399	28	1392	947	948
13518	28	2435	947	948
6482	28	1328	947	948
47340	28	649	947	948
74275	28	749	947	948
87004	28	198	947	948
90386	28	39	947	948
64138	28	956	947	948
10808	28	1094	947	948
4312	28	1590	947	948
4575	28	165	947	948
54393	28	2831	947	948
78416	28	268	947	948
26967	28	103	947	948
7009	28	70	947	948
9383	28	282	947	948
63198	28	283	947	948
17745	28	315	947	948
11278	28	170	947	948
20569	28	31309	947	948
78673	28	449	947	948
22558	28	254	947	948
27270	28	422	947	948
91143	28	1383	947	948
55739	28	4327	947	948
27413	28	3309	947	948
23750	28	708	947	948
8182	28	126	947	948
11970	28	353	947	948
25215	28	7339	947	948
121483	28	578	947	948
27582	28	205	947	948
19636	28	3418	947	948
13919	28	2446	947	948
50291	28	713	947	948
24727	28	429	947	948
20495	28	11779	947	948
68279	28	582	947	948
5924	28	233	947	948
34306	28	2672	947	948
5073	28	2776	947	948
18376	28	1335	947	948
74145	28	1094	947	948
35633	28	4183	947	948
18626	28	395	947	948
31055	28	51	947	948
45791	28	14562	947	948
27982	28	171	947	948
8970	28	134	947	948
18014	28	53137	947	948
115983	28	1216	947	948
14434	28	153	947	948
37133	28	1095	947	948
62226	28	2693	947	948
122469	28	1411	947	948
15801	28	525	947	948
10280	28	447	947	948
141582	28	608	947	948
21271	28	112	947	948
10429	28	3016	947	948
23732	28	111	947	948
5534	28	1293	947	948
30289	28	195	947	948
16978	28	86	947	948
21428	28	8425	947	948
76513	28	5018	947	948
44022	28	2997	947	948
106764	28	1703	947	948
25245	28	1643	947	948
19285	28	1837	947	948
13155	28	31	947	948
65775	28	384	947	948
123227	28	3211	947	948
12743	28	1069	947	948
101317	28	2745	947	948
23098	28	179	947	948
24540	28	298	947	948
5523	28	147	947	948
16012	28	646	947	948
46628	28	155	947	948
7891	28	186	947	948
20544	28	653	947	948
21512	28	201	947	948
63247	28	740	947	948
23216	28	4183	947	948
67343	28	1736	947	948
35435	28	12667	947	948
40667	28	748	947	948
8530	28	1984	947	948
36490	28	214	947	948
6855	28	404	947	948
63098	28	176	947	948
67522	28	422	947	948
52729	28	283	947	948
32560	28	4183	947	948
93244	28	710	947	948
14053	28	383	947	948
24621	28	614	947	948
69493	28	100	947	948
29364	28	478	947	948
25678	28	49	947	948
10413	28	713	947	948
12287	28	325	947	948
65688	28	166	947	948
16147	28	348	947	948
72678	28	417	947	948
82665	28	71	947	948
6034	28	158	947	948
8032	28	293	947	948
27394	28	195	947	948
28750	28	674	947	948
59876	28	3326	947	948
20988	28	286	947	948
88444	28	2575	947	948
66529	28	139	947	948
15002	28	210	947	948
7713	28	786	947	948
54436	28	2087	947	948
12525	28	1286	947	948
65038	28	2061	947	948
65207	28	702	947	948
59988	28	1213	947	948
86072	28	1010	947	948
17509	28	99	947	948
108723	28	954	947	948
23212	28	98	947	948
40858	28	899	947	948
92216	28	2440	947	948
41498	28	205	947	948
7368	28	158	947	948
9750	28	380	947	948
13015	28	2341	947	948
14920	28	1757	947	948
9666	28	478	947	948
8409	28	516	947	948
25014	28	846	947	948
20290	28	1094	947	948
46939	28	5262	947	948
12309	28	940	947	948
166958	28	1283	947	948
10132	28	1390	947	948
10350	28	42155	947	948
13186	28	38019	947	948
17259	28	123	947	948
9046	28	360	947	948
6288	28	2992	947	948
16868	28	1471	947	948
83568	28	222	947	948
53467	28	145	947	948
8101	28	70	947	948
6111	28	975	947	948
39519	28	136	947	948
34423	28	741	947	948
12727	28	2284	947	948
12598	28	2738	947	948
15531	28	875	947	948
32382	28	14562	947	948
63161	28	54	947	948
86442	28	1135	947	948
94312	28	39404	947	948
33102	28	643	947	948
83964	28	139	947	948
26168	28	3522	947	948
11610	28	6127	947	948
9227	28	31764	947	948
18778	28	502	947	948
13191	28	3205	947	948
59052	28	592	947	948
7994	28	238	947	948
104643	28	3686	947	948
33515	28	678	947	948
58933	28	2389	947	948
12683	28	1021	947	948
94477	28	605	947	948
7747	28	3492	947	948
8773	28	1987	947	948
9483	28	23	947	948
56833	28	1375	947	948
68092	28	1286	947	948
32966	28	240	947	948
18176	28	1488	947	948
9896	28	612	947	948
14811	28	52	947	948
15538	28	717	947	948
16881	28	609	947	948
52285	28	4933	947	948
57285	28	1592	947	948
46209	28	153	947	948
58668	28	80	947	948
87851	28	669	947	948
11851	28	156	947	948
80586	28	1162	947	948
7414	28	3376	947	948
7577	28	227	947	948
21206	28	5176	947	948
16240	28	22569	947	948
49011	28	39449	947	948
28923	28	653	947	948
10133	28	30	947	948
101260	28	1816	947	948
27085	28	44	947	948
11835	28	58	947	948
31562	28	3640	947	948
22661	28	2447	947	948
4735	28	423	947	948
7312	28	61	947	948
6336	28	1294	947	948
12255	28	339	947	948
44148	28	167	947	948
8793	28	233	947	948
30788	28	702	947	948
35405	28	82	947	948
13473	28	1554	947	948
6665	28	65	947	948
50440	28	265	947	948
8154	28	153	947	948
12942	28	474	947	948
8161	28	450	947	948
21996	28	260	947	948
38294	28	7459	947	948
30434	28	7459	947	948
6464	28	123	947	948
19825	28	582	947	948
14702	28	404	947	948
13967	28	102	947	948
6619	28	2242	947	948
11550	28	142	947	948
42435	28	1097	947	948
11527	28	192	947	948
29130	28	916	947	948
7304	28	1100	947	948
85112	28	7367	947	948
94676	28	5010	947	948
8061	28	2526	947	948
30226	28	24	947	948
11286	28	1371	947	948
14599	28	26526	947	948
4388	28	168	947	948
16142	28	211	947	948
28656	28	1671	947	948
32075	28	205	947	948
18427	28	80095	947	948
8179	28	221	947	948
25063	28	140	947	948
10395	28	139	947	948
67128	28	167	947	948
22229	28	1279	947	948
64468	28	1757	947	948
6461	28	80	947	948
33454	28	325	947	948
34499	28	252	947	948
48861	28	265	947	948
10036	28	1725	947	948
8351	28	337	947	948
20592	28	188	947	948
42980	28	30	947	948
38483	28	436	947	948
9493	28	124	947	948
64440	28	263	947	948
5183	28	4195	947	948
4575	28	450	947	948
92216	28	1684	947	948
29052	28	235	947	948
11620	28	460	947	948
45402	28	1058	947	948
15139	28	87	947	948
18488	28	370	947	948
132153	28	171	947	948
121424	28	1766	947	948
95401	28	273	947	948
60393	28	1035	947	948
65698	28	423	947	948
111114	28	3136	947	948
12411	28	24	947	948
22655	28	292	947	948
92110	28	21509	947	948
24802	28	390	947	948
44906	28	1652	947	948
73846	28	186	947	948
