7428	28	112	948	952
9558	28	153	948	952
51104	28	537	948	952
29572	28	280	948	952
20107	28	45	948	952
32199	28	524	948	952
40089	28	41	948	952
22770	28	51	948	952
17661	28	198	948	952
95572	28	933	948	952
22619	28	103	948	952
20876	28	201	948	952
151557	28	653	948	952
18626	28	447	948	952
47928	28	214	948	952
14872	28	380	948	952
16037	28	463	948	952
15867	28	276	948	952
17724	28	257	948	952
59515	28	408	948	952
46173	28	828	948	952
25106	28	2416	948	952
10951	28	662	948	952
34827	28	436	948	952
51043	28	124	948	952
28690	28	2300	948	952
35776	28	505	948	952
36927	28	71	948	952
76205	28	390	948	952
33213	28	50	948	952
15622	28	508	948	952
23661	28	192	948	952
34793	28	240	948	952
21925	28	178	948	952
29262	28	2078	948	952
27553	28	753	948	952
27017	28	118	948	952
17295	28	586	948	952
24864	28	396	948	952
21199	28	178	948	952
5468	28	73	948	952
17098	28	160	948	952
26833	28	716	948	952
69113	28	101	948	952
12621	28	1581	948	952
17000	28	51	948	952
44877	28	14197	948	952
20451	28	129	948	952
111036	28	470	948	952
24674	28	1665	948	952
54454	28	627	948	952
18429	28	107	948	952
4744	28	27	948	952
17746	28	423	948	952
20007	28	720	948	952
15897	28	22	948	952
11338	28	124	948	952
8268	28	91	948	952
5902	28	61	948	952
30482	28	766	948	952
36094	28	1091	948	952
69778	28	515	948	952
21710	28	292	948	952
4963	28	77	948	952
87390	28	699	948	952
36164	28	2030	948	952
14309	28	9112	948	952
25053	28	214	948	952
5589	28	924	948	952
9917	28	442	948	952
21698	28	1671	948	952
62920	28	998	948	952
16691	28	2098	948	952
7770	28	170	948	952
17373	28	141	948	952
6402	28	423	948	952
38111	28	1317	948	952
32331	28	366	948	952
15531	28	185	948	952
23946	28	836	948	952
99977	28	4051	948	952
25479	28	166	948	952
15054	28	155	948	952
7815	28	19	948	952
17559	28	531	948	952
14594	28	65	948	952
20195	28	9049	948	952
82264	28	2059	948	953
9155	28	132	948	953
7702	28	520	948	953
52544	28	475	948	953
11513	28	274	948	953
61864	28	147	948	953
46698	28	241	948	953
19234	28	71	948	953
14597	28	45	948	953
64155	28	906	948	953
17621	28	167	948	953
26421	28	36	948	953
20539	28	493	948	953
39005	28	269	948	953
75827	28	892	948	953
14322	28	46	948	953
98636	28	937	948	953
7627	28	54	948	953
9574	28	976	948	953
23181	28	165	948	953
21682	28	259	948	953
10866	28	103	948	953
17692	28	799	948	953
22213	28	573	948	953
34167	28	104	948	953
40490	28	159	948	953
27928	28	53	948	953
20004	28	452	948	953
88627	28	12310	948	953
25469	28	378	948	953
32788	28	2331	948	953
123169	28	968	948	953
13570	28	20	948	953
36454	28	53	948	953
17745	28	546	948	953
21756	28	323	948	953
18563	28	20	948	953
37133	28	159	948	953
4897	28	42	948	953
14860	28	390	948	953
9727	28	2136	948	953
8890	28	1031	948	953
63271	28	1679	948	953
92144	28	841	948	953
39078	28	1432	948	953
23574	28	133	948	953
6034	28	88	948	953
53757	28	328	948	953
10642	28	160	948	953
39444	28	75053	948	953
43864	28	527	948	953
14315	28	63	948	953
36377	28	78	948	953
20759	28	165	948	953
83860	28	406	948	953
8067	28	52	948	953
27235	28	3994	948	953
24497	28	101	948	953
25669	28	48	948	953
20638	28	2416	948	953
80087	28	615	948	953
27500	28	37	948	953
37383	28	154	948	953
26396	28	453	948	953
44231	28	3122	948	953
12429	28	29	948	953
33664	28	22	948	953
10343	28	1162	948	953
17056	28	274	948	953
28150	28	778	948	953
53361	28	222	948	953
28468	28	452	948	953
32924	28	397	948	953
6106	28	3791	948	953
22202	28	1384	948	953
75804	28	4548	948	953
32181	28	193	948	953
131899	28	833	948	953
9243	28	295	948	953
79565	28	669	948	953
38387	28	179	948	953
49216	28	582	948	953
42063	28	20	948	953
69297	28	325	948	953
44068	28	2791	948	953
13656	28	41	948	953
25318	28	65	948	953
24591	28	134	948	953
11799	28	154	948	953
36665	28	27	948	953
7378	28	14	948	953
11251	28	235	948	953
24115	28	123	948	953
18571	28	916	948	953
66257	28	3428	948	953
61719	28	3771	948	953
23714	28	185	948	953
32814	23	10783	948	953
7041	28	30	948	953
21657	28	400	948	953
53096	28	146	948	953
26992	28	857	948	953
86165	28	4355	948	953
23807	28	633	948	953
44460	28	331	948	953
11889	28	231	948	953
79318	28	72	948	953
11930	28	135	948	953
34094	28	50	948	953
14955	23	6085	948	953
28120	28	619	948	953
77364	28	6452	948	953
155037	28	2540	948	953
24096	28	578	948	953
24453	28	3737	948	953
19589	28	1014	948	953
14243	28	470	948	953
57009	28	968	948	953
14322	28	24	948	953
25396	28	3139	948	953
81753	28	628	948	953
81180	28	205	948	953
21326	28	530	948	953
51446	28	256	948	953
111303	28	818	948	953
60876	28	211	948	954
23037	28	235	948	954
15305	28	155	948	954
23673	28	354	948	954
22521	28	78	948	954
13031	28	69	948	954
12994	28	699	948	954
27043	28	165	948	954
9278	28	441	948	954
9227	28	37	948	954
52833	28	159	948	954
19381	28	770	948	954
12077	28	23	948	954
34789	28	286	948	954
30729	28	295	948	954
40929	28	269	948	954
79801	28	235	948	954
44155	28	4064	948	954
43762	28	180	948	954
52318	28	292	948	954
20282	28	313	948	954
5037	28	65	948	954
78863	28	1375	948	954
97493	28	253	948	954
4735	28	304	948	954
44117	28	1816	948	954
23950	28	91	948	954
28034	28	159	948	954
28134	28	134	948	954
66188	28	191	948	954
44091	28	328	948	954
8624	28	76	948	954
18393	28	745	948	954
7041	28	494	948	954
15311	28	837	948	954
74637	28	537	948	954
120331	28	1944	948	954
24676	28	1401	948	954
19285	28	1524	948	954
12131	28	76	948	954
21020	28	1677	948	954
18243	28	1132	948	954
33100	28	136	948	954
15236	28	143	948	954
80400	28	525	948	954
7378	28	51	948	954
109542	28	1075	948	954
27946	28	289	948	954
31055	28	144	948	954
86858	28	1135	948	954
52285	28	109	948	954
92111	28	811	948	954
82818	28	1167	948	954
30483	28	188	948	954
27192	28	783	948	954
24976	28	429	948	954
25474	28	114	948	954
66203	28	12270	948	954
28843	28	91	948	954
80565	28	496	948	954
18176	28	101	948	954
46074	28	3791	948	954
24211	28	162	948	954
7704	28	50	948	954
15328	28	170	948	954
42980	28	732	948	954
41133	28	680	948	954
6221	28	337	948	954
25522	28	587	948	954
60403	28	21509	948	954
19143	28	41	948	954
8127	28	2114	948	954
36973	28	114	948	954
60482	28	1679	948	954
31598	28	1036	948	954
25086	28	799	948	955
46509	28	487	948	955
84561	28	781	948	955
35181	28	1509	948	955
55127	28	503	948	955
47876	28	135	948	955
99365	28	1692	948	955
27996	28	217	948	955
52720	28	2732	948	955
25389	28	917	948	955
7106	28	98	948	955
14564	28	303	948	955
22713	28	628	948	955
107847	16	29615	948	955
8867	28	754	948	955
73182	28	470	948	955
144357	28	869	948	955
36218	28	392	948	955
78122	28	2685	948	955
58323	28	2300	948	955
21051	28	68	948	955
42508	14	52922	948	955
77616	28	841	948	955
25080	28	623	948	955
10915	28	1135	948	955
17254	28	2413	948	955
119060	28	1949	948	955
35767	28	586	948	955
9201	28	60	948	955
20457	28	178	948	955
28695	28	1594	948	955
110195	28	446	948	955
11998	28	413	948	955
88207	28	131	948	955
25525	28	619	948	955
22306	28	755	948	955
24602	28	76	948	955
8015	28	1069	948	955
14205	28	495	948	955
24625	28	662	948	955
80094	28	395	948	955
27469	28	165	948	955
39080	28	377	948	955
11632	28	540	948	956
20003	28	331	948	956
63124	28	274	948	956
135930	28	749	948	956
52187	28	397	948	956
45835	28	1000	948	956
25183	28	198	948	956
17140	28	268	948	956
22799	28	29	948	956
17295	28	368	948	956
47520	28	132	948	956
5967	28	175	948	956
34676	28	3433	948	956
11361	28	471	948	956
12353	28	29	948	956
35166	28	48	948	956
23091	28	2703	948	956
25115	28	205	948	956
101377	28	492	948	956
35947	28	453	948	956
26672	28	102	948	956
38414	28	603	948	956
19118	28	66	948	956
39514	28	78	948	956
51175	28	1075	948	956
15204	28	214	948	956
31828	28	471	948	956
34807	28	19	948	956
33244	28	53	948	956
26212	28	217	948	956
9991	28	52	948	956
69668	28	796	948	956
29668	28	327	948	956
22266	28	1670	948	956
21329	28	16	948	956
46381	28	68	948	956
59508	28	1253	948	956
38538	28	2841	948	956
19160	28	554	948	956
17172	28	78	948	956
47211	28	343	948	956
69547	28	159	948	956
19927	28	520	948	956
33691	28	74	948	956
95383	28	1767	948	956
40890	28	327	948	957
12267	28	19	948	957
12137	28	267	948	957
87807	28	1028	948	957
31648	28	121	948	957
86982	28	2870	948	957
7415	28	162	948	957
57366	28	622	948	957
92322	28	1135	948	957
12115	28	402	948	957
33374	28	1828	948	957
9657	28	60	948	957
3782	23	5121	948	957
5121	23	3782	948	957
11313	28	348	948	957
42922	28	1011	948	957
84497	28	4998	948	957
10404	28	423	948	957
28744	28	185	948	957
34758	28	179	948	957
59411	28	622	948	957
38751	28	766	948	957
7842	28	276	948	957
43374	28	158	948	957
61325	28	140	948	957
20063	28	224	948	957
8168	28	81	948	957
55733	28	327	948	957
52864	28	268	948	957
24688	28	5808	948	957
42849	28	227	948	957
44283	28	227	948	957
47079	28	547	948	957
16562	28	140	948	957
111036	28	2145	948	957
153975	28	912	948	957
18516	28	662	948	957
96511	28	1282	948	957
16657	28	505	948	958
17044	28	510	948	958
33346	28	970	948	958
21646	28	484	948	958
77043	28	275	948	958
20916	28	1300	948	958
43999	28	835	948	958
28401	28	107	948	958
11202	28	471	948	958
24491	28	489	948	958
16145	28	5461	948	958
10803	28	132	948	958
27797	28	185	948	958
18466	28	365	948	958
45707	28	951	948	958
33824	28	348	948	958
34712	28	206	948	958
4312	28	276	948	958
143174	28	6367	948	958
22324	28	550	948	959
18814	28	217	948	959
75244	28	2841	948	959
41484	28	36	948	959
27500	28	60	948	959
10729	28	550	948	959
43101	28	855	948	959
80112	28	325	948	959
37964	28	832	948	959
15104	28	1535	948	959
51939	28	2145	948	959
23354	28	155	948	959
38355	28	244	948	959
45257	23	100130	948	959
100130	23	45257	948	959
114811	16	2830	948	959
17902	28	464	948	959
7839	28	34	948	959
25369	28	749	948	959
70391	28	366	948	959
70417	28	2838	948	959
51521	28	1642	948	959
82799	28	413	948	960
26734	28	85	948	960
41498	28	180	948	960
20544	28	228	948	960
25586	28	1075	948	960
26023	28	1135	948	960
28103	28	184	948	960
21551	28	20	948	960
7265	28	184	948	960
18659	28	1229	948	960
14600	28	13881	948	960
29704	28	103	948	960
59425	28	924	948	960
72921	28	474	948	960
33085	28	103	948	960
45366	23	83562	948	960
83562	23	45366	948	960
23353	28	1046	948	961
12197	28	453	948	961
8958	28	106	948	961
38881	28	453	948	961
29704	28	526	948	961
132511	28	1814	948	961
46377	28	835	948	961
59663	28	1132	948	961
64192	28	145	948	961
8793	28	505	948	961
20544	28	668	948	961
23140	28	520	948	961
154964	28	2540	948	961
128220	28	5733	948	961
60904	23	37948	948	961
37948	23	60904	948	961
41780	28	615	948	962
41929	28	143	948	962
45132	28	6367	948	962
45544	28	1814	948	962
40273	28	586	948	963
29883	28	648	948	963
48752	28	2019	948	963
82093	28	1814	948	963
28549	28	135	948	963
48274	16	49232	948	963
25314	28	269	948	963
15531	28	269	948	964
108202	28	6367	948	964
5341	23	43420	948	964
123453	23	113571	948	964
10951	28	471	948	964
52267	28	1263	948	965
17724	28	3769	948	965
19403	28	453	948	965
14010	28	32	948	965
13867	28	484	948	965
7248	28	957	948	965
12946	28	1504	948	965
23037	28	2838	948	965
6056	28	505	948	966
81224	28	20	948	966
23101	28	45	948	967
18427	28	43	948	968
24727	28	514	949	0
24748	28	134	949	0
7698	28	86	949	0
52362	28	36	949	0
39066	14	7183	949	0
60998	14	3111	949	0
45429	28	145	949	0
8530	28	1024	949	0
61411	28	29564	949	0
22213	28	2623	949	0
11595	28	781	949	0
83310	28	1430	949	0
6371	28	223	949	0
71703	28	605	949	0
83568	28	309	949	0
14876	28	117	949	0
39939	28	1839	949	0
53496	28	22569	949	0
8660	28	24	949	0
62183	14	12873	949	0
6439	28	89	949	0
72276	28	622	949	0
72349	28	2863	949	0
25215	28	510	949	0
7379	28	257	949	0
7877	28	186	949	0
13076	28	111	949	0
72860	28	574	949	0
46950	28	67	949	0
23048	28	1112	949	0
16645	23	63212	949	0
63212	23	16645	949	0
35379	28	1166	949	0
85112	28	906	949	0
47338	28	54731	949	0
114812	28	87	949	0
4102	28	219	949	0
16914	28	2982	949	0
63831	28	428	949	0
13490	28	3207	949	0
35233	28	8726	949	0
5587	28	107	949	0
16549	28	951	949	0
5787	28	503	949	0
9259	28	86	949	0
13704	28	239	949	0
12267	28	24	949	0
74275	28	609	949	0
19849	28	24	949	0
10567	28	92	949	0
86232	14	2368	949	0
55590	14	1126	949	0
27199	28	2732	949	0
31239	28	167	949	0
9395	28	3167	949	0
6758	28	398	949	0
8893	14	17928	949	0
18772	28	327	949	0
65057	28	165	949	0
8848	28	46	949	0
64476	28	439	949	0
16519	28	702	949	0
56192	23	116690	949	0
56491	28	116750	949	0
11028	28	92	949	0
135610	14	26585	949	0
87660	28	2003	949	0
14589	28	2709	949	0
9296	28	166	949	0
23915	28	1070	949	0
42828	14	34273	949	0
10379	28	33	949	0
49559	28	1288	949	0
65538	28	495	949	0
6337	28	1033	949	0
24205	28	110	949	0
63721	28	11776	949	0
102242	28	821	949	0
11050	28	10999	949	0
39461	28	1544	949	0
19307	28	176	949	0
99062	28	623	949	0
4659	28	186	949	0
75495	28	1371	949	0
77406	28	3099	949	0
9358	28	47	949	0
16825	28	166	949	0
63295	28	150	949	0
16915	28	1060	949	0
89803	28	1261	949	0
49947	28	704	949	0
6647	28	117	949	0
30313	28	72570	949	0
11702	28	24	949	0
33590	28	578	949	0
138105	14	46013	949	0
8745	28	84408	949	0
103959	28	2957	949	0
61228	28	6134	949	0
6667	28	16	949	0
23094	28	712	949	0
21904	28	112	949	0
11400	28	1405	949	0
78426	28	25263	949	0
45699	14	308	949	0
31165	28	71	949	0
29309	28	1060	949	0
12440	23	57844	949	0
120972	23	43586	949	0
43586	23	120972	949	0
15243	28	2095	949	0
13807	28	134	949	0
17065	28	4872	949	0
31303	28	532	949	0
88776	28	80	949	0
42141	16	2631	949	0
67195	14	1706	949	0
12161	28	450	949	0
53947	28	54731	949	0
64624	14	3111	949	0
61194	28	15237	949	0
4618	28	3570	949	0
79056	14	1343	949	0
36815	28	415	949	0
27538	28	39449	949	0
12016	28	404	949	0
121910	23	79224	949	0
7911	28	49111	949	0
22798	28	1083	949	0
105853	28	238	949	0
49148	28	72570	949	0
105472	28	423	949	0
68459	14	308	949	0
12804	28	86	949	0
68520	28	79	949	0
15672	28	124	949	0
4659	28	80	949	0
102423	28	1083	949	0
8193	28	54	949	0
163522	14	7055	949	0
68683	28	79	949	0
5632	28	481	949	0
43588	14	20071	949	0
41816	14	7343	949	0
12666	28	14101	949	0
7565	28	2759	949	0
4014	28	39	949	0
89345	28	781	949	0
17641	28	239	949	0
92520	28	4927	949	0
10449	28	1571	949	0
19862	28	5785	949	0
8491	28	117	949	0
7592	23	50526	949	0
50526	23	7592	949	0
59394	28	1606	949	0
17457	28	1022	949	0
10605	28	43	949	0
49284	28	1375	949	0
69042	28	1660	949	0
63970	23	123590	949	0
123590	23	63970	949	0
16991	28	657	949	0
12007	28	31	949	0
8110	28	3061	949	0
8734	28	146	949	0
103791	28	523	949	0
78732	28	347	949	0
14511	28	5760	949	0
31181	28	477	949	0
39650	28	869	949	0
33548	28	241	949	0
26557	28	14	949	0
21388	28	523	949	0
31197	28	99	949	0
69037	28	964	949	0
164869	28	1260	949	0
13551	28	522	949	0
45098	28	1634	949	0
21532	28	1239	949	0
16825	28	87	949	0
15774	28	501	949	0
32541	14	7090	949	0
13490	28	9126	949	0
62111	28	32155	949	0
78817	28	474	949	0
30275	28	907	949	0
35452	28	1779	949	0
29792	28	4217	949	0
73784	28	87	949	0
27026	28	19408	949	0
44177	28	1514	949	0
53588	28	428	949	0
6336	28	17491	949	0
16147	28	10003	949	0
33429	28	4106	949	0
93632	14	308	949	0
5642	28	40	949	0
16223	28	2480	949	0
91432	28	3213	949	0
21701	28	4106	949	0
53466	28	547	949	0
8157	28	1700	949	0
15984	28	3692	949	0
12683	28	938	949	0
21546	28	889	949	0
4438	28	168	949	0
8352	28	428	949	0
68618	28	241	949	0
11936	28	2732	949	0
11385	28	1606	949	0
8147	28	53	949	0
10588	28	547	949	0
12668	28	186	949	0
9916	28	828	949	0
47809	28	571	949	0
17066	28	265	949	0
48050	14	9720	949	0
23962	28	1692	949	0
12946	28	1512	949	0
53252	28	3686	949	0
78423	28	6432	949	0
20069	28	2203	949	0
76626	28	216	949	0
6337	28	4106	949	0
14398	28	176	949	0
91499	14	943	949	0
11498	28	7791	949	0
22202	28	350	949	0
71933	28	2522	949	0
7678	28	1060	949	0
102936	28	3642	949	0
80925	28	238	949	0
32855	28	58	949	0
7127	28	188	949	0
79231	28	818	949	0
57567	28	605	949	0
89047	23	35642	949	0
14885	28	131	949	0
8312	28	111	949	0
16192	28	1021	949	0
16400	28	86	949	0
11527	28	692	949	0
15614	28	1682	949	0
114812	28	166	949	0
80586	28	1594	949	0
16318	28	31	949	0
7322	28	228	949	0
19662	28	16	949	0
49324	28	1083	949	0
65688	28	1740	949	0
15239	28	361	949	0
32027	14	15100	949	0
14813	28	18401	949	0
61185	28	1166	949	0
54902	28	32980	949	0
14924	28	135	949	0
9297	28	4008	949	0
29309	28	1112	949	0
31228	28	22061	949	0
71624	28	273	949	0
18236	28	61	949	0
31189	28	668	949	0
11249	28	1060	949	0
8762	28	129	949	0
7657	28	1409	949	0
38290	28	1597	949	0
39810	16	48708	949	0
13334	28	17143	949	0
8037	28	139	949	0
146902	28	992	949	0
89424	14	2417	949	0
23376	14	2368	949	0
93414	28	3325	949	0
16770	28	1075	949	0
25352	28	973	949	0
147467	28	2831	949	0
8412	28	573	949	0
110158	28	415	949	0
19094	28	68	949	0
8169	28	61	949	0
11160	28	1816	949	0
17695	28	819	949	0
23835	28	2127	949	0
7988	28	1961	949	0
122701	28	27335	949	0
56537	14	2911	949	0
6508	28	120	949	0
16506	28	661	949	0
5393	28	79	949	0
70500	16	9	949	0
35803	14	55216	949	0
82687	28	80	949	0
5468	28	186	949	0
76571	28	10650	949	0
27435	28	1071	949	0
11560	28	239	949	0
27601	28	365	949	0
70580	28	13714	949	0
7379	28	298	949	0
18393	28	678	949	0
99956	14	4043	949	0
12522	28	1014	949	0
11085	28	668	949	0
82830	28	2831	949	0
28781	28	44	949	0
123658	28	465	949	0
15657	28	2366	949	0
11851	28	143	949	0
7788	28	14	949	0
28923	28	1672	949	0
123652	28	605	949	0
32300	28	361	949	0
21352	28	1809	949	0
58556	28	641	949	0
26149	28	3743	949	0
8660	28	66	949	0
50002	28	79	949	0
103272	16	2631	949	0
28516	28	61	949	0
76342	28	1075	949	0
60905	28	540	949	0
4388	28	637	949	0
19711	28	119	949	0
49329	28	236	949	0
9835	28	6381	949	0
19620	28	780	949	0
31133	14	32634	949	0
13190	28	288	949	0
10919	28	364	949	0
15404	28	2415	949	0
10988	28	743	949	0
48757	16	22575	949	0
27661	28	1263	949	0
8312	28	107	949	0
8848	28	85	949	0
61454	28	361	949	0
10055	14	3622	949	0
14736	28	391	949	0
15566	28	2205	949	0
15399	28	272	949	0
32196	28	131	949	0
44407	28	58	949	0
128940	14	137	949	0
8316	28	61	949	0
22910	28	1163	949	0
26937	28	24	949	0
34776	28	510	949	0
6180	28	1931	949	0
5468	28	122	949	0
8799	28	3648	949	0
44071	28	161	949	0
10407	28	2201	949	0
40191	14	2238	949	0
84176	28	261	949	0
6288	28	388	949	0
21267	28	934	949	0
84435	28	109	949	0
11821	23	19458	949	0
65628	28	523	949	0
122701	28	2963	949	0
56101	14	902	949	0
39327	28	548	949	0
7298	28	347	949	0
18441	28	8662	949	0
8484	28	134	949	0
122244	28	1383	949	0
47182	28	54	949	0
6490	28	2991	949	0
28107	28	232	949	0
16847	28	167	949	0
8566	28	253	949	0
93414	28	1083	949	0
75774	28	4106	949	0
71624	28	18963	949	0
126014	28	15530	949	0
16220	28	1261	949	0
12668	28	86	949	0
26068	28	350	949	0
22231	28	423	949	0
41604	28	1351	949	0
14732	28	670	949	0
30142	28	339	949	0
51441	28	2702	949	0
17560	28	307	949	0
90962	28	165	949	0
102987	28	670	949	0
62894	28	228	949	0
68092	28	649	949	0
38472	28	219	949	0
80829	28	1261	949	0
15111	28	126	949	0
26522	28	2745	949	0
11917	28	1282	949	0
5125	28	337	949	0
62836	28	658	949	0
13004	28	77	949	0
7702	28	529	949	0
16924	28	1527	949	0
47251	14	3795	949	0
12182	28	875	949	0
7056	28	361	949	0
21062	28	623	949	0
38935	28	1354	949	0
77566	14	902	949	0
120760	14	5738	949	0
24129	28	1698	949	0
13807	28	110	949	0
12137	28	799	949	0
176262	6	2307	949	0
74418	28	70291	949	0
5209	28	24	949	0
87800	28	126	949	0
60660	14	12967	949	0
10521	14	3057	949	0
47825	28	3385	949	0
8396	28	70	949	0
16027	28	68	949	0
50000	28	2668	949	0
19095	28	102	949	0
10416	28	4106	949	0
28588	28	361	949	0
93118	28	3640	949	0
105967	28	2385	949	0
24611	28	221	949	0
66777	28	10655	949	0
11617	28	111	949	0
134276	14	444	949	0
21748	28	365	949	0
24029	28	39	949	0
16028	16	2631	949	0
8067	28	14	949	0
9395	28	4098	949	0
10254	28	1027	949	0
10449	28	361	949	0
60334	28	1671	949	0
84614	28	49111	949	0
104671	28	904	949	0
107036	28	1903	949	0
14651	28	1409	949	0
14664	28	964	949	0
92868	28	1495	949	0
31451	28	345	949	0
4471	28	188	949	0
129425	28	2331	949	0
76918	28	1004	949	0
13833	23	25780	949	0
27515	28	3172	949	0
46437	28	88	949	0
4654	28	784	949	0
9090	28	4924	949	0
16000	28	974	949	0
109702	28	653	949	0
5067	28	973	949	0
113739	28	1075	949	0
44557	28	350	949	0
77741	14	9717	949	0
53972	28	484	949	0
50426	28	1740	949	0
16318	28	91	949	0
58196	28	1544	949	0
6420	28	2672	949	0
9632	28	4400	949	0
58061	28	132	949	0
48736	28	70291	949	0
68683	28	72	949	0
16875	28	4525	949	0
9283	28	86	949	0
6334	28	289	949	0
46356	28	361	949	0
11202	28	336	949	0
151545	28	537	949	0
56466	28	54731	949	0
44461	28	110	949	0
56672	28	484	949	0
86590	28	58	949	0
78423	28	1819	949	0
27082	28	811	949	0
15190	28	110	949	0
79145	28	9129	949	0
53570	28	241	949	0
25183	28	1286	949	0
46835	28	1879	949	0
68607	28	1785	949	0
28514	28	1442	949	0
10790	28	69	949	0
12650	28	120	949	0
44461	28	265	949	0
9059	28	119	949	0
20969	28	47	949	0
38646	28	1199	949	0
6936	28	219	949	0
7577	28	785	949	0
74892	14	4314	949	0
10991	28	220	949	0
13076	28	69	949	0
45098	28	1091	949	0
26672	28	105	949	0
44543	28	44307	949	0
35560	23	109470	949	0
109470	23	35560	949	0
24215	28	103	949	0
10987	28	23	949	0
20188	16	22575	949	0
105006	14	1217	949	0
44207	28	101	949	0
7145	28	85	949	0
8317	28	3724	949	0
94620	28	14622	949	0
60836	14	5738	949	0
57567	28	1083	949	0
39641	23	154428	949	0
11958	28	39	949	0
80949	28	119	949	0
13633	28	973	949	0
8958	28	3061	949	0
9283	28	289	949	0
15468	28	1839	949	0
33033	28	49	949	0
14682	28	23	949	0
154651	28	781	949	0
24018	28	817	949	0
18081	28	126	949	0
23539	28	605	949	0
15756	28	158	949	0
93505	28	37	949	0
8402	28	56	949	0
9721	28	273	949	0
15181	28	1012	949	0
7547	28	564	949	0
5967	28	973	949	0
76522	14	39285	949	0
8372	28	56	949	0
14302	28	345	949	0
27664	28	712	949	0
34485	28	1297	949	0
16142	28	2127	949	0
11917	28	216	949	0
5623	28	47150	949	0
33796	28	1180	949	0
47195	14	5693	949	0
46124	28	523	949	0
19793	28	2776	949	0
6991	28	1727	949	0
54141	14	25618	949	0
8550	28	152	949	0
16971	28	17954	949	0
52640	28	350	949	0
51185	28	184	949	0
51337	28	464	949	0
74831	28	471	949	0
34610	28	453	949	0
84597	28	2831	949	0
52706	28	1692	949	0
111714	23	58056	949	0
65445	28	796	949	0
32162	28	22428	949	0
184068	28	166	949	0
74386	28	1662	949	0
69256	28	184	949	0
18134	28	1519	949	0
43882	28	265	949	0
10449	28	475	949	0
74710	28	605	949	0
85243	28	2957	949	0
74742	14	764	949	0
9312	28	1874	949	0
53650	28	166	949	0
8161	28	167	949	0
37198	28	825	949	0
80032	16	9	949	0
109542	28	261	949	0
17649	28	177	949	0
12105	28	19	949	0
21870	28	889	949	0
7657	28	2776	949	0
15165	28	3686	949	0
7327	28	620	949	0
122926	14	23525	949	0
5073	28	871	949	0
5672	28	825	949	0
22750	28	203	949	0
58929	28	38083	949	0
21533	28	6938	949	0
26676	14	3111	949	0
31181	28	428	949	0
43787	28	573	949	0
88554	28	350	949	0
33834	28	1879	949	0
11303	28	8806	949	0
20893	28	2413	949	0
5022	28	101	949	0
34299	28	17561	949	0
23230	28	315	949	0
49225	28	643	949	0
62578	14	3170	949	0
22511	28	361	949	0
77792	14	5315	949	0
9361	28	361	949	0
17695	28	1083	949	0
31391	28	119	949	0
11339	28	649	949	0
4615	28	1793	949	0
110225	28	8323	949	0
128670	28	14027	949	0
24590	28	22	949	0
35526	28	6381	949	0
8218	28	42	949	0
19589	28	3623	949	0
16208	28	231	949	0
7815	28	77	949	0
33010	28	643	949	0
98310	28	361	949	0
63734	28	1112	949	0
109702	28	2218	949	0
23203	28	1436	949	0
7810	28	1231	949	0
31706	28	646	949	0
74759	14	2964	949	0
48736	28	1261	949	0
62483	28	536	949	0
20339	28	105	949	0
10507	28	24	949	0
80223	28	261	949	0
11533	28	499	949	0
24683	28	523	949	0
12645	28	32	949	0
12021	28	33	949	0
52794	28	402	949	0
9419	28	1165	949	0
82910	28	1551	949	0
8012	28	436	949	0
176139	14	81698	949	949
4463	23	81821	949	949
39199	28	1265	949	949
24881	28	263	949	950
38876	28	442	949	950
21810	28	339	949	950
12899	28	64	949	950
8491	28	109	949	950
7680	28	69	949	950
16670	28	139	949	950
14635	28	339	949	950
25123	28	76	949	950
7251	28	2177	949	950
19233	28	353	949	950
39069	28	625	949	950
14716	28	6359	949	950
11662	28	2807	949	950
11694	28	458	949	950
19125	28	1476	949	950
83840	28	621	949	950
6437	28	1471	949	950
17105	28	670	949	950
40200	28	131	949	950
34269	28	435	949	950
53995	28	371	949	950
40434	28	1304	949	950
35026	28	54048	949	950
15104	28	8022	949	950
11397	28	1297	949	950
22977	28	145	949	950
19603	28	1141	949	950
6483	28	36	949	950
17402	28	255	949	950
84917	28	6938	949	950
63247	28	748	949	950
23148	28	45	949	950
20182	28	330	949	950
12025	28	5797	949	950
41128	28	52102	949	950
54813	28	174	949	950
5644	28	1850	949	950
12196	28	336	949	950
5041	28	34	949	950
11338	28	19	949	950
26347	28	165	949	950
19072	28	2390	949	950
55080	28	989	949	950
35826	28	615	949	950
29941	28	26970	949	950
5084	28	4092	949	950
55181	28	1186	949	950
9158	28	4181	949	950
55242	28	1317	949	950
6063	28	5821	949	950
47966	28	617	949	950
12308	28	404	949	950
12009	28	492	949	950
31373	28	575	949	950
23594	28	11776	949	950
17169	28	3771	949	950
11477	28	3309	949	950
10919	28	780	949	950
13777	28	1471	949	950
55739	28	2763	949	950
16701	28	67	949	950
12105	28	408	949	950
11932	28	1093	949	950
35452	28	417	949	950
65001	28	2172	949	950
42297	28	430	949	950
25043	28	2877	949	950
31873	28	2717	949	950
7792	28	58	949	950
29130	28	649	949	950
64005	28	1969	949	950
18047	28	559	949	950
15898	28	219	949	950
10413	28	361	949	950
4360	28	491	949	950
4572	28	139	949	950
11313	28	439	949	950
65685	28	22	949	950
19643	28	281	949	950
15527	28	142	949	950
32102	28	31	949	950
17615	28	1018	949	950
76071	28	5760	949	950
6795	28	179	949	950
6619	28	1142	949	950
6859	28	28	949	950
9596	28	311	949	950
27981	28	293	949	950
73958	28	917	949	950
20668	28	610	949	950
7085	28	44	949	950
19877	28	211	949	950
23715	28	361	949	950
26229	28	1258	949	950
66274	28	718	949	950
8286	28	525	949	950
13147	28	22	949	950
8113	28	55	949	950
48548	28	881	949	950
86304	28	18261	949	950
24796	28	380	949	950
60513	28	1831	949	950
48352	28	32333	949	950
18702	28	255	949	950
14225	28	211	949	950
57602	28	523	949	950
9183	28	431	949	950
16544	28	351	949	950
14334	28	79	949	950
16466	28	361	949	950
16466	28	798	949	950
76658	28	592	949	950
29461	28	25263	949	950
11407	28	255	949	950
45393	28	3169	949	950
18942	28	1671	949	950
11245	28	355	949	950
11553	28	627	949	950
16718	28	439	949	950
9393	28	504	949	950
45688	28	255	949	950
57285	28	3051	949	950
53590	28	6433	949	950
67158	28	1100	949	950
9490	28	1076	949	950
50019	28	719	949	950
29827	28	857	949	950
19636	28	193	949	950
6364	28	504	949	950
19761	28	273	949	950
67343	28	525	949	950
40566	28	32	949	950
17312	28	564	949	950
6281	28	893	949	950
16878	28	714	949	950
12017	28	35167	949	950
19912	28	4872	949	950
15269	28	199	949	950
17387	28	4729	949	950
7800	28	288	949	950
10270	28	1551	949	950
47120	28	504	949	950
47366	28	203	949	950
63863	28	273	949	950
15136	28	1660	949	950
50149	28	3353	949	950
23122	28	986	949	950
73558	28	2257	949	950
22659	28	353	949	950
76331	28	2831	949	950
9672	28	388	949	950
67785	28	720	949	950
84653	28	104566	949	950
46034	28	2607	949	950
104643	28	1432	949	950
19404	28	13163	949	950
7502	28	82	949	950
139317	28	1024	949	950
15614	28	199	949	950
7992	28	1115	949	950
3789	28	186	949	950
17772	28	412	949	950
5830	28	168	949	950
30859	28	330	949	950
78734	28	82	949	950
13845	28	50	949	950
26994	28	610	949	950
10934	28	612	949	950
20569	28	2319	949	950
10915	28	191	949	950
55705	28	2689	949	950
12396	28	5821	949	950
27435	28	571	949	950
67550	28	437	949	950
58702	28	3167	949	950
17357	28	793	949	950
65584	28	5619	949	950
27616	28	1283	949	950
20235	28	926	949	950
6195	28	523	949	950
88950	28	1282	949	950
10971	28	404	949	950
83818	28	140249	949	950
42009	28	105	949	950
47283	28	977	949	950
91492	28	3059	949	950
36824	28	2022	949	950
16571	28	146	949	950
43882	28	178	949	950
11516	28	481	949	950
7744	28	220	949	950
15957	28	603	949	950
87431	28	2831	949	950
12542	28	560	949	950
12475	28	275	949	950
13520	28	136	949	950
9358	28	46	949	950
10667	28	216	949	950
106039	28	104566	949	950
11662	28	499	949	950
18888	28	3771	949	950
15043	28	315	949	950
122483	28	353	949	950
20995	28	45	949	950
6355	28	111	949	950
56829	28	42153	949	950
17892	28	351	949	950
11085	28	1174	949	950
16058	28	609	949	950
61374	28	133	949	950
122574	28	1320	949	950
11438	28	181	949	950
73976	28	1679	949	950
7018	28	1720	949	950
7334	28	3623	949	950
88554	28	964	949	950
12468	28	2713	949	950
53956	28	2992	949	950
92216	28	2575	949	950
57443	28	1334	949	950
29943	28	27	949	950
27982	28	99	949	950
68747	28	1261	949	950
21421	28	55	949	950
17013	28	1731	949	950
10649	28	24	949	950
73535	28	1021	949	950
21816	28	529	949	950
36247	28	635	949	950
55318	28	1131	949	950
61404	28	2867	949	950
64446	28	1933	949	950
52810	28	158	949	950
28588	28	1571	949	950
15532	28	211	949	950
101007	28	1123	949	950
53972	28	3400	949	950
105542	28	1070	949	950
7863	28	3413	949	950
14638	28	95	949	950
100196	28	2812	949	950
10984	28	5432	949	950
9064	28	121	949	950
12407	28	118	949	950
11936	28	615	949	950
16318	28	57	949	950
27865	28	1547	949	950
9246	28	5619	949	950
8147	28	42	949	950
39099	28	112	949	950
23744	28	124	949	950
17355	28	2385	949	950
93118	28	552	949	950
12693	28	143	949	950
8179	28	102	949	950
6019	28	2733	949	950
7759	28	38	949	950
29912	28	713	949	950
28699	28	998	949	950
34504	28	3135	949	950
16012	28	3623	949	950
69155	28	210	949	950
19948	28	1589	949	950
21088	28	255	949	950
7016	28	1338	949	950
18869	28	836	949	950
13335	28	248	949	950
29876	28	1466	949	950
21960	28	54	949	950
12249	28	4769	949	950
33533	28	569	949	950
17245	28	57	949	950
32218	28	986	949	950
77876	28	45	949	950
80813	28	1025	949	950
40455	28	4184	949	950
33687	28	7677	949	950
31721	28	469	949	950
73003	28	1606	949	950
26034	28	1733	949	950
14629	28	42	949	950
7842	28	181	949	950
33184	28	44	949	950
73388	28	1436	949	950
8226	28	110	949	950
24967	28	474	949	950
28145	28	621	949	950
7433	28	14621	949	950
4001	28	2662	949	950
8142	28	23582	949	950
8791	28	238	949	950
29387	28	2601	949	950
7994	28	165	949	950
15399	28	147	949	950
106947	28	1075	949	950
31823	28	633	949	950
25624	28	1261	949	950
25840	28	885	949	950
38540	28	899	949	950
11684	28	681	949	950
21178	28	4185	949	950
32027	14	1491	949	950
19787	28	358	949	950
37969	28	165	949	950
8386	28	102	949	950
15350	28	501	949	950
21798	28	899	949	950
40835	28	6518	949	950
5718	28	272	949	950
66839	28	1896	949	950
9672	28	16	949	950
59538	28	894	949	950
46741	28	129	949	950
10231	28	83	949	950
40482	28	2768	949	950
24972	28	1527	949	950
87819	28	14197	949	950
92981	28	1923	949	950
9678	28	132	949	950
89737	28	99	949	950
16359	28	239	949	950
11276	28	235	949	950
69968	28	336	949	950
5487	28	112	949	950
6244	28	4674	949	950
77474	28	641	949	950
43466	28	304	949	950
6426	28	1399	949	950
8166	28	991	949	950
14143	28	36	949	950
72990	28	273	949	950
6258	28	159	949	950
51122	28	3173	949	950
10475	28	1725	949	950
15488	28	1297	949	950
8424	28	3879	949	950
42041	28	83	949	950
45091	28	5630	949	950
67128	28	605	949	950
12818	28	2035	949	950
21214	28	1093	949	950
15417	28	155	949	950
69251	28	614	949	950
24029	28	51	949	950
92110	28	4387	949	950
31786	28	70	949	950
28986	28	43	949	950
39559	28	467	949	950
63132	28	13575	949	950
24457	28	58	949	950
47871	28	4181	949	950
96115	28	919	949	950
27199	28	1554	949	950
11204	28	1075	949	950
10927	28	395	949	950
67260	28	1383	949	950
9627	28	483	949	950
21119	28	742	949	950
58000	28	6518	949	950
12699	28	19	949	950
10818	28	122	949	950
37202	28	1380	949	950
12955	28	195	949	950
68238	28	3407	949	950
80567	28	1201	949	950
59713	28	1417	949	950
30496	28	8022	949	950
12434	28	13406	949	950
5542	28	67	949	950
71486	28	5480	949	950
6288	28	1476	949	950
24882	28	336	949	950
40432	28	571	949	950
85880	28	1127	949	950
7212	28	3061	949	950
15508	28	1085	949	950
56672	28	2682	949	950
20123	28	2435	949	950
4471	28	175	949	950
98695	28	1554	949	950
31747	28	926	949	950
69611	28	2152	949	950
6406	28	74	949	950
10844	28	24	949	950
11808	28	170	949	950
15925	28	3918	949	950
13634	28	110	949	950
40834	28	32980	949	950
12413	28	1968	949	950
5639	28	690	949	950
3003	28	89	949	950
4102	28	69	949	950
93556	28	2709	949	950
11075	28	69	949	950
26116	28	7857	949	950
13317	28	319	949	950
7310	28	2416	949	950
19052	28	252	949	950
69211	28	749	949	950
80591	28	2095	949	950
4734	28	102	949	950
8443	28	2840	949	950
10478	28	377	949	950
49829	28	7559	949	950
66483	28	3309	949	950
10063	28	1698	949	950
63860	28	2062	949	950
43920	28	890	949	950
18433	28	133	949	950
93792	28	781	949	950
12824	28	286	949	950
6226	28	388	949	950
14241	28	126	949	950
8101	28	400	949	950
92828	28	1346	949	950
21735	28	458	949	950
38539	28	1571	949	950
38225	28	1609	949	950
8228	28	33	949	950
101684	28	254	949	950
17106	28	205	949	950
4061	28	24	949	950
15832	28	222	949	950
18759	28	609	949	950
7623	28	181	949	950
18047	28	265	949	950
6719	28	26970	949	950
21272	28	523	949	950
63347	28	1704	949	950
17286	28	433	949	950
75827	28	16143	949	950
12942	28	450	949	950
80964	28	5765	949	950
32321	28	3819	949	950
23030	28	2897	949	950
32779	28	931	949	950
27297	28	3172	949	950
15710	28	210	949	950
9508	28	364	949	950
93300	28	131	949	950
11699	28	1218	949	950
13619	28	147	949	950
64703	28	1153	949	950
9244	28	388	949	950
12287	28	353	949	950
11028	28	53	949	950
88552	28	455	949	950
19917	28	4525	949	950
128915	23	37892	949	950
37892	23	128915	949	950
58253	28	2026	949	950
73757	28	1478	949	950
22528	28	7024	949	950
17810	28	11965	949	950
15975	28	3205	949	950
4635	28	707	949	950
94747	28	1671	949	950
93089	28	52102	949	950
11730	28	455	949	950
70090	28	4649	949	950
6313	28	888	949	950
6056	28	131	949	950
42000	28	890	949	950
36249	28	1129	949	950
49690	28	2035	949	950
8001	28	289	949	950
31453	28	1182	949	950
46370	28	3623	949	950
5327	28	396	949	950
150292	28	1178	949	950
16852	28	68	949	950
92347	28	20789	949	950
7747	28	1014	949	950
50426	28	166	949	950
4855	28	467	949	950
108004	28	609	949	950
6675	28	20	949	950
24685	28	17781	949	950
17475	28	477	949	950
16962	28	280	949	950
32838	28	313	949	950
45072	28	60	949	950
16067	28	794	949	950
22712	28	1293	949	950
94395	28	6067	949	950
13158	28	292	949	950
9651	28	1297	949	950
34230	28	612	949	950
17351	28	4200	949	950
119376	28	1138	949	950
34830	28	695	949	950
79327	28	241	949	950
18047	28	339	949	950
40615	28	9960	949	950
16287	28	1148	949	950
77355	28	741	949	950
19760	28	363	949	950
18505	28	211	949	950
31417	28	29	949	950
15401	28	50	949	950
9291	28	48	949	950
110340	28	6984	949	950
10881	28	554	949	950
101948	28	315	949	950
11179	28	235	949	950
38648	28	5480	949	950
34499	28	666	949	950
68172	28	792	949	950
22511	28	3047	949	950
16626	28	672	949	950
74097	28	1633	949	950
53650	28	2389	949	950
15960	28	4183	949	950
11010	28	18758	949	950
18575	28	1267	949	950
17300	28	174	949	950
69493	28	3632	949	950
64338	28	16066	949	950
7009	28	256	949	950
12215	28	4098	949	950
15285	28	395	949	950
19868	28	205	949	950
6695	28	2093	949	950
63466	28	5088	949	950
65936	28	1095	949	950
4807	28	554	949	950
6420	28	77206	949	950
94490	28	1758	949	950
72384	28	1582	949	950
28590	28	1031	949	950
21111	28	442	949	950
24516	28	315	949	950
121424	28	3276	949	950
12720	28	35696	949	950
76626	28	825	949	950
8385	28	546	949	950
81562	28	3435	949	950
18008	28	2812	949	950
18952	28	2536	949	950
5297	28	42	949	950
32866	28	1670	949	950
9666	28	404	949	950
9538	28	28	949	950
12955	28	219	949	950
7261	28	515	949	950
17767	28	220	949	950
64137	28	1263	949	950
27694	28	222	949	950
24539	28	553	949	950
3943	28	31	949	950
40782	28	3118	949	950
107455	28	1809	949	950
25556	28	615	949	950
52544	28	1571	949	950
11286	28	1568	949	950
36034	28	922	949	950
48504	28	7290	949	950
103331	28	3135	949	950
13035	28	680	949	950
14521	28	404	949	950
7101	28	780	949	950
13194	28	6320	949	950
24744	28	504	949	950
16045	28	220	949	950
12253	28	22742	949	950
54192	28	720	949	950
60402	28	523	949	950
5623	28	239	949	950
6299	28	1095	949	950
17030	28	504	949	950
23715	28	1752	949	950
18827	28	1073	949	950
50031	28	848	949	950
9704	28	506	949	950
32014	28	4353	949	950
103844	28	1960	949	950
24643	28	77	949	950
41558	28	1117	949	950
66469	28	3771	949	950
33360	28	70	949	950
6282	28	117	949	950
7029	28	3435	949	950
102100	28	122	949	950
13059	28	1813	949	950
43326	28	87	949	950
115517	28	1708	949	950
90353	28	6894	949	950
9683	28	67	949	950
11685	28	259	949	950
46371	28	1309	949	950
70045	28	643	949	950
27595	28	3362	949	950
5491	28	24	949	950
9337	28	404	949	950
28924	28	447	949	950
22952	28	2126	949	950
58668	28	61	949	950
16023	28	98	949	950
8245	28	255	949	950
34341	28	719	949	950
21501	28	293	949	950
103932	28	1073	949	950
4350	28	105	949	950
87737	28	1675	949	950
7786	28	265	949	950
32151	28	1594	949	950
18125	28	1594	949	950
9870	28	328	949	950
9136	28	192	949	950
44539	28	15530	949	950
10693	28	1210	949	950
75843	28	3118	949	950
44537	28	3724	949	950
9615	28	4181	949	950
55201	28	1919	949	950
46950	28	2033	949	950
36072	28	8022	949	950
7379	28	1159	949	950
5696	28	213	949	950
51839	28	24392	949	950
19566	28	2812	949	950
32996	28	203	949	950
20969	28	134	949	950
68331	28	260	949	950
11809	28	170	949	950
12397	28	2172	949	950
17725	28	6476	949	950
61612	28	669	949	950
10693	28	499	949	950
24629	28	28	949	950
9725	28	129663	949	950
31486	28	54	949	950
70130	28	238	949	950
14458	28	23564	949	950
63730	28	713	949	950
40192	28	3211	949	950
33340	28	704	949	950
48826	28	121	949	950
19311	28	493	949	950
7843	28	499	949	950
4948	28	289	949	950
179146	28	149	949	950
59042	28	1095	949	950
61599	28	515	949	950
16484	28	2447	949	950
73568	28	605	949	950
8917	28	529	949	950
117013	28	1167	949	950
24916	28	925	949	950
77956	28	1351	949	950
58159	28	4674	949	950
38340	28	304	949	950
14150	28	1031	949	950
45823	28	842	949	950
19941	28	331	949	950
28455	28	690	949	950
5859	28	1101	949	950
11840	28	38	949	950
11134	28	1328	949	950
5774	28	474	949	950
49724	28	65473	949	950
76353	28	1476	949	950
11472	28	160	949	950
19423	28	482	949	950
27804	28	180	949	950
72447	28	609	949	950
70280	28	9049	949	950
23815	28	92	949	950
11549	28	95	949	950
28888	28	1918	949	950
12174	28	1311	949	950
20069	28	175	949	950
25855	28	1405	949	950
81776	28	13957	949	950
69439	28	141	949	950
25203	28	731	949	950
5600	28	1349	949	950
61024	28	105	949	950
105857	28	1623	949	950
49253	28	371	949	950
35462	28	1879	949	950
26974	28	2454	949	950
23024	28	553	949	950
95171	28	196	949	950
28781	28	239	949	950
18599	28	87	949	950
13832	28	81	949	950
70155	28	65889	949	950
25022	28	2454	949	950
15190	28	289	949	950
8316	28	91	949	950
4945	28	896	949	950
32489	28	255	949	950
14382	28	745	949	950
6992	28	45	949	950
18503	28	1134	949	950
38646	28	161	949	950
34718	28	1120	949	950
14152	28	1259	949	950
11080	28	205	949	950
25367	28	2331	949	950
44083	28	15797	949	950
8958	28	222	949	950
24565	28	32	949	950
52538	28	992	949	950
44748	28	894	949	950
13017	28	179	949	950
16223	28	1455	949	950
6924	28	186	949	950
13576	28	2447	949	950
28619	28	156	949	950
10457	28	16	949	950
13755	28	2662	949	950
4654	28	1309	949	950
70818	28	504	949	950
83505	28	44	949	950
75899	28	3724	949	950
37400	28	493	949	950
21579	28	358	949	950
22489	28	15862	949	950
21515	28	1278	949	950
91728	28	821	949	950
10577	28	256	949	950
31625	28	2413	949	950
21180	28	205	949	950
9154	28	699	949	950
5903	28	899	949	950
8908	28	10315	949	950
45996	28	960	949	950
89636	28	605	949	950
11435	28	105	949	950
7061	28	57	949	950
6888	28	402	949	950
5175	28	69	949	950
22969	28	274	949	950
25939	28	449	949	950
58176	28	181	949	950
7596	28	188	949	950
47305	28	1383	949	950
15776	28	2563	949	950
74715	28	2662	949	950
13309	28	937	949	950
80138	28	83	949	950
8858	28	3174	949	950
8133	28	141	949	950
56117	28	2680	949	950
62075	28	2522	949	950
19257	28	550	949	950
24549	28	968	949	950
10897	28	298	949	950
26662	28	2469	949	950
16069	28	36	949	950
31047	28	411	949	950
46923	28	2027	949	950
23163	28	3235	949	950
68092	28	1138	949	950
79932	28	255	949	950
11266	28	37	949	950
14711	28	2599	949	950
9769	28	45	949	950
28136	28	121	949	950
15068	28	784	949	950
8025	28	976	949	950
33923	28	220	949	950
17130	28	478	949	950
31486	28	447	949	950
27929	28	3737	949	950
46173	28	298	949	950
112245	28	4400	949	950
18542	28	1308	949	950
84668	28	201	949	950
23935	28	6151	949	950
38581	28	1328	949	950
70361	28	2927	949	950
11410	28	4264	949	950
61654	28	408	949	950
9928	28	118	949	950
25338	28	560	949	950
9165	28	16405	949	950
51785	28	181	949	950
11887	28	3407	949	950
5818	28	2776	949	950
53175	28	1565	949	950
70455	28	1145	949	950
78015	28	1432	949	950
50345	28	133	949	950
92592	28	2126	949	950
32839	28	64	949	950
12309	28	894	949	950
80270	28	101643	949	950
22316	28	560	949	950
8628	28	798	949	950
39747	28	1077	949	950
12958	28	17652	949	950
65703	28	34	949	950
13347	28	234	949	950
81971	28	49271	949	950
22463	28	10833	949	950
67611	28	199	949	950
30688	28	1547	949	950
17509	28	254	949	950
95210	28	1122	949	950
6174	28	467	949	950
11148	28	1568	949	950
80949	28	282	949	950
14881	28	506	949	950
57241	28	1652	949	950
49190	28	42027	949	950
15228	28	24520	949	950
13111	28	435	949	950
51814	28	869	949	950
21609	28	680	949	950
94484	28	255	949	950
83235	28	2022	949	950
38652	28	181	949	950
38641	28	325	949	950
75083	28	145	949	950
22481	28	39997	949	950
18047	28	298	949	950
87208	28	1178	949	950
58257	28	1571	949	950
30746	28	496	949	950
17790	28	22726	949	950
11770	28	8022	949	950
20898	28	2416	949	950
109237	28	1338	949	950
6226	28	4649	949	950
25286	28	818	949	950
5519	28	1319	949	950
12650	28	80	949	950
7185	28	2831	949	950
23289	28	1018	949	950
18488	28	2385	949	950
46209	28	358	949	950
12567	28	1351	949	950
52362	28	89	949	950
37961	28	191	949	950
5490	28	27	949	950
43591	28	166	949	950
40432	28	998	949	950
73968	28	198	949	950
147573	28	1261	949	950
7482	28	81	949	950
7354	28	255	949	950
6646	28	612	949	950
40334	28	66	949	950
64446	28	484	949	950
19917	28	16	949	950
24679	28	9748	949	950
33098	28	3362	949	950
23862	28	266	949	950
37083	28	7206	949	950
11655	28	429	949	950
11919	28	43	949	950
19158	28	477	949	950
12490	28	44	949	950
7056	28	121	949	950
65355	28	1261	949	950
20983	28	78890	949	950
12084	28	252	949	950
31706	28	2136	949	950
111114	28	67934	949	950
11334	28	40	949	950
20199	28	439	949	950
22381	28	698	949	950
64292	28	1462	949	950
47281	28	693	949	950
7566	28	132	949	950
6715	28	99	949	950
12427	28	1041	949	950
38483	28	214	949	950
3672	28	16	949	950
7687	28	17699	949	950
17442	28	2177	949	950
8762	28	514	949	950
10922	28	31	949	950
6147	28	161	949	950
69311	28	977	949	950
17389	28	37279	949	950
67349	28	941	949	950
27270	28	1336	949	950
26908	28	2440	949	950
26158	28	4412	949	950
15049	28	360	949	950
10271	28	1150	949	950
25989	28	1670	949	950
46010	28	351	949	950
41645	28	3918	949	950
6084	28	406	949	950
36495	28	2300	949	950
12777	28	146	949	951
18742	28	5409	949	951
33537	28	436	949	951
82995	28	493	949	951
24690	28	28	949	951
14632	28	136	949	951
45159	28	496	949	951
9418	28	119	949	951
11232	28	503	949	951
19581	28	231	949	951
5454	28	1537	949	951
7972	28	220	949	951
40482	28	798	949	951
72675	28	387	949	951
8755	28	1436	949	951
12021	28	61	949	951
35198	28	377	949	951
4312	28	626	949	951
15296	28	40	949	951
6802	28	257	949	951
73179	28	171	949	951
22712	28	2205	949	951
40688	28	748	949	951
13568	28	61	949	951
40273	28	281	949	951
5924	28	136	949	951
7022	28	37	949	951
16678	28	156	949	951
27167	28	1933	949	951
19174	28	145	949	951
19112	28	309	949	951
15176	28	123	949	951
86428	28	156	949	951
73784	28	72	949	951
14597	28	119	949	951
41760	28	39	949	951
13197	28	3000	949	951
11950	28	1757	949	951
86914	28	1910	949	951
15399	28	110	949	951
20876	28	236	949	951
48792	28	134	949	951
64743	28	1949	949	951
31994	28	2651	949	951
7984	28	1910	949	951
31854	28	731	949	951
17649	28	24	949	951
23933	28	220	949	951
87851	28	1229	949	951
88008	28	2745	949	951
5709	28	195	949	951
16685	28	612	949	951
13526	28	72	949	951
42098	28	3022	949	951
101618	28	411	949	951
16454	28	620	949	951
101825	28	170	949	951
101936	28	1178	949	951
49570	28	2693	949	951
22553	28	101	949	951
47952	28	188	949	951
57310	28	826	949	951
7563	28	80	949	951
37356	28	43	949	951
102100	28	195	949	951
31789	28	2022	949	951
76728	28	3771	949	951
8889	28	1565	949	951
6128	28	741	949	951
40978	28	998	949	951
76954	28	1436	949	951
102564	28	2553	949	951
33603	28	40	949	951
53331	28	2172	949	951
11400	28	383	949	951
24983	28	381	949	951
11469	28	7756	949	951
25255	28	266	949	951
61019	28	186	949	951
25141	28	107	949	951
66855	28	1703	949	951
25385	28	346	949	951
57836	28	1095	949	951
77402	28	272	949	951
34304	28	864	949	951
32370	28	1831	949	951
76395	28	293	949	951
83905	28	1384	949	951
70962	28	1959	949	951
60633	28	1138	949	951
40263	28	230	949	951
89843	28	968	949	951
25142	28	210	949	951
89932	28	98	949	951
9640	28	1440	949	951
12981	28	388	949	951
58222	28	58	949	951
23216	28	123	949	951
16632	28	192	949	951
6960	28	406	949	951
27068	28	364	949	951
9091	28	2709	949	951
58369	28	186	949	951
10815	28	2752	949	951
23355	28	57	949	951
12197	28	608	949	951
78612	28	6824	949	951
8110	28	3724	949	951
8208	28	16	949	951
5894	28	2097	949	951
35640	28	868	949	951
82472	28	883	949	951
4727	28	298	949	951
17939	28	241	949	951
17140	28	360	949	951
50718	28	674	949	951
40991	28	186	949	951
82490	28	117	949	951
12428	28	582	949	951
27085	28	152	949	951
121746	28	1094	949	951
11017	28	95	949	951
12262	28	28	949	951
11420	28	3762	949	951
47948	28	378	949	951
11804	28	1925	949	951
38961	28	529	949	951
91820	28	109	949	951
16011	28	16	949	951
71589	28	2078	949	951
9597	28	615	949	951
18176	28	195	949	951
12577	28	132	949	951
41889	28	931	949	951
12433	28	235	949	951
4442	28	27	949	951
66453	28	3177	949	951
12559	28	65	949	951
14691	28	2682	949	951
21113	28	1159	949	951
62925	28	568	949	951
76411	28	80	949	951
100157	28	51018	949	951
37711	28	54	949	951
62099	28	282	949	951
38928	28	1522	949	951
71697	28	456	949	951
92560	28	1304	949	951
8430	28	295	949	951
8970	28	111	949	951
12826	28	321	949	951
5937	28	89	949	951
14295	28	868	949	951
38185	28	896	949	951
24877	28	635	949	951
113095	28	781	949	951
8259	28	241	949	951
24587	28	161	949	951
53823	28	129	949	951
11233	28	242	949	951
11833	28	698	949	951
5464	28	69	949	951
13197	28	731	949	951
5517	28	2416	949	951
23295	28	524	949	951
15034	28	411	949	951
59492	28	415	949	951
74484	28	56	949	951
32172	28	975	949	951
21454	28	56	949	951
10193	28	43	949	951
36360	28	634	949	951
59428	28	449	949	951
6607	28	383	949	951
28632	28	1864	949	951
40607	28	3939	949	951
8254	28	662	949	951
8292	28	16	949	951
23541	28	238	949	951
24665	28	627	949	951
53550	28	621	949	951
20967	28	868	949	951
36819	28	633	949	951
51429	28	220	949	951
49054	28	2907	949	951
71978	28	7224	949	951
61024	28	147	949	951
10249	28	4898	949	951
11993	28	1123	949	951
55509	28	5821	949	951
16713	28	102	949	951
42021	28	1407	949	951
30323	28	119	949	951
24350	28	387	949	951
15160	28	213	949	951
55053	28	731	949	951
7467	28	573	949	951
12694	28	313	949	951
28156	28	121	949	951
11075	28	24	949	951
13971	28	2335	949	951
68532	28	224	949	951
27856	28	608	949	951
16197	28	1966	949	951
15015	28	1041	949	951
18997	28	66	949	951
11324	28	50	949	951
9694	28	129	949	951
30118	28	596	949	951
21195	28	89	949	951
8012	28	4921	949	951
10982	28	3771	949	951
11099	28	186	949	951
68379	28	68	949	951
11904	28	24	949	951
34170	28	74	949	951
63318	28	931	949	951
7627	28	214	949	951
64384	28	70	949	951
7978	28	36	949	951
110161	28	896	949	951
54431	28	5165	949	951
90917	28	168	949	951
15663	28	1018	949	951
38437	28	381	949	951
55779	28	968	949	951
68075	28	1793	949	951
8308	28	1837	949	951
29310	28	3326	949	951
8963	28	95	949	951
44403	28	379	949	951
85426	28	203	949	951
91407	28	1238	949	951
35263	28	227	949	951
110026	28	23	949	951
94924	28	6633	949	951
21996	28	315	949	951
56952	23	10871	949	951
16502	28	132	949	951
91981	28	186	949	951
24778	28	513	949	951
15098	28	351	949	951
105065	28	167	949	951
8145	28	1174	949	951
27137	28	1022	949	951
19403	28	5480	949	951
47095	28	2126	949	951
58613	28	80	949	951
49262	28	5090	949	951
69381	28	6880	949	951
7495	28	76	949	951
7778	28	91	949	951
33366	28	114	949	951
81068	28	303	949	951
8818	28	981	949	951
10790	28	257	949	951
20726	28	411	949	951
110850	28	1174	949	951
5555	28	88	949	951
8614	28	1231	949	951
14623	28	698	949	951
20159	28	171	949	951
52057	28	3308	949	951
72228	28	1530	949	951
4733	28	85	949	951
23607	28	690	949	951
39023	28	3400	949	951
27506	28	346	949	951
47687	28	233	949	951
24611	28	257	949	951
8979	28	20	949	951
128970	28	1167	949	951
5004	28	80	949	951
22389	28	586	949	951
7219	28	53	949	951
16261	28	112	949	951
26016	28	81	949	951
13891	28	492	949	951
31354	28	731	949	951
38371	28	70	949	951
13307	28	913	949	951
25854	28	32	949	951
91921	28	1135	949	951
65191	28	1052	949	951
30142	28	117	949	951
10445	28	535	949	951
90107	28	841	949	951
17249	28	754	949	951
12601	28	205	949	951
51966	28	2022	949	951
83376	28	339	949	951
29928	28	784	949	951
7510	28	41	949	951
11323	28	626	949	951
9719	28	637	949	951
30204	28	692	949	951
6508	28	61	949	951
7955	28	134	949	951
43000	28	956	949	951
29321	28	974	949	951
4516	28	61	949	951
15715	28	273	949	951
100407	28	2098	949	951
12487	28	224	949	951
72526	28	168	949	951
78426	28	2841	949	951
14828	28	124	949	951
50986	28	1440	949	951
9388	28	119	949	951
18529	28	52	949	951
18715	28	447	949	951
8641	28	2752	949	951
23553	28	330	949	951
12396	28	303	949	951
26382	28	429	949	951
27780	28	47	949	951
35367	28	255	949	951
14682	28	195	949	951
7558	28	380	949	951
22324	28	241	949	951
37427	28	50	949	951
50976	28	1614	949	951
9156	28	313	949	951
7238	28	80	949	951
13374	28	20	949	951
63507	28	1440	949	951
30756	28	179	949	951
5777	28	332	949	951
60228	28	4872	949	951
75899	28	3061	949	951
26168	28	731	949	951
28124	28	181	949	951
24613	28	875	949	951
8210	28	110	949	951
17247	28	47	949	951
15857	28	2762	949	951
78785	28	175	949	951
11532	28	363	949	951
111398	28	99	949	951
13023	28	328	949	951
12554	28	1757	949	951
9813	28	141	949	951
12473	28	155	949	951
13775	28	253	949	951
66698	28	989	949	951
21496	28	731	949	951
48827	28	657	949	951
7602	28	257	949	951
57919	28	3621	949	951
69994	28	400	949	951
21701	28	1262	949	951
21288	28	89	949	951
95014	28	167	949	951
13411	28	99	949	951
7381	28	120	949	951
64468	28	2435	949	951
32713	28	523	949	951
33548	28	475	949	951
110075	28	1371	949	951
24748	28	69	949	951
42477	28	23	949	951
9743	28	30	949	951
57804	28	72	949	951
8769	28	87	949	951
38649	28	3038	949	951
51354	28	975	949	951
14891	28	123	949	951
8785	28	649	949	951
51920	28	366	949	951
17642	28	40	949	951
41079	28	477	949	951
39090	28	241	949	951
48023	28	960	949	951
12146	28	5821	949	951
19711	28	114	949	951
23487	28	327	949	951
8512	28	214	949	951
16581	28	195	949	951
7114	28	1933	949	951
23561	28	7024	949	951
9488	28	1338	949	951
13457	28	33	949	951
11227	28	1213	949	951
11166	28	27	949	951
6991	28	77	949	951
42083	28	241	949	951
9340	28	8866	949	951
5960	28	38	949	951
22533	28	5075	949	951
96708	28	83	949	951
42918	28	608	949	951
9512	28	632	949	951
24453	28	720	949	951
65698	28	1400	949	951
89878	28	6824	949	951
24524	28	30	949	951
19777	28	799	949	951
5535	28	166	949	951
37425	28	637	949	951
16021	28	591	949	951
44677	28	28	949	951
22177	28	221	949	951
28531	28	319	949	951
20028	28	2693	949	951
9273	28	3144	949	951
41975	28	133	949	951
5534	28	609	949	951
26348	28	2196	949	951
8215	28	27	949	951
79090	28	7221	949	951
40628	28	188	949	951
114958	28	559	949	951
34960	28	9049	949	951
20061	28	9689	949	951
57459	28	817	949	951
37067	28	848	949	951
17812	28	731	949	951
23273	28	587	949	951
9286	28	461	949	951
102540	28	4128	949	951
9408	28	1153	949	951
4575	28	619	949	951
20634	28	3109	949	951
15297	28	1440	949	951
8387	28	56	949	951
21474	28	280	949	951
18524	28	428	949	951
60256	28	67	949	951
55498	28	188	949	951
66749	28	102	949	951
7919	28	463	949	951
17509	28	180	949	951
19696	28	864	949	951
42629	28	292	949	951
15538	28	247	949	951
37323	28	1942	949	951
38652	28	464	949	951
38175	28	1370	949	951
21054	28	140	949	951
11634	28	288	949	951
22362	28	205	949	951
7038	28	260	949	951
14804	28	199	949	951
4659	28	126	949	951
51904	28	1669	949	951
33925	28	365	949	951
9105	28	1131	949	951
7715	28	132	949	951
38823	28	731	949	951
15270	28	542	949	951
7702	28	201	949	951
20323	28	133	949	951
3792	28	16	949	951
10430	28	118	949	951
10089	28	185	949	951
16724	28	731	949	951
9581	28	628	949	951
15191	28	67	949	951
4984	28	31	949	951
12178	28	353	949	951
34801	28	1182	949	951
36185	28	112	949	951
7490	28	45	949	951
9571	28	104	949	951
35821	28	34	949	951
47440	28	2136	949	951
10729	28	241	949	951
49751	28	896	949	951
44339	28	54	949	951
34790	28	33732	949	951
13190	28	136	949	951
31865	28	674	949	951
79044	28	1210	949	951
15264	28	103	949	951
26808	28	899	949	951
18423	28	2527	949	951
77272	28	37	949	951
53533	28	1420	949	951
38367	28	970	949	951
14576	28	106	949	951
19121	28	79	949	951
57271	28	2326	949	951
10470	28	175	949	951
16186	28	146	949	951
42490	28	64	949	951
55204	28	1267	949	951
8358	28	231	949	951
6242	28	346	949	951
10209	28	73	949	951
5518	28	30	949	951
53759	28	39	949	951
21313	28	2057	949	951
3986	28	660	949	951
33961	28	80	949	951
32840	28	231	949	951
39214	28	181	949	951
21034	28	48	949	951
8825	28	289	949	951
7665	28	10735	949	951
38543	28	214	949	951
13368	28	336	949	951
51694	28	572	949	951
13199	28	120	949	951
53776	28	526	949	951
9547	28	627	949	951
85553	28	37681	949	951
12566	28	121	949	951
26994	28	336	949	951
14521	28	74	949	951
41073	28	4872	949	951
19421	28	1221	949	951
60073	28	458	949	951
73244	28	344	949	951
42528	28	20	949	951
18961	28	434	949	951
25051	28	1679	949	951
31687	28	603	949	951
18028	28	2910	949	951
15183	28	520	949	951
40703	28	361	949	951
40899	28	2087	949	951
77408	28	1297	949	951
67426	28	411	949	951
26083	28	77	949	951
10081	28	1259	949	951
42742	28	176	949	951
90390	28	1095	949	951
33341	28	98	949	952
14243	28	718	949	952
21952	28	1014	949	952
8468	28	159	949	952
14588	28	66	949	952
61101	28	2680	949	952
83117	28	455	949	952
34196	28	3686	949	952
10617	28	469	949	952
84338	28	167	949	952
25981	28	2261	949	952
30405	28	937	949	952
6232	28	247	949	952
40485	28	380	949	952
40524	28	526	949	952
15183	28	251	949	952
4732	28	274	949	952
62936	28	280	949	952
23015	28	140	949	952
19993	28	2335	949	952
7461	28	74	949	952
11643	28	1117	949	952
26742	28	1139	949	952
12218	28	28	949	952
12278	28	112	949	952
8166	28	411	949	952
8169	28	85	949	952
99598	28	1174	949	952
13806	28	319	949	952
31399	28	2840	949	952
35562	28	3730	949	952
18939	28	71	949	952
48289	28	4184	949	952
74670	28	1227	949	952
14309	28	2762	949	952
10530	28	30	949	952
27521	28	628	949	952
6628	28	24	949	952
8089	28	307	949	952
15873	28	170	949	952
87533	28	2098	949	952
23994	28	720	949	952
14715	28	417	949	952
52596	28	2748	949	952
42655	28	1384	949	952
11317	28	31	949	952
24144	28	20365	949	952
12804	28	51	949	952
40858	28	1522	949	952
12377	28	484	949	952
9458	28	1757	949	952
7992	28	162	949	952
27522	28	1837	949	952
12758	28	135	949	952
74361	28	1436	949	952
18772	28	193	949	952
96109	28	400	949	952
14533	28	794	949	952
102759	28	818	949	952
16299	28	80	949	952
14866	28	693	949	952
29967	28	192	949	952
33948	28	56	949	952
30150	28	336	949	952
14899	28	4032	949	952
8647	28	72	949	952
22899	28	86	949	952
54134	28	2341	949	952
34973	28	411	949	952
47045	28	71	949	952
9740	28	452	949	952
104289	28	1041	949	952
30559	28	1023	949	952
41452	28	1148	949	952
25232	28	2196	949	952
8693	28	701	949	952
10515	28	297	949	952
39519	28	259	949	952
17950	28	1966	949	952
15825	28	60	949	952
56207	28	957	949	952
91480	28	23	949	952
65441	28	1839	949	952
65149	28	429	949	952
56581	28	280	949	952
27769	28	965	949	952
32300	28	1395	949	952
31687	28	135	949	952
29352	28	1462	949	952
58796	28	1703	949	952
11698	28	336	949	952
20885	28	343	949	952
30072	28	506	949	952
4132	28	274	949	952
6648	28	19	949	952
54193	28	1299	949	952
27337	28	193	949	952
47998	28	330	949	952
38112	28	475	949	952
18268	28	81	949	952
89774	16	65929	949	952
8396	28	155	949	952
26455	28	492	949	952
18438	28	964	949	952
53628	28	515	949	952
13355	28	63	949	952
32992	28	30	949	952
36172	28	2341	949	952
8487	28	28	949	952
35183	28	254	949	952
11597	28	540	949	952
10436	28	493	949	952
25889	28	355	949	952
5920	28	57	949	952
40195	28	369	949	952
29118	28	41	949	952
20915	28	68175	949	952
15966	28	142	949	952
11390	28	1050	949	952
4754	28	4234	949	952
15895	28	118	949	952
21104	28	745	949	952
5294	28	42	949	952
11820	28	546	949	952
6059	28	78	949	952
47109	28	7916	949	952
15705	28	42	949	952
13024	28	400	949	952
11048	28	360	949	952
15445	28	72	949	952
12685	28	256	949	952
28619	28	119	949	952
13741	28	102	949	952
9986	28	102	949	952
65835	28	100	949	952
48221	28	15530	949	952
6197	28	55	949	952
108986	28	250	949	952
20039	28	136	949	952
5940	28	232	949	952
18243	28	260	949	952
34734	28	1679	949	952
73857	28	2136	949	952
12289	28	39	949	952
28516	28	56	949	952
76914	28	48811	949	952
10965	28	2680	949	952
13704	28	64	949	952
47575	28	717	949	952
77576	28	429	949	952
11303	28	1100	949	952
21498	28	503	949	952
35973	28	334	949	952
6336	28	10531	949	952
67597	28	989	949	952
59617	28	343	949	952
22120	28	131	949	952
71923	28	3818	949	952
24839	28	493	949	952
9666	28	63	949	952
24612	28	4319	949	952
77612	28	4232	949	952
61512	28	1478	949	952
48649	28	726	949	952
57602	28	492	949	952
21643	28	1936	949	952
21013	28	477	949	952
12129	28	33	949	952
49599	28	234	949	952
53075	28	219	949	952
26556	28	6818	949	952
8061	28	21300	949	952
16000	28	760	949	952
14398	28	121	949	952
40346	28	159	949	952
65900	28	1137	949	952
9205	28	47	949	952
12607	28	331	949	952
10096	28	110	949	952
60097	28	964	949	952
32869	28	231	949	952
33835	28	378	949	952
15803	28	98	949	952
24018	28	2300	949	952
79024	28	92	949	952
13459	28	36	949	952
54716	28	554	949	952
9725	28	409	949	952
41476	28	1969	949	952
6403	28	227	949	952
11811	28	1736	949	952
22097	28	964	949	952
21527	28	371	949	952
11178	28	257	949	952
15277	28	286	949	952
17413	28	648	949	952
21276	28	893	949	952
10057	28	903	949	952
12007	28	64	949	952
52858	28	1629	949	952
16244	28	4921	949	952
5559	28	23	949	952
13511	28	15459	949	952
25190	28	900	949	952
28707	28	392	949	952
111924	28	2276	949	952
6032	28	79	949	952
66570	28	386	949	952
53496	28	4921	949	952
25000	28	162	949	952
39468	28	142	949	952
5368	28	117	949	952
34502	28	411	949	952
12325	28	259	949	952
16271	28	1293	949	952
12055	28	2240	949	952
8193	28	146	949	952
11861	28	95	949	952
83133	28	239	949	952
14480	28	2386	949	952
81671	28	118	949	952
7394	28	49	949	952
9647	28	2435	949	952
16796	28	162	949	952
38032	28	1159	949	952
17410	28	234	949	952
5542	28	433	949	952
46662	28	938	949	952
44461	28	126	949	952
59678	28	498	949	952
22090	28	593	949	952
11240	28	131	949	952
44522	28	370	949	952
18884	28	69	949	952
77990	28	1106	949	952
10612	28	256	949	952
46698	28	798	949	952
45106	28	328	949	952
66321	28	100	949	952
28500	28	1903	949	952
16703	28	309	949	952
8676	28	387	949	952
15639	28	477	949	952
10036	28	748	949	952
77878	28	1413	949	952
6526	28	16	949	952
12327	28	334	949	952
4680	28	16	949	952
58903	28	551	949	952
38433	28	16747	949	952
50754	28	712	949	952
13679	28	1275	949	952
7713	28	281	949	952
70636	28	369	949	952
12813	28	150	949	952
28514	28	492	949	952
107657	28	781	949	952
46853	28	280	949	952
20667	28	864	949	952
15109	28	8996	949	952
31028	28	722	949	952
14977	28	36	949	952
17378	28	1119	949	952
45229	28	57	949	952
130493	28	3109	949	952
12561	28	1243	949	952
92276	28	1525	949	952
31586	28	1093	949	952
10025	28	1259	949	952
43605	28	668	949	952
17667	28	70	949	952
44585	28	530	949	952
63957	28	21300	949	952
64392	28	56843	949	952
53570	28	531	949	952
15179	28	73	949	952
20264	28	85	949	952
29869	28	59319	949	952
25758	28	901	949	952
47631	28	2022	949	952
14409	28	16301	949	952
19918	28	139	949	952
9661	28	142	949	952
15625	28	71	949	952
6153	28	85	949	952
83871	28	781	949	952
80746	28	33	949	952
37862	28	328	949	952
46268	28	110	949	952
15667	28	177	949	952
9702	28	773	949	952
10077	28	381	949	952
27718	28	291	949	952
6406	28	88	949	952
77611	28	1129	949	952
62471	28	542	949	952
20156	28	610	949	952
79582	28	560	949	952
26522	28	499	949	952
38490	28	2714	949	952
12600	28	71	949	952
15239	28	1752	949	952
14795	28	2053	949	952
35587	28	214	949	952
19780	28	51	949	952
15175	28	1032	949	952
29844	28	141	949	952
17777	28	1412	949	952
32059	28	57	949	952
6078	28	28	949	952
15529	28	12310	949	952
11348	28	257	949	952
12732	28	98	949	952
86072	28	1828	949	952
151644	28	6381	949	952
6700	28	29	949	952
15836	28	2435	949	952
9608	28	303	949	952
14232	28	2592	949	952
13250	28	1215	949	952
85781	28	1292	949	952
74104	28	230	949	952
21016	28	5616	949	952
26912	28	248	949	952
67026	28	668	949	952
11222	28	142	949	952
40213	28	80	949	952
94312	28	1022	949	952
20469	28	339	949	952
9128	28	498	949	952
40036	28	3707	949	952
33993	28	2127	949	952
16227	28	477	949	952
71083	28	99	949	952
82075	28	81	949	952
54393	28	749	949	952
52612	28	25472	949	952
24470	28	134	949	952
57187	28	1924	949	952
49213	28	1975	949	952
151552	28	1504	949	952
36765	28	132	949	952
27901	28	959	949	952
28040	28	331	949	952
32229	28	366	949	952
44304	28	3658	949	952
19793	28	22	949	952
29791	28	1153	949	952
67767	28	627	949	952
112450	28	1305	949	952
11679	28	4483	949	952
18457	28	784	949	952
25662	28	735	949	952
44047	28	439	949	952
53097	28	712	949	952
11560	28	178	949	952
35380	28	3205	949	952
39304	28	20	949	952
70730	28	9602	949	952
24716	28	155	949	952
78840	28	2300	949	952
6725	28	11776	949	952
56417	28	435	949	952
29094	28	71	949	952
9677	28	396	949	952
13054	28	77	949	952
7705	28	19	949	952
24617	28	1594	949	952
11267	28	158	949	953
45733	28	3219	949	953
83534	28	495	949	953
34557	28	5742	949	953
83826	28	160	949	953
30162	28	133	949	953
17266	28	145	949	953
7988	28	1384	949	953
7408	28	102	949	953
18833	28	546	949	953
31317	28	2250	949	953
83993	28	474	949	953
55534	28	193	949	953
11260	28	2782	949	953
55693	28	381	949	953
36367	28	135	949	953
61289	28	211	949	953
6628	28	40	949	953
7470	28	231	949	953
35704	28	177	949	953
10010	28	3205	949	953
10020	28	450	949	953
5244	28	230	949	953
28100	28	160	949	953
76781	28	7756	949	953
7676	28	20	949	953
21960	28	222	949	953
45056	28	199	949	953
22074	28	192	949	953
22082	28	63	949	953
53524	28	869	949	953
22165	28	22	949	953
16715	28	422	949	953
16877	28	1282	949	953
16574	16	65929	949	953
26065	28	217	949	953
7836	28	33	949	953
19809	28	68	949	953
5540	28	181	949	953
7952	28	57	949	953
14763	28	89	949	953
23530	28	54	949	953
27261	28	102	949	953
41765	28	5113	949	953
8159	28	1964	949	953
27601	28	179	949	953
8720	28	381	949	953
85833	28	649	949	953
40988	28	439	949	953
14624	28	5480	949	953
12471	28	1258	949	953
26682	28	135	949	953
11441	28	14	949	953
7208	28	4128	949	953
58269	28	65	949	953
56885	28	818	949	953
14145	28	439	949	953
21460	28	33	949	953
44207	28	31	949	953
9299	28	36	949	953
86961	16	142963	949	953
18402	28	288	949	953
21525	28	941	949	953
100106	28	72	949	953
28542	28	2841	949	953
10782	28	795	949	953
20638	28	1282	949	953
21840	28	1949	949	953
6931	28	282	949	953
35172	28	2098	949	953
17315	28	228	949	953
6758	28	456	949	953
67255	28	3864	949	953
35652	28	649	949	953
69695	28	14136	949	953
51479	28	155	949	953
14289	28	348	949	953
75374	28	159	949	953
82684	28	821	949	953
22072	28	53	949	953
9156	28	428	949	953
94029	28	325	949	953
69686	28	366	949	953
27469	28	450	949	953
8393	28	1606	949	953
13544	28	3119	949	953
61761	28	152	949	953
20062	28	1640	949	953
29129	28	79	949	953
9348	28	92	949	953
37525	28	98	949	953
16534	28	77	949	953
74335	28	11118	949	953
26654	28	1436	949	953
56253	28	365	949	953
67131	28	1549	949	953
59165	28	28367	949	953
21533	28	186	949	953
30707	28	2250	949	953
12307	28	253	949	953
11921	28	531	949	953
28429	28	145	949	953
15278	28	131	949	953
15371	28	141	949	953
105967	28	995	949	953
53448	28	1296	949	953
12569	28	81	949	953
13708	28	133	949	953
81137	28	964	949	953
49008	28	192	949	953
18462	28	27778	949	953
109186	28	286	949	953
58403	28	951	949	953
35033	28	3925	949	953
11911	28	219	949	953
33379	28	1057	949	953
128679	28	330	949	953
16275	28	633	949	953
43324	28	72	949	953
44812	28	327	949	953
8773	28	381	949	953
13867	28	235	949	953
28789	28	274	949	953
42916	28	1981	949	953
13360	28	19374	949	953
81134	28	1075	949	953
4916	28	19	949	953
9632	28	1530	949	953
69666	28	86	949	953
14189	28	452	949	953
28083	28	493	949	953
6908	28	864	949	953
13717	28	781	949	953
35074	28	431	949	953
6589	28	1363	949	953
92577	28	66	949	953
15571	28	34	949	953
34206	28	621	949	953
31674	28	153	949	953
36527	28	50	949	953
76275	28	477	949	953
11609	28	1475	949	953
23179	28	523	949	953
49011	28	9112	949	953
18565	28	123	949	953
5289	28	1551	949	953
9788	28	739	949	953
5454	28	265	949	953
23943	28	213	949	953
10012	28	274	949	953
28436	28	213	949	953
26188	28	39	949	953
8938	28	176	949	953
95583	28	774	949	953
11756	28	931	949	953
16192	28	186	949	953
6402	28	323	949	953
6431	28	76	949	953
58111	28	1196	949	953
38786	28	132	949	953
25397	28	783	949	953
29579	28	1966	949	953
89467	28	617	949	953
24990	28	453	949	953
16876	28	32	949	953
88386	28	1796	949	953
42137	28	1095	949	953
61501	28	321	949	953
22076	28	493	949	953
5623	28	1772	949	953
16044	28	129	949	953
73805	28	45	949	953
50270	28	422	949	953
106235	28	1196	949	953
29511	28	578	949	953
8542	28	192	949	953
17471	28	1464	949	953
11093	28	33	949	953
67713	28	857	949	953
40753	28	181	949	953
30997	28	527	949	953
88106	28	1920	949	953
9264	28	1245	949	953
9043	28	158	949	953
83039	28	156	949	953
10549	28	390	949	953
60052	28	50	949	953
20696	28	37	949	953
14145	28	450	949	953
17483	28	450	949	953
65377	28	10344	949	953
17825	28	3169	949	953
80359	28	260	949	953
10079	28	484	949	953
15983	28	166	949	953
28748	28	1338	949	953
56277	28	933	949	953
14849	28	3818	949	953
21410	28	102	949	953
42918	28	453	949	953
38844	28	56	949	954
25649	28	409	949	954
29883	28	85	949	954
22488	28	1082	949	954
30083	28	43	949	954
15065	28	894	949	954
34906	28	1828	949	954
26325	28	275	949	954
22988	28	452	949	954
8405	28	51	949	954
84783	28	286	949	954
39098	28	1123	949	954
64118	28	2022	949	954
38896	28	136	949	954
62894	28	668	949	954
21646	28	253	949	954
48769	28	355	949	954
8254	28	471	949	954
36956	28	73	949	954
20395	28	1413	949	954
7647	28	98	949	954
30855	28	101	949	954
24855	28	169	949	954
25215	28	1162	949	954
67060	28	55	949	954
30289	28	33	949	954
72665	28	1193	949	954
17270	28	2449	949	954
29619	28	142	949	954
12002	28	45	949	954
42000	28	228	949	954
20709	28	256	949	954
30352	28	390	949	954
77423	28	799	949	954
58825	23	88563	949	954
8482	28	20	949	954
40365	28	395	949	954
23371	28	250	949	954
107272	28	1059	949	954
24569	28	746	949	954
39673	28	1610	949	954
143441	28	809	949	954
89619	28	6555	949	954
38405	28	493	949	954
59801	28	455	949	954
44086	28	437	949	954
105775	28	746	949	954
13633	28	494	949	954
37939	28	3925	949	954
15675	28	332	949	954
80889	28	1073	949	954
27181	28	622	949	954
38337	28	625	949	954
4390	28	52	949	954
27242	28	72	949	954
51127	28	191	949	954
4014	28	74	949	954
119799	28	317	949	954
4776	28	24	949	954
79342	28	1238	949	954
94771	28	1178	949	954
9738	28	40	949	954
10379	28	48	949	954
48552	28	1288	949	954
33665	28	586	949	954
47105	28	586	949	954
28689	28	1588	949	954
90611	28	145	949	954
31525	28	304	949	954
14155	28	162	949	954
25951	28	1461	949	954
43025	28	231	949	954
56774	28	153	949	954
20666	28	123	949	954
62349	28	219	949	954
8942	28	155	949	954
84189	28	92	949	954
10352	28	65	949	954
8491	28	31	949	954
27043	28	450	949	954
85112	28	1340	949	954
11471	28	143	949	954
14772	28	868	949	954
26587	28	633	949	954
37314	28	32	949	954
64889	28	135	949	954
58049	28	198	949	954
12552	28	180	949	954
20060	28	2680	949	954
18501	28	986	949	954
44148	28	1265	949	954
29183	28	4281	949	954
8126	28	315	949	954
40055	28	235	949	954
24091	28	303	949	954
19307	28	754	949	954
21214	28	526	949	954
15854	28	319	949	954
13237	28	569	949	954
51135	28	951	949	954
18392	28	154	949	954
36942	28	104	949	954
23174	28	102	949	954
33612	28	875	949	954
9880	28	274	949	954
88391	28	91	949	954
80671	28	646	949	954
14289	28	396	949	954
25884	28	1270	949	954
81516	28	198	949	954
10145	28	95	949	954
23966	28	89	949	954
71395	28	1196	949	955
26078	28	107	949	955
17219	28	526	949	955
10670	28	42	949	955
4491	28	602	949	955
11929	28	437	949	955
20280	28	1828	949	955
20819	28	634	949	955
74463	28	2527	949	955
42764	28	956	949	955
20305	28	231	949	955
88692	28	962	949	955
21756	28	304	949	955
16846	28	41	949	955
45895	28	1434	949	955
42785	28	6022	949	955
71995	28	417	949	955
40636	28	31	949	955
38908	28	1968	949	955
9175	28	527	949	955
21104	28	368	949	955
12691	28	224	949	955
38064	28	325	949	955
37849	28	99	949	955
27785	28	37	949	955
17326	28	1665	949	955
20601	28	295	949	955
28713	28	135	949	955
11504	28	44	949	955
11953	28	817	949	955
19148	28	3918	949	955
119076	28	4274	949	955
33576	28	188	949	955
15875	28	52	949	955
20187	28	112	949	955
11582	28	452	949	955
17137	28	719	949	955
80229	28	1549	949	955
31241	28	548	949	955
22187	28	378	949	955
11616	28	980	949	955
31493	28	276	949	955
39294	28	295	949	955
19129	28	80	949	955
38251	28	1864	949	955
20529	28	542	949	955
80448	28	1178	949	955
34008	28	523	949	955
36725	28	1837	949	955
32067	28	1279	949	955
47825	28	991	949	955
35337	28	217	949	955
18609	28	185	949	955
22862	28	192	949	955
44320	28	132	949	955
51175	28	167	949	955
45895	28	146	949	955
47571	28	259	949	955
12866	28	184	949	955
41498	28	68	949	955
15865	28	523	949	955
10186	28	227	949	955
61598	28	622	949	955
32221	28	327	949	955
17124	28	365	949	955
62689	28	766	949	955
9794	28	642	949	955
22770	28	14	949	955
31411	28	74	949	955
33023	28	123	949	955
27199	28	1879	949	955
18700	28	232	949	955
12701	28	381	949	955
126337	28	27430	949	955
45745	28	920	949	955
17540	28	564	949	955
95616	28	1316	949	955
12594	28	325	949	955
12734	28	53	949	955
27850	28	1005	949	955
19454	28	95	949	955
11617	28	134	949	955
59293	28	1501	949	955
8403	28	630	949	955
14092	28	117	949	955
68435	28	647	949	955
16240	28	817	949	955
14723	28	6022	949	955
26168	28	1070	949	955
33614	28	619	949	955
30010	28	623	949	955
5367	28	81	949	955
19000	28	334	949	956
61325	28	206	949	956
53672	28	95	949	956
12083	28	396	949	956
54559	28	501	949	956
73162	28	275	949	956
15497	28	251	949	956
29975	28	1306	949	956
9380	28	422	949	956
31516	28	508	949	956
16373	28	1204	949	956
12913	28	548	949	956
34893	28	154	949	956
34654	28	523	949	956
41676	28	436	949	956
42727	28	2107	949	956
35144	28	1610	949	956
36019	28	968	949	956
49569	28	360	949	956
29622	28	92	949	956
13954	28	1265	949	956
28411	28	112	949	956
58917	28	1695	949	956
10089	28	167	949	956
78122	28	1028	949	956
50999	28	14	949	956
21439	28	3469	949	956
5022	28	31	949	956
10255	28	493	949	956
12758	28	170	949	956
12312	28	4947	949	956
9514	28	546	949	956
20705	28	4184	949	956
92329	28	1390	949	956
25890	28	715	949	956
110945	28	1944	949	956
31838	28	134	949	956
16562	28	493	949	956
29890	28	1082	949	956
13276	28	73	949	956
17728	28	14	949	956
16349	28	493	949	956
31406	28	1763	949	956
94620	28	2138	949	956
12548	28	5713	949	956
33344	28	238	949	956
17902	28	114	949	956
81903	28	231	949	956
42166	28	392	949	956
24110	28	142	949	956
28212	28	53	949	956
33202	28	1296	949	956
5936	28	56	949	956
63912	28	1101	949	956
101889	28	140	949	956
18565	28	493	949	956
61935	28	454	949	956
22179	28	889	949	956
22762	28	523	949	957
23307	28	396	949	957
74695	28	1028	949	957
42996	28	133	949	957
12206	28	622	949	957
22416	28	121	949	957
85618	28	1123	949	957
22935	28	1075	949	957
31648	28	176	949	957
26354	28	38	949	957
65390	28	632	949	957
40765	28	348	949	957
36219	28	817	949	957
58969	28	405	949	957
19148	28	453	949	957
57339	28	520	949	957
43193	28	811	949	957
18552	28	1434	949	957
52786	28	421	949	957
31972	28	227	949	957
23775	28	408	949	957
38700	28	957	949	957
90961	28	1501	949	957
58371	28	668	949	957
27793	28	520	949	957
17872	16	10041	949	957
26657	28	321	949	957
30960	28	1528	949	957
36164	28	2205	949	957
24261	23	23996	949	957
5859	28	428	949	957
44478	28	86	949	957
59713	28	2632	949	957
70360	28	1283	949	957
36774	28	428	949	957
68121	28	14947	949	957
48043	28	327	949	957
16028	16	10041	949	957
8199	28	348	949	957
26435	28	564	949	957
70391	28	547	949	957
24827	28	278	949	957
11610	28	269	949	957
18704	28	60	949	957
22091	28	123	949	957
17235	28	7756	949	957
45703	28	266	949	957
25140	28	2107	949	957
15875	28	223	949	957
18443	28	364	949	957
16322	28	573	949	957
70242	28	71	949	957
59487	28	177	949	957
17952	28	523	949	957
61140	28	20	949	958
11462	28	330	949	958
29837	28	1276	949	958
34530	28	40	949	958
25896	23	83788	949	958
83788	23	25896	949	958
22120	28	32	949	958
25236	28	1270	949	958
60823	28	4802	949	958
29580	28	323	949	958
89900	28	957	949	958
45307	28	875	949	958
116632	28	2732	949	958
27465	28	37	949	958
89619	28	4778	949	958
16650	23	22887	949	958
22887	23	16650	949	958
99514	28	11189	949	958
24436	28	334	949	958
25369	28	450	949	958
15472	28	917	949	958
49718	28	2489	949	958
56326	28	2489	949	958
46615	28	1764	949	958
59972	28	32	949	958
33100	28	32	949	958
51966	28	869	949	958
41311	28	1679	949	958
17621	28	450	949	958
36153	28	428	949	958
10727	28	2098	949	958
43193	28	135	949	958
12926	28	661	949	958
88000	28	3667	949	958
154192	28	2040	949	958
30826	28	661	949	958
61625	28	368	949	958
19941	28	648	949	958
26329	28	494	949	958
38548	28	523	949	958
18247	28	30	949	958
11366	28	1049	949	959
11527	28	334	949	959
40174	28	1330	949	959
8013	28	69	949	959
47975	28	770	949	959
10145	28	34	949	959
37086	28	2107	949	959
57127	28	8866	949	959
17850	28	227	949	959
14968	28	206	949	959
62118	28	770	949	959
23465	28	1413	949	959
18204	28	267	949	959
22226	28	216	949	959
17707	28	520	949	959
31740	28	817	949	959
7251	28	526	949	959
58746	28	224	949	959
38543	28	395	949	959
108042	28	174	949	959
11339	28	917	949	959
41911	28	464	949	959
28851	28	417	949	959
21841	28	1265	949	959
14735	28	275	949	959
60069	28	1282	949	959
20050	28	348	949	959
54714	28	608	949	959
27895	28	323	949	959
23985	28	4281	949	959
26080	28	695	949	959
20813	28	223	949	959
31206	28	1169	949	959
20167	28	1075	949	960
15133	28	1075	949	960
136333	28	1708	949	960
8263	28	206	949	960
37335	28	171	949	960
9703	28	1375	949	960
21906	28	1375	949	960
43770	28	45	949	960
36365	28	135	949	960
98842	28	129	949	960
16323	28	227	949	960
42217	16	12242	949	960
96878	28	1549	949	960
79327	28	531	949	960
31442	28	269	949	960
95559	28	2234	949	960
16322	28	489	949	960
129384	28	2371	949	960
25059	28	835	949	960
20027	28	231	949	960
155032	28	156	949	960
23755	28	493	949	960
17540	28	397	949	960
20924	28	450	949	961
49606	28	674	949	961
23749	28	32	949	961
19874	28	484	949	961
8914	28	106	949	961
9993	28	135	949	961
21117	28	1075	949	961
32882	28	809	949	961
31353	28	60	949	961
33551	28	1135	949	961
18034	28	106	949	961
20495	28	493	949	961
86910	28	1270	949	961
28620	28	327	949	961
33724	28	547	949	961
33750	28	27	949	961
80156	28	1920	949	961
26730	28	2205	949	961
53662	23	115263	949	962
48393	28	255	949	962
13520	28	32	949	962
101894	16	7769	949	962
44137	28	397	949	962
89133	28	4778	949	962
84257	28	1357	949	962
26066	28	45	949	962
28641	28	2326	949	962
25394	28	368	949	962
17266	28	267	949	962
13631	28	957	949	963
70905	28	1384	949	963
26470	28	206	949	963
5967	28	494	949	963
47427	28	60	949	963
39810	16	50300	949	963
45469	28	1282	949	963
40584	28	1814	949	963
15664	28	520	949	963
15213	28	548	949	963
60713	28	174	949	964
41446	16	7769	949	964
53342	23	66295	949	964
66295	23	53342	949	964
12016	28	110	949	964
8118	28	540	949	964
119660	23	106219	949	964
8472	28	726	949	965
44083	28	510	949	965
81323	28	868	949	965
11531	28	957	949	965
81074	28	1642	949	965
15857	28	1178	949	965
21725	14	4240	949	965
34096	28	32	949	966
77058	14	5376	949	966
9640	28	106	949	966
45779	28	1814	949	966
28861	28	323	949	967
59949	28	6367	949	968
120728	16	3944	949	969
60520	14	60521	950	0
21793	28	24	950	0
7687	28	1634	950	0
6280	14	1706	950	0
18833	28	418	950	0
11397	28	7187	950	0
29394	28	216	950	0
61339	28	263	950	0
19118	28	247	950	0
83219	28	917	950	0
6786	23	29692	950	0
29692	23	6786	950	0
29792	28	6381	950	0
113079	28	1041	950	0
16419	28	662	950	0
30132	28	361	950	0
62248	28	2395	950	0
5017	28	713	950	0
62418	28	2831	950	0
7393	28	2027	950	0
62699	28	1041	950	0
15178	28	152	950	0
84679	28	1984	950	0
30647	23	133047	950	0
47085	28	1954	950	0
47105	28	267	950	0
30788	28	568	950	0
7106	28	221	950	0
8409	28	1330	950	0
5932	28	25263	950	0
8647	28	24	950	0
20123	28	2840	950	0
11339	28	3762	950	0
10469	28	2908	950	0
15488	28	6400	950	0
7489	28	3151	950	0
13335	28	1229	950	0
5498	28	63022	950	0
99203	28	1026	950	0
35918	28	9081	950	0
21816	28	7313	950	0
13570	28	81	950	0
34539	28	568	950	0
13362	14	35392	950	0
5979	28	58	950	0
29145	28	3006	950	0
10906	28	105	950	0
23715	28	550	950	0
74743	28	391	950	0
100106	28	528	950	0
7311	28	2916	950	0
19732	28	323	950	0
12407	28	79	950	0
6337	28	6400	950	0
65024	28	1013	950	0
4350	28	265	950	0
16770	28	261	950	0
6770	28	1640	950	0
27691	28	4203	950	0
31628	28	72	950	0
31897	28	983	950	0
22511	28	486	950	0
5017	28	554	950	0
12017	28	221	950	0
9448	28	1467	950	0
32012	28	27778	950	0
39046	28	1199	950	0
27635	28	731	950	0
40703	28	486	950	0
56874	28	25263	950	0
6136	28	77	950	0
20337	28	79	950	0
32201	28	3319	950	0
39747	28	571	950	0
52812	28	919	950	0
99203	28	1676	950	0
26682	28	522	950	0
11050	28	648	950	0
25824	28	303	950	0
3003	28	49554	950	0
15111	28	178	950	0
102197	28	483	950	0
10906	28	347	950	0
39461	28	2386	950	0
5870	28	117	950	0
38815	28	112	950	0
10170	28	85	950	0
21666	28	24	950	0
75554	16	9	950	0
102696	28	2447	950	0
57567	28	1594	950	0
10150	28	609	950	0
66828	28	339	950	0
43326	28	16	950	0
29138	28	2776	950	0
16697	28	222	950	0
19095	28	58	950	0
57818	28	605	950	0
12797	28	1085	950	0
7816	28	82	950	0
28998	28	25472	950	0
22511	28	640	950	0
103277	28	391	950	0
30010	28	1302	950	0
77742	28	36120	950	0
25739	28	147	950	0
9381	28	1458	950	0
46370	28	288	950	0
17247	28	828	950	0
9603	28	2156	950	0
85330	28	315	950	0
30496	28	5200	950	0
19869	28	51	950	0
67395	28	21338	950	0
5487	28	255	950	0
10475	28	1762	950	0
36193	28	1179	950	0
29912	28	462	950	0
40834	28	1075	950	0
11863	28	442	950	0
25947	28	104	950	0
12121	28	2623	950	0
86071	28	2831	950	0
39559	28	4008	950	0
20230	28	365	950	0
66132	14	902	950	0
13648	28	1458	950	0
11681	28	2136	950	0
17559	28	176	950	0
8122	28	16	950	0
16699	28	505	950	0
7482	28	110	950	0
18879	28	662	950	0
58176	28	16	950	0
32455	23	43697	950	0
43697	23	32455	950	0
16619	28	40	950	0
4471	28	1514	950	0
11531	28	3118	950	0
44917	28	350	950	0
11366	28	2447	950	0
6316	28	937	950	0
6800	28	1131	950	0
20257	28	1230	950	0
63198	28	1426	950	0
6342	28	23651	950	0
41387	28	117	950	0
12262	28	337	950	0
9718	28	889	950	0
43787	28	2095	950	0
45542	6	338	950	0
64632	28	339	950	0
6282	28	46	950	0
78929	28	42153	950	0
20791	28	39	950	0
23802	28	8223	950	0
23806	28	3078	950	0
105355	28	1319	950	0
6197	28	66	950	0
8550	28	239	950	0
9632	28	499	950	0
13464	28	1745	950	0
27737	28	32	950	0
27740	28	206	950	0
79145	28	1833	950	0
24852	28	2435	950	0
12413	28	377	950	0
26566	28	548	950	0
52586	28	1597	950	0
56833	28	391	950	0
6379	28	98	950	0
66579	28	1261	950	0
11043	28	41	950	0
42063	28	24	950	0
9211	28	175	950	0
56118	28	1644	950	0
6136	28	396	950	0
14840	28	3151	950	0
8350	28	260	950	0
27892	28	439	950	0
27960	28	4564	950	0
89839	28	1261	950	0
122244	28	2880	950	0
13362	14	25228	950	0
67753	28	743	950	0
74168	28	1544	950	0
52057	28	217	950	0
92002	28	1210	950	0
23240	28	180	950	0
7816	28	7290	950	0
58613	28	1223	950	0
5559	28	85	950	0
23586	28	2733	950	0
10927	28	307	950	0
106559	28	696	950	0
15285	28	447	950	0
8689	28	215	950	0
32059	28	122	950	0
29178	28	357	950	0
68707	28	3690	950	0
4471	28	186	950	0
18426	28	383	950	0
18427	28	39	950	0
42768	14	4974	950	0
39304	28	67	950	0
34914	28	502	950	0
23205	14	2922	950	0
9056	28	57	950	0
21329	28	332	950	0
9330	28	7052	950	0
88570	14	2964	950	0
8205	28	493	950	0
8381	28	3078	950	0
34066	28	1041	950	0
5183	28	2533	950	0
105355	28	1021	950	0
29356	28	2793	950	0
11302	28	938	950	0
164773	28	1178	950	0
35379	28	1162	950	0
65604	28	88	950	0
51349	28	54	950	0
16239	28	4674	950	0
13959	28	976	950	0
16197	28	526	950	0
8041	28	2738	950	0
35263	28	569	950	0
19314	28	571	950	0
31838	28	91	950	0
60738	28	1775	950	0
43213	28	668	950	0
30377	28	6381	950	0
24711	28	1218	950	0
93247	28	2027	950	0
28952	28	964	950	0
124446	23	48797	950	0
79145	28	174	950	0
21632	28	206	950	0
9505	28	62366	950	0
12463	28	73	950	0
56118	28	36	950	0
8689	28	9047	950	0
22899	28	294	950	0
26322	28	1379	950	0
33158	28	123	950	0
97306	14	1217	950	0
44071	28	906	950	0
65604	28	89	950	0
12504	28	32	950	0
6540	28	81	950	0
15401	28	28	950	0
82599	28	1743	950	0
10425	28	1698	950	0
9456	28	3896	950	0
21218	28	241	950	0
11268	28	474	950	0
86596	28	81	950	0
10844	28	14	950	0
166491	14	166492	950	0
77620	28	311	950	0
71229	28	276	950	0
73596	28	191	950	0
28082	14	62793	950	0
28923	28	1651	950	0
11201	28	67	950	0
41889	28	411	950	0
10787	28	4564	950	0
10252	28	475	950	0
12554	28	1535	950	0
5103	28	42	950	0
23902	28	2884	950	0
16433	28	6025	950	0
18529	28	14	950	0
54813	28	222	950	0
31939	28	261	950	0
39747	28	528	950	0
23814	28	1501	950	0
12594	28	408	950	0
124340	14	207	950	0
23958	28	3378	950	0
10757	28	2148	950	0
36948	28	331	950	0
53724	28	609	950	0
21730	28	699	950	0
50980	28	6549	950	0
109366	14	145533	950	0
12016	28	1738	950	0
24899	28	596	950	0
109393	28	408	950	0
69042	28	565	950	0
107808	14	2754	950	0
61454	28	486	950	0
93189	28	1956	950	0
5933	28	165	950	0
30301	28	970	950	0
39596	28	3118	950	0
37925	14	57720	950	0
19177	28	565	950	0
11983	28	431	950	0
22635	14	22103	950	0
8286	28	441	950	0
39939	28	2250	950	0
124706	16	9	950	0
6019	28	89	950	0
4948	28	199	950	0
43847	14	308	950	0
12152	28	1525	950	0
9062	28	263	950	0
55232	28	2738	950	0
45158	28	167	950	0
7047	28	5440	950	0
6653	28	1935	950	0
92361	14	3057	950	0
50148	28	361	950	0
13832	28	265	950	0
9395	28	1500	950	0
28082	14	2951	950	0
59764	28	4311	950	0
8730	28	418	950	0
69821	28	2083	950	0
13814	28	52	950	0
38290	28	1276	950	0
113677	28	963	950	0
7106	28	239	950	0
10539	28	92	950	0
81002	28	2831	950	0
23094	28	431	950	0
57606	28	3465	950	0
75220	28	3465	950	0
59313	28	587	950	0
105355	28	126	950	0
44407	28	648	950	0
59381	28	669	950	0
5677	28	12667	950	0
54433	14	764	950	0
42009	28	1816	950	0
73819	14	943	950	0
17405	28	32	950	0
37626	28	361	950	0
4547	28	1342	950	0
4516	28	56	950	0
13459	28	53	950	0
20521	28	702	950	0
69289	28	22569	950	0
125464	28	528	950	0
107455	28	808	950	0
32044	28	111	950	0
10916	28	73	950	0
36350	28	2780	950	0
9564	28	640	950	0
54902	28	821	950	0
19704	28	889	950	0
80746	28	221	950	0
10666	28	2653	950	0
9916	28	1122	950	0
15409	28	99	950	0
19777	28	267	950	0
81053	28	976	950	0
83232	28	3022	950	0
62755	28	46200	950	0
6721	28	635	950	0
61166	28	104566	950	0
63392	28	467	950	0
38590	28	92223	950	0
4836	28	152	950	0
80223	28	1261	950	0
66813	28	660	950	0
79687	28	565	950	0
95066	23	31242	950	0
10449	28	640	950	0
12998	28	6067	950	0
78660	28	2685	950	0
8283	28	57	950	0
108625	28	1261	950	0
15445	28	166	950	0
128157	28	2040	950	0
15880	28	3407	950	0
9666	28	158	950	0
108903	28	1692	950	0
42633	28	1076	950	0
12463	28	77	950	0
15468	28	1263	950	0
46049	28	1414	950	0
101215	28	2250	950	0
109598	28	106	950	0
91145	28	167	950	0
15243	28	13000	950	0
75552	23	148883	950	0
148883	23	75552	950	0
7698	28	2446	950	0
58525	14	1869	950	0
25148	14	2297	950	0
107913	28	1497	950	0
32102	28	58	950	0
97770	14	2792	950	0
6408	28	364	950	0
32896	28	85	950	0
83391	28	99	950	0
10567	28	31	950	0
106248	14	127993	950	0
71778	28	330	950	0
21810	28	175	950	0
36275	28	1159	950	0
105472	28	3771	950	0
6078	28	3353	950	0
18640	28	67	950	0
5670	28	67	950	0
30362	28	3418	950	0
25824	28	2301	950	0
7067	28	54048	950	0
22733	28	44	950	0
20676	28	577	950	0
13004	28	92	950	0
76525	28	29564	950	0
21827	28	273	950	0
44949	14	95020	950	0
32652	23	108999	950	0
50059	14	4413	950	0
65538	28	1589	950	0
11437	28	2205	950	0
45882	28	1269	950	0
60138	23	63290	950	0
9352	28	462	950	0
127227	28	2390	950	0
55193	14	25938	950	0
58196	28	662	950	0
38655	28	206	950	0
5103	28	87	950	0
14732	28	660	950	0
40381	28	363	950	0
21677	28	16	950	0
