93569	28	1147	961	0
26562	28	617	961	0
42831	28	1222	961	0
56664	28	1254	961	0
27681	28	911	961	0
154389	28	1023	961	0
27704	28	780	961	0
21720	28	3868	961	0
20573	28	3433	961	0
11691	28	5740	961	0
82923	28	8662	961	0
13853	28	1008	961	0
15408	28	428	961	0
79943	28	1704	961	0
47601	28	427	961	0
53461	28	1841	961	0
79650	28	899	961	0
82734	28	60357	961	0
6445	28	1215	961	0
5054	28	2685	961	0
19469	28	1568	961	0
77139	28	3420	961	0
11758	28	1242	961	0
27209	28	20	961	0
29926	28	1775	961	0
30067	28	2242	961	0
35332	28	602	961	0
36729	28	58	961	0
12100	28	91	961	0
6303	28	323	961	0
5239	28	515	961	0
12786	28	4345	961	0
78108	28	821	961	0
20494	28	1990	961	0
19994	28	327	961	0
33787	28	217	961	0
51047	28	429	961	0
20696	28	68	961	0
24686	28	5619	961	0
31597	28	1772	961	0
16037	28	47	961	0
15383	28	83	961	0
18498	28	3868	961	0
22561	28	2288	961	0
8756	28	2330	961	0
46867	28	454	961	0
35689	28	927	961	0
8050	28	407	961	0
87149	28	1589	961	0
57217	28	1912	961	0
42736	28	2366	961	0
16830	28	1266	961	0
15325	28	623	961	0
12269	28	1192	961	0
12226	28	603	961	0
79236	28	1725	961	0
14459	28	2263	961	0
37672	28	310	961	0
10771	28	180	961	0
6594	28	107	961	0
18729	28	123	961	0
70000	28	1012	961	0
54672	28	2941	961	0
53572	28	3420	961	0
29498	28	4751	961	0
10105	28	179	961	0
19771	28	126	961	0
41298	28	350	961	0
38404	28	1664	961	0
32924	28	1255	961	0
23608	28	860	961	0
56601	14	5700	961	0
30148	28	1028	961	0
31632	28	1468	961	0
7584	28	15031	961	0
55233	28	502	961	0
182123	14	23821	961	0
12879	28	1833	961	0
26471	28	1501	961	0
96522	28	1283	961	0
15255	28	1873	961	0
87195	28	51	961	0
22896	28	774	961	0
59514	28	3524	961	0
54764	28	12392	961	0
33116	28	912	961	0
33282	28	223	961	0
7215	28	91	961	0
60491	28	1027	961	0
42650	28	1504	961	0
24490	28	1199	961	0
43885	28	2103	961	0
15149	28	2735	961	0
18512	28	1295	961	0
26314	28	1944	961	0
37272	28	712	961	0
101582	14	4424	961	0
4874	28	1426	961	0
61119	28	1898	961	0
8990	28	239	961	0
93762	28	605	961	0
7320	28	404	961	0
23768	28	44	961	0
77893	28	411	961	0
25551	28	1295	961	0
57156	28	7051	961	0
45709	28	2145	961	0
22783	28	266	961	0
43292	28	2795	961	0
4800	28	680	961	0
14734	28	624	961	0
61338	28	1943	961	0
37436	28	1237	961	0
19373	28	848	961	0
25715	28	41	961	0
98012	28	712	961	0
34942	28	95	961	0
14956	28	321	961	0
143088	31	93832	961	0
6477	28	2571	961	0
11738	28	275	961	0
87463	28	1053	961	0
71616	28	1871	961	0
126353	28	9466	961	0
33148	28	526	961	0
13316	28	786	961	0
29762	28	605	961	0
91089	28	2242	961	0
9674	28	602	961	0
45471	28	2835	961	0
76791	28	2621	961	0
75686	28	1276	961	0
23747	28	122	961	0
70396	28	2381	961	0
11181	28	565	961	0
42703	28	12270	961	0
18559	28	483	961	0
30654	28	1642	961	0
21631	28	2086	961	0
86963	28	3221	961	0
14284	28	1907	961	0
9386	28	9520	961	0
48166	28	54	961	0
20172	28	860	961	0
16102	28	568	961	0
9272	28	4345	961	0
67970	28	3265	961	0
13605	28	5372	961	0
23106	14	8174	961	0
20203	28	195	961	0
8331	28	73	961	0
92260	28	1421	961	0
111897	28	319	961	0
11301	28	91	961	0
28423	28	917	961	0
7532	28	397	961	0
76480	28	6367	961	0
57647	28	2261	961	0
19650	28	1251	961	0
20844	28	42	961	0
25948	28	754	961	0
67001	28	2848	961	0
47703	28	2205	961	0
77418	28	2046	961	0
95757	28	1135	961	0
37785	28	290	961	0
13918	28	3073	961	0
4414	28	4233	961	0
23794	28	622	961	0
46813	28	1772	961	0
66451	28	5238	961	0
37736	28	1691	961	0
74065	28	1744	961	0
6444	28	1915	961	0
12829	14	32579	961	0
92089	28	3021	961	0
28043	28	1600	961	0
38636	28	23642	961	0
17938	28	1254	961	0
21637	28	136	961	0
105910	28	536	961	0
40888	28	546	961	0
21575	28	1513	961	0
55810	28	3021	961	0
7785	28	792	961	0
23984	28	1245	961	0
130493	28	5548	961	0
21153	28	2604	961	0
28043	28	523	961	0
10731	28	625	961	0
38393	28	570	961	0
21179	28	1172	961	0
12623	28	294	961	0
18053	28	77	961	0
25381	28	583	961	0
86982	28	781	961	0
34738	28	4979	961	0
8922	14	782	961	0
54391	28	87081	961	0
14498	28	1154	961	0
39323	28	2808	961	0
11301	28	221	961	0
43404	28	971	961	0
14266	28	2227	961	0
28069	28	1059	961	0
29498	28	4797	961	0
8619	28	139	961	0
57690	28	2394	961	0
19820	28	202	961	0
12458	28	1207	961	0
71893	28	7898	961	0
30112	28	1715	961	0
112661	28	10962	961	0
9799	28	139	961	0
38115	28	540	961	0
8257	28	2621	961	0
27976	28	1565	961	0
51376	28	2148	961	0
19837	28	1664	961	0
21567	28	1754	961	0
20485	28	1085	961	0
81270	28	145	961	0
42205	28	1057	961	0
53074	28	2838	961	0
17832	28	1523	961	0
11943	28	290	961	0
67494	28	14109	961	0
44588	28	2280	961	0
85097	14	110596	961	0
55668	28	1651	961	0
23172	28	1036	961	0
52199	28	2430	961	0
49033	28	72	961	0
60214	14	5700	961	0
69957	28	605	961	0
15920	28	1095	961	0
26478	28	3437	961	0
125566	28	2174	961	0
8782	28	706	961	0
57737	28	3113	961	0
19232	28	2705	961	0
8405	28	16	961	0
43546	28	2292	961	0
27642	28	973	961	0
10447	14	3111	961	0
9992	28	416	961	0
27182	14	4266	961	0
9389	28	501	961	0
9882	28	450	961	0
85264	28	1873	961	0
62930	28	605	961	0
17165	28	805	961	0
9020	28	134	961	0
80387	28	2526	961	0
39833	14	5700	961	0
12056	28	391	961	0
11764	28	86	961	0
14808	28	717	961	0
66452	28	232	961	0
66489	28	394	961	0
27148	28	2311	961	0
30297	28	150	961	0
8139	28	1813	961	0
9820	28	973	961	0
36575	28	887	961	0
75686	28	1912	961	0
40321	28	310	961	0
32347	28	494	961	0
73095	28	883	961	0
21486	28	1014	961	0
12471	28	469	961	0
58064	28	1215	961	0
15908	28	1013	961	0
17471	28	634	961	0
14024	28	23	961	0
87544	28	483	961	0
67566	14	7090	961	0
60432	28	1763	961	0
14188	28	610	961	0
28780	28	119	961	0
27692	28	1214	961	0
5727	28	1077	961	0
8008	28	215	961	0
8002	28	1712	961	0
48617	28	686	961	0
101996	28	9333	961	0
15055	28	1874	961	0
10944	28	569	961	0
87013	28	4756	961	0
7208	28	686	961	0
39262	28	2152	961	0
14145	28	16076	961	0
72343	28	54	961	0
100921	28	483	961	0
15602	28	516	961	0
48996	28	1560	961	0
44339	28	196	961	0
110262	28	565	961	0
81277	28	2621	961	0
81046	28	780	961	0
43245	28	937	961	0
32352	28	119	961	0
12505	28	48	961	0
27787	28	1455	961	0
36639	28	310	961	0
23095	28	1250	961	0
51648	28	3879	961	0
14203	28	582	961	0
6268	28	463	961	0
18597	28	2735	961	0
67899	14	95275	961	0
44445	28	1028	961	0
20053	28	48	961	0
16199	28	311	961	0
21574	28	27	961	0
68865	28	499	961	0
13403	28	1656	961	0
30252	28	1600	961	0
59754	28	76	961	0
8088	28	2784	961	0
130120	28	14947	961	0
11810	28	1666	961	0
26441	28	4284	961	0
74217	28	9338	961	0
56993	28	471	961	0
47906	28	123	961	0
67859	28	899	961	0
52115	28	1589	961	0
58416	28	1077	961	0
7964	28	499	961	0
23248	28	4937	961	0
97826	1	45683	961	0
109750	28	4169	961	0
32416	28	467	961	0
7108	28	358	961	0
10356	28	1567	961	0
50496	28	2488	961	0
21158	28	803	961	0
60858	28	1512	961	0
7058	28	283	961	0
11879	28	195	961	0
11886	28	199	961	0
29069	28	397	961	0
6679	28	856	961	0
14412	28	38	961	0
13485	28	1778	961	0
14376	28	5461	961	0
62597	28	11742	961	0
78252	28	1549	961	0
15882	28	368	961	0
69408	28	5471	961	0
8315	28	404	961	0
26695	28	9520	961	0
18468	28	719	961	0
7320	28	41	961	0
11166	28	28	961	0
108469	28	1147	961	0
36782	28	25075	961	0
9695	28	1222	961	0
3881	28	1611	961	0
33101	28	941	961	0
9065	28	421	961	0
57257	28	1763	961	0
51717	28	2209	961	0
31615	28	350	961	0
43272	28	3235	961	0
27334	28	4346	961	0
6119	28	559	961	0
30503	28	917	961	0
30617	28	900	961	0
55292	28	4137	961	0
4557	28	643	961	0
103385	28	1152	961	0
33509	28	9376	961	0
14733	28	9194	961	0
28443	28	1907	961	0
56225	28	1257	961	0
29814	28	34728	961	0
53280	28	547	961	0
35027	28	8319	961	0
57753	28	1461	961	0
15851	28	1722	961	0
5435	28	1081	961	0
27525	28	678	961	0
56094	28	578	961	0
18588	28	816	961	0
34688	28	205	961	0
30847	28	428	961	0
20092	28	1488	961	0
50446	28	1882	961	0
73777	28	70	961	0
17336	28	597	961	0
29538	28	1830	961	0
16173	28	486	961	0
44404	28	2175	961	0
80678	28	2571	961	0
14707	28	616	961	0
17551	28	726	961	0
71167	28	3901	961	0
26571	28	68	961	0
28594	28	153	961	0
3826	23	155380	961	0
24483	28	1231	961	0
47660	28	2189	961	0
4985	28	2418	961	0
21963	28	1304	961	0
155032	28	409	961	0
69658	28	2226	961	0
58107	28	569	961	0
76008	28	7898	961	0
36879	28	7944	961	0
68804	28	5247	961	0
9249	28	3212	961	0
77053	28	2442	961	0
51615	28	2041	961	0
5216	28	332	961	0
58273	28	1829	961	0
7896	28	377	961	0
90059	28	908	961	0
78178	28	2311	961	0
41932	28	2686	961	0
104191	14	1343	961	0
24658	28	3626	961	0
88027	28	5658	961	0
88092	28	3157	961	0
17760	28	554	961	0
15223	28	307	961	0
17118	28	1338	961	0
19613	28	673	961	0
92394	28	506	961	0
14132	28	920	961	0
11490	28	9236	961	0
9855	28	520	961	0
44404	28	681	961	0
9385	28	1190	961	0
65274	28	595	961	0
11759	28	743	961	0
5342	28	2857	961	0
69073	28	70	961	0
7320	28	416	961	0
21412	28	42	961	0
70704	28	755	961	0
13821	28	15031	961	0
10729	28	1523	961	0
18420	28	5605	961	0
16871	28	1833	961	0
68859	28	1356	961	0
16491	28	6015	961	0
43210	28	1770	961	0
88694	28	882	961	0
28564	28	24122	961	0
47277	28	1227	961	0
23548	28	412	961	0
51268	28	323	961	0
76586	14	444	961	0
20360	28	471	961	0
90553	28	2257	961	0
52033	28	992	961	0
15402	28	57	961	0
81112	28	2626	961	0
16801	28	180	961	0
11053	28	133	961	0
32348	28	786	961	0
107563	28	1028	961	0
7615	28	2388	961	0
87417	28	3714	961	0
23891	28	14282	961	0
99495	28	1028	961	0
36388	28	805	961	0
85767	28	1263	961	0
86497	28	1598	961	0
41215	28	485	961	0
21526	28	58	961	0
20006	28	917	961	0
13485	28	2035	961	0
7655	28	40664	961	0
24962	28	1379	961	0
8043	28	332	961	0
14375	28	1153	961	0
8125	28	732	961	0
12620	28	2941	961	0
10223	28	1208	961	0
36384	28	910	961	0
95527	28	4854	961	0
23455	28	1201	961	0
82089	28	1513	961	0
64311	28	2878	961	0
26686	28	537	961	0
79229	28	5643	961	0
4755	28	971	961	0
33281	28	1920	961	0
10197	28	1014	961	0
10242	28	41	961	0
62483	28	2233	961	0
54543	28	720	961	0
20707	28	2242	961	0
29214	28	95	961	0
20264	28	9274	961	0
57292	28	5745	961	0
52768	28	1601	961	0
7831	28	48	961	0
16949	28	81	961	0
13660	28	1067	961	0
5726	28	12988	961	0
12330	28	323	961	0
8241	28	1043	961	0
19567	28	2482	961	0
118227	28	5945	961	0
24768	28	507	961	0
76466	28	3561	961	0
44466	28	3466	961	0
7466	28	2488	961	0
4526	28	2085	961	0
42243	28	605	961	0
96518	28	659	961	0
46113	28	620	961	0
10716	28	1047	961	0
33937	28	1594	961	0
53817	28	1167	961	0
7280	28	1000	961	0
22960	28	616	961	0
10333	28	1251	961	0
5948	28	1935	961	0
38295	28	2388	961	0
6751	28	7634	961	0
25364	28	648	961	0
63346	14	25938	961	0
72015	28	222	961	0
29723	28	1014	961	0
14387	28	2703	961	0
29390	28	1594	961	0
4839	28	85	961	0
44721	28	523	961	0
31544	28	1627	961	0
4887	28	109	961	0
6820	28	3282	961	0
92924	28	1260	961	0
31321	28	2264	961	0
100517	14	4314	961	0
44004	28	973	961	0
15870	28	1094	961	0
39745	28	510	961	0
59532	28	799	961	0
101024	28	10454	961	0
42294	28	478	961	0
14162	28	87	961	0
22576	28	2846	961	0
98107	28	1903	961	0
27156	28	3176	961	0
24010	28	1254	961	0
11506	28	885	961	0
60183	28	781	961	0
88609	28	537	961	0
33653	28	1876	961	0
11657	28	22347	961	0
44726	28	6413	961	0
92132	28	1598	961	0
67555	28	1879	961	0
94620	28	2207	961	0
47753	28	276	961	0
21168	28	410	961	0
57890	28	18520	961	0
31256	28	670	961	0
108222	28	1642	961	0
9840	28	3222	961	0
14975	28	238	961	0
33140	28	2701	961	0
4874	28	985	961	0
9432	28	748	961	0
83786	28	6076	961	0
8900	28	1123	961	0
40734	28	959	961	0
15980	28	680	961	0
76486	28	3021	961	0
14655	28	2703	961	0
9625	28	2115	961	0
6628	28	23	961	0
35735	28	1900	961	0
16041	28	1171	961	0
81804	28	8662	961	0
23751	28	263	961	0
53262	28	62931	961	0
8394	28	4910	961	0
61566	14	5376	961	0
92346	28	7739	961	0
10688	28	1402	961	0
10217	28	511	961	0
58293	28	694	961	0
44179	28	2381	961	0
22713	28	1099	961	0
48407	28	12982	961	0
24100	28	556	961	0
41568	28	1218	961	0
68975	28	486	961	0
41424	28	3526	961	0
65156	28	885	961	0
18516	28	1254	961	0
11785	28	1981	961	0
60481	28	1254	961	0
65550	28	69229	961	0
120896	28	37274	961	0
6659	28	7675	961	0
62806	28	1193	961	0
35399	28	708	961	0
54586	28	310	961	0
57549	28	31813	961	0
58835	28	486	961	0
90624	28	462	961	0
34527	28	45	961	961
107309	28	156	961	961
5556	23	67778	961	961
44100	28	44	961	961
123472	28	1111	961	961
65489	28	564	961	961
12387	28	57	961	961
24381	28	43	961	961
66181	28	3118	961	961
17648	28	1775	961	961
26391	28	313	961	961
32212	28	755	961	961
68196	28	406	961	961
29505	28	2624	961	961
29433	28	406	961	961
20105	28	201	961	961
20687	28	117	961	961
10253	28	77	961	961
38444	28	28563	961	961
79682	28	2199	961	961
60492	28	1167	961	962
82222	28	2467	961	962
18571	28	1210	961	962
95835	28	4018	961	962
52013	28	18584	961	962
21671	28	2414	961	962
33371	28	257	961	962
18613	28	261	961	962
28975	28	673	961	962
29023	28	1762	961	962
9135	28	344	961	962
33478	28	5650	961	962
18708	28	910	961	962
70699	28	167	961	962
21819	28	88	961	962
18748	28	591	961	962
9176	28	603	961	962
7709	28	1634	961	962
16511	28	597	961	962
25042	28	530	961	962
18864	28	983	961	962
71030	28	1407	961	962
7704	28	150	961	962
11317	28	751	961	962
18932	28	411	961	962
33757	28	1624	961	962
25139	28	1416	961	962
16604	28	392	961	962
19004	28	940	961	962
45373	28	842	961	962
61194	28	12988	961	962
71176	28	1210	961	962
11323	28	866	961	962
29435	28	3484	961	962
45454	28	602	961	962
14228	28	39338	961	962
7714	28	203	961	962
25266	28	461	961	962
5405	28	381	961	962
71290	28	261	961	962
39377	23	71303	961	962
61389	28	3354	961	962
83132	28	8554	961	962
83174	28	1359	961	962
18655	28	1163	961	962
45742	28	132	961	962
45787	28	273	961	962
25540	28	123	961	962
45812	28	227	961	962
29749	28	1160	961	962
61681	28	2812	961	962
34263	28	2624	961	962
96898	28	1147	961	962
61748	28	951	961	962
5054	28	2051	961	962
39720	28	3884	961	962
71733	28	357	961	962
25643	28	2105	961	962
96945	28	5262	961	962
10460	28	1607	961	962
6683	28	404	961	962
22203	28	573	961	962
9449	28	294	961	962
22436	28	9194	961	962
22462	28	1214	961	962
83643	28	1066	961	962
29975	28	1567	961	962
34486	28	159	961	962
53412	28	4620	961	962
53431	28	1651	961	962
46130	28	3242	961	962
25865	28	4169	961	962
11772	28	5740	961	962
11777	28	1222	961	962
45929	28	10531	961	962
25901	28	1561	961	962
97270	28	5279	961	962
10536	28	888	961	962
17064	28	3570	961	962
72169	28	4274	961	962
53572	28	3627	961	962
34690	28	2992	961	962
39940	28	315	961	962
26001	28	1033	961	962
13142	28	469	961	962
21733	28	72	961	962
72290	28	411	961	962
19678	28	493	961	962
97515	28	2113	961	962
10575	28	708	961	962
84078	28	619	961	962
97574	28	1455	961	962
16450	28	22734	961	962
26120	28	46467	961	962
72440	28	605	961	962
9255	28	528	961	962
16776	28	2742	961	962
40317	28	1134	961	962
15116	28	1292	961	962
30357	28	482	961	962
10638	28	462	961	962
19416	28	659	961	962
22053	28	54067	961	962
19878	28	46726	961	962
46733	28	4246	961	962
25991	28	5549	961	962
19893	28	4068	961	962
22907	28	1266	961	962
34838	28	315	961	962
40064	28	495	961	962
11490	28	288	961	962
6772	28	67	961	962
71350	28	678	961	962
10677	28	518	961	962
54218	28	759	961	962
17336	28	57	961	962
19726	28	416	961	962
9561	28	3491	961	962
9665	28	792	961	962
98139	28	659	961	962
26474	28	3109	961	962
54343	28	2426	961	962
10705	28	1118	961	962
40782	28	2903	961	962
26524	28	1084	961	962
63100	28	1416	961	962
73067	28	30560	961	962
25133	28	3637	961	962
20085	28	5476	961	962
19345	28	27	961	962
20089	28	568	961	962
22875	28	3004	961	962
73225	28	649	961	962
10492	28	620	961	962
20130	28	1055	961	962
54219	28	1709	961	962
29243	28	4930	961	962
23145	28	720	961	962
30847	28	499	961	962
12130	28	3936	961	962
23177	28	77	961	962
15374	28	527	961	962
15383	28	210	961	962
12836	28	1650	961	962
52709	28	222	961	962
47395	28	2199	961	962
20264	28	3886	961	962
6793	28	2087	961	962
54832	28	7474	961	962
30956	28	410	961	962
10782	28	370	961	962
73537	28	780	961	962
7418	28	109	961	962
47477	28	2027	961	962
54881	28	8115	961	962
13668	28	748	961	962
85396	28	224	961	962
14640	28	242	961	962
23306	28	2479	961	962
29317	28	1698	961	962
10805	28	2199	961	962
20339	28	332	961	962
6775	28	602	961	962
6335	28	1611	961	962
55041	28	254	961	962
47610	28	47611	961	962
12227	28	1887	961	962
73807	28	1963	961	962
20389	28	64	961	962
55072	28	610	961	962
35799	28	616	961	962
55082	28	1290	961	962
55109	28	882	961	962
25576	28	4704	961	962
73363	28	1455	961	962
99089	28	1755	961	962
62292	28	2062	961	962
85694	28	504	961	962
15548	28	1830	961	962
62278	28	1116	961	962
74007	28	1834	961	962
41420	28	1529	961	962
23282	28	537	961	962
74053	28	20	961	962
85813	28	415	961	962
11712	28	1442	961	962
46268	28	1389	961	962
6389	28	230	961	962
6078	28	105	961	962
64170	28	100	961	962
12779	28	1639	961	962
10640	28	808	961	962
9216	28	1304	961	962
13784	28	136	961	962
27154	28	575	961	962
11574	28	57	961	962
5829	28	360	961	962
99544	28	2901	961	962
22395	28	3656	961	962
9818	28	1190	961	962
86163	28	86164	961	962
17802	28	1607	961	962
29867	28	1097	961	962
71441	28	1401	961	962
99633	28	1998	961	962
99645	28	371	961	962
6827	28	573	961	962
72633	28	1523	961	962
25986	28	2343	961	962
99752	28	2872	961	962
10902	28	1762	961	962
13307	28	191	961	962
86333	28	1152	961	962
55672	28	156	961	962
21757	28	14741	961	962
74566	28	2713	961	962
99823	28	951	961	962
17851	28	1004	961	962
36254	28	864	961	962
86415	28	977	961	962
54387	28	8806	961	962
10810	28	261	961	962
15724	28	89	961	962
19456	28	1532	961	962
23692	28	610	961	962
9340	28	423	961	962
41925	28	1383	961	962
55815	28	940	961	962
19646	28	1728	961	962
25977	28	1210	961	962
12381	28	250	961	962
12357	28	1013	961	962
18697	28	1231	961	962
100047	28	3700	961	962
116013	28	13499	961	962
48421	28	478	961	962
34525	28	866	961	962
20360	28	240	961	962
23768	28	160	961	962
17110	28	2113	961	962
55957	28	1006	961	962
74311	28	2148	961	962
19067	28	294	961	962
55991	28	669	961	962
20796	28	81	961	962
33474	28	5153	961	962
10183	28	293	961	962
86783	28	3378	961	962
27207	28	1164	961	962
35551	28	390	961	962
21750	28	572	961	962
36521	28	3400	961	962
48619	28	927	961	962
53055	28	769	961	962
12973	28	610	961	962
9575	28	803	961	962
20853	28	307	961	962
21995	28	573	961	962
65092	28	5481	961	962
34633	28	1176	961	962
75205	28	1760	961	962
10949	28	1465	961	962
11262	28	542	961	962
5929	28	117	961	962
36333	28	2115	961	962
33397	28	1120	961	962
87079	28	835	961	962
53429	28	1099	961	962
12957	28	2522	961	962
8467	28	2075	961	962
56339	28	860	961	962
6105	28	70	961	962
65321	28	1058	961	962
65342	28	1576	961	962
6782	28	1466	961	962
8020	28	132	961	962
20150	28	219	961	962
87333	28	2963	961	962
87370	28	10599	961	962
75528	28	5461	961	962
10251	28	501	961	962
8405	28	55	961	962
15901	28	211	961	962
8916	28	573	961	962
23038	28	840	961	962
42440	28	45	961	962
56528	28	50	961	962
11466	28	337	961	962
100945	28	686	961	962
5958	28	451	961	962
27767	28	2761	961	962
87541	28	10518	961	962
17025	28	5442	961	962
75736	28	19930	961	962
20534	28	554	961	962
32046	28	1031	961	962
56682	28	266	961	962
87631	28	496	961	962
65663	28	6459	961	962
87666	28	198	961	962
32061	28	694	961	962
31280	28	81	961	962
31735	28	2072	961	962
36983	28	1275	961	962
11052	28	983	961	962
48907	28	27560	961	962
5618	28	481	961	962
83822	28	2040	961	962
35883	28	523	961	962
8647	28	109	961	962
14534	28	420	961	962
87808	28	1280	961	962
15967	28	2703	961	962
24076	28	3933	961	962
13179	28	1088	961	962
53971	28	1507	961	962
12569	28	139	961	962
76124	28	1988	961	962
24103	28	1115	961	962
7779	28	907	961	962
88007	28	2114	961	962
40659	28	1060	961	962
29569	28	2413	961	962
56972	28	2270	961	962
48535	28	3396	961	962
7990	28	7072	961	962
27964	28	95	961	962
20447	28	46	961	962
37155	28	259	961	962
29372	28	1745	961	962
42294	28	416	961	962
117528	28	1152	961	962
47713	28	27991	961	962
52869	28	432	961	962
55679	28	458	961	962
29351	28	477	961	962
117553	28	565	961	962
19017	28	3688	961	962
37201	28	1879	961	962
117593	28	2068	961	962
28025	28	1709	961	962
55342	28	168	961	962
18049	28	796	961	962
66205	28	1608	961	962
31121	28	91	961	962
16487	28	1954	961	962
45706	28	3318	961	962
51949	28	2302	961	962
23688	28	837	961	962
33947	28	1388	961	962
13357	28	894	961	962
76541	28	759	961	962
117852	28	2624	961	962
28071	28	1192	961	962
159439	28	24824	961	962
16053	28	699	961	962
6266	28	74	961	962
39792	28	119	961	962
62320	28	2468	961	962
6770	28	28	961	962
72405	28	22057	961	962
38659	28	254	961	962
72975	28	501	961	962
54156	28	15031	961	962
17225	28	803	961	962
36467	28	1951	961	962
30268	28	759	961	962
42664	28	145	961	962
11618	28	555	961	962
13385	28	2062	961	962
8512	28	8198	961	962
44965	28	1962	961	962
36501	28	1286	961	962
34831	28	760	961	962
12118	28	186	961	962
76893	28	2158	961	962
7133	28	74	961	962
11271	28	503	961	962
9121	28	3456	961	962
44936	28	2972	961	962
11292	28	629	961	962
24878	28	8397	961	962
18572	28	462	961	962
18580	28	2968	961	962
24740	28	1363	961	962
88944	28	1359	961	962
52033	28	596	961	962
76524	28	100567	961	962
6641	28	503	961	962
16524	28	2204	961	962
62822	28	718	961	962
39050	28	2048	961	962
12835	28	88	961	962
18713	28	7157	961	962
99414	28	537	961	962
102685	28	1466	961	962
45089	28	1796	961	962
14531	28	885	961	962
9258	28	455	961	962
7198	28	573	961	962
25197	28	3245	961	962
72088	28	483	961	962
117707	28	1519	961	962
52522	28	899	961	962
21992	28	100	961	962
77224	28	39338	961	962
11440	28	635	961	962
6653	28	514	961	962
71087	28	392	961	962
34029	28	900	961	962
7242	28	321	961	962
39467	28	1267	961	962
65504	28	357	961	962
19208	28	313	961	962
11599	28	787	961	962
14702	28	311	961	962
22143	28	1214	961	962
29521	28	2061	961	962
16708	28	4059	961	962
29187	28	759	961	962
48795	28	390	961	962
43356	28	2033	961	962
22357	28	1043	961	962
14778	28	1883	961	962
118936	28	409	961	962
56900	28	9338	961	962
65840	28	574	961	962
52013	28	808	961	962
33367	28	627	961	962
7828	28	5257	961	962
89517	28	3765	961	962
7875	28	110	961	962
74739	28	27560	961	962
9478	28	840	961	962
65136	28	3500	961	962
19388	28	402	961	962
16921	28	131	961	962
60944	28	416	961	962
39812	28	9453	961	962
7929	28	708	961	962
29848	28	165	961	962
25715	28	64	961	962
11764	28	105	961	962
29643	28	140	961	962
23264	28	46467	961	962
19693	28	57	961	962
84082	28	70	961	962
34397	28	830	961	962
137967	28	1076	961	962
103611	28	1617	961	962
85984	28	927	961	962
26033	28	1115	961	962
10616	28	1397	961	962
34954	28	659	961	962
67287	28	7572	961	962
58084	28	1214	961	962
38676	28	7391	961	962
34973	28	1882	961	962
22759	28	62675	961	962
8008	28	239	961	962
5214	28	405	961	962
26250	28	1794	961	962
15036	28	686	961	962
77857	28	2442	961	962
30417	28	564	961	962
84241	28	1704	961	962
58061	28	9280	961	962
62729	28	2956	961	962
46840	28	261	961	962
113768	28	1471	961	962
14726	28	486	961	962
15188	28	818	961	962
6059	28	168	961	962
9659	28	1751	961	962
15187	28	105	961	962
67375	28	1824	961	962
35152	28	4910	961	962
9074	28	283	961	962
17112	28	1909	961	962
97921	28	5052	961	962
26284	28	155	961	962
6791	28	168	961	962
14308	28	2140	961	962
103887	28	781	961	962
14365	28	14452	961	962
6112	28	1723	961	962
101327	28	12348	961	962
58096	28	3145	961	962
35075	28	423	961	962
26322	28	1692	961	962
78005	28	530	961	962
85189	28	2175	961	962
35252	28	1796	961	962
85038	28	2436	961	962
62343	28	5369	961	962
60747	28	2621	961	962
78040	28	2353	961	962
25340	28	74	961	962
9707	28	2324	961	962
12024	28	30560	961	962
74091	28	485	961	962
15233	28	203	961	962
49402	28	5619	961	962
83444	28	15927	961	962
9686	28	215	961	962
40740	28	568	961	962
42827	28	36	961	962
20109	28	1242	961	962
35390	28	1731	961	962
29075	28	3222	961	962
11823	28	166	961	962
22527	28	354	961	962
25482	28	198	961	962
17643	28	313	961	962
26601	28	520	961	962
30748	28	5793	961	962
30765	28	434	961	962
58323	28	451	961	962
47978	28	4328	961	962
26742	28	325	961	962
49998	28	15634	961	962
30932	28	71	961	962
40563	28	1162	961	962
37747	28	3235	961	962
24721	28	129	961	962
53007	28	752	961	962
19898	28	1672	961	962
67060	28	1819	961	962
17514	28	2692	961	962
35682	28	1793	961	962
26870	28	3195	961	962
6990	28	571	961	962
12843	28	179	961	962
35601	28	1165	961	962
50444	28	2608	961	962
9747	28	1733	961	962
33563	28	574	961	962
29158	28	3219	961	962
24887	28	883	961	962
14926	28	19	961	962
31204	28	17655	961	962
115087	28	1704	961	962
26010	28	1283	961	962
77914	28	280	961	962
11665	28	219	961	962
90555	28	330	961	962
20440	28	370	961	962
7135	28	617	961	962
35380	28	503	961	962
35764	28	2236	961	962
67797	28	14617	961	962
42510	28	3513	961	962
22116	28	288	961	962
11938	28	723	961	962
67820	28	4581	961	962
31047	28	55311	961	962
19609	28	405	961	962
12950	28	2563	961	962
22940	28	1907	961	962
9148	28	12800	961	962
15578	28	803	961	962
90771	28	257	961	962
22953	28	310	961	962
104746	28	1677	961	962
15653	28	1142	961	962
87507	28	2353	961	962
25760	28	503	961	962
26993	28	454	961	962
4943	28	404	961	962
31353	28	242	961	962
6995	28	47	961	962
104806	28	4157	961	962
15629	28	1938	961	962
55408	28	100	961	962
25695	28	890	961	962
90872	28	12755	961	962
10898	28	786	961	962
12341	28	168	961	962
6235	28	370	961	962
90894	28	4767	961	962
15692	28	920	961	962
16520	28	829	961	962
4827	28	58	961	962
46681	28	1190	961	962
77023	28	2709	961	962
56044	28	2175	961	962
31544	28	4277	961	962
25013	28	741	961	962
91010	28	1512	961	962
78767	28	1268	961	962
12347	28	812	961	962
78779	28	2997	961	962
23654	28	72	961	962
121117	28	8531	961	962
20682	28	1431	961	962
12776	28	401	961	962
15476	28	401	961	962
105120	28	12755	961	962
36422	28	3778	961	962
14784	28	47	961	962
30923	28	2032	961	962
19610	28	610	961	962
4587	28	33	961	962
13871	28	722	961	962
85321	28	2943	961	962
16516	28	1825	961	962
30662	28	486	961	962
28898	28	1467	961	962
7755	28	142	961	962
36458	28	786	961	962
36476	28	259	961	962
5273	28	337	961	962
9428	28	421	961	962
68180	28	675	961	962
68183	28	58753	961	962
98164	28	30548	961	962
31775	28	186	961	962
121489	28	2467	961	962
36636	28	516	961	962
14925	28	1074	961	962
105425	28	1677	961	962
13911	28	219	961	962
20845	28	159	961	962
46618	28	482	961	962
23845	28	191	961	962
19981	28	3936	961	962
11245	28	1049	961	962
28945	28	307	961	962
63848	28	1965	961	962
65307	28	751	961	962
48977	28	1117	961	962
39147	28	1513	961	962
65826	28	9453	961	962
39751	28	910	961	962
19399	28	1397	961	962
13504	28	1959	961	962
48814	28	26431	961	962
10909	28	1500	961	962
77471	28	46726	961	962
36811	28	1097	961	962
31947	28	13819	961	962
9171	28	954	961	962
20446	28	1276	961	962
10539	28	160	961	962
33595	28	24	961	962
62974	28	1595	961	962
7574	28	112	961	962
14372	28	384	961	962
14261	28	297	961	962
30457	28	401	961	962
19468	28	331	961	962
23766	28	1421	961	962
20918	28	5147	961	962
15919	28	107	961	962
77156	28	330	961	962
73561	28	214	961	962
10404	28	41992	961	962
79269	28	1650	961	962
19577	28	582	961	962
60609	28	3939	961	962
22019	28	67	961	962
27870	28	1321	961	962
87380	28	1471	961	962
49209	28	282	961	962
46528	28	1269	961	962
13159	28	4704	961	962
4491	28	1067	961	962
9851	28	759	961	962
45634	28	9191	961	962
58896	28	478	961	962
74790	28	483	961	962
8687	28	160	961	962
71608	28	3914	961	962
68143	28	1676	961	962
15334	28	1634	961	962
61967	28	2324	961	962
61324	28	11253	961	962
78690	28	5793	961	962
3831	28	76	961	962
56546	28	1409	961	962
22863	28	2503	961	962
10827	28	416	961	962
57258	28	1466	961	962
24098	28	222	961	962
31675	28	354	961	962
27900	28	496	961	962
23006	28	1571	961	962
20585	28	346	961	962
19147	28	906	961	962
12803	28	51	961	962
40011	28	659	961	962
36703	28	10893	961	962
37128	28	1414	961	962
99705	28	1775	961	962
12462	28	239	961	962
8485	28	855	961	962
139848	28	1132	961	962
22709	28	1813	961	962
25680	28	627	961	962
18203	28	255	961	962
43076	28	511	961	962
42940	28	1867	961	962
47068	28	3350	961	962
23806	28	2207	961	962
42962	28	784	961	962
25900	28	6459	961	962
8276	28	240	961	962
32270	28	514	961	962
13444	28	261	961	962
6295	28	635	961	962
14792	28	227	961	962
48515	28	4588	961	962
11081	28	315	961	962
10573	28	1725	961	962
57292	28	3219	961	962
87919	28	537	961	962
17147	28	850	961	962
18241	28	1397	961	962
40342	28	1127	961	962
19194	28	55	961	962
13053	28	979	961	962
106407	28	754	961	962
43079	28	493	961	962
22281	28	191	961	962
8050	28	672	961	962
33487	28	2179	961	962
48528	28	808	961	962
22626	28	514	961	962
27496	28	1148	961	962
49636	28	325	961	962
21985	28	3924	961	962
54355	28	5476	961	962
79682	28	881	961	962
6881	28	1523	961	962
21841	28	2597	961	962
11628	28	51	961	962
54196	28	2724	961	962
8421	28	215	961	962
35027	28	2533	961	962
29807	28	2097	961	962
56497	28	1099	961	962
16706	28	883	961	962
16429	28	147	961	962
79179	28	3449	961	962
13090	28	7072	961	962
92283	28	2533	961	962
10562	28	56	961	962
90577	28	330	961	962
12374	28	527	961	962
113570	28	2846	961	962
21425	28	1887	961	962
50697	28	1589	961	962
68727	28	2649	961	962
12404	28	74	961	962
106701	28	1481	961	962
6247	28	1430	961	962
38873	28	715	961	962
17646	28	304	961	962
46458	28	1138	961	962
31835	28	957	961	962
45923	28	940	961	962
13971	28	1015	961	962
38057	28	3452	961	962
92367	28	1130	961	962
15078	28	1813	961	962
10163	28	2334	961	962
12142	28	370	961	962
77117	28	900	961	962
8148	28	1172	961	962
54358	28	131	961	962
12621	28	55	961	962
20857	28	2532	961	962
92449	28	3378	961	962
16057	28	69	961	962
66286	28	3173	961	962
52840	28	5075	961	962
11704	28	63	961	962
12940	28	1614	961	962
51088	28	1388	961	962
58111	28	3378	961	962
35537	28	19949	961	962
106928	28	1697	961	962
73927	28	1887	961	962
54980	28	2956	961	962
61970	28	1211	961	962
78189	28	900	961	962
16104	28	4704	961	962
15819	28	297	961	962
7141	28	347	961	962
73404	28	2475	961	962
107050	28	1228	961	962
101400	28	18653	961	962
6559	28	625	961	962
18400	28	924	961	962
78328	28	1137	961	962
46448	28	514	961	962
76051	28	2564	961	962
68884	28	3217	961	962
78273	28	2154	961	962
34177	28	220	961	962
50908	28	234	961	962
12351	28	969	961	962
89540	28	1883	961	962
9266	28	3884	961	962
8200	28	33	961	962
85227	28	5279	961	962
16210	28	293	961	962
31760	28	162	961	962
61301	28	100	961	962
12678	28	1286	961	962
18791	28	1340	961	962
9855	28	429	961	962
29938	28	478	961	962
62850	28	76	961	962
14632	28	1499	961	962
53431	28	2585	961	962
16140	28	380	961	962
28594	28	421	961	962
8817	28	53	961	962
46028	28	1317	961	962
8878	28	1456	961	962
104171	28	5385	961	962
53006	28	856	961	962
9417	28	78	961	962
42955	28	7968	961	962
74714	28	1144	961	962
17335	28	682	961	962
28620	28	185	961	962
24564	28	1067	961	962
17489	28	64	961	962
37693	28	12988	961	962
24241	28	2773	961	962
20455	28	112	961	962
10482	28	46	961	962
8782	28	119	961	962
10116	28	1595	961	962
13523	28	87	961	962
35393	28	507	961	962
28155	28	350	961	962
30367	28	185	961	962
11008	28	2152	961	962
5361	28	78	961	962
83942	28	2849	961	962
10934	28	693	961	962
13917	28	974	961	962
12220	28	2899	961	962
14029	28	68	961	962
8336	28	72	961	962
48665	28	210	961	962
21521	28	832	961	962
15373	28	875	961	962
11470	28	2270	961	962
40036	28	1634	961	962
7545	28	3946	961	962
76170	28	12054	961	962
52093	28	65	961	962
17801	28	1286	961	962
13429	28	433	961	962
13253	28	254	961	962
6130	28	5545	961	962
33075	28	1073	961	962
11679	28	994	961	962
19241	28	242	961	962
10261	28	1025	961	962
26209	28	129	961	962
93135	28	2871	961	962
29003	28	61	961	962
11652	28	1749	961	962
26398	28	14672	961	962
72213	28	1058	961	962
103444	28	1557	961	962
5274	28	110	961	962
62689	28	936	961	962
63752	28	2558	961	962
22226	28	905	961	962
9406	28	2233	961	962
63874	28	1643	961	962
25828	28	257	961	962
87470	28	106	961	962
30739	28	1938	961	962
5156	28	158	961	962
31016	28	67	961	962
16946	28	110	961	962
42969	28	1397	961	962
30306	28	1845	961	962
50488	28	753	961	962
77350	28	2829	961	962
69420	28	45	961	962
26006	28	707	961	962
16137	28	421	961	962
17942	28	370	961	962
72958	28	2735	961	962
9043	28	433	961	962
97470	28	1527	961	962
15988	28	699	961	962
27057	28	3144	961	962
84682	28	1659	961	962
80510	28	3217	961	962
30681	28	702	961	962
93341	28	3396	961	962
10718	28	309	961	962
29801	28	1292	961	962
11547	28	596	961	962
9883	28	227	961	962
20986	28	2027	961	962
7419	28	129	961	962
12371	28	2468	961	962
23307	28	49	961	962
9749	28	3621	961	962
15387	28	2148	961	962
62818	28	1146	961	962
46448	28	2007	961	962
124688	28	1613	961	962
12512	28	313	961	962
13572	28	9409	961	962
38352	28	307	961	962
12532	28	132	961	962
79012	28	283	961	962
22783	28	1749	961	962
28918	28	4327	961	962
23188	28	27	961	962
64583	28	85	961	962
24475	28	257	961	962
23819	28	462	961	962
20314	28	5459	961	962
15936	28	344	961	962
19006	28	1231	961	962
18482	28	1056	961	962
32850	28	624	961	962
80793	28	1067	961	962
48226	28	835	961	962
14333	28	627	961	962
22593	28	463	961	962
68009	28	1101	961	962
8659	28	940	961	962
16136	28	30	961	962
24813	28	1962	961	962
14669	28	1519	961	962
4932	28	42	961	962
28558	28	1954	961	962
30140	28	1417	961	962
21108	28	496	961	962
42846	28	1788	961	962
29697	28	872	961	962
30804	28	1148	961	962
16458	28	28393	961	962
67646	28	1074	961	962
8187	28	3174	961	962
36300	28	234	961	962
8676	28	1213	961	962
44053	28	927	961	962
108363	28	461	961	962
90059	28	769	961	962
26757	28	2204	961	962
68989	28	3570	961	962
38198	28	456	961	962
10840	28	20	961	962
59866	28	597	961	962
125090	28	5758	961	962
22421	28	2682	961	962
29367	28	1221	961	962
52509	28	1909	961	962
18512	28	150	961	962
32268	28	1152	961	962
31360	28	1299	961	962
5781	28	72	961	962
14333	28	485	961	962
35493	28	1112	961	962
14853	28	1073	961	962
58268	28	3109	961	962
30219	28	1543	961	962
16865	28	8650	961	962
14278	28	3433	961	962
7028	28	965	961	962
36142	28	86	961	962
19834	28	1155	961	962
6097	28	254	961	962
90428	28	2105	961	962
64182	28	5115	961	962
125259	28	18206	961	962
6214	28	871	961	962
21210	28	527	961	962
20582	28	489	961	962
49273	28	6543	961	962
24025	28	1594	961	962
17798	28	659	961	962
6086	28	436	961	962
91228	28	2386	961	962
5573	28	49	961	962
11172	28	560	961	962
13799	28	979	961	962
57618	28	5545	961	962
23438	28	759	961	962
9775	28	58	961	962
4800	28	407	961	962
10001	28	9280	961	962
7521	28	44	961	962
28564	28	2677	961	962
28738	28	282	961	962
9058	28	1221	961	962
14797	28	152	961	962
23240	28	282	961	962
49336	28	353	961	962
25140	28	1879	961	962
26672	28	91	961	962
68863	28	1067	961	962
5968	28	177	961	962
60518	28	868	961	962
10979	28	1444	961	962
33408	28	632	961	962
22241	28	555	961	962
71631	28	1097	961	962
12530	28	855	961	962
7108	28	962	961	962
13474	28	1641	961	962
35201	28	211	961	962
65212	28	255	961	962
21785	28	415	961	962
105414	28	2286	961	962
12655	28	1118	961	962
10877	28	889	961	962
8091	28	213	961	962
112640	28	522	961	962
22368	28	1107	961	962
86439	28	1392	961	962
38054	28	132	961	962
27016	28	1397	961	962
41436	28	2100	961	962
11360	28	3174	961	962
37164	28	42984	961	962
74724	28	2151	961	962
10604	28	427	961	962
22645	28	1650	961	962
16192	28	277	961	962
27258	28	7474	961	962
10174	28	162	961	962
14313	28	557	961	962
16977	28	792	961	962
16850	28	465	961	962
30861	28	251	961	962
15189	28	1923	961	962
94027	28	1410	961	962
4874	28	1374	961	962
76296	28	3092	961	962
15033	28	627	961	962
76171	28	47611	961	962
10865	28	1049	961	962
81159	28	22160	961	962
19694	28	14672	961	962
37758	28	565	961	962
7431	28	123	961	962
8776	28	1317	961	962
21480	28	596	961	962
15632	28	793	961	962
15269	28	4769	961	962
32116	28	474	961	962
68234	28	2672	961	962
22995	28	1047	961	962
9906	28	134	961	962
13825	28	951	961	962
29711	28	718	961	962
31525	28	803	961	962
64447	28	4407	961	962
96577	28	646	961	962
19963	28	1047	961	962
59352	28	719	961	962
100240	28	2097	961	962
21048	28	985	961	962
39088	28	1107	961	962
58387	28	2604	961	962
59570	28	5650	961	962
13068	28	105	961	962
14173	28	2409	961	962
19821	28	2093	961	962
109117	28	8173	961	962
15684	28	674	961	962
38332	28	144	961	962
35486	28	456	961	962
19180	28	6425	961	962
54075	28	1708	961	962
25864	28	398	961	962
4855	28	423	961	962
44067	28	347	961	962
27625	28	3884	961	962
16923	28	323	961	962
69900	28	1055	961	962
20595	28	612	961	962
14582	28	1026	961	962
73721	28	1981	961	962
26965	28	1379	961	962
5401	28	533	961	962
17911	28	2086	961	962
5251	28	56	961	962
15730	28	485	961	962
77722	28	897	961	962
81153	28	392	961	962
26779	28	3414	961	962
49150	28	1725	961	962
10440	28	31	961	962
18169	28	1455	961	962
20409	28	78	961	962
72753	28	1213	961	962
15755	28	716	961	962
23436	28	1351	961	962
15948	28	1005	961	962
38178	28	888	961	962
30108	28	509	961	962
18258	28	1656	961	962
6627	28	3047	961	962
6579	28	670	961	962
54212	28	1659	961	962
33231	28	575	961	962
21381	28	13976	961	962
37920	28	971	961	962
30062	28	1296	961	962
51758	28	2033	961	962
50477	28	1152	961	962
20797	28	991	961	962
10548	28	971	961	962
9136	28	598	961	962
59156	28	616	961	962
42183	28	1423	961	962
7259	28	48	961	962
53160	28	2300	961	962
50796	28	2105	961	962
12239	28	44051	961	962
23759	28	2172	961	962
82734	28	2672	961	962
6688	28	107	961	962
15933	28	752	961	962
21681	28	2639	961	962
29399	28	1041	961	962
38104	28	1098	961	962
74575	28	39129	961	962
93817	28	3811	961	962
73970	28	1744	961	962
12383	28	3235	961	962
44084	28	1193	961	962
32906	28	5171	961	962
13524	28	1830	961	962
55637	28	781	961	962
53489	28	32217	961	962
9175	28	740	961	962
24466	28	1666	961	962
15584	28	659	961	962
44063	28	511	961	962
15497	28	132	961	962
9439	28	630	961	962
42794	28	2338	961	962
16436	28	635	961	962
126525	28	496	961	962
27679	28	2152	961	962
36558	28	1012	961	962
35332	28	525	961	962
10555	28	625	961	962
24118	28	152	961	962
44122	28	3151	961	962
3874	28	86	961	962
38119	28	353	961	962
9276	28	716	961	962
51103	28	871	961	962
17439	28	416	961	962
63650	28	901	961	962
63199	28	3949	961	962
29278	28	59319	961	962
24214	28	1660	961	962
29515	28	418	961	962
123464	28	45	961	962
12236	28	839	961	962
8248	28	1519	961	962
9677	28	1288	961	962
44124	28	417	961	962
53569	28	49	961	962
54780	28	2154	961	962
13339	28	2185	961	962
23264	28	994	961	962
78742	28	1698	961	962
12902	28	280	961	962
20674	28	940	961	962
75200	28	2097	961	962
51200	28	6018	961	962
26561	28	1167	961	962
18443	28	402	961	962
55233	28	1055	961	962
25856	28	1778	961	962
12390	28	150	961	962
5777	28	120	961	962
37953	28	2234	961	962
10366	28	2668	961	962
41694	28	669	961	962
39369	28	622	961	962
56076	28	3959	961	962
35572	28	738	961	962
24913	28	5107	961	962
126828	28	2602	961	962
70602	28	2604	961	962
51235	28	236	961	962
44241	28	1806	961	962
38232	28	803	961	962
80321	28	4724	961	962
32198	28	136	961	962
12764	28	265	961	962
19310	28	107	961	962
14155	28	1035	961	962
30150	28	542	961	962
40616	28	535	961	962
78529	28	12982	961	962
12969	28	1082	961	962
70730	28	3551	961	962
88009	28	1283	961	962
57674	28	4179	961	962
26988	28	1954	961	962
16046	28	295	961	962
28595	28	2908	961	962
29610	28	259	961	962
66687	28	916	961	962
7017	28	99	961	962
67600	28	2413	961	962
12929	28	963	961	962
64514	28	5279	961	962
8751	28	1543	961	962
64429	28	2247	961	962
102266	28	860	961	962
38198	28	103	961	962
18160	28	273	961	962
7681	28	132	961	962
49171	28	18464	961	962
57016	28	1644	961	962
53599	28	877	961	962
93808	28	557	961	962
32838	28	5432	961	962
69300	28	2052	961	962
76633	28	2004	961	962
99878	28	1803	961	962
35742	28	336	961	962
59537	28	1692	961	962
16069	28	77	961	962
18331	28	482	961	962
15426	28	6010	961	962
94526	28	7218	961	962
21153	28	159	961	962
9143	28	220	961	962
49802	28	1124	961	962
38076	28	1230	961	962
81600	28	1076	961	962
33601	28	1004	961	962
21451	28	610	961	962
39125	28	627	961	962
17286	28	104	961	962
19224	28	770	961	962
9562	28	112	961	962
29912	28	2563	961	962
105415	28	357	961	962
68991	28	2146	961	962
73569	28	1023	961	962
104677	28	1127	961	962
55024	28	2218	961	962
126466	28	1018	961	962
39294	28	4865	961	962
39324	28	1527	961	962
22561	28	423	961	962
42597	28	2347	961	962
21548	28	992	961	962
87214	28	1530	961	962
20596	28	974	961	962
76838	28	4533	961	962
15222	28	1150	961	962
9990	28	808	961	962
75077	28	12392	961	962
10972	28	63	961	962
68324	28	1147	961	962
17829	28	1138	961	962
86552	28	1147	961	962
38385	28	1124	961	962
53388	28	9748	961	962
15203	28	1333	961	962
53991	28	1749	961	962
19853	28	478	961	962
25949	28	2270	961	962
20434	28	1232	961	962
17843	28	449	961	962
45766	28	875	961	962
109918	28	1095	961	962
14929	28	4480	961	962
10540	28	452	961	962
86397	28	647	961	962
6895	28	732	961	962
11445	28	6492	961	962
45207	28	1237	961	962
46431	28	1120	961	962
17408	28	826	961	962
42694	28	1007	961	962
90614	28	1052	961	962
79570	28	3207	961	962
19659	28	416	961	962
15014	28	206	961	962
12205	28	3597	961	962
22479	28	1155	961	962
9384	28	66	961	962
66688	28	2475	961	962
26423	28	482	961	962
12504	28	752	961	962
10031	28	1163	961	962
29429	28	23	961	962
46235	28	478	961	962
16581	28	87	961	962
15364	28	1990	961	962
20126	28	1116	961	962
22741	28	1600	961	962
25664	28	311	961	962
38277	28	486	961	962
74167	28	1831	961	962
17605	28	616	961	962
11564	28	56	961	962
24642	28	406	961	962
10951	28	842	961	962
16541	28	110	961	962
89029	28	2158	961	962
51534	28	1097	961	962
94185	28	1725	961	962
22367	28	2100	961	962
44102	28	2007	961	962
17778	28	309	961	962
61396	28	2829	961	962
24473	28	289	961	962
58150	28	1471	961	962
20122	28	179	961	962
38443	28	905	961	962
10873	28	890	961	962
24884	28	1030	961	962
17675	28	3395	961	962
15904	28	114	961	962
21080	28	1092	961	962
74461	28	2040	961	962
125404	28	1660	961	962
34206	28	624	961	962
9865	28	205	961	962
9695	28	1025	961	962
12470	28	696	961	962
19405	28	1537	961	962
44446	28	735	961	962
81255	28	462	961	962
29140	28	485	961	962
113214	28	1596	961	962
22919	28	1772	961	962
31261	28	11092	961	962
84802	28	10874	961	962
14942	28	152	961	962
35225	28	1084	961	962
7806	28	478	961	962
7274	28	11857	961	962
20973	28	659	961	962
5759	28	423	961	962
76486	28	9338	961	962
83166	28	4281	961	962
19453	28	235	961	962
28609	28	1619	961	962
21469	28	1288	961	962
11588	28	797	961	962
13582	28	988	961	962
75846	28	1058	961	962
12430	28	282	961	962
41143	28	1793	961	962
12514	28	416	961	962
9609	28	568	961	962
22766	28	1123	961	962
11555	28	1840	961	962
65853	28	62256	961	962
27345	28	435	961	962
17255	28	1611	961	962
73884	28	565	961	962
102249	28	759	961	962
13379	28	1397	961	962
9531	28	158	961	962
43998	28	825	961	962
17941	28	186	961	962
8194	28	1097	961	962
14512	28	176	961	962
29405	28	2145	961	962
30522	28	971	961	962
23645	28	621	961	962
9264	28	967	961	962
27488	28	1762	961	962
28879	28	11695	961	962
64760	28	875	961	962
110415	28	751	961	962
81762	28	81763	961	962
19018	28	924	961	962
36053	28	205	961	962
75063	28	2745	961	962
55984	28	793	961	962
97612	28	25582	961	962
14817	28	795	961	962
33446	28	25404	961	962
4254	28	215	961	962
20244	28	573	961	962
18493	28	1634	961	962
40992	28	1024	961	962
7073	28	1163	961	962
55559	28	1536	961	962
10032	28	536	961	962
18392	28	293	961	962
15156	28	408	961	962
90104	28	2621	961	962
60639	28	1576	961	962
60035	28	9341	961	962
29040	28	5740	961	962
14453	28	1084	961	962
49314	28	1524	961	962
11499	28	2467	961	962
9319	28	119	961	962
14028	28	304	961	962
33505	28	1185	961	962
9370	28	255	961	962
46636	28	347	961	962
60686	28	37	961	962
6241	28	289	961	962
9230	28	485	961	962
38222	28	421	961	962
37357	28	787	961	962
36999	28	7572	961	962
13241	28	714	961	962
15252	28	482	961	962
62263	28	1158	961	962
36029	28	1336	961	962
44633	28	1572	961	962
46075	28	3449	961	962
19993	28	290	961	962
9379	28	64	961	962
10216	28	2668	961	962
14839	28	1731	961	962
34352	28	2908	961	962
17419	28	478	961	962
18257	28	875	961	962
73448	28	4011	961	962
28470	28	686	961	962
122771	28	102749	961	962
52949	28	1269	961	962
44574	28	1471	961	962
6669	28	1047	961	962
21791	28	261	961	962
42265	28	486	961	962
31305	28	2659	961	962
54192	28	925	961	962
5450	28	490	961	962
11350	28	236	961	962
20119	28	129	961	962
5452	28	80	961	962
13570	28	4017	961	962
28521	28	507	961	962
24004	28	1524	961	962
21276	28	467	961	962
8056	28	1608	961	962
16137	28	1257	961	962
74070	28	2061	961	962
11275	28	1455	961	962
10487	28	259	961	962
106787	28	1390	961	962
23393	28	140	961	962
10936	28	486	961	962
37222	28	575	961	962
93979	28	3212	961	962
80842	28	1455	961	962
5402	28	353	961	962
21660	28	1833	961	962
25376	28	1336	961	962
92873	28	1196	961	962
28500	28	746	961	962
25144	28	575	961	962
37971	28	735	961	962
24080	28	346	961	962
49239	28	3637	961	962
81236	28	954	961	962
18020	28	203	961	962
51013	28	927	961	962
26945	28	2198	961	962
92396	28	60357	961	962
19187	28	1257	961	962
13577	28	158	961	962
24213	28	147	961	962
59129	28	619	961	962
20295	28	7474	961	962
79283	28	1304	961	962
13303	28	707	961	962
39272	28	1672	961	962
71372	28	1364	961	962
17071	28	334	961	962
6816	28	1047	961	962
53852	28	3242	961	962
5717	28	421	961	962
19866	28	1755	961	962
28717	28	1397	961	962
16417	28	1675	961	962
7237	28	511	961	962
11967	28	1122	961	962
22268	28	406	961	962
56041	28	4854	961	962
16262	28	123	961	962
32872	28	501	961	962
8685	28	44	961	962
38848	28	107307	961	962
49608	28	1052	961	962
30352	28	686	961	962
7787	28	80	961	962
9608	28	1526	961	962
5069	28	451	961	962
34107	28	523	961	962
10595	28	686	961	962
9620	28	554	961	962
59753	28	914	961	962
29151	28	3395	961	962
19866	28	1455	961	962
18408	28	318	961	962
41202	28	755	961	962
44452	28	634	961	962
80591	28	1186	961	962
58821	28	415	961	962
22144	28	337	961	962
14478	28	64	961	962
18511	28	3834	961	962
12401	28	691	961	962
21600	28	951	961	962
30774	28	1088	961	962
59475	28	1672	961	962
18064	28	980	961	962
19117	28	509	961	962
15951	28	1762	961	962
36665	28	63	961	962
18918	28	500	961	962
13134	28	808	961	962
25401	28	111	961	962
60934	28	1962	961	962
13398	28	159	961	962
31936	28	481	961	962
40503	28	313	961	962
41917	28	502	961	962
27905	28	2175	961	962
40954	28	5279	961	962
27591	28	1304	961	962
11880	28	461	961	962
52768	28	885	961	962
44816	28	927	961	962
9525	28	617	961	962
19166	28	351	961	962
6205	28	6432	961	962
9600	28	912	961	962
50938	28	3403	961	962
15514	28	653	961	962
37659	28	482	961	962
58145	28	502	961	962
57001	28	1557	961	962
26845	28	1325	961	962
17998	28	255	961	962
8580	28	291	961	962
14034	28	451	961	962
18027	28	411	961	962
92346	28	2602	961	962
100512	28	1758	961	962
16196	28	1840	961	962
11539	28	1052	961	962
11045	28	58	961	962
59562	28	412	961	962
53262	28	8165	961	962
69111	28	3331	961	962
14404	28	153	961	962
56379	28	992	961	962
25437	28	1142	961	962
5712	28	61	961	962
62339	28	2226	961	962
30426	28	18584	961	962
108649	28	5279	961	962
110917	28	2872	961	962
89900	28	1407	961	962
23224	28	47	961	962
15110	28	86	961	962
21587	28	397	961	962
31338	28	3678	961	962
45608	28	2728	961	962
24701	28	1741	961	962
68292	28	2126	961	962
21164	28	433	961	962
18184	28	1589	961	962
43404	28	1077	961	962
44145	28	1048	961	962
14334	28	277	961	962
15221	28	51	961	962
27765	28	2386	961	962
82490	28	3265	961	962
29831	28	1325	961	962
36123	28	1617	961	962
22341	28	49306	961	962
57510	28	673	961	962
19774	28	2773	961	962
7845	28	1909	961	962
10924	28	1644	961	962
14497	28	1416	961	962
81241	28	2040	961	962
51332	28	1860	961	962
26511	28	795	961	962
24585	28	2426	961	962
87200	28	427	961	962
59512	28	1508	961	962
24616	28	2274	961	962
12468	28	22755	961	962
48068	28	830	961	962
47751	28	1653	961	962
13650	28	298	961	962
57549	28	35748	961	962
10049	28	3174	961	962
16272	28	6568	961	962
96354	28	1460	961	962
101979	28	42327	961	962
39514	28	1426	961	962
32902	28	696	961	962
28028	28	911	961	962
50446	28	3936	961	962
26360	28	1185	961	962
91089	28	1532	961	962
20363	28	595	961	962
41072	28	27284	961	962
109285	28	357	961	962
80273	28	2997	961	962
11894	28	470	961	962
47693	28	3648	961	962
18250	28	2649	961	962
32236	28	1227	961	962
31679	28	2489	961	962
39214	28	4917	961	962
16154	28	811	961	962
21248	28	832	961	962
39804	28	24342	961	962
28831	28	2412	961	962
9188	28	132	961	962
50657	28	490	961	962
27540	28	1557	961	962
86502	28	34133	961	962
13101	28	558	961	962
43245	28	3642	961	962
11100	28	2611	961	962
32684	28	793	961	962
95409	28	54120	961	962
111105	28	2777	961	962
123423	28	527	961	962
92035	28	3503	961	962
7783	28	334	961	962
121163	28	24650	961	962
30030	28	232	961	962
44713	28	315	961	962
33068	28	442	961	962
65900	28	797	961	962
33005	28	71	961	962
16206	28	107	961	962
66730	28	574	961	962
60925	28	4277	961	962
24671	28	63	961	962
26799	28	99	961	962
7048	28	558	961	962
8000	28	3561	961	962
21887	28	1165	961	962
148613	28	51736	961	962
19128	28	490	961	962
9085	28	627	961	962
94567	28	649	961	962
69980	28	10833	961	962
7904	28	758	961	962
21432	28	2199	961	962
11299	28	401	961	962
18209	28	123	961	962
6207	28	332	961	962
18218	28	3219	961	962
36584	28	13881	961	962
85439	28	1367	961	962
28520	28	3144	961	962
23095	28	193	961	962
25319	28	614	961	962
35168	28	1262	961	962
46813	28	1640	961	962
25929	28	5279	961	962
26391	28	897	961	962
41640	28	3868	961	962
65656	28	2583	961	962
30823	28	2078	961	962
18910	28	2138	961	962
13983	28	110	961	962
31236	28	8819	961	962
26155	28	708	961	962
16283	28	92	961	962
71786	28	759	961	962
71339	28	22569	961	962
14757	28	435	961	962
11429	28	602	961	962
56617	28	3395	961	962
94559	28	2467	961	962
49606	28	2607	961	962
11317	28	110	961	962
49596	28	1402	961	962
22004	28	199	961	962
28828	28	1112	961	962
41192	28	7587	961	962
19571	28	1666	961	962
18035	28	591	961	962
6653	28	533	961	962
69857	28	42	961	962
15886	28	1617	961	962
11760	28	1084	961	962
70361	28	742	961	962
17074	28	437	961	962
108985	28	1238	961	962
15757	28	1008	961	962
37277	28	2992	961	962
31130	28	2503	961	962
15725	28	669	961	962
44668	28	1898	961	962
37899	28	1762	961	962
88889	28	1816	961	962
85479	28	54570	961	962
13477	28	1324	961	962
9038	28	169	961	962
8802	28	404	961	962
88102	28	840	961	962
16796	28	803	961	962
49985	28	3500	961	962
64583	28	871	961	962
48338	28	1571	961	962
6474	28	1081	961	962
29406	28	3396	961	962
19255	28	99	961	962
15664	28	66	961	962
28490	28	780	961	962
12170	28	1779	961	962
46997	28	960	961	962
31941	28	224	961	962
18089	28	1081	961	962
8516	28	321	961	962
23384	28	720	961	962
16913	28	647	961	962
25416	28	1651	961	962
150833	28	903	961	962
12954	28	2113	961	962
6146	28	489	961	962
14376	28	196	961	962
50047	28	334	961	962
26001	28	170	961	962
36837	28	205	961	962
18212	28	899	961	962
42165	28	889	961	962
39397	28	43	961	962
38603	28	1101	961	962
24443	28	1741	961	962
7201	28	1257	961	962
61301	28	2705	961	962
21219	28	100	961	962
9656	28	1374	961	962
49820	28	12418	961	962
23202	28	607	961	962
5716	28	551	961	962
15132	28	288	961	962
16819	28	474	961	962
6788	28	832	961	962
50145	28	8436	961	962
46971	28	236	961	962
27615	28	1907	961	962
82050	28	16597	961	962
20064	28	1629	961	962
24431	28	127007	961	962
33075	28	808	961	962
78655	28	455	961	962
126447	28	17438	961	962
12209	28	283	961	962
33980	28	1410	961	962
6266	28	142	961	962
70136	28	4392	961	962
18191	28	478	961	962
17907	28	325	961	962
15866	28	1623	961	962
17854	28	580	961	962
24557	28	660	961	962
7649	28	78	961	962
24649	28	283	961	962
63516	28	3242	961	962
28663	28	1032	961	962
32905	28	675	961	962
76431	28	303	961	962
19042	28	496	961	962
16238	28	12270	961	962
16600	28	1221	961	962
54138	28	3345	961	962
60456	28	1193	961	962
23808	28	2569	961	962
57507	28	2024	961	962
34140	28	215	961	962
6358	28	36	961	962
90776	28	1598	961	962
28907	28	144	961	962
14701	28	313	961	962
8756	28	1912	961	962
57160	28	248	961	962
12070	28	416	961	962
22560	28	2975	961	962
8399	28	419	961	962
43543	28	415	961	962
32945	28	404	961	962
94546	28	7641	961	962
41871	28	1027	961	962
102964	28	1589	961	962
13442	28	628	961	962
82343	28	454	961	962
12674	28	222	961	962
17311	28	76	961	962
15029	28	1977	961	962
73103	28	6273	961	962
12025	28	256	961	962
49391	28	478	961	962
70798	28	6016	961	962
104621	28	18653	961	962
9788	28	1231	961	962
37384	28	2053	961	962
10773	28	1242	961	962
37245	28	1249	961	962
8834	28	1773	961	962
79024	28	714	961	962
106235	28	1465	961	962
99645	28	1351	961	962
67894	28	2189	961	962
24757	28	926	961	962
65646	28	1728	961	962
6868	28	167	961	962
15790	28	140	961	962
80967	28	1193	961	962
66645	28	445	961	962
6144	28	751	961	962
66489	28	1938	961	962
21589	28	1159	961	962
10206	28	1181	961	962
8576	28	602	961	962
91852	28	3151	961	962
76212	28	1803	961	962
72213	28	3002	961	962
70358	28	994	961	962
23778	28	1007	961	962
53391	28	3058	961	962
45967	28	1624	961	962
13517	28	988	961	962
35208	28	673	961	962
21133	28	49	961	962
49146	28	193	961	962
14867	28	357	961	962
70211	28	313	961	962
67465	28	357	961	962
28803	28	1028	961	962
7025	28	725	961	962
9565	28	185	961	962
47186	28	1693	961	962
46409	28	16189	961	962
110763	28	2848	961	962
81786	28	1084	961	962
30297	28	48	961	962
16949	28	490	961	962
92312	28	4345	961	962
32087	28	989	961	962
23716	28	1231	961	962
12696	28	531	961	962
109525	28	1741	961	962
11475	28	33	961	962
10004	28	135	961	962
40217	28	36	961	962
107067	28	2475	961	962
5992	28	995	961	962
6821	28	101	961	962
28038	28	703	961	962
7099	28	985	961	962
75709	28	1091	961	962
9875	28	421	961	962
11744	28	855	961	962
11176	28	557	961	962
21626	28	1423	961	962
71372	28	1410	961	962
109312	28	139	961	962
40818	28	821	961	962
19969	28	911	961	962
27303	28	153	961	962
12426	28	150	961	962
55454	28	2773	961	962
30075	28	2048	961	962
64644	28	1655	961	962
37392	28	383	961	962
44257	28	220	961	962
65115	28	1002	961	962
60139	28	476	961	962
76970	28	18815	961	962
16263	28	45	961	962
18688	28	283	961	962
67295	28	337	961	962
38296	28	1466	961	962
104746	28	205	961	962
25139	28	319	961	962
94303	28	134	961	962
17718	28	422	961	962
70242	28	13499	961	962
28435	28	1966	961	962
25683	28	351	961	962
9874	28	770	961	962
9491	28	118	961	962
33872	28	565	961	962
60213	28	477	961	962
5830	28	38	961	962
64416	28	1741	961	962
83022	28	486	961	962
9407	28	556	961	962
38716	28	1030	961	962
29492	28	1053	961	962
27432	28	896	961	962
15437	28	1053	961	962
15700	28	732	961	962
16561	28	112	961	962
18595	28	3039	961	962
43031	28	2518	961	962
93342	28	1576	961	962
20351	28	1131	961	962
8703	28	578	961	962
44481	28	3318	961	962
55929	28	2270	961	962
11411	28	71	961	962
17546	28	882	961	962
77151	28	5354	961	962
49696	28	6543	961	962
17943	28	1666	961	962
37917	28	691	961	962
36601	28	3522	961	962
41583	28	14617	961	962
65163	28	3299	961	962
10089	28	1785	961	962
81120	28	2602	961	962
60052	28	134	961	962
30022	28	1421	961	962
72165	28	1251	961	962
11507	28	39	961	962
50243	28	1413	961	962
20702	28	49218	961	962
52032	28	2159	961	962
17924	28	89	961	962
6975	28	234	961	962
36541	28	1965	961	962
40637	28	1727	961	962
12471	28	575	961	962
32212	28	2795	961	962
30533	28	478	961	962
7867	28	1414	961	962
55100	28	647	961	962
81254	28	1099	961	962
19823	28	486	961	962
9263	28	716	961	962
35793	28	1099	961	962
26991	28	1195	961	962
55270	28	524	961	962
28057	28	826	961	962
75709	28	1266	961	962
109610	28	18340	961	962
84767	28	1010	961	962
100474	28	5385	961	962
54300	28	17698	961	962
23234	28	1887	961	962
12298	28	238	961	962
54769	28	1725	961	962
45671	28	2682	961	962
64016	28	605	961	962
14721	28	1530	961	962
12434	28	1275	961	962
19888	28	217	961	962
73493	28	1056	961	962
24107	28	283	961	962
17936	28	699	961	962
28551	28	273	961	962
14352	28	1899	961	962
13257	28	185	961	962
23035	28	806	961	962
16498	28	266	961	962
13731	28	680	961	962
16091	23	29449	961	962
29449	23	16091	961	962
18587	28	897	961	962
7406	28	309	961	962
5393	28	405	961	962
48878	28	33413	961	962
19838	28	2467	961	962
23144	28	24	961	962
12536	28	391	961	962
93587	28	1405	961	962
15346	28	1466	961	962
34070	28	134	961	962
27614	28	303	961	962
9723	28	205	961	962
10423	28	57771	961	962
48852	28	6410	961	962
46465	28	2737	961	962
70310	28	789	961	962
51586	28	988	961	962
38622	28	5758	961	962
70000	28	409	961	962
17170	28	558	961	962
33927	28	411	961	962
80588	28	3323	961	962
11031	28	149	961	962
19856	28	1556	961	962
13429	28	277	961	962
14141	28	855	961	962
8858	28	1461	961	962
18111	28	1014	961	962
24755	28	280	961	962
95184	28	196	961	962
50449	28	333	961	962
17865	28	757	961	962
91824	28	1691	961	962
80837	28	2234	961	962
24114	28	860	961	962
19212	28	686	961	962
32869	28	222	961	962
74324	28	1868	961	962
107595	28	6423	961	962
18140	28	889	961	962
24639	28	1221	961	962
12582	28	923	961	962
22025	28	1073	961	962
103676	28	12755	961	962
106866	28	1093	961	962
9704	28	2923	961	962
59873	28	1267	961	962
37768	28	2048	961	962
9337	28	36	961	962
40227	28	1007	961	962
8362	28	1257	961	962
36881	28	436	961	962
11608	28	1153	961	962
20707	28	1532	961	962
21818	28	9341	961	962
91260	28	2096	961	962
12505	28	38	961	962
19990	28	1035	961	962
21849	28	248	961	962
10246	28	3268	961	962
22772	28	378	961	962
35521	28	235	961	962
19823	28	1571	961	962
25426	28	720	961	962
25412	28	136	961	962
69547	28	2848	961	962
16271	28	441	961	962
95412	28	4164	961	962
64518	28	574	961	962
17623	28	88	961	962
35530	28	4809	961	962
20149	28	1554	961	962
49430	28	1543	961	962
124343	28	64270	961	962
16402	28	1311	961	962
90913	28	31722	961	962
84767	28	1095	961	962
5393	28	147	961	962
84344	28	5075	961	962
7489	28	656	961	962
20205	28	3078	961	962
37836	28	430	961	962
17124	28	174	961	962
30295	28	1112	961	962
81321	28	2198	961	962
33068	28	254	961	962
11894	28	1777	961	962
7828	28	1532	961	962
44803	28	298	961	962
38125	28	42	961	962
57792	28	8436	961	962
11902	28	1961	961	962
9670	28	1153	961	962
24170	28	465	961	962
6343	28	423	961	962
18416	28	1097	961	962
13203	28	366	961	962
56668	28	3148	961	962
6650	28	503	961	962
11479	28	757	961	962
82290	28	38010	961	962
48979	28	4613	961	962
19428	28	1938	961	962
93163	28	261	961	962
40679	28	1417	961	962
76243	28	1467	961	962
11590	28	58	961	962
8502	28	2050	961	962
18722	28	498	961	962
65391	28	3109	961	962
77305	28	2602	961	962
54559	28	435	961	962
87457	28	565	961	962
20621	28	4235	961	962
6544	28	27456	961	962
51912	28	1296	961	962
15922	28	1444	961	962
38393	28	210	961	962
41280	28	680	961	962
30977	28	5296	961	962
48900	28	1161	961	962
129054	28	2004	961	962
34637	28	1053	961	962
12585	28	798	961	962
19852	28	391	961	962
59725	28	2128	961	962
28570	28	1336	961	962
17836	28	482	961	962
12078	28	871	961	962
9108	28	136	961	962
62655	28	2735	961	962
49961	28	25582	961	962
12774	28	707	961	962
69723	28	83	961	962
34724	28	257	961	962
75317	28	1652	961	962
44229	28	449	961	962
26655	28	42835	961	962
22650	28	780	961	962
7186	28	673	961	962
22744	28	1467	961	962
39175	28	751	961	962
19940	28	1809	961	962
31955	28	1296	961	962
5254	28	610	961	962
65216	28	789	961	962
52350	28	123	961	962
8262	28	478	961	962
28851	28	757	961	962
23616	28	58	961	962
14479	28	616	961	962
20819	28	607	961	962
60105	28	2014	961	962
31358	28	2113	961	962
14165	28	888	961	962
7885	28	962	961	962
51292	28	910	961	962
26721	28	206	961	962
22047	28	295	961	962
29203	28	1068	961	962
20585	28	153	961	962
28463	28	105	961	962
28562	28	786	961	962
33221	28	1839	961	962
16854	28	309	961	962
178157	28	2724	961	962
59696	28	2846	961	962
82059	28	802	961	962
36954	28	882	961	962
9005	28	15637	961	962
12090	28	927	961	962
8401	28	124	961	962
47905	28	3125	961	962
8392	28	345	961	962
27720	28	659	961	962
19230	28	114	961	962
11071	28	994	961	962
35661	28	31	961	962
20502	28	245	961	962
53520	28	350	961	962
22039	28	211	961	962
23832	28	16	961	962
44475	28	205	961	962
75800	28	3144	961	962
51109	28	34728	961	962
72998	28	5279	961	962
12048	28	445	961	962
82076	28	1527	961	962
33214	28	555	961	962
17720	28	1628	961	962
27476	28	74	961	962
16344	28	4589	961	962
12749	28	496	961	962
95657	28	3435	961	962
5991	28	568	961	962
62157	28	404	961	962
108220	28	303	961	962
46857	28	681	961	962
28691	28	524	961	962
37530	28	1709	961	962
5976	28	799	961	962
16880	28	351	961	962
44004	28	49	961	962
6941	28	215	961	962
63645	28	1053	961	962
81753	28	819	961	962
79740	28	351	961	962
20388	28	280	961	962
15671	28	641	961	962
19979	28	1080	961	962
17612	28	272	961	962
9743	28	38	961	962
38673	28	4581	961	962
5707	28	47	961	962
10954	28	44	961	962
32226	28	1192	961	962
15599	28	378	961	962
16219	28	1653	961	962
41380	28	2808	961	962
18223	28	1664	961	962
12461	28	337	961	962
6693	28	478	961	962
58632	28	73	961	962
51632	28	18654	961	962
8661	28	2376	961	962
79222	28	1609	961	962
75717	28	5520	961	962
106119	28	2097	961	962
28217	28	707	961	962
51388	28	16107	961	962
24743	28	795	961	962
17349	28	2398	961	962
20057	28	1333	961	962
103178	28	37180	961	962
10716	28	514	961	962
29956	28	524	961	962
44947	28	1506	961	962
58143	28	897	961	962
26373	28	42984	961	962
7448	28	142	961	962
13539	28	1230	961	962
10411	28	30	961	962
8454	28	364	961	962
36217	28	995	961	962
20864	28	1061	961	962
35444	28	57	961	962
80788	28	1650	961	962
13561	28	295	961	962
49172	28	1426	961	962
52406	28	2218	961	962
32223	28	65	961	962
6587	28	748	961	962
80330	28	8531	961	962
26734	28	1923	961	962
64197	28	71	961	962
51455	28	478	961	962
22581	28	318	961	962
79315	28	1025	961	962
8315	28	78	961	962
65182	28	5115	961	962
27214	28	313	961	962
5076	28	16	961	962
5807	28	186	961	962
9613	28	254	961	962
11897	28	673	961	962
9787	28	1308	961	962
23697	28	179	961	962
81889	28	1214	961	962
102144	28	1137	961	962
85480	28	9879	961	962
13837	28	408	961	962
55084	28	910	961	962
36893	28	95	961	962
40703	28	3242	961	962
8628	28	5354	961	962
69851	28	1773	961	962
5126	28	518	961	962
79035	28	9338	961	962
28483	28	1296	961	962
62883	28	1981	961	962
68933	28	2346	961	962
42578	28	1833	961	962
15835	28	3212	961	962
31352	28	632	961	962
14642	28	289	961	962
20559	28	2093	961	962
21439	28	223	961	962
21141	28	2097	961	962
27680	28	888	961	962
86065	28	483	961	962
18154	28	321	961	962
35798	28	1159	961	962
104878	28	17986	961	962
12083	28	465	961	962
8543	28	74	961	962
31045	28	493	961	962
26631	28	1514	961	962
55356	28	1395	961	962
17828	28	708	961	962
62693	28	835	961	962
8028	28	1779	961	962
33025	28	434	961	962
30182	28	7118	961	962
19796	28	894	961	962
46410	28	719	961	962
15730	28	355	961	962
71886	28	1531	961	962
7078	28	1245	961	962
19406	28	2189	961	962
24471	28	1785	961	962
73158	28	2414	961	962
28605	28	732	961	962
14016	28	1365	961	962
38034	28	1061	961	962
28641	28	1269	961	962
14355	28	583	961	962
60468	28	766	961	962
76163	28	482	961	962
10072	28	344	961	962
18092	28	2024	961	962
16262	28	470	961	962
14024	28	33	961	962
17506	28	707	961	962
7160	28	1549	961	962
71931	28	2687	961	962
69325	28	232	961	962
20190	28	3632	961	962
94954	28	2553	961	962
44905	28	1688	961	962
76158	28	2689	961	962
13316	28	16	961	962
9778	28	320	961	962
36269	28	476	961	962
26769	28	1155	961	962
6464	28	354	961	962
19122	28	511	961	962
20980	28	614	961	962
10751	28	41992	961	962
13750	28	170	961	962
37077	28	483	961	962
21601	28	5153	961	962
99674	28	3642	961	962
57207	28	5852	961	962
23859	28	31617	961	962
23571	28	1461	961	962
18672	28	632	961	962
105922	28	989	961	962
11744	28	1155	961	962
51856	28	1058	961	962
85552	28	7636	961	962
10057	28	1695	961	962
18116	28	1960	961	962
12629	28	282	961	962
38149	28	319	961	962
39060	28	1568	961	962
37733	28	1082	961	962
46808	28	297	961	962
43854	28	852	961	962
29281	28	2113	961	962
48376	28	1608	961	962
51381	28	27560	961	962
64991	28	6543	961	962
15293	28	69644	961	962
22563	28	260	961	962
111041	28	8819	961	962
8472	28	185	961	962
26931	28	4976	961	962
13698	28	486	961	962
20309	28	252	961	962
7838	28	405	961	962
47897	28	3212	961	962
18960	28	109	961	962
74168	28	646	961	962
8507	28	429	961	962
19496	28	38411	961	962
28076	28	1214	961	962
98547	28	378	961	962
109363	28	659	961	962
14140	28	1402	961	962
11046	28	2397	961	962
20227	28	2135	961	962
47492	28	1101	961	962
20807	28	303	961	962
7040	28	634	961	962
62722	28	147	961	962
20723	28	1311	961	962
28211	28	2593	961	962
23078	28	215	961	962
16135	28	1199	961	962
10653	28	415	961	962
26252	28	1116	961	962
21599	28	1138	961	962
49407	28	368	961	962
111772	28	319	961	962
21455	28	171	961	962
59167	28	394	961	962
29576	28	1331	961	962
23636	28	353	961	962
6910	28	169	961	962
5979	28	126	961	962
38360	28	6894	961	962
40200	28	1860	961	962
10873	28	3321	961	962
65605	28	757	961	962
6959	28	1715	961	962
68746	28	3395	961	962
103005	28	1066	961	962
12768	28	1049	961	962
15697	28	320	961	962
9374	28	1007	961	962
82047	28	1134	961	962
58234	28	416	961	962
90654	28	881	961	962
17806	28	575	961	962
7906	28	57	961	962
7625	28	105	961	962
30571	28	666	961	962
56578	28	13412	961	962
62551	28	1112	961	962
37277	28	181	961	962
9053	28	1725	961	962
18271	28	502	961	962
67111	28	1532	961	962
120591	28	3319	961	962
14350	28	2135	961	962
79299	28	8198	961	962
110671	28	24650	961	962
13294	28	690	961	962
7305	28	298	961	962
69493	28	3269	961	962
22430	28	28238	961	962
122533	28	1127	961	962
69314	28	22476	961	962
6101	28	111	961	962
17171	28	217	961	962
23058	28	54067	961	962
65743	28	2607	961	962
44085	28	28	961	962
77051	28	1030	961	962
51443	28	337	961	962
95052	28	22431	961	962
103686	28	4676	961	962
42097	28	572	961	962
4768	28	22	961	962
43211	28	617	961	962
4587	28	210	961	962
27753	28	647	961	962
10574	28	1026	961	962
20247	28	1031	961	962
16292	28	30	961	962
29663	28	41	961	962
86648	28	483	961	962
77314	28	2956	961	962
14772	28	144	961	962
15276	28	1650	961	962
80777	28	2735	961	962
50364	28	1112	961	962
44720	28	741	961	962
13068	28	27	961	962
31142	28	250	961	962
5434	28	248	961	962
38490	28	20927	961	962
49775	28	2452	961	962
21264	28	2949	961	962
70372	28	286	961	962
28636	28	99	961	962
7752	28	160	961	962
52325	28	3449	961	962
35882	28	621	961	962
43487	28	2534	961	962
80605	28	1255	961	962
99312	28	930	961	962
50381	28	1514	961	962
17076	28	44342	961	962
19232	28	942	961	962
7364	28	20	961	962
95383	28	2644	961	962
29807	28	9814	961	962
7032	28	38	961	962
32863	28	9341	961	962
63577	28	1073	961	962
28051	28	514	961	962
39361	28	1731	961	962
18889	28	1233	961	962
108913	28	7098	961	962
29407	28	719	961	962
17308	28	332	961	962
9676	28	2122	961	962
20616	28	123	961	962
80542	28	223	961	962
74858	28	57771	961	962
34503	28	411	961	962
17124	28	1335	961	962
12542	28	2835	961	962
7058	28	107	961	962
49662	28	988	961	962
30248	28	748	961	962
44223	28	288	961	962
92916	28	927	961	962
36454	28	337	961	962
40836	28	989	961	962
33709	28	550	961	962
77418	28	1002	961	962
28841	28	1138	961	962
63320	28	1210	961	962
21175	28	758	961	962
26427	28	818	961	962
91342	28	1119	961	962
12659	28	657	961	962
11071	28	2128	961	962
27933	28	553	961	962
14119	28	159	961	962
7048	28	347	961	962
17137	28	1099	961	962
18499	28	37553	961	962
57584	28	5502	961	962
14751	28	475	961	962
4776	28	31	961	962
57070	28	560	961	962
27287	28	1007	961	962
26919	28	353	961	962
15612	28	456	961	962
92396	28	2672	961	962
83519	28	5619	961	962
21427	28	34	961	962
11350	28	624	961	962
5975	28	351	961	962
4884	28	458	961	962
9950	28	219	961	962
24810	28	4324	961	962
124796	28	2097	961	962
12406	28	4068	961	962
52257	28	1777	961	962
18165	28	927	961	962
13886	28	1556	961	962
16509	28	1335	961	962
20063	28	1628	961	962
46063	28	123	961	962
50632	28	1335	961	962
16211	28	1557	961	962
23983	28	446	961	962
54567	28	13607	961	962
51194	28	673	961	962
13181	28	234	961	962
27875	28	408	961	962
8407	28	723	961	962
10523	28	293	961	962
15997	28	76	961	962
65362	28	254	961	962
97911	28	2105	961	962
20594	28	4704	961	962
17086	28	364	961	962
13746	28	7634	961	962
5662	28	511	961	962
28700	28	455	961	962
18483	28	273	961	962
27847	28	2992	961	962
20031	28	238	961	962
38649	28	2259	961	962
57077	28	462	961	962
8030	28	231	961	962
111281	28	2152	961	962
12481	28	628	961	962
38124	28	1067	961	962
10936	28	475	961	962
7297	28	1421	961	962
15069	28	754	961	962
103402	28	72064	961	962
59768	28	2204	961	962
13826	28	818	961	962
38331	28	686	961	962
81946	28	617	961	962
25116	28	708	961	962
31067	28	1009	961	962
10095	28	1190	961	962
70340	28	837	961	962
81933	28	2593	961	962
19671	28	598	961	962
80995	28	3599	961	962
22252	28	792	961	962
26968	28	22429	961	962
54791	28	961	961	962
26551	28	9520	961	962
75385	28	3235	961	962
83027	28	1028	961	962
13561	28	1624	961	962
28739	28	1035	961	962
6735	28	134	961	962
58283	28	1660	961	962
102852	28	1455	961	962
60967	28	1643	961	962
10108	28	3637	961	962
27921	28	2185	961	962
4985	28	558	961	962
28392	28	956	961	962
63910	28	2538	961	962
60480	28	19	961	962
110848	28	1153	961	962
27079	28	5147	961	962
26374	28	66	961	962
44495	28	2849	961	962
15704	28	1047	961	962
30016	28	1632	961	962
57725	28	502	961	962
7806	28	46	961	962
18892	28	143	961	962
58814	28	531	961	962
18468	28	1138	961	962
52445	28	171	961	962
64311	28	3819	961	962
12976	28	219	961	962
23892	28	1725	961	962
20687	28	1333	961	962
89780	28	7177	961	962
12784	28	1873	961	962
68886	28	12647	961	962
22454	28	253	961	962
23518	28	1237	961	962
20076	28	170	961	962
9643	28	1097	961	962
49451	28	1935	961	962
28302	28	1676	961	962
17170	28	1409	961	962
12139	28	294	961	962
30500	28	2914	961	962
9729	28	135	961	962
93965	28	565	961	962
15998	28	5197	961	962
11239	28	2199	961	962
16671	28	575	961	962
15347	28	2026	961	962
27018	28	856	961	962
28766	28	596	961	962
13063	28	2189	961	962
81919	28	2719	961	962
7060	28	58	961	962
26562	28	133	961	962
14724	28	1325	961	962
23997	28	476	961	962
17321	28	2598	961	962
38500	28	596	961	962
72785	28	1314	961	962
111447	28	80644	961	962
18078	28	98	961	962
81458	28	41240	961	962
38062	28	185	961	962
8882	28	89	961	962
8230	28	179	961	962
16138	28	573	961	962
6059	28	91	961	962
11659	28	42	961	962
28555	28	411	961	962
13045	28	1506	961	962
6911	28	166	961	962
25646	28	757	961	962
19011	28	4422	961	962
13491	28	186	961	962
6712	28	1698	961	962
18847	28	31617	961	962
81070	28	1623	961	962
6201	28	806	961	962
82243	28	1305	961	962
107249	28	1025	961	962
67568	28	235	961	962
36634	28	23	961	962
59159	28	1074	961	962
89050	28	1576	961	962
83810	28	860	961	962
38195	28	2218	961	962
11335	28	292	961	962
10139	28	2097	961	962
67738	28	812	961	962
55373	28	3433	961	962
71624	28	679	961	962
7937	28	2397	961	962
70092	28	5153	961	962
87774	28	2089	961	962
6610	28	586	961	962
10353	28	1813	961	962
83234	28	38892	961	962
129805	28	1390	961	962
13922	28	478	961	962
7731	28	109	961	962
8875	28	152	961	962
46623	28	680	961	962
15915	28	1816	961	962
5145	28	240	961	962
84757	28	1153	961	962
15721	28	877	961	962
114885	28	1092	961	962
61245	28	675	961	962
13203	28	181	961	962
5393	28	1161	961	962
64971	28	2280	961	962
5361	28	100	961	962
5645	28	66	961	962
15884	28	1213	961	962
21589	28	2381	961	962
46004	28	805	961	962
72626	28	3001	961	962
36801	28	4524	961	962
12655	28	2608	961	962
44235	28	303	961	962
5433	28	152	961	962
67553	28	1153	961	962
10084	28	1397	961	962
102112	28	1360	961	962
57132	28	3378	961	962
5470	28	23	961	962
41750	28	15494	961	962
43487	28	1589	961	962
17282	28	1410	961	962
23105	28	877	961	962
96819	28	1460	961	962
9322	28	2011	961	962
39839	28	128179	961	962
20823	28	1730	961	962
7292	28	33	961	962
27242	28	3016	961	962
15767	28	321	961	962
50721	28	9338	961	962
10201	28	1397	961	962
30866	28	1840	961	962
28064	28	527	961	962
68477	28	40645	961	962
48091	28	2414	961	962
36084	28	1139	961	962
51011	28	829	961	962
23020	28	160	961	962
19424	28	169	961	962
19328	28	4917	961	962
21573	28	217	961	962
6589	28	583	961	962
25511	28	334	961	962
18461	28	1056	961	962
11899	28	1073	961	962
21557	28	1871	961	962
12731	28	925	961	962
24499	28	17415	961	962
53694	28	1672	961	962
98134	28	1084	961	962
26012	28	4979	961	962
18268	28	1365	961	962
37671	28	82	961	962
55327	28	2593	961	962
8468	28	2199	961	962
31288	28	1596	961	962
81028	28	673	961	962
27370	28	42	961	962
5543	28	265	961	962
130669	28	2105	961	962
9436	28	1182	961	962
32397	28	8165	961	962
122885	28	3002	961	962
14286	28	259	961	962
59960	28	1474	961	962
80854	28	2742	961	962
33148	28	2363	961	962
60855	28	1169	961	962
61443	28	4328	961	962
21041	28	104	961	962
14210	28	750	961	962
14731	28	1167	961	962
108700	28	3109	961	962
102532	28	1853	961	962
9030	28	2769	961	962
106881	28	565	961	962
33770	28	27335	961	962
26771	28	1012	961	962
11062	28	2571	961	962
40524	28	9511	961	962
13616	28	602	961	962
7647	28	10420	961	962
17708	28	1139	961	962
69874	28	4971	961	962
54014	28	537	961	962
78484	28	3245	961	962
8053	28	474	961	962
20441	28	307	961	962
48550	28	511	961	962
13647	28	169	961	962
10753	28	333	961	962
11460	28	15927	961	962
18802	28	1221	961	962
60478	28	1596	961	962
27453	28	1120	961	962
34141	28	1527	961	962
9221	28	575	961	962
122508	28	5243	961	962
101265	28	2022	961	962
21046	28	36888	961	962
51306	28	1231	961	962
15679	28	1162	961	962
66231	28	19997	961	962
91568	28	238	961	962
8930	28	180	961	962
27969	28	582	961	962
51245	28	5476	961	962
31943	28	86	961	962
23255	28	185	961	962
12704	28	223	961	962
52112	28	901	961	962
29538	28	27	961	962
68944	28	2539	961	962
8158	28	383	961	962
15747	28	259	961	962
23829	28	321	961	962
90427	28	825	961	962
92204	28	1589	961	962
51556	28	92184	961	962
10265	28	2468	961	962
16887	28	757	961	962
128622	28	919	961	962
27963	28	11330	961	962
26068	28	3268	961	962
7399	28	759	961	962
19751	28	742	961	962
27609	28	152	961	962
60403	28	1262	961	962
144285	28	756	961	962
12375	28	621	961	962
64259	28	2672	961	962
13011	28	752	961	962
30732	28	1812	961	962
16631	28	909	961	962
9570	28	283	961	962
18349	28	76	961	962
10732	28	5973	961	962
7620	28	693	961	962
8760	28	2649	961	962
78222	28	4403	961	962
25834	28	3431	961	962
8847	28	469	961	962
50366	28	64627	961	962
11342	28	17698	961	962
5961	28	1779	961	962
122505	28	7535	961	962
70820	28	1012	961	962
29566	28	1945	961	962
71638	28	3217	961	962
6169	28	51	961	962
23342	28	786	961	962
17054	28	1664	961	962
69662	28	2853	961	962
12753	28	1368	961	962
12115	28	2927	961	962
93874	28	2577	961	962
49655	28	2585	961	962
15611	28	416	961	962
33072	28	582	961	962
53166	28	633	961	962
23435	28	524	961	962
6385	28	3165	961	962
5132	28	557	961	962
14864	28	2381	961	962
68504	28	15486	961	962
52193	28	1251	961	962
24230	28	298	961	962
7338	28	298	961	962
18931	28	923	961	962
19731	28	609	961	962
114667	28	8531	961	962
33937	28	927	961	962
110307	28	3058	961	962
62509	28	679	961	962
9106	28	506	961	962
43076	28	451	961	962
61984	28	719	961	962
10649	28	2122	961	962
16209	28	3106	961	962
73076	28	1812	961	962
61462	28	501	961	962
28847	28	447	961	962
7432	28	104	961	962
15704	28	1397	961	962
22028	28	875	961	962
15656	28	24	961	962
45708	28	522	961	962
18116	28	486	961	962
130120	28	70175	961	962
47813	28	2846	961	962
16270	28	894	961	962
28569	28	124	961	962
15743	28	43	961	962
32060	28	14030	961	962
50750	28	2705	961	962
10082	28	1333	961	962
30184	28	1259	961	962
186117	28	540	961	962
35332	28	377	961	962
32220	28	1030	961	962
16089	28	1666	961	962
16275	28	170	961	962
15066	28	421	961	962
20637	28	175	961	962
31494	28	1007	961	962
26311	28	1753	961	962
35901	28	123	961	962
91066	28	223	961	962
9203	28	551	961	962
22559	28	3946	961	962
9484	28	2399	961	962
60228	28	1963	961	962
10729	28	2719	961	962
34284	28	630	961	962
106786	28	3621	961	962
67058	28	1186	961	962
7047	28	481	961	962
102407	28	455	961	962
19793	28	597	961	962
68712	28	967	961	962
57007	28	9409	961	962
20282	28	719	961	962
29731	28	931	961	962
32152	28	568	961	962
38775	28	525	961	962
7763	28	1047	961	962
67777	28	3387	961	962
95382	28	8871	961	962
34981	28	159	961	962
24685	28	13976	961	962
33557	28	1589	961	962
26093	28	469	961	962
7882	28	694	961	962
101970	28	70070	961	962
20946	28	1237	961	962
20490	28	759	961	962
12767	28	4796	961	962
17113	28	1825	961	962
38873	28	2007	961	962
6071	28	415	961	962
38413	28	485	961	962
20844	28	380	961	962
12269	28	1733	961	962
18797	28	548	961	962
32013	28	607	961	962
37232	28	1998	961	962
23707	28	702	961	962
8043	28	1819	961	962
5397	28	433	961	962
109607	28	477	961	962
6545	28	1242	961	962
10845	28	211	961	962
30813	28	890	961	962
24583	28	900	961	962
26305	28	74	961	962
62035	28	573	961	962
15122	28	1227	961	962
73253	28	1523	961	962
57861	28	530	961	962
9822	28	4745	961	962
25782	28	255	961	962
23192	28	2334	961	962
8143	28	842	961	962
47783	28	1325	961	962
84512	28	439	961	962
18235	28	486	961	962
23145	28	1308	961	962
16156	28	680	961	962
11410	28	202	961	962
69607	28	598	961	962
11587	28	1312	961	962
17666	28	232	961	962
72369	28	158	961	962
6514	28	369	961	962
38104	28	1417	961	962
13095	28	707	961	962
80856	28	3144	961	962
36872	28	242	961	962
7992	28	423	961	962
37087	28	76	961	962
59341	28	202	961	962
66694	28	797	961	962
16957	28	900	961	962
27271	28	1525	961	962
13684	28	2740	961	962
27599	28	1074	961	962
12435	28	669	961	962
109544	28	888	961	962
26222	28	150	961	962
62229	28	2644	961	962
22696	28	1413	961	962
44239	28	837	961	962
22988	28	2300	961	962
6268	28	328	961	962
8613	28	602	961	962
19262	28	580	961	962
12977	28	2974	961	962
77390	28	1464	961	962
26407	28	2414	961	962
108578	28	9338	961	962
19389	28	3156	961	962
111898	28	1174	961	962
81984	28	794	961	962
28373	28	482	961	962
49727	28	1400	961	962
6575	28	88	961	962
38195	28	1557	961	962
44448	28	1269	961	962
5156	28	78	961	962
8055	28	27	961	962
11526	28	250	961	962
61832	28	940	961	962
60175	28	1048	961	962
38891	28	104	961	962
14962	28	1022	961	962
90961	28	4634	961	962
80611	28	1410	961	962
86333	28	536	961	962
63446	28	1749	961	962
30925	28	9509	961	962
41219	28	811	961	962
18923	28	144	961	962
9612	28	1813	961	962
33198	28	881	961	962
12451	28	486	961	962
9738	28	168	961	962
18460	28	1399	961	962
48248	28	2970	961	962
32590	28	2199	961	962
21620	28	263	961	962
83257	28	3217	961	962
20655	28	1762	961	962
79236	28	2050	961	962
67726	28	1608	961	962
10554	28	22	961	962
45880	28	6909	961	962
11390	28	309	961	962
30370	28	406	961	962
10073	28	666	961	962
81782	28	330	961	962
4222	28	63	961	962
33812	28	15170	961	962
84984	28	1119	961	962
60398	28	759	961	962
56765	28	877	961	962
17333	28	855	961	962
71537	28	1965	961	962
127616	28	12755	961	962
9207	28	1749	961	962
59562	28	1292	961	962
71956	28	1650	961	962
13258	28	3936	961	962
81322	28	3073	961	962
41820	28	25841	961	962
31435	28	1644	961	962
26667	28	744	961	962
28217	28	303	961	962
64958	28	37	961	962
20216	28	2452	961	962
13079	28	406	961	962
96668	28	931	961	962
47669	28	177	961	962
11181	28	483	961	963
111914	28	1124	961	963
18555	28	161	961	963
44795	28	155	961	963
95830	28	5381	961	963
14244	28	370	961	963
38750	28	16342	961	963
33447	28	411	961	963
60766	28	1677	961	963
11355	28	1027	961	963
18648	28	720	961	963
14425	28	509	961	963
18746	28	2327	961	963
52540	28	369	961	963
39172	28	527	961	963
18960	28	1257	961	963
82830	28	39218	961	963
52673	28	614	961	963
33858	28	635	961	963
21848	28	23	961	963
70673	28	1709	961	963
14579	28	1210	961	963
61257	28	7739	961	963
19074	28	1430	961	963
82965	28	2280	961	963
21679	28	435	961	963
45500	28	95	961	963
13045	28	40	961	963
11556	28	265	961	963
96595	28	3489	961	963
16749	28	58	961	963
9223	28	778	961	963
71482	28	159	961	963
7223	28	36	961	963
45709	28	10190	961	963
52998	28	1094	961	963
22288	28	3492	961	963
13134	28	83	961	963
29544	28	1004	961	963
14505	28	481	961	963
83509	28	3074	961	963
132038	28	756	961	963
25804	28	354	961	963
39955	28	456	961	963
25852	28	553	961	963
25595	28	1692	961	963
19602	28	1519	961	963
19612	28	133	961	963
30154	28	1413	961	963
25452	28	177	961	963
72252	28	1751	961	963
11843	28	95	961	963
40158	28	1980	961	963
6287	28	261	961	963
15048	28	610	961	963
62556	28	1095	961	963
15099	28	423	961	963
13440	28	1921	961	963
61389	28	3242	961	963
53996	28	392	961	963
15131	28	1519	961	963
62686	28	6410	961	963
113950	28	4429	961	963
72702	28	1624	961	963
83992	28	752	961	963
19898	28	1651	961	963
45976	28	1264	961	963
62827	28	4729	961	963
21909	28	629	961	963
30505	28	8033	961	963
30040	28	5115	961	963
22967	28	558	961	963
35178	28	355	961	963
8776	28	486	961	963
45425	28	2412	961	963
97765	28	1741	961	963
14943	28	380	961	963
40760	28	6459	961	963
8054	28	215	961	963
15289	28	760	961	963
17421	28	5180	961	963
9728	28	1402	961	963
12766	28	976	961	963
17451	28	3206	961	963
35368	28	1145	961	963
73232	28	2234	961	963
85090	28	1266	961	963
26673	28	1903	961	963
114596	28	1504	961	963
25872	28	2666	961	963
63473	28	1311	961	963
30892	28	179	961	963
20222	28	184	961	963
21753	28	708	961	963
73538	28	261	961	963
85380	28	1435	961	963
35654	28	1009	961	963
63692	28	6135	961	963
47538	28	146	961	963
73693	28	693	961	963
85492	28	282	961	963
13708	28	1523	961	963
15502	28	188	961	963
30414	28	1093	961	963
17352	28	963	961	963
73730	28	22160	961	963
23383	28	1082	961	963
30242	28	1267	961	963
6500	28	239	961	963
31112	28	81	961	963
63912	28	888	961	963
8448	28	331	961	963
47784	28	456	961	963
13751	28	377	961	963
61239	28	710	961	963
45724	28	256	961	963
35943	28	3936	961	963
8896	28	550	961	963
35958	28	22763	961	963
41551	28	9837	961	963
64174	28	4930	961	963
39098	28	7151	961	963
5784	28	27205	961	963
15668	28	379	961	963
31434	28	841	961	963
74551	28	50	961	963
21945	28	311	961	963
13458	28	318	961	963
15484	28	610	961	963
25177	28	1833	961	963
6758	28	996	961	963
84074	28	1755	961	963
99993	28	1152	961	963
27397	28	694	961	963
30179	28	2086	961	963
42003	28	710	961	963
25832	28	363	961	963
84762	28	2740	961	963
100257	28	3765	961	963
22913	28	154	961	963
86131	28	989	961	963
22536	28	1628	961	963
10743	28	53	961	963
22601	28	72	961	963
19780	28	5606	961	963
19269	28	267	961	963
75200	28	42240	961	963
42249	28	3606	961	963
15575	28	89	961	963
14795	28	1459	961	963
31857	28	717	961	963
16491	28	5057	961	963
9132	28	175	961	963
27681	28	509	961	963
15402	28	597	961	963
11582	28	5615	961	963
23107	28	2859	961	963
23889	28	131	961	963
70473	28	48958	961	963
23913	28	3242	961	963
12520	28	14648	961	963
36899	28	1105	961	963
65613	28	2593	961	963
22187	28	70	961	963
13284	28	682	961	963
21015	28	199	961	963
16636	28	255	961	963
86872	28	22751	961	963
61647	28	75190	961	963
9265	28	1840	961	963
10804	28	571	961	963
24061	28	596	961	963
54505	28	2528	961	963
5601	28	1067	961	963
56869	28	3938	961	963
4245	28	1819	961	963
12148	28	28	961	963
18161	28	3794	961	963
62792	28	162	961	963
76135	28	431	961	963
7697	28	1160	961	963
101534	28	2968	961	963
65965	28	680	961	963
12453	28	255	961	963
42856	28	869	961	963
57017	28	960	961	963
18790	28	469	961	963
8961	28	354	961	963
11862	28	2126	961	963
13394	28	41	961	963
35965	28	4347	961	963
24156	28	47	961	963
8271	28	891	961	963
19354	28	475	961	963
57207	28	42984	961	963
88318	28	369	961	963
97387	28	1153	961	963
101942	28	1330	961	963
20826	28	67	961	963
5095	28	894	961	963
15740	28	57	961	963
9162	28	1359	961	963
7105	28	1394	961	963
25231	28	331	961	963
57398	28	21243	961	963
37395	28	1005	961	963
37411	28	241	961	963
88694	28	632	961	963
37434	28	321	961	963
8139	28	219	961	963
11492	28	732	961	963
9125	28	19	961	963
43178	28	1589	961	963
74573	28	1056	961	963
49781	28	307	961	963
136768	28	1254	961	963
18644	28	292	961	963
66601	28	1506	961	963
33363	28	2576	961	963
39007	28	1093	961	963
82595	28	9191	961	963
118443	28	679	961	963
77056	28	8531	961	963
89059	28	3583	961	963
33550	28	1243	961	963
22047	28	1653	961	963
18895	28	336	961	963
25155	28	1300	961	963
85102	28	3449	961	963
22204	28	877	961	963
66871	28	21745	961	963
112786	28	1549	961	963
89351	28	1266	961	963
29527	28	1221	961	963
29538	28	717	961	963
33981	28	1015	961	963
21986	28	1083	961	963
12771	28	33375	961	963
61706	28	360	961	963
39250	28	1172	961	963
16803	28	1824	961	963
22318	28	220	961	963
34423	28	4979	961	963
61978	28	2399	961	963
34329	28	3959	961	963
39762	28	1693	961	963
56617	28	1056	961	963
29876	28	614	961	963
22185	28	37	961	963
10544	28	228	961	963
28875	28	1783	961	963
57997	28	20481	961	963
67217	28	864	961	963
85271	28	4048	961	963
46494	28	912	961	963
9299	28	33	961	963
22645	28	297	961	963
19128	28	28	961	963
60810	28	4866	961	963
71940	28	647	961	963
14755	28	1395	961	963
53686	28	20	961	963
72322	28	914	961	963
45990	28	963	961	963
7416	28	82	961	963
8419	28	181	961	963
77998	28	1333	961	963
14602	28	593	961	963
46974	28	143	961	963
6396	28	64	961	963
47967	28	1551	961	963
13527	28	13528	961	963
104060	28	303	961	963
15249	28	2576	961	963
9690	28	57	961	963
73227	28	436	961	963
55402	28	1211	961	963
62736	28	1394	961	963
50345	28	2777	961	963
26572	28	973	961	963
54737	28	1206	961	963
17532	28	1506	961	963
20248	28	2119	961	963
63396	28	2972	961	963
56455	28	3354	961	963
17110	28	1275	961	963
35710	28	905	961	963
14440	28	707	961	963
5491	28	139	961	963
8096	28	490	961	963
35652	28	1394	961	963
13733	28	1607	961	963
35845	28	1159	961	963
10843	28	88	961	963
16537	28	1009	961	963
14691	28	591	961	963
55034	28	591	961	963
24848	28	1115	961	963
35789	28	608	961	963
12734	28	88	961	963
8739	28	686	961	963
8002	28	3100	961	963
39146	28	1034	961	963
74609	28	3676	961	963
64162	28	2666	961	963
25650	28	551	961	963
23524	28	574	961	963
17825	28	1825	961	963
39502	28	1258	961	963
64509	28	179	961	963
27308	28	117	961	963
9538	28	1340	961	963
53475	28	509	961	963
104974	28	2712	961	963
99689	28	526	961	963
47439	28	621	961	963
22006	28	427	961	963
10935	28	707	961	963
21913	28	23929	961	963
5122	28	551	961	963
5910	28	28	961	963
8805	28	158	961	963
11381	28	77	961	963
36429	28	1380	961	963
78873	28	455	961	963
64793	28	837	961	963
27510	28	2150	961	963
15810	28	883	961	963
46695	28	1531	961	963
9926	28	1840	961	963
19845	28	1176	961	963
13365	28	436	961	963
12423	28	134	961	963
36753	28	1514	961	963
42252	28	364	961	963
16532	28	34	961	963
27617	28	2125	961	963
23164	28	795	961	963
105468	28	47	961	963
18023	28	778	961	963
36367	28	959	961	963
23452	28	2859	961	963
20646	28	986	961	963
11025	28	304	961	963
65382	28	1259	961	963
30569	28	598	961	963
33962	28	65	961	963
55456	28	712	961	963
27797	28	36676	961	963
36905	28	167	961	963
47966	28	5115	961	963
19783	28	82	961	963
18102	28	1074	961	963
100947	28	4546	961	963
56620	28	703	961	963
42647	28	235	961	963
8969	28	1009	961	963
7254	28	181	961	963
17743	28	98	961	963
27833	28	2247	961	963
42616	28	378	961	963
48974	28	630	961	963
11434	28	3799	961	963
45069	28	1221	961	963
44937	28	1228	961	963
15838	28	524	961	963
31307	28	708	961	963
56423	28	1257	961	963
17881	28	618	961	963
13751	28	486	961	963
11763	28	304	961	963
26123	28	413	961	963
47371	28	28	961	963
73128	28	1532	961	963
24150	28	909	961	963
42915	28	394	961	963
15920	28	912	961	963
33967	28	1223	961	963
26108	28	1693	961	963
