14904	28	18	958	0
153753	28	2540	958	0
48900	28	110	958	0
82162	28	273	958	0
16751	28	2884	958	0
86303	28	17519	958	0
106726	14	1517	958	0
73047	28	54015	958	0
15812	28	1276	958	0
4928	28	175	958	0
79440	28	1924	958	0
153832	28	671	958	0
9381	28	65	958	0
13746	28	1311	958	0
85872	28	57	958	0
179766	14	70540	958	0
65765	28	1660	958	0
8991	28	1148	958	0
6169	28	14	958	0
39839	28	3323	958	0
41542	28	1218	958	0
7914	28	503	958	0
17506	28	9582	958	0
24524	28	188	958	0
44502	28	3135	958	0
15408	28	2185	958	0
32207	28	53	958	0
13754	28	58	958	0
89426	28	1120	958	0
5384	28	1725	958	0
36782	28	19267	958	0
65956	28	1270	958	0
30432	28	957	958	0
7060	28	56	958	0
6428	28	496	958	0
4836	28	102	958	0
38638	28	1993	958	0
7894	28	100	958	0
130053	28	1134	958	0
8190	28	1963	958	0
58107	28	1464	958	0
10251	28	674	958	0
9790	28	32	958	0
16191	28	396	958	0
27924	28	3995	958	0
49458	28	478	958	0
71559	28	5246	958	0
5294	28	86	958	0
5127	28	2261	958	0
11283	28	573	958	0
47866	28	536	958	0
23227	28	24	958	0
28967	28	1549	958	0
9135	28	478	958	0
25680	28	313	958	0
26324	28	735	958	0
29658	28	746	958	0
22296	28	4057	958	0
95035	28	407	958	0
9600	28	1434	958	0
20216	28	5524	958	0
55072	28	1754	958	0
23438	28	82143	958	0
66542	28	2980	958	0
7101	28	546	958	0
15594	28	404	958	0
60880	28	1600	958	0
13374	28	2335	958	0
111553	28	720	958	0
22613	28	835	958	0
9871	28	535	958	0
24554	28	2688	958	0
116844	28	112	958	0
23091	28	2688	958	0
73195	28	391	958	0
11945	28	360	958	0
53373	28	662	958	0
14739	28	417	958	0
44732	28	2871	958	0
19468	28	797	958	0
66124	28	1067	958	0
25563	28	523	958	0
5342	28	2912	958	0
82020	28	890	958	0
33083	28	484	958	0
23611	14	25589	958	0
8896	28	267	958	0
27984	28	802	958	0
17179	28	1190	958	0
29881	28	2216	958	0
91837	28	10385	958	0
17529	28	1214	958	0
153097	28	1289	958	0
64242	28	9210	958	0
23036	28	239	958	0
22205	28	79	958	0
60228	28	661	958	0
38930	28	888	958	0
24786	28	165	958	0
5826	28	72	958	0
34399	28	910	958	0
5976	28	2777	958	0
46477	28	1218	958	0
78896	28	911	958	0
7795	28	337	958	0
58888	14	59992	958	0
28941	28	1655	958	0
8230	28	484	958	0
66535	28	15572	958	0
55989	28	489	958	0
33480	28	1134	958	0
9087	28	2829	958	0
15747	28	1563	958	0
11926	28	100	958	0
43294	28	407	958	0
19986	28	3113	958	0
19891	28	83	958	0
17513	28	1171	958	0
55658	28	1014	958	0
4788	28	78	958	0
9865	28	1660	958	0
23817	28	2323	958	0
15692	28	238	958	0
62691	28	662	958	0
50449	28	532	958	0
125703	28	136	958	0
15903	28	485	958	0
35160	28	1990	958	0
51180	28	16602	958	0
11780	28	1629	958	0
5640	28	489	958	0
67060	28	551	958	0
92475	28	668	958	0
32459	28	71	958	0
72412	14	6176	958	0
5936	28	23	958	0
21539	28	88	958	0
7053	28	568	958	0
38065	28	421	958	0
18053	28	38	958	0
16648	28	348	958	0
32936	28	927	958	0
17192	28	2803	958	0
10244	28	485	958	0
124313	28	2011	958	0
4839	28	1772	958	0
6170	28	1720	958	0
35089	28	73	958	0
51924	28	1831	958	0
16654	28	3221	958	0
12426	28	484	958	0
21142	28	908	958	0
13930	28	86	958	0
27822	28	6080	958	0
57438	28	496	958	0
9050	28	526	958	0
13149	28	2533	958	0
35920	28	1956	958	0
13440	28	1216	958	0
12285	28	307	958	0
60494	28	1059	958	0
17634	28	4337	958	0
52014	28	5409	958	0
8216	28	3924	958	0
13817	28	1364	958	0
63067	28	410	958	0
16248	28	294	958	0
83921	28	2105	958	0
52810	28	714	958	0
10723	28	478	958	0
11808	28	760	958	0
21347	28	556	958	0
38107	28	1793	958	0
23736	28	147	958	0
87962	28	2526	958	0
22675	28	680	958	0
12362	28	337	958	0
36954	28	1345	958	0
28558	28	109	958	0
11175	28	63	958	0
21219	28	2487	958	0
28423	28	437	958	0
21130	28	119	958	0
14725	28	1152	958	0
85104	28	2910	958	0
11404	28	141	958	0
24634	28	235	958	0
52375	14	20836	958	0
8138	28	73	958	0
31087	28	477	958	0
8936	28	416	958	0
8109	28	625	958	0
74372	28	3544	958	0
12992	28	494	958	0
28584	28	3668	958	0
11131	28	620	958	0
7081	28	783	958	0
96572	28	415	958	0
13717	28	1016	958	0
6206	28	1374	958	0
14479	28	2829	958	0
8109	28	626	958	0
28617	28	34	958	0
45014	28	56	958	0
33730	28	702	958	0
18516	28	15494	958	0
96293	28	1166	958	0
47782	28	2216	958	0
28723	28	469	958	0
81994	28	10376	958	0
12545	28	5227	958	0
7626	28	1066	958	0
6959	28	1289	958	0
79396	28	811	958	0
70393	28	351	958	0
44323	28	339	958	0
36554	28	3245	958	0
43576	28	3193	958	0
38217	28	1180	958	0
77560	28	1749	958	0
20197	28	67	958	0
27809	28	13528	958	0
99122	28	6124	958	0
26953	28	7232	958	0
48154	28	2774	958	0
9793	28	109	958	0
68172	28	784	958	0
11869	28	454	958	0
14868	28	170	958	0
11224	28	1607	958	0
20779	28	623	958	0
33664	28	107	958	0
19575	28	1266	958	0
110359	14	25618	958	0
10848	28	1354	958	0
38094	28	416	958	0
50430	28	333	958	0
51279	28	2128	958	0
55325	28	191	958	0
24952	28	619	958	0
57500	28	1028	958	0
13267	28	126	958	0
66290	28	12982	958	0
5162	28	1190	958	0
26315	28	418	958	0
14289	28	72	958	0
62373	28	433	958	0
5707	28	416	958	0
14286	28	1164	958	0
58500	28	333	958	0
124704	14	123626	958	0
52840	28	81403	958	0
27503	28	1775	958	0
5965	28	102670	958	0
13193	28	21408	958	0
51637	28	1060	958	0
17801	28	1060	958	0
184307	14	15100	958	0
17394	28	250	958	0
65765	28	565	958	0
31679	28	1814	958	0
5546	28	265	958	0
12719	28	5048	958	0
29246	28	280	958	0
50363	28	6177	958	0
30025	14	12873	958	0
14595	28	1676	958	0
15770	28	259	958	0
30858	28	1477	958	0
69248	28	2233	958	0
10583	28	3564	958	0
58559	28	25024	958	0
6871	28	158	958	0
57618	28	89	958	0
14893	28	165	958	0
9931	28	1730	958	0
76486	28	62084	958	0
32757	28	51	958	0
17507	28	348	958	0
20360	28	6080	958	0
4590	23	130498	958	0
130498	23	4590	958	0
16501	28	348	958	0
9926	28	2653	958	0
51755	28	6657	958	0
8241	28	1300	958	0
12733	28	766	958	0
59584	28	3425	958	0
11490	28	211	958	0
32200	28	1356	958	0
30355	28	1557	958	0
47251	14	902	958	0
15255	28	792	958	0
18485	28	2627	958	0
18516	28	136	958	0
41686	28	1294	958	0
25967	28	16805	958	0
15440	28	640	958	0
12080	14	37414	958	0
26221	28	605	958	0
9087	28	536	958	0
36754	28	1296	958	0
30707	28	1692	958	0
41489	23	155320	958	0
155320	23	41489	958	0
57745	14	943	958	0
9893	28	661	958	0
97477	28	4513	958	0
11449	28	16	958	0
15372	28	1152	958	0
9868	28	2803	958	0
26276	28	4726	958	0
52014	28	399	958	0
6588	28	152	958	0
5145	28	1156	958	0
9370	28	5761	958	0
62661	28	1542	958	0
59492	28	2075	958	0
83919	28	454	958	0
9809	28	1048	958	0
11976	28	489	958	0
17496	28	936	958	0
20357	28	927	958	0
56169	28	4311	958	0
33010	28	778	958	0
7579	28	325	958	0
12371	28	67	958	0
47519	28	5606	958	0
57701	1	18838	958	0
7850	28	38	958	0
20984	28	118	958	0
32359	28	89	958	0
5143	28	1635	958	0
5936	28	47	958	0
7132	28	668	958	0
18480	28	396	958	0
39521	28	2035	958	0
27819	28	178	958	0
15405	28	216	958	0
18664	28	8428	958	0
38008	28	570	958	0
54664	28	2956	958	0
79440	28	1633	958	0
49002	28	304	958	0
5726	28	1824	958	0
82162	28	83	958	0
25274	28	1336	958	0
60025	28	1981	958	0
69473	28	1346	958	0
7075	28	89	958	0
48050	14	4167	958	0
79440	28	89	958	0
6190	28	1581	958	0
20944	28	101	958	0
15400	28	6177	958	0
17356	28	911	958	0
80335	28	809	958	0
24684	28	1962	958	0
52769	28	24383	958	0
10266	28	454	958	0
87929	28	1265	958	0
9712	28	404	958	0
58257	28	5115	958	0
26182	28	911	958	0
151715	14	15100	958	0
15528	28	68	958	0
53706	28	2098	958	0
6477	28	1170	958	0
7656	28	401	958	0
8852	28	2533	958	0
15931	14	2911	958	0
52904	28	2870	958	0
11084	28	219	958	0
35343	28	2773	958	0
61553	28	2870	958	0
12687	28	5606	958	0
44539	28	568	958	0
44466	28	1594	958	0
4925	28	3165	958	0
48389	28	1277	958	0
65491	28	1028	958	0
15148	28	233	958	0
19812	28	318	958	0
27953	28	1554	958	0
17637	28	253	958	0
130946	28	4676	958	0
69606	28	3193	958	0
77433	28	2488	958	0
8325	28	2218	958	0
8847	28	648	958	0
9935	28	398	958	0
22960	28	234	958	0
6640	28	1222	958	0
25585	28	161	958	0
10189	28	904	958	0
93566	28	2151	958	0
23477	28	2522	958	0
44604	28	65	958	0
15407	28	640	958	0
68970	28	1505	958	0
10873	28	1557	958	0
26363	28	15464	958	0
4508	28	445	958	0
18690	28	3437	958	0
9180	28	540	958	0
6474	28	25024	958	0
28301	28	471	958	0
27055	28	1640	958	0
88794	28	106	958	0
53806	28	1245	958	0
11052	28	1477	958	0
46984	28	120	958	0
128104	28	869	958	0
109889	28	931	958	0
10673	28	348	958	0
25430	28	1944	958	0
8001	28	1021	958	0
9271	28	1173	958	0
12267	28	23	958	0
63722	14	2368	958	0
18568	28	1356	958	0
40500	28	1250	958	0
25510	28	620	958	0
5291	28	2394	958	0
154926	28	809	958	0
9375	28	124	958	0
110841	28	101643	958	0
5142	28	3113	958	0
11479	28	437	958	0
82011	28	957	958	0
6088	28	186	958	0
19342	28	1499	958	0
44549	28	168	958	0
15384	28	32	958	0
43001	28	2677	958	0
24742	28	470	958	0
47583	28	2156	958	0
5405	28	150	958	0
9981	28	2261	958	0
83059	28	3193	958	0
19693	28	253	958	0
14479	28	536	958	0
11167	28	24	958	0
31466	28	88	958	0
41895	28	50	958	0
52796	28	1379	958	0
9885	28	36	958	0
13171	28	42747	958	0
23422	28	325	958	0
98824	28	12484	958	0
81033	28	4083	958	0
41932	28	774	958	0
9452	28	451	958	0
56625	28	3131	958	0
23827	28	1526	958	0
26012	28	1015	958	0
21545	28	1027	958	0
7041	28	2763	958	0
48584	28	49	958	958
27594	28	112	958	958
22972	28	2903	958	958
56884	28	933	958	958
17936	28	15526	958	958
32372	28	43	958	958
51545	28	136	958	958
69896	28	976	958	958
118267	14	4052	958	958
14661	28	16	958	958
15249	28	36888	958	958
18811	28	470	958	958
9973	28	1839	958	958
18568	28	1526	958	959
18578	28	402	958	959
52004	28	828	958	959
33351	28	1527	958	959
60609	28	3283	958	959
33422	28	984	958	959
52115	28	21745	958	959
6653	28	529	958	959
112103	28	4631	958	959
11295	28	293	958	959
29071	28	2027	958	959
24899	28	434	958	959
21793	28	166	958	959
12836	28	2105	958	959
82490	28	3842	958	959
10180	28	1672	958	959
38930	28	829	958	959
21837	28	54	958	959
18794	28	937	958	959
96113	28	2396	958	959
21928	28	1919	958	959
11396	28	525	958	959
39090	28	793	958	959
29254	28	492	958	959
12758	28	1562	958	959
33695	28	293	958	959
71032	28	360	958	959
12969	28	422	958	959
96354	28	37	958	959
8512	28	1814	958	959
33901	28	1330	958	959
18560	28	975	958	959
7227	28	2442	958	959
29506	28	452	958	959
45517	28	14617	958	959
52826	28	39404	958	959
71446	28	192	958	959
18655	28	47	958	959
13095	28	1918	958	959
34112	28	2175	958	959
22252	28	364	958	959
45707	28	796	958	959
7819	28	1895	958	959
39611	28	1423	958	959
61644	28	61	958	959
22334	28	2388	958	959
9399	28	686	958	959
4491	28	474	958	959
7846	28	42	958	959
29840	28	1592	958	959
45476	28	360	958	959
6396	28	114	958	959
11441	28	30	958	959
29106	28	119	958	959
46042	28	1446	958	959
53406	28	7898	958	959
30018	28	9453	958	959
46135	28	2174	958	959
97259	28	1394	958	959
46190	28	811	958	959
22039	28	1294	958	959
40058	28	572	958	959
62303	28	1097	958	959
71176	28	499	958	959
16506	28	481	958	959
10336	28	396	958	959
13360	28	3871	958	959
34759	28	2735	958	959
9564	28	155	958	959
33697	28	294	958	959
8560	28	423	958	959
53756	28	1635	958	959
5947	28	1563	958	959
84130	28	26134	958	959
19734	28	9582	958	959
30279	28	2046	958	959
40282	28	1239	958	959
16943	28	1468	958	959
19376	28	1338	958	959
26177	28	1984	958	959
25221	28	295	958	959
22805	28	707	958	959
62664	28	506	958	959
22879	28	808	958	959
17279	28	39	958	959
30451	28	2218	958	959
26372	28	731	958	959
13284	28	769	958	959
35121	28	1227	958	959
6474	28	4319	958	959
26390	28	570	958	959
62885	28	965	958	959
98012	28	976	958	959
40607	28	1981	958	959
35207	28	974	958	959
26464	28	1660	958	959
40734	28	371	958	959
18835	28	1951	958	959
73003	28	5238	958	959
40778	28	131	958	959
9702	28	627	958	959
83151	28	1048	958	959
25607	28	1404	958	959
73195	28	165	958	959
35362	28	2336	958	959
13446	28	1025	958	959
14951	28	156	958	959
15360	28	3251	958	959
26674	28	400	958	959
22954	28	36	958	959
54716	28	6779	958	959
26746	28	1245	958	959
98634	28	330	958	959
30922	28	750	958	959
26769	28	1131	958	959
85300	28	2040	958	959
25459	28	786	958	959
12190	28	42	958	959
41219	28	1572	958	959
54943	28	166	958	959
14243	28	4810	958	959
20337	28	558	958	959
8125	28	1073	958	959
71171	28	5262	958	959
7678	28	649	958	959
63799	28	483	958	959
47616	28	3125	958	959
72981	28	17655	958	959
19816	28	135	958	959
15122	28	112	958	959
7439	28	1399	958	959
31147	28	44	958	959
26988	28	78	958	959
46972	28	1477	958	959
10397	28	219	958	959
29300	28	1966	958	959
27096	28	3373	958	959
45698	28	34	958	959
7733	28	355	958	959
86005	28	718	958	959
47994	28	1371	958	959
16655	28	1695	958	959
20598	28	421	958	959
13523	28	396	958	959
63682	28	2442	958	959
99660	28	8764	958	959
22870	28	855	958	959
29566	28	3692	958	959
63278	28	708	958	959
134379	28	908	958	959
86311	28	31420	958	959
55661	28	242	958	959
13189	28	141	958	959
74582	28	3058	958	959
74609	28	8442	958	959
86430	28	1388	958	959
35156	28	141	958	959
55766	28	2916	958	959
99936	28	1609	958	959
46074	28	1783	958	959
9902	28	140	958	959
25101	28	780	958	959
36356	28	70	958	959
64807	28	449	958	959
3409	28	571	958	959
42019	28	360	958	959
31650	28	33	958	959
64853	28	2955	958	959
22296	28	2207	958	959
5936	28	86	958	959
55870	28	826	958	959
5350	28	186	958	959
7160	28	2366	958	959
61634	28	1740	958	959
55555	28	348	958	959
9436	28	981	958	959
75077	28	1860	958	959
23837	28	646	958	959
10775	28	68	958	959
8845	28	1141	958	959
13033	28	2545	958	959
85538	28	2569	958	959
16498	28	170	958	959
17173	28	398	958	959
36655	28	1497	958	959
7040	28	560	958	959
48171	28	446	958	959
35530	28	2766	958	959
75361	28	129	958	959
27676	28	451	958	959
35943	28	995	958	959
100752	28	2941	958	959
75562	28	657	958	959
56512	28	165	958	959
13330	28	7410	958	959
12512	28	477	958	959
11587	28	1978	958	959
56536	28	2348	958	959
22346	28	901	958	959
21668	28	2270	958	959
7578	28	1099	958	959
42505	28	1806	958	959
87522	28	1426	958	959
32004	28	123	958	959
87177	28	1660	958	959
47270	28	7459	958	959
116942	28	2052	958	959
10808	28	826	958	959
36906	28	4178	958	959
65642	28	2154	958	959
23015	28	1964	958	959
5840	28	754	958	959
13391	28	5994	958	959
8359	28	798	958	959
20077	28	587	958	959
11053	28	3466	958	959
19131	28	2113	958	959
101224	28	2113	958	959
17383	28	66	958	959
14784	28	565	958	959
11059	28	615	958	959
32118	28	2014	958	959
8580	28	493	958	959
75995	28	1859	958	959
35390	28	2119	958	959
14535	28	1077	958	959
87872	28	4281	958	959
10234	28	315	958	959
47574	28	1567	958	959
41094	28	1619	958	959
9790	28	674	958	959
88009	28	1316	958	959
88011	28	2180	958	959
23172	28	931	958	959
72691	28	10633	958	959
29967	28	19	958	959
23806	28	919	958	959
41564	28	476	958	959
21138	28	624	958	959
7627	28	220	958	959
66083	28	1461	958	959
26234	28	2125	958	959
13679	28	881	958	959
42928	28	661	958	959
9894	28	537	958	959
74800	28	23960	958	959
11566	28	89	958	959
17261	28	54	958	959
28878	28	65	958	959
10927	28	295	958	959
19893	28	1006	958	959
6616	28	2614	958	959
74694	28	198	958	959
22331	28	140	958	959
24199	28	1414	958	959
12562	28	339	958	959
36269	28	2705	958	959
76632	28	1907	958	959
43078	28	575	958	959
10237	28	36	958	959
28103	28	304	958	959
57351	28	5797	958	959
33501	28	565	958	959
17754	28	311	958	959
9370	28	1882	958	959
23542	28	1380	958	959
12048	28	416	958	959
30503	28	1741	958	959
16068	28	1317	958	959
9452	28	41034	958	959
30455	28	2172	958	959
6314	28	48	958	959
7783	28	124	958	959
6996	28	421	958	959
57456	28	1987	958	959
36388	28	484	958	959
11616	28	1305	958	959
43202	28	28	958	959
7824	28	1074	958	959
21273	28	469	958	959
43211	28	205	958	959
27202	28	402	958	959
18638	28	449	958	959
5402	28	555	958	959
8381	28	192	958	959
33476	28	192	958	959
4034	28	126	958	959
21783	28	514	958	959
5911	28	149	958	959
28861	28	121	958	959
9076	28	4487	958	959
66660	28	565	958	959
28021	28	1613	958	959
16520	28	2528	958	959
9202	28	1660	958	959
9219	28	642	958	959
6650	28	2139	958	959
18704	28	16	958	959
18717	28	1499	958	959
29098	28	83	958	959
18755	28	16	958	959
24949	28	2232	958	959
14369	28	1021	958	959
9172	28	756	958	959
25985	28	2592	958	959
61031	28	1919	958	959
66352	28	2831	958	959
17863	28	1495	958	959
14512	28	829	958	959
18973	28	476	958	959
7801	28	3349	958	959
14682	28	239	958	959
16774	28	121	958	959
53061	28	527	958	959
39528	28	213	958	959
25270	28	558	958	959
25313	28	105	958	959
33978	28	2949	958	959
33997	28	267	958	959
14747	28	4277	958	959
75955	28	899	958	959
89426	28	1234	958	959
13170	28	384	958	959
34290	28	1210	958	959
34117	28	731	958	959
6672	28	250	958	959
5477	28	266	958	959
39839	28	1725	958	959
101647	28	1410	958	959
8395	28	1122	958	959
9309	28	57	958	959
22481	28	463	958	959
73169	28	1155	958	959
39724	28	529	958	959
39745	28	731	958	959
29880	28	1455	958	959
6816	28	707	958	959
19373	28	7641	958	959
137694	28	3132	958	959
19427	28	984	958	959
61898	28	1758	958	959
17048	28	714	958	959
77420	28	42476	958	959
11348	28	836	958	959
77616	28	240	958	959
7914	28	47	958	959
30139	28	1173	958	959
34656	28	848	958	959
25900	28	2977	958	959
77708	28	2430	958	959
57596	28	110	958	959
11883	28	213	958	959
6090	28	23	958	959
22664	28	1020	958	959
65919	28	477	958	959
4254	28	465	958	959
101811	28	409	958	959
65207	28	1549	958	959
67306	28	136	958	959
9627	28	449	958	959
15087	28	2780	958	959
33481	28	9593	958	959
24760	28	19716	958	959
56717	28	2201	958	959
30203	28	366	958	959
45746	28	429	958	959
26417	28	3195	958	959
42964	28	2623	958	959
8023	28	1704	958	959
14795	28	53	958	959
9695	28	691	958	959
13542	28	235	958	959
12061	28	40788	958	959
8472	28	144	958	959
58111	28	2199	958	959
87723	28	1169	958	959
40680	28	5279	958	959
16308	28	1864	958	959
11719	28	288	958	959
30823	28	1154	958	959
20153	28	1262	958	959
16458	28	3551	958	959
26686	28	399	958	959
4289	28	963	958	959
78274	28	907	958	959
54700	28	345	958	959
30885	28	1159	958	959
47320	28	1022	958	959
25377	28	5801	958	959
54116	28	2553	958	959
18790	28	51	958	959
29975	28	660	958	959
9770	28	1232	958	959
35633	28	16672	958	959
8840	28	1022	958	959
31138	28	1812	958	959
35854	28	1984	958	959
37788	28	427	958	959
5929	28	1293	958	959
47853	28	55263	958	959
30493	28	2098	958	959
7418	28	76	958	959
63993	28	2982	958	959
62668	28	680	958	959
52506	28	398	958	959
20461	28	793	958	959
10848	28	2409	958	959
31185	28	477	958	959
5143	28	2763	958	959
31120	28	676	958	959
54114	28	1174	958	959
88817	28	6984	958	959
11689	28	95	958	959
11599	28	3173	958	959
16945	28	3016	958	959
57642	28	1229	958	959
3881	28	1924	958	959
22778	28	41	958	959
120898	28	755	958	959
90879	28	1163	958	959
25314	28	30	958	959
26934	28	1723	958	959
4928	28	48	958	959
13468	28	23624	958	959
36194	28	114	958	959
32723	28	633	958	959
23314	28	2532	958	959
4030	28	451	958	959
57753	28	503	958	959
16975	28	1166	958	959
20601	28	230	958	959
8044	28	71	958	959
18937	28	1402	958	959
12371	28	39	958	959
27368	28	330	958	959
36302	28	26134	958	959
72487	28	937	958	959
4470	28	147	958	959
39201	28	1527	958	959
14763	28	257	958	959
20676	28	3322	958	959
20750	28	180	958	959
20762	28	351	958	959
101942	28	463	958	959
68075	28	2519	958	959
5641	28	65	958	959
11889	28	98	958	959
56565	28	1653	958	959
15113	28	10760	958	959
24935	28	1895	958	959
12769	28	1697	958	959
6734	28	2784	958	959
78870	28	83	958	959
55862	28	114	958	959
47477	28	2907	958	959
7870	28	77	958	959
15252	28	897	958	959
45770	28	6518	958	959
14707	28	392	958	959
13794	28	146	958	959
39875	28	731	958	959
17812	28	1162	958	959
16524	28	1273	958	959
17465	28	3933	958	959
89474	28	587	958	959
52231	28	433	958	959
20318	28	205	958	959
41885	28	2703	958	959
27589	28	542	958	959
65625	28	1650	958	959
13924	28	283	958	959
17813	28	230	958	959
30154	28	605	958	959
58768	28	2539	958	959
32716	28	1715	958	959
27622	28	5524	958	959
13823	28	916	958	959
8089	28	435	958	959
9127	28	219	958	959
40765	28	144	958	959
15563	28	891	958	959
17113	28	328	958	959
9239	28	95	958	959
23392	28	635	958	959
15304	28	274	958	959
25918	28	530	958	959
13207	28	1095	958	959
17515	28	83	958	959
31197	28	141	958	959
41612	28	1412	958	959
15562	28	74	958	959
121698	28	4162	958	959
45283	28	353	958	959
70954	28	794	958	959
43854	28	239	958	959
58860	28	3242	958	959
31955	28	4767	958	959
66452	28	4756	958	959
31958	28	731	958	959
20972	28	793	958	959
23934	28	970	958	959
5777	28	1374	958	959
31936	28	1095	958	959
56489	28	3876	958	959
27798	28	1118	958	959
12840	28	4579	958	959
7575	28	495	958	959
4601	28	105	958	959
18623	28	1338	958	959
48584	28	339	958	959
9121	28	421	958	959
9946	28	1076	958	959
79229	28	4541	958	959
15936	28	5420	958	959
2919	28	405	958	959
105886	28	427	958	959
11249	28	649	958	959
32063	28	1850	958	959
11958	28	1110	958	959
13806	28	407	958	959
9956	28	1919	958	959
8259	28	617	958	959
21037	28	256	958	959
19860	28	2097	958	959
25569	28	890	958	959
21060	28	1035	958	959
17760	28	2672	958	959
20817	28	135	958	959
13997	28	1682	958	959
7103	28	632	958	959
11303	28	257	958	959
9002	28	122	958	959
32221	28	535	958	959
12861	28	646	958	959
19665	28	670	958	959
21114	28	525	958	959
50863	28	3002	958	959
8220	28	463	958	959
26724	28	1532	958	959
8735	28	964	958	959
88231	28	149	958	959
12931	28	363	958	959
68532	28	931	958	959
6262	28	87	958	959
29772	28	91	958	959
23664	28	323	958	959
106273	28	5513	958	959
102300	28	330	958	959
29909	28	286	958	959
7558	28	1561	958	959
105363	28	1759	958	959
106316	28	797	958	959
53015	28	1660	958	959
23202	28	555	958	959
106345	28	1581	958	959
11430	28	2899	958	959
6430	28	63	958	959
54382	28	1642	958	959
50932	28	90790	958	959
30677	28	897	958	959
12432	28	1938	958	959
43085	28	1351	958	959
13539	28	1607	958	959
111909	28	1346	958	959
32459	28	129	958	959
12754	28	1267	958	959
10626	28	3362	958	959
9676	28	2763	958	959
15922	28	608	958	959
92267	28	758	958	959
13834	28	337	958	959
31496	28	290	958	959
9634	28	88	958	959
55270	28	21745	958	959
23884	28	919	958	959
122106	28	1027	958	959
48550	28	1640	958	959
40350	28	265	958	959
18399	28	44	958	959
8771	28	621	958	959
10097	28	2093	958	959
113632	28	570	958	959
105839	28	2204	958	959
48123	28	3848	958	959
22953	28	459	958	959
14310	28	126	958	959
6439	28	109	958	959
40769	28	211	958	959
15514	28	963	958	959
14269	28	69	958	959
11469	28	435	958	959
16896	28	76	958	959
34134	28	797	958	959
17059	28	659	958	959
66137	28	1091	958	959
28195	28	1112	958	959
4925	28	47852	958	959
21085	28	678	958	959
12542	28	1499	958	959
16854	28	95	958	959
7983	28	1652	958	959
54033	28	13859	958	959
8641	28	19	958	959
9704	28	140	958	959
39521	28	1506	958	959
87929	28	1649	958	959
57738	28	1841	958	959
9799	28	30	958	959
14731	28	141	958	959
91317	28	454	958	959
91349	28	2327	958	959
79044	28	719	958	959
12688	28	2592	958	959
33408	28	415	958	959
11086	28	602	958	959
4322	28	478	958	959
18739	28	31	958	959
102324	28	263	958	959
80077	28	2488	958	959
12468	28	470	958	959
123483	28	13336	958	959
9051	28	1258	958	959
38146	28	33	958	959
15823	28	490	958	959
11313	28	170	958	959
28445	28	1190	958	959
9729	28	4589	958	959
40490	28	515	958	959
8139	28	396	958	959
67996	28	936	958	959
4735	28	191	958	959
5640	28	1048	958	959
43390	28	3004	958	959
16337	28	1262	958	959
25822	28	400	958	959
28952	28	1166	958	959
18748	28	251	958	959
17886	28	797	958	959
46990	28	760	958	959
4635	28	2053	958	959
98944	28	5520	958	959
23177	28	961	958	959
19340	28	1527	958	959
42098	28	726	958	959
10886	28	81	958	959
79725	28	17438	958	959
59533	28	976	958	959
142842	28	273	958	959
14058	28	1152	958	959
40579	28	131	958	959
68221	28	18062	958	959
16848	28	251	958	959
65417	28	99	958	959
14796	28	234	958	959
22083	28	4281	958	959
13372	28	574	958	959
7719	28	91	958	959
19842	28	166	958	959
16200	28	434	958	959
8013	28	48	958	959
20050	28	2316	958	959
4836	28	39	958	959
73182	28	1693	958	959
9124	28	2082	958	959
31358	28	461	958	959
36999	28	60	958	959
65631	28	129	958	959
90534	28	1099	958	959
16614	28	2068	958	959
6268	28	508	958	959
35798	28	2117	958	959
30352	28	647	958	959
7023	28	192	958	959
73363	28	3765	958	959
13692	28	1201	958	959
23898	28	1227	958	959
34884	28	694	958	959
14709	28	796	958	959
9984	28	1238	958	959
41518	28	509	958	959
41298	28	1379	958	959
13276	28	33	958	959
45457	28	104	958	959
48991	28	1496	958	959
25117	28	147	958	959
15411	28	807	958	959
18468	28	1210	958	959
15729	28	396	958	959
11412	28	1767	958	959
7382	28	117	958	959
18481	28	1481	958	959
6230	28	796	958	959
25901	28	6779	958	959
12009	28	901	958	959
57549	28	304	958	959
38240	28	104	958	959
23659	28	381	958	959
23593	28	429	958	959
8582	28	1092	958	959
24195	28	2395	958	959
8128	28	741	958	959
57919	28	21198	958	959
3704	28	1635	958	959
15156	28	659	958	959
48122	28	254	958	959
21380	28	400	958	959
64064	28	10357	958	959
13337	28	1210	958	959
51456	28	550	958	959
9693	28	605	958	959
9287	28	44093	958	959
26457	28	1467	958	959
84708	28	365	958	959
13137	28	515	958	959
8785	28	506	958	959
17259	28	214	958	959
14747	28	470	958	959
37345	28	1572	958	959
12003	28	408	958	959
20516	28	1227	958	959
11767	28	66	958	959
17950	28	11170	958	959
7310	28	1963	958	959
16417	28	2682	958	959
22972	28	3690	958	959
13968	28	1969	958	959
61047	28	2682	958	959
55810	28	749	958	959
59797	28	1505	958	959
23119	28	9453	958	959
47757	28	5665	958	959
13667	28	963	958	959
14488	28	2396	958	959
31371	28	332	958	959
108183	28	3811	958	959
37660	28	630	958	959
41491	28	1096	958	959
93505	28	1547	958	959
41785	28	3109	958	959
36543	28	1794	958	959
29351	28	28367	958	959
31436	28	13020	958	959
56124	28	529	958	959
15266	28	1078	958	959
21496	28	2666	958	959
80787	28	7232	958	959
22144	28	78	958	959
15316	28	635	958	959
29591	28	1170	958	959
41686	28	1063	958	959
11924	28	93560	958	959
15278	28	364	958	959
25360	28	789	958	959
45957	28	1660	958	959
15472	28	1764	958	959
103789	28	3769	958	959
93589	28	2835	958	959
36381	28	530	958	959
35427	28	364	958	959
39147	28	1613	958	959
28134	28	250	958	959
15876	28	2334	958	959
32900	28	1328	958	959
23513	28	259	958	959
14721	28	2745	958	959
45223	28	1245	958	959
15753	28	1954	958	959
44155	28	2867	958	959
9508	28	5800	958	959
33572	28	2150	958	959
24402	28	415	958	959
21524	28	141	958	959
34152	28	165	958	959
7081	28	5471	958	959
11628	28	478	958	959
7056	28	1063	958	959
23646	28	934	958	959
28773	28	2326	958	959
56466	28	2046	958	959
66920	28	2672	958	959
8260	28	47	958	959
40117	28	1123	958	959
80469	28	1028	958	959
9993	28	159	958	959
34739	28	114	958	959
15855	28	1526	958	959
17226	28	610	958	959
79602	28	6254	958	959
10455	28	5018	958	959
39596	28	2138	958	959
28212	28	1021	958	959
102013	28	439	958	959
8396	28	674	958	959
38265	28	901	958	959
23475	28	1276	958	959
32736	28	3564	958	959
78254	28	750	958	959
7193	28	780	958	959
108700	28	1359	958	959
31660	28	1527	958	959
18011	28	629	958	959
19422	28	1414	958	959
67777	28	2945	958	959
78217	28	15526	958	959
27739	28	1141	958	959
16407	28	319	958	959
123415	28	72	958	959
8123	28	134	958	959
81090	28	332	958	959
47113	28	2782	958	959
19612	28	159	958	959
9153	28	3109	958	959
37395	28	135	958	959
48172	28	2605	958	959
12774	28	1388	958	959
17551	28	3437	958	959
51381	28	602	958	959
40342	28	2486	958	959
42716	28	792	958	959
22420	28	690	958	959
21841	28	529	958	959
12569	28	39	958	959
31700	28	3925	958	959
51676	28	1703	958	959
86744	28	852	958	959
22837	28	33	958	959
17740	28	647	958	959
58260	28	1785	958	959
9456	28	881	958	959
21210	28	495	958	959
89072	28	3876	958	959
66698	28	894	958	959
29668	28	951	958	959
47939	28	905	958	959
8002	28	396	958	959
16821	28	210	958	959
48671	28	2051	958	959
64034	28	694	958	959
23947	28	167	958	959
92901	28	523	958	959
37293	28	627	958	959
23604	28	1613	958	959
42279	28	922	958	959
10057	28	23	958	959
62801	28	2175	958	959
11143	28	155	958	959
9190	28	220	958	959
38367	28	891	958	959
49058	28	2644	958	959
10223	28	202	958	959
79330	28	10690	958	959
60122	28	9843	958	959
25518	28	973	958	959
92640	28	205	958	959
58257	28	17558	958	959
9622	28	1624	958	959
25871	28	257	958	959
7022	28	74	958	959
27250	28	263	958	959
33081	28	643	958	959
6861	28	294	958	959
35603	28	66	958	959
56640	28	1522	958	959
18051	28	842	958	959
124371	28	718	958	959
12206	28	33	958	959
59347	28	5262	958	959
23770	28	4704	958	959
3837	28	221	958	959
69276	28	203	958	959
22849	28	142	958	959
33237	28	595	958	959
84998	28	694	958	959
47980	28	1728	958	959
28106	28	964	958	959
40152	28	1951	958	959
52865	28	866	958	959
49972	28	7370	958	959
86020	28	5615	958	959
18771	28	410	958	959
54809	28	186	958	959
20334	28	2065	958	959
35654	28	586	958	959
106532	28	55263	958	959
20521	28	11056	958	959
73114	28	3136	958	959
23936	28	2270	958	959
10817	28	171	958	959
9604	28	332	958	959
25691	28	750	958	959
4414	28	152	958	959
11635	28	539	958	959
28452	28	2113	958	959
10593	28	723	958	959
44918	28	135	958	959
73179	28	1127	958	959
27528	28	8442	958	959
17787	28	797	958	959
68813	28	4137	958	959
20542	28	118	958	959
24974	28	1948	958	959
12904	28	3466	958	959
60633	28	649	958	959
12680	28	421	958	959
13820	28	266	958	959
6389	28	36	958	959
64887	28	691	958	959
6205	28	67	958	959
12362	28	250	958	959
17636	28	1312	958	959
7358	28	405	958	959
16131	28	202	958	959
57180	28	11118	958	959
21255	28	423	958	959
11890	28	77	958	959
5712	28	120	958	959
32929	28	890	958	959
62185	28	1897	958	959
56113	28	311	958	959
64581	28	774	958	959
26456	28	2712	958	959
125982	28	69393	958	959
88294	28	2872	958	959
20534	28	830	958	959
47144	28	1379	958	959
14886	28	1309	958	959
14975	28	628	958	959
30809	28	731	958	959
20914	28	661	958	959
27873	28	593	958	959
50754	28	1085	958	959
43000	28	1363	958	959
6986	28	554	958	959
19915	28	377	958	959
20705	28	222	958	959
81486	28	674	958	959
60051	28	1395	958	959
89804	28	2388	958	959
19975	28	5075	958	959
9302	28	153	958	959
26069	28	743	958	959
50937	28	481	958	959
6535	28	752	958	959
13675	28	1527	958	959
44165	28	257	958	959
11355	28	214	958	959
6206	28	1021	958	959
20819	28	514	958	959
9868	28	1556	958	959
12998	28	2061	958	959
10803	28	1139	958	959
19302	28	750	958	959
12130	28	1061	958	959
8168	28	28	958	959
33018	28	3466	958	959
10231	28	141	958	959
14515	28	1214	958	959
8542	28	144	958	959
15807	28	643	958	959
30421	28	1230	958	959
7681	28	1956	958	959
18368	28	5615	958	959
14907	28	3982	958	959
19939	28	731	958	959
26328	28	1650	958	959
73744	28	70070	958	959
14796	28	594	958	959
94664	28	1130	958	959
16238	28	1444	958	959
80851	28	525	958	959
6266	28	416	958	959
93804	28	524	958	959
14755	28	1101	958	959
94691	28	3949	958	959
20149	28	1841	958	959
68886	28	8436	958	959
11795	28	974	958	959
11603	28	2338	958	959
55693	28	836	958	959
11498	28	904	958	959
36173	28	483	958	959
7233	28	2414	958	959
52362	28	149	958	959
102406	28	621	958	959
30806	28	478	958	959
88237	28	230	958	959
99617	28	1771	958	959
14261	28	1416	958	959
4755	28	2283	958	959
21415	28	74	958	959
21414	28	2677	958	959
22546	28	594	958	959
49696	28	2777	958	959
63239	28	303	958	959
5162	28	922	958	959
6579	28	574	958	959
19263	28	2097	958	959
30953	28	1692	958	959
16525	28	1317	958	959
43080	28	1013	958	959
11032	28	4327	958	959
76715	28	5722	958	959
35435	28	846	958	959
90722	28	33111	958	959
6614	28	1161	958	959
15757	28	4235	958	959
27235	28	3564	958	959
17078	28	740	958	959
76689	28	511	958	959
34923	28	1606	958	959
54466	28	1076	958	959
89980	28	565	958	959
22883	28	1360	958	959
22274	28	907	958	959
8107	28	118	958	959
8900	28	1107	958	959
19425	28	98	958	959
5540	28	1762	958	959
19331	28	1971	958	959
18743	28	1182	958	959
16073	28	1969	958	959
17984	28	216	958	959
98997	28	605	958	959
20575	28	81	958	959
55089	28	1338	958	959
119751	28	5243	958	959
11721	28	321	958	959
52904	28	427	958	959
27018	28	532	958	959
9010	28	937	958	959
6973	28	233	958	959
8626	28	27	958	959
56076	28	22734	958	959
16248	28	80	958	959
8881	28	889	958	959
28747	28	557	958	959
18700	28	141	958	959
77379	28	1142	958	959
57585	28	1984	958	959
12430	28	1762	958	959
7108	28	289	958	959
18033	28	673	958	959
127729	28	5758	958	959
11957	28	239	958	959
18151	28	491	958	959
80936	28	1910	958	959
25155	28	2614	958	959
51528	28	124	958	959
5414	28	3156	958	959
41063	28	537	958	959
15560	28	78	958	959
91479	28	3938	958	959
12893	28	1227	958	959
20902	28	252	958	959
8399	28	13435	958	959
78894	28	1063	958	959
15120	28	4117	958	959
12202	28	2060	958	959
87177	28	21408	958	959
4981	28	111	958	959
6312	28	937	958	959
58939	28	1616	958	959
14972	28	826	958	959
12364	28	1660	958	959
28879	28	10531	958	959
19010	28	1159	958	959
9324	28	5409	958	959
62260	28	1074	958	959
50241	28	774	958	959
90654	28	1743	958	959
20107	28	330	958	959
14152	28	23	958	959
51669	28	1288	958	959
44049	28	1532	958	959
80306	28	797	958	959
74104	28	4937	958	959
20013	28	482	958	959
30579	28	556	958	959
17726	28	272	958	959
24557	28	5770	958	959
9490	28	41	958	959
33484	28	2601	958	959
16801	28	1577	958	959
36871	28	731	958	959
38522	28	1455	958	959
38423	28	3496	958	959
17028	28	12891	958	959
6247	28	1969	958	959
32856	28	1321	958	959
93386	28	6984	958	959
9600	28	146	958	959
17973	28	2066	958	959
8197	28	2859	958	959
6658	28	1738	958	959
33116	28	159	958	959
55775	28	793	958	959
128104	28	1359	958	959
108431	28	1547	958	959
38530	28	80	958	959
42940	28	6976	958	959
22004	28	18	958	959
51065	28	1650	958	959
42798	28	343	958	959
94694	28	882	958	959
39731	28	48958	958	959
93236	28	384	958	959
7047	28	1286	958	959
16271	28	602	958	959
7166	28	2528	958	959
10530	28	1071	958	959
27901	28	3564	958	959
83519	28	154	958	959
81237	28	3744	958	959
87410	28	537	958	959
79042	28	1359	958	959
38548	28	872	958	959
22905	28	230	958	959
50068	28	311	958	959
57017	28	12326	958	959
9745	28	77	958	959
15592	28	144	958	959
15612	28	245	958	959
98491	28	1112	958	959
7362	28	1336	958	959
12566	28	295	958	959
80973	28	598	958	959
10321	28	490	958	959
42471	28	350	958	959
35637	28	1333	958	959
39793	28	1245	958	959
8537	28	400	958	959
100945	28	286	958	959
20275	28	179	958	959
5546	28	215	958	959
87859	28	1910	958	959
17436	28	649	958	959
125987	28	83	958	959
26200	28	1969	958	959
45873	28	2688	958	959
9637	28	3331	958	959
21200	28	1228	958	959
12964	28	1583	958	959
18593	28	894	958	959
57861	28	759	958	959
38065	28	265	958	959
23001	28	304	958	959
5625	28	51160	958	959
24896	28	1499	958	959
20295	28	3349	958	959
110748	28	143	958	959
104383	28	83	958	959
24913	28	17377	958	959
18608	28	704	958	959
48552	28	1816	958	959
21876	28	331	958	959
80291	28	2159	958	959
20557	28	412	958	959
13863	28	266	958	959
9690	28	86	958	959
15732	28	6994	958	959
63249	28	1099	958	959
59304	28	165	958	959
11172	28	1006	958	959
82581	28	5513	958	959
71786	28	883	958	959
14272	28	2910	958	959
30480	28	63	958	959
54846	28	27	958	959
22479	28	388	958	959
11161	28	452	958	959
25455	28	106	958	959
28468	28	23624	958	959
27452	28	119	958	959
4587	28	1830	958	959
6735	28	78	958	959
67669	28	1345	958	959
28812	28	846	958	959
26065	28	1589	958	959
63516	28	1080	958	959
107311	28	32943	958	959
18415	28	4474	958	959
11462	28	1134	958	959
60589	28	2046	958	959
52554	28	2065	958	959
24158	28	5147	958	959
16941	28	2276	958	959
38178	28	710	958	959
26235	28	458	958	959
79570	28	2336	958	959
14286	28	2737	958	959
9160	28	568	958	959
56017	28	219	958	959
32573	28	310	958	959
46127	28	1514	958	959
11534	28	1410	958	959
55242	28	1213	958	959
33054	28	731	958	959
84404	28	1270	958	959
10456	28	8823	958	959
14793	28	770	958	959
74982	28	13020	958	959
49177	28	917	958	959
67337	28	780	958	959
5054	28	1245	958	959
24507	28	483	958	959
41507	28	530	958	959
31379	28	906	958	959
54387	28	1496	958	959
15506	28	1990	958	959
17529	28	6254	958	959
108835	28	3027	958	959
22985	28	1078	958	959
8727	28	421	958	959
20947	28	1897	958	959
15374	28	461	958	959
35324	28	925	958	959
17844	28	65	958	959
97198	28	3728	958	959
23382	28	483	958	959
57458	28	217	958	959
35289	28	477	958	959
11489	28	44	958	959
17723	28	866	958	959
26356	28	537	958	959
31937	28	405	958	959
12613	28	2605	958	959
40753	28	1736	958	959
107996	28	1609	958	959
8481	28	9234	958	959
6182	28	265	958	959
44154	28	421	958	959
18969	28	1430	958	959
35792	28	722	958	959
22084	28	1532	958	959
12587	28	61	958	959
8676	28	5800	958	959
11435	28	629	958	959
20660	28	1527	958	959
58237	28	894	958	959
3831	28	57	958	959
44617	28	169	958	959
26231	28	2849	958	959
27156	28	4589	958	959
12138	28	4327	958	959
14656	28	1403	958	959
27387	28	4345	958	959
6725	28	266	958	959
28747	28	558	958	959
34317	28	530	958	959
68141	28	415	958	959
33079	28	1286	958	959
13141	28	1058	958	959
108380	28	483	958	959
59879	28	1262	958	959
25203	28	1070	958	959
22655	28	2343	958	959
93556	28	6547	958	959
14334	28	104	958	959
14160	28	525	958	959
16703	28	54	958	959
22824	28	570	958	959
150173	28	228	958	959
86985	28	1642	958	959
15841	28	49	958	959
45207	28	30827	958	959
26960	28	2175	958	959
34830	28	1095	958	959
88231	28	3626	958	959
23159	28	398	958	959
14805	28	87	958	959
30160	28	591	958	959
12518	28	984	958	959
7201	28	1077	958	959
15497	28	66	958	959
7838	28	1021	958	959
68974	28	439	958	959
44354	28	1397	958	959
19786	28	7117	958	959
26945	28	583	958	959
12142	28	5243	958	959
13193	28	1660	958	959
80044	28	2564	958	959
42645	28	1656	958	959
94762	28	9126	958	959
50979	28	5123	958	959
27474	28	136	958	959
20252	28	2611	958	959
9052	28	240	958	959
109972	28	2592	958	959
9162	28	80298	958	959
5434	28	400	958	959
37277	28	1762	958	959
11657	28	474	958	959
26968	28	2528	958	959
47119	28	731	958	959
12661	28	659	958	959
28767	28	231	958	959
18116	28	754	958	959
15573	28	252	958	959
72447	28	3762	958	959
41005	28	1825	958	959
4535	28	1311	958	959
21811	28	94717	958	959
18944	28	416	958	959
16152	28	346	958	959
19154	28	17415	958	959
11926	28	24	958	959
44387	28	1405	958	959
11337	28	240	958	959
5667	28	1652	958	959
32903	28	476	958	959
31256	28	10099	958	959
8187	28	732	958	959
12535	28	400	958	959
39580	28	154	958	959
15370	28	2335	958	959
18453	28	145	958	959
20732	28	4164	958	959
17659	28	4756	958	959
44978	28	1581	958	959
15302	28	802	958	959
35322	28	9000	958	959
10396	28	70	958	959
78742	28	4238	958	959
72067	28	1129	958	959
10300	28	379	958	959
19534	28	690	958	959
19752	28	1222	958	959
31878	28	75037	958	959
8923	28	38	958	959
31258	28	2018	958	959
12458	28	217	958	959
11932	28	583	958	959
16487	28	38	958	959
19466	28	3700	958	959
26852	28	498	958	959
9484	28	406	958	959
21302	28	14418	958	959
24000	28	3378	958	959
82244	28	198	958	959
81973	28	220	958	959
14807	28	1627	958	959
46135	28	1895	958	959
67443	28	846	958	959
9005	28	1269	958	959
21374	28	1311	958	959
33838	28	2233	958	959
28843	28	158	958	959
71702	28	1137	958	959
13203	28	1293	958	959
14722	28	2878	958	959
24133	28	679	958	959
8703	28	781	958	959
8357	28	30	958	959
9030	28	418	958	959
10002	28	323	958	959
12847	28	7794	958	959
5361	28	72	958	959
33437	28	6015	958	959
14048	28	989	958	959
30480	28	43	958	959
8850	28	421	958	959
14195	28	1527	958	959
23464	28	766	958	959
148326	28	7641	958	959
26702	28	2327	958	959
33283	28	1984	958	959
20340	28	421	958	959
44330	28	731	958	959
5589	28	40	958	959
10063	28	2140	958	959
47687	28	949	958	959
46181	28	868	958	959
8448	28	81	958	959
21971	28	2705	958	959
7189	28	1468	958	959
10328	28	1596	958	959
13570	28	91	958	959
27614	28	167	958	959
11008	28	560	958	959
8507	28	1764	958	959
23734	28	263	958	959
27995	28	894	958	959
69860	28	2068	958	959
32338	28	456	958	959
72349	28	24838	958	959
63277	28	2488	958	959
5027	28	25777	958	959
12289	28	107	958	959
52605	28	506	958	959
40657	28	1987	958	959
5473	28	2766	958	959
98991	28	263	958	959
14693	28	10690	958	959
4334	28	1915	958	959
55406	28	1497	958	959
38858	28	511	958	959
28088	28	731	958	959
46813	28	396	958	959
57647	28	2938	958	959
53496	28	5615	958	959
11145	28	61	958	959
80746	28	4525	958	959
41694	28	313	958	959
11806	28	36	958	959
7057	28	802	958	959
67570	28	109129	958	959
31403	28	1421	958	959
6619	28	1024	958	959
8932	28	617	958	959
81824	28	392	958	959
132899	28	483	958	959
8424	28	695	958	959
64280	28	3744	958	959
20618	28	2569	958	959
49626	28	12755	958	959
24066	28	111	958	959
10210	28	1619	958	959
5918	28	666	958	959
51252	28	2910	958	959
89212	28	2553	958	959
7263	28	166	958	959
96343	28	37	958	959
7485	28	145	958	959
39758	28	3921	958	959
78233	28	25924	958	959
37438	28	57	958	959
89878	28	1749	958	959
18144	28	1021	958	959
11912	28	227	958	959
73404	28	905	958	959
11000	28	3982	958	959
24189	28	794	958	959
67154	28	28794	958	959
8034	28	612	958	959
93899	28	1703	958	959
60866	28	2215	958	959
13494	28	614	958	959
8127	28	963	958	959
59960	28	2366	958	959
5882	28	1071	958	959
5618	28	319	958	959
51712	28	4729	958	959
85633	28	2485	958	959
12059	28	8306	958	959
5196	28	77	958	959
11247	28	221	958	959
118600	28	69229	958	959
11570	28	571	958	959
27924	28	1467	958	959
38286	28	333	958	959
41564	28	1399	958	959
15921	28	556	958	959
80596	28	693	958	959
34694	28	91	958	959
87799	28	4418	958	959
62930	28	22983	958	959
70486	28	560	958	959
17379	28	2449	958	959
37911	28	437	958	959
51200	28	1430	958	959
83194	28	1307	958	959
25763	28	89	958	959
33135	28	1883	958	959
14640	28	572	958	959
11452	28	1120	958	959
9728	28	3668	958	959
106334	28	1008	958	959
31772	28	154	958	959
8905	28	122	958	959
29554	28	1027	958	959
12926	28	657	958	959
12288	28	100	958	959
20103	28	555	958	959
9463	28	502	958	959
50926	28	500	958	959
35717	28	134	958	959
49917	28	1666	958	959
69310	28	445	958	959
11379	28	2097	958	959
10252	28	1624	958	959
7145	28	1021	958	959
6808	28	191	958	959
52057	28	1078	958	959
7655	28	4251	958	959
68246	28	146220	958	959
42166	28	719	958	959
11971	28	2414	958	959
56054	28	2490	958	959
16373	28	990	958	959
28740	28	1547	958	959
6056	28	710	958	959
28668	28	2709	958	959
42794	28	5115	958	959
81734	28	1806	958	959
82881	28	805	958	959
38537	28	1075	958	959
107394	28	13881	958	959
7817	28	1809	958	959
76942	28	745	958	959
33122	28	973	958	959
10088	28	469	958	959
51731	28	107386	958	959
64891	28	477	958	959
18020	28	355	958	959
10094	28	23624	958	959
4792	28	458	958	959
27625	28	7117	958	959
39186	28	808	958	959
68699	28	2046	958	959
12673	28	1365	958	959
16974	28	6476	958	959
7855	28	235	958	959
76242	28	297	958	959
20487	28	1338	958	959
22372	28	25924	958	959
19051	28	511	958	959
15668	28	470	958	959
7571	28	30	958	959
13788	28	647	958	959
8707	28	1099	958	959
13023	28	132	958	959
5573	28	1078	958	959
39659	28	5615	958	959
16188	28	442	958	959
82738	28	883	958	959
126392	28	5520	958	959
45526	28	904	958	959
42384	28	83	958	959
45930	28	605	958	959
30030	28	1794	958	959
90946	28	635	958	959
42167	28	2414	958	959
35131	28	575	958	959
81845	28	628	958	959
46713	28	3449	958	959
30906	28	281	958	959
109699	28	141	958	959
55325	28	6068	958	959
37728	28	979	958	959
14051	28	1081	958	959
37438	28	629	958	959
57987	28	400	958	959
92019	28	2601	958	959
12120	28	147	958	959
16588	28	617	958	959
42752	28	1380	958	959
12453	28	1227	958	959
58049	28	2784	958	959
13229	28	612	958	959
74724	28	24383	958	959
36871	28	510	958	959
13179	28	1181	958	959
8080	28	65	958	959
17406	28	632	958	959
18622	28	2105	958	959
8681	28	215	958	959
18608	28	528	958	959
85491	28	797	958	959
42469	28	491	958	959
82222	28	1918	958	959
9772	28	568	958	959
44507	28	888	958	959
13517	28	7370	958	959
22133	28	3416	958	959
27393	28	669	958	959
39321	28	864	958	959
110582	28	2486	958	959
5776	28	166	958	959
94712	28	574	958	959
32017	28	1981	958	959
22810	28	386	958	959
28850	28	1621	958	959
15878	28	167	958	959
49924	28	1211	958	959
13672	28	72	958	959
23349	28	233	958	959
30166	28	3460	958	959
19116	28	3584	958	959
15420	28	434	958	959
66688	28	722	958	959
111702	28	23125	958	959
16480	28	1697	958	959
59321	28	391	958	959
13591	28	970	958	959
10585	28	283	958	959
23409	28	1164	958	959
28401	28	118	958	959
82674	28	31002	958	959
10576	28	4669	958	959
28154	28	51	958	959
52913	28	19949	958	959
83721	28	708	958	959
15359	28	3763	958	959
49737	28	79	958	959
39241	28	1649	958	959
5730	28	33	958	959
22950	28	41	958	959
73687	28	303	958	959
92199	28	1987	958	959
15250	28	922	958	959
67113	28	617	958	959
76362	28	985	958	959
43206	28	503	958	959
21373	28	364	958	959
60923	28	483	958	959
75575	28	708	958	959
11903	28	334	958	959
70316	28	3645	958	959
63319	28	65889	958	959
34813	28	2849	958	959
23997	28	975	958	959
42633	28	232	958	959
28767	28	321	958	959
124026	28	17438	958	959
58890	28	415	958	959
14653	28	6068	958	959
90684	28	1460	958	959
54479	28	33413	958	959
33845	28	795	958	959
84445	28	941	958	959
102090	28	8588	958	959
15513	28	1954	958	959
11279	28	165	958	959
10004	28	516	958	959
46268	28	88	958	959
22582	28	325	958	959
20006	28	1882	958	959
15866	28	2032	958	959
36332	28	1134	958	959
28760	28	89	958	959
84249	28	7641	958	959
43003	28	158	958	959
8314	28	126	958	959
15997	28	1283	958	959
21078	28	91	958	959
30022	28	2105	958	959
56277	28	4865	958	959
19138	28	1477	958	959
28784	28	416	958	959
11107	28	213	958	959
38179	28	1755	958	959
7105	28	1210	958	959
110868	28	2714	958	959
11691	28	723	958	959
8331	28	102	958	959
88630	28	559	958	959
21430	28	210	958	959
95591	28	3135	958	959
63650	28	553	958	959
48974	28	926	958	959
15639	28	46	958	959
15256	28	743	958	959
7911	28	423	958	959
16221	28	78	958	959
101235	28	439	958	959
15630	28	44837	958	959
13443	28	139	958	959
32300	28	3449	958	959
38700	28	1788	958	959
20285	28	1879	958	959
13444	28	574	958	959
77442	28	165	958	959
8324	28	1954	958	959
129600	28	2849	958	959
105825	28	3788	958	959
49724	28	793	958	959
6428	28	556	958	959
29731	28	461	958	959
37199	28	586	958	959
14315	28	3632	958	959
18376	28	596	958	959
32109	28	2528	958	959
35291	28	3395	958	959
7149	28	89	958	959
76455	28	1346	958	959
26823	28	2035	958	959
19980	28	754	958	959
14132	28	412	958	959
48099	28	1388	958	959
32410	28	3349	958	959
11149	28	482	958	959
22885	28	1380	958	959
44399	28	2093	958	959
8241	28	2614	958	959
20740	28	434	958	959
126007	28	114	958	959
9305	28	432	958	959
71216	28	22429	958	959
15099	28	672	958	959
57266	28	492	958	959
31850	28	1507	958	959
36725	28	1976	958	959
13631	28	646	958	959
45471	28	3386	958	959
7017	28	449	958	959
6246	28	528	958	959
17745	28	1499	958	959
12387	28	100	958	959
80027	28	3387	958	959
73722	28	852	958	959
31101	28	7895	958	959
7697	28	259	958	959
9176	28	926	958	959
22383	28	635	958	959
34524	28	1963	958	959
6731	28	365	958	959
46769	28	2899	958	959
57582	28	1067	958	959
12416	28	142	958	959
16796	28	525	958	959
67744	28	23	958	959
43234	14	146741	958	959
46539	28	3350	958	959
32243	28	1440	958	959
8512	28	80824	958	959
7014	28	288	958	959
51237	28	678	958	959
8763	28	963	958	959
84905	28	21137	958	959
21025	28	1965	958	959
17791	28	159	958	959
59703	28	2763	958	959
79061	28	1963	958	959
8186	28	48	958	959
12645	28	2414	958	959
22218	28	470	958	959
23109	28	1749	958	959
17039	28	250	958	959
36436	28	458	958	959
46659	28	760	958	959
32325	28	3545	958	959
22801	28	1118	958	959
130687	28	931	958	959
24063	28	38	958	959
11828	28	1234	958	959
16425	28	29953	958	959
4827	28	396	958	959
16823	28	2336	958	959
78331	28	232	958	959
29060	28	463	958	959
27349	28	215	958	959
10251	28	1624	958	959
9247	28	897	958	959
9094	28	283	958	959
17515	28	254	958	959
17496	28	489	958	959
73901	28	1266	958	959
66578	28	360	958	959
21489	28	171	958	959
12419	28	3195	958	959
70036	28	980	958	959
56044	28	49221	958	959
85779	28	317	958	959
21177	28	339	958	959
55072	28	5115	958	959
44103	28	9927	958	959
18435	28	4581	958	959
65768	28	2623	958	959
28831	28	524	958	959
17546	28	1345	958	959
21585	28	565	958	959
64513	28	23841	958	959
49470	28	411	958	959
16390	28	328	958	959
43234	14	54298	958	959
28545	28	1024	958	959
11391	28	2583	958	959
8404	28	778	958	959
34110	28	434	958	959
25433	28	609	958	959
6679	28	742	958	959
17431	28	377	958	959
13652	28	2175	958	959
12958	28	723	958	959
19584	28	70	958	959
10180	28	3876	958	959
58037	28	1294	958	959
18589	28	731	958	959
41574	28	2449	958	959
151745	16	4105	958	959
34366	28	2065	958	959
51880	28	378	958	959
4848	28	445	958	959
43234	14	138333	958	959
25195	28	5502	958	959
9643	28	1061	958	959
7767	28	951	958	959
7921	28	1919	958	959
15048	28	256	958	959
29804	28	405	958	959
17574	28	5312	958	959
19619	28	3645	958	959
24710	28	8764	958	959
37358	28	743	958	959
15703	28	19	958	959
24478	28	78	958	959
25505	28	177	958	959
55292	28	1468	958	959
33257	28	692	958	959
22664	28	786	958	959
12778	28	4277	958	959
85158	28	6098	958	959
68598	28	1118	958	959
25190	28	1607	958	959
15999	28	9041	958	959
5695	28	434	958	959
113458	28	8229	958	959
22236	28	219	958	959
85862	28	1542	958	959
65092	28	62931	958	959
10310	28	63	958	959
95459	28	3982	958	959
59323	28	535	958	959
18389	28	405	958	959
45253	28	13107	958	959
9263	28	498	958	959
10553	28	574	958	959
4708	28	1499	958	959
14980	28	169	958	959
8061	28	42	958	959
42996	28	222	958	959
19091	28	1118	958	959
69442	28	524	958	959
25149	28	797	958	959
46853	28	995	958	959
10255	28	42	958	959
64146	28	1948	958	959
38250	28	333	958	959
67813	28	2532	958	959
55167	28	2293	958	959
19538	28	470	958	959
20485	28	350	958	959
13070	28	793	958	959
22133	28	266	958	959
18218	28	147	958	959
48381	28	740	958	959
95710	28	1959	958	959
12056	28	635	958	959
5543	28	1783	958	959
16243	28	1557	958	959
13982	28	256	958	959
10353	28	57	958	959
21176	28	3888	958	959
58925	28	695	958	959
38848	28	1500	958	959
68009	28	10676	958	959
24379	28	916	958	959
21558	28	710	958	959
14713	28	391	958	959
15723	28	351	958	959
16060	28	181	958	959
86914	28	2517	958	959
90750	28	1692	958	959
20675	28	146	958	959
24529	28	1778	958	959
111424	28	3936	958	959
63156	28	5755	958	959
10845	28	4613	958	959
42989	28	141	958	959
6697	28	1572	958	959
13228	28	846	958	959
42201	28	418	958	959
11251	28	266	958	959
9829	28	23	958	959
10058	28	27	958	959
122960	28	1728	958	959
43032	28	9041	958	959
40885	28	424	958	959
11423	28	132	958	959
61518	28	1076	958	959
97221	28	564	958	959
27866	28	453	958	959
16600	28	378	958	959
82354	28	1160	958	959
18689	28	969	958	959
89452	28	1722	958	959
33218	28	5524	958	959
26005	28	905	958	959
80552	28	3452	958	959
74074	28	446	958	959
101351	28	1900	958	959
25209	28	1405	958	959
8050	28	435	958	959
10616	28	1074	958	959
143180	28	1019	958	959
130783	28	3761	958	959
51768	28	568	958	959
11828	28	348	958	959
59719	28	478	958	959
28548	28	4589	958	959
16227	28	22431	958	959
95345	28	313	958	959
14826	28	1421	958	959
44611	28	963	958	959
10980	28	989	958	959
9782	28	16	958	959
9735	28	48958	958	959
42755	28	1020	958	959
33507	28	23	958	959
9293	28	758	958	959
29662	28	22755	958	959
9862	28	233	958	959
37431	28	6984	958	959
15210	28	462	958	959
31449	28	122	958	959
19882	28	147	958	959
7025	28	83	958	959
81003	28	2442	958	959
36558	28	10269	958	959
12733	28	1624	958	959
17676	28	548	958	959
27876	28	31309	958	959
55136	28	387	958	959
95572	28	5369	958	959
20747	28	3113	958	959
41103	28	257	958	959
11346	28	1078	958	959
5601	28	593	958	959
44270	28	1825	958	959
13366	28	79	958	959
5826	28	571	958	959
12705	28	615	958	959
14589	28	1199	958	959
13825	28	1383	958	959
69411	28	2539	958	959
29548	28	832	958	959
6315	28	1514	958	959
13783	28	668	958	959
26390	28	330	958	959
12404	28	478	958	959
10713	28	2057	958	959
14018	28	18357	958	959
52012	28	1055	958	959
28411	28	2605	958	959
60019	28	528	958	959
54089	28	2649	958	959
44085	28	1021	958	959
20002	28	1333	958	959
10340	28	44	958	959
26078	28	23	958	959
9877	28	211	958	959
62383	28	2763	958	959
13708	28	228	958	959
76893	28	1137	958	959
84369	28	83	958	959
18078	28	43	958	959
48632	28	248	958	959
5587	28	81	958	959
7114	28	295	958	959
8476	28	1962	958	959
111398	28	141	958	959
19587	28	69	958	959
9075	28	39	958	959
28541	28	2175	958	959
77012	28	31237	958	959
95650	28	2180	958	959
39658	28	7624	958	959
11588	28	2172	958	959
20092	28	1682	958	959
18117	28	3982	958	959
7097	28	482	958	959
6112	28	1299	958	959
49354	28	679	958	959
22172	28	2773	958	959
36360	28	222	958	959
148425	28	5513	958	959
70023	28	994	958	959
7744	28	1230	958	959
13646	28	2336	958	959
15340	28	149	958	959
32372	28	239	958	959
17683	28	1085	958	959
22629	28	1499	958	959
97409	28	42741	958	959
28821	28	572	958	959
21045	28	23	958	959
64031	28	649	958	959
7956	28	41	958	959
4629	28	907	958	959
98032	28	653	958	959
31443	28	2178	958	959
15273	28	1231	958	959
11464	28	1082	958	959
11324	28	100	958	959
15224	28	166	958	959
16188	28	236	958	959
18682	28	1185	958	959
33954	28	231	958	959
10881	28	793	958	959
37895	28	1076	958	959
11749	28	1266	958	959
18497	28	54	958	959
33078	28	40	958	959
35286	28	10579	958	959
70371	28	360	958	959
52724	28	731	958	959
9784	28	390	958	959
51407	28	570	958	959
118341	16	3813	958	959
37443	28	483	958	959
11640	28	3466	958	959
13072	28	321	958	959
70636	28	2516	958	959
15008	28	171	958	959
23447	28	607	958	959
76329	28	28323	958	959
47788	28	1542	958	959
63281	28	304	958	959
11959	28	44	958	959
18902	28	416	958	959
54946	28	3553	958	959
44496	28	257	958	959
4010	28	511	958	959
22759	28	2712	958	959
4587	28	19	958	959
79562	28	2577	958	959
33007	28	3869	958	959
15758	28	1238	958	959
11507	28	416	958	959
50902	28	1213	958	959
26092	28	274	958	959
24301	28	1833	958	959
6464	28	124	958	959
18899	28	1338	958	959
10771	28	232	958	959
23264	28	1978	958	959
22560	28	830	958	959
44124	28	2227	958	959
86157	28	22742	958	959
18484	28	235	958	959
11205	28	198	958	959
109842	28	12982	958	959
23097	28	1074	958	959
39868	28	351	958	959
19180	28	348	958	959
18938	28	1656	958	959
33715	28	345	958	959
21091	28	339	958	959
32999	28	1174	958	959
16927	28	621	958	959
123299	28	1076	958	959
8387	28	433	958	959
25974	28	675	958	959
69971	28	1907	958	959
53514	28	2046	958	959
16668	28	478	958	959
37774	28	2849	958	959
20739	28	1238	958	959
25036	28	679	958	959
58501	28	5800	958	959
20249	28	44	958	959
19815	28	5444	958	959
28574	28	518	958	959
45438	28	1700	958	959
19010	28	1380	958	959
17095	28	1245	958	959
48900	28	219	958	959
20119	28	278	958	959
12731	28	1237	958	959
27585	28	819	958	959
8645	28	620	958	959
23487	28	972	958	959
84895	28	1413	958	959
32244	28	3960	958	959
29223	28	2218	958	959
20961	28	219	958	959
59969	28	265	958	959
19719	28	2053	958	959
66578	28	908	958	959
57618	28	451	958	959
15550	28	818	958	959
35913	28	88	958	959
56680	28	2264	958	959
12482	28	336	958	959
8850	28	1954	958	959
23784	28	89	958	959
11233	28	400	958	959
9214	28	573	958	959
23778	28	179	958	959
32684	28	612	958	959
15956	28	555	958	959
25933	28	964	958	959
6992	28	114	958	959
10911	28	1021	958	959
33480	28	483	958	959
9865	28	565	958	959
73103	28	3213	958	959
24667	28	435	958	959
22450	28	222	958	959
15351	28	478	958	959
12756	28	398	958	959
20849	28	13217	958	959
31436	28	280	958	959
109165	28	38502	958	959
8186	28	104	958	959
24079	28	196	958	959
40538	28	592	958	959
16269	28	748	958	959
61140	28	102	958	959
9887	28	186	958	959
44543	28	1070	958	959
24025	28	2412	958	959
27521	28	463	958	959
15137	28	868	958	959
17709	28	482	958	959
25220	28	278	958	959
12315	28	282	958	959
24674	28	469	958	959
9443	28	855	958	959
8847	28	2066	958	959
7617	28	39	958	959
26549	28	634	958	959
23781	28	516	958	959
23793	28	559	958	959
38822	28	21499	958	959
71979	28	1370	958	959
18493	28	2097	958	959
29134	28	731	958	959
29988	28	3323	958	959
7441	28	1677	958	959
6171	28	1148	958	959
26796	28	114	958	959
8959	28	2148	958	959
41109	28	1223	958	959
33176	28	769	958	959
30341	28	1063	958	959
124322	28	232	958	959
5216	28	188	958	959
40326	28	842	958	959
20663	28	68	958	959
60461	28	263	958	959
14915	28	500	958	959
79105	28	1660	958	959
21032	28	280	958	959
14196	28	742	958	959
13629	28	45	958	959
39007	28	1656	958	959
36624	28	691	958	959
54192	28	1099	958	959
24123	28	1993	958	959
99281	28	165	958	959
18845	28	222	958	959
124877	28	2968	958	959
12685	28	554	958	959
9736	28	1607	958	959
19187	28	339	958	959
8739	28	622	958	959
24488	28	4116	958	959
9802	28	391	958	959
61122	28	1329	958	959
12308	28	98	958	959
71887	28	2456	958	959
22613	28	83025	958	959
13248	28	140	958	959
11972	28	478	958	959
81969	28	3456	958	959
15055	28	1531	958	959
19914	28	708	958	959
65425	28	25994	958	959
32837	28	3901	958	959
52810	28	1389	958	959
19025	28	234	958	959
11479	28	2527	958	959
16281	28	48	958	959
65401	28	2088	958	959
8613	28	1969	958	959
11551	28	786	958	959
40503	28	3836	958	959
11622	28	731	958	959
67849	28	4756	958	959
26324	28	1269	958	959
65391	28	3925	958	959
9871	28	3466	958	959
19780	28	539	958	959
19479	28	1049	958	959
27847	28	1155	958	959
27549	28	2018	958	959
27267	28	2458	958	959
14360	28	2310	958	959
14233	28	236	958	959
15173	28	1136	958	959
12381	28	637	958	959
12609	28	511	958	959
76205	28	378	958	959
10258	28	1221	958	959
67849	28	706	958	959
16136	28	418	958	959
21219	28	975	958	959
9108	28	1499	958	959
11414	28	36685	958	959
20226	28	2097	958	959
120994	28	57985	958	959
34410	28	394	958	959
55850	28	2289	958	959
69151	28	22983	958	959
53262	28	2152	958	959
14954	28	351	958	959
6934	28	496	958	959
36743	28	141	958	959
72702	28	1395	958	959
68504	28	748	958	959
59988	28	1006	958	959
9712	28	79	958	959
6190	28	1078	958	959
17276	28	266	958	959
15182	28	33	958	959
9665	28	793	958	959
63375	28	739	958	959
14016	28	147	958	959
20339	28	23	958	959
149340	28	2052	958	959
16852	28	386	958	959
22552	28	739	958	959
31676	28	843	958	959
25266	28	2113	958	959
9058	28	387	958	959
67319	28	16247	958	959
20369	28	1455	958	959
31142	28	344	958	959
56424	28	3761	958	959
89396	28	92894	958	959
8393	28	437	958	959
23484	28	3386	958	959
42099	28	2348	958	959
6782	28	192	958	959
22656	28	1589	958	959
43021	28	660	958	959
8648	28	2414	958	959
67374	28	315	958	959
20132	28	2348	958	959
9428	28	86	958	959
26130	28	4353	958	959
25558	28	3621	958	959
53222	28	2563	958	959
25581	28	594	958	959
43123	28	6581	958	959
78851	28	31420	958	959
18478	28	17558	958	959
19123	28	152	958	959
13056	28	1338	958	959
7280	28	574	958	959
6235	28	6068	958	959
18402	28	333	958	959
7623	28	2014	958	959
16671	28	123	958	959
22741	28	21233	958	959
7665	28	607	958	959
13531	28	2353	958	959
71183	28	848	958	959
24586	28	388	958	959
13256	28	396	958	959
10060	28	482	958	959
30265	28	429	958	959
65182	28	1317	958	959
10250	28	2901	958	959
6699	28	482	958	959
51910	28	1547	958	959
36398	28	1547	958	959
105384	28	6375	958	959
23714	28	121	958	959
90772	28	1264	958	959
36791	28	1458	958	959
60693	28	2482	958	959
30414	28	1242	958	959
81043	28	25100	958	959
124172	28	1828	958	959
21098	28	118	958	959
27007	28	423	958	959
74061	28	3193	958	959
15078	28	72	958	959
96127	28	570	958	959
76296	28	13435	958	959
11793	28	484	958	959
34919	28	254	958	959
38716	28	1210	958	960
52032	28	1286	958	960
70520	28	220	958	960
21690	28	1390	958	960
28967	28	1613	958	960
7132	28	592	958	960
11326	28	475	958	960
11334	28	118	958	960
29132	28	5207	958	960
16464	28	168	958	960
52512	28	419	958	960
16323	28	387	958	960
18919	28	1841	958	960
25116	28	1221	958	960
52576	28	2324	958	960
11475	28	89	958	960
22122	28	1968	958	960
14612	28	353	958	960
39389	28	995	958	960
14631	28	556	958	960
29541	28	1501	958	960
71365	28	2872	958	960
25274	28	627	958	960
34041	28	1269	958	960
71483	28	79	958	960
13164	28	3195	958	960
19364	28	927	958	960
71767	28	95	958	960
8597	28	5973	958	960
16919	28	313	958	960
39795	28	1007	958	960
39896	28	536	958	960
14904	28	1812	958	960
83843	28	210	958	960
19157	28	56	958	960
19643	28	799	958	960
11861	28	248	958	960
15047	28	1624	958	960
15064	28	975	958	960
15072	28	1583	958	960
53852	28	2338	958	960
34925	28	797	958	960
6881	28	202	958	960
71500	28	1895	958	960
30365	28	596	958	960
15155	28	937	958	960
84472	28	798	958	960
11998	28	596	958	960
46819	28	437	958	960
26384	28	10669	958	960
11519	28	167	958	960
8039	28	670	958	960
25319	28	722	958	960
12033	28	1695	958	960
26451	28	179	958	960
73043	28	2338	958	960
26655	28	117	958	960
12821	28	142	958	960
54669	28	1465	958	960
54672	28	391	958	960
13623	28	57	958	960
35521	28	327	958	960
5671	28	1738	958	960
35617	28	496	958	960
47466	28	459	958	960
38750	28	1643	958	960
71143	28	1547	958	960
15475	28	1074	958	960
16555	28	363	958	960
73725	28	1321	958	960
20360	28	2128	958	960
17637	28	106	958	960
8865	28	179	958	960
26991	28	20160	958	960
73990	28	888	958	960
28856	28	793	958	960
16525	28	640	958	960
85804	28	1076	958	960
74070	28	525	958	960
6689	28	33	958	960
15591	28	51	958	960
60991	28	587	958	960
27087	28	154	958	960
54347	28	1900	958	960
14534	28	1291	958	960
99427	28	746	958	960
17777	28	42	958	960
9204	28	252	958	960
63331	28	580	958	960
48019	28	1442	958	960
41645	28	2125	958	960
48068	28	2719	958	960
7457	28	156	958	960
36149	28	196	958	960
12327	28	354	958	960
12330	28	74436	958	960
36153	28	202	958	960
64446	28	10220	958	960
17399	28	632	958	960
15697	28	1531	958	960
36220	28	837	958	960
26926	28	458	958	960
36251	28	744	958	960
14210	28	169	958	960
23527	28	803	958	960
99960	28	4458	958	960
31564	28	533	958	960
29626	28	199	958	960
20533	28	261	958	960
64745	28	13859	958	960
48407	28	920	958	960
47386	28	841	958	960
38925	28	523	958	960
13809	28	471	958	960
17906	28	120	958	960
14658	28	2877	958	960
30576	28	2835	958	960
34130	28	53	958	960
15417	28	42	958	960
35973	28	192	958	960
13779	28	234	958	960
36490	28	35035	958	960
36508	28	121	958	960
20817	28	516	958	960
18561	28	266	958	960
46970	28	1023	958	960
27440	28	701	958	960
35500	28	64	958	960
86967	28	1417	958	960
86982	28	2621	958	960
4464	28	46	958	960
116467	28	2065	958	960
15001	28	5797	958	960
158360	28	2694	958	960
15475	28	1279	958	960
33465	28	451	958	960
14395	28	1095	958	960
8973	28	31	958	960
52940	28	3429	958	960
7070	28	98	958	960
8961	28	716	958	960
71606	28	1421	958	960
75733	28	3321	958	960
87665	28	18963	958	960
15958	28	499	958	960
7297	28	4195	958	960
42937	28	5797	958	960
16516	28	179	958	960
6207	28	168	958	960
42966	28	670	958	960
42508	14	136367	958	960
55893	28	17437	958	960
23314	28	2602	958	960
62920	28	704	958	960
39250	28	533	958	960
11865	28	288	958	960
49648	28	674	958	960
15376	28	321	958	960
88642	28	501	958	960
5623	28	272	958	960
26936	28	311	958	960
14275	28	826	958	960
29042	28	3339	958	960
7120	28	82	958	960
63333	28	22176	958	960
9074	28	390	958	960
25012	28	325	958	960
12907	28	2347	958	960
7184	28	437	958	960
10245	28	27	958	960
14340	28	2065	958	960
18777	28	715	958	960
29139	28	114	958	960
61467	28	760	958	960
33820	28	3195	958	960
72191	28	4726	958	960
32340	28	136	958	960
13059	28	188	958	960
22205	28	289	958	960
11451	28	528	958	960
14679	28	156	958	960
11551	28	586	958	960
103047	28	641	958	960
11610	28	975	958	960
7885	28	691	958	960
16918	28	1519	958	960
12944	28	117	958	960
6843	28	381	958	960
65670	28	3230	958	960
50096	28	465	958	960
16442	28	723	958	960
119296	28	1421	958	960
22545	28	456	958	960
39962	28	509	958	960
11768	28	83	958	960
72165	28	2140	958	960
30233	28	899	958	960
97569	28	913	958	960
25459	28	10579	958	960
11665	28	22	958	960
97441	28	369	958	960
40182	28	2434	958	960
24909	28	37	958	960
9272	28	1762	958	960
6701	28	242	958	960
40321	28	904	958	960
66443	28	1177	958	960
26052	28	451	958	960
26414	28	57	958	960
43549	28	674	958	960
30541	28	503	958	960
6463	28	1915	958	960
30471	28	3778	958	960
58195	28	280	958	960
138444	28	449	958	960
22056	28	192	958	960
47069	28	1243	958	960
30621	28	369	958	960
40896	28	1455	958	960
11540	28	158	958	960
30808	28	475	958	960
88294	28	1708	958	960
50352	28	2592	958	960
35308	28	6135	958	960
23218	28	282	958	960
26756	28	1519	958	960
14884	28	866	958	960
16851	28	58	958	960
29697	28	3429	958	960
15378	28	927	958	960
6319	28	1185	958	960
35839	28	234	958	960
61119	28	2602	958	960
25142	28	180	958	960
25127	28	24	958	960
64144	28	4169	958	960
65249	28	2366	958	960
27019	28	565	958	960
12269	28	23086	958	960
13791	28	61	958	960
31293	28	1036	958	960
19062	28	54	958	960
25849	28	707	958	960
67938	28	4080	958	960
4222	28	41	958	960
33931	28	3447	958	960
22816	28	87	958	960
17811	28	991	958	960
19273	28	1759	958	960
36019	28	1107	958	960
82296	28	1497	958	960
36272	28	378	958	960
14999	28	2735	958	960
63811	28	3376	958	960
91117	28	675	958	960
5838	28	511	958	960
26079	28	1052	958	960
64735	28	266	958	960
50381	28	22	958	960
17897	28	1139	958	960
64779	28	437	958	960
31718	28	2150	958	960
78910	28	1359	958	960
99122	28	1870	958	960
26765	28	153	958	960
10546	28	72	958	960
7987	28	1043	958	960
8241	28	111	958	960
40836	28	1666	958	960
23315	28	6459	958	960
90348	28	2526	958	960
17231	28	1231	958	960
26593	28	657	958	960
21001	28	675	958	960
34530	28	110	958	960
27813	28	4143	958	960
27822	28	2128	958	960
105808	28	4703	958	960
21059	28	143	958	960
13983	28	465	958	960
36158	28	960	958	960
25695	28	2201	958	960
22846	28	795	958	960
61330	28	1210	958	960
35081	28	123	958	960
42797	28	903	958	960
40919	28	686	958	960
8271	28	1619	958	960
9653	28	3410	958	960
5076	28	3145	958	960
16557	28	2234	958	960
13648	28	39	958	960
12900	28	153	958	960
49917	28	133	958	960
57153	28	1554	958	960
59037	28	6779	958	960
73707	28	1925	958	960
19994	28	572	958	960
31941	28	493	958	960
122508	28	392	958	960
5468	28	31	958	960
36063	28	51	958	960
22794	28	2397	958	960
10012	28	168	958	960
10352	28	47	958	960
31609	28	1227	958	960
87124	28	2412	958	960
32372	28	815	958	960
27449	28	744	958	960
62522	28	1254	958	960
11410	28	464	958	960
28130	28	161	958	960
13526	28	1071	958	960
14020	28	1606	958	960
28469	28	3349	958	960
32343	28	6067	958	960
78708	28	1757	958	960
26522	28	317	958	960
9002	28	64	958	960
23383	28	1412	958	960
97496	28	99	958	960
5967	28	44	958	960
11734	28	1150	958	960
91237	28	3308	958	960
106770	28	412	958	960
12384	28	5800	958	960
56333	28	231	958	960
31464	28	53	958	960
9680	28	167	958	960
24480	28	339	958	960
13504	28	1267	958	960
9753	28	2052	958	960
79990	28	292	958	960
28043	28	1423	958	960
15457	28	147	958	960
21047	28	1987	958	960
28555	28	1421	958	960
30340	28	240	958	960
105762	28	679	958	960
9223	28	1082	958	960
53445	28	704	958	960
39940	28	1145	958	960
36564	28	568	958	960
14702	28	178	958	960
19862	28	317	958	960
21158	28	1619	958	960
18806	28	114	958	960
33489	28	1336	958	960
51284	28	136	958	960
34105	28	459	958	960
42548	28	723	958	960
6189	28	79	958	960
14170	28	495	958	960
13529	28	1887	958	960
22955	28	2175	958	960
15784	28	2766	958	960
59587	28	2046	958	960
49288	28	888	958	960
25183	28	2784	958	960
67025	28	133	958	960
6797	28	83	958	960
80434	28	1757	958	960
29436	28	331	958	960
23217	28	581	958	960
29256	28	2353	958	960
88286	28	371	958	960
19232	28	1416	958	960
38308	28	1020	958	960
16246	28	653	958	960
22891	28	592	958	960
34005	28	994	958	960
46395	28	177	958	960
46547	28	1767	958	960
67293	28	5630	958	960
16217	28	73	958	960
23285	28	436	958	960
28669	28	1332	958	960
76415	28	5755	958	960
14969	28	213	958	960
65826	28	957	958	960
93258	28	1093	958	960
107929	28	7583	958	960
50155	28	3731	958	960
143571	28	28858	958	960
89120	28	759	958	960
85791	28	1931	958	960
21528	28	160	958	960
11938	28	126	958	960
38218	28	23086	958	960
93388	28	797	958	960
29145	28	1560	958	960
27277	28	233	958	960
28617	28	103	958	960
50938	28	1379	958	960
20159	28	129	958	960
47885	28	353	958	960
32397	28	39797	958	960
30355	28	3876	958	960
42544	28	7313	958	960
24153	28	4865	958	960
49321	28	2623	958	960
9285	28	478	958	960
25372	28	2289	958	960
12284	28	64	958	960
23800	28	319	958	960
21257	28	167	958	960
59297	28	3395	958	960
27582	28	232	958	960
5428	28	177	958	960
9938	28	48	958	960
51044	28	971	958	960
7432	28	134	958	960
10076	28	1621	958	960
8157	28	123	958	960
17183	28	390	958	960
23164	28	9509	958	960
60834	28	4524	958	960
5503	28	87	958	960
12786	28	3148	958	960
9284	28	49	958	960
3854	28	89	958	960
24612	28	583	958	960
23909	28	1617	958	960
120349	28	1552	958	960
17027	28	358	958	960
65693	28	621	958	960
22841	28	406	958	960
44530	28	400	958	960
81046	28	131	958	960
26606	28	718	958	960
20115	28	2713	958	960
38016	28	2602	958	960
17770	28	1328	958	960
19986	28	1251	958	960
12166	28	231	958	960
6071	28	821	958	960
28639	28	22	958	960
24567	28	720	958	960
23561	28	321	958	960
34190	28	805	958	960
47500	28	1155	958	960
102785	28	1522	958	960
10657	28	45	958	960
48821	28	55	958	960
35985	28	1812	958	960
44313	28	985	958	960
98602	28	23573	958	960
12374	28	1030	958	960
25983	28	2399	958	960
43565	28	1249	958	960
50411	28	449	958	960
87067	28	3109	958	960
83182	28	357	958	960
67955	28	1410	958	960
23939	28	722	958	960
9549	28	1096	958	960
19937	28	6068	958	960
12390	28	69	958	960
9276	28	135	958	960
20903	28	293	958	960
92035	28	37115	958	960
27817	28	1397	958	960
14505	28	647	958	960
20395	28	261	958	960
11884	28	88	958	960
11790	28	1812	958	960
19350	28	398	958	960
17274	28	2027	958	960
16136	28	136	958	960
55957	28	1067	958	960
29925	28	21487	958	960
36004	28	213	958	960
94304	28	1016	958	960
11182	28	3982	958	960
82334	28	2276	958	960
44118	28	357	958	960
10896	28	1945	958	960
9085	28	1336	958	960
50999	28	19	958	960
23768	28	30	958	960
7952	28	149	958	960
19215	28	77	958	960
33856	28	4613	958	960
86872	28	1356	958	960
21000	28	248	958	960
19741	28	330	958	960
87730	28	1266	958	960
6521	28	186	958	960
68403	28	1006	958	960
35045	28	1131	958	960
16533	28	238	958	960
15801	28	1476	958	960
12109	28	114	958	960
21917	28	1152	958	960
6735	28	109	958	960
18609	28	328	958	960
6793	28	1050	958	960
8515	28	475	958	960
14698	28	462	958	960
102564	28	303	958	960
30017	28	41	958	960
62222	28	95	958	960
83651	28	371	958	960
18961	28	365	958	960
25171	28	598	958	960
41570	28	905	958	960
32860	28	1371	958	960
29517	28	1413	958	960
9913	28	703	958	960
20721	28	1266	958	960
53847	28	107199	958	960
15328	28	318	958	960
9950	28	175	958	960
17020	28	949	958	960
27598	28	1245	958	960
67640	28	31420	958	960
94525	28	282	958	960
94577	28	696	958	960
74815	28	1542	958	960
36737	28	2175	958	960
72902	28	232	958	960
27886	28	1266	958	960
32054	28	1052	958	960
12508	28	1951	958	960
38174	28	1693	958	960
36501	28	2527	958	960
43984	28	1392	958	960
20340	28	38	958	960
23518	28	3131	958	960
19954	28	525	958	960
32256	28	45	958	960
101520	28	1942	958	960
5726	28	2975	958	960
56500	28	53635	958	960
102080	28	1155	958	960
13856	28	3836	958	960
11196	28	177	958	960
6960	28	885	958	960
30521	28	20	958	960
14341	28	695	958	960
24443	28	3870	958	960
21545	28	496	958	960
25127	28	43	958	960
80594	28	5990	958	960
54178	28	1346	958	960
31950	28	1275	958	960
70120	28	2348	958	960
67198	28	1932	958	960
54116	28	303	958	960
59261	28	891	958	960
19435	28	422	958	960
17490	28	1688	958	960
9243	28	17377	958	960
81112	28	357	958	960
28558	28	79	958	960
18498	28	696	958	960
8576	28	3141	958	960
39507	28	1617	958	960
94678	28	180	958	960
6640	28	1025	958	960
10574	28	1223	958	960
4874	28	31	958	960
12241	28	40359	958	960
34136	28	1640	958	960
7817	28	808	958	960
13884	28	331	958	960
30545	28	2602	958	960
55884	28	14823	958	960
44191	28	73	958	960
45832	28	184	958	960
26560	28	1136	958	960
81107	28	5261	958	960
59645	28	1276	958	960
9199	28	2150	958	960
76171	28	39797	958	960
24652	28	778	958	960
17808	28	66	958	960
17008	28	1162	958	960
24989	28	32737	958	960
93755	28	3778	958	960
21999	28	291	958	960
9740	28	696	958	960
10081	28	615	958	960
110368	28	2991	958	960
121117	28	70770	958	960
21750	28	643	958	960
13653	28	236	958	960
49493	28	735	958	960
50954	28	193	958	960
26365	28	2048	958	960
20187	28	899	958	960
33509	28	957	958	960
21203	28	293	958	960
22654	28	2215	958	960
11724	28	227	958	960
21054	28	555	958	960
7236	28	117	958	960
14860	28	619	958	960
53632	28	989	958	960
15379	28	7345	958	960
19625	28	2766	958	960
92663	28	1358	958	960
15116	28	1018	958	960
13517	28	922	958	960
102288	28	330	958	960
81803	28	3465	958	960
61848	28	1430	958	960
23752	28	46	958	960
21446	28	1230	958	960
27021	28	560	958	960
12572	28	675	958	960
27784	28	384	958	960
9885	28	14	958	960
29157	28	1171	958	960
53323	28	144	958	960
99656	28	2553	958	960
25090	28	431	958	960
68463	28	596	958	960
17850	28	377	958	960
91260	28	1581	958	960
112040	28	3002	958	960
70581	28	1513	958	960
22172	28	45975	958	960
17832	28	523	958	960
21588	28	244	958	960
60185	28	268	958	960
13313	28	129	958	960
55455	28	1965	958	960
8419	28	9147	958	960
32056	28	1524	958	960
15987	28	2780	958	960
19074	28	2527	958	960
7615	28	81	958	960
128530	28	2957	958	960
20812	28	1092	958	960
7386	28	81	958	960
88869	28	501	958	960
70692	28	3135	958	960
80518	28	1218	958	960
6627	28	1019	958	960
14096	28	135	958	960
6641	28	388	958	960
12593	28	47	958	960
62729	28	3425	958	960
15752	28	2851	958	960
11739	28	1413	958	960
38076	28	1118	958	960
109431	28	2180	958	960
15918	28	1383	958	960
15914	28	1004	958	960
13799	28	1951	958	960
14461	28	109	958	960
128825	28	1400	958	960
10952	28	693	958	960
35148	28	3400	958	960
27701	28	144	958	960
72788	28	2027	958	960
74784	28	2916	958	960
9874	28	146	958	960
23849	28	1242	958	960
19838	28	3195	958	960
14581	28	927	958	960
20594	28	1752	958	960
85076	28	1692	958	960
15529	28	741	958	960
58821	28	3949	958	960
15373	28	136	958	960
11260	28	869	958	960
12034	28	1397	958	960
48562	28	39997	958	960
15014	28	1082	958	960
78962	28	877	958	960
8088	28	508	958	960
45422	28	353	958	960
39978	28	1853	958	960
17722	28	666	958	960
12612	28	135	958	960
129241	28	2527	958	960
29986	28	315	958	960
16816	28	315	958	960
10882	28	1968	958	960
94767	28	357	958	960
6537	28	1910	958	960
94782	28	2046	958	960
81516	28	2784	958	960
92278	28	2768	958	960
69830	28	1624	958	960
51868	28	1535	958	960
21848	28	66	958	960
13822	28	1145	958	960
17265	28	492	958	960
12195	28	752	958	960
31457	28	1118	958	960
2996	28	528	958	960
50852	28	1745	958	960
19048	28	1032	958	960
21048	28	421	958	960
8815	28	380	958	960
20492	28	318	958	960
6910	28	371	958	960
26037	28	99	958	960
61308	28	3987	958	960
24729	28	436	958	960
7937	28	120	958	960
9193	28	759	958	960
51887	28	9000	958	960
118944	28	180	958	960
7679	28	450	958	960
11260	28	124	958	960
22627	28	1335	958	960
20794	28	33	958	960
19923	28	109	958	960
91590	28	7224	958	960
12693	28	309	958	960
27259	28	1572	958	960
36503	28	3564	958	960
16225	28	1607	958	960
49958	28	1264	958	960
19939	28	1090	958	960
17988	28	179	958	960
40679	28	1670	958	960
67506	28	422	958	960
21128	28	203	958	960
18885	28	155	958	960
10805	28	4767	958	960
6021	28	649	958	960
94924	28	1221	958	960
34127	28	111	958	960
8256	28	188	958	960
12618	28	230	958	960
71931	28	7051	958	960
40232	28	1981	958	960
17140	28	941	958	960
10032	28	1152	958	960
47966	28	5736	958	960
84400	28	1292	958	960
8008	28	494	958	960
26685	28	12988	958	960
62907	28	937	958	960
122972	28	1152	958	960
10670	28	86	958	960
8597	28	1764	958	960
33217	28	231	958	960
35224	28	10738	958	960
14429	28	575	958	960
16022	28	1403	958	960
17042	28	161	958	960
4911	28	142	958	960
32195	28	477	958	960
12341	28	38	958	960
12571	28	89	958	960
20809	28	168	958	960
16559	28	3868	958	960
43549	28	2528	958	960
87994	28	1129	958	960
12546	28	1110	958	960
15064	28	509	958	960
11190	28	227	958	960
44269	28	394	958	960
38230	28	70	958	960
28574	28	135	958	960
58763	28	439	958	960
12777	28	317	958	960
14733	28	110	958	960
22743	28	228	958	960
89932	28	3347	958	960
94244	28	353	958	960
7579	28	318	958	960
22357	28	1954	958	960
31255	28	3316	958	960
24715	28	750	958	960
13630	28	852	958	960
12435	28	70	958	960
121354	28	8229	958	960
26644	28	1968	958	960
81753	28	1237	958	960
14175	28	159	958	960
27892	28	282	958	960
37785	28	5606	958	960
8046	28	213	958	960
26385	28	904	958	960
29811	28	143	958	960
7485	28	573	958	960
7223	28	400	958	960
10947	28	38	958	960
24684	28	2022	958	960
21726	28	1948	958	960
111692	28	155	958	960
17843	28	2601	958	960
46034	28	888	958	960
57725	28	274	958	960
22204	28	1420	958	960
15144	28	210	958	960
19225	28	503	958	960
18580	28	587	958	960
65412	28	496	958	960
19600	28	180	958	960
32971	28	321	958	960
47584	28	1153	958	960
34074	28	533	958	960
20954	28	1741	958	960
14259	28	140	958	960
16197	28	423	958	960
49812	28	32	958	960
81498	28	774	958	960
28625	28	1536	958	960
28885	28	1915	958	960
6295	28	2201	958	960
130470	28	756	958	960
94406	28	37	958	960
54766	28	2317	958	960
19567	28	699	958	960
50100	28	531	958	960
31785	28	406	958	960
44731	28	2514	958	960
49147	28	144	958	960
60453	28	2522	958	960
33509	28	1788	958	960
23697	28	740	958	960
50625	28	678	958	960
19606	28	168	958	960
66050	28	1151	958	960
110269	28	81714	958	960
23061	28	280	958	960
15958	28	1394	958	960
11404	28	1127	958	960
38459	28	20	958	960
60213	28	230	958	960
5610	28	252	958	960
15564	28	143	958	960
61454	28	710	958	960
25449	28	131	958	960
59204	28	82	958	960
113062	28	4474	958	960
21575	28	1613	958	960
28748	28	21198	958	960
51028	28	95	958	960
7462	28	1020	958	960
19332	28	2104	958	960
19255	28	68	958	960
31385	28	1543	958	960
12351	28	351	958	960
44502	28	1529	958	960
20472	28	9511	958	960
6234	28	134	958	960
64760	28	1266	958	960
7037	28	550	958	960
16430	28	232	958	960
13262	28	168	958	960
82073	28	1351	958	960
38145	28	83	958	960
15882	28	202	958	960
95409	28	1025	958	960
58608	28	165	958	960
12211	28	2284	958	960
9192	28	696	958	960
95198	28	919	958	960
40507	28	309	958	960
7851	28	717	958	960
15480	28	410	958	960
49147	28	2048	958	960
9820	28	4614	958	960
87698	28	818	958	960
16135	28	1336	958	960
44123	28	24	958	960
8258	28	65	958	960
15378	28	731	958	960
24664	28	1319	958	960
38625	28	673	958	960
35935	28	2877	958	960
27503	28	506	958	960
18883	28	461	958	960
69287	28	178	958	960
22619	28	868	958	960
10492	28	626	958	960
68859	28	1004	958	960
5450	28	1032	958	960
60410	28	15315	958	960
12406	28	1968	958	960
17897	28	112	958	960
95240	28	248	958	960
12532	28	1172	958	960
15562	28	24	958	960
17444	28	73	958	960
18169	28	2480	958	960
12536	28	740	958	960
63543	28	1018	958	960
15934	28	481	958	960
29322	28	1477	958	960
84039	28	311	958	960
69364	28	132	958	960
35932	28	102	958	960
12105	28	692	958	960
41624	28	1837	958	960
92425	28	686	958	960
36932	28	318	958	960
15656	28	92	958	960
95265	28	646	958	960
19265	28	283	958	960
66675	28	686	958	960
9666	28	177	958	960
19870	28	248	958	960
10222	28	1402	958	960
15667	28	80	958	960
8747	28	558	958	960
17081	28	1882	958	960
95657	28	7218	958	960
75804	28	5057	958	960
30308	28	556	958	960
26628	28	1981	958	960
92552	28	653	958	960
9562	28	2057	958	960
181022	28	2872	958	960
61645	28	2525	958	960
5992	28	1910	958	960
11934	28	369	958	960
95657	28	710	958	960
25889	28	19	958	960
25288	28	643	958	960
130840	28	64270	958	960
10102	28	1081	958	960
80229	28	1921	958	960
32201	28	224	958	960
61404	28	3429	958	960
56145	28	2277	958	960
7456	28	7030	958	960
46425	28	1421	958	960
21191	28	28367	958	960
13681	28	69792	958	960
31800	28	81	958	960
5747	28	384	958	960
48682	28	2784	958	960
45229	28	1738	958	960
80813	28	1129	958	960
23258	28	3728	958	960
42147	28	136	958	960
38560	28	242	958	960
94546	28	114	958	960
44947	28	1809	958	960
5708	28	702	958	960
12030	28	107	958	960
7715	28	321	958	960
60388	28	500	958	960
21096	28	1962	958	960
46737	28	634	958	960
59426	28	2735	958	960
5975	28	346	958	960
129708	28	1145	958	960
7868	28	158	958	960
105911	28	1488	958	960
51475	28	703	958	960
40309	28	740	958	960
38296	28	280	958	960
36009	28	9215	958	960
43114	28	2527	958	960
16510	28	36	958	960
31760	28	355	958	960
5784	28	445	958	960
96308	28	619	958	960
14251	28	336	958	960
35790	28	50	958	960
20857	28	1691	958	960
10354	28	1112	958	960
39751	28	703	958	960
101940	28	1542	958	960
17408	28	463	958	960
17640	28	1000	958	960
53503	28	1983	958	960
26314	28	23960	958	960
8730	28	2994	958	960
15511	28	232	958	960
20893	28	1335	958	960
16075	28	214	958	960
22282	28	203	958	960
20725	28	1020	958	960
11574	28	2959	958	960
80296	28	1083	958	960
14065	28	778	958	960
51558	28	5630	958	960
12295	28	83	958	960
30185	28	1882	958	960
38067	28	6497	958	960
30643	28	79	958	960
72392	28	1948	958	960
103184	28	1948	958	960
33724	28	114	958	960
20595	28	564	958	960
102071	28	3378	958	960
64573	28	114	958	960
24436	28	354	958	960
123967	28	50918	958	960
60179	28	3982	958	960
18432	28	560	958	960
13052	28	146	958	960
94628	28	28367	958	960
24859	28	3987	958	960
17370	28	48	958	960
13587	28	3135	958	960
12890	28	73	958	960
12267	28	46	958	960
29243	28	12359	958	960
32842	28	3496	958	960
28935	28	311	958	960
129572	28	2601	958	960
40760	28	13859	958	960
51923	28	666	958	960
48772	28	666	958	960
31893	28	1073	958	960
14552	28	61	958	960
33650	28	2602	958	960
23380	28	1468	958	960
94166	28	280	958	960
33721	28	1948	958	960
125259	28	31617	958	960
38537	28	261	958	960
23462	28	1728	958	960
54160	28	678	958	960
21588	28	1185	958	960
100033	28	1296	958	960
17944	28	508	958	960
56367	28	1120	958	960
10863	28	735	958	960
51308	28	2899	958	960
50027	28	672	958	960
6387	28	1009	958	960
19032	28	674	958	960
84465	28	1239	958	960
38385	28	1900	958	960
19571	28	1388	958	960
7099	28	160	958	960
12201	28	523	958	960
10092	28	554	958	960
42688	28	692	958	960
15445	28	31	958	960
6445	28	418	958	960
70211	28	293	958	960
36834	28	17437	958	960
69111	28	11769	958	960
24971	28	384	958	960
12129	28	100	958	960
5928	28	161	958	960
35710	28	574	958	960
16584	28	103	958	960
20179	28	2085	958	960
93153	28	619	958	960
14126	28	174	958	960
21418	28	216	958	960
18493	28	469	958	960
53301	28	4865	958	960
14028	28	3621	958	960
24444	28	514	958	960
5330	28	36	958	960
23994	28	1308	958	960
67082	28	6135	958	960
60863	28	1152	958	960
94484	28	354	958	960
14011	28	436	958	960
27242	28	2085	958	960
13227	28	2488	958	960
68830	28	927	958	960
16579	28	184	958	960
56188	28	890	958	960
65197	28	1400	958	960
80001	28	259	958	960
39325	28	1601	958	960
29415	28	825	958	960
5996	28	230	958	960
9231	28	43	958	960
8800	28	587	958	960
21781	28	124	958	960
65613	28	6135	958	960
45560	28	1598	958	960
60283	28	3982	958	960
17936	28	36056	958	960
55127	28	706	958	960
53912	28	2125	958	960
68552	28	1775	958	960
18140	28	402	958	960
52640	28	2263	958	960
87777	28	64	958	960
26907	28	1027	958	960
22770	28	27	958	960
25849	28	1404	958	960
9500	28	89	958	960
27155	28	2477	958	960
31356	28	436	958	960
3509	28	2122	958	960
16872	28	1027	958	960
25139	28	193	958	960
9492	28	1328	958	960
8348	28	31	958	960
14425	28	1695	958	960
10749	28	792	958	960
13050	28	78	958	960
14404	28	4749	958	960
71637	28	370	958	960
81147	28	3226	958	960
66248	28	123	958	960
6659	28	377	958	960
28798	28	257	958	960
54750	28	797	958	960
87468	28	2114	958	960
15850	28	1161	958	960
25564	28	740	958	960
36002	28	996	958	960
24629	28	87	958	960
44323	28	3081	958	960
38205	28	1099	958	960
85692	28	1523	958	960
94258	28	937	958	960
20085	28	1146	958	960
72579	28	3099	958	960
38065	28	39	958	960
23441	28	357	958	960
19663	28	201	958	960
60251	28	11128	958	960
102272	28	4854	958	960
37357	28	686	958	960
44736	28	2666	958	960
13267	28	166	958	960
18697	28	136	958	960
26588	28	583	958	960
28499	28	1299	958	960
22082	28	1158	958	960
26853	28	1097	958	960
30790	28	1238	958	960
30077	28	288	958	960
28723	28	55	958	960
13880	28	628	958	960
78416	28	1563	958	960
45787	28	282	958	960
33063	28	860	958	960
79952	28	357	958	960
28702	28	989	958	960
86659	28	357	958	960
17251	28	417	958	960
17071	28	95	958	960
18492	28	388	958	960
6115	28	1895	958	960
12209	28	49	958	960
36972	28	1879	958	960
10571	28	422	958	960
12624	28	526	958	960
45000	28	459	958	960
24002	28	533	958	960
15150	28	542	958	960
8525	28	634	958	960
18603	28	57	958	960
39617	28	74	958	960
17289	28	4488	958	960
32061	28	890	958	960
57788	28	2062	958	960
27370	28	972	958	960
9054	28	582	958	960
21739	28	706	958	961
60711	28	21770	958	961
24913	28	3165	958	961
16450	28	14347	958	961
29140	28	572	958	961
12916	28	7723	958	961
61028	28	496	958	961
82857	28	254	958	961
61166	28	12982	958	961
33835	28	1027	958	961
29577	28	890	958	961
29676	28	41	958	961
25487	28	1722	958	961
19335	28	132	958	961
22368	28	1340	958	961
16970	28	890	958	961
72101	28	6053	958	961
83851	28	1477	958	961
33757	28	787	958	961
10582	28	106	958	961
46477	28	4665	958	961
72753	28	2563	958	961
17308	28	3269	958	961
84557	28	1571	958	961
33445	28	1796	958	961
13464	28	725	958	961
24946	28	637	958	961
9299	28	16	958	961
41169	28	268	958	961
41207	28	292	958	961
47371	28	38	958	961
15506	28	203	958	961
63868	28	4331	958	961
55084	28	789	958	961
19320	28	210	958	961
15188	28	746	958	961
7338	28	2409	958	961
26978	28	185	958	961
35861	28	605	958	961
19953	28	437	958	961
41592	28	142	958	961
99531	28	1744	958	961
13811	28	124	958	961
64492	28	3505	958	961
74633	28	1597	958	961
19543	28	23564	958	961
26217	28	582	958	961
29055	28	532	958	961
26695	28	2057	958	961
6669	28	407	958	961
65247	28	5261	958	961
13292	28	691	958	961
12285	28	123	958	961
36897	28	1036	958	961
15658	28	1639	958	961
32057	28	1923	958	961
14882	28	2653	958	961
76030	28	2649	958	961
74463	28	796	958	961
9531	28	86	958	961
6429	28	2085	958	961
53597	28	1181	958	961
49402	28	293	958	961
19442	28	27	958	961
19519	28	292	958	961
24031	28	162	958	961
9365	28	1093	958	961
5156	28	122	958	961
46348	28	699	958	961
7814	28	2479	958	961
16982	28	2607	958	961
28151	28	1222	958	961
11262	28	238	958	961
29118	28	152	958	961
10189	28	272	958	961
7705	28	39	958	961
33647	28	651	958	961
6315	28	219	958	961
66795	28	430	958	961
29264	28	1500	958	961
25372	28	136	958	961
37144	28	27618	958	961
16333	28	575	958	961
19355	28	1324	958	961
33690	28	107	958	961
96540	28	2019	958	961
14844	28	114	958	961
7922	28	170	958	961
14936	28	18	958	961
7357	28	525	958	961
6102	28	793	958	961
26169	28	490	958	961
78139	28	518	958	961
73140	28	6939	958	961
63230	28	1524	958	961
20225	28	3447	958	961
73561	28	1139	958	961
13181	28	179	958	961
18833	28	256	958	961
20199	28	129	958	961
67726	28	925	958	961
33934	28	132	958	961
104537	28	1117	958	961
31053	28	17495	958	961
74108	28	555	958	961
5910	28	86	958	961
11343	28	185	958	961
55511	28	1610	958	961
7861	28	725	958	961
27457	28	703	958	961
11738	28	3982	958	961
8516	28	586	958	961
11398	28	397	958	961
7799	28	124	958	961
5405	28	16	958	961
40559	28	1752	958	961
14669	28	289	958	961
13500	28	201	958	961
15838	28	7117	958	961
27060	28	1519	958	961
26028	28	2563	958	961
22394	28	832	958	961
20961	28	42	958	961
15883	28	890	958	961
31941	28	1421	958	961
63298	28	415	958	961
53007	28	2766	958	961
15767	28	140	958	961
19609	28	160	958	961
13807	28	1013	958	961
39186	28	1022	958	961
32111	28	1033	958	961
8808	28	20	958	961
73846	28	704	958	961
32159	28	50	958	961
66124	28	829	958	961
15693	28	129	958	961
31639	28	76	958	961
52869	28	150	958	961
49596	28	1328	958	961
