28264	28	481	941	942
19933	28	1656	941	942
69895	28	221	941	942
77402	28	4922	941	942
45889	28	347	941	942
73640	28	119	941	942
88707	28	111	941	942
55198	28	749	941	942
44478	28	66	941	942
38698	28	69	941	942
18495	28	1825	941	942
55374	28	378	941	942
7488	28	67	941	942
33560	28	1104	941	942
6221	28	40	941	942
7488	28	283	941	942
110388	28	1370	941	942
48679	28	975	941	942
33920	28	741	941	942
18447	28	1588	941	942
16179	28	311	941	942
80896	28	42155	941	942
15828	28	294	941	942
11940	28	19	941	942
10395	28	118	941	942
81888	28	2341	941	942
9419	28	294	941	942
19207	28	139	941	942
134315	28	216	941	942
24404	28	174	941	942
27709	28	1333	941	942
46689	28	17962	941	942
98384	28	679	941	942
82590	28	704	941	943
39161	28	11427	941	943
19012	28	177	941	943
10170	28	27	941	943
14664	28	1052	941	943
25663	28	131	941	943
9465	28	49	941	943
14860	28	236	941	943
12756	28	198	941	943
53815	28	384	941	943
26165	28	58	941	943
40476	28	3410	941	943
61242	28	167	941	943
21855	28	379	941	943
13726	28	79	941	943
41387	28	219	941	943
27162	28	136	941	943
55466	28	2087	941	943
4859	28	494	941	943
27375	28	379	941	943
74785	28	156	941	943
13255	28	311	941	943
31856	28	400	941	943
87355	28	871	941	943
26497	28	1244	941	943
11278	28	5304	941	943
27777	28	111	941	943
52298	28	18679	941	943
65835	28	122	941	943
42742	28	101372	941	943
87938	28	261	941	943
18751	28	230	941	943
6540	28	20	941	943
18745	28	2597	941	943
159640	28	1316	941	943
70578	28	141	941	943
118429	28	23562	941	943
22229	28	112	941	943
6336	28	361	941	943
24892	28	353	941	943
22370	28	23	941	943
34299	28	11669	941	943
4680	28	3842	941	943
54410	28	624	941	943
17410	28	220	941	943
25873	28	5171	941	943
8067	28	36	941	943
11407	28	386	941	943
20286	28	109	941	943
20391	28	105	941	943
11832	28	4137	941	943
44789	28	456	941	943
48043	28	535	941	943
23385	28	1297	941	943
26401	28	11779	941	943
86332	28	370	941	943
23760	28	351	941	943
32330	28	417	941	943
10842	28	205	941	943
9556	28	80	941	943
87814	28	1090	941	943
19493	28	110	941	943
121657	28	261	941	943
15895	28	139	941	943
75613	28	1279	941	943
16151	28	417	941	943
79149	28	1554	941	943
58919	28	248	941	943
56835	28	230	941	943
34800	28	2887	941	943
58893	28	109	941	943
17222	28	649	941	943
13240	28	474	941	943
13877	28	129	941	943
102179	28	15237	941	943
12072	28	168	941	943
57138	28	143	941	943
33860	28	95	941	943
13568	28	147	941	943
102423	28	165	941	943
8816	28	1297	941	943
26639	28	1069	941	943
77963	28	91	941	943
17672	28	319	941	943
38248	28	4921	941	943
51341	28	3255	941	943
21132	28	530	941	943
106929	28	1216	941	943
7076	28	178	941	943
108304	28	940	941	943
5519	28	80	941	943
9358	28	36	941	943
66483	28	1297	941	943
99395	28	386	941	943
92414	28	408	941	943
7127	28	101	941	943
80223	28	165	941	943
30189	28	363	941	943
88483	28	48	941	943
27101	28	79	941	943
18801	28	402	941	943
89607	28	220	941	943
62924	28	203	941	943
30449	28	99	941	943
44077	28	3743	941	943
126218	28	832	941	943
41746	28	206	941	943
11341	28	1082	941	943
88189	28	454	941	943
68858	28	119	941	943
30083	28	442	941	943
16011	28	42	941	943
16194	28	805	941	943
16701	28	87	941	943
103579	28	87	941	943
17312	28	739	941	943
17338	28	942	941	943
54978	28	247	941	943
70497	28	11669	941	943
85921	28	70	941	943
94701	28	609	941	943
59305	28	181	941	943
106915	28	439	941	943
13579	28	1739	941	943
44177	28	36	941	943
16632	28	292	941	943
25746	28	185	941	943
22348	28	328	941	943
27044	28	477	941	943
23148	28	129	941	943
20069	28	513	941	943
20060	28	70	941	943
32443	28	16	941	943
12039	28	43	941	943
9750	28	103	941	943
18485	28	78	941	943
15382	28	178	941	943
9154	28	256	941	943
57471	28	380	941	943
5426	28	242	941	943
19688	28	55	941	943
18337	28	1349	941	943
38540	28	133	941	943
22243	28	91	941	943
17521	28	313	941	943
38140	28	67	941	943
16566	28	1077	941	943
14574	28	152	941	943
25877	28	155	941	943
40628	28	63	941	943
102853	28	2132	941	943
22381	28	44	941	943
19480	28	70	941	943
81347	28	353	941	943
19160	28	361	941	943
55386	28	2633	941	943
9813	28	71	941	943
62235	28	136	941	943
4593	28	160	941	943
50002	28	85	941	943
59762	28	110	941	943
34389	28	583	941	943
30876	28	145	941	943
6003	28	19	941	943
29485	28	313	941	943
111073	28	3255	941	943
5787	28	3743	941	943
77434	28	331	941	943
37531	28	70	941	943
14042	28	695	941	943
7987	28	751	941	943
27861	28	1179	941	943
39225	28	913	941	943
10340	28	52	941	943
39603	28	81	941	943
17272	28	1736	941	943
9504	28	111	941	943
51233	28	942	941	943
10559	28	295	941	943
33728	28	68	941	943
23076	28	230	941	943
9645	28	633	941	943
38402	28	366	941	943
25278	28	1669	941	943
87933	28	430	941	943
7130	28	2283	941	943
21501	28	230	941	943
11962	28	233	941	943
41665	28	750	941	943
9849	28	19	941	943
11970	28	34	941	943
54676	28	178	941	943
8208	28	27	941	943
152638	28	1216	941	943
5041	28	1949	941	943
45284	28	146	941	943
58176	28	1155	941	943
7605	28	361	941	943
29803	28	1258	941	943
8889	28	161	941	943
10849	28	42	941	943
14920	28	1297	941	943
5373	28	107	941	943
4869	28	57	941	943
24903	28	273	941	943
9914	28	100	941	943
46141	28	146	941	943
33162	28	43	941	943
75153	28	386	941	943
6333	28	980	941	943
55218	28	474	941	943
44906	28	878	941	943
69543	28	749	941	943
4516	28	69	941	943
34477	28	83	941	943
64155	28	786	941	943
69680	28	27	941	943
13640	28	583	941	943
18907	28	402	941	943
15966	28	786	941	943
74386	28	403	941	943
91083	28	242	941	943
24620	28	142	941	943
13309	28	228	941	943
9953	28	186	941	943
10158	28	186	941	943
14623	28	41	941	943
123714	28	11669	941	943
6648	28	23	941	943
5718	28	76	941	943
51007	28	162	941	943
19176	28	38	941	943
94510	28	572	941	943
42297	28	649	941	943
31336	28	112	941	943
82053	28	547	941	943
15179	28	48	941	943
53724	28	16937	941	943
12196	28	412	941	943
14047	28	2158	941	943
33678	28	14934	941	943
35295	28	1860	941	943
90783	28	238	941	943
74652	28	1211	941	943
69968	28	475	941	943
8335	28	121	941	943
14828	28	11054	941	943
15468	28	1057	941	943
12342	28	552	941	943
53697	28	474	941	943
39205	28	1402	941	943
81886	28	11352	941	943
37454	28	143	941	943
11893	28	114	941	943
12594	28	1139	941	943
67026	28	757	941	943
14513	28	136	941	943
25009	28	706	941	943
74327	28	149	941	943
36877	28	5970	941	943
7563	28	19	941	943
33266	28	73	941	943
37331	28	508	941	943
49168	28	165	941	943
24054	28	230	941	943
68573	28	248	941	943
110589	28	210	941	943
22266	28	281	941	943
19163	28	66	941	943
81512	28	156	941	943
18950	28	31	941	943
20211	28	357	941	943
15828	28	100	941	943
32138	28	773	941	943
82896	28	205	941	944
25248	28	295	941	944
10335	28	79	941	944
39609	28	221	941	944
46952	28	82	941	944
13335	28	60	941	944
10814	28	103	941	944
26908	28	36	941	944
35942	28	1021	941	944
8067	28	57	941	944
27506	28	169	941	944
9945	28	16	941	944
26734	28	43	941	944
23943	28	41	941	944
75529	28	99	941	944
31970	28	139	941	944
16419	28	4137	941	944
49222	28	353	941	944
15983	28	16	941	944
70880	28	894	941	944
49387	28	70	941	944
25093	28	132	941	944
49653	28	286	941	944
4351	28	247	941	944
26869	28	2331	941	944
118677	28	150	941	944
34191	28	213	941	944
62920	28	22	941	944
89778	28	793	941	944
29299	28	19889	941	944
90635	28	105	941	944
57856	28	210	941	944
19327	28	160	941	944
74820	28	1541	941	944
6232	28	396	941	944
61512	28	396	941	944
46077	28	989	941	944
13473	28	2262	941	944
49589	28	832	941	944
23260	28	66	941	944
21051	28	99	941	944
14327	28	922	941	944
80389	28	184	941	944
35477	28	5480	941	944
20107	28	37	941	944
8542	28	2433	941	944
21201	28	150	941	944
22984	28	58	941	944
11513	28	153	941	944
124402	28	1495	941	944
51446	28	475	941	944
14484	28	162	941	944
12255	28	221	941	944
8795	28	402	941	944
30065	28	179	941	944
120723	28	217	941	944
43677	28	315	941	944
24666	28	1652	941	944
25823	28	102	941	944
35624	28	230	941	944
53956	28	464	941	944
27266	28	53	941	944
33925	28	103	941	944
20804	28	294	941	944
8669	28	91	941	944
21319	28	274	941	944
9678	28	146	941	944
64588	28	51327	941	944
21022	28	164	941	944
20195	28	3578	941	944
10522	28	105	941	944
80519	28	766	941	944
10233	28	39	941	944
92547	28	399	941	944
69633	28	1353	941	944
73643	28	175	941	944
94057	28	11669	941	944
16874	28	38	941	944
10361	28	897	941	944
31849	28	273	941	944
68410	28	1739	941	944
18519	28	51	941	944
85922	28	139	941	944
103382	28	592	941	944
16183	28	1306	941	944
104671	28	53157	941	944
9214	28	1151	941	944
5677	28	58	941	944
18557	28	885	941	944
17125	28	485	941	944
11020	28	55	941	944
4544	28	56	941	944
22076	28	1117	941	944
108997	28	51	941	944
32247	28	1199	941	944
25854	28	1031	941	944
80105	28	252	941	944
149840	28	37	941	944
111121	28	2997	941	944
80684	28	446	941	944
72580	28	395	941	944
12607	28	199	941	944
70345	28	1024	941	944
10138	28	3814	941	944
54142	28	436	941	944
15327	28	38	941	944
23560	28	202	941	944
17216	28	261	941	944
6431	28	586	941	944
14592	28	379	941	944
21676	28	339	941	944
20603	28	121	941	944
124255	28	14934	941	944
9675	28	633	941	944
38368	28	1023	941	944
57284	28	70	941	944
84614	28	1610	941	944
28388	28	1175	941	944
111177	28	1416	941	944
22173	28	132	941	944
23568	28	321	941	944
37731	28	123	941	944
7602	28	969	941	944
14354	28	87	941	944
23184	28	231	941	944
8283	28	92	941	944
19980	28	2553	941	944
93219	28	339	941	944
59877	28	147	941	944
31363	28	1227	941	944
31258	28	1025	941	944
128290	28	1012	941	944
7577	28	259	941	944
6891	28	48	941	944
8623	28	715	941	944
9762	28	170	941	944
40941	28	131	941	944
38045	28	220	941	944
36956	28	50	941	944
31674	28	274	941	944
24129	28	211	941	944
50958	28	452	941	944
35625	28	286	941	944
18011	28	110	941	944
5868	28	69	941	944
12449	28	14	941	944
7368	28	58	941	944
49711	28	1402	941	944
19950	28	2198	941	944
10017	28	339	941	944
10959	28	529	941	944
21012	28	71	941	944
7082	28	69	941	944
4438	28	699	941	944
27725	28	63	941	944
35446	28	54	941	944
30283	28	294	941	944
60484	28	4365	941	944
11286	28	489	941	944
24549	28	211	941	944
39468	28	38	941	944
6642	28	180	941	944
21082	28	701	941	944
21701	28	3578	941	944
86148	28	1671	941	944
21288	28	40	941	944
68025	28	618	941	944
8567	28	53157	941	944
23640	28	261	941	944
66529	28	86	941	944
26599	28	698	941	944
15310	28	739	941	944
12086	28	294	941	944
6264	28	58	941	944
22565	28	408	941	944
43882	28	48	941	944
51495	28	492	941	944
34001	28	286	941	945
30202	28	313	941	945
15703	28	46	941	945
29053	28	31520	941	945
99895	28	136	941	945
27323	28	37	941	945
15236	28	768	941	945
86958	28	79	941	945
17402	28	983	941	945
13807	28	57	941	945
116772	28	409	941	945
14208	28	198	941	945
86596	28	20	941	945
135649	28	171	941	945
56695	28	261	941	945
20513	28	56	941	945
46352	28	256	941	945
66089	28	1279	941	945
13911	28	2045	941	945
14828	28	768	941	945
14828	28	1495	941	945
11477	28	64490	941	945
13580	23	6626	941	945
6626	23	13580	941	945
32075	28	262	941	945
19203	23	115066	941	945
26191	28	3578	941	945
133389	28	1260	941	945
20948	28	624	941	945
17894	28	1082	941	945
18008	28	319	941	945
19825	28	231	941	945
12427	28	260	941	945
11609	28	346	941	945
33973	28	19	941	945
23877	28	3736	941	945
66455	28	321	941	945
93244	28	793	941	945
31685	28	79	941	945
109577	28	1442	941	945
9086	28	86	941	945
52658	28	146	941	945
66628	28	857	941	945
103251	28	106	941	945
23963	28	152	941	945
64399	28	1596	941	945
26476	28	1104	941	945
26382	28	5135	941	945
13024	28	8842	941	945
30708	28	726	941	945
18514	28	332	941	945
22977	28	141	941	945
18893	28	336	941	945
16814	28	132	941	945
45322	28	768	941	945
23158	28	70	941	945
34028	28	1259	941	945
57096	28	176	941	945
17106	28	37	941	945
9540	28	76	941	945
28041	28	643	941	945
6035	28	623	941	945
31497	28	33	941	945
21034	28	832	941	945
10011	28	1076	941	945
51644	28	768	941	945
77268	28	922	941	945
23946	28	161	941	945
34037	28	165	941	945
38437	28	29	941	945
151097	6	50874	941	945
13490	28	661	941	945
67174	28	3761	941	945
44380	28	5377	941	945
69735	28	275	941	945
21410	28	91	941	945
16285	28	3578	941	945
61019	28	166	941	945
32560	28	434	941	945
14908	28	205	941	945
60623	28	143	941	945
60244	23	57945	941	945
79797	28	592	941	945
9419	28	637	941	945
64004	28	1969	941	945
92025	28	1102	941	945
28108	28	164	941	945
14664	28	1283	941	945
69725	28	371	941	945
38483	28	123	941	945
7009	28	167	941	945
95171	28	4392	941	945
20967	28	214	941	945
60008	28	269	941	945
70721	28	1414	941	946
18884	28	168	941	946
44821	28	112	941	946
53782	28	1255	941	946
115351	28	996	941	946
64161	28	1119	941	946
23744	28	170	941	946
27636	28	885	941	946
6960	28	364	941	946
15945	28	68	941	946
87648	28	1390	941	946
5559	28	65	941	946
19869	28	162	941	946
20174	28	5135	941	946
20363	28	4365	941	946
42162	28	146	941	946
68086	16	1256	941	946
14599	28	198	941	946
15678	28	288	941	946
42669	28	325	941	946
28401	28	38	941	946
80695	28	474	941	946
42231	28	1495	941	946
36548	28	16	941	946
10947	28	52	941	946
64340	28	170	941	946
20714	28	255	941	946
8530	28	216	941	946
38021	28	36	941	946
32866	28	133	941	946
41308	28	542	941	946
26497	28	106	941	946
16490	28	934	941	946
24602	28	41	941	946
27040	28	164	941	946
24744	28	1801	941	946
76648	28	16187	941	946
33233	28	117	941	946
17413	28	1621	941	946
29846	28	167	941	946
14891	28	1495	941	946
21598	28	158	941	946
56460	28	123	941	946
91117	28	787	941	946
22165	28	33	941	946
36292	28	267	941	946
9769	28	198	941	946
28968	28	321	941	946
10482	28	332	941	946
25651	28	168	941	946
24675	28	1117	941	946
33573	28	47	941	946
40898	28	155	941	946
11472	28	38	941	946
4635	28	133	941	946
46686	28	1554	941	946
6795	28	165	941	946
31870	28	184	941	946
70250	28	30	941	946
22619	28	633	941	946
94163	28	325	941	946
8593	28	919	941	946
27131	28	235	941	946
108109	28	447	941	946
8286	28	327	941	946
19988	28	402	941	946
9358	28	14	941	946
54934	28	1621	941	946
24665	28	327	941	946
11698	28	17377	941	946
38173	28	476	941	946
130908	28	2682	941	946
20068	28	760	941	946
16000	28	1330	941	946
7124	28	78	941	946
28725	28	1495	941	946
82068	28	6225	941	946
21560	28	101	941	946
59912	28	379	941	946
45248	28	363	941	947
53033	28	288	941	947
53450	28	883	941	947
47809	28	22	941	947
99253	28	391	941	947
26194	28	51	941	947
20885	28	1700	941	947
116689	28	648	941	947
32138	28	1331	941	947
11297	28	470	941	947
16989	28	112	941	947
23014	28	52	941	947
90362	28	1016	941	947
26912	28	313	941	947
10752	28	53	941	947
90074	28	171	941	947
15839	28	40	941	947
21648	28	65	941	947
12600	28	254	941	947
32840	28	162	941	947
11227	28	1023	941	947
5362	28	20	941	947
22627	28	1239	941	947
24371	28	3743	941	947
56632	28	180	941	947
20267	28	933	941	947
7796	28	199	941	947
76525	28	2831	941	947
47262	28	439	941	947
30246	28	1936	941	947
64476	28	99	941	947
34042	28	162	941	947
58969	28	110	941	947
15264	28	70	941	947
44251	28	51	941	947
15508	28	626	941	947
7433	28	661	941	947
81931	28	547	941	947
50209	28	228	941	947
27500	28	242	941	947
15278	28	211	941	947
44047	28	68	941	947
30648	28	1290	941	947
38604	28	712	941	947
26881	28	143	941	947
31144	28	766	941	947
21698	28	3743	941	947
90926	23	74753	941	947
16431	28	150	941	947
69081	28	261	941	947
44906	28	726	941	947
53823	28	68	941	947
144614	28	2059	941	947
32713	28	492	941	947
24668	28	1138	941	947
23753	28	167	941	947
8016	28	221	941	947
44047	28	141	941	947
92326	28	916	941	947
10470	28	39	941	947
19750	28	180	941	948
19407	28	698	941	948
65584	28	708	941	948
25525	28	159	941	948
13160	28	89	941	948
9211	28	33	941	948
161529	14	1706	941	948
120892	28	222	941	948
100706	28	1594	941	948
79231	28	832	941	948
25123	28	60	941	948
64857	28	760	941	948
91437	28	1652	941	948
113186	28	216	941	948
37157	28	175	941	948
166686	28	453	941	948
13741	28	98	941	948
18599	28	58	941	948
9986	28	91	941	948
24532	28	29	941	948
68905	28	36	941	948
11471	28	276	941	948
38048	28	632	941	948
25822	28	155	941	948
28755	28	77	941	948
22910	28	1014	941	948
93589	28	136	941	948
61339	28	18261	941	948
31165	28	282	941	948
35526	28	106	941	948
53662	23	90929	941	948
17930	28	255	941	948
103847	28	2059	941	948
34040	28	244	941	948
38456	28	1283	941	948
40988	28	180	941	948
31368	28	481	941	948
49214	28	123	941	948
17548	28	231	941	948
12396	28	133	941	948
27181	28	400	941	948
7378	28	27	941	948
27435	28	74	941	948
28986	28	73	941	949
41177	28	413	941	949
35640	28	95	941	949
64114	28	368	941	949
34065	28	698	941	949
100414	28	1193	941	949
11324	28	36	941	949
119060	28	692	941	949
35593	28	494	941	949
24611	28	199	941	949
109044	28	1059	941	949
38710	28	134	941	949
21421	28	396	941	949
125993	28	1101	941	949
20257	28	463	941	949
13778	28	135	941	949
5022	28	44	941	949
44403	28	363	941	949
20305	28	193	941	949
127960	28	3135	941	949
38437	28	213	941	949
23174	28	77	941	949
11099	28	86	941	949
13624	28	73	941	949
80397	23	3478	941	949
51785	28	748	941	949
66587	28	484	941	949
59699	28	484	941	949
7792	28	247	941	949
17389	28	353	941	949
81098	28	419	941	949
60411	28	547	941	949
7661	28	161	941	950
61100	23	96324	941	950
46588	28	343	941	950
20272	28	274	941	950
55386	28	648	941	950
11407	28	269	941	950
42667	28	206	941	950
10321	28	161	941	950
66797	28	1122	941	950
32266	28	37	941	950
15264	28	60	941	950
35819	28	256	941	950
80182	28	1522	941	950
3533	23	58894	941	950
14811	28	217	941	950
12686	28	40	941	950
72067	28	1100	941	950
24503	28	88	941	950
88215	28	695	941	950
28399	28	203	941	950
58159	28	726	941	950
68917	28	692	941	950
13301	28	2004	941	950
59270	28	40	941	950
35330	28	95	941	950
73299	28	170	941	951
19447	28	185	941	951
71021	28	602	941	951
85665	28	28221	941	951
61698	28	140	941	951
5588	28	989	941	951
6332	28	14	941	951
48443	28	726	941	951
14895	28	29	941	951
6967	28	368	941	951
38139	28	453	941	951
72424	28	206	941	951
41646	28	1814	941	951
21483	28	223	941	951
20616	28	431	941	951
13494	28	159	941	951
16918	28	56	941	951
30335	28	41	941	951
109110	23	89063	941	951
9154	28	176	941	951
12730	28	66	941	951
21565	28	360	941	951
23965	28	648	941	952
28158	28	959	941	952
25170	28	48	941	952
13916	28	397	941	952
27200	28	648	941	952
31009	28	206	941	952
49429	28	712	941	952
108885	28	1628	941	952
18144	28	47	941	952
106797	28	602	941	952
11872	28	223	941	952
42980	28	648	941	952
62651	28	442	941	952
17792	28	453	941	952
35867	28	227	941	952
49779	28	73	941	952
52741	28	458	941	953
53366	28	1262	941	953
23124	28	19	941	953
39452	28	274	941	953
108682	28	725	941	953
12539	28	86	941	953
7561	28	135	941	953
11048	28	484	941	953
38343	28	2041	941	953
13966	28	34	941	953
38188	28	586	941	953
45195	28	766	941	953
19472	28	253	941	953
66628	28	1277	941	954
19517	28	413	941	954
72424	28	162	941	954
55894	28	3153	941	954
25857	28	33	941	954
18930	28	269	941	955
35345	28	44	941	955
39306	23	131606	941	956
24608	28	50	941	956
109322	28	1632	941	956
5217	28	247	941	956
23560	28	2838	941	956
74741	28	143	941	956
59196	28	1814	941	956
13372	28	224	941	957
7356	23	147669	941	957
17402	28	267	941	958
35152	28	2774	941	961
80630	28	37	941	962
95095	23	18284	941	965
43573	23	3839	941	966
171667	23	128474	941	966
58074	28	796	941	967
16313	28	51995	942	0
5642	28	154	942	0
16362	28	290	942	0
8396	28	2641	942	0
131793	14	782	942	0
30057	28	32	942	0
8395	28	294	942	0
113461	14	9093	942	0
52634	14	308	942	0
53734	28	1328	942	0
53916	28	230	942	0
30218	28	2262	942	0
19896	28	66	942	0
54184	14	2460	942	0
9574	28	4581	942	0
84660	28	793	942	0
39041	28	288	942	0
10395	28	432	942	0
30966	14	20071	942	0
7810	28	32	942	0
115170	28	3255	942	0
6336	28	462	942	0
71312	23	82378	942	0
82378	23	71312	942	0
4622	1	99307	942	0
86352	14	943	942	0
17878	28	2625	942	0
116017	6	338	942	0
8629	28	732	942	0
7558	28	713	942	0
31699	14	13261	942	0
36526	28	23	942	0
56101	14	20836	942	0
46958	28	184	942	0
14327	28	241	942	0
3652	28	878	942	0
8035	28	241	942	0
39758	28	462	942	0
56513	14	308	942	0
9349	28	3283	942	0
117271	14	20138	942	0
19285	28	417	942	0
41371	28	1349	942	0
27089	28	42	942	0
31134	28	32	942	0
74044	23	27302	942	0
10703	28	836	942	0
6648	28	24	942	0
44963	28	34	942	0
8350	28	660	942	0
50071	14	2911	942	0
39766	28	778	942	0
77566	14	20836	942	0
50134	23	102115	942	0
102115	23	50134	942	0
103530	28	2907	942	0
10559	28	915	942	0
89848	28	105	942	0
103719	28	4581	942	0
19544	28	34	942	0
40568	14	2951	942	0
10131	14	308	942	0
8773	28	12128	942	0
90468	28	12128	942	0
27388	14	764	942	0
24369	14	2797	942	0
5073	28	158	942	0
10757	28	3283	942	0
9408	28	311	942	0
6395	28	72	942	0
79135	28	2835	942	0
18144	28	178	942	0
21029	28	401	942	0
140950	14	308	942	0
87239	14	3622	942	0
46759	28	2214	942	0
58534	28	241	942	0
30434	28	1152	942	0
92330	28	32440	942	0
20613	28	17849	942	0
48652	28	24	942	0
9801	28	653	942	0
20278	28	105	942	0
8245	28	1279	942	0
123671	28	165	942	0
11706	28	61	942	0
34758	28	1227	942	0
103277	28	261	942	0
64260	28	1086	942	0
52000	14	308	942	0
65398	14	308	942	0
35221	28	216	942	0
40048	28	158	942	0
74372	28	37158	942	0
92869	28	2236	942	0
6395	28	89	942	0
21119	28	32	942	0
33070	28	89	942	0
22749	14	8174	942	0
5423	28	221	942	0
106287	14	8683	942	0
6166	28	922	942	0
17918	28	2633	942	0
8604	28	3593	942	0
166173	14	2789	942	0
23015	28	228	942	0
55193	14	7343	942	0
9528	28	73	942	0
18144	28	118	942	0
40899	28	164	942	0
5564	28	19	942	0
52627	28	221	942	0
16947	31	62334	942	0
56322	28	164	942	0
80855	28	107	942	0
5889	28	86	942	0
26238	28	846	942	0
17553	0	167723	942	0
75356	14	2754	942	0
5799	28	219	942	0
56979	28	103	942	0
11877	28	311	942	0
31189	28	2027	942	0
16130	28	1456	942	0
58888	14	1445	942	0
43092	28	1323	942	0
23426	28	695	942	0
51785	28	388	942	0
7212	28	9281	942	0
61776	28	1223	942	0
7566	28	54	942	0
34299	28	106	942	0
59131	14	308	942	0
123181	28	1098	942	0
18485	28	81	942	0
10947	28	39	942	0
120115	14	94314	942	0
68607	28	1545	942	0
19455	28	162	942	0
28746	28	2703	942	0
114106	28	2135	942	0
93743	28	934	942	0
90900	6	76610	942	0
28591	28	626	942	0
9214	28	1590	942	0
5694	28	87	942	0
7049	28	915	942	0
18032	14	2368	942	0
63729	28	147	942	0
128190	28	261	942	0
15938	28	396	942	0
54475	14	943	942	0
17205	14	3057	942	0
45393	28	1392	942	0
41555	28	147	942	0
74743	28	261	942	0
95014	28	216	942	0
80037	26	103726	942	0
44580	28	1621	942	0
83939	28	86	942	0
44259	28	109	942	0
10995	28	31	942	0
7605	28	462	942	0
71801	28	177	942	0
25099	28	1855	942	0
8867	28	713	942	0
44240	14	105580	942	0
24540	28	16	942	0
172852	14	90	942	0
90724	28	1594	942	0
71474	14	3348	942	0
9257	28	9281	942	0
28697	14	308	942	0
47925	28	164	942	0
38588	28	104	942	0
21830	14	3089	942	0
27131	28	29	942	0
67628	14	4413	942	0
49228	28	111	942	0
80372	28	1071	942	0
9701	28	951	942	0
22229	28	54	942	0
31876	28	24	942	0
65085	28	112	942	0
87817	28	3578	942	0
21648	28	186	942	0
22377	28	242	942	0
7378	28	24	942	0
7753	28	429	942	0
73548	28	159	942	0
5833	28	118	942	0
91437	28	464	942	0
16852	28	1234	942	0
13718	14	308	942	0
13016	28	662	942	0
13620	28	51546	942	0
13654	28	221	942	0
102567	28	333	942	0
108137	28	2546	942	0
8202	28	175	942	0
18247	28	147	942	0
27101	28	552	942	0
13619	28	87	942	0
19608	28	1456	942	0
19160	28	462	942	0
63392	28	50948	942	0
12666	28	800	942	0
93724	28	658	942	0
20619	28	69	942	0
43127	28	4581	942	0
10323	28	806	942	0
8133	28	99	942	0
62470	28	464	942	0
11632	28	6612	942	0
27294	28	140	942	0
87454	28	774	942	0
8202	28	50	942	0
7100	28	162	942	0
80698	28	559	942	0
5859	28	12128	942	0
51769	28	88	942	0
60087	28	398	942	0
69204	28	5945	942	0
120361	14	33634	942	0
17269	28	2982	942	0
6572	14	4266	942	0
57318	28	3578	942	0
15270	28	524	942	0
80671	28	564	942	0
58957	28	28577	942	0
143808	28	368	942	0
90787	28	14560	942	0
26983	28	44	942	0
95036	14	3797	942	0
68624	28	67	942	0
38223	28	203	942	0
6299	28	5956	942	0
6379	28	395	942	0
36310	28	963	942	0
7378	28	86	942	0
19022	28	1201	942	0
13488	28	388	942	0
4471	28	2398	942	0
6186	23	130700	942	0
130700	23	6186	942	0
63488	28	3437	942	0
29691	28	608	942	0
33095	28	60	942	0
10725	28	628	942	0
5535	28	24	942	0
89092	14	3622	942	0
10988	28	85	942	0
84597	28	216	942	0
94974	14	2258	942	0
19933	28	12128	942	0
43847	14	5693	942	0
9914	28	28	942	0
8396	28	10833	942	0
9070	28	4184	942	0
11648	28	915	942	0
12017	28	44	942	0
95195	28	184	942	0
58556	28	391	942	0
90900	6	82033	942	0
5022	28	126	942	0
23976	23	77498	942	0
41835	14	308	942	0
26163	23	82321	942	0
82321	23	26163	942	0
74009	14	7271	942	0
30756	28	54	942	0
6891	28	102	942	0
69869	28	464	942	0
16185	28	216	942	0
42299	28	798	942	0
45442	14	17538	942	0
109740	14	2258	942	0
11017	28	34	942	0
22495	14	1217	942	0
11877	28	102	942	0
10982	28	452	942	0
23943	28	257	942	0
47251	14	308	942	0
28264	28	11647	942	0
183851	14	3280	942	0
62376	28	1432	942	0
118052	14	12967	942	0
81563	28	676	942	0
18635	28	1456	942	0
98783	28	3578	942	0
22292	28	2907	942	0
47251	14	2964	942	0
26347	28	216	942	0
8867	28	462	942	0
21082	28	54	942	0
15444	28	40	942	0
44077	28	244	942	0
7778	28	81	942	0
40388	14	5310	942	0
33459	14	76619	942	0
12966	28	61	942	0
87800	28	85	942	0
14064	28	1229	942	0
12707	28	98	942	0
15240	28	164	942	0
24539	28	327	942	0
13348	28	2262	942	0
37236	28	24	942	0
22423	28	105	942	0
48164	28	1346	942	0
5423	28	3436	942	0
5423	28	175	942	0
26263	1	57813	942	0
55218	28	241	942	0
61641	28	889	942	0
29352	28	632	942	0
35756	28	2546	942	0
20156	28	12128	942	0
51718	28	826	942	0
8280	28	72	942	0
24587	28	223	942	0
28746	28	2546	942	0
8797	28	118	942	0
10897	28	166	942	0
12823	28	20782	942	0
23915	28	1066	942	0
44981	14	2384	942	0
94665	14	79803	942	0
67039	28	774	942	0
33026	28	49	942	0
123658	28	166	942	0
66579	28	774	942	0
11028	28	55	942	942
9297	28	44276	942	942
66503	28	219	942	942
15625	28	429	942	942
80737	14	7670	942	942
14298	28	198	942	943
6681	28	2709	942	943
33662	28	273	942	943
25292	28	152	942	943
16770	28	1610	942	943
61512	28	277	942	943
61573	28	1496	942	943
61599	28	121	942	943
132057	28	139	942	943
11706	28	66	942	943
83652	28	915	942	943
22592	28	526	942	943
72243	28	261	942	943
11835	28	44	942	943
53728	28	214	942	943
26129	28	1279	942	943
3672	28	122	942	943
40733	28	134	942	943
8797	28	277	942	943
84228	28	380	942	943
84839	28	625	942	943
16299	28	559	942	943
41163	28	1145	942	943
41180	28	1956	942	943
98815	28	9724	942	943
22242	28	24	942	943
26405	28	228	942	943
12050	28	365	942	943
45653	28	166	942	943
5655	28	3623	942	943
5799	28	239	942	943
12817	28	295	942	943
13551	28	461	942	943
6744	28	164	942	943
16695	28	66	942	943
27669	28	503	942	943
64597	28	386	942	943
21669	28	2633	942	943
24801	28	78	942	943
73535	28	87	942	943
16628	28	4137	942	943
12544	28	408	942	943
87800	28	53	942	943
56822	28	378	942	943
56859	28	140	942	943
76075	28	241	942	943
5400	28	1319	942	943
13654	28	12506	942	943
101654	28	1621	942	943
9945	28	23	942	943
56470	28	11669	942	943
57202	28	139	942	943
8168	28	63	942	943
37067	28	180	942	943
13016	28	360	942	943
45002	28	490	942	943
44879	28	275	942	943
118332	28	3386	942	943
66503	28	298	942	943
14241	28	2292	942	943
52260	28	91	942	943
3748	28	58	942	943
22225	28	56	942	943
45523	28	1323	942	943
19327	28	66	942	943
19234	28	315	942	943
119037	28	85	942	943
6402	28	6265	942	943
38915	28	422	942	943
22441	28	140	942	943
4788	28	19	942	943
6313	28	713	942	943
63729	28	150	942	943
9155	28	99	942	943
7395	28	339	942	943
10603	28	42	942	943
89962	28	1052	942	943
89591	28	1234	942	943
40646	28	24	942	943
90074	28	409	942	943
9647	28	8022	942	943
19989	28	420	942	943
66888	28	134	942	943
11580	28	474	942	943
30826	28	553	942	943
17483	28	3317	942	943
35526	28	245	942	943
6802	28	331	942	943
35062	28	1621	942	943
10631	28	133	942	943
97970	28	1131	942	943
8409	28	5808	942	943
23365	28	5296	942	943
67279	28	14934	942	943
31530	28	797	942	943
7123	28	180	942	943
23351	28	86	942	943
17918	28	1244	942	943
14872	28	121	942	943
99093	28	1597	942	943
96676	28	275	942	943
19382	28	74	942	943
27260	28	79	942	943
63132	28	174	942	943
65217	28	313	942	943
25781	28	4956	942	943
19449	28	624	942	943
8218	28	778	942	943
23661	28	353	942	943
21813	28	60	942	943
49335	28	191	942	943
13422	28	112	942	943
36859	28	141	942	943
28083	28	224	942	943
92061	28	238	942	943
16783	28	643	942	943
22130	28	2399	942	943
24208	28	2897	942	943
55399	28	476	942	943
122869	28	706	942	943
122934	28	119	942	943
86362	28	2546	942	943
84418	28	1244	942	943
7715	28	281	942	943
47595	28	313	942	943
39393	28	147	942	943
92457	28	53	942	943
73457	28	67	942	943
22377	28	288	942	943
8159	28	970	942	943
114328	28	5088	942	943
9928	28	339	942	943
142425	28	774	942	943
107192	28	297	942	943
123652	28	2991	942	943
63488	28	1616	942	943
45653	28	63	942	943
21652	28	73	942	943
98197	28	679	942	943
5694	28	117	942	943
16285	28	1297	942	943
25254	28	532	942	943
20810	28	379	942	943
38327	28	79	942	943
15880	28	3211	942	943
123431	28	159	942	943
106182	28	38893	942	943
32631	28	591	942	943
22142	28	16937	942	943
121162	28	1244	942	943
16896	28	15862	942	943
14639	28	214	942	943
34360	28	319	942	943
18006	28	213	942	943
124728	28	4246	942	943
13934	28	1145	942	943
8335	28	103	942	943
68749	28	1959	942	943
65628	28	4355	942	943
76200	28	71	942	943
4318	28	55	942	943
71388	28	12949	942	943
27139	28	380	942	943
9467	28	290	942	943
26967	28	1323	942	943
45399	28	1319	942	943
11970	28	1323	942	943
66662	28	164	942	943
44208	28	118	942	943
53051	28	547	942	943
17636	28	170	942	943
106888	28	83	942	943
81180	28	439	942	943
4963	28	7072	942	943
42511	28	69	942	943
79288	28	66	942	943
97423	28	392	942	943
47871	28	27560	942	943
19494	28	110	942	943
50481	28	1122	942	943
37679	28	145	942	943
33244	28	27	942	943
28924	28	1432	942	943
41243	28	280	942	943
37576	28	313	942	943
13814	28	50	942	943
23076	28	60	942	943
109576	28	1211	942	943
88444	28	166	942	943
5884	28	117	942	943
7312	28	396	942	943
11334	28	4412	942	943
50724	28	328	942	943
41244	28	364	942	943
76075	28	377	942	943
6364	28	2349	942	943
66848	28	1909	942	943
10224	28	234	942	943
6483	28	1323	942	943
42284	28	99	942	943
44286	28	309	942	943
30301	28	504	942	943
16798	28	624	942	943
7100	28	193	942	943
56164	28	81	942	943
6111	28	1100	942	943
72318	28	17523	942	943
31655	28	76	942	943
54696	28	4757	942	943
31798	28	2686	942	943
40048	28	962	942	943
45628	28	4922	942	943
12605	28	331	942	943
5575	28	166	942	943
18769	28	61	942	943
18861	28	133	942	943
13814	28	177	942	943
18997	28	552	942	943
69902	28	1497	942	943
7100	28	47	942	943
48007	28	58	942	943
18270	28	161	942	943
58074	28	1211	942	943
39989	28	2454	942	943
5103	28	41	942	943
38165	28	527	942	943
35482	28	5619	942	943
11560	28	55	942	943
87465	28	2542	942	943
76513	28	841	942	943
41914	28	145	942	943
6420	28	121	942	943
5007	28	2262	942	943
18952	28	2642	942	943
3943	28	4232	942	943
69669	28	2897	942	943
4102	28	239	942	943
69676	28	29	942	943
50718	28	1592	942	943
5353	28	1278	942	943
13488	28	5160	942	943
33046	28	298	942	943
81508	28	533	942	943
81888	28	5619	942	943
14161	28	105	942	943
13891	28	180	942	943
41243	28	1743	942	943
6431	28	281	942	943
15160	28	56	942	943
9974	28	1323	942	943
28783	28	61	942	943
16169	28	819	942	943
25447	28	832	942	943
24646	28	188	942	943
66828	28	1488	942	943
90638	28	339	942	943
6007	28	51	942	943
12682	28	152	942	943
11043	28	72	942	943
11160	28	818	942	943
25883	28	76	942	943
52320	28	134	942	943
4298	28	49	942	943
3652	28	117	942	943
9597	28	643	942	943
64940	28	2633	942	943
76417	28	386	942	943
28891	28	290	942	943
44077	28	447	942	943
24698	28	799	942	943
13348	28	11669	942	943
70356	28	525	942	943
16914	28	233	942	943
96970	28	1554	942	943
43635	28	1323	942	943
62376	28	111	942	943
9327	28	6425	942	943
72276	28	181	942	943
27253	28	915	942	943
11877	28	274	942	943
15826	28	922	942	943
84371	28	58	942	943
21488	28	3211	942	943
43591	28	1478	942	943
21547	28	55	942	943
38935	28	107	942	943
125882	28	417	942	943
50775	28	1676	942	943
10080	28	104	942	943
46457	28	1278	942	943
15665	28	951	942	943
64425	28	156	942	943
32088	28	1810	942	943
37661	28	69	942	943
141333	28	149	942	943
11020	28	24	942	943
78863	28	1583	942	943
61289	28	1031	942	943
23355	28	76	942	943
6985	28	188	942	943
8154	28	31	942	943
12077	28	1124	942	943
103252	28	9960	942	943
16400	28	23	942	943
47096	28	1855	942	943
5149	28	277	942	943
8833	28	542	942	943
9967	28	2625	942	943
12327	28	1596	942	943
13704	28	44	942	943
7212	28	106	942	943
47918	28	242	942	943
8169	28	23	942	943
83177	28	89	942	943
5217	28	160	942	943
7663	28	6938	942	943
87736	28	80	942	943
36824	28	547	942	943
9701	28	5552	942	943
16958	28	16	942	943
15832	28	140	942	943
49228	28	118	942	943
39431	28	388	942	943
77038	28	112	942	943
114106	28	751	942	943
91404	28	10220	942	943
27466	28	378	942	943
38348	28	28	942	943
47539	28	2262	942	943
6715	28	156	942	943
9086	28	105	942	943
28086	28	381	942	943
6172	28	107	942	943
81823	28	439	942	943
10701	28	1619	942	943
80896	28	6822	942	943
28501	28	642	942	943
58668	28	298	942	943
20691	28	317	942	943
31783	28	1426	942	943
51785	28	1736	942	943
70644	28	4335	942	943
47045	28	119	942	943
21325	28	1100	942	943
16789	28	56	942	943
17651	28	117	942	943
59139	28	646	942	943
51479	28	960	942	943
52575	28	743	942	943
28124	28	5797	942	943
127793	28	2262	942	943
12770	28	265	942	943
16960	28	361	942	943
99395	28	119	942	943
102509	28	118	942	943
17657	28	123	942	943
7566	28	112	942	943
12085	28	846	942	943
88057	28	1813	942	943
60514	28	3001	942	943
107177	28	80	942	943
8867	28	361	942	943
7182	28	643	942	943
7194	28	1614	942	943
28629	28	930	942	943
64945	28	133	942	943
10478	28	915	942	943
93547	28	6459	942	943
10995	28	23	942	943
17636	28	1033	942	943
15828	28	642	942	943
66888	28	85	942	943
25655	28	1070	942	943
16588	28	437	942	943
17767	28	214	942	943
29053	28	832	942	943
68683	28	43	942	943
9408	28	800	942	943
72636	28	1297	942	943
7315	28	31	942	943
5887	28	1426	942	943
50718	28	121	942	943
14800	28	1244	942	943
18640	28	158	942	943
40468	28	698	942	943
18030	28	2215	942	943
20162	28	48	942	943
12021	28	23	942	943
32813	28	699	942	943
47071	28	309	942	943
72526	28	22961	942	943
81696	28	1153	942	943
8333	28	124	942	943
16377	28	256	942	943
10425	28	798	942	943
27283	28	219	942	943
51758	28	30	942	943
9349	28	3623	942	943
86819	28	708	942	943
103586	28	413	942	943
19298	28	1119	942	943
15016	28	288	942	943
94127	28	587	942	943
35325	28	167	942	943
7786	28	19	942	943
71173	28	787	942	943
74191	28	893	942	943
31213	28	311	942	943
8182	28	39	942	943
34758	28	143	942	943
26191	28	925	942	943
55201	28	1229	942	943
10878	28	49554	942	943
4916	28	934	942	943
57610	28	1021	942	943
185086	28	1476	942	943
87988	28	110	942	943
6344	28	169	942	943
9568	28	80	942	943
23815	28	19	942	943
86759	28	1195	942	943
27674	28	2341	942	943
33507	28	1409	942	943
17979	28	74	942	943
67754	28	24268	942	943
21817	28	495	942	943
31518	28	976	942	943
32238	28	199	942	943
24539	28	202	942	943
4388	28	274	942	943
23853	28	45	942	943
92147	28	87	942	943
22030	28	17870	942	943
10572	28	56	942	943
23346	28	16937	942	943
5348	28	445	942	943
94190	28	386	942	943
58534	28	915	942	943
57310	28	165	942	943
30053	28	1644	942	943
81512	28	386	942	943
7646	28	145	942	943
44793	28	214	942	943
8925	28	65	942	943
23077	28	2553	942	943
32297	28	780	942	943
79565	28	621	942	943
56812	28	328	942	943
20791	28	162	942	943
11592	28	82	942	943
75294	28	60	942	943
26149	28	34	942	943
8101	28	940	942	943
26940	28	1353	942	943
8366	28	1080	942	943
90468	28	133	942	943
11377	28	253	942	943
45285	28	669	942	944
5490	28	1269	942	944
16788	28	793	942	944
53283	28	124	942	944
113494	28	1119	942	944
83939	28	117	942	944
45823	28	575	942	944
72444	28	215	942	944
17259	28	1279	942	944
47283	28	1864	942	944
30870	28	70	942	944
30756	28	95	942	944
3832	28	1855	942	944
34794	28	503	942	944
15138	28	80	942	944
55374	28	1116	942	944
36178	28	2104	942	944
27297	28	16	942	944
7715	28	140	942	944
27582	28	114	942	944
87249	28	45	942	944
73558	28	106	942	944
4733	28	149	942	944
42513	28	220	942	944
11617	28	160	942	944
13966	28	132	942	944
13382	28	102	942	944
25925	28	87	942	944
117438	28	2262	942	944
32159	28	149	942	944
16697	28	214	942	944
5164	28	44	942	944
24007	28	2668	942	944
88707	28	150	942	944
14343	28	48	942	944
102626	28	381	942	944
18989	28	255	942	944
77154	28	15237	942	944
22097	28	112	942	944
9435	28	1035	942	944
89802	28	1073	942	944
50180	28	254	942	944
66293	28	1100	942	944
35094	28	228	942	944
103894	28	162	942	944
20078	28	161	942	944
26053	28	951	942	944
57351	28	22726	942	944
27126	28	16	942	944
41722	28	712	942	944
7202	28	265	942	944
53637	28	456	942	944
25654	28	118	942	944
26789	28	58	942	944
78212	28	503	942	944
65703	28	354	942	944
122169	28	210	942	944
47904	28	363	942	944
12182	28	2255	942	944
91981	28	44	942	944
74361	28	4903	942	944
63257	28	238	942	944
43055	28	155	942	944
90107	28	363	942	944
91253	28	238	942	944
27010	28	690	942	944
20561	28	695	942	944
26071	28	232	942	944
24470	28	4267	942	944
88776	28	139	942	944
6034	28	48	942	944
65749	28	916	942	944
16179	28	43	942	944
40192	28	2262	942	944
15018	28	121	942	944
16183	28	276	942	944
44259	28	120	942	944
92918	28	238	942	944
164783	28	44129	942	944
11134	28	395	942	944
4859	28	74	942	944
38299	28	201	942	944
102672	28	1137	942	944
28210	28	227	942	944
12353	28	51	942	944
27023	28	942	942	944
45429	28	129	942	944
75897	28	758	942	944
27404	28	286	942	944
30083	28	992	942	944
11815	28	313	942	944
73192	28	568	942	944
51429	28	970	942	944
22330	28	280	942	944
29614	28	228	942	944
12823	28	396	942	944
9070	28	3337	942	944
26473	28	295	942	944
24561	28	6928	942	944
18700	28	156	942	944
13919	28	61	942	944
13355	28	265	942	944
23162	28	4924	942	944
27535	28	160	942	944
10600	28	309	942	944
24540	28	107	942	944
27069	28	105	942	944
6197	28	86	942	944
22037	28	70	942	944
9889	28	42	942	944
55452	28	353	942	944
21925	28	158	942	944
78710	28	1788	942	944
48272	28	502	942	944
82821	28	107	942	944
106913	28	110	942	944
11827	28	50	942	944
12105	28	1239	942	944
6063	28	55	942	944
5642	28	76	942	944
18626	28	170	942	944
32855	28	46	942	944
6379	28	701	942	944
109569	28	1008	942	944
22648	28	22	942	944
8245	28	192	942	944
12190	28	56	942	944
13795	28	1588	942	944
88692	28	800	942	944
15442	28	346	942	944
44146	28	87	942	944
9348	28	442	942	944
10725	28	46	942	944
14577	28	319	942	944
28864	28	60	942	944
20713	28	1082	942	944
9312	28	227	942	944
7379	28	86	942	944
22010	28	71	942	944
29444	28	87	942	944
34205	28	235	942	944
11505	28	452	942	944
33080	28	161	942	944
64800	28	489	942	944
10009	28	1008	942	944
21955	28	542	942	944
51655	28	220	942	944
16832	28	339	942	944
6541	28	81	942	944
8487	28	69	942	944
77992	28	210	942	944
92111	28	307	942	944
21483	28	52	942	944
81252	28	136	942	944
68094	28	2843	942	944
44505	28	1279	942	944
27226	28	330	942	944
47680	28	124	942	944
20156	28	196	942	944
11341	28	206	942	944
6885	28	161	942	944
20709	28	1806	942	944
18236	28	698	942	944
7219	28	195	942	944
15399	28	36	942	944
16960	28	1395	942	944
32420	28	122	942	944
19822	28	55	942	944
23426	28	1492	942	944
21577	28	27	942	944
16078	28	124	942	944
61347	28	1076	942	944
48443	28	1964	942	944
50889	28	2546	942	944
12868	28	3621	942	944
11940	28	66	942	944
66040	28	530	942	944
32866	28	164	942	944
6495	28	2262	942	944
83798	28	621	942	944
64632	28	80	942	944
9651	28	9281	942	944
17714	28	868	942	944
52927	28	968	942	944
89848	28	1102	942	944
50872	28	500	942	944
10814	28	583	942	944
21206	28	38	942	944
119723	28	680	942	944
20387	28	8221	942	944
13815	28	7880	942	944
12473	28	293	942	944
100784	28	715	942	944
31667	28	20	942	944
75804	28	170	942	944
73455	28	2561	942	944
21556	28	47	942	944
113296	28	170	942	944
11585	28	101	942	944
102422	16	84843	942	944
9111	28	220	942	944
37969	28	216	942	944
61859	28	156	942	944
28546	28	992	942	944
13401	28	1736	942	944
39837	28	40	942	944
152037	28	2061	942	944
22733	28	199	942	944
7598	28	77	942	944
32810	28	146	942	944
28414	28	552	942	944
36526	28	98	942	944
12539	28	24	942	944
33035	28	28	942	944
9283	28	101	942	944
7277	28	45583	942	944
18768	28	365	942	944
25402	28	146	942	944
15896	28	252	942	944
12343	28	3973	942	944
29473	28	529	942	944
7565	28	53	942	944
129499	14	1517	942	944
29201	28	355	942	944
63019	28	381	942	944
101943	28	749	942	944
10952	28	713	942	944
19396	28	885	942	944
109701	28	2262	942	944
95563	28	71	942	944
6475	28	61	942	944
64163	28	464	942	944
35772	28	159	942	944
24151	28	56	942	944
14064	28	70	942	944
33817	28	58	942	944
5067	28	43	942	944
75098	28	37	942	944
97247	28	83	942	944
20466	28	662	942	944
100223	28	142	942	944
13636	28	57	942	944
26129	28	95	942	944
28326	28	379	942	944
8249	28	5836	942	944
7127	28	494	942	944
15381	28	960	942	944
26188	28	36	942	944
26156	28	1027	942	944
14911	28	61	942	944
14317	28	195	942	944
29819	28	52	942	944
5989	28	87	942	944
41674	28	18261	942	944
20327	28	678	942	944
9528	28	44	942	944
7990	28	642	942	944
12710	28	102	942	944
26831	28	145	942	944
21454	28	1102	942	944
92144	28	23769	942	944
64505	28	2018	942	944
14025	28	132	942	944
120269	28	1547	942	944
20367	28	940	942	944
13317	28	198	942	944
16325	28	58	942	944
9596	28	76	942	944
68309	28	231	942	944
8822	28	7723	942	944
25110	28	72	942	944
36713	28	181	942	944
4763	23	129444	942	944
53804	28	1476	942	944
10947	28	294	942	944
67349	28	233	942	944
18917	28	153	942	944
33220	28	933	942	944
93909	28	1122	942	944
36038	28	353	942	944
70333	28	6928	942	944
5594	28	28	942	944
78152	28	180	942	944
75114	28	524	942	944
20617	28	503	942	944
23862	28	220	942	944
56925	28	81	942	944
15571	28	123	942	944
60104	28	646	942	944
49947	28	168	942	944
119475	28	232	942	944
31606	28	55	942	944
20619	28	102	942	944
28516	28	65	942	944
7702	28	11558	942	944
23723	28	103	942	944
22708	28	1461	942	944
60087	28	328	942	944
25073	28	586	942	944
34896	28	1805	942	944
14561	28	3973	942	944
31453	28	248	942	944
36189	28	637	942	944
37050	28	3030	942	944
11868	28	210	942	944
28111	28	114	942	944
45907	28	3762	942	944
17481	28	16	942	944
10153	28	4497	942	944
44748	28	4649	942	944
70498	28	454	942	945
45149	28	168	942	945
16562	28	1156	942	945
71801	28	91	942	945
71928	28	122	942	945
30107	28	1931	942	945
15015	28	32	942	945
29857	28	186	942	945
98274	28	409	942	945
22932	28	45	942	945
9730	28	19	942	945
17671	28	78	942	945
47900	28	3656	942	945
17667	28	57	942	945
96347	28	2078	942	945
41969	28	153	942	945
41255	28	33732	942	945
9928	28	432	942	945
11721	28	868	942	945
8965	28	768	942	945
11471	28	379	942	945
83634	28	339	942	945
21773	28	131	942	945
87773	28	171	942	945
10682	28	63	942	945
7778	28	67	942	945
27413	28	1297	942	945
25107	28	1253	942	945
49268	28	489	942	945
36185	28	866	942	945
14533	28	1206	942	945
13325	28	152	942	945
9077	28	92	942	945
21904	28	487	942	945
13411	28	286	942	945
112121	28	1146	942	945
90041	28	1211	942	945
29943	28	82	942	945
90096	28	10220	942	945
19566	28	2732	942	945
8083	28	962	942	945
15409	28	1397	942	945
102018	28	254	942	945
6014	28	1129	942	945
77454	28	439	942	945
79247	28	2250	942	945
91749	28	37	942	945
117264	28	1403	942	945
7788	28	22	942	945
72675	28	380	942	945
37465	28	1239	942	945
27260	28	175	942	945
92717	28	318	942	945
42231	28	768	942	945
69023	28	350	942	945
76914	28	1123	942	945
35462	28	841	942	945
31154	28	3743	942	945
12715	28	797	942	945
119166	28	2104	942	945
8684	28	276	942	945
69637	28	5222	942	945
33464	28	231	942	945
6436	28	434	942	945
49820	28	692	942	945
33915	28	30	942	945
25928	28	417	942	945
16881	28	477	942	945
70776	28	610	942	945
32289	28	241	942	945
10343	28	11427	942	945
44058	28	1185	942	945
17475	28	286	942	945
25255	28	447	942	945
59414	28	7339	942	945
14489	28	248	942	945
27278	28	627	942	945
25359	28	2488	942	945
33060	28	396	942	945
40810	28	164	942	945
7178	28	142	942	945
12421	28	379	942	945
29972	28	101	942	945
8938	28	402	942	945
16306	28	42	942	945
21395	28	522	942	945
27083	28	227	942	945
29457	28	95	942	945
25179	28	28	942	945
53247	28	660	942	945
58253	28	98	942	945
9547	28	933	942	945
7285	23	72562	942	945
37076	28	51	942	945
19217	28	4262	942	945
19160	28	550	942	945
10652	28	58	942	945
27253	28	176	942	945
13031	28	168	942	945
21051	28	119	942	945
21272	28	460	942	945
11314	28	28	942	945
5368	28	1102	942	945
39519	28	227	942	945
15285	28	6755	942	945
18134	28	117	942	945
33174	28	319	942	945
12427	28	32	942	945
53175	28	76	942	945
46689	28	55061	942	945
12823	28	149	942	945
81073	28	37	942	945
23888	28	2454	942	945
44060	28	818	942	945
11564	28	40	942	945
31668	28	390	942	945
18922	28	434	942	945
60409	28	1278	942	945
63276	28	3326	942	945
25385	28	153	942	945
67221	28	1102	942	945
13046	28	968	942	945
13331	28	101	942	945
26403	28	41	942	945
25111	28	74	942	945
14743	28	355	942	945
48007	28	104	942	945
16026	28	111	942	945
76098	28	52	942	945
36571	28	45	942	945
50396	28	883	942	945
23966	28	122	942	945
51943	28	74	942	945
68506	28	3599	942	945
31865	28	2672	942	945
26146	28	42	942	945
64716	28	377	942	945
73052	14	2297	942	945
10022	28	2126	942	945
15820	28	56	942	945
31706	28	766	942	945
51769	28	150	942	945
19028	28	5378	942	945
16601	28	313	942	945
44461	28	43	942	945
80117	28	34	942	945
91579	28	841	942	945
8577	28	4418	942	945
10515	28	797	942	945
47085	28	88	942	945
9423	28	31	942	945
76113	28	181	942	945
27004	28	633	942	945
43638	28	54	942	945
88697	28	175	942	945
21361	28	30	942	945
83376	28	109	942	945
59687	28	220	942	945
33489	28	162	942	945
16875	28	74	942	945
9936	28	227	942	945
129444	23	4763	942	945
77402	28	1855	942	945
56730	28	89	942	945
17518	28	54	942	945
10695	28	9843	942	945
44913	28	447	942	945
53509	28	248	942	945
82229	28	129	942	945
5869	23	24826	942	945
29322	28	89759	942	945
25993	28	213	942	945
12899	28	57	942	945
13620	28	3326	942	945
37105	28	447	942	945
74783	28	1110	942	945
19168	28	274	942	945
130986	28	1162	942	945
11007	28	231	942	945
24933	28	255	942	945
12770	28	49	942	945
13147	28	593	942	946
45996	28	624	942	946
11811	28	578	942	946
18924	28	846	942	946
97951	28	1162	942	946
15265	28	629	942	946
20068	28	135	942	946
74118	28	575	942	946
23115	28	39	942	946
10987	28	92	942	946
46351	28	177	942	946
28108	28	133	942	946
18811	28	4810	942	946
16528	28	193	942	946
39294	28	933	942	946
95882	28	386	942	946
8578	28	22	942	946
34466	28	68	942	946
26187	28	386	942	946
58173	28	198	942	946
54394	28	40	942	946
17405	28	364	942	946
9137	28	609	942	946
8382	28	40	942	946
23142	28	74	942	946
103629	28	69	942	946
66112	28	191	942	946
23212	28	86	942	946
36191	28	1216	942	946
78423	28	16	942	946
27986	28	29	942	946
47592	28	1122	942	946
16023	28	20	942	946
28664	28	252	942	946
88655	16	7247	942	946
19118	28	85	942	946
16047	28	133	942	946
24142	28	122	942	946
76136	28	525	942	946
58439	28	336	942	946
65581	28	31	942	946
6178	28	49	942	946
57877	28	339	942	946
12026	28	797	942	946
31411	28	72	942	946
11028	28	98	942	946
19536	28	57	942	946
11571	28	846	942	946
45804	28	91	942	946
6395	28	160	942	946
147573	28	261	942	946
80783	28	295	942	946
8991	28	564	942	946
23706	28	149	942	946
17660	28	489	942	946
46227	28	695	942	946
29324	28	463	942	946
65149	28	1628	942	946
77876	28	145	942	946
37075	28	1259	942	946
25044	28	1621	942	946
5870	28	76	942	946
6963	28	46	942	946
5859	28	133	942	946
13832	28	20	942	946
8228	28	76	942	946
38392	28	150	942	946
11178	28	289	942	946
12668	28	73	942	946
39508	28	45	942	946
26952	28	18520	942	946
28781	28	98	942	946
94858	28	1426	942	946
17400	28	18890	942	946
9359	28	101	942	946
13967	28	134	942	946
7836	28	66	942	946
11560	28	80	942	946
97219	28	126	942	946
89272	28	1122	942	946
39070	28	377	942	946
94713	28	122	942	946
44499	28	261	942	946
23304	28	1144	942	946
24574	28	624	942	946
13347	28	165	942	946
109362	28	1621	942	946
72174	28	196	942	946
24078	28	193	942	946
42786	28	602	942	946
15788	28	642	942	946
28789	28	153	942	946
10965	28	586	942	946
24240	28	1229	942	946
29076	28	1009	942	946
12309	28	181	942	946
12017	28	53	942	946
7500	28	169	942	946
29903	28	642	942	946
19641	28	1505	942	946
27515	28	55	942	946
75947	28	77	942	946
26401	28	460	942	946
17442	28	530	942	946
56322	28	252	942	946
16318	28	19	942	946
81435	28	378	942	946
30091	28	160	942	946
53252	28	1700	942	946
17863	28	369	942	946
76728	28	2546	942	946
15499	28	471	942	946
41128	28	1317	942	946
42556	28	27313	942	946
31653	28	41	942	946
65038	28	609	942	946
21443	28	1682	942	946
68624	28	85	942	946
60348	28	495	942	946
6332	28	52	942	946
7488	28	55	942	946
16174	28	41	942	946
11872	28	52	942	947
6888	28	1031	942	947
97863	28	4143	942	947
13054	28	161	942	947
7698	28	14	942	947
4575	28	167	942	947
53324	28	214	942	947
5073	28	87	942	947
62925	28	417	942	947
25791	28	179	942	947
5887	28	149	942	947
103408	28	233	942	947
13509	28	203	942	947
16843	28	48	942	947
65373	28	1101	942	947
58439	28	1317	942	947
52377	28	835	942	947
29031	28	82	942	947
24802	28	242	942	947
13910	28	167	942	947
29632	28	33	942	947
32229	28	452	942	947
40432	28	30	942	947
104289	28	712	942	947
31693	28	2060	942	947
124430	28	809	942	947
44189	28	51	942	947
29332	28	107	942	947
31994	28	956	942	947
59234	28	199	942	947
10988	28	177	942	947
77039	28	1162	942	947
18255	28	1478	942	947
8035	28	377	942	947
53127	28	179	942	947
29941	28	1185	942	947
35405	28	69	942	947
15523	28	983	942	947
55234	28	154	942	947
16359	28	51	942	947
5523	28	158	942	947
5117	28	1810	942	947
22276	28	123	942	947
49048	28	1652	942	947
109120	28	146	942	947
7304	28	1153	942	947
40346	28	933	942	947
38543	28	996	942	947
54251	28	102	942	947
24916	28	228	942	947
7154	28	48	942	947
8412	28	602	942	947
77274	28	259	942	947
25367	28	518	942	947
5774	28	227	942	947
28695	28	3522	942	947
11685	28	1176	942	947
19704	28	1730	942	947
120929	28	850	942	947
42712	28	131	942	947
44147	28	233	942	947
35867	28	387	942	947
16186	28	71	942	947
18670	28	146	942	947
69994	28	390	942	947
24091	28	1095	942	947
111443	28	222	942	947
110894	28	547	942	947
9077	28	494	942	947
48023	28	235	942	947
180301	28	526	942	947
48626	28	1124	942	947
10601	28	460	942	947
64935	28	741	942	947
10337	28	242	942	947
22278	28	268	942	947
18448	28	516	942	947
82599	28	1795	942	947
10133	28	36	942	947
15040	28	1118	942	947
6136	28	47	942	947
50967	28	881	942	947
48652	28	36	942	947
23360	28	15459	942	947
46296	28	766	942	947
130395	28	37	942	947
9694	28	68	942	947
63105	28	242	942	947
70120	28	159	942	947
37288	28	3436	942	947
97891	28	80	942	947
24839	28	460	942	948
22280	28	214	942	948
6461	28	66	942	948
14645	28	36	942	948
21877	28	397	942	948
27294	28	868	942	948
48787	28	1338	942	948
29393	28	198	942	948
29324	28	135	942	948
102987	28	259	942	948
84277	28	311	942	948
13544	28	1223	942	948
27477	28	167	942	948
24690	28	82	942	948
92111	28	304	942	948
16827	28	109	942	948
98077	28	88	942	948
15898	28	396	942	948
8202	28	77	942	948
15191	28	178	942	948
64384	28	390	942	948
80855	28	110	942	948
18230	28	4669	942	948
47520	28	255	942	948
37775	28	273	942	948
11741	28	256	942	948
94172	28	809	942	948
27192	28	453	942	948
32289	28	531	942	948
42594	28	390	942	948
101820	28	1736	942	948
11998	28	345	942	948
34914	28	169	942	948
10232	28	65	942	948
147617	28	1036	942	948
32102	28	33	942	948
45941	28	3656	942	948
44478	28	78	942	948
13200	28	2458	942	948
24246	28	1166	942	948
81516	28	392	942	948
77620	28	101	942	948
122574	28	1610	942	948
4435	28	23	942	948
151215	28	1261	942	948
37383	28	431	942	948
34153	28	129	942	948
24864	28	72	942	948
15190	28	101	942	948
15865	28	460	942	948
89737	28	119	942	948
28273	28	95	942	948
7759	28	52	942	948
15150	28	256	942	948
42544	28	1221	942	948
76726	28	386	942	948
52425	28	2095	942	948
18132	28	227	942	948
11885	28	37	942	948
11338	28	95	942	948
6221	28	150	942	948
9560	28	216	942	948
16362	28	642	942	948
20898	28	628	942	948
51651	28	2250	942	948
22139	28	578	942	948
42433	28	477	942	948
28750	28	484	942	948
75556	28	268	942	948
7661	28	29	942	948
14302	28	413	942	949
131442	28	170	942	949
5297	28	101	942	949
26016	28	64	942	949
12490	28	98	942	949
9704	28	951	942	949
19760	28	293	942	949
78785	28	102	942	949
20257	28	135	942	949
25978	28	622	942	949
12552	28	99	942	949
40642	28	29	942	949
19956	28	124	942	949
18529	28	396	942	949
17822	28	147	942	949
10170	28	86	942	949
24744	28	124	942	949
44416	28	615	942	949
51175	28	454	942	949
85426	28	392	942	949
101215	28	968	942	949
7219	28	65	942	949
31706	28	471	942	949
37525	28	48	942	949
21579	28	593	942	949
64114	28	245	942	949
47614	28	965	942	949
81949	28	174	942	949
23371	28	102	942	949
82075	28	31	942	949
13457	28	206	942	949
13775	28	378	942	949
79061	28	261	942	949
65595	28	34	942	949
8734	28	174	942	949
66274	28	252	942	949
61374	28	1211	942	949
34077	28	106	942	949
14025	28	267	942	949
27850	28	1330	942	949
77272	28	99	942	949
20195	28	1297	942	949
35009	28	217	942	949
31783	28	65	942	949
13159	28	377	942	950
23267	28	1135	942	950
64090	28	1455	942	950
15645	28	134	942	950
34619	28	1024	942	950
53595	28	106	942	950
40831	28	936	942	950
10194	28	213	942	950
163516	28	1759	942	950
33033	28	50	942	950
49570	28	1059	942	950
69618	28	161	942	950
72986	28	592	942	950
69621	28	591	942	950
17878	28	332	942	950
107596	28	498	942	950
25280	28	351	942	950
19308	28	516	942	950
49668	28	255	942	950
44033	28	368	942	950
59219	28	275	942	950
12414	28	101	942	950
59219	28	547	942	950
38260	28	63	942	950
24364	28	142	942	950
8532	28	60	942	950
39735	28	1338	942	950
37137	28	22	942	950
22168	28	267	942	950
29653	28	177	942	950
129230	28	692	942	950
112233	14	4374	942	951
24952	28	193	942	951
73165	28	520	942	951
23052	28	49	942	951
29191	28	1100	942	951
14486	28	76	942	951
12521	28	20	942	951
77317	28	531	942	951
75298	28	60	942	951
21446	28	959	942	951
42657	28	353	942	951
68857	28	1444	942	951
91870	28	3284	942	951
21560	28	494	942	951
49549	28	330	942	951
40673	28	390	942	951
26830	28	383	942	951
87020	28	106	942	951
27215	28	1693	942	951
57339	28	408	942	951
34040	28	203	942	951
28042	28	464	942	951
34777	28	112	942	951
77193	23	63587	942	951
22248	28	1644	942	952
61683	28	648	942	952
91921	28	2752	942	952
38053	28	63	942	952
46296	28	471	942	952
17937	28	583	942	952
73426	28	471	942	952
63324	28	661	942	952
92276	28	1059	942	952
32204	28	274	942	952
7745	28	12348	942	952
23233	28	144	942	952
73280	28	2207	942	952
70326	28	167	942	952
30083	28	327	942	952
95750	28	923	942	952
12277	28	24268	942	952
34123	28	661	942	952
15625	28	269	942	952
8460	28	76	942	952
29452	28	532	942	953
26183	28	343	942	953
39753	28	390	942	953
45072	28	242	942	953
34800	28	1028	942	953
40975	28	10512	942	953
47997	28	2205	942	953
59237	28	152	942	953
12124	28	276	942	953
14893	28	261	942	953
59408	28	32	942	953
43638	28	112	942	953
4896	28	746	942	953
24365	28	46	942	953
141581	28	42615	942	953
40642	28	41	942	953
24532	28	20	942	953
97387	28	311	942	953
37383	28	276	942	953
16185	28	228	942	953
51073	28	423	942	953
24602	28	29	942	953
36908	28	74	942	953
187864	14	4374	942	953
31144	28	471	942	954
20879	28	368	942	954
12849	28	14	942	954
82036	28	192	942	954
74415	28	27430	942	954
13775	28	1046	942	954
51073	28	323	942	954
117658	28	809	942	954
35477	28	453	942	955
96237	28	192	942	955
87828	28	112	942	955
65866	28	1277	942	955
43770	28	68	942	955
43677	28	32	942	955
34042	28	206	942	955
15977	28	368	942	955
3334	23	4608	942	955
4608	23	3334	942	955
20327	28	368	942	955
30106	28	14	942	955
17720	28	3153	942	955
22236	28	46	942	956
48447	28	622	942	956
149903	28	505	942	956
7715	28	267	942	956
6035	28	540	942	956
36819	28	267	942	957
82255	28	692	942	957
14533	28	835	942	957
104751	28	2145	942	957
7623	28	32	942	957
27502	28	850	942	957
22608	23	85569	942	958
85569	23	22608	942	958
8369	28	1193	942	958
86141	28	1943	942	959
48171	28	809	942	959
12944	28	10334	942	959
70134	28	1943	942	959
75247	28	1943	942	959
8649	28	276	942	960
17720	28	2041	942	960
51337	28	503	942	960
73125	23	31175	942	962
6681	28	2107	942	962
29792	28	1943	942	965
94495	23	50274	942	965
50274	23	94495	942	965
70527	23	95878	943	0
6245	28	452	943	0
18641	28	178	943	0
38935	28	79	943	0
60893	28	454	943	0
52391	28	731	943	0
52507	28	547	943	0
45376	28	4975	943	0
29466	28	4262	943	0
22292	28	3339	943	0
19294	28	76	943	0
45925	28	2104	943	0
97115	28	68	943	0
30119	14	2911	943	0
11887	28	106	943	0
53858	14	943	943	0
84371	28	100	943	0
10635	28	8588	943	0
40488	28	1261	943	0
7321	28	1330	943	0
15182	28	4700	943	0
5659	28	51	943	0
132873	14	39285	943	0
73082	14	929	943	0
63729	28	104	943	0
115002	14	827	943	0
13076	28	56	943	0
5348	28	47	943	0
64385	28	445	943	0
41764	28	31420	943	0
86835	14	2384	943	0
18641	28	139	943	0
8484	28	10999	943	0
4544	28	158	943	0
20432	28	119	943	0
24751	14	308	943	0
3652	28	149	943	0
8922	14	1491	943	0
26194	28	24	943	0
48679	28	1942	943	0
8578	28	223	943	0
76453	14	902	943	0
55590	14	9720	943	0
13654	28	118	943	0
9556	28	175	943	0
5167	28	841	943	0
28166	28	24	943	0
21652	28	43	943	0
10133	28	117	943	0
102567	28	1492	943	0
21925	28	247	943	0
16566	28	219	943	0
57728	28	1244	943	0
53175	28	1616	943	0
25635	28	216	943	0
16789	28	98	943	0
77434	28	351	943	0
25678	28	29	943	0
95874	28	2413	943	0
30349	28	107	943	0
160674	28	30033	943	0
35111	28	76	943	0
10701	28	1069	943	0
13326	28	40525	943	0
46660	28	28	943	0
104653	6	1037	943	0
120723	28	675	943	0
120731	14	3055	943	0
90787	28	1216	943	0
76366	28	6204	943	0
57728	28	17849	943	0
55708	23	100639	943	0
15552	28	379	943	0
3792	28	40	943	0
45399	28	337	943	0
10787	28	15035	943	0
36593	28	33	943	0
78107	28	174	943	0
16814	28	34	943	0
65237	28	14934	943	0
20087	28	2927	943	0
4435	28	265	943	0
27654	28	132	943	0
53858	14	308	943	0
15165	28	715	943	0
103955	28	415	943	0
122378	14	23821	943	0
35111	28	586	943	0
7279	14	1491	943	0
4869	28	51	943	0
103200	28	50948	943	0
26531	28	307	943	0
24246	28	731	943	0
41985	28	164	943	0
8604	28	63480	943	0
16991	28	3325	943	0
61776	28	2469	943	0
5672	28	412	943	0
58610	28	241	943	0
101002	28	261	943	0
18781	28	106	943	0
6578	14	30867	943	0
6313	28	462	943	0
47293	28	106	943	0
58874	14	7183	943	0
65237	28	4627	943	0
5694	28	85	943	0
4869	28	147	943	0
101451	28	1813	943	0
105975	14	2792	943	0
15296	28	158	943	0
44177	28	1629	943	0
33973	28	24	943	0
21388	28	460	943	0
72921	28	361	943	0
55188	28	5956	943	0
115744	28	10655	943	0
37418	14	308	943	0
28378	28	578	943	0
124097	23	29682	943	0
29303	28	7139	943	0
48114	28	907	943	0
16978	28	14	943	0
7036	14	4167	943	0
15938	28	166	943	0
107695	28	184	943	0
80270	28	238	943	0
68607	28	7385	943	0
10951	28	766	943	0
14804	28	800	943	0
20162	28	1160	943	0
10995	28	331	943	0
10321	28	1025	943	0
125032	23	125033	943	0
125033	23	125032	943	0
36034	28	361	943	0
5083	28	29	943	0
9297	28	3105	943	0
24092	28	915	943	0
9504	28	800	943	0
16275	28	365	943	0
30107	28	494	943	0
94074	28	559	943	0
64220	14	308	943	0
108997	28	175	943	0
49247	28	731	943	0
7558	28	361	943	0
7786	28	134	943	0
109147	14	1746	943	0
74594	28	175	943	0
145688	14	305	943	0
20233	28	4327	943	0
53697	28	915	943	0
68749	28	388	943	0
74513	28	1551	943	0
41555	28	160	943	0
12182	28	2398	943	0
69990	14	25618	943	0
81469	14	103853	943	0
28591	28	660	943	0
65085	28	1596	943	0
92794	28	452	943	0
78958	28	415	943	0
10132	28	1238	943	0
12666	28	111	943	0
16181	28	238	943	0
12012	28	936	943	0
10942	28	6692	943	0
47096	28	8779	943	0
59132	14	308	943	0
21640	14	3622	943	0
31970	28	118	943	0
81661	14	2911	943	0
45399	28	91	943	0
57606	28	1346	943	0
34069	28	227	943	0
81696	28	17969	943	0
9974	28	34	943	0
110284	14	6310	943	0
56968	14	2911	943	0
31447	14	1491	943	0
46994	14	444	943	0
47338	28	1497	943	0
10321	28	1616	943	0
65459	28	632	943	0
55397	6	128107	943	0
148458	28	774	943	0
34297	14	3795	943	0
44327	28	29041	943	0
46994	14	9093	943	0
6063	28	24	943	0
119037	28	166	943	0
5149	28	445	943	0
91816	28	391	943	0
171929	6	1103	943	0
32813	28	361	943	0
68070	28	5135	943	0
23744	28	54	943	0
56979	28	140	943	0
11595	28	261	943	0
10703	28	1110	943	0
102696	28	662	943	0
5559	28	16	943	0
44208	28	337	943	0
172521	6	16928	943	0
72830	14	93548	943	0
11204	28	238	943	0
4807	28	586	943	0
3147	23	88916	943	0
8669	28	430	943	0
3652	28	1102	943	0
47283	28	50811	943	0
57285	28	1101	943	0
11961	14	1491	943	0
67973	28	1229	943	0
6111	28	311	943	0
50872	28	2392	943	0
73633	14	4658	943	0
8169	28	56	943	0
63257	28	183	943	0
10588	28	170	943	0
20391	28	25151	943	0
4593	28	49	943	0
151149	28	397	943	0
53697	28	241	943	0
8032	28	60	943	0
25014	28	1458	943	0
11348	28	1496	943	0
9238	28	165	943	0
108301	14	3055	943	0
5423	28	2030	943	0
19382	28	85	943	0
6090	28	1165	943	0
9556	28	339	943	0
65119	14	5738	943	0
123227	28	7139	943	0
95014	28	238	943	0
76167	14	111480	943	0
20233	28	4924	943	0
127129	6	389	943	0
11527	28	632	943	0
84652	28	2686	943	0
86666	14	69115	943	0
21870	28	171	943	0
5898	28	751	943	0
5787	28	1459	943	0
14139	28	105	943	0
40941	28	32	943	0
57954	23	21938	943	0
36140	28	106	943	0
91816	28	774	943	0
51240	28	846	943	0
4014	28	86	943	0
19258	14	12967	943	0
6950	28	445	943	0
4544	28	118	943	0
33665	28	281	943	0
150533	28	1642	943	0
35379	28	731	943	0
18172	28	625	943	0
24330	28	866	943	0
12174	28	1186	943	0
15160	28	23	943	0
27001	28	784	943	0
4593	28	117	943	0
19095	28	48	943	0
12174	28	3819	943	0
16011	28	219	943	0
61072	28	60	943	0
66888	28	107	943	0
22231	28	1392	943	0
7891	28	1909	943	0
62699	28	350	943	0
12483	28	864	943	0
11373	14	3622	943	0
153523	14	827	943	0
38090	28	43	943	0
95583	28	216	943	0
5022	28	221	943	0
13362	14	7210	943	0
3665	23	60003	943	0
60003	23	3665	943	0
8025	28	745	943	0
10138	28	106	943	0
42992	14	943	943	0
12085	28	160	943	0
27200	28	8786	943	0
28489	28	6928	943	0
50002	28	69	943	0
130709	14	83321	943	0
14906	28	361	943	0
76366	28	104	943	0
14092	28	65	943	0
46481	28	44	943	0
129888	23	128917	943	0
58933	28	215	943	0
11209	14	12787	943	0
4050	28	3578	943	0
13801	28	50090	943	0
38523	28	135	943	0
56119	14	308	943	0
7807	28	88	943	0
51343	28	176	943	0
6767	28	24	943	0
145221	14	7183	943	0
62546	28	459	943	0
45002	28	257	943	0
74873	28	485	943	0
71534	28	15869	943	0
4652	23	21124	943	0
21124	23	4652	943	0
96938	28	1551	943	0
77881	28	3578	943	0
51343	28	915	943	0
9229	28	1805	943	0
76900	28	641	943	0
17974	28	2394	943	0
27384	28	106	943	0
7261	28	786	943	0
26332	28	357	943	0
16253	28	975	943	0
11146	28	24	943	0
22370	28	126	943	0
28081	28	381	943	0
141262	28	4845	943	0
69204	28	749	943	0
85738	14	2297	943	0
12342	28	2439	943	0
93792	28	3325	943	0
18927	28	277	943	0
62503	28	388	943	0
13153	28	56	943	0
75657	14	4413	943	0
133821	28	2167	943	0
154571	28	768	943	0
108100	14	8174	943	0
17900	23	155203	943	0
18940	28	135	943	0
64624	14	23821	943	0
6828	23	82636	943	0
82636	23	6828	943	0
17620	28	15035	943	0
32206	28	893	943	0
66306	28	238	943	0
95575	28	2526	943	0
5022	28	28	943	0
30433	28	34	943	0
21676	28	283	943	0
7891	28	98	943	0
30136	14	2188	943	0
14092	28	142	943	0
40192	28	4335	943	0
94971	28	15035	943	0
92390	28	1408	943	0
66467	28	2831	943	0
14876	28	404	943	0
91984	14	22294	943	0
42757	28	632	943	0
89588	28	216	943	0
18626	28	54	943	0
25908	14	308	943	0
11831	28	2571	943	0
101997	14	902	943	0
60409	28	1279	943	0
10982	28	1392	943	0
4544	28	53	943	0
50479	28	15035	943	0
8283	28	24	943	0
44217	28	147	943	0
74418	28	238	943	0
19327	28	20	943	0
30770	28	164	943	0
55498	28	199	943	943
27897	28	378	943	943
38672	28	325	943	944
44850	28	1859	943	944
60629	28	37	943	944
45002	28	199	943	944
52298	28	131	943	944
14398	28	830	943	944
8433	28	281	943	944
21855	28	253	943	944
71113	28	1216	943	944
29395	28	295	943	944
8514	28	117	943	944
14607	28	24	943	944
29535	28	180	943	944
10379	28	215	943	944
45653	28	77	943	944
71815	28	5062	943	944
22549	28	573	943	944
25746	28	799	943	944
25880	28	4703	943	944
97321	28	81	943	944
40213	28	5090	943	944
34801	28	615	943	944
70630	28	165	943	944
12002	28	236	943	944
114106	28	67	943	944
5423	28	337	943	944
26438	28	19	943	944
54676	28	396	943	944
3748	28	186	943	944
20240	28	150	943	944
23385	28	85	943	944
20396	28	87	943	944
46952	28	126	943	944
8157	28	24789	943	944
9849	28	31	943	944
10897	28	23	943	944
35462	28	240	943	944
5149	28	290	943	944
98815	28	111	943	944
14904	28	315	943	944
27443	28	951	943	944
14241	28	142	943	944
62546	28	682	943	944
42229	28	100	943	944
100511	28	350	943	944
19009	28	2262	943	944
40656	28	530	943	944
61101	28	1063	943	944
15881	28	1139	943	944
16632	28	583	943	944
25654	28	215	943	944
15018	28	1101	943	944
101317	28	291	943	944
5898	28	1426	943	944
24823	28	713	943	944
22142	28	6822	943	944
8395	28	88	943	944
32266	28	71	943	944
36211	28	2262	943	944
25292	28	81	943	944
13326	28	1496	943	944
37335	28	4152	943	944
88280	28	41	943	944
24745	28	1614	943	944
18814	28	1030	943	944
22278	28	1101	943	944
25521	28	990	943	944
16960	28	486	943	944
14906	28	486	943	944
17043	28	14934	943	944
26079	28	4355	943	944
22229	28	146	943	944
103579	28	72	943	944
22803	28	286	943	944
23043	28	219	943	944
22982	28	170	943	944
26497	28	3578	943	944
23124	28	24	943	944
13640	28	251	943	944
26784	28	551	943	944
39952	28	437	943	944
11831	28	467	943	944
104407	28	639	943	944
34539	28	1392	943	944
26983	28	110	943	944
23346	28	2023	943	944
33617	28	1813	943	944
17105	28	71	943	944
74652	28	524	943	944
55244	28	1392	943	944
7877	28	437	943	944
16958	28	2135	943	944
17736	28	164	943	944
60959	28	2027	943	944
4036	28	2135	943	944
36078	28	629	943	944
22732	28	168	943	944
104798	28	574	943	944
66503	28	4031	943	944
58585	28	1813	943	944
74845	28	1432	943	944
15015	28	210	943	944
8735	28	228	943	944
7175	28	19	943	944
9470	28	5797	943	944
70497	28	1554	943	944
3652	28	23	943	944
140282	28	37	943	944
27694	28	3578	943	944
6344	28	168	943	944
36292	28	317	943	944
27861	28	1180	943	944
36310	28	4481	943	944
27669	28	6822	943	944
91083	28	235	943	944
96970	28	8022	943	944
41693	28	3205	943	944
13704	28	110	943	944
22966	28	1229	943	944
32158	28	3720	943	944
32280	28	291	943	944
28086	28	289	943	944
20636	28	2714	943	944
59211	28	16	943	944
7605	28	1571	943	944
25191	28	298	943	944
44077	28	2693	943	944
86897	28	4927	943	944
106933	28	445	943	944
15847	28	591	943	944
12771	28	1828	943	944
24801	28	79	943	944
8386	28	63	943	944
141303	28	63	943	944
51233	28	66	943	944
13322	28	2267	943	944
51240	28	2672	943	944
6714	28	965	943	944
67973	28	708	943	944
4680	28	166	943	944
55188	28	695	943	944
11877	28	2454	943	944
12702	28	1374	943	944
8402	28	43	943	944
6306	28	2682	943	944
42511	28	104	943	944
87390	28	1063	943	944
59628	28	164	943	944
11706	28	76	943	944
19198	28	893	943	944
8665	28	105	943	944
27162	28	275	943	944
22242	28	43	943	944
25654	28	139	943	944
69439	28	1130	943	944
22903	28	3081	943	944
73545	28	1162	943	944
92194	28	4873	943	944
23607	28	180	943	944
9880	28	195	943	944
15010	28	1405	943	944
47666	28	337	943	944
12050	28	2413	943	944
18751	28	313	943	944
11334	28	79	943	944
27438	28	286	943	944
92111	28	323	943	944
18861	28	280	943	944
28706	28	319	943	944
11361	28	1456	943	944
17098	28	74	943	944
15228	28	144	943	944
13990	28	1813	943	944
15832	28	146	943	944
10321	28	195	943	944
23815	28	79	943	944
9327	28	408	943	944
59694	28	846	943	944
94190	28	114	943	944
38348	28	111	943	944
34960	28	3578	943	944
17272	28	1969	943	944
74966	28	908	943	944
81180	28	141	943	944
19447	28	1082	943	944
17106	28	114	943	944
25035	28	1145	943	944
27932	28	18789	943	944
44031	28	56	943	944
12832	28	92128	943	944
72278	28	330	943	944
66570	28	129	943	944
70644	28	11669	943	944
66888	28	81	943	944
19480	28	230	943	944
13240	28	1829	943	944
7076	28	134	943	944
21199	28	65	943	944
51996	28	3578	943	944
48007	28	111	943	944
15027	28	230	943	944
50481	28	2045	943	944
12146	28	133	943	944
31380	28	2032	943	944
44208	28	22961	943	944
16922	28	234	943	944
54317	28	2766	943	944
73280	28	1780	943	944
12249	28	381	943	944
13861	28	230	943	944
25663	28	136	943	944
8168	28	73	943	944
74873	28	615	943	944
19160	28	486	943	944
8892	28	73	943	944
21387	28	965	943	944
62470	28	872	943	944
63729	28	91	943	944
67981	28	63	943	944
94916	28	351	943	944
9296	28	87	943	944
6700	28	2949	943	944
11904	28	30	943	944
5694	28	64	943	944
14363	28	98	943	944
28445	28	713	943	944
13348	28	8022	943	944
39205	28	583	943	944
19022	28	1177	943	944
15938	28	110	943	944
49657	28	2262	943	944
55232	28	1152	943	944
11407	28	103	943	944
47040	28	292	943	944
5108	28	19	943	944
28787	28	253	943	944
25170	28	24	943	944
13755	28	259	943	944
15179	28	19	943	944
92237	28	2319	943	944
24276	28	247	943	944
57818	28	1216	943	944
21652	28	4175	943	944
53697	28	542	943	944
93685	28	8022	943	944
73902	28	30094	943	944
57610	28	339	943	944
56443	28	71	943	944
92042	28	706	943	944
10881	28	713	943	944
18495	28	4406	943	944
29005	28	210	943	944
6648	28	31	943	944
25873	28	5304	943	944
58929	28	14560	943	944
81955	28	27313	943	944
49978	28	15869	943	944
19983	28	659	943	944
21126	28	1319	943	944
67460	28	1180	943	944
10906	28	147	943	944
27101	28	2035	943	944
27674	28	522	943	944
87129	28	14934	943	944
57285	28	10463	943	944
48521	28	467	943	944
8182	28	44	943	944
12732	28	82	943	944
70351	28	2540	943	944
104207	28	2651	943	944
92414	28	1328	943	944
50718	28	1492	943	944
110945	28	6753	943	944
39393	28	134	943	944
26129	28	348	943	944
87988	28	88	943	944
47595	28	379	943	944
81586	28	319	943	944
71205	28	377	943	944
8366	28	48	943	944
79149	28	8022	943	944
19105	28	627	943	944
8833	28	161	943	944
45393	28	2703	943	944
13173	28	421	943	944
80964	28	781	943	944
90468	28	1238	943	944
55201	28	2997	943	944
16377	28	542	943	944
57471	28	793	943	944
29579	28	292	943	944
8534	28	5057	943	944
32297	28	546	943	944
41363	28	2262	943	944
7061	28	230	943	944
123714	28	1554	943	944
21964	28	211	943	944
28147	28	1116	943	944
6646	28	288	943	944
11080	28	503	943	944
81644	28	239	943	944
13153	28	31	943	944
11804	28	951	943	944
20112	28	18	943	944
8816	28	168	943	944
19494	28	33	943	944
72921	28	486	943	944
17043	28	11669	943	944
8208	28	147	943	944
6482	28	2158	943	944
44091	28	140	943	944
18579	28	325	943	944
17303	28	542	943	944
24910	28	429	943	944
8293	28	796	943	944
15828	28	2283	943	944
16047	28	164	943	944
77252	28	12949	943	944
24166	28	1304	943	944
44461	28	73	943	944
54396	28	1813	943	944
40733	28	166	943	944
107455	28	1073	943	944
12666	28	188	943	944
46686	28	106	943	944
76069	28	710	943	944
8665	28	277	943	944
95690	28	198	943	944
77514	28	1131	943	944
55218	28	922	943	944
54813	28	498	943	944
39758	28	1968	943	944
28834	28	704	943	944
32059	28	5545	943	944
67522	28	231	943	944
39433	28	114	943	944
30434	28	106	943	944
37113	28	1148	943	944
86428	28	114	943	944
64292	28	21187	943	944
38055	28	11427	943	944
106443	28	3325	943	944
57138	28	54	943	944
14436	28	3400	943	944
3672	28	20827	943	944
77612	28	79	943	944
25819	28	780	943	944
6642	28	119	943	944
75220	28	238	943	944
20069	28	134	943	944
38935	28	126	943	944
23267	28	596	943	944
32574	28	62401	943	944
54946	28	23	943	944
77038	28	2433	943	944
55386	28	2262	943	944
32238	28	381	943	944
20967	28	54	943	944
35787	28	535	943	944
95401	28	386	943	944
84842	28	273	943	944
40810	28	159	943	944
18082	28	139	943	944
33136	28	220	943	944
15165	28	171	943	944
4733	28	188	943	944
34658	28	354	943	944
86467	28	216	943	944
23760	28	1110	943	944
17122	28	2972	943	944
72276	28	1736	943	944
57509	28	515	943	944
6336	28	486	943	944
38935	28	219	943	944
8232	28	1958	943	944
5659	28	46	943	944
119687	28	88	943	944
15176	28	456	943	944
22712	28	894	943	944
86076	28	2033	943	944
45399	28	111	943	944
24852	28	2006	943	944
4916	28	1825	943	944
9794	28	126	943	944
53533	28	1552	943	944
21132	28	477	943	944
29162	28	1621	943	944
6172	28	85	943	944
58253	28	80	943	944
56833	28	238	943	944
4318	28	168	943	944
93118	28	81	943	944
4963	28	61	943	944
95446	28	142	943	944
47293	28	4262	943	944
58702	28	1656	943	944
65675	28	3938	943	944
11660	28	103	943	944
46673	28	345	943	944
123431	28	1743	943	944
67039	28	391	943	944
28750	28	253	943	944
18485	28	1102	943	944
16693	28	615	943	944
6991	28	485	943	944
32159	28	24	943	944
48504	28	142	943	944
18907	28	646	943	944
55509	28	2672	943	944
11668	28	713	943	944
18440	28	5527	943	944
6352	28	100	943	944
36039	28	1397	943	944
36615	28	619	943	944
18869	28	76	943	944
30434	28	536	943	944
8684	28	99	943	944
122206	16	9	943	944
80896	28	42131	943	944
15003	28	2050	943	944
31189	28	4700	943	944
9794	28	274	943	944
31907	28	368	943	944
7657	28	66	943	944
6007	28	169	943	944
66662	28	837	943	944
21159	28	390	943	944
75294	28	70	943	944
44313	28	44	943	944
13023	28	51018	943	944
46177	28	132	943	944
76585	28	145	943	944
48164	28	3255	943	944
76289	28	167	943	944
111872	28	1023	943	944
5118	28	294	943	944
7561	28	1330	943	944
26662	28	195	943	944
128159	28	11669	943	944
20263	28	124	943	944
89636	28	3255	943	944
82811	28	8022	943	944
34069	28	1176	943	944
27426	28	383	943	944
12781	28	469	943	944
61599	28	674	943	944
38150	28	139	943	944
107177	28	714	943	944
8797	28	23	943	944
35450	28	583	943	944
33280	28	1812	943	944
5608	28	117	943	944
8629	28	1619	943	944
38045	28	54	943	944
101629	28	368	943	944
54937	28	1071	943	944
4744	28	43	943	944
15340	28	3997	943	944
13076	28	61	943	944
47861	28	2526	943	944
10080	28	49	943	944
53551	28	1300	943	944
130373	28	54500	943	944
21029	28	24	943	944
6420	28	6010	943	944
7753	28	615	943	944
5426	28	2172	943	944
24350	28	554	943	944
78817	28	894	943	944
15875	28	43	943	944
48257	28	4700	943	944
40086	28	143	943	944
22206	28	309	943	944
7987	28	559	943	944
15176	28	103	943	944
13656	28	46	943	944
69925	28	2693	943	944
30729	28	59240	943	944
55780	28	3211	943	944
27283	28	43	943	944
7100	28	378	943	944
11341	28	231	943	944
74426	23	92432	943	944
29472	28	290	943	944
19234	28	136	943	944
33956	28	6458	943	944
23946	28	195	943	944
15022	28	1621	943	944
86769	28	2262	943	944
34767	28	20	943	944
82149	28	3255	943	944
74386	28	5970	943	944
8286	28	171	943	944
29052	28	1027	943	944
17241	28	3255	943	944
36663	28	913	943	944
33547	28	2255	943	945
45499	28	40	943	945
5487	28	124	943	945
71706	28	633	943	945
71848	28	176	943	945
25877	28	363	943	945
18913	28	542	943	945
84057	28	399	943	945
5100	28	419	943	945
46749	28	317	943	945
26363	28	328	943	945
97970	28	2897	943	945
9556	28	22961	943	945
17338	28	2331	943	945
46968	28	54	943	945
40793	28	107	943	945
47070	28	8786	943	945
63287	28	141	943	945
15355	28	192	943	945
16978	28	22	943	945
7312	28	85	943	945
46141	28	701	943	945
115372	28	2843	943	945
7680	28	166	943	945
10559	28	121	943	945
20060	28	363	943	945
100011	28	2546	943	945
20539	28	937	943	945
52794	28	560	943	945
12855	28	309	943	945
42127	28	145	943	945
14800	28	3724	943	945
12178	28	1278	943	945
34432	28	1124	943	945
76200	28	273	943	945
117013	28	141	943	945
7786	28	16	943	945
63019	28	1153	943	945
12594	28	112	943	945
11770	28	3578	943	945
56859	28	1278	943	945
11278	28	328	943	945
10158	28	104	943	945
21799	28	45	943	945
45045	28	970	943	945
29141	28	953	943	945
25384	28	542	943	945
29387	28	706	943	945
19094	28	439	943	945
39712	28	1936	943	945
73535	28	117	943	945
33360	28	942	943	945
67090	28	23	943	945
19698	28	131	943	945
34853	28	273	943	945
103791	28	1036	943	945
20045	28	47	943	945
9682	28	73	943	945
9483	28	31	943	945
37755	28	715	943	945
14315	28	82	943	945
5937	28	107	943	945
47748	28	191	943	945
63198	28	67	943	945
11615	28	3599	943	945
18997	28	150	943	945
20325	28	380	943	945
41914	28	254	943	945
12966	28	421	943	945
31721	28	422	943	945
9534	28	136	943	945
5348	28	81	943	945
8249	28	3211	943	945
57241	28	752	943	945
5632	28	925	943	945
10476	28	44	943	945
55399	28	1259	943	945
56835	28	155	943	945
12343	28	6818	943	945
33454	28	395	943	945
141263	28	71	943	945
26347	28	2174	943	945
63132	28	1669	943	945
65926	28	701	943	945
14042	28	121	943	945
13349	28	8282	943	945
43118	28	1297	943	945
18021	28	2413	943	945
56812	28	1278	943	945
15895	28	78	943	945
92326	28	5956	943	945
58074	28	5742	943	945
10666	28	269	943	945
20910	28	1845	943	945
9645	28	54	943	945
8369	28	4387	943	945
13579	28	1015	943	945
25785	28	4262	943	945
62724	28	396	943	945
26915	28	447	943	945
28073	28	742	943	945
93161	28	1581	943	945
24104	28	32	943	945
27375	28	1229	943	945
12342	28	177	943	945
34165	28	835	943	945
23836	28	195	943	945
16044	28	280	943	945
8147	28	134	943	945
34410	28	913	943	945
6371	28	1100	943	945
58022	28	80	943	945
87363	28	498	943	945
18801	28	1014	943	945
71388	28	1628	943	945
27137	28	1238	943	945
89607	28	2605	943	945
19688	28	76	943	945
16482	28	1093	943	945
12058	28	36	943	945
39041	28	4872	943	945
86819	28	1242	943	945
24951	28	797	943	945
17672	28	2717	943	945
8333	28	275	943	945
18952	28	3182	943	945
24823	28	7218	943	945
23607	28	32	943	945
7212	28	1297	943	945
16701	28	160	943	945
40517	28	112	943	945
55198	28	399	943	945
31395	28	676	943	945
26780	28	633	943	945
8105	28	248	943	945
27111	28	768	943	945
33448	28	1520	943	945
17197	28	660	943	945
5718	28	41	943	945
44217	28	105	943	945
11971	28	280	943	945
19989	28	556	943	945
12522	28	227	943	945
53697	28	121	943	945
17979	28	64	943	945
3792	28	1102	943	945
6313	28	361	943	945
16444	28	2415	943	945
38915	28	82	943	945
17312	28	260	943	945
32630	28	846	943	945
38064	28	183	943	945
19163	28	152	943	945
56266	28	614	943	945
86172	28	2436	943	945
101434	28	963	943	945
20432	28	129	943	945
36958	28	2436	943	945
8317	28	8786	943	945
61573	28	962	943	945
79963	28	739	943	945
9467	28	1588	943	945
110517	28	1006	943	945
20944	28	20	943	945
58919	28	1229	943	945
24991	28	58	943	945
94089	28	255	943	945
71404	28	5444	943	945
15104	28	29374	943	945
50031	28	180	943	945
9794	28	36	943	945
7891	28	698	943	945
38577	28	205	943	945
58933	28	1810	943	945
14047	28	2300	943	945
5639	28	136	943	945
27502	28	400	943	945
38140	28	283	943	945
13606	28	129	943	945
70253	28	429	943	945
7663	28	88	943	945
6715	28	171	943	945
17736	28	159	943	945
149666	28	937	943	945
126351	28	49	943	945
18939	28	259	943	945
30387	28	40	943	945
39603	28	80	943	945
68866	28	1206	943	945
80068	28	2991	943	945
27777	28	265	943	945
68435	28	400	943	945
79288	28	79	943	945
94121	28	234	943	945
15977	28	144	943	945
36773	28	109	943	945
94477	28	238	943	945
10952	28	361	943	945
5007	28	66	943	945
26776	28	476	943	945
71619	28	2503	943	945
38456	28	460	943	945
24903	28	330	943	945
55498	28	85	943	945
65585	28	80	943	945
64232	28	395	943	945
7182	28	396	943	945
55514	28	1269	943	945
10484	28	16	943	945
48638	28	85	943	945
58766	28	960	943	945
26785	28	74	943	945
33046	28	107	943	945
22952	28	244	943	945
111456	28	117	943	945
69666	28	14	943	945
12682	28	105	943	945
62099	28	37	943	945
26639	28	303	943	945
67131	28	14560	943	945
23148	28	141	943	945
53588	28	474	943	945
21578	28	123	943	945
56751	28	353	943	945
12223	28	846	943	945
4298	28	100	943	945
24620	28	19	943	945
13934	28	288	943	945
44279	28	91	943	945
87355	28	72	943	945
67754	28	7971	943	945
5118	28	30	943	945
73165	28	529	943	945
67779	28	380	943	945
91909	28	2132	943	945
38371	28	60	943	945
53724	28	894	943	945
47061	28	474	943	945
84228	28	1395	943	945
24752	28	134	943	945
16605	28	240	943	945
28042	28	45	943	945
25041	28	168	943	945
5167	28	65	943	945
38810	28	3743	943	945
31239	28	363	943	945
88599	28	894	943	945
94510	28	1412	943	945
68683	28	86	943	945
16194	28	412	943	945
94701	28	715	943	945
15826	28	295	943	945
10701	28	758	943	945
16876	28	131	943	945
71261	28	800	943	945
28415	28	10125	943	945
23076	28	529	943	945
38223	28	2126	943	945
63295	28	2335	943	945
44022	28	1070	943	945
6760	28	539	943	945
19755	28	2439	943	945
17918	28	1621	943	945
21828	28	830	943	945
15331	28	73	943	945
74785	28	180	943	945
95874	28	170	943	945
9349	28	780	943	945
59394	28	8078	943	945
26973	28	515	943	945
22316	28	32	943	945
34847	28	434	943	945
8889	28	199	943	945
36774	28	196	943	945
58176	28	6822	943	945
14064	28	286	943	945
24832	28	265	943	945
6950	28	117	943	945
76366	28	126	943	945
11592	28	61	943	945
35640	28	54	943	945
7022	28	119	943	945
23818	28	70	943	945
9504	28	250	943	945
89591	28	92184	943	945
48861	28	19	943	945
16628	28	1014	943	945
38327	28	110	943	945
11620	28	1292	943	945
51746	28	234	943	945
17410	28	124	943	945
15756	28	153	943	945
13422	28	1964	943	945
20810	28	293	943	945
64904	28	193	943	945
9493	28	132	943	945
8280	28	24	943	945
58893	28	152	943	945
96924	28	1460	943	945
29476	28	214	943	945
5799	28	1446	943	945
45159	28	3720	943	945
17651	28	40	943	945
5564	28	36	943	945
31794	28	16937	943	945
89721	28	1304	943	945
37679	28	83	943	945
34477	28	1012	943	945
12327	28	4641	943	945
34800	28	202	943	945
9645	28	112	943	945
15202	28	240	943	945
80400	28	1656	943	945
7321	28	214	943	945
41284	28	3030	943	945
64945	28	280	943	945
91820	28	39	943	945
14977	28	202	943	945
16624	28	136	943	945
66587	28	235	943	945
30472	28	8425	943	945
24512	28	1919	943	945
147807	28	964	943	945
58957	28	8027	943	945
15774	28	323	943	945
37454	28	868	943	945
41324	28	132	943	945
36257	28	798	943	945
39358	28	676	943	945
6540	28	98	943	945
16962	28	933	943	945
5041	28	996	943	945
38165	28	587	943	945
33266	28	28	943	945
22168	28	112	943	945
52260	28	31	943	945
5884	28	396	943	946
45098	28	1795	943	946
25022	28	846	943	946
19050	28	192	943	946
19176	28	47	943	946
83177	28	12949	943	946
25424	28	371	943	946
8773	28	164	943	946
14639	28	1221	943	946
26787	28	760	943	946
6090	28	2454	943	946
55318	28	1567	943	946
11276	28	70	943	946
11348	28	199	943	946
31628	28	150	943	946
9548	28	156	943	946
99374	28	8786	943	946
5353	28	396	943	946
75153	28	145	943	946
61586	28	923	943	946
8218	28	913	943	946
116693	28	1644	943	946
116818	28	954	943	946
9311	28	56	943	946
18879	28	885	943	946
42425	28	79	943	946
5217	28	47	943	946
57138	28	353	943	946
12085	28	2331	943	946
23836	28	50	943	946
14635	28	158	943	946
28152	28	5616	943	946
76918	28	350	943	946
45228	28	1730	943	946
44807	28	968	943	946
21996	28	581	943	946
11267	28	22	943	946
48826	28	1106	943	946
21683	28	280	943	946
4869	28	82	943	946
10580	28	167	943	946
34712	28	162	943	946
61694	23	103632	943	946
103632	23	61694	943	946
72751	28	4146	943	946
50002	28	118	943	946
55292	28	1201	943	946
27032	28	4284	943	946
31336	28	366	943	946
19809	28	1402	943	946
25479	28	58	943	946
5699	28	20	943	946
48626	28	678	943	946
7566	28	123	943	946
9155	28	387	943	946
65913	28	1711	943	946
22370	28	152	943	946
13551	28	1078	943	946
92147	28	1505	943	946
5575	28	102	943	946
7049	28	121	943	946
73457	28	283	943	946
44111	28	864	943	946
35058	28	9848	943	946
9727	28	333	943	946
88132	28	274	943	946
7816	28	27	943	946
84660	28	1080	943	946
31331	28	7723	943	946
21555	28	1176	943	946
29979	28	1102	943	946
24643	28	50	943	946
10440	28	5194	943	946
68573	28	841	943	946
27929	28	2255	943	946
93008	28	174	943	946
88170	28	166	943	946
71173	28	675	943	946
11580	28	1006	943	946
87602	28	766	943	946
22441	28	174	943	946
21136	28	530	943	946
45795	28	504	943	946
92559	28	145	943	946
24691	28	99	943	946
82811	28	7139	943	946
26598	28	6370	943	946
19382	28	20	943	946
9465	28	109	943	946
7127	28	30	943	946
32130	28	174	943	946
23661	28	974	943	946
24538	28	1052	943	946
9683	28	47	943	946
7242	28	3551	943	946
6985	28	105	943	946
71270	28	937	943	946
9894	28	452	943	946
23122	28	1082	943	946
4788	28	63	943	946
8491	28	27	943	946
15622	28	143	943	946
8925	28	56	943	946
64005	28	1444	943	946
20286	28	65	943	946
10605	28	343	943	946
25883	28	46	943	946
82297	28	297	943	946
68900	28	353	943	946
47936	28	420	943	946
47086	28	7139	943	946
109576	28	133	943	946
109838	28	888	943	946
51758	28	158	943	946
17892	28	142	943	946
89803	28	3325	943	946
88444	28	1744	943	946
51862	28	155	943	946
34362	28	257	943	946
9727	28	32	943	946
9517	28	387	943	946
43747	28	1335	943	946
23768	28	80	943	946
26325	28	2098	943	946
82953	28	21552	943	946
43062	28	290	943	946
26052	28	50	943	946
109677	28	391	943	946
9079	28	56	943	946
16018	28	417	943	946
7130	28	92	943	946
47625	28	244	943	946
15675	28	16	943	946
12513	28	1621	943	946
27040	28	377	943	946
61101	28	1850	943	946
13191	28	181	943	946
95210	28	396	943	946
92048	28	2098	943	946
17073	28	2250	943	946
68221	28	1596	943	946
84649	28	6755	943	946
7646	28	129	943	946
17169	28	452	943	946
12407	28	55	943	946
92828	28	5062	943	946
22045	28	307	943	946
36221	28	2138	943	946
5373	28	61	943	946
65775	28	2098	943	946
5933	28	228	943	946
18947	28	295	943	946
41975	28	303	943	946
8396	28	577	943	946
105852	28	325	943	946
14299	28	627	943	946
53050	28	68308	943	946
10572	28	23	943	946
72609	28	1297	943	946
43040	28	417	943	946
81725	28	841	943	946
21199	28	186	943	946
16169	28	458	943	946
44041	28	280	943	946
14853	28	503	943	946
19896	28	42	943	946
18337	28	134	943	946
9984	28	3884	943	946
72526	28	175	943	946
108304	28	2300	943	946
14434	28	20	943	946
25369	28	2154	943	946
27044	28	185	943	946
9259	28	78	943	946
27694	28	2057	943	946
23077	28	8306	943	946
5889	28	79	943	946
32191	28	2203	943	946
52391	28	510	943	946
19449	28	136	943	946
14743	28	206	943	946
4516	28	65	943	946
18640	28	221	943	946
12388	28	379	943	946
