12420	28	3671	962	0
7615	28	432	962	0
76254	28	3810	962	0
34260	28	1141	962	0
17034	28	1245	962	0
12912	28	1311	962	0
19612	28	989	962	0
68734	28	914	962	0
14132	28	427	962	0
7086	28	4319	962	0
88931	28	1383	962	0
109368	28	901	962	0
86664	28	4011	962	0
24460	28	79881	962	0
6863	28	707	962	0
49881	28	427	962	0
56722	28	485	962	0
22311	28	66	962	0
5274	28	283	962	0
72480	28	2204	962	0
18391	28	640	962	0
7706	28	725	962	0
10637	28	792	962	0
66832	14	308	962	0
6230	28	848	962	0
67451	1	117799	962	0
12273	28	1075	962	0
14016	28	3886	962	0
79950	28	1132	962	0
47424	28	50	962	0
60902	28	3946	962	0
24049	28	337	962	0
16317	28	988	962	0
7553	28	105	962	0
19310	28	973	962	0
47177	28	348	962	0
25197	28	900	962	0
17938	28	1309	962	0
12230	28	1077	962	0
57324	28	475	962	0
19342	28	967	962	0
34097	28	3078	962	0
9802	28	1583	962	0
45451	28	988	962	0
8432	28	44093	962	0
64501	28	2621	962	0
39500	28	1532	962	0
29837	28	3460	962	0
16019	28	1319	962	0
19222	28	1675	962	0
27765	28	2346	962	0
29402	28	1855	962	0
36501	28	3299	962	0
17514	28	1608	962	0
126640	28	11128	962	0
36323	28	54	962	0
168264	28	881	962	0
36477	28	3039	962	0
20841	28	529	962	0
64949	28	2795	962	0
65376	28	6726	962	0
57674	28	9194	962	0
6765	28	2834	962	0
59425	28	43587	962	0
55240	28	3799	962	0
23802	28	818	962	0
20554	28	58	962	0
32894	28	1164	962	0
25064	28	210	962	0
26734	28	4942	962	0
9440	28	66	962	0
78108	28	2543	962	0
12623	28	81	962	0
94595	28	13676	962	0
23428	28	1840	962	0
51216	28	791	962	0
55609	28	10874	962	0
39669	28	795	962	0
54961	28	80035	962	0
18807	28	310	962	0
87579	28	1012	962	0
23684	28	626	962	0
21514	28	911	962	0
59518	28	2641	962	0
48059	28	662	962	0
65659	28	2712	962	0
14170	28	104	962	0
67963	28	1150	962	0
91067	28	690	962	0
38222	28	2391	962	0
10749	28	32	962	0
115179	28	937	962	0
28621	28	415	962	0
59828	28	1983	962	0
7023	28	791	962	0
44264	28	2834	962	0
73161	28	6779	962	0
32953	28	3304	962	0
23071	28	659	962	0
33048	28	1711	962	0
27442	28	3426	962	0
168782	16	870	962	0
88716	28	4440	962	0
24423	28	219	962	0
107996	28	36817	962	0
8824	28	1389	962	0
19013	28	61	962	0
63199	28	415	962	0
107563	28	429	962	0
109823	28	1601	962	0
46780	28	418	962	0
30828	28	2956	962	0
20928	28	40	962	0
168912	28	307	962	0
26590	28	119	962	0
9862	28	564	962	0
71553	28	2621	962	0
69282	28	2335	962	0
37329	28	490	962	0
28303	28	368	962	0
69292	28	1879	962	0
72640	28	2218	962	0
84571	28	830	962	0
47211	28	1055	962	0
85466	28	1321	962	0
42415	28	10312	962	0
8507	28	583	962	0
33062	28	3974	962	0
21264	28	3277	962	0
15884	28	674	962	0
32329	28	4854	962	0
26015	28	4594	962	0
52193	28	2140	962	0
53616	28	990	962	0
41095	28	2216	962	0
63878	28	462	962	0
17309	28	1290	962	0
40624	28	574	962	0
57456	28	4589	962	0
99982	28	55263	962	0
80518	28	2263	962	0
38075	28	4724	962	0
17524	28	2242	962	0
78883	28	1995	962	0
6318	28	100	962	0
19682	28	193	962	0
27853	28	3974	962	0
9009	28	15031	962	0
48779	28	19267	962	0
109715	28	1342	962	0
14600	28	509	962	0
16177	28	431	962	0
44820	28	1004	962	0
18651	28	897	962	0
90350	28	1725	962	0
30522	28	1915	962	0
9328	28	346	962	0
29816	28	69393	962	0
7451	28	1160	962	0
14128	28	580	962	0
69403	28	1431	962	0
22490	28	598	962	0
5708	28	635	962	0
72931	28	1898	962	0
69922	28	150	962	0
20507	28	1505	962	0
67970	28	1633	962	0
63864	28	14347	962	0
33975	28	4400	962	0
90691	28	3071	962	0
13485	28	3265	962	0
34177	28	799	962	0
9604	28	985	962	0
37920	28	2223	962	0
91012	28	24838	962	0
84581	28	455	962	0
32027	14	37414	962	0
25754	28	4422	962	0
56269	28	1360	962	0
28112	28	1879	962	0
110089	28	4481	962	0
29239	28	1214	962	0
51443	28	1158	962	0
10105	28	1170	962	0
70472	28	1216	962	0
26986	28	7071	962	0
6488	28	266	962	0
75482	28	2204	962	0
119431	28	1280	962	0
12091	28	120	962	0
71134	28	27431	962	0
12361	28	92	962	0
9104	28	14	962	0
29035	28	1862	962	0
16007	28	9338	962	0
98809	28	1335	962	0
79118	28	1251	962	0
28539	28	1727	962	0
38070	28	703	962	0
33031	28	637	962	0
16517	28	241	962	0
80694	28	1059	962	0
22028	28	2104	962	0
110149	28	498	962	0
90866	28	1465	962	0
14568	28	5243	962	0
24379	28	1210	962	0
28580	28	570	962	0
70143	28	1527	962	0
16215	28	1199	962	0
36021	28	791	962	0
15815	28	257	962	0
38403	28	6370	962	0
16580	28	239	962	0
12445	28	2040	962	0
58670	28	2442	962	0
18597	28	16672	962	0
31214	28	418	962	0
15471	28	523	962	0
37920	28	2678	962	0
19210	28	109	962	0
11771	28	696	962	0
10782	28	692	962	0
83308	28	309	962	0
74319	28	2027	962	0
51256	28	50	962	0
38024	28	4750	962	0
100277	28	233	962	0
59698	28	2632	962	0
11322	28	4422	962	0
23182	28	397	962	0
25183	28	18707	962	0
22462	28	680	962	0
13439	28	1950	962	0
44214	28	110268	962	0
108290	28	2997	962	0
127694	28	273	962	0
37110	28	717	962	0
35518	28	2371	962	0
47965	28	51255	962	0
55297	28	540	962	0
12481	28	1543	962	0
31218	28	860	962	0
65892	16	2833	962	0
6960	28	1597	962	0
57764	28	244	962	0
147802	28	1152	962	0
59514	28	54461	962	0
9289	28	1590	962	0
58260	28	3798	962	0
38452	28	1333	962	0
13429	28	1257	962	0
32776	28	135	962	0
48277	28	3193	962	0
11109	28	1619	962	0
24157	28	39404	962	0
15218	28	2518	962	0
91908	14	1790	962	0
18174	28	548	962	0
25244	28	1528	962	0
25328	28	2082	962	0
11719	28	3242	962	0
94980	28	4481	962	0
27755	28	2174	962	0
38476	28	2903	962	0
20077	28	2284	962	0
9810	28	153	962	0
170366	28	809	962	0
49577	28	17212	962	0
35623	28	1356	962	0
23901	28	2204	962	0
125333	28	716	962	0
115366	28	2551	962	0
6616	28	107	962	0
64579	28	95	962	0
90977	28	1814	962	0
19367	28	5606	962	0
88976	14	17538	962	0
18649	28	792	962	0
40148	28	605	962	0
58377	28	2204	962	0
81757	28	565	962	0
15654	28	717	962	0
94760	28	315	962	0
107349	28	167	962	0
9449	28	806	962	0
75167	28	1898	962	0
26578	28	72	962	0
80321	28	2583	962	0
5209	28	1506	962	0
21986	28	574	962	0
68771	28	1944	962	0
30710	28	1218	962	0
47191	28	2019	962	0
13050	28	160	962	0
57725	28	358	962	0
82304	28	23828	962	0
16264	28	79	962	0
64738	28	1549	962	0
41219	28	1047	962	0
38190	28	294	962	0
108933	14	87689	962	0
6396	28	92	962	0
61048	28	3080	962	0
9634	28	147	962	0
38273	28	2072	962	0
52871	28	1829	962	0
19469	28	7384	962	0
8741	28	160	962	0
5273	28	87	962	0
15976	28	239	962	0
13543	28	219	962	0
59085	28	2261	962	0
76963	28	2218	962	0
32403	28	268	962	0
49497	28	307	962	0
41455	28	988	962	0
17910	28	1364	962	0
87631	28	477	962	0
7501	28	988	962	0
33872	28	483	962	0
55517	28	1152	962	0
16041	28	1779	962	0
53616	28	193	962	0
10265	28	150	962	0
36541	28	50717	962	0
81150	28	51835	962	0
68737	28	1074	962	0
119391	28	18653	962	0
126955	28	1059	962	0
109823	28	1926	962	0
55290	28	2991	962	0
12462	28	223	962	0
44328	28	830	962	0
83835	28	1557	962	0
29515	28	387	962	0
46623	28	891	962	0
12420	28	1528	962	0
60086	28	1862	962	0
79821	28	303	962	0
81811	28	1741	962	0
23641	28	3810	962	0
31222	28	307	962	0
85454	28	1345	962	0
7689	28	58	962	0
109874	23	8532	962	0
31351	28	2865	962	0
26211	28	678	962	0
71501	28	4979	962	0
28404	28	1153	962	0
75440	28	2621	962	0
106367	28	3985	962	0
44067	28	346	962	0
5707	28	239	962	0
25571	28	899	962	0
14655	28	2688	962	0
51352	28	1527	962	0
44588	28	2589	962	0
32271	28	1501	962	0
41987	28	34	962	0
62848	28	427	962	0
142116	28	619	962	0
39666	28	484	962	0
120844	28	22160	962	0
22668	28	1404	962	0
69411	28	1177	962	0
66549	28	3514	962	0
46343	28	1557	962	0
60183	28	2204	962	0
37319	28	9333	962	0
14808	28	72	962	0
12118	28	1374	962	0
42238	28	2487	962	0
70807	28	416	962	0
26373	28	2288	962	0
18482	28	259	962	0
125963	28	602	962	0
37359	28	2865	962	0
75544	28	546	962	0
45939	28	1008	962	0
137877	28	2105	962	0
24213	28	528	962	0
20085	28	17655	962	0
6991	28	1257	962	0
98964	28	805	962	0
54846	28	490	962	0
13681	28	907	962	0
76994	28	2242	962	0
81850	28	486	962	0
12210	28	168	962	0
66532	14	2368	962	0
20353	28	11378	962	0
88641	28	2701	962	0
6751	28	625	962	0
171509	14	3795	962	0
40135	28	450	962	0
40510	28	397	962	0
59402	28	348	962	0
25450	28	499	962	0
61871	28	3926	962	0
92760	23	94518	962	0
94518	23	92760	962	0
10846	28	2093	962	0
18218	28	3373	962	0
66446	28	2712	962	0
24376	28	3561	962	0
7466	28	781	962	0
13253	28	210	962	0
29974	28	1105	962	0
118184	28	5621	962	0
42794	28	158	962	0
92346	28	1898	962	0
52375	14	5305	962	0
53767	28	2859	962	0
58430	14	12802	962	0
30471	28	872	962	0
25396	28	3561	962	0
69782	28	334	962	0
65768	28	3524	962	0
12579	28	1401	962	0
46493	28	461	962	0
46214	28	3276	962	0
69045	28	1282	962	0
6343	28	384	962	0
30505	28	2381	962	0
81256	28	416	962	0
49242	28	222	962	0
5214	28	1506	962	0
17876	28	31	962	0
93618	28	2540	962	0
79180	28	8531	962	0
23949	28	186	962	0
28765	28	1115	962	0
14115	28	4137	962	0
47186	28	8078	962	0
14162	28	122	962	0
53037	28	1260	962	0
15724	28	39	962	0
34538	28	1557	962	0
8043	28	14190	962	0
18026	28	1813	962	0
80048	28	2583	962	0
63552	28	23828	962	0
43984	28	2703	962	0
29888	28	5163	962	0
110812	28	6939	962	0
21548	28	327	962	0
144450	14	83982	962	0
36975	28	4440	962	0
8188	28	3230	962	0
80926	28	1632	962	0
23627	28	2095	962	0
29896	28	1178	962	0
10718	28	255	962	0
96293	28	27431	962	0
72908	14	23821	962	0
61389	28	3449	962	0
48407	28	1576	962	0
123423	28	2849	962	0
30920	28	510	962	0
71849	28	1002	962	0
44081	28	18654	962	0
22385	28	450	962	0
89233	28	11092	962	0
78367	28	39218	962	0
96577	28	860	962	0
8824	28	30	962	0
110876	28	14947	962	0
13079	28	682	962	0
10310	28	283	962	0
108772	28	690	962	0
15206	28	7634	962	0
39721	28	1052	962	0
110884	28	1132	962	0
110885	28	796	962	0
79477	28	49291	962	0
22919	28	465	962	0
91012	28	6621	962	0
81153	28	5243	962	0
95302	28	1132	962	0
16853	28	1950	962	0
6675	28	53	962	0
14188	28	489	962	0
25667	28	78116	962	0
172371	14	2815	962	0
16498	28	54	962	0
88011	28	23848	962	0
38848	28	2851	962	0
44175	28	3993	962	0
34229	28	988	962	0
8315	28	401	962	0
64492	28	1057	962	0
30282	28	520	962	0
27108	14	2926	962	0
8231	28	2695	962	0
90637	28	2724	962	0
58064	28	1655	962	0
52683	28	1346	962	0
18874	28	6018	962	0
51245	28	811	962	0
4943	28	82	962	0
9873	28	57	962	0
28888	28	357	962	0
35386	28	4340	962	0
19263	28	1160	962	0
8909	28	31	962	0
7544	28	3145	962	0
15794	28	817	962	0
70777	14	96360	962	0
51619	28	1123	962	0
56845	28	1404	962	0
10529	28	1112	962	0
18126	28	131	962	0
104571	28	1167	962	0
7835	28	1583	962	0
33972	28	2018	962	0
10490	28	334	962	0
67256	28	12467	962	0
9772	28	749	962	0
48762	28	1169	962	0
78936	28	2442	962	0
75918	28	659	962	0
40643	28	1455	962	0
53337	28	1041	962	0
21995	28	1590	962	0
45731	28	1576	962	0
94403	28	2880	962	0
24693	28	917	962	0
13638	28	3911	962	0
35136	28	45076	962	0
44704	28	60	962	0
10720	28	73	962	0
56530	28	416	962	0
16402	28	620	962	0
7254	28	44	962	0
109099	28	3283	962	0
41175	28	489	962	0
60418	28	2398	962	0
13605	28	71424	962	0
15740	28	122	962	0
8558	28	2442	962	0
24027	28	144	962	0
28918	28	13676	962	0
29124	28	1589	962	0
20675	28	415	962	0
121104	28	2004	962	0
71483	28	1640	962	0
53239	28	11330	962	0
54769	28	2050	962	0
64583	28	511	962	0
173112	16	3813	962	0
173124	28	4458	962	0
38751	28	662	962	0
32874	28	4634	962	0
110011	28	3078	962	0
31047	28	7411	962	0
68196	28	49793	962	0
38347	28	1270	962	0
12431	28	394	962	0
47684	28	1147	962	0
17137	28	1608	962	0
36631	28	691	962	0
173159	28	1871	962	0
23967	28	92	962	0
41777	14	12873	962	0
36596	28	3707	962	0
126955	28	33883	962	0
19752	28	539	962	0
87417	28	2330	962	0
15101	28	88	962	0
39692	28	38264	962	0
46737	28	2261	962	0
11149	28	759	962	0
5573	28	44	962	0
62597	28	8662	962	0
26889	28	1655	962	0
120240	28	2371	962	0
59773	28	74312	962	0
145638	28	1152	962	0
80763	28	1132	962	0
25592	28	3242	962	0
14337	28	358	962	0
19284	28	3975	962	0
16898	28	1597	962	0
45071	28	653	962	0
41184	28	29086	962	0
19079	28	2876	962	0
9386	28	106	962	0
9399	28	56	962	0
17471	28	211	962	0
19538	28	3545	962	0
52709	28	1814	962	0
44100	28	1830	962	0
20779	28	540	962	0
18480	28	451	962	0
15131	28	750	962	0
17754	28	962	962	0
5601	28	174	962	0
54959	28	1358	962	0
9094	28	257	962	0
95459	28	20927	962	0
13125	28	540	962	0
45745	28	412	962	0
84111	28	150423	962	0
51906	28	2608	962	0
27385	28	2327	962	0
60134	28	268	962	0
19635	28	206	962	0
81803	28	2442	962	0
35323	28	15398	962	0
59201	28	7384	962	0
10592	28	357	962	0
30112	28	1507	962	0
50942	28	1112	962	0
109287	28	2807	962	0
52171	28	4947	962	0
32973	28	1862	962	0
51345	28	328	962	0
30399	28	231	962	0
53987	28	1544	962	0
8125	28	503	962	0
123919	28	3489	962	0
32046	28	211	962	0
57520	28	9028	962	0
105050	28	20789	962	0
89948	28	3901	962	0
18421	28	625	962	0
61542	28	10438	962	0
71956	28	3319	962	0
7544	28	1122	962	0
48683	28	1600	962	0
80940	28	13607	962	0
25109	28	1116	962	0
8941	28	4481	962	0
38404	28	7384	962	0
9076	28	647	962	0
57643	14	5000	962	0
26521	28	2434	962	0
21060	28	732	962	0
22866	28	1456	962	0
8528	28	70	962	0
7827	28	415	962	0
15029	28	1742	962	0
15529	28	2834	962	0
29182	28	4480	962	0
36050	28	903	962	0
34424	28	2399	962	0
13649	28	751	962	0
50496	28	605	962	0
28225	28	2629	962	0
19798	28	29	962	0
83834	28	2192	962	0
12046	28	175	962	0
8325	28	1307	962	0
22357	28	1013	962	0
23484	28	881	962	0
82051	28	957	962	0
92065	28	3132	962	0
19088	28	2876	962	0
22885	28	9041	962	0
25619	28	59686	962	0
64700	28	133	962	0
22866	28	489	962	0
45930	28	2621	962	0
18355	28	294	962	0
62186	28	486	962	0
7704	28	558	962	0
82063	28	478	962	0
111914	28	14030	962	0
21353	28	395	962	0
97618	28	1822	962	0
58216	28	4379	962	0
15036	28	1022	962	0
61697	28	809	962	0
105117	28	3395	962	0
31460	28	99259	962	0
23563	28	1046	962	0
65489	28	2282	962	0
53430	28	165	962	0
80482	28	2649	962	0
64502	28	10620	962	0
128005	28	6783	962	0
10544	28	1088	962	0
69536	28	99259	962	0
31186	28	418	962	0
10558	28	131	962	0
6500	28	139	962	0
32850	28	16070	962	0
19466	28	2876	962	0
71120	28	78116	962	0
62807	28	2543	962	0
56709	28	3810	962	0
10097	28	484	962	0
19770	28	486	962	0
36233	28	12373	962	0
53012	28	307	962	0
17574	28	910	962	0
64034	28	4407	962	0
38024	28	2829	962	0
30242	28	548	962	0
123657	28	59853	962	0
10186	28	1698	962	0
11187	28	2876	962	0
30522	28	528	962	0
34647	28	9362	962	0
92617	28	669	962	0
38332	28	334	962	0
26969	28	3974	962	0
25571	28	1275	962	0
70386	28	3109	962	0
44705	28	297	962	0
38647	28	30565	962	0
53412	28	2543	962	0
22919	28	1905	962	0
14205	28	675	962	0
10082	28	1153	962	0
138690	28	720	962	0
6544	28	1153	962	0
33166	28	77	962	0
56999	28	268	962	0
22561	28	3276	962	0
12545	28	789	962	0
10067	28	2185	962	0
44624	28	743	962	0
28785	28	6254	962	0
90525	28	1074	962	0
48416	28	574	962	0
20783	28	186	962	0
101590	28	4103	962	0
22379	28	22	962	0
5470	28	307	962	0
7143	28	228	962	0
21302	28	668	962	0
24603	28	2677	962	0
91359	28	5971	962	0
43736	28	66560	962	0
108237	28	2113	962	0
11717	28	523	962	0
31210	23	151306	962	0
74637	28	83646	962	0
27161	28	1793	962	0
44534	28	6779	962	0
94896	28	20685	962	0
174905	14	3473	962	0
19797	28	3681	962	0
77998	28	358	962	0
64614	28	38204	962	0
82557	28	1243	962	0
75042	28	795	962	0
24544	28	38264	962	0
26006	28	548	962	0
19797	28	967	962	0
29445	28	2386	962	0
31686	28	1300	962	0
6169	28	142	962	0
16840	28	3767	962	0
20557	28	821	962	0
59217	28	462	962	0
14346	28	1725	962	0
60038	28	365	962	0
13635	28	2128	962	0
60902	28	2035	962	0
41996	28	1862	962	0
16480	28	751	962	0
64455	28	165	962	0
70340	28	2553	962	0
42650	28	960	962	0
58535	28	1793	962	0
59587	28	31083	962	0
67081	28	1132	962	0
12426	28	86	962	0
16708	28	872	962	0
60371	28	4750	962	0
29556	28	1855	962	0
43837	14	943	962	0
126828	28	1898	962	0
94644	28	1276	962	0
141086	28	122581	962	0
48777	28	143	962	0
106267	28	2218	962	0
175305	28	3526	962	0
29227	28	167	962	0
89927	28	1691	962	0
13692	28	1132	962	0
19372	28	453	962	0
129890	28	2829	962	0
29845	28	315	962	0
17678	28	2346	962	0
45680	28	195	962	0
32347	28	1257	962	0
28505	28	533	962	0
28639	28	106	962	0
13256	28	451	962	0
33156	28	1192	962	0
110884	28	1177	962	0
6594	28	1122	962	0
54822	14	7134	962	0
8817	28	147	962	0
22633	28	548	962	0
20218	28	653	962	0
71929	28	565	962	0
43757	14	7980	962	0
13873	28	404	962	0
111550	28	19743	962	0
7969	28	33	962	0
12512	28	686	962	0
52931	28	11636	962	0
12340	28	2430	962	0
5705	28	9274	962	0
36305	14	3622	962	0
11381	28	139	962	0
80005	28	3993	962	0
26980	28	1466	962	0
151839	28	784	962	0
8274	28	3886	962	0
13533	28	139	962	0
87288	28	255	962	0
13068	28	126	962	0
15276	28	1363	962	0
34762	28	492	962	0
26686	28	2442	962	0
24935	28	2174	962	0
26608	28	502	962	0
11920	28	2992	962	0
71673	28	882	962	0
41810	28	780	962	0
109659	28	905	962	0
18525	28	1650	962	0
89407	28	5173	962	0
15815	28	3974	962	0
80957	28	1920	962	0
28463	28	3456	962	0
175943	14	86351	962	0
44668	28	2280	962	0
75044	28	1896	962	0
102757	28	540	962	0
30482	28	532	962	0
27201	28	1215	962	0
36884	28	391	962	0
114667	28	1167	962	0
27799	28	1475	962	0
34897	28	29009	962	0
13932	28	2166	962	0
95649	28	101	962	0
20796	28	223	962	0
93429	28	4756	962	0
41455	28	106	962	0
105462	28	565	962	0
17569	28	1962	962	0
98016	28	505	962	0
36386	28	32	962	0
10087	28	791	962	0
13426	28	2846	962	0
32085	28	2024	962	0
41453	28	1299	962	0
113514	28	1152	962	0
88331	14	764	962	0
65787	28	19930	962	0
70265	28	16070	962	0
92367	28	273	962	0
14519	28	129	962	0
59977	28	519	962	0
38125	28	629	962	0
19352	28	2851	962	0
23735	28	454	962	0
29294	28	1897	962	0
104950	28	483	962	0
12671	28	489	962	0
19909	28	215	962	0
24481	28	889	962	0
67535	28	160	962	0
38521	28	2639	962	0
29055	28	136	962	0
81101	28	2371	962	0
13931	28	265	962	0
26965	28	2434	962	0
7143	28	1557	962	0
42246	28	70070	962	0
16089	28	1275	962	0
16216	28	2464	962	0
13663	28	597	962	0
38877	28	54	962	0
11414	28	178	962	0
23467	28	4430	962	0
6871	28	247	962	0
66203	28	1847	962	0
27470	28	8428	962	0
69334	28	715	962	0
78951	28	25145	962	0
34407	28	199	962	0
28723	28	7654	962	0
49283	28	924	962	0
45163	28	703	962	0
22854	28	719	962	0
7667	28	2518	962	0
19696	28	1364	962	0
53360	16	46102	962	0
16271	28	100	962	0
70380	28	2394	962	0
72633	28	484	962	0
55775	28	14923	962	0
111550	28	2851	962	0
152331	28	2972	962	0
44459	28	5770	962	0
79582	28	1245	962	0
117883	14	63082	962	0
31527	28	885	962	0
103595	28	904	962	0
16053	28	474	962	0
38199	28	273	962	0
81966	28	268	962	0
34582	28	890	962	0
81952	28	1632	962	0
43099	28	462	962	0
49953	28	2702	962	0
11172	28	881	962	0
18692	28	627	962	0
20769	28	360	962	0
27366	28	2865	962	0
5272	28	1151	962	0
67477	28	554	962	0
105073	28	6204	962	0
19645	28	1549	962	0
34791	28	50	962	0
65037	28	7071	962	0
10773	28	710	962	0
55233	28	1153	962	0
21575	28	2366	962	0
18484	28	390	962	0
6328	28	10772	962	0
30650	28	509	962	0
17458	28	1342	962	0
8673	28	257	962	0
91317	28	2956	962	0
99595	28	2840	962	0
44081	28	1504	962	0
19556	28	646	962	0
22614	28	1920	962	0
152490	28	1900	962	0
10972	28	250	962	0
14582	28	1537	962	0
66117	28	2216	962	0
37094	28	83	962	0
83791	28	3788	962	0
71673	28	454	962	0
12243	28	707	962	0
49975	28	2261	962	0
39733	28	348	962	0
17236	28	872	962	0
52248	28	471	962	0
81980	28	268	962	0
16483	28	753	962	0
16600	28	15634	962	0
75767	28	397	962	0
8652	28	612	962	0
66179	28	4396	962	0
17791	28	2263	962	0
25275	28	2702	962	0
69233	28	1028	962	0
32907	28	809	962	0
56565	28	80468	962	0
75677	28	1527	962	0
58795	28	53121	962	0
18364	28	405	962	0
71729	28	21561	962	0
9140	28	215	962	0
15976	28	401	962	0
44696	28	3808	962	0
69266	28	1286	962	0
10845	28	780	962	0
66528	16	9343	962	0
36661	28	83	962	0
10455	28	1519	962	0
86497	28	2353	962	0
36621	28	470	962	0
27702	28	803	962	0
84571	28	486	962	0
11236	28	91	962	0
59000	28	1363	962	0
76287	28	1276	962	0
31256	28	132	962	0
13501	28	860	962	0
43736	28	10760	962	0
4390	28	73	962	0
24749	28	253	962	0
95633	28	4157	962	0
38369	28	1257	962	0
31321	28	2317	962	0
19389	28	2026	962	0
32137	28	105	962	0
20783	28	56	962	0
55511	28	2798	962	0
25942	28	1532	962	0
10844	28	175	962	0
59452	28	2597	962	0
48083	28	904	962	0
95689	28	1527	962	0
80596	28	1504	962	0
11084	28	92	962	0
9240	28	44	962	0
51074	28	1725	962	0
14119	28	4704	962	0
16057	28	177	962	0
56974	28	485	962	0
53006	28	2089	962	0
17532	28	451	962	0
15936	28	223	962	0
58122	28	23828	962	0
23409	28	1380	962	0
96459	28	1025	962	0
24074	28	4895	962	0
7197	28	485	962	0
7360	28	1532	962	0
118845	28	2442	962	0
63971	28	402	962	0
28556	28	957	962	0
44258	28	462	962	0
56550	28	1083	962	0
56137	28	1896	962	0
14950	28	100	962	0
28611	28	102	962	0
57792	28	1395	962	0
69985	28	1672	962	0
42740	28	368	962	0
94403	28	13038	962	0
43356	28	18815	962	0
41792	28	1116	962	0
79330	28	28896	962	0
17156	28	401	962	0
32453	28	11056	962	0
9289	28	216	962	0
15951	28	808	962	0
65605	28	2040	962	0
25981	28	181	962	0
74693	28	10833	962	0
25736	28	423	962	0
24356	28	427	962	0
76006	28	547	962	0
78686	28	9338	962	0
82027	28	920	962	0
55684	28	869	962	0
19215	28	111	962	0
49404	28	8913	962	0
77542	28	1333	962	0
51513	28	6370	962	0
16211	28	1672	962	0
69903	28	623	962	0
72818	14	67917	962	0
104208	28	2978	962	0
65891	28	3385	962	0
6863	28	3884	962	0
31945	28	6080	962	0
23338	28	510	962	0
24946	28	33	962	0
39013	28	1218	962	0
14018	28	11189	962	0
30248	28	2458	962	0
39208	28	1908	962	0
12372	28	3561	962	0
20817	28	961	962	0
87786	28	386	962	0
73001	28	1282	962	0
68699	28	1002	962	0
79513	28	3193	962	0
16924	28	319	962	0
12073	28	607	962	0
76145	23	109509	962	0
109509	23	76145	962	0
39666	28	44	962	0
31608	14	4413	962	0
11941	14	73321	962	0
8404	28	803	962	0
21688	28	152	962	0
35283	28	3974	962	0
129434	28	1011	962	0
9761	28	80	962	0
25820	28	32	962	0
78803	28	2846	962	0
47856	28	379	962	0
56413	28	722	962	0
51447	28	1112	962	0
95705	28	2621	962	0
66452	28	455	962	0
58897	28	1333	962	0
90196	28	3936	962	0
58689	28	51255	962	0
59541	28	446	962	0
6650	28	263	962	0
77854	28	2442	962	0
7297	28	1595	962	0
31701	28	1862	962	0
11943	28	698	962	0
25734	28	1374	962	0
30552	28	2863	962	0
28515	28	348	962	0
28792	28	2553	962	0
35755	28	537	962	0
55327	28	3354	962	0
28019	28	1718	962	0
42973	28	139	962	0
78217	28	1806	962	0
16531	28	106	962	0
35635	28	3151	962	0
12568	28	1964	962	0
178340	28	993	962	0
111358	28	2694	962	0
5470	28	323	962	0
38256	28	152	962	0
27647	23	29958	962	0
29958	23	27647	962	0
111533	23	51030	962	0
67443	28	2575	962	0
7714	28	311	962	0
44452	28	780	962	0
57274	14	308	962	0
46998	28	73	962	0
48772	28	353	962	0
18906	28	523	962	0
59536	28	1314	962	0
56377	28	1054	962	0
38222	28	985	962	0
26866	28	1583	962	0
18407	28	8428	962	0
16207	28	1664	962	0
30210	28	1597	962	0
20585	28	1319	962	0
23654	28	79	962	0
34842	28	28	962	0
26939	28	1053	962	0
21465	28	323	962	0
24510	28	351	962	0
61271	28	1709	962	0
92132	28	1467	962	0
77035	28	482	962	0
12540	28	2175	962	0
93520	28	1041	962	0
16254	28	668	962	0
14378	28	81	962	0
24157	28	5963	962	0
93922	28	12054	962	0
59068	28	40690	962	0
110740	28	1898	962	0
12912	28	23841	962	0
77576	28	2343	962	0
69140	14	3721	962	0
38482	28	691	962	0
38254	28	1414	962	0
10502	28	107	962	0
30321	28	262	962	0
6986	28	754	962	0
69417	28	8562	962	0
83174	28	1304	962	0
39620	28	1361	962	0
43837	14	2911	962	0
38883	28	268	962	0
44694	28	817	962	0
24577	28	391	962	0
25007	28	1098	962	0
79982	28	1961	962	0
17117	28	223	962	0
22971	28	410	962	0
37229	28	1903	962	0
64016	28	4481	962	0
50363	28	791	962	0
45796	28	536	962	0
75042	28	174	962	0
111459	28	309	962	0
11630	28	89	962	0
18111	28	505	962	0
7779	28	503	962	0
20845	28	1388	962	0
51806	28	184	962	0
20494	28	558	962	0
129890	28	536	962	0
24688	28	143	962	0
70211	28	242	962	0
32032	28	957	962	0
21138	28	2876	962	0
8776	28	1080	962	0
8708	28	1545	962	0
4768	28	122	962	0
86459	28	11500	962	0
9761	28	118	962	0
40910	28	1896	962	0
37746	28	13415	962	0
29548	28	1887	962	0
67198	28	1293	962	0
42889	28	3514	962	0
22635	14	1706	962	0
39114	14	19633	962	0
91335	28	1918	962	0
8984	28	158	962	0
29721	28	505	962	0
9573	28	1374	962	0
24686	28	36817	962	0
11525	28	1853	962	0
54727	28	2140	962	0
27156	28	1034	962	0
5975	28	836	962	0
7884	28	404	962	0
11618	28	1227	962	0
95145	28	1684	962	0
32357	28	195	962	0
12877	28	1317	962	0
79299	28	3615	962	0
15387	28	1145	962	0
12939	28	30	962	0
12645	28	1111	962	0
4254	28	283	962	0
179415	28	1504	962	0
60858	28	2226	962	0
41198	28	988	962	0
23522	28	1666	962	0
78285	28	16938	962	0
42922	28	2165	962	0
15192	28	712	962	0
16369	28	104	962	0
81366	28	3206	962	0
54107	28	4588	962	0
36764	28	1324	962	0
38632	28	526	962	0
28452	28	1351	962	0
29925	28	3056	962	0
7435	28	22922	962	0
82137	28	32249	962	0
14649	28	2786	962	0
24560	28	1034	962	0
31527	28	1597	962	0
14009	28	1816	962	0
92853	28	10874	962	0
8990	28	528	962	0
93860	28	809	962	0
21569	28	571	962	0
13372	28	1704	962	0
15854	28	1467	962	0
49321	28	44626	962	0
67001	28	1423	962	0
22107	28	509	962	0
10550	28	3958	962	0
92449	28	1196	962	0
22458	28	597	962	0
57980	28	1020	962	0
61833	28	454	962	0
10562	28	14	962	0
63933	28	348	962	0
85271	28	55690	962	0
41592	28	714	962	0
47461	28	1860	962	0
72468	28	357	962	0
16732	28	3299	962	0
90124	28	1152	962	0
80387	28	13415	962	0
24107	28	91	962	0
6262	28	1813	962	0
11223	28	698	962	0
24743	28	428	962	0
24607	28	377	962	0
15433	28	1416	962	0
36698	28	535	962	0
16557	28	4340	962	0
11292	28	451	962	0
18795	28	1112	962	0
153901	28	817	962	0
21862	28	11925	962	0
34263	28	489	962	0
6751	28	1364	962	0
75039	28	882	962	0
81966	28	2216	962	0
5384	28	109	962	0
31785	28	3213	962	0
14172	28	713	962	0
86065	28	570	962	0
56728	28	450	962	0
14755	28	3165	962	0
31000	28	1074	962	0
121831	28	570	962	0
112902	28	1294	962	0
78361	14	17928	962	0
9690	28	160	962	0
29990	28	3078	962	0
28815	28	211	962	0
32364	28	2851	962	0
21839	28	2216	962	0
10092	28	86	962	0
15711	28	51628	962	0
16219	28	23111	962	0
66703	14	2922	962	0
58492	28	1698	962	0
58041	28	2162	962	0
80398	28	83646	962	0
60700	28	136	962	0
7120	28	80	962	0
152388	28	5733	962	0
10480	28	1112	962	0
27964	28	54	962	0
21258	28	381	962	0
24149	28	3561	962	0
15978	28	470	962	0
3874	28	168	962	0
12372	28	4331	962	0
61281	28	8368	962	0
37687	16	2833	962	0
75767	28	1655	962	0
24446	28	1632	962	0
10070	28	529	962	0
17942	28	3551	962	0
37015	28	523	962	0
130475	28	6053	962	0
123620	28	3561	962	0
21638	28	595	962	0
20679	28	3345	962	0
20184	28	418	962	0
103876	14	8497	962	0
47500	28	1731	962	0
24847	28	1328	962	0
70242	28	4756	962	0
26889	28	889	962	0
153175	28	2179	962	0
7532	28	2236	962	0
79529	28	2088	962	0
57212	28	1199	962	0
73446	28	2621	962	0
40868	28	418	962	0
24491	28	4831	962	0
31230	28	193	962	0
6594	28	86	962	0
31888	28	100	962	0
80321	28	1163	962	0
12367	28	2809	962	0
40713	28	2395	962	0
45997	28	850	962	0
37849	28	19113	962	0
51231	28	2151	962	0
46636	28	828	962	0
110858	28	2172	962	0
36231	28	139	962	0
101226	28	1132	962	0
79151	28	830	962	0
56873	28	1132	962	0
54672	28	749	962	0
66296	28	1962	962	0
73316	28	81726	962	0
31958	28	1090	962	0
89951	28	3193	962	0
109782	28	881	962	0
130780	28	360	962	0
62339	28	1014	962	0
10637	28	560	962	0
51915	28	1249	962	0
64264	28	146	962	0
8887	28	707	962	0
6435	28	2323	962	0
33502	28	390	962	0
11924	28	2468	962	0
43076	28	405	962	0
88863	28	1559	962	0
27731	28	583	962	0
180656	14	2355	962	0
27992	28	2863	962	0
24465	28	7634	962	0
62055	28	605	962	0
92759	28	9194	962	0
36397	28	415	962	0
24510	28	6010	962	0
7811	28	1048	962	0
28960	28	397	962	0
44726	28	899	962	0
21508	28	661	962	0
12773	28	871	962	0
22741	28	141	962	0
23790	28	18479	962	0
10246	28	9510	962	0
42042	28	1364	962	0
25977	28	1112	962	0
25305	28	1455	962	0
48157	28	36570	962	0
17355	28	1185	962	0
39611	28	1316	962	0
15784	28	1067	962	0
15323	28	3974	962	0
34699	28	348	962	0
11525	28	2347	962	0
7463	28	954	962	0
81043	28	321	962	0
11540	28	134	962	0
40225	28	2798	962	0
31013	28	275	962	0
56518	28	81333	962	0
13942	28	1047	962	0
9247	28	231	962	0
86167	28	6370	962	0
63056	28	695	962	0
6772	28	120	962	0
5976	28	1275	962	0
74619	28	11561	962	0
6385	28	4068	962	0
18465	28	1527	962	0
8505	28	53	962	0
50904	28	3058	962	0
64331	28	391	962	0
69912	28	2859	962	0
13227	28	694	962	0
9946	28	107	962	0
50224	28	478	962	0
30882	28	502	962	0
38220	28	23086	962	0
28481	28	713	962	0
16346	28	1030	962	0
24491	28	4008	962	0
8817	28	337	962	0
10705	28	959	962	0
92600	28	114	962	0
22562	28	1282	962	0
7838	28	723	962	0
12091	28	91	962	0
13830	28	672	962	0
36907	28	10707	962	0
86700	28	536	962	0
100556	28	5369	962	0
5446	23	123858	962	0
18556	14	2792	962	0
7625	28	1923	962	0
103982	23	111764	962	0
111764	23	103982	962	0
20932	28	2970	962	0
65738	28	607	962	0
38949	28	1444	962	0
80476	28	505	962	0
69758	28	2257	962	0
86303	28	1163	962	0
12321	28	1669	962	0
72635	28	7071	962	0
26355	28	1718	962	0
34591	28	1112	962	0
37844	28	1793	962	0
115366	28	2863	962	0
16511	28	79	962	0
88072	28	1898	962	0
41525	28	2346	962	0
8730	28	662	962	0
90300	28	1848	962	0
27053	28	364	962	0
22965	28	4244	962	0
3831	28	39	962	0
68604	28	2475	962	0
42100	28	1431	962	0
16007	28	261	962	0
88285	28	1275	962	0
15918	28	917	962	0
12243	28	872	962	0
45724	28	610	962	0
88766	28	536	962	0
47429	28	596	962	0
42852	28	2398	962	0
10967	28	405	962	0
109428	28	1002	962	0
70919	28	670	962	0
22567	28	3078	962	0
55469	28	866	962	0
83220	28	5733	962	0
18995	28	394	962	0
38644	28	2172	962	0
16295	28	38264	962	0
14696	28	327	962	0
39420	28	74312	962	0
128614	14	1126	962	0
46710	28	3661	962	0
87646	28	781	962	0
91090	28	1672	962	0
6187	28	1368	962	0
62607	28	4337	962	0
12409	28	2113	962	0
18471	28	1466	962	0
104453	28	2386	962	0
6215	28	247	962	0
51909	28	526	962	0
41650	28	10334	962	0
18900	28	67	962	0
29909	28	883	962	0
67360	28	415	962	0
16041	28	653	962	0
14308	28	540	962	0
77854	28	1083	962	0
3881	28	421	962	0
6230	28	455	962	0
26081	28	2682	962	0
94253	28	1468	962	0
65984	28	1360	962	0
94681	28	1980	962	0
11901	28	671	962	0
24209	28	980	962	0
151541	14	98409	962	0
113032	28	2871	962	0
21160	28	2414	962	0
109383	28	1107	962	0
61786	28	31083	962	0
44389	28	103	962	0
51640	28	1007	962	0
19365	28	917	962	0
10111	28	253	962	0
52579	28	1283	962	0
75686	28	18272	962	0
130880	28	2226	962	0
8082	28	988	962	0
9981	28	4121	962	0
95503	28	1920	962	0
31825	28	123	962	0
97798	28	7624	962	0
96582	28	4488	962	0
5214	28	511	962	0
34094	28	186	962	0
8233	28	560	962	0
18260	28	1266	962	0
18512	28	49306	962	0
44556	28	2376	962	0
75479	28	1414	962	0
64641	16	946	962	0
107768	28	5552	962	0
62453	28	70251	962	0
63056	28	486	962	0
61708	28	1309	962	0
7855	28	3242	962	0
27644	28	1722	962	0
110538	23	28969	962	0
16282	28	1954	962	0
8500	28	1147	962	0
28309	28	310	962	0
29339	28	227	962	0
13918	28	2052	962	0
86889	28	2970	962	0
11533	28	1286	962	0
23337	28	17954	962	0
19954	28	3400	962	0
22926	28	2011	962	0
25734	28	105	962	0
81184	28	9420	962	0
47897	28	1404	962	0
17256	28	6073	962	0
73468	28	749	962	0
20658	28	1954	962	0
15732	28	811	962	0
85394	28	1666	962	0
85300	28	2621	962	0
42523	28	78	962	0
43209	28	526	962	0
37195	28	478	962	0
6628	28	39	962	0
112646	28	1127	962	0
34260	28	106	962	0
108092	28	835	962	0
60481	28	1544	962	0
37845	28	1766	962	0
154755	28	18654	962	0
90438	28	2863	962	0
26695	28	7384	962	0
42798	28	3769	962	0
39344	28	1132	962	0
6347	28	60	962	0
6532	28	86	962	0
15341	28	24	962	0
22937	28	610	962	0
182616	28	6067	962	0
18877	28	267	962	0
75759	28	2442	962	0
154794	28	238	962	0
61770	28	455	962	0
76279	28	23848	962	0
16059	28	2712	962	0
16199	28	351	962	0
106562	14	4314	962	0
46345	28	309	962	0
41515	28	478	962	0
44468	28	809	962	0
110269	28	35020	962	0
38338	28	251	962	0
6833	28	445	962	0
88866	28	4809	962	0
19789	28	14710	962	0
81883	28	309	962	0
27644	28	911	962	0
80959	28	26828	962	0
16927	28	2899	962	0
61634	28	1389	962	0
47951	28	3583	962	0
13101	28	347	962	0
77055	28	2840	962	0
5851	28	2809	962	0
57690	28	2261	962	0
42252	28	418	962	0
24379	28	10760	962	0
26709	28	4724	962	0
21152	28	622	962	0
67970	28	1446	962	0
44603	28	627	962	0
11381	28	118	962	0
10333	28	623	962	0
47825	28	1117	962	0
35808	28	4524	962	0
78700	28	1860	962	0
88241	28	2097	962	0
9809	28	2851	962	0
42886	28	54	962	0
67211	28	1466	962	0
88329	28	7071	962	0
21569	28	451	962	0
23558	28	1760	962	0
37003	28	44342	962	0
63734	28	13412	962	0
33668	28	4834	962	0
19154	28	1554	962	0
17040	28	309	962	0
51067	28	132	962	0
49953	28	1712	962	0
15863	28	7071	962	0
69738	28	4407	962	0
21002	28	1793	962	0
68589	28	1728	962	0
21368	28	2398	962	0
109962	28	62256	962	0
92260	28	2904	962	0
118723	28	6067	962	0
44724	28	1672	962	0
48037	28	478	962	0
93807	28	2218	962	0
91663	14	12802	962	0
50996	28	605	962	0
39886	28	350	962	0
25059	28	1206	962	0
81531	28	1346	962	0
128409	14	2783	962	0
47743	28	394	962	0
43993	28	1825	962	0
63490	14	48717	962	0
36595	28	135	962	0
40251	28	2941	962	0
34275	28	391	962	0
41584	28	2189	962	0
11855	28	330	962	0
6559	28	1186	962	0
39434	28	35836	962	0
58896	28	416	962	0
15854	28	3995	962	0
10460	28	1571	962	0
30112	28	3524	962	0
19794	28	161	962	0
81782	28	1127	962	0
33118	28	2227	962	0
42534	28	3103	962	0
26124	28	510	962	0
16075	28	370	962	0
28678	28	206	962	0
154973	28	2086	962	0
48528	28	388	962	0
29433	28	1690	962	0
65448	28	1956	962	0
16210	28	236	962	0
24813	28	526	962	0
9391	28	2185	962	0
54713	28	528	962	0
27370	28	511	962	0
87692	28	1704	962	0
71677	28	357	962	0
33491	28	14879	962	0
54194	28	454	962	0
21209	28	355	962	0
10723	28	87	962	0
27249	28	1816	962	0
12698	28	486	962	0
50241	28	4407	962	0
16019	28	3911	962	0
11654	28	427	962	0
46657	28	6413	962	0
8330	28	925	962	0
75533	28	478	962	0
17434	28	570	962	0
28495	28	514	962	0
38947	28	2809	962	0
13996	28	139	962	0
44669	28	463	962	0
23684	28	259	962	0
12186	28	540	962	0
31424	28	132	962	0
37889	28	856	962	0
7755	28	170	962	0
16232	28	526	962	0
95430	28	360	962	0
20309	28	230	962	0
64200	28	1945	962	0
79229	28	1095	962	0
28605	28	2458	962	0
21564	28	1289	962	0
29170	28	397	962	0
20784	28	1158	962	0
27417	28	542	962	0
46033	28	1651	962	0
30153	28	1115	962	0
47223	28	3480	962	0
44574	28	1338	962	0
25617	28	1613	962	0
91363	28	391	962	0
13746	28	95735	962	0
57686	28	781	962	0
23858	28	1456	962	0
33133	28	220	962	0
31480	28	298	962	0
53896	28	537	962	0
151183	28	4440	962	0
38521	28	3632	962	0
5689	28	92	962	0
56757	28	17954	962	0
62825	28	6080	962	0
21416	28	318	962	0
8201	28	558	962	0
11671	14	2368	962	0
78409	28	3811	962	0
59218	28	3901	962	0
7625	28	2639	962	0
22761	28	871	962	0
7280	28	415	962	0
17708	28	9602	962	0
25902	28	412	962	0
65191	28	3221	962	0
6987	28	505	962	0
47968	28	1898	962	0
39215	28	3265	962	0
69765	28	605	962	0
93393	28	5459	962	0
11363	28	856	962	0
80143	28	1557	962	0
18400	28	1942	962	0
8338	28	1507	962	0
24356	28	989	962	0
21080	28	850	962	0
35418	28	1793	962	0
23227	28	14	962	0
6318	28	215	962	0
63864	28	2482	962	0
81087	28	4581	962	0
47949	28	269	962	0
28740	28	119	962	0
10088	28	485	962	0
7885	28	1475	962	0
74324	28	34133	962	0
20649	28	2589	962	0
20053	28	89	962	0
57132	28	923	962	0
6628	28	152	962	0
34228	28	58	962	0
127349	28	16162	962	0
34328	28	32	962	0
47788	28	920	962	0
28668	28	484	962	0
86623	28	397	962	0
58682	28	2980	962	0
54871	28	523	962	0
49689	28	3217	962	0
33221	28	30581	962	0
28851	28	21359	962	0
16215	28	1228	962	0
74187	28	427	962	0
11320	28	445	962	0
35500	28	871	962	0
7086	28	1216	962	0
29404	28	2286	962	0
6170	28	2851	962	0
74955	28	536	962	0
60664	28	104	962	0
7078	28	980	962	0
42454	28	1862	962	0
30748	28	707	962	0
13434	28	573	962	0
5330	28	272	962	0
12976	28	4634	962	0
50685	28	1824	962	0
128601	16	3813	962	0
38872	28	501	962	0
63432	28	1346	962	0
7485	28	489	962	0
5847	28	2458	962	0
51623	28	5052	962	0
44669	28	2809	962	0
25381	28	4319	962	0
9946	28	126	962	0
5272	28	1186	962	0
19701	28	416	962	0
130134	28	2156	962	0
26492	28	523	962	0
5926	28	43	962	0
22188	28	3936	962	0
11591	28	67683	962	0
51839	28	37178	962	0
16983	28	147	962	0
22085	28	397	962	0
23775	28	1242	962	0
40895	28	2551	962	0
26907	28	442	962	0
93550	28	391	962	0
24900	23	69319	962	0
11149	28	735	962	0
68871	28	989	962	0
41351	28	2128	962	0
95702	14	444	962	0
87682	14	9093	962	0
25373	14	5700	962	0
21428	28	789	962	0
12226	28	1976	962	0
129240	28	18654	962	0
11772	28	5545	962	0
63931	28	526	962	0
12613	28	607	962	0
83172	28	1251	962	0
21441	28	103	962	0
19364	28	731	962	0
59828	28	4121	962	0
19187	28	5612	962	0
122704	28	21674	962	0
87045	28	4331	962	0
22994	28	917	962	0
130204	28	1060	962	0
9197	28	2397	962	0
129985	28	85379	962	0
16855	28	1577	962	0
98260	28	391	962	0
48878	28	4234	962	0
21464	28	1556	962	0
17541	28	1309	962	0
75561	28	2740	962	0
28625	28	1075	962	0
37023	28	241	962	0
56717	28	11253	962	0
11487	28	364	962	0
25717	28	3276	962	0
32715	28	32	962	0
21045	28	111	962	0
44575	28	1862	962	0
49239	28	1013	962	0
27625	28	872	962	0
86524	28	415	962	0
75536	28	1132	962	0
42236	28	350	962	0
32254	28	206	962	0
60967	28	49218	962	0
35861	28	415	962	0
28918	28	2468	962	0
21744	28	7232	962	0
37788	28	821	962	0
110010	28	1214	962	0
10563	28	1333	962	0
15323	28	195	962	0
44216	28	451	962	0
58234	28	404	962	0
85124	28	2904	962	0
74633	28	2346	962	0
8013	28	78	962	0
31775	28	571	962	0
54991	28	1962	962	0
32863	28	1193	962	0
21081	28	401	962	0
87133	28	1270	962	0
13190	28	2737	962	0
5847	28	2992	962	0
6343	28	407	962	0
91568	28	2543	962	0
79668	28	195	962	0
79744	28	4581	962	0
82354	28	3871	962	0
88872	28	2184	962	0
82047	28	483	962	0
95564	28	4458	962	0
6537	28	1862	962	0
31487	28	10312	962	0
13060	28	1742	962	0
9524	28	2113	962	0
96782	28	1152	962	0
9351	28	117	962	0
15948	28	630	962	0
39125	28	327	962	0
22088	28	307	962	0
81112	28	1083	962	0
103997	28	482	962	0
48022	28	3834	962	0
51430	28	2216	962	0
15001	28	3871	962	0
86674	28	9520	962	0
33983	28	408	962	0
6659	28	696	962	0
50509	28	1020	962	0
67970	28	1506	962	0
57615	28	88031	962	0
33194	14	2384	962	0
113043	28	1152	962	0
46113	28	1151	962	0
25558	28	1214	962	0
25356	28	2216	962	0
7854	28	897	962	0
11047	28	1866	962	0
39890	28	474	962	0
24488	28	817	962	0
71936	14	2964	962	0
10495	28	431	962	0
76086	28	2831	962	0
44094	28	471	962	0
12378	28	970	962	0
9796	28	184	962	0
7360	28	2242	962	0
122660	28	4483	962	0
28558	28	2082	962	0
82050	28	3860	962	0
21992	28	1374	962	0
20779	28	1251	962	0
32894	28	1327	962	0
24091	28	1862	962	0
10492	28	1306	962	0
19310	28	494	962	0
30976	28	1360	962	0
48421	28	416	962	0
25576	28	988	962	0
11164	28	73	962	0
31802	28	1670	962	0
4768	28	223	962	0
28557	28	1775	962	0
186185	14	73915	962	0
13616	28	5963	962	0
93411	23	64322	962	0
58065	28	11500	962	0
30659	28	1920	962	0
6488	28	103	962	0
21608	28	806	962	0
19318	28	217	962	0
20940	28	5665	962	0
13935	28	1176	962	0
11090	28	1507	962	0
91972	28	2087	962	0
27271	28	1028	962	0
83851	28	2263	962	0
62168	28	17677	962	0
53044	28	411	962	0
9908	28	254	962	0
39288	28	111	962	0
68578	28	2526	962	0
7330	28	1640	962	0
29338	28	1201	962	0
67986	14	54298	962	0
7936	28	380	962	0
7532	28	1049	962	0
27964	28	436	962	0
94595	28	88	962	0
67172	28	165	962	0
5457	28	1983	962	0
7711	28	725	962	0
22836	28	1049	962	0
5206	28	48	962	0
27055	28	72	962	0
19757	28	1288	962	0
24958	28	2156	962	0
89240	28	21300	962	0
55406	28	24383	962	0
15711	28	250	962	0
26411	28	184	962	0
20872	28	418	962	0
10094	28	817	962	0
8605	28	405	962	0
14065	28	2876	962	0
145861	28	333	962	0
21748	28	1495	962	0
13520	28	674	962	0
20031	28	2442	962	0
37845	28	680	962	0
50352	28	757	962	0
8981	28	263	962	0
28769	28	593	962	0
67651	28	1795	962	0
37412	28	1651	962	0
54567	28	2846	962	0
91865	28	3172	962	0
69672	28	485	962	0
21608	28	298	962	0
65257	28	310	962	0
81442	28	605	962	0
55524	28	1216	962	0
83059	28	7624	962	0
52981	28	268	962	0
12623	28	221	962	0
36217	28	2923	962	0
58833	28	2323	962	0
10724	28	445	962	0
12517	28	548	962	0
44280	28	1650	962	0
100592	28	2087	962	0
27540	28	1672	962	0
16237	28	14426	962	0
22445	28	3129	962	0
85248	28	478	962	0
15351	28	147	962	0
9439	28	2024	962	0
24700	28	620	962	0
153322	14	3577	962	0
60344	28	2980	962	0
92363	28	1504	962	0
7180	28	992	962	0
10180	28	890	962	0
15332	28	560	962	0
75701	28	16938	962	0
18457	28	1655	962	0
15958	28	428	962	0
9449	28	1013	962	0
84345	28	449	962	0
40680	28	2381	962	0
92551	28	1368	962	0
25230	28	481	962	0
9202	28	232	962	0
35935	28	470	962	0
58010	28	24383	962	0
100645	28	5385	962	0
49184	28	1254	962	0
10730	28	404	962	0
21999	28	244	962	0
13926	28	1672	962	0
20845	28	1741	962	0
30421	28	4589	962	0
22085	28	2236	962	0
41013	28	2148	962	0
29037	28	268	962	0
52093	28	1537	962	0
14417	28	640	962	0
57753	28	1567	962	0
51151	14	902	962	0
12188	28	160	962	0
16808	28	303	962	0
45089	28	7587	962	0
10027	28	1368	962	0
19194	28	22781	962	0
73507	28	2475	962	0
130912	28	4823	962	0
50444	28	7218	962	0
97453	28	26828	962	0
10649	28	3016	962	0
26851	28	37121	962	0
12706	28	1331	962	0
58505	28	4185	962	0
46240	28	9274	962	0
72633	28	1144	962	0
24560	28	4971	962	0
23465	28	3508	962	0
9915	28	1513	962	0
28769	28	1695	962	0
35012	28	9520	962	0
12980	28	1666	962	0
19722	28	347	962	0
66054	28	1270	962	0
11053	28	968	962	0
64104	28	3974	962	0
74074	28	860	962	0
31208	28	241	962	0
54737	28	6370	962	0
15912	28	1163	962	0
155108	28	129	962	0
55652	28	531	962	0
6775	28	808	962	0
26495	28	88462	962	0
16209	28	846	962	0
15680	28	619	962	0
64226	28	483	962	0
6562	28	2347	962	0
29498	28	4008	962	0
22705	28	532	962	0
13936	28	1153	962	0
45698	28	95	962	0
12230	28	294	962	0
10082	28	962	962	0
20181	28	3974	962	0
34482	28	1650	962	0
16543	28	2148	962	0
79057	28	2641	962	0
28232	28	2166	962	0
84507	28	159	962	0
99705	28	67088	962	0
84942	28	152	962	0
25584	28	206	962	0
61046	28	3924	962	0
72106	28	3073	962	0
52434	28	1282	962	0
39389	28	244	962	0
58750	28	1214	962	0
87977	28	2216	962	0
51151	14	33634	962	0
7840	28	250	962	0
36863	28	726	962	0
55535	28	904	962	0
97585	14	102046	962	0
5452	28	637	962	0
90214	28	1117	962	0
25821	28	1897	962	0
111888	28	716	962	0
19179	28	471	962	0
15360	28	2685	962	0
16358	28	83	962	0
97135	28	18653	962	962
26532	28	156	962	962
54567	28	291	962	962
115366	28	1900	962	962
63630	28	232	962	962
41082	28	282	962	962
17302	28	117	962	962
49810	28	228	962	962
44938	28	273	962	962
103444	28	653	962	962
160506	28	596	962	962
56269	28	228	962	962
34538	28	805	962	962
62872	28	3500	962	962
28508	28	149	962	962
80658	28	514	962	962
111939	28	2282	962	962
77694	28	384	962	962
73663	28	18653	962	962
109715	28	1056	962	962
56623	28	70	962	962
74712	28	140	962	962
117776	28	1853	962	962
44246	28	564	962	962
52405	28	492	962	962
24535	28	573	962	962
29605	28	437	962	962
8990	28	117	962	962
7799	28	123	962	962
27720	28	230	962	962
44852	28	4588	962	962
36769	28	423	962	962
16509	28	174	962	962
38552	28	31	962	962
69769	28	657	962	962
43981	28	159	962	962
114144	28	564	962	962
30153	28	162	962	962
48904	28	386	962	962
32242	28	968	962	962
16302	28	717	962	963
21643	28	181	962	963
6247	28	1154	962	963
38751	28	1760	962	963
12786	28	1155	962	963
112040	28	2131	962	963
52112	28	2848	962	963
70613	28	18653	962	963
21757	28	60688	962	963
70648	28	2740	962	963
44965	28	770	962	963
21789	28	336	962	963
9153	28	524	962	963
21818	28	3460	962	963
8423	28	143	962	963
82580	28	105	962	963
45124	28	5931	962	963
29186	28	181	962	963
96159	28	7177	962	963
7714	28	289	962	963
60944	28	404	962	963
21814	28	1582	962	963
14459	28	1692	962	963
12929	28	1779	962	963
61016	28	143	962	963
18903	28	155	962	963
71054	28	2576	962	963
16593	28	1572	962	963
10284	28	1461	962	963
29355	28	2018	962	963
8486	28	79	962	963
82832	28	1643	962	963
11470	28	1830	962	963
22083	28	16342	962	963
33690	28	283	962	963
52714	28	2742	962	963
39361	28	503	962	963
71329	28	8531	962	963
25209	28	2152	962	963
4222	28	53	962	963
39443	28	38	962	963
22182	28	2685	962	963
28926	28	1325	962	963
25415	28	780	962	963
71478	28	690	962	963
83215	28	34133	962	963
25465	28	2503	962	963
29665	28	883	962	963
11620	28	991	962	963
14724	28	1115	962	963
13060	28	10420	962	963
14728	28	751	962	963
10423	28	5481	962	963
10430	28	1519	962	963
83315	28	6370	962	963
71617	28	626	962	963
96819	28	409	962	963
112902	28	2649	962	963
82222	28	1466	962	963
22341	28	18815	962	963
12862	28	2292	962	963
16871	28	4548	962	963
19357	28	2477	962	963
71763	28	11683	962	963
83491	28	2713	962	963
61832	28	4620	962	963
7868	28	14426	962	963
83519	28	960	962	963
29909	28	400	962	963
14839	28	3429	962	963
61935	28	2956	962	963
19306	28	1600	962	963
22490	28	328	962	963
13241	28	2122	962	963
7896	28	441	962	963
82490	28	1478	962	963
62063	28	931	962	963
14914	28	124	962	963
11719	28	364	962	963
19559	28	555	962	963
40011	28	482	962	963
19567	28	4704	962	963
34584	28	268	962	963
19600	28	330	962	963
62218	28	925	962	963
61542	28	3410	962	963
22626	28	1081	962	963
25974	28	1078	962	963
113458	28	2972	962	963
72226	28	5520	962	963
46303	28	455	962	963
19646	28	3071	962	963
11844	28	277	962	963
97450	28	8531	962	963
97454	28	210	962	963
26046	28	968	962	963
46408	28	1015	962	963
34768	28	1623	962	963
72341	28	1533	962	963
40198	28	1715	962	963
9413	28	478	962	963
26007	28	1436	962	963
26124	28	731	962	963
34832	28	1137	962	963
13396	28	1744	962	963
62535	28	13412	962	963
46539	28	2399	962	963
26200	28	1731	962	963
17232	28	213	962	963
15044	28	81	962	963
19834	28	1666	962	963
15125	28	669	962	963
14745	28	348	962	963
33381	28	143	962	963
40483	28	4174	962	963
54084	28	5711	962	963
6101	28	332	962	963
84494	28	15170	962	963
84507	28	30463	962	963
26337	28	195	962	963
52152	28	1958	962	963
10663	28	248	962	963
62872	28	1557	962	963
19083	28	179	962	963
54202	28	1557	962	963
26407	28	6915	962	963
5708	28	3339	962	963
15224	28	47	962	963
16999	28	231	962	963
4875	28	81	962	963
114199	28	748	962	963
63042	28	401	962	963
72981	28	1264	962	963
54387	28	4155	962	963
84849	28	136	962	963
40820	28	1164	962	963
26562	28	179	962	963
54444	28	653	962	963
26567	28	167	962	963
72205	28	2568	962	963
30732	28	1314	962	963
13526	28	2772	962	963
15322	28	732	962	963
40892	28	3125	962	963
23108	28	436	962	963
13582	28	791	962	963
47191	28	627	962	963
39060	28	1873	962	963
40992	28	1308	962	963
16880	28	1034	962	963
26578	28	89	962	963
98535	28	2957	962	963
6144	28	445	962	963
17497	28	552	962	963
8099	28	215	962	963
63458	28	900	962	963
6466	28	725	962	963
19920	28	695	962	963
96864	28	491	962	963
70732	28	152	962	963
38700	28	9453	962	963
85253	28	3129	962	963
114667	28	2486	962	963
30915	28	251	962	963
13638	28	3172	962	963
30822	28	135	962	963
40778	28	1305	962	963
63642	28	3410	962	963
24949	28	1223	962	963
26829	28	1268	962	963
9722	28	2024	962	963
12969	28	610	962	963
25740	28	103	962	963
15467	28	19	962	963
23325	28	236	962	963
13694	28	274	962	963
35716	28	2041	962	963
33607	28	1111	962	963
6313	28	162	962	963
115020	28	7177	962	963
23384	28	628	962	963
73678	28	2449	962	963
10530	28	274	962	963
73652	28	4756	962	963
115122	28	73965	962	963
47744	28	1208	962	963
19534	28	259	962	963
8056	28	2974	962	963
47825	28	1745	962	963
46034	28	1405	962	963
30027	28	455	962	963
6954	28	609	962	963
15616	28	1368	962	963
29711	28	1208	962	963
12292	28	416	962	963
41583	28	20160	962	963
17770	28	923	962	963
47978	28	15634	962	963
10573	28	2050	962	963
63417	28	857	962	963
71167	28	26984	962	963
14751	28	3235	962	963
7448	28	47	962	963
18977	28	759	962	963
55502	28	416	962	963
6454	28	501	962	963
12316	28	16	962	963
29867	28	132	962	963
99614	28	30199	962	963
48091	28	6915	962	963
25444	28	43	962	963
74411	28	471	962	963
8921	28	560	962	963
99705	28	1589	962	963
34352	28	983	962	963
62974	28	2592	962	963
17603	28	793	962	963
10909	28	609	962	963
20663	28	205	962	963
27155	28	741	962	963
13837	28	203	962	963
52232	28	2301	962	963
26305	28	1496	962	963
114758	28	3001	962	963
71501	28	3169	962	963
31554	28	1092	962	963
20059	28	83	962	963
34722	28	501	962	963
46813	28	3016	962	963
5717	28	1664	962	963
27408	28	1112	962	963
31592	28	1231	962	963
22385	28	415	962	963
14606	28	691	962	963
9562	28	47	962	963
86687	28	565	962	963
40832	28	3268	962	963
13339	28	228	962	963
35043	28	2218	962	963
9247	28	297	962	963
12940	28	796	962	963
100240	28	1831	962	963
16511	28	1122	962	963
23800	28	996	962	963
6347	28	155	962	963
64971	28	3387	962	963
75028	28	1007	962	963
24891	28	401	962	963
42122	28	153	962	963
9938	28	846	962	963
47252	28	1359	962	963
20534	28	1080	962	963
56104	28	731	962	963
42177	28	796	962	963
12442	28	637	962	963
34954	28	482	962	963
65079	28	2153	962	963
15722	28	1567	962	963
11404	28	232	962	963
56199	28	121	962	963
13875	28	47	962	963
35537	28	3597	962	963
36624	28	1496	962	963
12878	28	1744	962	963
11360	28	3920	962	963
30373	28	380	962	963
16433	28	295	962	963
10536	28	1063	962	963
23302	28	581	962	963
20247	28	333	962	963
15870	28	2475	962	963
61013	28	1084	962	963
75424	28	4682	962	963
19087	28	54	962	963
31644	28	2325	962	963
10895	28	491	962	963
75464	28	1840	962	963
20150	28	87	962	963
7056	28	1624	962	963
19175	28	457	962	963
48947	28	1868	962	963
100875	28	5665	962	963
114596	28	2569	962	963
86717	28	4403	962	963
35225	28	659	962	963
84682	28	2158	962	963
16830	28	1942	962	963
49033	28	714	962	963
20986	28	2150	962	963
9738	28	219	962	963
12419	28	1666	962	963
135581	28	370	962	963
13007	28	386	962	963
21006	28	793	962	963
45598	28	1060	962	963
8061	28	64	962	963
22436	28	1778	962	963
19598	28	745	962	963
42597	28	1164	962	963
98164	28	2486	962	963
117027	28	3129	962	963
41136	28	881	962	963
75845	28	2503	962	963
34809	28	1769	962	963
87708	28	80	962	963
9322	28	1413	962	963
36832	28	1097	962	963
47072	28	1600	962	963
87774	28	742	962	963
13179	28	11056	962	963
73194	28	1794	962	963
22761	28	3842	962	963
87625	28	2040	962	963
65786	28	2784	962	963
21706	28	1434	962	963
13491	28	72	962	963
53222	28	2649	962	963
25830	28	7071	962	963
6396	28	123	962	963
24084	28	1959	962	963
24033	28	1141	962	963
26474	28	3645	962	963
87951	28	46284	962	963
65901	28	96996	962	963
25372	28	233	962	963
23019	28	1245	962	963
66005	28	749	962	963
88102	28	891	962	963
20674	28	1136	962	963
136138	28	2972	962	963
17874	28	1092	962	963
29158	28	371	962	963
11430	28	9018	962	963
34966	28	4429	962	963
75702	28	1841	962	963
71805	28	623	962	963
30500	28	4810	962	963
76318	28	315	962	963
13343	28	72	962	963
14453	28	659	962	963
65586	28	1777	962	963
39414	28	1722	962	963
32268	28	595	962	963
9940	28	76	962	963
17851	28	1379	962	963
8348	28	710	962	963
61465	28	673	962	963
45698	28	220	962	963
117707	28	4745	962	963
25695	28	963	962	963
24700	28	1022	962	963
29032	28	1035	962	963
37277	28	10518	962	963
85977	28	5547	962	963
23778	28	321	962	963
36422	28	4117	962	963
10715	28	57	962	963
25803	28	647	962	963
23701	28	3437	962	963
32347	28	48	962	963
136448	28	64627	962	963
17973	28	123	962	963
53187	28	923	962	963
19693	28	751	962	963
117902	28	1460	962	963
76624	28	2481	962	963
52136	28	281	962	963
37357	28	1589	962	963
36863	28	1700	962	963
14557	28	3004	962	963
46185	28	20927	962	963
66451	28	1136	962	963
27608	28	1214	962	963
102246	28	1942	962	963
14931	28	855	962	963
66492	28	5089	962	963
14058	28	988	962	963
13825	28	203	962	963
28140	28	100	962	963
20559	28	2327	962	963
88785	28	4682	962	963
7545	28	1257	962	963
39736	28	2347	962	963
49789	28	960	962	963
41347	28	2901	962	963
8216	28	1917	962	963
12790	28	796	962	963
60635	28	360	962	963
38676	28	303	962	963
16358	28	850	962	963
40064	28	1556	962	963
60686	28	848	962	963
88869	28	6093	962	963
5405	28	691	962	963
83243	28	1660	962	963
38864	28	241	962	963
65743	28	3235	962	963
28856	28	366	962	963
9065	28	445	962	963
118314	28	1752	962	963
28882	28	1242	962	963
14233	28	474	962	963
76994	28	1532	962	963
5389	28	1093	962	963
14255	28	236	962	963
49850	28	49851	962	963
52093	28	806	962	963
11375	28	940	962	963
65092	28	22429	962	963
9208	28	1413	962	963
39080	28	693	962	963
33493	28	1475	962	963
33505	28	1867	962	963
6266	28	46	962	963
12847	28	1210	962	963
89060	28	33413	962	963
72926	28	1589	962	963
60837	28	691	962	963
45634	28	1666	962	963
56084	28	749	962	963
29405	28	2376	962	963
9273	28	1755	962	963
11493	28	748	962	963
72625	28	5153	962	963
13006	28	483	962	963
7193	28	908	962	963
71052	28	95	962	963
86982	28	3193	962	963
19938	28	797	962	963
22014	28	4363	962	963
25135	28	2712	962	963
57738	28	13288	962	963
45321	28	568	962	963
96632	28	555	962	963
49975	28	56352	962	963
118767	28	18653	962	963
47751	28	57771	962	963
18587	28	1027	962	963
22241	28	321	962	963
11590	28	89	962	963
56076	28	12988	962	963
9298	28	527	962	963
9266	28	263	962	963
6374	28	64	962	963
29755	28	1961	962	963
7840	28	1365	962	963
45131	28	126	962	963
29331	28	573	962	963
46735	28	2426	962	963
14797	28	139	962	963
13184	28	392	962	963
5662	28	147	962	963
76163	28	580	962	963
22303	28	3777	962	963
34209	28	123	962	963
8624	28	535	962	963
103257	28	3681	962	963
34343	28	1410	962	963
29851	28	4865	962	963
16913	28	875	962	963
19406	28	1998	962	963
19412	28	530	962	963
45960	28	506	962	963
52171	28	4797	962	963
38759	28	811	962	963
18540	28	331	962	963
25946	28	2179	962	963
25949	28	1830	962	963
6851	28	1924	962	963
53599	28	881	962	963
13330	28	5469	962	963
7320	28	63	962	963
53326	28	1006	962	963
25856	28	1519	962	963
16949	28	3176	962	963
14571	28	2583	962	963
50148	28	5481	962	963
17148	28	1092	962	963
70541	28	482	962	963
17156	28	158	962	963
62292	28	1561	962	963
34841	28	501	962	963
19731	28	263	962	963
13394	28	387	962	963
50068	28	836	962	963
9571	28	39	962	963
67245	28	22160	962	963
26026	28	984	962	963
22660	28	366	962	963
19412	28	236	962	963
112738	28	7177	962	963
17226	28	3435	962	963
26218	28	186	962	963
119550	28	452	962	963
16983	28	751	962	963
11686	28	166	962	963
65853	28	2624	962	963
46516	28	843	962	963
19768	28	911	962	963
53877	28	780	962	963
6097	28	119	962	963
103806	28	1211	962	963
54156	28	784	962	963
58143	28	7572	962	963
103820	28	5047	962	963
8034	28	5107	962	963
13504	28	1589	962	963
40637	28	634	962	963
103862	28	8531	962	963
22038	28	580	962	963
9632	28	770	962	963
26329	28	87	962	963
47610	28	5736	962	963
22917	28	897	962	963
67425	28	674	962	963
90106	28	18334	962	963
12055	28	44	962	963
14376	28	1430	962	963
67443	28	1013	962	963
25875	28	718	962	963
67198	28	872	962	963
103611	28	1058	962	963
22078	28	87	962	963
119945	28	22005	962	963
14322	28	58	962	963
17364	28	803	962	963
39868	28	1026	962	963
33962	28	451	962	963
15250	28	11520	962	963
13311	28	3058	962	963
7445	28	255	962	963
22724	28	757	962	963
47220	28	1332	962	963
11285	28	1169	962	963
20064	28	286	962	963
54454	28	355	962	963
58145	28	358	962	963
6382	28	4586	962	963
67570	28	1499	962	963
17113	28	321	962	963
17434	28	1012	962	963
20227	28	1684	962	963
9749	28	680	962	963
17539	28	3845	962	963
10139	28	2752	962	963
35596	28	1467	962	963
54635	28	1767	962	963
54840	28	416	962	963
35492	28	1571	962	963
15113	28	630	962	963
47484	28	694	962	963
20122	28	263	962	963
20061	28	514	962	963
35519	28	4268	962	963
21918	28	1294	962	963
85725	28	18340	962	963
26856	28	1136	962	963
12209	28	344	962	963
90466	28	882	962	963
45527	28	3731	962	963
5879	28	610	962	963
8817	28	346	962	963
43660	28	3692	962	963
21626	28	1607	962	963
30234	28	877	962	963
104446	28	1458	962	963
40317	28	483	962	963
67722	28	2270	962	963
17581	28	832	962	963
10801	28	318	962	963
34076	28	1412	962	963
25982	28	27	962	963
66694	28	3700	962	963
47084	28	2423	962	963
90556	28	1001	962	963
29750	28	1660	962	963
71608	28	1009	962	963
25453	28	1466	962	963
12230	28	57	962	963
20494	28	86	962	963
12271	28	150	962	963
67651	28	4533	962	963
85437	28	1795	962	963
17735	28	192	962	963
64117	28	1242	962	963
75409	28	60538	962	963
8158	28	609	962	963
31169	28	112	962	963
139261	28	3132	962	963
23464	28	471	962	963
17715	28	282	962	963
31204	28	3999	962	963
48017	28	193	962	963
41640	28	942	962	963
31354	28	1166	962	963
46974	28	50	962	963
13366	28	4233	962	963
35996	28	214	962	963
23512	28	731	962	963
29171	28	1961	962	963
7515	28	4200	962	963
75213	28	4497	962	963
73687	28	10100	962	963
54802	28	995	962	963
57347	28	1698	962	963
62082	28	923	962	963
37817	28	1036	962	963
19876	28	251	962	963
55612	28	1333	962	963
23625	28	222	962	963
9875	28	265	962	963
46933	28	1024	962	963
16517	28	1063	962	963
43294	28	3999	962	963
28365	28	1458	962	963
8909	28	82	962	963
39324	28	193	962	963
9391	28	499	962	963
27244	28	5931	962	963
25890	28	514	962	963
16965	28	89	962	963
35734	28	2024	962	963
41866	28	716	962	963
89953	28	167	962	963
15458	28	195	962	963
17233	28	1921	962	963
36323	28	169	962	963
15047	28	1626	962	963
83444	28	11092	962	963
31474	28	9511	962	963
16681	28	4971	962	963
64422	28	313	962	963
7745	28	1020	962	963
7186	28	1056	962	963
27328	28	145	962	963
53098	28	2122	962	963
55706	28	9453	962	963
31472	28	317	962	963
23669	28	2576	962	963
40168	28	759	962	963
56008	28	1709	962	963
23759	28	1137	962	963
25431	28	199	962	963
10954	28	28	962	963
11924	28	1365	962	963
11320	28	177	962	963
36356	28	60	962	963
22379	28	401	962	963
46709	28	883	962	963
23013	28	565	962	963
8407	28	971	962	963
25986	28	1192	962	963
74748	28	1356	962	963
78853	28	2773	962	963
9231	28	178	962	963
66542	28	16938	962	963
11445	28	625	962	963
11499	28	280	962	963
62852	28	2218	962	963
17942	28	2605	962	963
84027	28	1456	962	963
9221	28	461	962	963
33770	28	19987	962	963
63390	28	524	962	963
31679	28	4162	962	963
91260	28	15170	962	963
121459	28	910	962	963
23654	28	86	962	963
6463	28	1813	962	963
140101	28	205	962	963
72299	28	22061	962	963
10992	28	1012	962	963
36365	28	1005	962	963
9171	28	3242	962	963
12468	28	17986	962	963
20872	28	131	962	963
79012	28	405	962	963
22424	28	2007	962	963
12444	28	241	962	963
74504	28	1660	962	963
25990	28	973	962	963
23860	28	2479	962	963
74651	28	2218	962	963
22664	28	9280	962	963
57527	28	605	962	963
74858	28	66214	962	963
23923	28	1066	962	963
74744	28	2853	962	963
22783	28	5442	962	963
23904	28	1413	962	963
13101	28	27653	962	963
18011	28	1257	962	963
18923	28	1833	962	963
39024	28	422	962	963
58873	28	4613	962	963
162609	28	4631	962	963
31138	28	578	962	963
19663	28	45328	962	963
62320	28	1813	962	963
17874	28	256	962	963
98843	28	79193	962	963
76203	28	1137	962	963
30297	28	74	962	963
42549	28	926	962	963
9249	28	899	962	963
15936	28	33	962	963
11574	28	79	962	963
98522	28	140596	962	963
15282	28	511	962	963
41280	28	2320	962	963
32045	28	8866	962	963
73738	28	756	962	963
9874	28	900	962	963
23989	28	295	962	963
20351	28	748	962	963
19627	28	1020	962	963
10844	28	102	962	963
25977	28	506	962	963
8361	28	83	962	963
72634	28	111	962	963
7510	28	92	962	963
10163	28	2093	962	963
27830	28	1571	962	963
18111	28	1601	962	963
33934	28	456	962	963
13913	28	19	962	963
122106	28	3700	962	963
23819	28	1395	962	963
16758	28	1862	962	963
16887	28	1908	962	963
27921	28	499	962	963
56004	28	192	962	963
36711	28	427	962	963
18919	28	7654	962	963
11294	28	1853	962	963
11062	28	748	962	963
46681	28	612	962	963
31686	28	1917	962	963
32223	28	2660	962	963
101588	28	2834	962	963
27148	28	1005	962	963
48317	28	4979	962	963
9950	28	511	962	963
20657	28	451	962	963
54391	28	65080	962	963
141105	28	1522	962	963
15378	28	2666	962	963
45012	28	1623	962	963
52014	28	10620	962	963
49363	28	825	962	963
33522	28	659	962	963
7977	28	2300	962	963
75317	28	1476	962	963
13379	28	758	962	963
6973	28	1242	962	963
40343	28	2593	962	963
11077	28	1600	962	963
66070	28	195	962	963
14350	28	4525	962	963
14018	28	1951	962	963
33474	28	3449	962	963
24920	28	595	962	963
36276	28	661	962	963
35980	28	1097	962	963
25133	28	4267	962	963
21961	28	1796	962	963
92035	28	45697	962	963
70949	28	3508	962	963
12514	28	401	962	963
15540	28	1545	962	963
13922	28	416	962	963
11998	28	4979	962	963
47397	28	1803	962	963
20598	28	2660	962	963
100681	28	2032	962	963
41927	28	2687	962	963
57219	28	129	962	963
7357	28	894	962	963
24107	28	490	962	963
61817	28	989	962	963
11474	28	1058	962	963
32390	28	3212	962	963
23749	28	366	962	963
29505	28	1600	962	963
59093	28	4533	962	963
36479	28	3676	962	963
11285	28	1829	962	963
61871	28	12845	962	963
102048	28	4440	962	963
11299	28	27	962	963
33532	28	49	962	963
49646	28	179	962	963
92161	28	679	962	963
50766	28	630	962	963
7763	28	501	962	963
20792	28	1833	962	963
15323	28	331	962	963
17172	28	239	962	963
21666	28	67	962	963
5361	28	139	962	963
8378	28	336	962	963
18271	28	490	962	963
15341	28	23	962	963
75533	28	416	962	963
50364	28	1577	962	963
19575	28	16413	962	963
29825	28	753	962	963
22427	28	456	962	963
57461	28	2007	962	963
25816	28	2802	962	963
6130	28	1813	962	963
90350	28	2050	962	963
19736	28	550	962	963
87149	28	1460	962	963
106618	28	5793	962	963
28463	28	2166	962	963
62278	28	4235	962	963
32850	28	841	962	963
22019	28	2135	962	963
26374	28	2649	962	963
27114	28	203	962	963
29142	28	3777	962	963
13589	28	428	962	963
19122	28	1924	962	963
10812	28	27	962	963
10325	28	2580	962	963
64104	28	969	962	963
7679	28	146	962	963
38729	28	12647	962	963
41812	28	37	962	963
18257	28	23	962	963
27479	28	1099	962	963
37411	28	1063	962	963
37431	28	1403	962	963
13543	28	48	962	963
10292	28	370	962	963
49314	28	516	962	963
99330	28	1728	962	963
25912	28	77	962	963
118239	28	8531	962	963
30533	28	416	962	963
68826	28	923	962	963
21138	28	897	962	963
32845	28	660	962	963
11709	28	2575	962	963
10024	28	1950	962	963
25371	28	678	962	963
79935	28	16938	962	963
14444	28	1018	962	963
7828	28	481	962	963
79947	28	4524	962	963
106881	28	570	962	963
18885	28	603	962	963
15364	28	1867	962	963
79562	28	3004	962	963
46285	28	1961	962	963
13988	28	6049	962	963
68894	28	16193	962	963
32684	28	6915	962	963
15412	28	40	962	963
62551	28	3299	962	963
106988	28	273	962	963
68929	28	3449	962	963
59341	28	1331	962	963
53489	28	16414	962	963
76124	28	7284	962	963
19240	28	904	962	963
24428	28	105	962	963
13321	28	1317	962	963
14816	28	530	962	963
16668	28	39	962	963
9690	28	105	962	963
8661	28	1700	962	963
68957	28	1061	962	963
47269	28	3615	962	963
68970	28	6560	962	963
16865	28	1813	962	963
21003	28	2697	962	963
25760	28	829	962	963
59163	28	31	962	963
92644	28	22751	962	963
37486	28	462	962	963
15151	28	967	962	963
4926	28	2697	962	963
68712	28	259	962	963
31896	28	245	962	963
19328	28	3920	962	963
48886	28	478	962	963
40427	28	1467	962	963
8038	28	1230	962	963
25005	28	1651	962	963
36592	28	1460	962	963
52266	28	568	962	963
17406	28	24521	962	963
8030	28	286	962	963
27319	28	475	962	963
98043	28	3004	962	963
75442	28	6726	962	963
27899	28	1015	962	963
38211	28	435	962	963
23782	28	485	962	963
38215	28	254	962	963
74790	28	570	962	963
64259	28	2528	962	963
92797	28	666	962	963
12697	28	637	962	963
29023	28	8955	962	963
13033	28	589	962	963
59490	28	4272	962	963
60937	28	1171	962	963
18453	28	360	962	963
102144	28	420	962	963
33006	28	87	962	963
8136	28	27	962	963
15374	28	1363	962	963
44231	28	1196	962	963
29885	28	179	962	963
24214	28	565	962	963
34602	28	2901	962	963
16375	28	79	962	963
44246	28	2236	962	963
59218	28	1185	962	963
55024	28	1557	962	963
6246	28	511	962	963
7814	28	1267	962	963
44257	28	1321	962	963
80335	28	133	962	963
142887	28	1840	962	963
10963	28	290	962	963
30294	28	1263	962	963
6241	28	331	962	963
42056	28	1457	962	963
27853	28	195	962	963
18136	28	17833	962	963
25303	28	518	962	963
67938	28	1700	962	963
17682	28	15398	962	963
51320	28	1182	962	963
80375	28	565	962	963
22668	28	1388	962	963
15065	28	66	962	963
13834	28	86	962	963
9754	28	503	962	963
8362	28	2082	962	963
17304	28	1653	962	963
9543	28	427	962	963
59524	28	1690	962	963
31993	28	20927	962	963
27194	28	1867	962	963
80440	28	2740	962	963
67006	28	1012	962	963
9085	28	696	962	963
64377	28	232	962	963
22802	28	725	962	963
10206	28	875	962	963
44321	28	3637	962	963
76286	28	628	962	963
9850	28	337	962	963
8973	28	118	962	963
73505	28	673	962	963
75928	28	2172	962	963
36051	28	900	962	963
25929	28	18334	962	963
27905	28	1400	962	963
19659	28	404	962	963
28488	28	3496	962	963
43495	28	3212	962	963
10716	28	27	962	963
31153	28	1325	962	963
21141	28	9814	962	963
14497	28	1015	962	963
37086	28	4113	962	963
12403	28	610	962	963
17805	28	1325	962	963
30295	28	2807	962	963
12024	28	6543	962	963
124322	28	1127	962	963
32116	28	922	962	963
12037	28	527	962	963
12171	28	153	962	963
11540	28	337	962	963
51437	28	1876	962	963
48979	28	1730	962	963
21322	28	293	962	963
73772	28	412	962	963
17477	28	1204	962	963
16238	28	2914	962	963
51447	28	5853	962	963
20275	28	370	962	963
50721	28	4620	962	963
80588	28	1725	962	963
80591	28	907	962	963
5443	28	89	962	963
62494	28	7098	962	963
59432	28	596	962	963
40535	28	1266	962	963
13789	28	682	962	963
18486	28	311	962	963
21216	28	69	962	963
25991	28	911	962	963
37516	28	1882	962	963
9187	28	404	962	963
18420	28	366	962	963
7645	28	275	962	963
21549	28	2335	962	963
57461	28	522	962	963
51470	28	478	962	963
9255	28	571	962	963
20873	28	1731	962	963
20702	28	1304	962	963
32032	28	3690	962	963
20973	28	482	962	963
135910	28	441	962	963
22249	28	27	962	963
24442	28	659	962	963
8507	28	715	962	963
64614	28	922	962	963
59512	28	4203	962	963
25672	28	756	962	963
28657	28	180	962	963
16173	28	1395	962	963
28688	28	4976	962	963
12451	28	121	962	963
30421	28	1837	962	963
36992	28	150	962	963
9828	28	410	962	963
24170	28	405	962	963
37346	28	1181	962	963
42566	28	5089	962	963
31394	28	1268	962	963
7625	28	147	962	963
60694	28	4809	962	963
20531	28	2802	962	963
143895	28	2179	962	963
18790	28	778	962	963
75752	28	30199	962	963
12695	28	787	962	963
19511	28	829	962	963
9747	28	900	962	963
69546	28	420	962	963
36115	28	434	962	963
11475	28	24	962	963
104101	28	18334	962	963
28336	28	321	962	963
19305	28	69	962	963
19415	28	186	962	963
8118	28	30	962	963
41127	28	1532	962	963
63116	28	5211	962	963
37049	28	4803	962	963
38429	28	3144	962	963
106787	28	1267	962	963
6214	28	1514	962	963
56633	28	1785	962	963
31940	28	343	962	963
69052	28	2053	962	963
10168	28	44	962	963
11828	28	129	962	963
9266	28	3103	962	963
80847	28	4930	962	963
59587	28	1728	962	963
33166	28	887	962	963
29260	28	1431	962	963
91665	28	1624	962	963
19270	28	1464	962	963
36248	28	1403	962	963
65434	28	696	962	963
7575	28	370	962	963
63937	28	1442	962	963
23934	28	607	962	963
32590	28	1577	962	963
32242	28	1218	962	963
28290	28	433	962	963
20857	28	3387	962	963
10246	28	2614	962	963
15712	28	1813	962	963
5069	28	511	962	963
106408	28	1234	962	963
12858	28	79	962	963
77035	28	580	962	963
24648	28	1744	962	963
11429	28	1762	962	963
86292	28	2773	962	963
10718	28	504	962	963
27870	28	321	962	963
8276	28	304	962	963
61829	28	2007	962	963
36575	28	675	962	963
28232	28	5028	962	963
13372	28	1423	962	963
5958	28	283	962	963
46255	28	1061	962	963
30134	28	421	962	963
108476	28	4581	962	963
26715	28	3151	962	963
7451	28	16	962	963
23071	28	482	962	963
44001	28	2480	962	963
107692	28	3824	962	963
40740	28	757	962	963
33496	28	546	962	963
47392	28	3287	962	963
8840	28	963	962	963
59914	28	111	962	963
13067	28	250	962	963
17587	28	354	962	963
33198	28	923	962	963
125404	28	565	962	963
8330	28	1099	962	963
55408	28	61	962	963
46752	28	1061	962	963
55333	28	1651	962	963
72301	28	1968	962	963
7263	28	46	962	963
99183	28	973	962	963
30727	28	1395	962	963
18434	28	6273	962	963
60004	28	527	962	963
26222	28	1158	962	963
61148	28	887	962	963
23751	28	319	962	963
93924	28	5630	962	963
28894	28	496	962	963
33702	28	9113	962	963
101038	28	10772	962	963
51302	28	195	962	963
80548	28	391	962	963
69750	28	1543	962	963
15548	28	73	962	963
21464	28	1589	962	963
82923	28	3949	962	963
45454	28	2051	962	963
50861	28	3489	962	963
33371	28	1153	962	963
39589	28	1556	962	963
7456	28	86	962	963
43568	28	507	962	963
38125	28	65	962	963
13233	28	1208	962	963
144892	28	623	962	963
9603	28	554	962	963
93986	28	2033	962	963
88793	28	35644	962	963
12079	28	132	962	963
56534	28	618	962	963
93991	28	2991	962	963
8850	28	985	962	963
21162	28	1242	962	963
12400	28	5481	962	963
39804	28	57771	962	963
29309	28	1529	962	963
9851	28	1116	962	963
75550	28	2040	962	963
7691	28	926	962	963
94062	28	1465	962	963
75185	28	2872	962	963
12679	28	647	962	963
11131	28	1049	962	963
17179	28	4704	962	963
28556	28	3690	962	963
44321	28	150	962	963
6693	28	416	962	963
21427	28	103	962	963
17746	28	693	962	963
48346	28	365	962	963
26178	28	77	962	963
44495	28	461	962	963
72405	28	22734	962	963
18080	28	693	962	963
16175	28	16	962	963
72304	28	635	962	963
7418	28	158	962	963
24793	28	1030	962	963
16346	28	461	962	963
27368	28	386	962	963
94125	28	1011	962	963
15763	28	2840	962	963
12938	28	1196	962	963
33653	28	703	962	963
8566	28	9028	962	963
76963	28	1557	962	963
78728	28	4157	962	963
15807	28	732	962	963
18669	28	2624	962	963
93158	28	455	962	963
4943	28	401	962	963
6986	28	1561	962	963
11564	28	74	962	963
9730	28	65	962	963
7097	28	647	962	963
15539	28	642	962	963
15351	28	215	962	963
44329	28	882	962	963
19678	28	145	962	963
14283	28	1956	962	963
34503	28	493	962	963
29521	28	15486	962	963
54276	28	3058	962	963
49438	28	676	962	963
94258	28	1052	962	963
75492	28	2802	962	963
11759	28	629	962	963
12386	28	760	962	963
11853	28	1624	962	963
34587	28	1812	962	963
45336	28	2348	962	963
28515	28	179	962	963
56126	28	234	962	963
76409	28	2577	962	963
25789	28	53	962	963
56223	28	109	962	963
96951	28	8531	962	963
28821	28	1196	962	963
57083	28	1112	962	963
30943	28	129	962	963
8068	28	537	962	963
73101	28	8436	962	963
15034	28	1097	962	963
24607	28	1519	962	963
32383	28	2278	962	963
38101	28	1730	962	963
46769	28	2353	962	963
72233	28	911	962	963
13811	28	757	962	963
49402	28	313	962	963
55046	28	1430	962	963
21197	28	634	962	963
20056	28	2024	962	963
98588	28	25841	962	963
5950	28	370	962	963
36568	28	1269	962	963
54559	28	672	962	963
61255	28	2464	962	963
109312	28	5796	962	963
10216	28	50991	962	963
18595	28	1349	962	963
22875	28	1213	962	963
43994	28	1258	962	963
18569	28	401	962	963
43998	28	36679	962	963
28467	28	257	962	963
21427	28	456	962	963
51005	28	416	962	963
66176	28	1672	962	963
32862	28	985	962	963
17599	28	995	962	963
24398	28	435	962	963
5716	28	277	962	963
101460	28	18334	962	963
25558	28	304	962	963
19331	28	265	962	963
43992	28	3690	962	963
59085	28	1507	962	963
78005	28	45328	962	963
81386	28	7636	962	963
32641	28	607	962	963
12571	28	250	962	963
24217	28	40	962	963
20747	28	623	962	963
92141	28	3059	962	963
13134	28	618	962	963
63223	28	485	962	963
26373	28	3834	962	963
27894	28	6022	962	963
23102	28	4898	962	963
79814	28	699	962	963
36002	28	1227	962	963
88007	28	3845	962	963
12409	28	52	962	963
18738	28	560	962	963
69980	28	44626	962	963
31675	28	14004	962	963
36195	28	1675	962	963
10702	28	1954	962	963
43983	28	1980	962	963
7824	28	839	962	963
6821	28	47	962	963
17995	28	1147	962	963
14836	28	370	962	963
9800	28	22	962	963
21059	28	1288	962	963
23462	28	1075	962	963
67818	28	1327	962	963
21244	28	703	962	963
10808	28	1253	962	963
9363	28	1204	962	963
49172	28	559	962	963
64182	28	5107	962	963
51332	28	1601	962	963
20765	28	427	962	963
19107	28	1329	962	963
26445	28	883	962	963
29111	28	3901	962	963
9020	28	1519	962	963
51109	28	5057	962	963
42565	28	288	962	963
31228	28	988	962	963
40652	28	3920	962	963
14523	28	129	962	963
16308	28	2159	962	963
48934	28	37310	962	963
6335	28	629	962	963
32863	28	3460	962	963
70021	28	2773	962	963
11161	28	1172	962	963
34109	28	8306	962	963
89813	28	3385	962	963
12205	28	13705	962	963
13432	28	391	962	963
48534	28	36	962	963
90450	28	2040	962	963
11448	28	70	962	963
82857	28	45	962	963
52216	28	1740	962	963
24878	28	3834	962	963
18881	28	659	962	963
81173	28	318	962	963
17228	28	205	962	963
14364	28	558	962	963
19847	28	1025	962	963
11239	28	20941	962	963
60251	28	1551	962	963
15078	28	629	962	963
49810	28	1360	962	963
10141	28	628	962	963
77998	28	1519	962	963
20875	28	2695	962	963
8337	28	158	962	963
20800	28	731	962	963
11167	28	41	962	963
40055	28	841	962	963
27681	28	1199	962	963
18733	28	1907	962	963
50514	28	2007	962	963
44216	28	56	962	963
42418	28	1199	962	963
66176	28	1360	962	963
8043	28	1374	962	963
40752	28	1227	962	963
94628	28	2899	962	963
49423	28	88	962	963
56668	28	1652	962	963
17881	28	2334	962	963
53569	28	221	962	963
13988	28	1627	962	963
31428	28	4834	962	963
10574	28	1295	962	963
56915	28	2145	962	963
66687	28	1530	962	963
22380	28	3367	962	963
55447	28	1471	962	963
17798	28	482	962	963
85351	28	1214	962	963
12689	28	499	962	963
7447	28	1035	962	963
29974	28	877	962	963
24583	28	1243	962	963
23255	28	1325	962	963
88247	28	3299	962	963
49003	28	3977	962	963
97488	28	145	962	963
18601	28	451	962	963
22326	28	369	962	963
12142	28	1275	962	963
16604	28	855	962	963
20141	28	2916	962	963
44156	28	1325	962	963
5940	28	210	962	963
60599	28	111	962	963
85754	28	2965	962	963
58427	28	478	962	963
20860	28	757	962	963
74692	28	2773	962	963
25261	28	1138	962	963
55537	28	99	962	963
8452	28	133	962	963
15009	28	461	962	963
143611	28	1388	962	963
67025	28	280	962	963
67640	28	1462	962	963
21248	28	1900	962	963
87923	28	797	962	963
19054	28	2423	962	963
97977	28	4068	962	963
34542	28	143	962	963
29003	28	1308	962	963
9140	28	126	962	963
7616	28	806	962	963
46281	28	1357	962	963
13164	28	427	962	963
25126	28	370	962	963
35797	28	27	962	963
20725	28	112	962	963
60286	28	2802	962	963
7869	28	309	962	963
44947	28	4327	962	963
23403	28	791	962	963
13053	28	2087	962	963
38347	28	725	962	963
16487	28	421	962	963
34576	28	619	962	963
12897	28	18334	962	963
7731	28	31	962	963
83721	28	3788	962	963
56133	28	1243	962	963
7147	28	66	962	963
24223	28	4113	962	963
147092	28	21358	962	963
37768	28	140	962	963
23379	28	1195	962	963
18895	28	1624	962	963
58268	28	303	962	963
81629	28	1421	962	963
7305	28	465	962	963
51454	28	485	962	963
112600	28	783	962	963
23393	28	214	962	963
13121	28	757	962	963
5156	28	597	962	963
58129	28	660	962	963
47186	28	4810	962	963
78028	28	565	962	963
33557	28	527	962	963
48900	28	5545	962	963
7620	28	16	962	963
27787	28	608	962	963
147236	28	706	962	963
13474	28	9811	962	963
33809	28	48600	962	963
17321	28	2423	962	963
15877	28	3243	962	963
26524	28	659	962	963
40053	28	1399	962	963
22736	28	722	962	963
74566	28	8078	962	963
29184	28	420	962	963
16382	28	4174	962	963
41871	28	1543	962	963
21507	28	3690	962	963
17494	28	178	962	963
36924	28	927	962	963
6871	28	46	962	963
19647	28	2007	962	963
67390	28	2593	962	963
12573	28	259	962	963
36568	28	2065	962	963
79036	28	409	962	963
54418	28	6548	962	963
14700	28	1332	962	963
64934	28	16342	962	963
51084	28	5971	962	963
7236	28	89	962	963
23635	28	2207	962	963
80738	28	1085	962	963
59151	28	3583	962	963
59791	28	2837	962	963
72998	28	18334	962	963
37106	28	2015	962	963
14467	28	3039	962	963
24896	28	1245	962	963
81689	28	56	962	963
7817	28	753	962	963
16514	28	1019	962	963
16890	28	201	962	963
7242	28	1523	962	963
6627	28	11695	962	963
92817	28	2011	962	963
7867	28	3879	962	963
16264	28	53	962	963
37946	28	1883	962	963
68536	28	5010	962	963
94117	28	9041	962	963
26349	28	379	962	963
42254	28	1617	962	963
9604	28	2082	962	963
43981	28	1404	962	963
60155	28	637	962	963
18459	28	1521	962	963
24381	28	289	962	963
23246	28	910	962	963
14496	28	70	962	963
10684	28	404	962	963
42243	28	1147	962	963
28684	28	2089	962	963
34651	28	1084	962	963
51167	28	1897	962	963
28709	28	659	962	963
104621	28	5630	962	963
24475	28	502	962	963
27900	28	1136	962	963
78189	28	17987	962	963
19981	28	1185	962	963
43546	28	13676	962	963
49150	28	2050	962	963
10277	28	298	962	963
34640	28	8198	962	963
32970	28	55	962	963
10339	28	87	962	963
50216	28	236	962	963
15697	28	446	962	963
96459	28	94717	962	963
54212	28	7372	962	963
37388	28	908	962	963
41436	28	9453	962	963
29801	28	937	962	963
44138	28	556	962	963
38250	28	988	962	963
18191	28	416	962	963
11001	28	253	962	963
11509	28	686	962	963
25109	28	1117	962	963
45171	28	7370	962	963
97018	28	527	962	963
17228	28	288	962	963
27655	28	1228	962	963
20089	28	757	962	963
104383	28	232	962	963
90380	28	29009	962	963
44280	28	411	962	963
30233	28	7391	962	963
31494	28	321	962	963
15704	28	839	962	963
55421	28	2227	962	963
39467	28	602	962	963
6583	28	81	962	963
79650	28	1666	962	963
110239	28	4403	962	963
57788	28	12988	962	963
42279	28	6915	962	963
44653	28	1325	962	963
88866	28	1405	962	963
50703	28	1009	962	963
13961	28	398	962	963
69383	28	2075	962	963
97000	28	2558	962	963
27121	28	1909	962	963
54744	28	2941	962	963
38215	28	1741	962	963
89784	28	181	962	963
100914	28	3132	962	963
32872	28	803	962	963
12424	28	634	962	963
14318	28	3676	962	963
21580	28	1435	962	963
32371	28	894	962	963
36452	28	659	962	963
24585	28	159	962	963
6487	28	223	962	963
55323	28	3385	962	963
147974	28	4676	962	963
83442	28	170807	962	963
35603	28	100	962	963
20472	28	1144	962	963
31464	28	250	962	963
61475	28	1524	962	963
11744	28	3920	962	963
49058	28	1410	962	963
65196	28	523	962	963
16166	28	678	962	963
31669	28	802	962	963
25266	28	887	962	963
28022	28	202	962	963
109259	23	110535	962	963
110535	23	109259	962	963
40364	28	2899	962	963
92544	28	253	962	963
41533	28	4373	962	963
30005	28	1314	962	963
24732	28	885	962	963
23387	28	523	962	963
54809	28	1409	962	963
33520	28	1266	962	963
128180	28	3002	962	963
15649	28	2786	962	963
38552	28	552	962	963
68183	28	4613	962	963
23900	28	660	962	963
148532	28	3268	962	963
8038	28	7474	962	963
30175	28	95	962	963
95909	28	18334	962	963
44989	28	2180	962	963
70211	28	1024	962	963
29998	28	20	962	963
16368	28	198	962	963
31358	28	1410	962	963
33006	28	117	962	963
37159	28	1325	962	963
17055	28	2007	962	963
5330	28	1161	962	963
38603	28	4809	962	963
10460	28	475	962	963
43199	28	1084	962	963
41846	28	198	962	963
51519	28	923	962	963
9216	28	1105	962	963
49391	28	416	962	963
10245	28	1091	962	963
125853	28	32019	962	963
35882	28	897	962	963
48554	28	1073	962	963
28636	28	254	962	963
41563	28	1834	962	963
55907	28	23952	962	963
79050	28	889	962	963
79966	28	1061	962	963
11039	28	474	962	963
10593	28	87	962	963
11032	28	122	962	963
18836	28	673	962	963
14195	28	1412	962	963
18445	28	42	962	963
17025	28	1959	962	963
44277	28	2695	962	963
17245	28	44	962	963
15876	28	16	962	963
7263	28	16	962	963
65949	28	1725	962	963
128351	28	2703	962	963
10530	28	331	962	963
7007	28	31	962	963
72399	28	1660	962	963
9030	28	1688	962	963
104423	28	2088	962	963
5324	28	78	962	963
7274	28	1007	962	963
69885	28	6708	962	963
59352	28	1308	962	963
90265	28	1460	962	963
12907	28	1213	962	963
108422	28	8819	962	963
51533	28	499	962	963
15253	28	366	962	963
18143	28	659	962	963
41635	28	2689	962	963
75263	28	1464	962	963
45859	28	3597	962	963
97102	28	1159	962	963
9265	28	3103	962	963
21497	28	2748	962	963
39676	28	627	962	963
80909	28	565	962	963
66968	28	787	962	963
8126	28	458	962	963
28744	28	913	962	963
148929	28	10772	962	963
20548	28	1434	962	963
18355	28	558	962	963
28691	28	2517	962	963
24658	28	105	962	963
42856	28	1058	962	963
15482	28	609	962	963
42341	28	530	962	963
19110	28	565	962	963
11712	28	648	962	963
24545	28	743	962	963
14858	28	4018	962	963
14868	28	1883	962	963
13824	28	1146	962	963
28712	28	83	962	963
28881	28	811	962	963
81753	28	1608	962	963
85645	28	64542	962	963
20462	28	85	962	963
51302	28	502	962	963
12110	28	3460	962	963
11959	28	74	962	963
28150	28	575	962	963
45777	28	4823	962	963
55862	28	83	962	963
30893	28	2689	962	963
18827	28	98723	962	963
7053	28	5615	962	963
46933	28	1532	962	963
21205	28	363	962	963
34897	28	679	962	963
87370	28	10385	962	963
126659	28	1145	962	963
33258	28	571	962	963
106145	28	565	962	963
81902	28	7083	962	963
10465	28	65	962	963
77605	28	843	962	963
95253	28	4157	962	963
59283	28	957	962	963
64226	28	570	962	963
27827	28	940	962	963
20170	28	1722	962	963
17302	28	401	962	963
12749	28	26368	962	963
21202	28	47	962	963
31209	28	597	962	963
4985	28	421	962	963
84802	28	2467	962	963
38532	28	888	962	963
43354	28	1147	962	963
12267	28	250	962	963
10355	28	1639	962	963
98478	28	703	962	963
38415	28	4018	962	963
51735	28	1651	962	963
19786	28	1053	962	963
30250	28	894	962	963
15080	28	416	962	963
15239	28	1049	962	963
91452	28	32261	962	963
51367	28	1268	962	963
82290	28	1968	962	963
38866	28	337	962	963
17612	28	971	962	963
13033	28	992	962	963
66838	28	483	962	963
9659	28	913	962	963
10702	28	38411	962	963
6182	28	557	962	963
110766	28	1023	962	963
15815	28	195	962	963
33013	28	758	962	963
34582	28	702	962	963
13652	28	680	962	963
65527	28	2480	962	963
78745	28	2423	962	963
19229	28	51	962	963
81557	28	3884	962	963
47584	28	969	962	963
48498	28	678	962	963
12725	28	662	962	963
18421	28	1812	962	963
6860	28	57	962	963
43865	28	1794	962	963
16057	28	47	962	963
73195	28	24383	962	963
14972	28	437	962	963
96119	28	2863	962	963
28208	28	1887	962	963
23190	28	154	962	963
17810	28	791	962	963
8835	28	178	962	963
95345	28	759	962	963
55176	28	123	962	963
31065	28	2145	962	963
63320	28	2745	962	963
107079	28	2992	962	963
31765	28	25627	962	963
23636	28	354	962	963
13692	28	620	962	963
37543	28	219	962	963
63919	28	3326	962	963
63523	28	495	962	963
15816	28	1871	962	963
81970	28	181	962	963
33397	28	83	962	963
20911	28	155	962	963
15745	28	333	962	963
32582	28	3999	962	963
49683	28	2452	962	963
55935	28	45076	962	963
106329	28	659	962	963
27676	28	33	962	963
29151	28	1231	962	963
110924	28	3496	962	963
12885	28	1262	962	963
40363	28	117	962	963
70015	28	11695	962	963
67375	28	136	962	963
15753	28	88	962	963
53262	28	888	962	963
16171	28	1153	962	963
12516	28	725	962	963
59963	28	1360	962	963
9263	28	596	962	963
12173	28	1909	962	963
28632	28	330	962	963
15655	28	718	962	963
35975	28	14426	962	963
23673	28	2185	962	963
8751	28	1237	962	963
22451	28	1159	962	963
76509	28	1709	962	963
27720	28	482	962	963
10095	28	830	962	963
13945	28	1545	962	963
75881	28	357	962	963
9250	28	31	962	963
88247	28	198	962	963
62825	28	15494	962	963
81900	28	38264	962	963
73663	28	5630	962	963
6115	28	1950	962	963
25770	28	994	962	963
59527	28	1164	962	963
13809	28	402	962	963
8930	28	1730	962	963
23217	28	364	962	963
43947	28	674	962	963
51854	28	580	962	963
94664	28	273	962	963
24213	28	465	962	963
8543	28	58	962	963
79345	28	28393	962	963
58285	28	4525	962	963
17650	28	181	962	963
9272	28	1731	962	963
13103	28	74	962	963
22610	28	406	962	963
15273	28	532	962	963
87971	28	971	962	963
51346	28	77	962	963
49917	28	391	962	963
10595	28	235	962	963
77722	28	3177	962	963
9612	28	347	962	963
34527	28	386	962	963
93947	28	483	962	963
91824	28	3414	962	963
10490	28	1204	962	963
26260	28	1607	962	963
27921	28	198	962	963
24917	28	354	962	963
20393	28	791	962	963
36906	28	1412	962	963
39666	28	178	962	963
57414	28	242	962	963
72667	28	1430	962	963
26469	28	1614	962	963
30997	28	1479	962	963
65182	28	5107	962	963
48664	28	1435	962	963
32953	28	1867	962	963
65826	28	1788	962	963
37747	28	46726	962	963
62106	28	478	962	963
79762	28	81763	962	963
7704	28	134	962	963
36709	28	3690	962	963
72736	28	2914	962	963
9990	28	388	962	963
5707	28	186	962	963
11897	28	52	962	963
15603	28	1812	962	963
57476	28	3387	962	963
12779	28	1293	962	963
55100	28	248	962	963
5300	28	1640	962	963
57803	28	4051	962	963
7070	28	175	962	963
22273	28	1308	962	963
8079	28	2662	962	963
91636	28	1747	962	963
19683	28	925	962	963
33225	28	3690	962	963
7189	28	1456	962	963
10161	28	1755	962	963
94684	28	1084	962	963
23740	28	1399	962	963
22953	28	791	962	963
15915	28	1280	962	963
25246	28	66	962	963
29046	28	502	962	963
14624	28	2423	962	963
33731	28	883	962	963
89994	28	2336	962	963
41017	28	36	962	963
67382	28	603	962	963
27334	28	748	962	963
12606	28	111	962	963
56569	28	1614	962	963
32985	28	829	962	963
106786	28	680	962	963
14228	28	1741	962	963
126529	28	1682	962	963
21020	28	156	962	963
33784	28	236	962	963
71177	28	1099	962	963
5975	28	139	962	963
19312	28	1523	962	963
97221	28	3681	962	963
47395	28	1105	962	963
74985	28	742	962	963
17165	28	568	962	963
57737	28	2583	962	963
95116	28	18653	962	963
36631	28	81	962	963
26023	28	1682	962	963
24466	28	1466	962	963
91335	28	3884	962	963
7048	28	344	962	963
7806	28	416	962	963
81382	28	10792	962	963
51420	28	18145	962	963
26173	28	922	962	963
79237	28	3173	962	963
29779	28	381	962	963
125899	28	2478	962	963
16996	28	144	962	963
9021	28	85	962	963
28698	28	55311	962	963
10026	28	481	962	963
7099	28	298	962	963
19405	28	1043	962	963
80289	28	430	962	963
46235	28	416	962	963
7504	28	2475	962	963
