15082	28	643	961	963
18639	28	1172	961	963
14504	28	319	961	963
79602	28	1164	961	963
91094	28	1296	961	963
21822	28	160	961	963
57332	28	6154	961	963
6636	28	1506	961	963
26816	28	693	961	963
46436	28	1607	961	963
9884	28	304	961	963
41248	28	1404	961	963
92226	28	159	961	963
8231	28	40	961	963
59165	28	58091	961	963
11841	28	1253	961	963
6102	28	1190	961	963
58257	28	3435	961	963
14852	28	66	961	963
43164	28	214	961	963
30340	28	496	961	963
24904	28	1232	961	963
21447	28	2849	961	963
44044	28	263	961	963
44067	28	118	961	963
18419	28	8163	961	963
11156	28	124	961	963
20370	28	988	961	963
49458	28	52	961	963
9240	28	1627	961	963
7114	28	245	961	963
32915	28	235	961	963
32925	28	27093	961	963
17403	28	1139	961	963
39267	28	1276	961	963
92536	28	17038	961	963
15684	28	241	961	963
12593	28	109	961	963
92572	28	3410	961	963
73511	28	1388	961	963
37626	28	2338	961	963
38784	28	924	961	963
19035	28	2994	961	963
9375	28	179	961	963
27844	28	2748	961	963
80020	28	3886	961	963
107112	28	1763	961	963
54457	28	583	961	963
123507	28	409	961	963
9159	28	560	961	963
11641	28	122	961	963
26120	28	994	961	963
15172	28	883	961	963
19440	28	922	961	963
123609	28	154	961	963
41147	28	712	961	963
41808	28	2336	961	963
72763	28	1175	961	963
22396	28	39218	961	963
27520	28	598	961	963
32263	28	1097	961	963
8099	28	1410	961	963
104725	28	4631	961	963
31467	28	236	961	963
8681	28	18145	961	963
19622	28	732	961	963
78422	28	175	961	963
96815	28	4284	961	963
92209	28	235	961	963
19069	28	1020	961	963
32185	28	740	961	963
13947	28	501	961	963
20523	28	1722	961	963
79976	28	7876	961	963
27319	28	885	961	963
11589	28	1333	961	963
21456	28	1923	961	963
10576	28	366	961	963
15519	28	506	961	963
93148	28	618	961	963
31874	28	476	961	963
13751	28	1968	961	963
10546	28	89	961	963
48773	28	2456	961	963
10749	28	233	961	963
11643	28	937	961	963
69311	28	30339	961	963
51128	28	837	961	963
79801	28	379	961	963
143502	28	3810	961	963
17164	28	154	961	963
56680	28	13912	961	963
61323	28	2179	961	963
12519	28	574	961	963
24481	28	406	961	963
14708	28	910	961	963
92224	28	3075	961	963
18776	28	1092	961	963
24614	28	542	961	963
51403	28	36469	961	963
41205	28	450	961	963
4848	28	272	961	963
8621	28	64	961	963
37359	28	3731	961	963
18318	28	1074	961	963
89567	28	1127	961	963
84708	28	2854	961	963
98132	28	848	961	963
41161	28	370	961	963
91681	28	2257	961	963
27577	28	1314	961	963
15658	28	725	961	963
14880	28	481	961	963
47430	28	14998	961	963
47231	28	20481	961	963
40483	28	973	961	963
38866	28	152	961	963
31896	28	970	961	963
5006	28	637	961	963
20597	28	274	961	963
11308	28	65	961	963
41957	28	1152	961	963
142600	28	125040	961	963
62021	28	2348	961	963
87859	28	2479	961	963
61992	28	1107	961	963
14125	28	203	961	963
21998	28	20685	961	963
102196	28	351	961	963
20480	28	6143	961	963
43491	28	1383	961	963
24626	28	23	961	963
22683	28	255	961	963
44498	28	1288	961	963
22172	28	703	961	963
51536	28	574	961	963
18181	28	3199	961	963
10582	28	74	961	963
22483	28	9129	961	963
13423	28	1607	961	963
14416	28	144	961	963
24659	28	2150	961	963
20635	28	293	961	963
15255	28	748	961	963
68640	28	1056	961	963
15691	28	170	961	963
8812	28	310	961	963
8619	28	281	961	963
47379	28	1665	961	963
21239	28	1088	961	963
56803	28	1803	961	963
8116	28	294	961	963
22403	28	1181	961	963
52833	28	319	961	963
15616	28	397	961	963
56567	28	1329	961	963
17008	28	2720	961	963
80845	28	1193	961	963
57764	28	619	961	963
99104	28	2589	961	963
63566	28	69792	961	963
41103	28	358	961	963
63177	28	2972	961	963
8451	28	723	961	963
4842	28	215	961	963
51689	28	265	961	963
28694	28	142	961	963
8210	28	33	961	963
47674	28	1294	961	963
115963	28	3794	961	963
27488	28	808	961	963
11972	28	46	961	963
69232	28	5855	961	963
11084	28	58	961	963
8808	28	39	961	963
31815	28	596	961	963
9352	28	256	961	963
11789	28	617	961	963
19640	28	2093	961	963
6119	28	160	961	963
16831	28	1249	961	963
40977	28	1664	961	963
45682	28	31	961	963
58225	28	133	961	963
7617	28	147	961	963
8047	28	81	961	963
23423	28	649	961	963
26481	28	596	961	963
126137	28	1234	961	963
10930	28	716	961	963
55968	28	292	961	963
15204	28	144	961	963
38535	28	254	961	963
126162	28	6726	961	963
6462	28	77	961	963
29264	28	1048	961	963
48584	28	3405	961	963
15417	28	74	961	963
25094	28	132	961	963
99741	28	1780	961	963
51276	28	1803	961	963
73258	28	5043	961	963
27750	28	598	961	963
61239	28	14617	961	963
41584	28	18789	961	963
82730	28	244	961	963
59270	28	57	961	963
27889	28	975	961	963
61122	28	1541	961	963
38137	28	516	961	963
9492	28	591	961	963
107784	16	94509	961	963
47813	28	3936	961	963
12604	28	1577	961	963
51168	28	15927	961	963
12439	28	290	961	963
68958	28	555	961	963
6794	28	1666	961	963
30194	28	1402	961	963
41995	28	18363	961	963
14419	28	4614	961	963
17273	28	759	961	963
8220	28	787	961	963
143995	28	261	961	963
59325	28	273	961	963
13508	28	45	961	963
12703	28	1090	961	963
42884	28	1357	961	963
15791	28	2503	961	963
12701	28	502	961	963
69133	28	535	961	963
16034	28	587	961	963
18123	28	441	961	963
47427	28	121	961	963
10727	28	1840	961	963
38238	28	181	961	963
13194	28	354	961	963
34159	28	4971	961	963
57589	28	1931	961	963
17731	28	265	961	963
94027	28	461	961	963
13776	28	911	961	963
10058	28	175	961	963
53098	28	74	961	963
80416	28	1206	961	963
20283	28	554	961	963
31539	28	580	961	963
58049	28	3739	961	963
26644	28	3004	961	963
11093	28	27	961	963
119008	28	2972	961	963
11995	28	475	961	963
9774	28	104	961	963
11326	28	830	961	963
20361	28	1222	961	963
72169	28	4429	961	963
8123	28	250	961	963
81576	28	951	961	963
27575	28	548	961	963
30393	28	2363	961	963
6855	28	57	961	963
11258	28	16	961	963
106632	28	3700	961	963
80936	28	2687	961	963
14440	28	303	961	963
51932	28	437	961	963
14259	28	321	961	963
20177	28	369	961	963
34222	28	114	961	963
40704	28	228	961	963
23338	28	731	961	963
8329	28	1035	961	963
7868	28	4474	961	963
21688	28	28	961	963
20090	28	159	961	963
69467	28	614	961	963
65242	28	4113	961	963
59766	28	368	961	963
31437	28	263	961	963
59307	28	1650	961	963
56462	28	210	961	963
99037	28	83	961	963
26208	28	2145	961	963
78211	28	1652	961	963
18493	28	1551	961	963
18397	28	417	961	963
70822	28	653	961	963
37129	28	575	961	963
31811	28	453	961	963
10896	28	228	961	963
13468	28	5615	961	963
31212	28	8678	961	963
7922	28	398	961	963
9990	28	1293	961	963
26947	28	146	961	963
42937	28	1293	961	963
36827	28	19	961	963
44271	28	216	961	963
15408	28	191	961	963
18094	28	909	961	963
17090	28	109	961	963
23185	28	238	961	963
68975	28	2563	961	963
44932	28	162	961	963
48887	28	1471	961	963
31752	28	332	961	963
30926	28	1840	961	963
55177	28	2263	961	963
21120	28	1005	961	963
19701	28	82	961	963
38478	28	2223	961	963
11431	28	150	961	963
32146	28	98	961	963
12566	28	696	961	963
8398	28	2875	961	963
25096	28	693	961	963
38968	28	1965	961	963
45290	28	2843	961	963
51117	28	970	961	963
33205	28	45	961	963
14931	28	710	961	963
14157	28	248	961	963
19377	28	609	961	963
81131	28	1164	961	963
101940	28	1576	961	963
25422	28	493	961	963
16340	28	255	961	963
38324	28	715	961	963
76830	28	3027	961	963
10658	28	370	961	963
102957	28	2712	961	963
33193	28	54	961	963
29385	28	5476	961	963
11162	28	206	961	963
16084	28	38	961	963
39272	28	1360	961	963
12712	28	95	961	963
56366	28	666	961	963
10670	28	149	961	963
36697	28	973	961	963
13674	28	1233	961	963
60102	28	330	961	963
10313	28	1635	961	963
33034	28	245	961	963
12424	28	574	961	963
33750	28	47	961	963
15841	28	139	961	963
27072	28	839	961	963
25649	28	1012	961	963
25953	28	4779	961	963
55338	28	2576	961	963
69874	28	587	961	963
12343	28	27	961	963
19361	28	1751	961	963
14844	28	129	961	963
9363	28	158	961	963
69120	28	516	961	963
82951	28	7151	961	963
17175	28	156	961	963
30323	28	693	961	963
110740	28	3387	961	963
19953	28	1331	961	963
21495	28	255	961	963
21374	28	1413	961	963
44675	28	1258	961	963
109165	28	1008	961	963
53694	28	2227	961	963
30124	28	1150	961	963
11593	28	442	961	963
18717	28	1231	961	963
109483	28	948	961	963
47201	28	2394	961	963
13225	28	1380	961	963
53098	28	1909	961	963
16489	28	1266	961	963
25050	28	1519	961	963
7662	28	405	961	963
38407	28	1864	961	963
24522	28	281	961	963
20563	28	355	961	963
10507	28	27	961	963
72273	28	95	961	963
32093	28	2984	961	963
31186	28	546	961	963
15195	28	2795	961	963
87149	28	83	961	963
30948	28	1649	961	963
42434	28	2109	961	963
25548	28	1345	961	963
8941	28	2576	961	963
88699	28	71212	961	963
26771	28	141	961	963
27357	28	251	961	963
24588	28	36	961	963
128864	28	3132	961	963
39664	28	630	961	963
54750	28	1136	961	963
60406	28	1747	961	963
20902	28	442	961	963
7640	28	64	961	963
26334	28	434	961	963
25363	28	1280	961	963
7635	28	573	961	963
33036	28	293	961	963
11840	28	101	961	963
23722	28	139	961	963
15506	28	398	961	963
149900	28	44698	961	963
26646	28	411	961	963
25236	28	1465	961	963
19887	28	653	961	963
34645	28	159	961	963
8691	28	490	961	963
58185	28	6726	961	963
111064	28	882	961	963
12905	28	896	961	963
77310	28	610	961	963
34596	28	973	961	963
14880	28	720	961	963
21140	28	1050	961	963
57430	28	1850	961	963
120782	28	1053	961	963
10742	28	573	961	963
44230	28	63	961	963
35181	28	1121	961	963
20105	28	940	961	963
101541	28	2592	961	963
24100	28	99	961	963
32012	28	922	961	963
70344	28	1007	961	963
6675	28	134	961	963
13591	28	1358	961	963
29622	28	177	961	963
14529	28	262	961	963
6174	28	1359	961	963
52534	28	2040	961	963
45770	28	1512	961	963
54862	28	1185	961	963
36636	28	1192	961	963
42664	28	505	961	963
64446	28	718	961	963
43331	28	85	961	963
30789	28	140	961	963
16872	28	710	961	963
41561	28	1231	961	963
22499	28	485	961	963
120991	28	83	961	963
80841	28	592	961	963
27904	28	981	961	963
72590	28	1980	961	963
5216	28	1778	961	963
91865	28	122	961	963
52717	28	2740	961	963
12368	28	1238	961	963
12789	28	119	961	963
67827	28	1335	961	963
11498	28	616	961	963
51076	28	1519	961	963
20990	28	1556	961	963
111303	28	15862	961	963
56093	28	53	961	963
72549	28	2662	961	963
13973	28	784	961	963
84657	28	2330	961	963
41491	28	2011	961	963
16245	28	1296	961	963
106618	28	1010	961	963
35173	28	770	961	963
68905	28	16565	961	963
39644	28	122	961	963
50145	28	1395	961	963
110253	28	129	961	963
14537	28	11056	961	963
21596	28	141	961	963
77362	28	244	961	963
23258	28	1840	961	963
17547	28	3073	961	963
8191	28	672	961	963
42025	28	2475	961	963
77616	28	400	961	963
88402	28	1896	961	963
65023	28	2150	961	963
16919	28	1190	961	963
27673	28	58	961	963
8485	28	388	961	963
35738	28	442	961	963
75057	28	420	961	963
38542	28	1345	961	963
17464	28	387	961	963
40686	28	236	961	963
79791	28	565	961	963
112055	23	36324	961	963
52630	28	975	961	963
18478	28	610	961	963
51549	28	1400	961	963
14812	28	259	961	963
35878	28	612	961	963
42146	28	1280	961	963
8129	28	78	961	963
24528	28	215	961	963
8259	28	1190	961	963
26549	28	792	961	963
27528	28	1061	961	963
108835	28	1623	961	963
9385	28	1492	961	963
16255	28	657	961	963
77931	28	62675	961	963
21689	28	178	961	963
35541	28	1321	961	963
43615	28	3004	961	963
27536	28	703	961	963
16282	28	120	961	963
17564	28	505	961	963
51964	28	9041	961	963
16302	28	150	961	963
21432	28	1296	961	963
15162	28	905	961	963
12152	28	269	961	963
52406	28	1557	961	963
13739	28	162	961	963
98666	28	1288	961	963
19246	28	1831	961	963
8365	28	676	961	963
6184	28	1712	961	963
10763	28	3777	961	963
19496	28	3074	961	963
19674	28	40	961	963
47746	28	6726	961	963
81896	28	318	961	963
28836	28	516	961	963
20915	28	255	961	963
38506	28	1082	961	963
24010	28	471	961	963
23061	28	963	961	963
105977	28	619	961	963
24776	28	463	961	963
36245	28	30	961	963
148480	28	8523	961	963
32948	28	350	961	963
21878	28	1950	961	963
26223	28	45	961	963
14051	28	696	961	963
9799	28	177	961	963
11843	28	740	961	963
101687	28	1283	961	963
23985	28	1828	961	963
19280	28	953	961	963
30865	28	1961	961	963
24567	28	1308	961	963
19874	28	2682	961	963
26986	28	1163	961	963
26874	28	478	961	963
78267	28	3488	961	963
13099	28	620	961	963
8241	28	984	961	963
80034	28	1083	961	963
15106	28	36	961	963
19492	28	141	961	963
24323	28	1617	961	963
31158	28	1650	961	963
8929	28	27	961	963
12330	28	423	961	963
95123	28	2479	961	963
31187	28	598	961	963
22744	28	193	961	963
76960	28	1370	961	963
9287	28	630	961	963
51991	28	118	961	963
70697	28	3245	961	963
19366	28	435	961	963
15328	28	1035	961	963
10328	28	2068	961	963
24090	28	837	961	963
95525	28	1296	961	963
19347	28	34	961	963
7132	28	437	961	963
29152	28	11132	961	963
20395	28	427	961	963
176803	28	2179	961	963
38207	28	696	961	963
28026	28	1192	961	963
34334	28	2851	961	963
19177	28	180	961	963
13805	28	922	961	963
24993	28	69	961	963
16289	28	3836	961	963
111663	28	2534	961	963
42638	28	273	961	963
66721	28	2338	961	963
24614	28	276	961	963
38183	28	2972	961	963
13884	28	1025	961	963
6013	28	597	961	963
12394	28	153	961	963
120273	28	5009	961	963
17753	28	796	961	963
27250	28	2728	961	963
111684	28	2179	961	963
6282	28	1633	961	963
22314	28	235	961	963
11164	28	66	961	963
38143	28	142	961	963
38220	28	1230	961	963
6722	28	224	961	963
19841	28	1644	961	963
47160	28	1325	961	963
14892	28	398	961	963
70817	28	1956	961	963
59773	28	671	961	963
20705	28	1803	961	963
95693	28	4472	961	963
27999	28	222	961	963
23549	28	1666	961	963
42224	28	843	961	963
25078	28	3268	961	963
37638	28	1317	961	963
92226	28	1388	961	963
93876	28	8632	961	963
26100	28	1634	961	963
100306	28	1152	961	963
69417	28	74702	961	963
21258	28	195	961	963
81462	28	2479	961	963
95184	28	1060	961	963
9500	28	5740	961	963
5776	28	38	961	963
37256	28	676	961	963
8494	28	134	961	963
49330	28	10190	961	963
94171	28	14388	961	963
10822	28	657	961	963
21681	28	82	961	963
25171	28	266	961	963
38024	28	536	961	963
74779	28	1915	961	963
49052	28	8078	961	963
10803	28	1011	961	963
30146	28	568	961	963
20718	28	1882	961	963
55840	28	1527	961	963
11825	28	228	961	963
20516	28	1312	961	963
5529	28	89	961	963
23288	28	275	961	963
39495	28	506	961	963
24211	28	627	961	963
44935	28	911	961	963
11738	28	1945	961	963
20961	28	61	961	963
12581	28	866	961	963
29964	28	318	961	963
149725	28	1199	961	963
10970	28	186	961	963
88300	28	4676	961	963
30851	28	123	961	963
17145	28	411	961	963
91090	28	2227	961	963
35377	28	746	961	963
7447	28	174	961	963
21558	28	525	961	963
9753	28	516	961	963
61168	28	24383	961	963
29373	28	177	961	963
15304	28	490	961	963
17949	28	2956	961	963
13137	28	27	961	963
27884	28	5283	961	963
38876	28	1598	961	963
81562	28	24268	961	963
31289	28	423	961	963
93000	28	1182	961	963
7079	28	421	961	963
23245	28	18009	961	963
7770	28	2752	961	963
11717	28	1442	961	963
19860	28	1551	961	963
6237	28	107	961	963
81689	28	136	961	963
126264	28	1623	961	963
51473	28	826	961	963
51914	28	434	961	963
7320	28	401	961	963
83368	28	36	961	963
76822	28	268	961	963
22614	28	363	961	963
19030	28	7224	961	963
14196	28	2569	961	963
9524	28	1556	961	963
11921	28	1190	961	963
23556	28	829	961	963
26892	28	753	961	963
30951	28	1655	961	963
16539	28	5606	961	963
26489	28	60	961	963
100611	28	2849	961	963
16975	28	168	961	963
58041	28	491	961	963
74302	28	235	961	963
18601	28	57	961	963
21583	28	111	961	963
90498	28	1130	961	963
67082	28	90790	961	963
94024	28	1623	961	963
31519	28	469	961	963
71559	28	1172	961	963
13931	28	63	961	963
81553	28	972	961	963
20621	28	1980	961	963
26258	28	168	961	963
48693	28	2335	961	963
9902	28	598	961	963
8605	28	110	961	963
81293	28	749	961	963
28948	28	582	961	963
27050	28	1199	961	963
22612	28	4048	961	963
115559	28	231	961	963
10400	28	126	961	963
52491	28	1015	961	963
110222	28	949	961	963
46753	28	1751	961	963
30941	28	104	961	963
33927	28	5047	961	963
95643	28	901	961	963
17472	28	1165	961	963
35988	28	583	961	963
83182	28	4011	961	963
6303	28	435	961	963
63527	28	1993	961	963
8643	28	61	961	963
18002	28	118	961	963
100365	28	33999	961	963
16420	28	384	961	963
128535	28	261	961	963
60410	28	1238	961	963
89263	28	676	961	963
46121	28	1074	961	963
58237	28	4917	961	963
39138	28	325	961	963
27627	28	275	961	963
5449	28	872	961	963
20036	28	881	961	963
36436	28	1308	961	963
53061	28	1465	961	963
20379	28	872	961	963
14631	28	718	961	963
89980	28	455	961	963
77284	28	1308	961	963
35843	28	612	961	963
33523	28	132	961	963
92400	28	2569	961	963
65699	28	1027	961	963
14019	28	174	961	963
31513	28	965	961	963
28842	28	914	961	963
95742	28	129	961	963
24429	28	280	961	963
9655	28	48	961	963
104548	28	742	961	963
23235	28	627	961	963
95141	28	995	961	963
23026	28	422	961	963
127727	28	951	961	963
38182	28	6093	961	963
28672	28	1607	961	963
82244	28	261	961	963
76205	28	647	961	963
25940	28	1266	961	963
21653	28	120	961	963
22836	28	103	961	963
71500	28	696	961	963
19548	28	2125	961	963
28777	28	325	961	963
19770	28	1752	961	963
16264	28	19	961	963
48973	28	161	961	963
11078	28	629	961	963
36224	28	140	961	963
87330	28	1234	961	963
6215	28	239	961	963
37131	28	3403	961	963
84241	28	931	961	963
47853	28	210	961	963
76002	28	3778	961	963
15635	28	1329	961	963
48485	28	3793	961	963
15044	28	28	961	963
47094	28	1726	961	963
61869	28	146	961	963
9763	28	696	961	963
35628	28	213	961	963
107736	28	3245	961	963
18949	28	215	961	963
19748	28	282	961	963
28722	28	387	961	963
51921	28	1296	961	963
7666	28	2740	961	963
31639	28	58	961	963
94202	28	233	961	963
11384	28	2085	961	963
20739	28	2198	961	963
18366	28	94141	961	963
12700	28	610	961	963
54366	28	159	961	963
72643	28	4059	961	963
108768	28	718	961	963
54920	28	1234	961	963
18733	28	1948	961	963
9313	28	971	961	963
38098	28	6726	961	963
105576	28	2140	961	963
94543	28	390	961	963
74973	28	1359	961	963
5705	28	1830	961	963
59224	28	1057	961	963
12120	28	846	961	963
95605	28	3129	961	963
12482	28	37	961	963
23950	28	23	961	963
10640	28	1073	961	963
12015	28	19949	961	963
9706	28	1368	961	963
30110	28	353	961	963
40220	28	1981	961	963
19500	28	451	961	963
68011	28	445	961	963
38979	28	1013	961	963
45227	28	1945	961	963
44726	28	280	961	963
31264	28	388	961	963
21898	28	3354	961	963
13207	28	2068	961	963
30232	28	4235	961	963
75074	28	315	961	963
8763	28	632	961	963
22907	28	11845	961	963
154590	28	5855	961	963
32109	28	855	961	963
15809	28	404	961	963
74355	28	2280	961	963
50932	28	14617	961	963
25547	28	79	961	963
14866	28	380	961	963
35310	28	992	961	963
20168	28	595	961	963
94406	28	5855	961	963
120715	28	3702	961	963
32958	28	20	961	963
37321	28	572	961	963
33110	28	839	961	963
10831	28	19	961	963
27436	28	850	961	963
13248	28	325	961	963
33020	28	174	961	963
44617	28	5740	961	963
34260	28	231	961	963
58784	28	404	961	963
60642	28	1405	961	963
56092	28	17438	961	963
34428	28	161	961	963
7007	28	40	961	963
79679	28	911	961	963
33126	28	39	961	963
61835	28	1053	961	963
53141	28	1730	961	963
27457	28	910	961	963
44448	28	267	961	963
33149	28	6154	961	963
8346	28	837	961	963
26904	28	1288	961	963
43549	28	3354	961	963
12413	28	2338	961	963
42454	28	159	961	963
16165	28	325	961	963
19627	28	786	961	963
8800	28	1410	961	963
154407	28	436	961	963
65761	28	234	961	963
9140	28	31	961	963
42128	28	366	961	963
55939	28	307	961	963
21125	28	101	961	963
25594	28	1035	961	963
33518	28	2293	961	963
5099	28	33	961	963
26300	28	627	961	963
74700	28	42	961	963
23885	28	1368	961	963
20181	28	195	961	963
14579	28	1112	961	963
52989	28	53	961	963
39440	28	5476	961	963
6616	28	178	961	963
26169	28	331	961	963
29879	28	307	961	963
16851	28	92	961	963
67262	28	48849	961	963
17584	28	699	961	963
57983	28	1154	961	963
79151	28	4729	961	963
66909	28	4614	961	963
81811	28	2534	961	963
66684	28	423	961	963
16270	28	181	961	963
133243	28	1397	961	963
57458	28	2228	961	963
35544	28	269	961	963
58037	28	3004	961	963
46480	28	446	961	963
40483	28	1223	961	963
9103	28	469	961	963
19239	28	799	961	963
15379	28	678	961	963
107138	28	2901	961	963
12252	28	291	961	963
54764	28	967	961	963
7973	28	757	961	963
95659	28	31932	961	963
33540	28	1951	961	963
8983	28	571	961	963
14266	28	266	961	963
43885	28	3287	961	963
16242	28	30	961	963
76030	28	1294	961	963
66651	28	848	961	963
11166	28	239	961	963
38610	28	1629	961	963
42227	28	123101	961	963
49815	28	66	961	963
43231	28	3658	961	963
28478	28	1643	961	963
24103	28	615	961	963
46154	28	839	961	963
60418	28	6581	961	963
113778	28	315	961	963
17370	28	87	961	963
51828	28	45	961	963
81956	28	1595	961	963
14653	28	8115	961	963
12384	28	1367	961	963
23075	28	1228	961	963
27161	28	885	961	963
60430	28	1656	961	963
13716	28	1093	961	963
67859	28	2479	961	963
32950	28	121	961	963
12259	28	80	961	963
97409	28	4579	961	963
34748	28	51	961	963
52423	28	354	961	963
110436	28	293	961	963
13095	28	280	961	963
66113	28	247	961	963
13731	28	839	961	963
30027	28	37	961	963
51156	28	281	961	963
36931	28	159	961	963
75803	28	1421	961	963
25346	28	191	961	963
10094	28	5615	961	963
26953	28	904	961	963
70321	28	901	961	963
119720	28	7895	961	963
20029	28	355	961	963
7579	28	179	961	963
19518	28	712	961	963
27544	28	1150	961	963
15346	28	280	961	963
6628	28	80	961	963
79413	28	702	961	963
21140	28	143	961	963
104979	28	5800	961	963
12851	28	3815	961	963
100411	28	1834	961	963
55160	28	21243	961	963
23237	28	1492	961	963
11713	28	57	961	963
79145	28	5479	961	963
120780	28	8057	961	963
21045	28	120	961	963
17840	28	1208	961	963
19631	28	433	961	963
13485	28	597	961	963
31676	28	192	961	963
8141	28	1519	961	963
13629	28	1299	961	963
56561	28	1093	961	963
12116	28	673	961	963
19906	28	725	961	963
18271	28	169	961	963
16182	28	121	961	963
28730	28	224	961	963
14360	28	4979	961	963
10896	28	702	961	963
25213	28	1289	961	963
12487	28	155	961	963
16559	28	476	961	963
11662	28	275	961	963
54438	28	3103	961	963
14996	28	550	961	963
80189	28	725	961	963
37404	28	181	961	963
65819	28	2592	961	963
8378	28	1404	961	963
9271	28	328	961	963
111819	28	8115	961	963
43638	28	220	961	963
53524	28	2131	961	963
41974	28	353	961	963
6785	28	332	961	963
88592	28	24845	961	963
37407	28	2353	961	963
19640	28	795	961	963
4322	28	401	961	963
12397	28	1476	961	963
45614	28	2997	961	963
19263	28	1551	961	963
10163	28	292	961	963
13529	28	1734	961	963
26980	28	280	961	963
65073	28	461	961	963
93353	28	1367	961	963
89187	28	1266	961	963
20651	28	1357	961	963
22663	28	1907	961	963
12689	28	1033	961	963
29190	28	919	961	963
24677	28	1170	961	963
13315	28	175	961	963
20597	28	195	961	963
102757	28	623	961	963
75079	28	2835	961	963
31514	28	1840	961	963
51971	28	877	961	963
83496	28	28141	961	963
31881	28	5047	961	963
155425	28	501	961	963
59163	28	69	961	963
19209	28	3645	961	963
28161	28	964	961	963
15094	28	429	961	963
76383	28	203	961	963
62083	28	199	961	963
70822	28	2150	961	963
24449	28	145	961	963
17718	28	162	961	963
51489	28	402	961	963
19302	28	1475	961	963
95661	28	3129	961	963
90471	28	1660	961	963
12748	28	23	961	963
11026	28	1139	961	963
12570	28	972	961	963
25067	28	926	961	963
13906	28	610	961	963
52231	28	3867	961	963
13991	28	20760	961	963
62522	28	3396	961	963
31404	28	1097	961	963
13601	28	1945	961	963
7800	28	112	961	963
26962	28	1390	961	963
12478	28	47	961	963
11452	28	533	961	963
12709	28	720	961	963
33542	28	1336	961	963
16590	28	911	961	963
17570	28	1961	961	963
106729	28	5385	961	963
55010	28	931	961	963
44437	28	234	961	963
67175	28	313	961	963
5473	28	1359	961	963
19385	28	211	961	963
21548	28	319	961	963
58944	28	238	961	963
19332	28	832	961	963
12205	28	2475	961	963
7197	28	101	961	963
38459	28	81	961	963
32757	28	1725	961	963
36059	28	1467	961	963
32879	28	1070	961	963
60024	28	2150	961	963
77421	28	2766	961	963
7155	28	829	961	963
47059	28	506	961	963
8359	28	291	961	963
143571	28	4429	961	963
128895	28	70070	961	963
35890	28	740	961	963
81237	28	2785	961	963
22836	28	456	961	963
78607	28	1357	961	963
16221	28	751	961	963
66124	28	515	961	963
15187	28	973	961	963
22936	28	1633	961	963
16234	28	85	961	963
27235	28	1562	961	963
9195	28	331	961	963
11468	28	746	961	963
20171	28	245	961	963
52328	28	420	961	963
47449	28	135	961	963
46654	28	162	961	963
24040	28	537	961	963
152359	28	669	961	963
13296	28	388	961	963
12864	28	596	961	963
28670	28	799	961	963
20103	28	1312	961	963
22813	28	28	961	963
11979	28	44	961	963
49985	28	1651	961	963
126881	28	1460	961	963
27722	28	3606	961	963
37033	28	1030	961	963
149305	28	1018	961	963
95820	28	1948	961	964
52036	28	3452	961	964
14271	28	1289	961	964
52222	28	1179	961	964
11342	28	303	961	964
14429	28	615	961	964
29159	28	250	961	964
18901	28	4379	961	964
4526	28	2292	961	964
16615	28	1397	961	964
45489	28	2528	961	964
22126	28	699	961	964
33934	28	103	961	964
34022	28	524	961	964
25517	28	43	961	964
83304	28	61620	961	964
7884	28	19	961	964
22546	28	191	961	964
14369	28	109	961	964
14615	28	102	961	964
9546	28	238	961	964
34766	28	1024	961	964
17171	28	887	961	964
9135	28	20	961	964
22769	28	122	961	964
34930	28	286	961	964
25969	28	723	961	964
62842	28	1258	961	964
14946	28	160	961	964
12079	28	842	961	964
71291	28	114335	961	964
61405	28	1413	961	964
26624	28	3437	961	964
19756	28	1124	961	964
85158	28	1002	961	964
35518	28	3452	961	964
73571	28	825	961	964
23285	28	179	961	964
8055	28	2875	961	964
26319	28	185	961	964
40770	28	703	961	964
26882	28	452	961	964
12215	28	518	961	964
85550	28	1120	961	964
63036	28	1006	961	964
11501	28	1011	961	964
15507	28	595	961	964
26934	28	3268	961	964
28930	28	1948	961	964
26670	28	3871	961	964
47980	28	2798	961	964
86179	28	1096	961	964
27228	28	255	961	964
36141	28	1277	961	964
97539	28	910	961	964
86287	28	2519	961	964
99788	28	2768	961	964
74620	28	598	961	964
12821	28	597	961	964
14283	28	1329	961	964
23694	28	57	961	964
74596	28	13217	961	964
74837	28	8531	961	964
74842	28	2742	961	964
55899	28	531	961	964
86674	28	2057	961	964
10724	28	33	961	964
74923	28	3378	961	964
63906	28	527	961	964
11503	28	1107	961	964
18603	28	642	961	964
6196	28	27	961	964
13500	28	143	961	964
39235	28	2048	961	964
83393	28	4487	961	964
14425	28	1629	961	964
48996	28	13976	961	964
26436	28	811	961	964
30759	28	564	961	964
42626	28	295	961	964
75864	28	1613	961	964
87865	28	6413	961	964
31373	28	222	961	964
117285	28	3000	961	964
87357	28	802	961	964
11214	28	69	961	964
32004	28	607	961	964
20729	28	2518	961	964
12458	28	1581	961	964
32306	28	49	961	964
30411	28	54	961	964
39235	28	144	961	964
8137	28	56	961	964
76612	28	809	961	964
32410	28	1192	961	964
64010	28	2324	961	964
18268	28	629	961	964
74335	28	1728	961	964
31784	28	1749	961	964
45151	28	2068	961	964
11309	28	496	961	964
24986	28	970	961	964
14550	28	134	961	964
82730	28	203	961	964
64710	28	3959	961	964
34051	28	891	961	964
19169	28	1335	961	964
6350	28	723	961	964
48526	28	1335	961	964
19123	28	150	961	964
103017	28	330	961	964
61556	28	1400	961	964
29719	28	556	961	964
19456	28	720	961	964
61829	28	522	961	964
45964	28	293	961	964
22437	28	429	961	964
19587	28	81	961	964
53475	28	1629	961	964
77702	28	7654	961	964
17150	28	2128	961	964
5289	28	121	961	964
40236	28	1368	961	964
40122	28	233	961	964
72273	28	740	961	964
16893	28	975	961	964
67325	28	1317	961	964
77887	28	19	961	964
77914	28	899	961	964
15280	28	533	961	964
104121	28	3396	961	964
22510	28	391	961	964
14658	28	470	961	964
9610	28	159	961	964
16982	28	1080	961	964
13601	28	574	961	964
15379	28	1124	961	964
104416	28	1176	961	964
54426	28	531	961	964
120403	28	3251	961	964
47481	28	842	961	964
73906	28	1206	961	964
18862	28	506	961	964
34427	28	2325	961	964
21879	28	38	961	964
10825	28	598	961	964
16314	28	30	961	964
53845	28	1242	961	964
5588	28	424	961	964
15654	28	78	961	964
55802	28	2327	961	964
36267	28	1208	961	964
91090	28	417	961	964
72247	28	17438	961	964
48756	28	51	961	964
9222	28	981	961	964
48669	28	95	961	964
25970	28	743	961	964
41568	28	1174	961	964
42167	28	1624	961	964
41895	28	4324	961	964
9347	28	109	961	964
18029	28	1228	961	964
19414	28	181	961	964
39104	28	99	961	964
20796	28	33	961	964
11387	28	1921	961	964
10222	28	744	961	964
34827	28	802	961	964
23949	28	85	961	964
12044	28	291	961	964
36787	28	18706	961	964
95929	28	36	961	964
87546	28	2540	961	964
42648	28	1258	961	964
5610	28	334	961	964
47072	28	1283	961	964
25187	28	1257	961	964
29279	28	597	961	964
27849	28	70	961	964
15135	28	626	961	964
11504	28	175	961	964
6230	28	37	961	964
65830	28	185	961	964
39001	28	456	961	964
15995	28	1380	961	964
32207	28	89	961	964
71492	28	6025	961	964
17474	28	531	961	964
15978	28	1847	961	964
92018	28	1245	961	964
29866	28	290	961	964
32348	28	906	961	964
28049	28	6413	961	964
21709	28	86	961	964
32332	28	160	961	964
32389	28	57	961	964
117959	28	37	961	964
23936	28	63	961	964
36067	28	649	961	964
43128	28	288	961	964
21103	28	1024	961	964
49767	28	674	961	964
56034	28	2132	961	964
47574	28	6459	961	964
11371	28	1403	961	964
105586	28	2897	961	964
61177	28	135	961	964
27644	28	875	961	964
123216	28	3047	961	964
11630	28	44	961	964
22167	28	621	961	964
8755	28	1488	961	964
59353	28	61	961	964
73129	28	2766	961	964
35470	28	256	961	964
24742	28	123	961	964
37632	28	1728	961	964
14465	28	304	961	964
28186	28	778	961	964
86527	28	1462	961	964
31030	28	334	961	964
18126	28	418	961	964
76402	28	1175	961	964
20937	28	377	961	964
21322	28	155	961	964
101283	28	17677	961	964
69001	28	919	961	964
19482	28	119	961	964
142807	28	22339	961	964
120744	28	532	961	964
44272	28	653	961	964
19379	28	297	961	964
65468	28	719	961	964
27296	28	1665	961	964
10217	28	571	961	964
33493	28	1204	961	964
34725	28	506	961	964
9440	28	117	961	964
13384	28	839	961	964
29992	28	476	961	964
85819	28	7112	961	964
14287	28	3414	961	964
32757	28	20	961	964
9981	28	620	961	964
19730	28	254	961	964
9247	28	1028	961	964
22651	28	36	961	964
22761	28	72	961	964
5904	28	433	961	964
51533	28	1286	961	964
44968	28	117	961	964
68352	28	11965	961	964
33362	28	1773	961	964
14918	28	185	961	964
124955	28	6529	961	964
69596	28	1137	961	964
10661	28	149	961	964
37386	28	1050	961	964
27568	28	255	961	964
136908	28	2052	961	964
21528	28	147	961	964
21574	28	33	961	964
37508	28	2263	961	964
23585	28	40	961	964
11033	28	437	961	964
26217	28	293	961	964
22418	28	2086	961	964
80975	28	123	961	964
80329	28	80201	961	964
26230	28	134	961	964
19843	28	388	961	964
9564	28	336	961	964
13794	28	398	961	964
62263	28	134	961	964
14144	28	506	961	964
38114	28	408	961	964
18662	28	2180	961	964
7719	28	552	961	964
30211	28	2697	961	964
30395	28	1070	961	964
9386	28	222	961	964
31863	28	1279	961	964
117517	28	991	961	964
11568	28	50	961	964
44844	28	136	961	964
90555	28	83	961	964
9853	28	433	961	964
19727	28	170	961	964
25090	28	595	961	964
23613	28	1009	961	964
32317	28	221	961	964
56421	28	232	961	964
103773	28	1316	961	964
9089	28	52	961	964
42873	28	839	961	964
63056	28	2563	961	964
47365	28	899	961	964
15687	28	28458	961	964
42525	28	1171	961	964
38067	28	1887	961	964
101383	28	1752	961	964
20906	28	674	961	964
16493	28	1186	961	964
29641	28	662	961	964
20427	28	14388	961	964
49283	28	368	961	964
59191	28	555	961	964
59421	28	536	961	964
13501	28	315	961	964
59336	28	1172	961	964
54664	28	37178	961	964
27888	28	381	961	964
142136	28	366	961	964
31147	28	58	961	964
29880	28	783	961	964
13829	28	554	961	964
109668	28	574	961	964
15776	28	295	961	964
146558	28	1283	961	964
6582	28	41	961	964
24554	28	228	961	964
10336	28	48	961	964
146626	28	8163	961	964
17638	28	1110	961	964
91851	28	1359	961	964
87124	28	13406	961	964
75331	28	3661	961	964
102195	28	1096	961	964
28967	28	2075	961	964
28968	28	1951	961	964
90471	28	114	961	964
14888	28	298	961	964
8528	28	252	961	964
69341	28	318	961	964
27174	28	13976	961	964
37248	28	311	961	964
13154	28	973	961	964
98602	28	3414	961	964
33047	28	1249	961	964
32716	28	1131	961	964
27733	28	1204	961	964
115887	28	882	961	964
85154	28	369	961	964
147104	28	2052	961	964
6315	28	1640	961	964
66839	28	1728	961	964
32025	28	550	961	964
87813	28	4018	961	964
127321	28	2602	961	964
61697	28	202	961	964
57500	28	146	961	964
54703	28	119	961	964
22506	28	422	961	964
23968	28	1120	961	964
11573	28	46	961	964
66363	28	745	961	964
20767	28	795	961	964
8994	28	437	961	964
33578	28	509	961	964
14783	28	64	961	964
20938	28	1253	961	964
18165	28	1070	961	964
64794	28	1096	961	964
9365	28	251	961	964
78636	28	27284	961	964
15082	28	1249	961	964
44370	28	653	961	964
21567	28	699	961	964
25195	28	843	961	964
54404	28	3106	961	964
21110	28	50	961	964
12603	28	490	961	964
16696	28	2536	961	964
65666	28	2146	961	964
69985	28	702	961	964
34155	28	310	961	964
14417	28	699	961	964
89396	28	4152	961	964
107718	28	2065	961	964
95029	28	90790	961	964
28088	28	412	961	964
19337	28	27	961	964
14649	28	294	961	964
11035	28	745	961	964
8905	28	46	961	964
42336	28	437	961	964
22955	28	672	961	964
127361	28	1267	961	964
14841	28	165	961	964
62314	28	796	961	964
30721	28	991	961	964
44401	28	1699	961	964
48107	28	158	961	964
14195	28	627	961	964
26530	28	885	961	964
72642	28	221	961	964
15563	28	994	961	964
20080	28	1570	961	964
128256	28	114	961	964
13613	28	572	961	964
31007	28	471	961	964
64180	28	752	961	964
47264	28	612	961	964
38862	28	124	961	964
12354	28	1034	961	964
35310	28	773	961	964
59000	28	224	961	964
31552	28	256	961	964
12681	28	45	961	964
68213	28	3339	961	964
21096	28	3092	961	964
18028	28	222	961	964
20457	28	405	961	964
20947	28	996	961	964
32004	28	4720	961	964
68547	28	598	961	964
18900	28	65	961	964
20145	28	755	961	964
19668	28	1094	961	964
65298	28	2563	961	964
30459	28	1201	961	964
7840	28	1923	961	964
36896	28	122	961	964
14726	28	475	961	964
12623	28	51	961	964
20769	28	240	961	964
17156	28	52	961	964
21511	28	155	961	964
48518	28	1665	961	964
6534	28	92	961	964
53652	28	1279	961	964
17924	28	49	961	964
55943	28	1358	961	964
18774	23	149601	961	964
74535	28	1709	961	964
14601	28	1262	961	964
19076	28	434	961	964
25799	28	101	961	964
21755	28	1897	961	964
11644	28	1882	961	964
38616	28	540	961	964
26361	28	465	961	964
17666	28	119	961	964
27088	28	669	961	964
64160	28	1634	961	964
63209	28	112	961	964
21592	28	23	961	964
48232	28	436	961	964
10866	28	19	961	964
85938	28	33	961	964
59913	28	2138	961	964
80666	28	983	961	964
121211	28	1052	961	964
112748	28	530	961	964
21046	28	1649	961	964
7690	28	219	961	964
14503	28	1096	961	964
63216	28	146	961	964
73361	28	696	961	964
104830	28	17415	961	964
35079	28	256	961	964
35952	28	509	961	964
46645	28	99	961	964
95835	28	2602	961	964
49423	28	36	961	964
11690	28	1082	961	964
97550	28	2114	961	964
25980	28	42	961	964
127768	28	812	961	964
110012	28	2040	961	964
90820	28	1147	961	964
23885	28	418	961	964
18012	28	1069	961	964
25668	28	3491	961	964
62024	28	210	961	964
88768	28	2336	961	964
20196	28	371	961	964
104978	28	618	961	964
12998	28	1215	961	964
9680	28	492	961	964
87909	28	741	961	964
70320	28	894	961	964
41602	28	54	961	964
19196	28	4579	961	964
51318	28	1176	961	964
32498	28	2065	961	964
97398	28	295	961	964
11320	28	85	961	964
15088	28	1388	961	964
110511	28	1179	961	964
98489	28	5296	961	964
15271	28	1275	961	964
17787	28	2997	961	964
73823	28	109	961	964
61396	28	2057	961	964
15123	28	149	961	964
48619	28	1431	961	964
23501	28	901	961	964
115116	28	170	961	964
8037	28	49	961	964
27121	28	311	961	964
38241	28	1096	961	964
13276	28	38	961	964
14162	28	40	961	964
50577	28	1006	961	964
52185	28	146	961	964
104914	28	1682	961	964
9869	28	28	961	964
14836	28	817	961	964
76535	28	23573	961	964
76303	28	1006	961	964
26304	28	83	961	964
24223	28	1898	961	964
109648	28	649	961	964
120171	28	905	961	964
12709	28	553	961	964
80624	28	10707	961	964
38403	28	1206	961	964
12312	28	286	961	964
27467	28	516	961	964
77579	28	1466	961	964
11299	28	52	961	964
13503	28	1111	961	964
43978	28	8437	961	964
11157	28	69	961	964
11420	28	198	961	964
49574	28	400	961	964
88984	28	211	961	964
27267	28	1420	961	964
18174	28	707	961	964
17664	28	924	961	964
112231	28	333	961	964
59134	28	4729	961	964
25173	28	238	961	964
46802	28	288	961	964
36297	28	1830	961	964
47998	28	449	961	964
47628	28	47	961	964
40972	28	1221	961	964
21605	28	1656	961	964
21449	28	332	961	964
31573	28	38	961	964
53337	28	1004	961	964
35421	28	10518	961	964
59930	28	965	961	964
35159	28	1213	961	964
53818	28	2180	961	964
15655	28	70	961	964
31857	28	40	961	964
35294	28	866	961	964
11145	28	277	961	964
18552	28	974	961	964
50529	28	198	961	964
42000	28	41	961	964
16683	28	555	961	964
76622	28	1356	961	964
14001	28	38	961	964
11003	28	18	961	964
94266	28	7654	961	964
50861	28	5616	961	964
92791	28	1279	961	964
67744	28	4474	961	964
17326	28	1035	961	964
55991	28	1935	961	964
36323	28	155	961	964
110000	28	253	961	964
18153	28	453	961	964
53333	28	1048	961	964
13674	28	703	961	964
22837	28	905	961	964
26355	28	2083	961	964
56569	28	231	961	964
55661	28	621	961	964
64559	28	2125	961	964
90464	28	1145	961	964
22576	28	970	961	964
15783	28	410	961	964
63810	28	129	961	964
44534	28	798	961	964
14849	28	3614	961	964
83673	28	170	961	964
77396	28	1124	961	964
12670	28	746	961	964
38122	28	1232	961	964
14875	28	1050	961	964
47873	28	598	961	964
9803	28	29	961	964
17353	28	334	961	964
38159	28	433	961	964
15628	28	691	961	964
24248	28	1043	961	964
84557	28	5736	961	964
28433	28	592	961	964
23291	28	272	961	964
17678	28	766	961	964
24522	28	469	961	964
79968	28	1400	961	964
69233	28	2887	961	964
93418	28	821	961	964
104724	28	21499	961	964
41999	28	3707	961	964
29197	28	531	961	964
12431	28	536	961	964
15420	28	506	961	964
36897	28	745	961	964
17816	28	857	961	964
20992	28	2712	961	964
11855	28	156	961	964
27470	28	1262	961	964
28524	28	199	961	964
36152	28	45	961	964
72288	28	8115	961	964
13437	28	175	961	964
69732	28	1082	961	964
11244	28	199	961	964
24110	28	40	961	964
10544	28	702	961	964
19660	28	465	961	964
30972	28	39	961	964
15232	28	752	961	964
7233	28	695	961	964
16256	28	753	961	964
16976	28	485	961	964
35008	28	453	961	964
17909	28	238	961	964
28513	28	1847	961	964
90997	28	1596	961	964
33354	28	145	961	964
26224	28	355	961	964
26800	28	841	961	964
77362	28	619	961	964
46389	28	1436	961	964
24444	28	146	961	964
59838	28	400	961	964
17027	28	153	961	964
62789	28	1942	961	964
9244	28	1523	961	964
63963	28	2062	961	964
81981	28	13976	961	964
10413	28	295	961	964
60056	28	669	961	964
89666	28	837	961	964
50940	28	518	961	964
33425	28	1598	961	964
16343	28	429	961	964
68246	28	5755	961	964
51589	28	607	961	964
6808	28	369	961	964
48241	28	5755	961	964
9834	28	1626	961	964
31206	28	766	961	964
38930	28	515	961	964
25797	28	22	961	964
41518	28	1358	961	964
27769	28	412	961	964
27142	28	456	961	964
4996	28	311	961	964
20002	28	49	961	964
55127	28	83	961	964
28747	28	44051	961	964
28773	28	799	961	964
51273	28	573	961	964
28669	28	1192	961	964
44600	28	1811	961	964
18033	28	1120	961	964
81998	28	95	961	964
103163	28	3606	961	964
10961	28	413	961	964
67894	28	703	961	964
51131	28	1107	961	964
90388	28	2346	961	964
9305	28	405	961	964
4911	28	40	961	964
35779	28	2125	961	964
23747	28	55	961	964
27789	28	1388	961	964
11904	28	42	961	964
12284	28	433	961	964
75353	28	255	961	964
139568	28	2526	961	964
90671	28	1096	961	964
24689	28	142	961	964
95823	28	169	961	964
10032	28	595	961	964
25942	28	345	961	964
8799	28	220	961	964
94599	28	16189	961	964
46318	28	759	961	964
40887	28	1027	961	964
48562	28	603	961	964
118061	28	797	961	964
17967	28	124	961	964
26471	28	252	961	964
13681	28	577	961	964
55640	28	1052	961	964
32972	28	380	961	964
24792	28	735	961	964
34221	28	303	961	964
9606	28	86	961	964
107309	28	119	961	964
51166	28	364	961	964
30455	28	1659	961	964
24830	28	905	961	964
40657	28	5052	961	964
88205	28	210	961	964
14578	28	1127	961	964
37110	28	67	961	964
13485	28	294	961	964
53668	28	508	961	964
32767	28	74	961	964
81768	28	3500	961	964
14875	28	143	961	964
23494	28	167	961	964
40078	28	408	961	964
31604	28	841	961	964
18785	28	31976	961	964
16909	28	509	961	964
23150	28	188	961	964
19919	28	36	961	964
38644	28	639	961	964
19087	28	598	961	964
8330	28	1172	961	964
27019	28	180	961	964
44415	28	5052	961	964
93386	28	1403	961	964
17152	28	3165	961	964
108736	28	673	961	964
41094	28	17655	961	964
44374	28	201	961	964
26511	28	292	961	964
37044	28	259	961	964
53093	28	16	961	964
36949	28	1595	961	964
125972	28	686	961	964
126171	28	4723	961	964
41973	28	118	961	964
9518	28	49	961	964
13466	28	506	961	964
76431	28	133	961	964
39469	28	841	961	964
9069	28	175	961	964
45737	28	240	961	964
41944	28	73	961	964
69446	28	614	961	964
21107	28	318	961	964
11231	28	912	961	964
32119	28	235	961	964
92329	28	2534	961	964
70498	28	2798	961	964
38241	28	1345	961	964
97072	28	1169	961	964
17993	28	1083	961	964
26017	28	1121	961	964
95503	28	1609	961	964
16391	28	1135	961	964
24510	28	199	961	964
64146	28	2456	961	964
60832	28	1069	961	964
18809	28	740	961	964
30181	28	746	961	964
81741	28	50	961	964
26229	28	51	961	964
91092	28	864	961	964
83919	28	1096	961	964
16590	28	2104	961	964
28688	28	1861	961	964
59822	28	1098	961	964
18615	28	2489	961	964
55981	28	1181	961	964
32339	28	1312	961	964
7436	28	31	961	964
63633	28	454	961	964
186530	28	1956	961	964
7353	28	181	961	964
80435	28	2607	961	964
26387	28	58	961	964
48318	28	496	961	964
19003	28	509	961	964
11415	28	169	961	964
42482	28	133	961	964
22100	28	168	961	964
20199	28	171	961	964
19506	28	140	961	964
19728	28	154	961	964
10242	28	256	961	964
25759	28	98	961	964
18234	28	250	961	964
10886	28	169	961	964
29104	28	1675	961	964
27911	28	37	961	964
142160	28	3144	961	964
40024	28	489	961	964
21485	28	390	961	964
38106	28	236	961	964
10771	28	129	961	964
26337	28	169	961	964
16545	28	398	961	964
94577	28	2227	961	964
16188	28	669	961	964
4887	28	69	961	964
13776	28	875	961	964
22970	28	493	961	964
38030	28	315	961	964
24554	28	702	961	964
81830	28	1147	961	964
45455	28	162	961	964
75511	28	1275	961	964
21616	28	145	961	965
33432	28	717	961	965
7147	28	493	961	965
39054	28	553	961	965
14501	28	238	961	965
82998	28	1327	961	965
61518	28	22251	961	965
83378	28	332	961	965
45733	28	760	961	965
14796	28	398	961	965
97024	28	1316	961	965
13284	28	860	961	965
62205	28	44	961	965
53694	28	417	961	965
132644	28	2689	961	965
83680	28	386	961	965
54116	28	4866	961	965
72998	28	1277	961	965
63148	28	16672	961	965
26590	28	129	961	965
20090	28	707	961	965
30806	28	24	961	965
30838	28	2762	961	965
19823	28	475	961	965
4943	28	41	961	965
47527	28	691	961	965
20340	28	1034	961	965
13738	28	745	961	965
99123	28	8033	961	965
115116	28	1033	961	965
17760	28	542	961	965
41724	28	211	961	965
14428	28	176	961	965
99753	28	1543	961	965
23719	28	2576	961	965
86562	28	6254	961	965
7914	28	609	961	965
85770	28	2152	961	965
99611	28	1543	961	965
17897	28	179	961	965
19636	28	1232	961	965
41013	28	564	961	965
15974	28	475	961	965
6582	28	720	961	965
12547	28	582	961	965
17360	28	2629	961	965
12285	28	140	961	965
40214	28	319	961	965
19969	28	1734	961	965
76481	28	66246	961	965
39175	28	77	961	965
43019	28	818	961	965
136641	28	304	961	965
115728	28	449	961	965
11247	28	177	961	965
16352	28	178	961	965
74761	28	506	961	965
7656	28	239	961	965
52217	28	522	961	965
118531	28	495	961	965
5929	28	484	961	965
14546	28	1345	961	965
33980	28	495	961	965
19365	28	1741	961	965
50026	28	5558	961	965
8597	28	154	961	965
30067	28	458	961	965
12916	28	175	961	965
40385	28	167	961	965
119598	28	159	961	965
22933	28	1020	961	965
16719	28	95	961	965
54175	28	274	961	965
77990	28	1190	961	965
46770	28	1053	961	965
40745	28	397	961	965
30630	28	67	961	965
47177	28	252	961	965
23030	28	464	961	965
14830	28	73	961	965
35324	28	2974	961	965
14248	28	1861	961	965
64488	28	773	961	965
48123	28	516	961	965
74486	28	222	961	965
20666	28	1867	961	965
90577	28	83	961	965
17349	28	41	961	965
18536	28	41	961	965
12462	28	55	961	965
39698	28	1232	961	965
23893	28	360	961	965
15203	28	76	961	965
15911	28	1107	961	965
77229	28	1421	961	965
27785	28	171	961	965
42644	28	639	961	965
42598	28	345	961	965
19441	28	924	961	965
17674	28	133	961	965
91147	28	1067	961	965
121474	28	1464	961	965
25866	28	676	961	965
106502	28	92184	961	965
65517	28	621	961	965
39272	28	228	961	965
43145	28	993	961	965
14060	28	412	961	965
95992	28	1709	961	965
67797	28	710	961	965
44898	28	476	961	965
31318	28	315	961	965
17661	28	83	961	965
87642	28	1027	961	965
26455	28	318	961	965
42236	28	1263	961	965
18024	28	101	961	965
16723	28	657	961	965
18097	28	463	961	965
10028	28	909	961	965
62218	28	628	961	965
120993	28	1002	961	965
36597	28	1292	961	965
13759	28	23	961	965
31700	28	1088	961	965
11797	28	723	961	965
80469	28	2887	961	965
6987	28	222	961	965
28454	28	1259	961	965
25476	28	1117	961	965
26512	28	234	961	965
73578	28	1633	961	965
62260	28	1069	961	965
59848	28	383	961	965
14814	28	275	961	965
19812	28	2048	961	965
14378	28	51	961	965
25713	28	446	961	965
49469	28	134	961	965
74463	28	3739	961	965
21576	28	253	961	965
108490	28	2848	961	965
23110	28	74	961	965
50625	28	1123	961	965
89467	28	1294	961	965
17631	28	793	961	965
16128	28	795	961	965
35362	28	719	961	965
88370	28	4866	961	965
53135	28	45	961	965
69611	28	3051	961	965
19842	28	69	961	965
104537	28	1316	961	965
28693	28	1174	961	965
68552	28	1091	961	965
36410	28	111	961	965
67938	28	1541	961	965
125860	28	1275	961	965
6487	28	142	961	965
24660	28	53	961	965
62622	28	887	961	965
23144	28	118	961	965
35326	28	290	961	965
86312	28	2872	961	965
126252	28	412	961	965
49385	28	740	961	965
72357	28	3949	961	965
32889	28	101	961	965
16453	28	615	961	965
90348	28	694	961	965
51161	28	402	961	965
12689	28	170	961	965
15061	28	39	961	965
18117	28	10135	961	965
15195	28	360	961	965
121625	28	4678	961	965
97104	28	174	961	965
33017	28	427	961	965
73292	28	574	961	965
79508	28	627	961	965
35072	28	1170	961	965
45443	28	1424	961	965
16533	28	167	961	965
50456	28	410	961	965
41027	28	3416	961	965
33648	28	1050	961	965
80036	28	954	961	965
11826	28	1492	961	965
64794	28	454	961	965
20452	28	504	961	965
20355	28	1050	961	965
81668	28	481	961	965
58886	28	591	961	965
49005	28	676	961	965
43793	28	240	961	965
11738	28	1199	961	965
36998	28	1173	961	965
72644	28	1806	961	965
18613	28	1075	961	965
19699	28	533	961	965
21999	28	1882	961	965
115212	28	1868	961	965
48246	28	1277	961	965
64986	28	1018	961	965
27555	28	814	961	965
27501	28	57	961	965
28538	28	177	961	965
60369	28	1050	961	965
110174	28	15275	961	965
94954	28	303	961	965
25371	28	676	961	965
172136	28	2426	961	965
11322	28	620	961	965
91912	28	3109	961	965
28139	28	572	961	965
44796	28	95	961	965
14174	28	992	961	965
33077	28	124	961	965
105452	28	744	961	965
36767	28	251	961	965
10070	28	408	961	965
33407	28	556	961	965
12694	28	18	961	965
32170	28	1691	961	965
95390	23	128885	961	965
128885	23	95390	961	965
13951	28	1915	961	965
19926	28	319	961	965
24656	28	180	961	965
45568	28	904	961	965
28106	28	350	961	965
16014	28	85	961	965
28726	28	1164	961	965
50311	28	1136	961	965
14636	28	1053	961	965
51600	28	1233	961	965
82637	28	564	961	965
19017	28	1324	961	965
12401	28	161	961	965
44693	28	100	961	965
26853	28	555	961	965
12538	28	101	961	965
51193	28	4205	961	965
17685	28	1253	961	965
116013	28	1175	961	965
59286	28	188	961	965
17004	28	661	961	965
43876	28	2104	961	965
21169	28	20	961	965
120247	28	1340	961	965
51016	28	165	961	965
65542	28	4116	961	965
125026	28	2412	961	965
17109	28	334	961	965
19456	28	657	961	965
26211	28	1123	961	965
42341	28	496	961	965
20977	28	1700	961	965
56284	28	44626	961	965
17174	28	369	961	965
28784	28	44	961	965
38257	28	703	961	965
76119	28	101	961	965
34130	28	337	961	965
43079	28	506	961	965
60361	28	153	961	965
21971	28	1092	961	965
82372	28	1259	961	965
44117	28	818	961	965
64791	28	3872	961	965
27407	28	46	961	965
15686	28	912	961	965
39272	28	702	961	965
18559	28	282	961	965
11329	28	76	961	965
22849	28	465	961	965
17067	28	89	961	965
77893	28	991	961	965
61658	28	555	961	965
66286	28	2849	961	965
31027	28	37	961	965
46344	28	288	961	965
12856	28	387	961	965
26028	28	2577	961	965
21787	28	1700	961	965
121887	28	1023	961	965
38372	28	798	961	965
14708	28	703	961	965
30839	28	528	961	965
86179	28	1728	961	965
93364	28	4011	961	965
24674	28	575	961	965
67768	28	825	961	965
87665	28	386	961	965
11175	28	28	961	965
38155	28	821	961	965
30355	28	1171	961	965
63666	28	1179	961	965
98223	28	714	961	965
37815	28	142	961	965
25222	28	1136	961	965
85455	28	680	961	965
24049	28	78	961	965
47148	28	587	961	965
60447	28	766	961	965
65552	28	892	961	965
60413	28	167	961	965
64984	28	333	961	965
33506	28	275	961	965
34832	28	293	961	965
23837	28	1492	961	965
41207	28	304	961	965
64253	28	2117	961	965
65426	28	1749	961	965
15987	28	2347	961	965
48805	28	477	961	965
72477	28	837	961	965
117231	28	907	961	965
42722	28	839	961	965
12245	28	38	961	965
10259	28	22	961	965
56722	28	615	961	965
10875	28	86	961	965
29868	28	971	961	965
90517	28	4809	961	965
21081	28	52	961	965
72312	28	449	961	965
23908	28	1070	961	965
13531	28	624	961	965
51908	28	1711	961	965
37245	28	325	961	965
14631	28	2629	961	965
55636	28	37279	961	965
21244	28	753	961	965
46240	28	445	961	965
70109	28	2713	961	965
99292	28	780	961	965
111663	28	2114	961	965
63547	28	5160	961	965
66640	28	16597	961	965
10129	28	355	961	965
57919	28	1836	961	965
44073	28	875	961	965
34163	28	2914	961	965
21368	28	11520	961	965
33018	28	202	961	965
14652	28	602	961	965
49239	28	2418	961	965
35454	28	672	961	965
88184	28	379	961	965
84884	28	1233	961	965
46912	28	240	961	965
37168	28	967	961	965
31140	28	169	961	965
32029	28	620	961	965
14131	28	331	961	965
20052	28	44	961	965
38567	28	73	961	965
11249	28	1965	961	965
15914	28	1477	961	965
21165	28	1120	961	965
12629	28	145	961	965
13758	28	672	961	965
11807	28	350	961	965
38046	28	740	961	965
57893	28	8033	961	965
23936	28	717	961	965
60461	28	756	961	965
8326	28	555	961	965
130340	28	6413	961	965
31343	28	799	961	965
85519	28	837	961	965
68940	28	3184	961	965
13765	28	681	961	965
56620	28	910	961	965
61167	28	495	961	965
11666	28	175	961	965
48017	28	442	961	965
24063	28	669	961	965
106860	28	345	961	965
21160	28	145	961	965
21173	28	198	961	965
46514	28	1208	961	965
66272	28	1708	961	965
13873	28	56	961	965
47715	28	231	961	965
27683	28	145	961	965
78563	28	220	961	965
22331	28	369	961	965
44672	28	29	961	965
23135	28	250	961	965
34567	28	390	961	965
19915	28	220	961	965
70626	28	95	961	965
34596	28	257	961	965
14711	28	4249	961	965
26378	28	384	961	965
83656	28	2114	961	965
48733	28	3416	961	965
32459	28	171	961	965
107129	28	555	961	965
155274	28	47056	961	965
69697	28	959	961	965
7415	28	165	961	965
34936	28	976	961	965
30741	28	489	961	965
32971	28	990	961	965
64689	28	403	961	965
14512	28	256	961	965
83748	28	295	961	965
109640	28	14030	961	965
111780	28	864	961	965
67646	28	435	961	965
20172	28	1148	961	965
42975	28	398	961	965
29192	28	671	961	965
50320	28	1747	961	965
73148	28	4579	961	965
30190	28	891	961	965
38922	28	145	961	965
42731	28	1477	961	965
65751	28	162	961	965
79344	28	7072	961	965
11449	28	83	961	965
70696	28	304	961	965
44225	28	614	961	965
21154	28	111	961	965
70423	28	51	961	965
44941	28	146	961	966
39344	28	1201	961	966
14703	28	52	961	966
45858	28	7798	961	966
11749	28	1734	961	966
19879	28	317	961	966
40724	28	169	961	966
11972	28	41	961	966
41027	28	266	961	966
23342	28	1020	961	966
73748	28	1745	961	966
8571	28	51	961	966
74091	28	913	961	966
33964	28	909	961	966
74368	28	345	961	966
28991	28	529	961	966
23765	28	1027	961	966
15809	28	22	961	966
30188	28	1088	961	966
7903	28	180	961	966
36965	28	560	961	966
18124	28	610	961	966
87845	28	1027	961	966
22085	28	2282	961	966
22654	28	533	961	966
11834	28	1551	961	966
88110	28	931	961	966
17742	28	699	961	966
21216	28	43	961	966
39044	28	699	961	966
44740	28	369	961	966
71190	28	627	961	966
137182	28	174	961	966
44935	28	1942	961	966
45981	28	202	961	966
14954	28	743	961	966
8634	28	117	961	966
77919	28	419	961	966
11735	28	740	961	966
19011	28	620	961	966
26889	28	406	961	966
23253	28	669	961	966
89244	28	680	961	966
139347	28	282	961	966
23580	28	256	961	966
20542	28	44	961	966
25426	28	628	961	966
121055	28	1304	961	966
78809	28	3926	961	966
36420	28	718	961	966
56379	28	972	961	966
32034	28	575	961	966
41336	28	2972	961	966
16451	28	133	961	966
31717	28	145	961	966
106098	28	666	961	966
86398	28	121	961	966
47525	28	491	961	966
49465	28	334	961	966
49474	28	254	961	966
13177	28	582	961	966
66331	28	1943	961	966
46936	28	319	961	966
40252	28	109	961	966
106329	28	390	961	966
19523	28	55	961	966
36149	28	392	961	966
29312	28	231	961	966
106085	28	293	961	966
44179	28	1641	961	966
13256	28	465	961	966
37109	28	48	961	966
32847	28	152	961	966
71191	28	97675	961	966
54812	28	2968	961	966
143002	28	732	961	966
19347	28	542	961	966
48176	28	1009	961	966
26493	28	76	961	966
41753	28	458	961	966
59374	28	1983	961	966
34346	28	245	961	966
20225	28	1722	961	966
69424	28	449	961	966
23670	28	508	961	966
55059	28	253	961	966
21411	28	30	961	966
23831	28	1094	961	966
11071	28	245	961	966
19965	28	323	961	966
21514	28	593	961	966
10817	28	141	961	966
52613	28	413	961	966
23472	28	103	961	966
22135	28	228	961	966
42277	28	83	961	966
94000	28	1709	961	966
64001	28	3416	961	966
17347	28	548	961	966
62027	28	234	961	966
13028	28	423	961	966
35267	28	657	961	966
35511	28	910	961	966
40373	28	319	961	966
87394	28	2068	961	966
15425	28	1847	961	966
28556	28	1788	961	966
92551	28	1690	961	966
79237	28	495	961	966
79466	28	802	961	966
12081	28	253	961	966
31775	28	998	961	966
20037	28	76	961	966
32111	28	214	961	966
26537	28	1834	961	966
22237	28	1375	961	966
27666	28	1722	961	966
81146	28	222	961	966
17757	28	186	961	966
28360	28	963	961	966
44049	28	1543	961	966
94093	28	136	961	966
11163	28	1063	961	966
33161	28	2048	961	966
68073	28	756	961	966
36981	28	628	961	966
12661	28	155	961	966
81364	28	925	961	966
6844	28	47	961	966
13637	28	931	961	966
28665	28	558	961	966
43063	28	47	961	966
119019	28	121	961	966
37023	28	387	961	966
16010	28	1314	961	966
81889	28	24331	961	966
8835	28	41	961	966
28550	28	161	961	966
16569	28	490	961	966
7821	28	506	961	966
79733	28	1903	961	966
39522	28	885	961	966
129335	28	2412	961	966
40475	28	970	961	966
77032	28	121	961	966
67354	28	1327	961	966
14411	28	114	961	966
22633	28	114	961	966
35911	28	132	961	966
30617	28	1733	961	966
19048	28	1475	961	966
56793	28	794	961	966
22543	28	390	961	966
122962	28	592	961	966
69643	28	45	961	966
51023	28	2138	961	966
23794	28	193	961	966
37312	28	1070	961	966
43164	28	146	961	966
64698	28	649	961	966
127282	28	1993	961	966
71563	28	456	961	966
48204	28	1675	961	966
69932	28	798	961	966
29791	28	257	961	966
30361	28	635	961	966
35968	28	315	961	966
51567	28	48	961	966
28155	28	903	961	966
30040	28	121	961	966
70836	28	250	961	966
29657	28	112	961	966
15094	28	251	961	966
20634	28	1882	961	966
14970	28	1394	961	966
49051	28	234	961	966
77852	28	2602	961	966
35765	28	4162	961	966
38125	28	5439	961	966
27917	28	1847	961	966
22394	28	582	961	966
37911	28	206	961	966
74263	28	742	961	966
41996	28	71	961	966
25535	28	1094	961	966
10244	28	82	961	966
99614	28	1601	961	966
11589	28	161	961	966
130697	23	127357	961	966
127357	23	130697	961	966
54372	28	1380	961	966
21571	28	69	961	966
55021	28	95	961	966
18832	28	311	961	966
27062	28	179	961	966
31595	28	556	961	966
106299	28	66	961	966
7227	28	228	961	966
16171	28	289	961	966
19425	28	16	961	966
32898	28	597	961	966
28519	28	153	961	966
86574	28	1316	961	966
24102	28	695	961	966
48282	28	504	961	966
74876	28	504	961	966
8515	28	695	961	966
68981	28	635	961	966
108010	28	5351	961	966
45337	28	3221	961	966
68653	28	666	961	966
72590	28	1116	961	966
16036	28	248	961	966
16823	28	628	961	966
37305	28	592	961	966
107801	28	1286	961	966
5443	28	46	961	966
46180	28	1063	961	966
39511	28	77	961	966
123838	28	1554	961	966
49543	28	140	961	966
11834	28	924	961	966
46287	28	469	961	966
86562	28	1160	961	966
30370	28	145	961	966
49600	28	192	961	966
45626	28	1019	961	966
90556	28	449	961	966
91470	28	371	961	966
69562	28	402	961	966
29285	28	19	961	966
22217	28	442	961	966
153064	28	2159	961	966
130918	28	2142	961	966
17690	28	22	961	966
54694	28	1400	961	966
44038	28	1172	961	966
20732	28	413	961	966
111804	28	1327	961	966
48982	28	242	961	966
111445	28	919	961	966
23840	28	506	961	966
17646	28	428	961	966
56649	28	671	961	966
44635	28	136	961	966
69985	28	228	961	966
27509	28	2023	961	966
42568	28	266	961	966
19336	28	292	961	966
66230	28	546	961	966
42459	28	1649	961	966
9091	28	1277	961	966
14986	28	1139	961	966
49644	28	131	961	966
65828	28	812	961	966
38452	28	161	961	966
11570	28	87	961	966
48019	28	224	961	966
43019	28	368	961	966
39748	28	933	961	966
91932	28	121	961	966
7764	28	48	961	967
71372	28	371	961	967
19183	28	27	961	967
71564	28	1675	961	967
39658	28	165	961	967
34356	28	608	961	967
17020	28	364	961	967
97551	28	3794	961	967
17150	28	2659	961	967
63204	28	386	961	967
20152	28	1431	961	967
53353	28	144	961	967
14502	28	1664	961	967
63230	28	516	961	967
21839	28	446	961	967
48388	28	961	961	967
31596	28	43	961	967
55956	28	201	961	967
74579	28	2048	961	967
40500	28	1722	961	967
39125	28	162	961	967
101137	28	3985	961	967
88737	28	481	961	967
10146	28	931	961	967
49815	28	42	961	967
77030	28	560	961	967
22196	28	158	961	967
25825	28	360	961	967
30163	28	210	961	967
40107	28	646	961	967
11886	28	85	961	967
35196	28	1088	961	967
54571	28	1263	961	967
82769	28	1190	961	967
23770	28	754	961	967
25921	28	30	961	967
121547	28	145	961	967
36582	28	731	961	967
73652	28	386	961	967
23947	28	1583	961	967
24891	28	52	961	967
56380	28	211	961	967
48071	28	910	961	967
49985	28	417	961	967
34356	28	453	961	967
90300	28	4885	961	967
67410	28	725	961	967
89336	28	956	961	967
51126	28	643	961	967
13524	28	85	961	967
9831	28	1573	961	967
30288	28	174	961	967
42014	28	136	961	967
16004	28	1075	961	967
18273	28	47	961	967
93279	28	95	961	967
9669	28	31	961	967
43099	28	295	961	967
10262	28	248	961	967
50043	28	2153	961	967
80356	28	531	961	967
55993	28	1005	961	967
95896	28	273	961	967
81200	28	542	961	967
48746	28	2358	961	967
44476	28	2666	961	967
94252	28	1975	961	967
63639	28	1634	961	967
81057	28	666	961	967
51015	28	481	961	967
17270	28	1063	961	967
15902	28	1525	961	967
104623	28	1948	961	967
21629	28	961	961	967
121831	28	386	961	967
63844	28	129	961	967
15150	28	610	961	967
29513	28	1069	961	967
22234	28	1628	961	967
79413	28	228	961	967
22872	28	114	961	967
14724	28	231	961	967
26399	28	149	961	967
13698	28	531	961	967
33502	28	154	961	967
33202	28	366	961	967
94703	28	23929	961	967
45183	28	603	961	967
15997	28	523	961	967
136764	28	8198	961	967
26978	28	52	961	967
46461	28	76	961	967
26697	28	1733	961	967
15823	28	85	961	967
33204	28	516	961	967
61361	26	139624	961	967
81003	28	1016	961	967
49627	28	221	961	967
44092	28	1232	961	967
46026	28	417	961	967
45745	28	450	961	967
111615	28	262	961	967
24950	28	52	961	967
41314	28	18706	961	967
21588	28	1523	961	967
32057	28	704	961	967
34041	28	586	961	967
11412	28	592	961	967
25769	28	839	961	967
55279	28	3395	961	967
76054	28	429	961	967
80482	28	531	961	967
24031	28	387	961	967
7846	28	51	961	967
61704	28	12891	961	967
111402	28	692	961	967
43183	28	5052	961	967
27510	28	653	961	967
16817	28	109	961	967
15125	28	155	961	967
46806	28	755	961	967
6314	28	80	961	967
12729	28	2070	961	967
41280	28	672	961	967
38633	28	112	961	967
14012	23	5869	961	967
31101	28	798	961	967
15249	28	1649	961	967
17117	28	101	961	967
31571	28	252	961	967
73128	28	481	961	967
111884	28	111	961	967
24659	28	653	961	967
36000	28	603	961	967
20767	28	429	961	967
69151	28	6753	961	967
56546	28	150	961	967
67111	28	825	961	967
26327	28	429	961	967
16430	28	282	961	967
34964	28	101	961	967
69172	28	288	961	967
66497	28	378	961	967
45493	28	325	961	967
33229	28	185	961	967
91694	28	1099	961	967
125941	28	1759	961	967
13649	28	56	961	967
20427	28	754	961	967
127459	28	22727	961	967
13453	28	175	961	967
81367	28	1173	961	967
40158	28	317	961	967
34310	28	508	961	968
54259	28	657	961	968
23363	28	1027	961	968
56463	28	180	961	968
99792	28	501	961	968
8289	28	71	961	968
53288	28	2538	961	968
83673	28	1033	961	968
25717	28	304	961	968
23102	28	383	961	968
41083	28	908	961	968
40895	28	1124	961	968
9381	28	58	961	968
20170	28	2205	961	968
48681	28	199	961	968
13079	28	397	961	968
24066	28	91	961	968
17830	28	1871	961	968
8686	28	531	961	968
35952	28	866	961	968
34645	28	1666	961	968
22107	28	6255	961	968
42143	28	369	961	968
28980	28	65	961	968
22778	28	80	961	968
24870	28	1149	961	968
66194	28	794	961	968
10405	28	1734	961	968
44611	28	920	961	968
38156	28	908	961	968
69232	28	386	961	968
26852	28	325	961	968
12297	28	435	961	968
66061	28	315	961	968
94577	28	417	961	968
38471	28	453	961	968
51885	28	1005	961	968
15592	28	592	961	968
20961	28	283	961	968
27544	28	574	961	968
38784	28	267	961	968
38422	28	3788	961	968
91089	28	825	961	968
88188	28	1215	961	968
52459	28	1053	961	968
41590	28	435	961	968
28898	28	253	961	968
178679	28	121	961	968
124193	28	353	961	968
19423	28	841	961	968
21002	28	145	961	968
25450	28	916	961	968
28828	28	196	961	968
18176	28	257	961	968
83908	28	224	961	968
30769	28	219	961	968
30578	28	95	961	968
102191	28	435	961	968
15562	28	30	961	968
42882	28	746	961	968
25275	28	465	961	968
111198	28	399	961	968
24718	28	1426	961	968
60154	28	909	961	968
53280	28	366	961	968
35188	28	718	961	968
46657	28	280	961	968
22244	28	193	961	968
14789	28	1216	961	968
38255	28	616	961	968
93474	28	574	961	968
24899	28	214	961	968
108756	28	1053	961	968
46616	28	98	961	968
51840	28	55	961	968
16703	28	222	961	968
62502	28	753	961	968
29071	28	1282	961	968
28764	28	199	961	968
49741	28	885	961	969
74613	28	1073	961	969
37815	28	57	961	969
11583	28	1565	961	969
10781	28	103	961	969
54027	28	1035	961	969
20006	28	132	961	969
12548	28	518	961	969
28452	28	787	961	969
104943	28	675	961	969
6614	28	451	962	0
111922	28	10100	962	0
11190	28	259	962	0
12748	28	743	962	0
44805	28	432	962	0
70486	28	2226	962	0
18597	28	1864	962	0
95902	28	1632	962	0
52068	28	261	962	0
24794	28	2735	962	0
14262	28	983	962	0
52087	28	11253	962	0
52114	28	1201	962	0
52123	28	3926	962	0
9125	28	166	962	0
14303	28	304	962	0
6659	28	686	962	0
33517	28	1048	962	0
18739	28	421	962	0
7684	28	1862	962	0
38923	28	1935	962	0
70755	28	1193	962	0
24939	28	912	962	0
8419	28	503	962	0
70777	14	21623	962	0
96070	28	4137	962	0
6675	28	86	962	0
9181	28	259	962	0
11349	28	1828	962	0
38729	28	3938	962	0
52415	28	1374	962	0
33687	28	592	962	0
10197	28	4048	962	0
18881	28	1084	962	0
6699	28	19	962	0
39125	28	992	962	0
29309	28	309	962	0
14517	28	904	962	0
82795	28	18963	962	0
39208	28	2174	962	0
14532	28	29	962	0
18995	28	410	962	0
21712	28	1025	962	0
71186	14	25228	962	0
28939	28	1306	962	0
4827	28	2205	962	0
82923	28	11500	962	0
14589	28	719	962	0
11415	28	195	962	0
45471	28	2138	962	0
33937	28	731	962	0
25298	28	3058	962	0
7789	28	2216	962	0
8528	28	240	962	0
11555	28	548	962	0
83072	28	646	962	0
19146	28	565	962	0
19180	28	5246	962	0
45647	28	890	962	0
25371	28	1871	962	0
83221	28	2233	962	0
22272	28	70	962	0
83254	28	416	962	0
9382	28	7267	962	0
16817	28	53	962	0
13137	28	46	962	0
18901	28	4689	962	0
13171	28	1664	962	0
9428	28	1257	962	0
61796	28	925	962	0
29836	28	2689	962	0
61871	28	515	962	0
8481	28	388	962	0
61893	28	16938	962	0
13037	28	1364	962	0
25754	28	907	962	0
61917	28	3630	962	0
53289	28	1132	962	0
45990	28	890	962	0
71886	28	1649	962	0
7645	28	1008	962	0
71894	28	1147	962	0
25782	28	10135	962	0
97089	28	5211	962	0
71929	28	205	962	0
71935	28	83646	962	0
5273	28	126	962	0
19450	28	274	962	0
34492	28	1944	962	0
11758	28	897	962	0
22182	28	526	962	0
97267	23	113352	962	0
11790	28	514	962	0
71893	28	2621	962	0
4884	28	1099	962	0
72131	28	1554	962	0
10538	28	478	962	0
97349	28	8453	962	0
29156	28	2562	962	0
19645	28	2075	962	0
8689	28	971	962	0
46343	28	1672	962	0
26034	28	1883	962	0
53693	28	62366	962	0
61535	28	38	962	0
26054	28	66	962	0
29669	28	2876	962	0
84083	28	809	962	0
26133	28	707	962	0
62494	28	2204	962	0
52123	28	1968	962	0
13403	28	1286	962	0
10455	28	139	962	0
46525	28	565	962	0
26174	28	1074	962	0
19778	28	839	962	0
72549	28	1793	962	0
39240	28	1020	962	0
19824	28	634	962	0
12776	28	152	962	0
22836	28	222	962	0
30393	28	3078	962	0
11960	28	791	962	0
26271	28	1862	962	0
30439	28	2334	962	0
10653	28	357	962	0
72704	28	29	962	0
16481	28	1590	962	0
132899	28	13499	962	0
19937	28	95	962	0
46851	28	595	962	0
15110	28	134	962	0
30348	28	19	962	0
53947	28	4620	962	0
30578	28	54	962	0
72924	28	526	962	0
35228	28	3039	962	0
22853	16	2833	962	0
11825	28	890	962	0
54366	28	1666	962	0
17381	28	607	962	0
133092	28	24824	962	0
39852	28	4625	962	0
13485	28	511	962	0
20092	28	2487	962	0
84998	28	2526	962	0
9447	28	578	962	0
51936	28	1474	962	0
40948	28	1641	962	0
39896	28	7384	962	0
73292	28	10620	962	0
20061	28	3230	962	0
95915	28	3084	962	0
4932	28	16	962	0
98538	28	2793	962	0
9745	28	1855	962	0
20189	28	56	962	0
85163	28	781	962	0
85171	28	623	962	0
13119	28	691	962	0
73392	28	63480	962	0
22508	28	1879	962	0
9753	28	1192	962	0
15400	28	10772	962	0
26765	28	343	962	0
41127	28	2242	962	0
12842	28	520	962	0
84646	28	483	962	0
54840	28	36	962	0
25266	28	587	962	0
14838	28	3287	962	0
12858	28	152	962	0
41184	28	1178	962	0
47500	28	748	962	0
16753	28	1862	962	0
45562	28	1921	962	0
54908	28	4407	962	0
33509	28	9453	962	0
6885	28	642	962	0
85477	28	310	962	0
63734	28	2735	962	0
55057	28	31083	962	0
30122	28	68	962	0
10721	28	1839	962	0
71893	28	216	962	0
115065	28	10100	962	0
115087	28	3080	962	0
7722	28	1251	962	0
23431	28	136	962	0
35894	28	7384	962	0
34822	28	470	962	0
27016	28	323	962	0
64039	28	1282	962	0
15575	28	88	962	0
8079	28	1176	962	0
18722	28	365	962	0
85872	28	1314	962	0
20179	28	451	962	0
31256	28	1311	962	0
52830	28	141	962	0
12776	28	105	962	0
39345	28	2923	962	0
41626	14	2911	962	0
74302	28	540	962	0
18784	28	358	962	0
52115	28	1290	962	0
19856	28	2644	962	0
17152	28	1080	962	0
33655	30	338	962	0
27194	28	1185	962	0
46273	28	220	962	0
64393	28	1601	962	0
41721	28	29155	962	0
8432	28	2261	962	0
33595	28	14	962	0
20633	28	416	962	0
99761	28	1346	962	0
15515	28	401	962	0
86312	28	1708	962	0
64513	28	33830	962	0
71483	28	751	962	0
64565	28	2218	962	0
31487	28	1364	962	0
99842	23	115811	962	0
40033	28	2442	962	0
21791	28	603	962	0
74693	28	3524	962	0
6897	28	1013	962	0
25667	28	1775	962	0
6722	28	1650	962	0
27423	28	2720	962	0
45171	28	1367	962	0
7752	28	1088	962	0
12400	28	2984	962	0
73468	28	2831	962	0
36452	28	1084	962	0
64884	28	6459	962	0
30139	28	1052	962	0
64949	28	794	962	0
23808	28	1255	962	0
39620	28	23	962	0
116249	28	14947	962	0
30395	28	731	962	0
23831	28	1375	962	0
52144	28	1214	962	0
23834	28	1455	962	0
35673	28	323	962	0
38849	28	3676	962	0
56116	28	17954	962	0
75128	28	2148	962	0
56169	28	1251	962	0
35742	28	71	962	0
65104	28	1173	962	0
87005	28	568	962	0
27579	28	1543	962	0
63340	28	2641	962	0
116427	28	33477	962	0
63957	28	2151	962	0
97488	28	1175	962	0
84934	28	1907	962	0
85248	28	416	962	0
42292	28	4947	962	0
75326	28	2551	962	0
21989	28	397	962	0
29762	28	2154	962	0
87195	28	124	962	0
36703	28	4155	962	0
44932	28	643	962	0
56380	28	418	962	0
116625	28	8562	962	0
96815	28	2829	962	0
15458	28	3974	962	0
56402	28	2280	962	0
48911	28	608	962	0
18035	28	1966	962	0
48935	28	1034	962	0
34070	28	1909	962	0
36782	28	7384	962	0
116734	23	56482	962	0
17514	28	2974	962	0
56500	28	5211	962	0
42467	28	2059	962	0
100933	28	4440	962	0
47968	28	2602	962	0
23286	28	72	962	0
64310	28	2259	962	0
24954	28	1086	962	0
52599	28	417	962	0
116885	14	2297	962	0
72442	28	36888	962	0
16957	28	516	962	0
75405	28	1307	962	0
31760	28	1259	962	0
75843	28	2903	962	0
36972	28	1664	962	0
20687	28	79	962	0
22249	28	150	962	0
22744	28	535	962	0
49172	28	3960	962	0
21045	28	985	962	0
135799	28	99	962	0
28918	28	1365	962	0
24788	28	394	962	0
37012	28	3819	962	0
53597	28	1623	962	0
62753	28	4802	962	0
13550	28	1289	962	0
8619	28	289	962	0
19674	28	2695	962	0
48852	28	5545	962	0
41567	28	3868	962	0
24021	28	792	962	0
76087	28	40502	962	0
11933	28	850	962	0
98306	28	76099	962	0
25082	28	1075	962	0
37095	28	620	962	0
7189	28	2539	962	0
42798	28	1496	962	0
76162	28	37121	962	0
24762	28	1162	962	0
87747	28	749	962	0
13964	28	2641	962	0
21144	28	3277	962	0
13962	28	4942	962	0
27856	28	2598	962	0
8338	28	657	962	0
5251	28	871	962	0
101689	28	22339	962	0
7237	28	421	962	0
49451	28	791	962	0
159214	28	57095	962	0
19364	28	1594	962	0
117616	28	402	962	0
27869	28	731	962	0
41592	28	147	962	0
117655	14	32296	962	0
15378	28	510	962	0
46123	28	2829	962	0
57210	28	37121	962	0
37286	28	397	962	0
16317	28	791	962	0
8283	28	421	962	0
88421	28	937	962	0
73012	28	2346	962	0
6056	28	569	962	0
6488	28	912	962	0
23313	28	1898	962	0
55816	28	2984	962	0
49626	28	1617	962	0
11091	28	1775	962	0
66352	28	1613	962	0
16481	28	1306	962	0
12481	28	1099	962	0
117524	23	66415	962	0
17183	28	253	962	0
37211	28	2059	962	0
32403	28	2216	962	0
11524	28	5661	962	0
66446	28	16938	962	0
21155	28	627	962	0
57414	28	16070	962	0
63886	28	749	962	0
76791	28	781	962	0
63543	28	490	962	0
10954	28	791	962	0
13681	28	3282	962	0
18259	28	748	962	0
33795	28	520	962	0
49762	28	2641	962	0
23851	28	427	962	0
66549	28	4185	962	0
24927	28	792	962	0
22985	28	2199	962	0
15149	28	1529	962	0
88813	28	1059	962	0
19844	28	1567	962	0
33387	28	5185	962	0
29012	28	1265	962	0
11279	28	370	962	0
102438	28	3788	962	0
76932	28	10035	962	0
21772	28	344	962	0
20295	28	2024	962	0
52179	28	1193	962	0
37486	28	713	962	0
24710	28	2518	962	0
55279	28	1476	962	0
83765	28	1556	962	0
11236	28	311	962	0
60602	28	131	962	0
10129	28	2846	962	0
33378	28	76	962	0
9199	28	757	962	0
45197	28	2128	962	0
57647	28	7634	962	0
52208	28	46	962	0
38883	28	682	962	0
60776	28	38892	962	0
10182	28	912	962	0
8421	28	46	962	0
33534	28	6273	962	0
65243	28	2621	962	0
33578	28	269	962	0
87723	28	2346	962	0
5450	28	358	962	0
29399	28	1121	962	0
19008	28	2115	962	0
87045	28	2086	962	0
14555	28	354	962	0
28958	28	13000	962	0
118634	28	21300	962	0
33885	28	1268	962	0
66811	28	817	962	0
33887	28	350	962	0
8468	28	881	962	0
29285	28	111	962	0
12957	28	1862	962	0
18969	28	1481	962	0
39216	28	471	962	0
64204	28	2941	962	0
39463	28	1938	962	0
19178	28	273	962	0
75489	28	1014	962	0
114786	28	2534	962	0
115054	28	963	962	0
52950	28	506	962	0
34113	28	550	962	0
42280	28	3924	962	0
7684	28	1199	962	0
22326	28	716	962	0
16840	28	1552	962	0
9406	28	106	962	0
102757	28	4724	962	0
22135	28	1672	962	0
48503	28	1557	962	0
22342	28	2442	962	0
11244	28	1172	962	0
71741	28	1563	962	0
41980	16	89103	962	0
11616	28	5711	962	0
25489	28	1455	962	0
88766	28	1152	962	0
19166	28	25491	962	0
55294	28	2442	962	0
28882	28	1024	962	0
19269	28	144	962	0
14730	28	1158	962	0
67058	28	2851	962	0
16983	28	717	962	0
49636	28	22	962	0
9441	28	489	962	0
48977	28	3513	962	0
10486	28	610	962	0
39815	28	391	962	0
76942	28	15862	962	0
66032	28	1147	962	0
14950	28	215	962	0
12840	28	32	962	0
34611	28	821	962	0
103385	28	2829	962	0
19625	28	798	962	0
137824	28	20694	962	0
43292	28	268	962	0
43076	28	871	962	0
61819	28	1468	962	0
7911	28	261	962	0
22572	28	1158	962	0
119389	14	854	962	0
89772	28	77723	962	0
26108	28	470	962	0
11415	28	3974	962	0
8685	28	80	962	0
14999	28	2740	962	0
14661	28	223	962	0
19129	28	3553	962	0
30370	28	2236	962	0
7748	28	147	962	0
15129	28	871	962	0
19767	28	2154	962	0
11916	28	1413	962	0
30333	28	670	962	0
67354	28	1793	962	0
6284	28	828	962	0
30493	28	1862	962	0
117237	28	14947	962	0
48069	28	1500	962	0
43076	28	1813	962	0
56374	28	3212	962	0
6897	28	4525	962	0
29795	28	223	962	0
13477	28	1862	962	0
29716	28	1475	962	0
78003	28	821	962	0
138428	28	1044	962	0
20037	28	1333	962	0
76868	28	6921	962	0
52856	28	635	962	0
73847	14	5700	962	0
58237	28	5963	962	0
14882	28	1942	962	0
15238	28	821	962	0
9382	28	1356	962	0
8372	28	72	962	0
58273	28	1068	962	0
10697	28	4917	962	0
133242	28	835	962	0
29279	28	147	962	0
40934	28	2834	962	0
6266	28	58	962	0
26373	28	3276	962	0
8812	28	536	962	0
8091	28	153	962	0
26006	28	159	962	0
30190	28	1214	962	0
50348	28	404	962	0
29723	28	8057	962	0
26566	28	1808	962	0
88421	28	1316	962	0
23075	28	2430	962	0
17416	28	365	962	0
50364	28	39338	962	0
54504	28	1477	962	0
17440	28	1431	962	0
138690	28	657	962	0
5239	28	1242	962	0
26740	28	2475	962	0
63609	23	120161	962	0
120161	23	63609	962	0
54761	28	268	962	0
46525	28	1660	962	0
7976	28	85	962	0
78240	28	1117	962	0
20130	28	1744	962	0
49275	28	3896	962	0
15377	28	1314	962	0
41051	28	1644	962	0
18877	28	123	962	0
15386	28	112	962	0
25355	28	418	962	0
8847	28	1035	962	0
62872	28	2218	962	0
62035	28	417	962	0
67058	28	67683	962	0
11250	28	4750	962	0
17118	28	1314	962	0
87389	28	418	962	0
101449	14	32577	962	0
30955	28	640	962	0
47456	28	178	962	0
26337	28	3974	962	0
60602	28	2569	962	0
84078	28	244	962	0
15414	28	1529	962	0
65633	28	3488	962	0
15531	28	20	962	0
14553	28	1083	962	0
4598	28	1161	962	0
8878	28	471	962	0
100647	14	444	962	0
34472	28	3810	962	0
55132	28	484	962	0
10839	28	548	962	0
34993	28	4724	962	0
20438	28	994	962	0
35868	28	336	962	0
31065	28	1570	962	0
26558	28	899	962	0
17467	28	531	962	0
21824	28	126	962	0
40634	28	1474	962	0
104590	28	7947	962	0
17231	28	569	962	0
9328	28	3974	962	0
47875	28	1260	962	0
48069	28	670	962	0
85892	28	2793	962	0
25565	28	27094	962	0
64253	28	8913	962	0
7748	28	1122	962	0
27055	28	152	962	0
73688	28	427	962	0
36081	28	2411	962	0
22642	28	346	962	0
7720	28	731	962	0
12139	28	773	962	0
6899	28	2857	962	0
47837	28	2980	962	0
29016	28	1305	962	0
27129	28	10385	962	0
47964	28	464	962	0
9240	28	76	962	0
8170	28	64214	962	0
9852	28	1309	962	0
14486	28	1519	962	0
56424	28	8531	962	0
10109	28	912	962	0
20567	28	703	962	0
27255	28	1725	962	0
23616	28	158	962	0
90888	28	2834	962	0
8200	28	1092	962	0
20641	28	370	962	0
30759	28	2236	962	0
78690	28	3103	962	0
104914	28	1887	962	0
8348	28	793	962	0
52121	28	19	962	0
13649	28	743	962	0
30713	28	158	962	0
23291	28	1508	962	0
12321	28	6433	962	0
11299	28	331	962	0
13809	28	1305	962	0
26178	28	27	962	0
8936	28	219	962	0
84400	28	1745	962	0
36335	28	5549	962	0
57715	28	24383	962	0
27319	28	1793	962	0
14914	28	251	962	0
64563	28	463	962	0
68042	28	1404	962	0
41139	28	357	962	0
87785	28	659	962	0
31493	28	693	962	0
22380	28	1640	962	0
14374	28	154	962	0
26222	28	347	962	0
36411	28	42022	962	0
17621	28	4308	962	0
76171	28	2593	962	0
13853	28	4340	962	0
36342	28	1519	962	0
83818	28	2853	962	0
23746	28	413	962	0
73721	28	835	962	0
71087	28	1112	962	0
162175	28	65072	962	0
37155	28	1793	962	0
12390	28	91	962	0
74824	28	912	962	0
35764	28	397	962	0
12371	28	14998	962	0
53591	28	640	962	0
74694	28	3388	962	0
9907	28	883	962	0
37671	28	2639	962	0
78936	28	2204	962	0
19830	28	1304	962	0
31671	28	1201	962	0
66796	28	2621	962	0
12426	28	490	962	0
20809	28	4726	962	0
42238	28	2083	962	0
55946	14	105360	962	0
62446	28	22339	962	0
43546	28	2223	962	0
9091	28	1691	962	0
20864	28	244	962	0
26772	28	795	962	0
41626	14	943	962	0
77944	28	5461	962	0
11923	28	1726	962	0
54674	28	1193	962	0
15066	28	1508	962	0
56128	28	23841	962	0
99883	28	3879	962	0
57690	28	1186	962	0
6056	28	402	962	0
18012	28	307	962	0
40957	28	1557	962	0
10471	28	661	962	0
48870	28	3574	962	0
18020	28	572	962	0
30948	28	1265	962	0
33486	28	327	962	0
79075	28	16076	962	0
11425	28	283	962	0
13932	28	1374	962	0
6582	28	46	962	0
5314	23	5863	962	0
87187	28	4440	962	0
23306	28	4866	962	0
36067	28	1112	962	0
14211	28	552	962	0
52599	28	668	962	0
14571	28	4724	962	0
31493	28	550	962	0
47820	28	12314	962	0
25115	28	254	962	0
42242	28	135	962	0
12784	28	1563	962	0
27746	28	917	962	0
79105	28	232	962	0
22144	28	1954	962	0
19355	28	1242	962	0
6856	28	404	962	0
91590	28	1542	962	0
15711	28	2440	962	0
75536	28	1014	962	0
5610	28	912	962	0
13964	28	231	962	0
58900	28	8490	962	0
68336	28	573	962	0
40669	28	9520	962	0
77982	28	121917	962	0
68351	28	3410	962	0
39114	14	5700	962	0
101066	28	112	962	0
23984	28	2261	962	0
4470	28	405	962	0
15921	28	1331	962	0
12518	28	4480	962	0
42514	28	1607	962	0
105825	28	2602	962	0
15595	28	14	962	0
15901	28	418	962	0
122016	28	23828	962	0
9693	28	261	962	0
17494	28	39	962	0
37014	28	1619	962	0
5840	28	5661	962	0
96189	14	162860	962	0
15029	28	8239	962	0
56728	28	1150	962	0
23762	28	1333	962	0
9981	28	1364	962	0
51936	28	2204	962	0
58492	28	2737	962	0
55161	14	25938	962	0
15989	28	2156	962	0
14706	28	211	962	0
14919	28	360	962	0
9005	28	3354	962	0
19942	28	1785	962	0
29397	28	547	962	0
38853	28	1788	962	0
32145	28	2701	962	0
13108	28	381	962	0
26749	28	669	962	0
49961	28	5238	962	0
27333	28	624	962	0
58207	28	2802	962	0
8203	28	464	962	0
24121	28	28	962	0
65197	28	2177	962	0
79413	28	1360	962	0
30885	28	1277	962	0
27334	28	348	962	0
49423	28	126	962	0
52423	28	43914	962	0
14817	28	548	962	0
11891	28	1349	962	0
75063	28	499	962	0
37127	28	536	962	0
14232	28	1866	962	0
21114	28	1311	962	0
17703	28	1299	962	0
79477	28	163172	962	0
32029	28	1590	962	0
21164	28	257	962	0
24956	28	215	962	0
23414	28	2366	962	0
21173	28	3299	962	0
44944	28	723	962	0
26926	28	661	962	0
17926	28	348	962	0
66117	28	2795	962	0
37211	28	8354	962	0
37220	28	119	962	0
6214	28	2205	962	0
10902	28	808	962	0
21144	28	410	962	0
10014	28	799	962	0
47994	28	616	962	0
122607	28	50918	962	0
49538	28	337	962	0
66248	28	37279	962	0
6709	28	2347	962	0
79596	28	357	962	0
39500	28	2242	962	0
37377	28	420	962	0
37385	28	1666	962	0
8136	28	24	962	0
37386	28	143	962	0
17587	28	321	962	0
63760	28	1074	962	0
75545	28	5820	962	0
37346	28	1528	962	0
8023	28	493	962	0
25031	28	110	962	0
122792	16	106494	962	0
122803	28	267	962	0
122831	28	1741	962	0
41040	28	770	962	0
84463	28	455	962	0
10265	28	87	962	0
35637	28	101	962	0
11271	28	4823	962	0
46747	28	1725	962	0
41724	28	418	962	0
32438	28	309	962	0
79714	28	348	962	0
28939	28	19743	962	0
43981	28	1388	962	0
43984	28	20927	962	0
15335	28	1170	962	0
9759	28	1153	962	0
90172	28	2977	962	0
23719	28	1265	962	0
31150	28	2323	962	0
12981	28	1567	962	0
106676	28	2798	962	0
32393	28	1333	962	0
30394	28	889	962	0
15339	28	3092	962	0
68804	28	1965	962	0
59233	28	1132	962	0
14630	28	4440	962	0
30956	28	988	962	0
38077	28	1218	962	0
7504	28	2621	962	0
141975	14	19633	962	0
48155	14	4523	962	0
86562	28	911	962	0
106812	28	7654	962	0
25551	28	3637	962	0
5851	28	72	962	0
16511	28	298	962	0
21452	28	3974	962	0
59279	28	1331	962	0
14199	28	846	962	0
17936	28	3051	962	0
83067	28	228	962	0
16580	28	72	962	0
79964	28	4200	962	0
6312	28	73	962	0
9116	28	1624	962	0
19771	28	57	962	0
59304	28	391	962	0
10001	28	2398	962	0
9406	28	536	962	0
17830	28	9028	962	0
23597	28	3810	962	0
39305	28	1643	962	0
11223	28	294	962	0
5324	28	46	962	0
103182	28	17677	962	0
74958	28	702	962	0
12625	28	451	962	0
8774	28	1597	962	0
85363	28	1954	962	0
13728	28	12314	962	0
21169	28	49	962	0
59373	28	2791	962	0
6851	28	23929	962	0
30210	28	315	962	0
19212	28	751	962	0
107132	28	3376	962	0
34261	28	2908	962	0
35905	28	175	962	0
142436	14	44164	962	0
80143	28	702	962	0
45902	28	809	962	0
50796	28	3385	962	0
50984	28	1075	962	0
51197	28	1832	962	0
60902	28	10786	962	0
97668	28	1384	962	0
17320	28	548	962	0
40832	28	4480	962	0
49393	28	129	962	0
12292	28	47	962	0
71134	28	2517	962	0
64731	28	135	962	0
92759	28	1738	962	0
78572	28	603	962	0
6445	28	742	962	0
99788	28	798	962	0
73067	28	1269	962	0
35372	28	1726	962	0
22882	28	74	962	0
8949	28	57	962	0
54291	28	404	962	0
59437	28	1468	962	0
8476	28	1008	962	0
9623	28	65664	962	0
10715	28	120	962	0
55294	28	1083	962	0
65181	28	23573	962	0
60925	28	1627	962	0
79589	28	2602	962	0
20244	28	821	962	0
107377	28	3914	962	0
49741	28	1793	962	0
64513	28	2878	962	0
51273	28	1715	962	0
51275	28	2809	962	0
12573	28	1793	962	0
24084	28	1652	962	0
51279	28	1254	962	0
48092	28	708	962	0
31403	28	1545	962	0
45193	28	400	962	0
79968	28	1214	962	0
55421	28	2218	962	0
107479	28	16938	962	0
21681	28	105	962	0
9964	28	625	962	0
34110	28	309	962	0
10397	28	150	962	0
42265	28	640	962	0
9389	28	5643	962	0
7208	28	2152	962	0
64705	28	391	962	0
17370	28	39	962	0
17473	28	72	962	0
12444	28	640	962	0
86268	28	1266	962	0
27852	28	168	962	0
67325	28	640	962	0
23627	28	1363	962	0
47795	28	54	962	0
34128	28	16070	962	0
43032	28	69278	962	0
83433	28	3688	962	0
8560	28	758	962	0
5443	28	63	962	0
11295	28	622	962	0
124164	14	26070	962	0
22638	28	262	962	0
49033	28	511	962	0
44325	28	2522	962	0
14719	28	846	962	0
22715	28	1841	962	0
107525	28	1245	962	0
9279	28	131	962	0
23604	28	2366	962	0
25061	28	2293	962	0
62163	28	3425	962	0
36114	28	8428	962	0
10455	28	39	962	0
70760	28	233	962	0
73970	28	5420	962	0
25008	28	673	962	0
21544	28	106	962	0
79836	28	1324	962	0
52058	28	23269	962	0
56402	28	2519	962	0
7286	28	38	962	0
124403	28	809	962	0
107249	28	1032	962	0
52527	28	4083	962	0
13982	28	1983	962	0
59725	28	471	962	0
36982	28	715	962	0
6295	28	399	962	0
19415	28	152	962	0
38134	28	2653	962	0
49252	28	5508	962	0
84934	28	1292	962	0
27761	28	536	962	0
48982	28	580	962	0
69442	28	1987	962	0
70531	28	268	962	0
84497	28	1785	962	0
28195	28	399	962	0
57584	28	2808	962	0
107148	28	882	962	0
61508	28	2103	962	0
89107	28	416	962	0
62745	28	2941	962	0
62696	28	783	962	0
72640	28	1557	962	0
7357	28	1162	962	0
85960	28	397	962	0
20873	28	872	962	0
20427	28	1213	962	0
62125	28	7633	962	0
41750	28	2226	962	0
44216	28	2702	962	0
78341	28	416	962	0
31321	28	526	962	0
11200	28	803	962	0
58225	28	1023	962	0
46570	28	1214	962	0
12338	28	632	962	0
57371	28	1814	962	0
140101	28	22251	962	0
15650	28	1556	962	0
101973	28	1265	962	0
52826	28	3788	962	0
88366	14	2368	962	0
29279	28	2283	962	0
14011	28	321	962	0
40558	28	850	962	0
34730	28	968	962	0
30134	28	4459	962	0
14016	28	1611	962	0
107302	28	397	962	0
33149	28	4324	962	0
12748	28	265	962	0
15231	28	1041	962	0
36547	28	1028	962	0
16028	16	2833	962	0
31759	28	1468	962	0
48777	28	220	962	0
70762	28	108292	962	0
16985	28	1950	962	0
76286	28	1024	962	0
6868	28	357	962	0
122972	28	2829	962	0
56623	28	526	962	0
59867	28	1873	962	0
21519	28	206	962	0
18431	28	505	962	0
24118	28	39	962	0
13760	28	55	962	0
46240	28	751	962	0
76427	28	2977	962	0
25142	28	145	962	0
18627	28	1861	962	0
27555	28	106	962	0
49430	28	819	962	0
25876	28	135	962	0
7496	28	111	962	0
11301	28	80	962	0
52262	28	1509	962	0
54418	28	2623	962	0
125055	28	3420	962	0
8843	28	1507	962	0
59201	28	1141	962	0
20682	28	731	962	0
12400	28	1395	962	0
58689	28	17469	962	0
26106	28	1041	962	0
69284	14	166113	962	0
7073	28	540	962	0
7691	28	5643	962	0
56295	28	411	962	0
88655	16	2833	962	0
47176	28	1266	962	0
5419	28	1567	962	0
20059	28	99	962	0
37120	28	1590	962	0
20472	28	526	962	0
108474	28	4458	962	0
18809	28	95	962	0
24044	28	2093	962	0
8393	28	205	962	0
22424	28	2198	962	0
51368	28	368	962	0
83771	28	623	962	0
76275	28	2300	962	0
42279	28	336	962	0
59490	28	17985	962	0
24626	28	105	962	0
19346	28	486	962	0
48099	28	348	962	0
24002	28	1097	962	0
13258	28	38204	962	0
31034	28	16704	962	0
39415	28	2766	962	0
4708	28	780	962	0
59613	28	1477	962	0
11879	28	29	962	0
52065	28	860	962	0
106743	16	45070	962	0
13015	28	313	962	0
69073	28	4268	962	0
7764	28	104	962	0
3874	28	239	962	0
22182	28	3078	962	0
30108	28	2834	962	0
6335	28	511	962	0
68652	28	2701	962	0
37272	28	2180	962	0
63591	28	1730	962	0
18420	28	2623	962	0
10684	28	416	962	0
37136	28	2159	962	0
66741	28	21233	962	0
12381	28	698	962	0
31488	28	1009	962	0
49961	28	1570	962	0
41880	28	551	962	0
76167	14	1746	962	0
26608	28	490	962	0
33975	28	309	962	0
144764	28	817	962	0
78205	28	1542	962	0
56759	28	784	962	0
44531	28	2632	962	0
49953	28	5740	962	0
62866	28	3637	962	0
12090	28	731	962	0
4827	28	53	962	0
28792	28	2517	962	0
15912	28	1302	962	0
25594	28	485	962	0
47477	28	21359	962	0
89244	28	1214	962	0
58293	28	781	962	0
81120	28	1898	962	0
56696	28	2564	962	0
65124	14	9720	962	0
9875	28	337	962	0
94010	28	309	962	0
93579	28	9341	962	0
51455	28	416	962	0
48251	28	68784	962	0
42455	28	835	962	0
8666	28	866	962	0
90760	28	2442	962	0
24170	28	528	962	0
100306	28	536	962	0
62622	28	165	962	0
8116	28	223	962	0
10082	28	1055	962	0
21256	28	405	962	0
51690	28	506	962	0
40185	28	1004	962	0
14531	28	1793	962	0
67208	28	124	962	0
15477	28	407	962	0
19990	28	13912	962	0
24490	28	1887	962	0
54571	28	1218	962	0
53367	28	568	962	0
23329	28	199	962	0
108984	28	41571	962	0
51711	14	80563	962	0
92158	28	1066	962	0
145307	14	3473	962	0
35228	28	1158	962	0
97349	28	79193	962	0
125899	28	1944	962	0
69857	28	528	962	0
35662	28	1275	962	0
79830	28	1177	962	0
8451	28	1071	962	0
12264	28	864	962	0
75545	28	4750	962	0
4943	28	46	962	0
31869	28	168	962	0
46345	28	1507	962	0
15033	28	485	962	0
8849	28	26283	962	0
49608	28	355	962	0
76628	28	4750	962	0
90771	28	969	962	0
77975	28	1908	962	0
26302	28	4588	962	0
8620	28	1528	962	0
89797	28	2853	962	0
29597	28	3103	962	0
27733	28	1333	962	0
29157	28	3339	962	0
54114	28	2434	962	0
13791	28	294	962	0
13065	28	309	962	0
22252	28	980	962	0
71349	28	4895	962	0
11090	28	620	962	0
33813	28	265	962	0
69924	28	1242	962	0
53128	28	2088	962	0
107704	28	1708	962	0
35537	28	2116	962	0
20990	28	1862	962	0
19774	28	2189	962	0
83598	28	4589	962	0
9533	28	796	962	0
13421	28	1862	962	0
27893	28	1153	962	0
9562	28	106	962	0
48069	28	2851	962	0
19616	28	3277	962	0
32852	28	283	962	0
9180	28	2583	962	0
31901	14	25589	962	0
