60168	28	343	935	937
28664	28	5043	935	937
40898	28	477	935	937
79175	28	78	935	937
93890	28	4810	935	937
9397	28	701	935	937
14641	28	1420	935	937
51495	28	460	935	937
122942	28	45	935	937
18270	28	169	935	937
92984	28	57	935	937
33114	28	186	935	937
2883	28	46	935	937
104091	28	749	935	937
33241	28	134	935	937
95665	28	98	935	937
83618	28	1230	935	937
60411	28	3378	935	937
21475	28	85	935	937
23671	28	3418	935	937
77744	28	81	935	937
9678	28	701	935	937
19835	28	286	935	937
8366	28	14	935	937
128613	28	481	935	937
22517	28	27	935	937
34847	28	321	935	937
46660	28	105	935	937
77955	28	143	935	937
18769	28	20	935	937
3652	28	396	935	937
108937	28	328	935	937
155433	28	470	935	937
115247	28	793	935	937
60381	28	123	935	937
33541	28	252	935	937
40159	28	181	935	937
46742	28	53	935	937
66293	28	381	935	937
9257	28	14536	935	938
45399	28	126	935	938
22206	28	350	935	938
61481	28	3235	935	938
29862	28	123	935	938
9077	28	126	935	938
62470	28	1969	935	938
35482	28	313	935	938
23184	28	643	935	938
17626	28	514	935	938
7816	28	14	935	938
55894	28	2109	935	938
64809	28	11473	935	938
54251	28	111	935	938
64161	28	203	935	938
11508	28	624	935	938
18632	28	155	935	938
35712	28	940	935	938
66511	28	28141	935	938
61931	28	295	935	938
102745	28	30	935	938
71393	28	146	935	938
10652	28	22	935	938
13191	28	54101	935	938
13031	28	101	935	938
40542	28	41	935	938
72976	28	2488	935	938
48350	28	153	935	938
121270	28	280	935	938
91354	28	215	935	938
11833	28	20	935	938
79649	28	3000	935	938
55980	28	233	935	938
49731	28	290	935	938
36912	28	14	935	938
72190	28	3885	935	938
10631	28	1238	935	938
8232	28	143	935	938
92967	28	596	935	938
17036	28	88	935	938
43055	28	240	935	938
24636	28	164	935	938
108295	28	228	935	938
7999	28	1021	935	938
29315	14	4099	935	938
21994	28	383	935	938
23919	28	74	935	938
65038	28	5160	935	938
37288	28	2349	935	938
67753	28	221	935	938
51014	28	46	935	938
68848	28	273	935	938
7123	28	45	935	938
25278	28	868	935	938
36039	28	164	935	938
109867	28	91	935	938
14809	28	247	935	938
22924	28	1718	935	938
37076	28	29	935	938
28532	28	152	935	938
61064	28	454	935	938
22206	28	5377	935	938
56855	28	490	935	938
39687	28	102	935	938
32420	28	23	935	938
73553	28	166	935	938
10545	28	431	935	938
50481	28	44	935	938
33260	28	19	935	938
51125	28	174	935	938
19163	28	1100	935	938
27515	28	65	935	938
28819	28	186	935	938
28849	28	542	935	938
60071	28	99	935	938
8600	28	503	935	938
114290	28	79	935	938
111359	28	1297	935	938
17200	28	422	935	938
77274	28	785	935	938
15614	28	76	935	938
15938	28	47	935	938
17613	28	158	935	938
72499	28	5931	935	938
14911	28	43	935	938
73781	28	57	935	938
60531	28	232	935	938
6970	28	20	935	938
38606	28	28	935	938
66963	28	343	935	938
128234	28	126	935	938
5608	28	277	935	938
62376	28	78	935	938
38153	28	474	935	938
93909	28	298	935	938
25255	28	103	935	938
23223	28	531	935	938
33359	28	291	935	938
29191	28	381	935	938
14200	28	68	935	938
20561	28	122	935	938
17131	28	290	935	938
10556	28	22	935	938
102953	28	774	935	938
83634	28	139	935	938
47065	28	395	935	938
14047	28	242	935	938
10425	28	259	935	938
53607	28	1283	935	938
9675	28	3169	935	938
32130	28	170	935	938
32810	28	395	935	938
8784	28	530	935	938
51453	28	143	935	938
17272	28	3073	935	938
52212	28	111	935	938
15898	28	36	935	938
9639	28	19	935	938
26538	28	290	935	938
33064	28	102	935	938
96988	28	83	935	938
28610	28	186	935	938
52320	28	58	935	938
27507	28	277	935	938
13047	28	78	935	938
15847	28	136	935	938
49728	28	39	935	938
39573	28	530	935	938
59734	28	227	935	938
25993	28	101	935	938
14357	28	649	935	938
38260	28	122	935	938
19493	28	247	935	939
15010	28	131	935	939
16958	28	43	935	939
12124	28	573	935	939
98578	28	3885	935	939
36039	28	198	935	939
12178	28	123	935	939
61606	28	4142	935	939
76462	28	239	935	939
66503	28	30	935	939
102467	28	71	935	939
26053	28	244	935	939
54643	28	164	935	939
73658	28	633	935	939
6007	28	36	935	939
7124	28	101	935	939
6172	28	20	935	939
73912	16	90046	935	939
31606	28	358	935	939
63098	28	693	935	939
73163	28	48	935	939
92820	28	6081	935	939
123936	28	57	935	939
48272	28	289	935	939
38402	28	133	935	939
11811	28	10003	935	939
16169	28	825	935	939
69811	28	214	935	939
11314	28	118	935	939
26113	28	942	935	939
44300	28	2897	935	939
13490	28	21732	935	939
59687	28	234	935	939
61510	28	1244	935	939
47801	28	135	935	939
7315	28	38	935	939
57096	28	241	935	939
59597	28	603	935	939
10757	28	364	935	939
53697	28	752	935	939
18425	28	615	935	939
9682	28	1122	935	939
44839	28	198	935	939
14477	28	159	935	939
89345	28	216	935	939
47666	28	152	935	939
11043	28	14	935	939
54394	28	36	935	939
98908	28	257	935	939
85625	28	216	935	939
81996	28	245	935	939
25678	28	836	935	939
15331	28	221	935	939
11936	28	1182	935	939
94971	28	959	935	939
11747	28	42	935	939
28482	28	106	935	939
123671	28	216	935	939
69656	28	109	935	939
60249	28	143	935	939
27095	28	586	935	939
13160	28	57	935	939
22042	28	92	935	939
80882	28	16	935	939
86870	28	2718	935	939
108244	28	632	935	939
38975	28	309	935	939
53956	28	1073	935	939
64425	28	273	935	939
31856	28	293	935	939
14458	28	1700	935	939
102847	28	37	935	939
30028	28	15163	935	939
82751	28	415	935	939
98082	30	2256	935	939
130906	28	460	935	939
153491	28	821	935	939
30091	28	27	935	939
14592	28	400	935	939
49228	28	31	935	939
39452	28	836	935	939
26983	28	16	935	939
71534	28	752	935	939
18202	28	76	935	939
22362	28	37	935	940
22549	28	259	935	940
36105	28	796	935	940
46689	28	2223	935	940
36535	28	242	935	940
23439	28	192	935	940
23962	28	288	935	940
20619	28	134	935	940
65756	28	27	935	940
70880	28	748	935	940
36253	28	142	935	940
19700	28	333	935	940
5020	28	43	935	940
13047	28	8539	935	940
102509	28	109	935	940
67611	28	169	935	940
18956	28	1031	935	940
13654	28	149	935	940
8530	28	412	935	940
26122	28	660	935	940
50889	28	228	935	940
13509	28	619	935	940
31246	28	112	935	940
59734	28	259	935	940
33033	28	80	935	940
87115	28	1297	935	940
145243	28	12324	935	940
108051	28	835	935	940
6034	28	49	935	940
20278	28	149	935	940
168150	16	20842	935	940
51343	28	617	935	940
121811	28	192	935	940
50775	28	186	935	940
25925	28	67	935	940
77955	28	1135	935	940
143593	28	547	935	940
22966	28	1211	935	940
60055	28	71	935	940
63893	28	159	935	940
28658	28	101	935	940
13402	28	27	935	940
16798	28	136	935	940
51655	28	135	935	940
25928	28	592	935	940
36901	28	269	935	940
107994	28	1119	935	940
76778	23	5341	935	940
49195	28	390	935	940
36824	28	366	935	940
14802	28	177	935	940
92061	28	261	935	940
103176	28	36492	935	940
90074	28	455	935	940
17330	28	145	935	940
33206	28	109	935	940
49444	28	64	935	940
9358	28	65	935	940
117917	28	101	935	940
17892	28	76	935	940
19168	28	213	935	940
47646	28	143	935	940
5024	28	67	935	940
35465	28	149	935	940
15881	28	112	935	940
41232	28	508	935	940
83177	28	122	935	940
26156	28	390	935	940
6523	28	55	935	940
91981	28	66	935	940
4593	28	109	935	940
8154	28	46	935	940
16067	28	406	935	940
55450	28	283	935	940
25111	28	36	935	940
81893	28	366	935	940
20466	28	227	935	941
49589	28	866	935	941
16701	28	28	935	941
8460	28	161	935	941
12899	28	72	935	941
123431	28	933	935	941
7379	28	30	935	941
38165	28	7052	935	941
8335	28	20	935	941
74785	28	37	935	941
5718	28	36	935	941
11276	28	253	935	941
20069	28	91	935	941
49779	28	36	935	941
30161	28	910	935	941
4691	23	10783	935	941
17548	28	162	935	941
63466	28	661	935	941
69955	28	783	935	941
54410	28	530	935	941
24666	28	263	935	941
53728	28	1522	935	941
20561	28	223	935	941
6007	28	29	935	941
32840	28	615	935	941
106443	28	261	935	941
92457	28	142	935	941
19327	28	46	935	941
38935	28	110	935	941
12730	28	67	935	941
22173	28	193	935	941
10017	28	283	935	941
19480	28	60	935	941
20301	28	387	935	941
19929	28	2709	935	941
49048	28	263	935	941
11341	28	1035	935	941
7788	28	50	935	941
24608	28	73	935	941
19988	28	3386	935	941
68606	28	68	935	941
17338	28	162	935	941
29832	28	193	935	941
45553	28	34	935	941
45195	28	1169	935	941
18670	28	135	935	941
34620	28	61	935	941
124815	28	23562	935	941
35325	28	165	935	941
59139	28	268	935	941
13255	28	1100	935	941
58259	28	164	935	941
138223	28	261	935	941
35462	28	242	935	942
47595	28	155	935	942
14363	28	73	935	942
19956	28	112	935	942
47904	28	154	935	942
71419	28	370	935	942
25044	28	1297	935	942
8333	28	527	935	942
121886	28	2599	935	942
86864	28	217	935	942
25110	28	41	935	942
39371	28	162	935	942
14645	28	46	935	942
120723	28	495	935	942
23853	28	52	935	942
52927	28	431	935	942
10988	28	186	935	942
72318	28	610	935	942
18134	28	42	935	942
28378	28	516	935	942
27004	28	103	935	942
40656	28	1933	935	942
27260	28	104	935	942
22507	28	2331	935	942
21556	28	56	935	942
121081	28	153	935	942
23970	28	464	935	942
51718	28	628	935	942
28814	28	276	935	942
60348	28	217	935	942
146823	28	228	935	942
27089	28	160	935	942
27139	28	162	935	942
59234	28	76	935	942
51769	28	396	935	942
55374	28	413	935	942
25385	28	213	935	942
41914	28	71	935	942
60409	28	309	935	942
25402	28	124	935	942
111443	28	309	935	942
11571	28	2469	935	942
29632	28	126	935	942
51488	28	657	935	942
81955	28	2390	935	942
44812	28	535	935	943
10320	28	121	935	943
20325	28	345	935	943
13240	28	397	935	943
15202	28	248	935	943
88121	28	184	935	943
22243	28	73	935	943
58333	28	520	935	943
64232	28	447	935	943
46673	28	1290	935	943
92560	28	452	935	943
17215	28	11779	935	943
76631	28	252	935	943
8402	28	22	935	943
54978	28	109	935	943
42461	28	60	935	943
49152	28	253	935	943
21828	28	217	935	943
39179	28	648	935	943
30028	28	1300	935	943
16798	28	32	935	943
14225	28	233	935	943
19105	28	6223	935	943
20691	28	217	935	943
15027	28	60	935	943
47178	28	750	935	943
59628	28	1023	935	943
14861	28	550	935	943
29476	28	937	935	943
26557	28	31	935	943
23118	28	355	935	943
43898	28	996	935	943
24679	28	295	935	943
9493	28	144	935	943
31346	28	230	935	943
72131	28	133	935	944
27624	28	158	935	944
72637	28	869	935	944
48690	28	257	935	944
19825	28	267	935	944
31668	28	135	935	944
15296	28	22	935	944
127932	28	901	935	944
11962	28	540	935	944
93102	28	1216	935	944
27930	23	61788	935	944
49305	23	123560	935	944
23774	28	1556	935	944
92812	28	167	935	944
131109	16	13389	935	944
17224	28	27	935	944
96622	28	280	935	944
10608	23	116586	935	945
116586	23	10608	935	945
35566	28	32	935	945
97933	28	510	935	945
34489	28	256	935	945
35471	28	267	935	945
9540	28	14	935	945
94892	28	3656	935	945
6786	23	5155	935	945
111867	28	263	935	945
36349	28	213	935	945
8385	28	315	935	945
39848	28	244	935	946
15803	28	14	935	946
96921	28	933	935	946
45553	28	95	935	946
71249	28	531	935	946
118429	28	268	935	946
44022	28	510	935	946
21973	28	547	935	946
21776	28	44	935	946
38299	28	217	935	946
89962	28	1316	935	946
18542	28	261	935	946
24770	28	50	935	946
44200	28	510	935	946
36615	28	2385	935	946
29810	28	268	935	946
111810	28	348	935	946
49264	28	255	935	946
39113	16	1256	935	946
32218	28	206	935	946
45419	28	206	935	947
36610	28	227	935	947
40656	28	484	935	947
32166	28	323	935	947
98721	28	531	935	947
16045	28	255	935	947
15219	28	29	935	947
60116	28	1495	935	947
59959	28	484	935	947
20969	28	50	935	947
17875	28	121	935	948
64940	28	648	935	948
75307	28	144	935	948
59688	28	712	935	948
45161	28	453	935	948
143808	28	1123	935	949
79693	23	13460	935	949
49599	28	112	935	949
33360	28	327	935	949
37048	28	494	935	949
51479	28	70	935	949
36257	28	223	935	949
6054	23	4224	935	950
41877	23	64648	935	950
41565	28	350	935	950
51010	28	181	935	950
16605	28	520	935	951
32166	28	304	935	951
114280	16	1419	935	951
80061	28	95	935	951
8350	28	227	935	952
51358	28	37	935	952
13640	28	1300	935	952
69676	28	199	935	952
6482	28	2838	935	953
22054	23	21185	935	954
21185	23	22054	935	954
128027	14	36557	935	954
94661	23	6401	935	955
35680	23	87148	935	959
8297	23	148137	935	962
3618	23	130274	935	963
130274	23	3618	935	963
105926	23	140850	935	964
92697	23	155513	935	964
99751	23	9477	935	965
155513	23	92697	935	966
97424	23	52289	935	967
23875	23	74589	935	967
7630	28	2642	936	0
25341	28	216	936	0
22275	28	7803	936	0
18985	28	690	936	0
14761	28	288	936	0
45613	28	4020	936	0
34740	14	1217	936	0
62541	28	257	936	0
5564	28	265	936	0
14304	28	28	936	0
47096	28	10125	936	0
63290	6	8074	936	0
14225	28	418	936	0
15605	28	1922	936	0
31380	28	3339	936	0
48201	28	1922	936	0
13800	28	7803	936	0
158061	14	25618	936	0
65002	28	2006	936	0
63716	28	7340	936	0
87131	28	1844	936	0
85115	28	176	936	0
98721	28	377	936	0
87465	28	464	936	0
27764	14	943	936	0
9683	28	44	936	0
36077	28	2006	936	0
24166	28	8040	936	0
88338	28	1129	936	0
35295	28	288	936	0
37264	28	19	936	0
88921	14	118326	936	0
118506	23	63959	936	0
18985	28	784	936	0
118654	14	5693	936	0
101834	14	7183	936	0
84436	28	13077	936	0
16798	28	418	936	0
34431	28	260	936	0
36374	14	902	936	0
86172	28	413	936	0
119129	28	2283	936	0
119166	28	49554	936	0
22415	28	136	936	0
18714	28	233	936	0
89771	28	1788	936	0
87814	28	927	936	0
62541	28	502	936	0
161088	14	207	936	0
119129	28	1924	936	0
30939	28	333	936	0
49324	28	167	936	0
13544	28	494	936	0
104629	28	257	936	0
27001	28	1601	936	0
15261	28	459	936	0
15613	28	2019	936	0
13430	28	4020	936	0
4622	1	67623	936	0
34879	28	4020	936	0
26191	28	1844	936	0
42435	28	1435	936	0
40488	28	2941	936	0
99208	6	4029	936	0
15898	28	1722	936	0
57096	28	486	936	0
54251	28	78	936	0
49657	28	5378	936	0
55409	14	2297	936	0
83626	14	5000	936	0
10389	28	150	936	0
11819	28	53	936	0
5677	28	247	936	0
68819	28	678	936	0
14643	28	3160	936	0
30983	28	337	936	0
53263	28	2006	936	0
25009	28	119	936	0
22635	14	4086	936	0
107478	28	1844	936	0
117629	28	415	936	0
93008	28	365	936	0
124079	16	226	936	0
28006	28	14452	936	0
15881	28	54	936	0
34489	28	486	936	0
93157	28	454	936	0
25877	28	980	936	0
65811	28	635	936	0
39173	28	3160	936	0
46481	28	213	936	0
52625	23	13010	936	0
23750	28	418	936	0
141401	16	226	936	0
80065	28	464	936	0
59684	28	6568	936	0
77845	28	2006	936	0
6166	28	211	936	0
80896	28	3323	936	0
6495	28	11409	936	0
7036	14	1491	936	0
47076	28	3382	936	0
40468	28	294	936	0
120911	6	59	936	0
88338	28	25225	936	0
98783	28	2006	936	0
9355	28	532	936	0
20194	28	228	936	0
69869	28	388	936	0
41517	28	250	936	0
73466	28	265	936	0
61998	14	1706	936	0
20045	28	348	936	0
39100	28	564	936	0
102936	28	114	936	0
50326	14	7134	936	0
44195	28	3382	936	0
19700	28	418	936	0
28649	28	1844	936	0
27931	28	381	936	0
12250	28	2403	936	0
120561	28	2526	936	0
27707	28	922	936	0
5677	28	396	936	0
27002	28	2006	936	0
19508	28	7803	936	0
67615	14	782	936	0
35844	28	460	936	0
34980	28	1634	936	0
27001	28	1254	936	0
33189	28	40	936	0
44896	23	29036	936	0
34489	28	640	936	0
44266	28	165	936	0
15961	28	323	936	0
50718	28	361	936	0
36064	23	149080	936	0
93849	14	943	936	0
67279	28	7803	936	0
64717	14	237	936	0
39948	28	415	936	0
67344	28	186	936	0
55780	28	2718	936	0
65532	14	444	936	0
91546	28	3160	936	0
24763	28	206	936	0
22720	14	4413	936	0
2531	14	108209	936	0
19426	28	422	936	0
8385	28	418	936	0
129003	14	3280	936	0
127928	14	3797	936	0
29736	14	9720	936	0
45980	28	119	936	0
58079	28	564	936	0
13761	28	47	936	0
32171	28	432	936	0
48165	28	2546	936	0
13022	28	238	936	0
16130	28	780	936	0
31629	28	2913	936	0
16659	28	2701	936	0
61025	14	3721	936	0
38189	28	625	936	0
79637	14	929	936	0
19698	28	333	936	0
83618	28	2608	936	0
56822	28	135	936	0
57143	28	402	936	0
9683	28	77	936	0
66743	28	2006	936	0
29253	28	605	936	0
106947	28	781	936	0
124402	28	498	936	0
21773	28	780	936	0
44490	28	49	936	0
61782	28	1832	936	0
61896	6	1615	936	0
89802	28	464	936	0
16878	28	117	936	0
19368	28	186	936	0
27650	28	136	936	0
80829	28	165	936	0
178105	28	3160	936	0
9517	28	922	936	0
53804	28	464	936	0
87404	28	2403	936	0
129040	28	3382	936	0
91536	6	367	936	0
70742	14	7210	936	0
32001	14	138677	936	0
31106	28	967	936	0
16789	28	1611	936	0
23335	14	7090	936	0
37966	14	36557	936	0
92194	28	2097	936	0
3652	28	2086	936	0
23223	28	241	936	0
10722	28	7267	936	0
82172	28	927	936	0
24337	28	7174	936	0
10164	28	4841	936	0
8816	28	50	936	0
11833	28	294	936	0
100516	28	242	936	0
40039	28	3382	936	0
33873	6	4653	936	0
4445	6	1038	936	0
28082	14	1491	936	0
27278	28	206	936	0
35331	28	640	936	0
31339	28	8040	936	0
32171	28	1742	936	0
58297	1	69809	936	0
10363	28	7803	936	0
93469	14	59789	936	0
27935	14	3055	936	0
83440	14	46013	936	0
73082	14	1786	936	0
8564	28	2403	936	0
81624	6	853	936	0
27359	28	57	936	0
12080	14	3089	936	0
8982	28	294	936	0
49897	16	8	936	0
46070	28	4020	936	0
56975	28	1031	936	0
12496	28	1244	936	0
23650	28	1922	936	0
18150	28	1527	936	0
31699	14	95020	936	0
88295	23	44013	936	0
44013	23	88295	936	0
88403	6	1615	936	0
81399	28	20144	936	0
184133	14	8683	936	0
44263	28	11174	936	0
21597	28	253	936	0
128018	14	444	936	0
63361	28	1505	936	0
74833	28	169	936	0
58556	28	216	936	0
108033	28	7803	936	0
76440	28	2006	936	0
71235	14	308	936	0
7774	28	875	936	0
21962	23	130624	936	0
130624	23	21962	936	0
49897	16	9	936	0
68731	28	4193	936	0
33196	28	2006	936	0
64321	14	902	936	0
8682	28	3160	936	0
5677	28	717	936	0
8795	28	131	936	0
96855	28	2154	936	0
85355	28	167	936	0
73082	14	1217	936	0
79008	28	464	936	0
74258	28	150	936	0
80014	28	2006	936	0
64908	28	365	936	0
79261	28	3099	936	0
14896	28	698	936	0
115064	28	238	936	0
88387	28	592	936	0
73624	28	5478	936	0
3216	23	57605	936	0
54041	14	36533	936	0
17864	28	7803	936	0
6475	28	24	936	0
68724	28	1244	936	0
152470	28	70291	936	0
22022	28	1722	936	936
21619	28	114	936	937
14750	28	178	936	937
39805	28	42	936	937
54329	28	748	936	937
14300	28	33	936	937
30709	28	86	936	937
72318	28	35488	936	937
73466	28	3033	936	937
98932	28	930	936	937
52081	28	714	936	937
13787	28	131	936	937
64338	28	396	936	937
60498	28	119	936	937
30859	28	273	936	937
36534	28	361	936	937
23100	28	38	936	937
115196	28	56448	936	937
9914	28	177	936	937
35046	28	3382	936	937
35331	28	361	936	937
31445	28	2718	936	937
9470	28	22726	936	937
102011	28	40	936	937
85442	28	101	936	937
57409	28	979	936	937
47943	28	31	936	937
102320	28	1958	936	937
16351	28	6625	936	937
24903	28	210	936	937
34236	28	339	936	937
119087	28	3045	936	937
14809	28	88	936	937
57509	28	1101	936	937
39818	28	4020	936	937
54238	28	103	936	937
16875	28	24	936	937
9414	28	1745	936	937
34879	28	4142	936	937
104174	28	37	936	937
47387	28	273	936	937
85123	28	2529	936	937
41055	28	2653	936	937
104463	28	3000	936	937
17672	28	16	936	937
16626	28	3109	936	937
21825	28	154	936	937
18896	28	8040	936	937
75621	28	501	936	937
71166	28	103	936	937
18030	28	240	936	937
19868	28	171	936	937
31856	28	70	936	937
11773	28	1621	936	937
84845	28	171	936	937
19207	28	43	936	937
53201	28	112	936	937
67185	28	67	936	937
45980	28	171	936	937
31346	28	60	936	937
122291	28	147	936	937
8816	28	122	936	937
31921	28	333	936	937
22277	28	13077	936	937
122774	28	350	936	937
10263	28	169	936	937
15896	28	4650	936	937
120892	28	54	936	937
20217	28	161	936	937
23695	28	13077	936	937
59322	28	725	936	937
50977	28	364	936	937
16677	28	232	936	937
25801	28	37	936	937
51251	28	1397	936	937
33923	28	112	936	937
122291	28	166	936	937
37137	28	12991	936	937
62698	28	13077	936	937
69363	28	145	936	937
14343	28	24	936	937
108033	28	4020	936	937
165629	28	626	936	937
88215	28	361	936	937
107478	28	13077	936	937
32452	28	363	936	937
17714	28	245	936	937
13480	28	134	936	937
37652	28	16	936	937
77455	28	409	936	937
85442	28	962	936	937
7959	28	19	936	937
40844	28	140	936	937
46320	28	211	936	937
36033	28	1297	936	937
19056	28	1436	936	937
6918	28	277	936	937
29717	28	3382	936	937
10811	28	19	936	937
21658	28	4528	936	937
57595	28	273	936	937
27300	28	3382	936	937
8142	28	124	936	937
50180	28	114	936	937
25273	28	51	936	937
109569	28	317	936	937
21031	28	1436	936	937
80361	28	188	936	937
20680	28	406	936	937
83652	28	361	936	937
18019	28	19	936	937
28602	28	4020	936	937
80065	28	181	936	937
4050	28	65	936	937
25785	28	3382	936	937
55208	28	185	936	937
44266	28	1392	936	937
38282	28	564	936	937
5149	28	1805	936	937
104390	28	1346	936	937
20299	28	379	936	937
14298	28	2784	936	937
8964	28	489	936	937
101952	28	1621	936	937
74833	28	351	936	937
24404	28	146	936	937
7598	28	120	936	937
9465	28	24	936	937
35147	28	2529	936	937
16359	28	24	936	937
16843	28	24	936	937
44077	28	1459	936	937
33211	28	42	936	937
128106	28	1496	936	937
17864	28	6081	936	937
44494	28	386	936	937
92330	28	368	936	937
122892	28	409	936	937
103507	28	11409	936	937
29642	28	437	936	937
128325	28	238	936	937
53140	28	111	936	937
16713	28	11174	936	937
65637	28	3378	936	937
42304	28	170	936	937
25787	28	1634	936	937
11694	28	2174	936	937
74258	28	828	936	937
30711	28	533	936	937
12250	28	3382	936	937
93127	28	232	936	937
119534	28	145	936	937
14771	28	529	936	937
18488	28	2784	936	937
129040	28	1621	936	937
27085	28	265	936	937
38846	28	188	936	937
26831	28	129	936	937
66131	28	60	936	937
13089	28	51	936	937
63361	28	714	936	937
42065	28	38	936	937
6826	28	4142	936	937
6060	28	981	936	937
25791	28	3326	936	937
80372	28	87	936	937
60953	28	2529	936	937
13632	28	131	936	937
9952	28	14	936	937
44616	28	396	936	937
5108	28	2391	936	937
6060	28	1805	936	937
113363	28	2488	936	937
28820	28	1810	936	937
9904	28	231	936	937
25342	28	18067	936	937
12495	28	48	936	937
125677	28	8588	936	937
85797	28	153	936	937
96114	28	346	936	937
10855	28	951	936	937
64533	28	193	936	937
32560	28	12310	936	937
43948	28	50811	936	937
41371	28	31	936	937
20272	28	31	936	937
97115	28	1460	936	937
6742	28	41	936	937
35062	28	1780	936	937
51506	28	6081	936	937
10335	28	67	936	937
88278	28	13077	936	937
36279	28	252	936	937
39805	28	40	936	937
16785	28	22726	936	937
21431	28	129	936	937
78107	28	434	936	937
28260	28	39	936	937
60457	28	3928	936	937
81263	28	586	936	937
80805	28	13077	936	937
70161	28	72	936	937
93685	28	1621	936	937
104629	28	351	936	937
13538	28	292	936	937
37576	28	530	936	937
79068	28	71	936	937
11545	28	38	936	937
98625	28	47	936	937
19449	28	500	936	937
47206	28	53	936	937
29303	28	3382	936	937
16814	28	124	936	937
27507	28	150	936	937
19080	28	748	936	937
12179	28	396	936	937
79040	28	3885	936	937
41262	28	290	936	937
62541	28	1616	936	937
70345	28	4872	936	937
49697	28	5354	936	937
27914	28	2060	936	937
18279	28	897	936	937
72751	28	110	936	937
15670	28	4142	936	937
27215	28	51662	936	937
20834	28	539	936	937
75098	28	273	936	937
69080	28	3141	936	937
28398	28	265	936	937
38812	28	2597	936	937
78015	28	20782	936	937
51541	28	95	936	937
16080	28	277	936	937
12222	28	551	936	937
45169	28	235	936	937
15257	28	9028	936	937
18514	28	4020	936	937
69905	28	321	936	937
61782	28	3791	936	937
84359	28	751	936	937
121379	28	2991	936	937
10022	28	136	936	937
77611	28	800	936	937
19522	28	58	936	937
38108	28	1621	936	937
40827	28	396	936	937
20415	28	38	936	937
6802	28	44	936	937
89026	28	4020	936	937
82041	28	1958	936	937
30257	28	1231	936	937
71008	28	67	936	937
53551	28	2548	936	937
21116	28	202	936	937
24679	28	1592	936	937
102853	28	941	936	937
13814	28	142	936	937
78083	28	205	936	937
28627	28	150	936	937
27009	28	642	936	937
49735	28	2158	936	937
56685	28	120	936	937
10470	28	1409	936	937
74056	28	396	936	937
18579	28	350	936	938
14343	28	65	936	938
18930	28	875	936	938
33956	28	60	936	938
11513	28	1100	936	938
18927	28	16	936	938
62653	28	1933	936	938
11970	28	144	936	938
73040	28	1032	936	938
8095	28	199	936	938
54690	28	596	936	938
25099	28	50	936	938
73624	28	66	936	938
115443	28	1621	936	938
86076	28	91	936	938
64334	28	1396	936	938
6556	28	1805	936	938
17671	28	23	936	938
18006	28	22	936	938
53483	28	452	936	938
30437	28	235	936	938
117193	28	774	936	938
30057	28	662	936	938
5677	28	85	936	938
27535	28	28	936	938
23430	28	76	936	938
57302	28	415	936	938
9701	28	336	936	938
16484	28	17883	936	938
16571	28	3350	936	938
10275	28	336	936	938
67039	28	238	936	938
77612	28	396	936	938
29902	28	6081	936	938
72580	28	740	936	938
26191	28	2529	936	938
30919	28	363	936	938
6172	28	195	936	938
30271	28	529	936	938
8395	28	22	936	938
27426	28	2529	936	938
35718	28	100	936	938
22537	28	22	936	938
20233	28	219	936	938
20466	28	766	936	938
79008	28	1461	936	938
57250	28	179	936	938
119546	28	118	936	938
76664	28	156	936	938
31096	28	1229	936	938
15613	28	281	936	938
73667	28	455	936	938
29485	28	248	936	938
12427	28	2835	936	938
17328	28	4142	936	938
32952	28	112	936	938
39036	28	170	936	938
17656	28	155	936	938
14541	28	202	936	938
38233	28	6081	936	938
48007	28	177	936	938
103530	28	165	936	938
23370	28	77	936	938
5868	28	57	936	938
7753	28	142	936	938
61499	28	174	936	938
10361	28	420	936	938
93714	28	298	936	938
10916	28	281	936	938
48306	28	8040	936	938
11815	28	940	936	938
5916	28	95	936	938
5100	28	92	936	938
18255	28	85	936	938
64874	28	31	936	938
62895	28	1492	936	938
14895	28	346	936	938
21423	28	286	936	938
25022	28	637	936	938
24452	28	50	936	938
92330	28	678	936	938
19382	28	195	936	938
10811	28	73	936	938
11257	28	3648	936	938
10158	28	265	936	938
100122	28	175	936	938
25272	28	120	936	938
95818	28	2784	936	938
76902	28	126	936	938
25655	28	927	936	938
83825	28	3284	936	938
51401	28	4264	936	938
24532	28	274	936	938
14208	28	649	936	938
20714	28	996	936	938
36914	28	2385	936	938
44195	28	3885	936	938
11142	28	152	936	938
10501	28	202	936	938
47199	28	180	936	938
15605	28	690	936	938
122177	28	409	936	938
38510	28	3382	936	938
11824	28	378	936	938
51636	28	610	936	938
12085	28	294	936	938
30876	28	114	936	938
22945	28	112	936	938
45002	28	1496	936	938
48306	28	2262	936	938
84839	28	431	936	938
22977	28	439	936	938
50031	28	1660	936	938
8292	28	337	936	938
71706	28	1936	936	938
84917	28	74	936	938
8105	28	418	936	938
45603	28	524	936	938
17651	28	27	936	938
52764	28	230	936	938
21488	28	4020	936	938
18971	28	166	936	938
16313	28	253	936	938
79040	28	8040	936	938
46471	28	2908	936	938
18519	28	50	936	938
108157	28	107	936	938
30519	28	741	936	938
27069	28	150	936	938
46070	28	274	936	938
9936	28	1592	936	938
8810	28	46	936	938
27939	28	77	936	938
20458	28	717	936	938
34913	28	386	936	938
128345	28	350	936	938
33771	28	46	936	938
7394	28	4147	936	938
20631	28	129	936	938
7630	28	2203	936	938
130600	28	1297	936	938
69666	28	24	936	938
15828	28	30	936	938
15403	28	140	936	938
109139	28	54	936	938
95690	28	2784	936	938
11134	28	214	936	938
31239	28	216	936	938
21440	28	53	936	938
34825	28	1931	936	938
25336	28	1819	936	938
110775	28	1621	936	938
11625	28	311	936	938
41764	28	238	936	938
23723	28	321	936	938
10399	28	44	936	938
38651	28	171	936	938
33560	28	275	936	938
6003	28	43	936	938
69479	28	122	936	938
22348	28	266	936	938
10522	28	169	936	938
56110	28	3326	936	938
68900	28	1033	936	938
13892	28	86	936	938
16789	28	42	936	938
14920	28	3885	936	938
6826	28	1621	936	938
42784	28	1025	936	938
29681	28	311	936	938
18941	28	303	936	938
78999	28	87	936	938
7395	28	53	936	938
47157	28	1496	936	938
43591	28	82	936	938
55780	28	4142	936	938
37166	28	122	936	938
29742	28	144	936	938
35282	28	101	936	938
8825	28	257	936	938
36593	28	19	936	938
51848	28	69	936	938
34362	28	1129	936	938
127182	28	72	936	938
53883	28	30	936	938
81143	28	193	936	938
22441	28	170	936	938
95196	28	1016	936	938
35573	28	178	936	938
78212	28	4264	936	938
37264	28	152	936	938
77807	28	632	936	938
16670	28	343	936	938
67288	28	145	936	938
103727	28	205	936	938
22538	28	57	936	938
90096	28	253	936	938
5884	28	149	936	938
29985	28	234	936	938
16013	28	109	936	938
28108	28	8866	936	938
95721	28	103	936	938
12534	28	252	936	938
131591	28	89	936	939
34306	28	989	936	939
25747	28	1395	936	939
23052	28	22	936	939
9750	28	1323	936	939
55650	28	826	936	939
48522	28	1412	936	939
11201	28	48	936	939
23385	28	158	936	939
36969	28	244	936	939
6495	28	2718	936	939
9327	28	926	936	939
42987	28	4020	936	939
88635	28	5722	936	939
60978	28	608	936	939
14299	28	1614	936	939
22377	28	136	936	939
67097	28	413	936	939
58074	28	3941	936	939
63324	28	481	936	939
22800	28	2718	936	939
35126	28	156	936	939
39418	28	140	936	939
14673	28	2289	936	939
41030	28	132	936	939
6715	28	205	936	939
84079	28	725	936	939
56285	28	51	936	939
27101	28	33	936	939
49103	28	556	936	939
79288	28	38	936	939
67279	28	4142	936	939
45938	28	66	936	939
8514	28	219	936	939
32114	28	92	936	939
12249	28	1488	936	939
12087	28	86	936	939
44821	28	633	936	939
57000	28	610	936	939
12826	28	170	936	939
36550	28	145	936	939
11584	28	72	936	939
67754	28	336	936	939
87454	28	3284	936	939
80061	28	54	936	939
9928	28	221	936	939
42247	28	564	936	939
9905	28	6823	936	939
18381	28	114	936	939
109895	28	2277	936	939
6483	28	395	936	939
92086	28	166	936	939
74652	28	159	936	939
56755	28	242	936	939
6665	28	48	936	939
85191	28	2724	936	939
46263	28	514	936	939
15609	28	199	936	939
31645	28	5548	936	939
15917	28	61	936	939
79149	28	2529	936	939
37755	28	1242	936	939
33080	28	50	936	939
16874	28	82	936	939
69842	28	369	936	939
62558	28	104	936	939
15881	28	34	936	939
44168	28	587	936	939
10995	28	231	936	939
65459	28	228	936	939
66455	28	140	936	939
41070	28	2066	936	939
33915	28	346	936	939
76417	28	71	936	939
150458	28	255	936	939
15839	28	53	936	939
99008	28	2529	936	939
23460	28	181	936	939
12591	28	1461	936	939
24459	28	143	936	939
7368	28	42	936	939
90362	28	216	936	939
61436	28	6081	936	939
19493	28	36	936	939
19833	28	2529	936	939
126118	28	592	936	939
40075	28	897	936	939
12388	28	3283	936	939
110166	28	167	936	939
48313	28	1195	936	939
22060	28	16161	936	939
69549	28	185	936	939
10974	28	158	936	939
17940	28	1014	936	939
16142	28	1688	936	939
43432	28	123	936	939
39983	28	626	936	939
10164	28	7340	936	939
17056	28	76	936	939
12799	28	118	936	939
22362	28	119	936	939
49978	28	6081	936	939
20551	28	7174	936	939
20045	28	61	936	939
13325	28	122	936	939
34566	28	228	936	939
5889	28	42	936	939
35471	28	162	936	939
93654	28	273	936	939
56412	28	2300	936	939
28674	28	1156	936	939
24602	28	969	936	939
67344	28	42	936	939
24797	28	1129	936	939
28623	28	1459	936	939
41110	28	1229	936	939
33233	28	24	936	939
8745	28	303	936	939
106545	28	145	936	939
83177	28	86	936	939
4298	28	73	936	939
89655	28	621	936	939
32966	28	492	936	939
19457	28	114	936	939
21502	28	165	936	939
28770	28	400	936	939
91404	28	883	936	939
15873	28	179	936	939
24801	28	55	936	939
152895	14	764	936	939
6639	28	105	936	939
71419	28	768	936	940
10431	28	46	936	940
25654	28	149	936	940
62546	28	2057	936	940
22619	28	508	936	940
70880	28	464	936	940
5400	28	223	936	940
34037	28	261	936	940
64908	28	12310	936	940
15782	28	297	936	940
11592	28	78	936	940
41969	28	43	936	940
16285	28	2057	936	940
77038	28	192	936	940
8534	28	214	936	940
89503	28	37	936	940
9467	28	2335	936	940
9476	28	19	936	940
74820	28	2083	936	940
119723	28	1400	936	940
26938	28	1621	936	940
84438	28	214	936	940
10897	28	46	936	940
64553	28	164	936	940
86148	28	916	936	940
68094	28	3109	936	940
23753	28	774	936	940
13076	28	50	936	940
5732	28	88	936	940
28501	28	199	936	940
106947	28	454	936	940
65125	28	61	936	940
68978	28	16	936	940
79499	28	198	936	940
9046	28	256	936	940
101451	28	57	936	940
32578	28	369	936	940
78882	28	156	936	940
56695	28	216	936	940
11268	28	2024	936	940
21813	28	379	936	940
109701	28	1621	936	940
95011	28	1621	936	940
109838	28	793	936	940
13536	28	251	936	940
25746	28	7525	936	940
19211	28	122	936	940
90996	28	1542	936	940
13726	28	298	936	940
84842	28	71	936	940
13624	28	38	936	940
81390	28	145	936	940
38424	28	957	936	940
81747	28	1222	936	940
38188	28	1627	936	940
81512	28	37	936	940
64337	28	1216	936	940
9483	28	72	936	940
17021	28	134	936	940
47733	28	291	936	940
5564	28	152	936	940
27297	28	65	936	940
37105	28	309	936	940
12223	28	637	936	940
28129	28	98	936	940
16325	28	56	936	940
24611	28	77	936	940
19688	28	195	936	940
64714	28	23	936	940
4610	28	223	936	940
42275	28	797	936	940
6523	28	14	936	940
70268	28	530	936	940
16253	28	1144	936	940
96550	28	774	936	940
49222	28	123	936	940
35828	28	274	936	940
109181	28	165	936	940
45139	28	1177	936	940
41331	28	797	936	940
49599	28	54	936	940
107613	28	1306	936	940
53697	28	3030	936	941
7433	28	481	936	941
73882	28	399	936	941
74361	28	4528	936	941
41746	28	965	936	941
9849	28	20	936	941
23732	28	118	936	941
66529	28	149	936	941
38710	28	175	936	941
33860	28	103	936	941
7786	28	175	936	941
91253	28	167	936	941
20803	28	2529	936	941
16659	28	32	936	941
92414	28	159	936	941
31737	28	253	936	941
24552	28	4604	936	941
116409	28	1255	936	941
63384	28	608	936	941
74741	28	179	936	941
29461	28	72397	936	941
37731	28	974	936	941
5073	28	247	936	941
67279	28	1621	936	941
118332	28	1698	936	941
68608	28	261	936	941
44547	28	557	936	941
8032	28	390	936	941
25880	28	193	936	941
9750	28	123	936	941
9196	28	1069	936	941
24563	28	153	936	941
24620	28	73	936	941
16179	28	750	936	941
16605	28	529	936	941
97219	28	150	936	941
19176	28	49	936	941
73643	28	51	936	941
13800	28	1297	936	941
27131	28	213	936	941
59684	28	41	936	941
11868	28	119	936	941
22280	28	143	936	941
28041	28	986	936	941
23014	28	49	936	941
70250	28	22	936	941
48419	28	245	936	941
13579	28	642	936	941
67973	28	378	936	941
46296	28	1169	936	941
51750	28	184	936	941
19080	28	464	936	941
8105	28	333	936	941
96852	28	144	936	941
77432	28	261	936	941
13158	28	281	936	941
24371	28	2015	936	941
7100	28	20	936	942
24823	28	52102	936	942
9408	28	346	936	942
29769	28	619	936	942
29201	28	1259	936	942
73535	28	142	936	942
24991	28	44	936	942
7277	28	12232	936	942
65236	28	155	936	942
88057	28	88	936	942
7646	28	68	936	942
22382	28	165	936	942
104879	28	1542	936	942
83379	28	547	936	942
36253	28	223	936	942
16875	28	66	936	942
16693	28	1259	936	942
50976	28	422	936	942
74972	28	540	936	942
41854	28	68	936	942
16881	28	1444	936	942
5870	28	73	936	942
28162	28	780	936	942
27669	28	587	936	942
37288	28	267	936	942
141785	28	141	936	942
33035	28	104	936	942
87249	28	156	936	942
97695	28	170	936	942
8228	28	55	936	942
80783	28	550	936	942
28210	28	885	936	942
36585	28	29	936	942
37525	28	168	936	942
10363	28	4921	936	942
44879	28	135	936	942
7500	28	63	936	942
13317	28	916	936	942
9974	28	144	936	942
97247	28	71	936	942
29476	28	460	936	942
68683	28	88	936	942
22037	28	132	936	942
60348	28	371	936	942
19056	28	277	936	942
39837	28	89	936	942
36526	28	55	936	942
23815	28	166	936	942
17667	28	87	936	942
24883	28	1397	936	943
22701	28	121	936	943
25092	28	442	936	943
41284	28	267	936	943
43304	23	57718	936	943
83975	28	268	936	943
120561	28	399	936	943
14200	28	45	936	943
76069	28	531	936	943
76513	28	230	936	943
106586	28	937	936	943
47235	28	121	936	943
38090	28	199	936	943
27241	28	159	936	943
31628	28	88	936	943
20458	28	64	936	943
16624	28	288	936	943
13606	28	121	936	943
23043	28	52	936	943
65848	28	529	936	943
32728	28	29	936	943
12566	28	162	936	943
4457	23	73378	936	943
73378	23	4457	936	943
35420	28	981	936	943
40810	28	933	936	943
47595	28	60	936	943
15620	28	464	936	943
14324	28	195	936	943
29136	28	2732	936	944
31737	28	60	936	944
10146	28	7411	936	944
15499	28	532	936	944
14732	28	573	936	944
38937	28	132	936	944
16067	28	397	936	944
37108	28	4178	936	944
24519	28	662	936	944
64916	28	368	936	944
30271	28	520	936	944
27595	28	464	936	944
35331	28	542	936	944
78710	28	957	936	944
20220	28	159	936	944
21860	28	542	936	944
42461	28	230	936	944
9201	28	286	936	944
18429	28	100	936	944
10678	16	55468	936	944
54188	28	726	936	944
121035	28	1632	936	944
46451	28	363	936	944
70116	28	184	936	944
38361	28	228	936	944
3044	23	132681	936	945
132681	23	3044	936	945
21991	28	228	936	945
41985	28	1864	936	945
42299	28	268	936	945
25216	28	228	936	945
76353	28	933	936	945
7775	14	4240	936	945
16244	28	768	936	945
51224	28	32	936	945
28111	28	269	936	945
12577	28	135	936	945
51718	28	661	936	945
65623	28	1795	936	945
11097	28	885	936	945
38225	28	926	936	945
72193	28	3073	936	945
15620	28	181	936	945
14385	28	184	936	945
23946	28	750	936	945
52636	28	242	936	946
31342	28	956	936	946
40019	28	592	936	946
22947	28	454	936	946
75508	28	397	936	946
65571	28	413	936	946
13576	28	216	936	946
93373	28	268	936	946
24104	28	233	936	946
53352	28	417	936	946
14430	28	637	936	946
25053	28	4392	936	946
63972	28	1020	936	946
62431	28	167	936	946
22798	28	216	936	946
42082	28	85	936	946
68676	28	122	936	946
56130	28	1056	936	946
111509	28	628	936	946
89102	16	71209	936	946
14958	28	184	936	946
66781	28	934	936	946
70406	28	648	936	946
135948	28	676	936	946
80117	28	103	936	947
63686	28	1059	936	947
42667	28	162	936	947
20969	28	247	936	948
33464	28	206	936	948
161885	23	138028	936	948
13084	28	505	936	948
39083	28	57	936	948
87520	28	464	936	948
133239	16	4894	936	949
27139	28	206	936	949
51010	28	464	936	949
15803	28	20	936	949
18455	28	327	936	949
11885	28	206	936	949
4442	28	52	936	949
93680	28	968	936	949
75298	28	390	936	950
21195	28	223	936	950
37751	28	1165	936	950
154344	28	712	936	950
24078	28	348	936	950
15945	28	71	936	951
17116	28	202	936	951
71129	28	223	936	951
155473	23	8893	936	951
83138	23	104547	936	952
95448	28	1642	936	952
85002	28	101	936	952
34597	28	1565	936	953
43635	28	143	936	953
4223	28	50	936	953
70510	23	111892	936	955
84283	16	1603	936	957
111777	16	9	936	958
140802	16	8	936	965
37795	14	6882	936	968
130356	23	129381	936	969
38702	28	216	937	0
16325	28	67	937	0
21665	28	4020	937	0
112409	28	2941	937	0
19056	28	186	937	0
14427	28	13077	937	0
46070	28	106	937	0
62602	28	1621	937	0
40476	28	32	937	0
62909	28	165	937	0
20008	28	780	937	0
39393	28	61	937	0
47064	28	223	937	0
54618	28	1309	937	0
85115	28	915	937	0
5333	28	23	937	0
19391	28	92	937	0
22277	28	8698	937	0
134116	14	29565	937	0
48114	28	893	937	0
41778	28	3382	937	0
36304	28	2777	937	0
18985	28	1231	937	0
135479	14	7183	937	0
15971	28	131	937	0
22537	28	88	937	0
100122	28	53	937	0
42992	14	3089	937	0
57246	14	308	937	0
66366	14	3057	937	0
14054	28	9944	937	0
10389	28	1021	937	0
25447	28	678	937	0
6742	28	277	937	0
19467	14	444	937	0
83823	23	4427	937	0
4427	23	83823	937	0
100490	6	284	937	0
16512	23	6107	937	0
65477	28	8698	937	0
30028	28	3791	937	0
25883	28	41	937	0
113672	23	96278	937	0
73624	28	100	937	0
34891	28	106	937	0
76648	28	3941	937	0
49324	28	415	937	0
119830	28	37088	937	0
20054	28	1244	937	0
50376	28	16	937	0
46759	28	1242	937	0
17657	28	1551	937	0
22720	14	9403	937	0
17043	28	4020	937	0
7350	14	22811	937	0
78838	28	4003	937	0
32191	28	134	937	0
119063	14	2764	937	0
10335	28	178	937	0
87131	28	8698	937	0
121526	23	122396	937	0
11580	28	922	937	0
6665	28	24	937	0
99715	28	118	937	0
118654	14	25618	937	0
121081	28	195	937	0
106906	28	592	937	0
10600	28	34	937	0
58929	28	167	937	0
21488	28	106	937	0
44196	28	110	937	0
57302	28	142585	937	0
31099	28	713	937	0
11708	28	82	937	0
24361	28	780	937	0
69207	14	3501	937	0
18473	28	1245	937	0
10878	28	20782	937	0
143513	6	17123	937	0
124491	28	439	937	0
99797	14	2797	937	0
8922	14	207	937	0
58629	28	51	937	0
22618	28	166	937	0
32001	14	2951	937	0
5164	28	52	937	0
45628	28	2292	937	0
93666	28	13077	937	0
74090	23	89080	937	0
71759	14	1217	937	0
52627	28	49	937	0
24646	28	149	937	0
84035	28	396	937	0
33070	28	117	937	0
20272	28	257	937	0
22415	28	406	937	0
68459	14	22294	937	0
61485	28	12310	937	0
4050	28	27	937	0
109253	14	4279	937	0
18249	28	186	937	0
51146	28	337	937	0
74056	28	20782	937	0
74458	28	8988	937	0
3652	28	4260	937	0
88387	28	5062	937	0
34003	28	18067	937	0
81512	28	119	937	0
10134	14	13416	937	0
10814	28	4873	937	0
28649	28	186	937	0
40898	28	60	937	0
40511	28	1244	937	0
9639	28	7174	937	0
12591	28	464	937	0
99203	28	552	937	0
5672	28	6753	937	0
27674	28	60	937	0
76234	28	268	937	0
83121	28	4003	937	0
9155	28	3667	937	0
131592	14	9093	937	0
3529	23	68200	937	0
68200	23	3529	937	0
17131	28	938	937	0
31543	23	19205	937	0
24646	28	105	937	0
5794	14	2460	937	0
33189	28	24	937	0
80174	28	433	937	0
83898	16	2429	937	0
24287	14	2964	937	0
93064	14	17538	937	0
28109	28	915	937	0
80737	14	145254	937	0
21701	28	1922	937	0
48412	14	7210	937	0
4298	28	4020	937	0
61114	14	3844	937	0
30422	28	51871	937	0
26557	28	105	937	0
92361	14	9717	937	0
21475	28	104	937	0
20099	28	1055	937	0
30674	28	713	937	0
77744	28	751	937	0
20336	28	267	937	0
52320	28	31	937	0
10860	28	2780	937	0
13382	28	111	937	0
55854	28	866	937	0
20803	28	8040	937	0
24770	28	195	937	0
15016	28	32	937	0
72243	28	167	937	0
77290	28	4020	937	0
16180	28	363	937	0
80174	28	104	937	0
26403	28	134	937	0
15186	23	92609	937	0
17693	14	3111	937	0
16594	28	72	937	0
9312	28	1456	937	0
79308	28	358	937	0
50131	28	286	937	0
21665	28	175	937	0
107088	14	444	937	0
24452	28	73	937	0
12111	28	422	937	0
18952	28	150	937	0
44630	28	1249	937	0
10478	28	361	937	0
69486	28	3382	937	0
44876	14	2990	937	0
79612	28	2627	937	0
46352	28	713	937	0
81563	28	2066	937	0
69629	14	12787	937	0
81167	14	902	937	0
21597	28	60	937	0
72541	14	3111	937	0
51506	28	8040	937	0
111735	23	103942	937	0
103942	23	111735	937	0
25869	28	3791	937	0
37591	30	306	937	0
77002	14	83982	937	0
14761	28	780	937	0
57331	14	3473	937	0
28268	28	745	937	0
28746	28	452	937	0
50722	14	1491	937	0
16362	28	938	937	0
80952	14	2297	937	0
42687	14	33634	937	0
13654	28	85	937	0
16163	28	3632	937	0
41387	28	36	937	0
18522	28	6753	937	0
78009	28	67	937	0
65477	28	1621	937	0
38108	28	3885	937	0
95289	23	105995	937	0
53916	28	60	937	0
62561	14	109898	937	0
67576	28	2546	937	0
38508	28	29	937	0
111314	23	65034	937	0
65034	23	111314	937	0
18940	28	1837	937	0
10131	14	2368	937	0
7080	28	27	937	0
117360	23	121273	937	0
95727	28	15676	937	0
44963	28	398	937	0
24452	28	223	937	0
28374	14	943	937	0
11571	28	494	937	0
79308	28	750	937	0
78245	28	31831	937	0
32876	28	166	937	0
44579	28	91	937	0
47096	28	188	937	0
6180	28	195	937	0
15290	28	704	937	0
7536	6	48156	937	0
16331	28	1213	937	0
95544	23	5105	937	0
12111	28	24502	937	0
38590	28	632	937	0
129590	14	109646	937	0
69445	28	164	937	0
38260	28	24	937	0
14673	28	2701	937	0
53551	28	1924	937	0
94921	28	13077	937	0
86274	28	211	937	0
130626	28	452	937	0
13076	28	14	937	0
41900	28	216	937	0
13640	28	73	937	0
53878	14	98227	937	0
22951	28	247	937	0
55638	28	1309	937	0
33114	28	120	937	0
5007	28	24	937	0
111456	28	107	937	0
74046	28	105	937	0
91611	28	11409	937	0
45653	28	50	937	0
67502	14	308	937	0
13122	28	1436	937	0
71866	28	551	937	0
80818	14	50197	937	0
75576	14	5310	937	0
27034	14	7980	937	0
6311	28	120	937	0
30120	28	38	937	937
18021	28	103	937	937
33335	28	180	937	938
9201	28	10220	937	938
22034	28	333	937	938
25099	28	16	937	938
14800	28	3885	937	938
96960	28	1370	937	938
97247	28	1547	937	938
83776	28	180	937	938
82942	28	8698	937	938
13401	28	4264	937	938
10601	28	224	937	938
22618	28	98	937	938
35147	28	2262	937	938
12146	28	989	937	938
71978	28	165	937	938
5333	28	50	937	938
21795	28	30	937	938
12941	28	364	937	938
14920	28	8698	937	938
15782	28	460	937	938
14750	28	4528	937	938
26974	28	1100	937	938
19480	28	240	937	938
64163	28	4264	937	938
20936	28	1812	937	938
60614	28	8698	937	938
85979	28	2653	937	938
40476	28	136	937	938
72318	28	14617	937	938
12111	28	1159	937	938
15257	28	219	937	938
5519	28	290	937	938
76260	28	66036	937	938
88552	28	171	937	938
56975	28	2835	937	938
19487	28	1621	937	938
64533	28	2784	937	938
5655	28	569	937	938
9090	28	87	937	938
66888	28	1295	937	938
53011	28	646	937	938
77454	28	409	937	938
77514	28	464	937	938
6700	28	29850	937	938
34389	28	240	937	938
103449	28	625	937	938
71994	28	409	937	938
17131	28	294	937	938
72593	28	171	937	938
6475	28	47	937	938
61485	28	112	937	938
17185	28	47	937	938
17481	28	92	937	938
35041	28	398	937	938
19207	28	48	937	938
46351	28	1409	937	938
20299	28	136	937	938
20305	28	1527	937	938
88301	28	1234	937	938
12919	28	19	937	938
12959	28	331	937	938
78710	28	1304	937	938
77955	28	4650	937	938
9914	28	120	937	938
91309	28	5265	937	938
6482	28	70	937	938
23062	28	3791	937	938
30736	28	158	937	938
16814	28	504	937	938
82261	28	87	937	938
113739	28	1896	937	938
15953	28	49170	937	938
13990	28	74	937	938
49361	28	178	937	938
66797	28	87	937	938
27669	28	217	937	938
13486	28	22	937	938
99947	28	1618	937	938
9425	28	38	937	938
67174	28	1370	937	938
79797	28	632	937	938
33611	28	145	937	938
24403	28	1588	937	938
56030	28	1229	937	938
26725	28	27	937	938
15460	28	57	937	938
11660	28	2863	937	938
72751	28	79	937	938
78042	28	674	937	938
72371	28	778	937	938
65686	28	37	937	938
52298	28	2127	937	938
79040	28	2262	937	938
45791	28	18067	937	938
80600	28	166	937	938
44079	28	1370	937	938
45628	28	117	937	938
12134	28	1229	937	938
34891	28	1244	937	938
9986	28	65	937	938
39818	28	2718	937	938
67221	28	79	937	938
59817	28	192	937	938
80964	28	774	937	938
53387	28	162	937	938
47474	28	361	937	938
38846	28	39	937	938
84917	28	396	937	938
43635	28	54	937	938
40592	28	60	937	938
5100	28	110	937	938
35029	28	535	937	938
73545	28	927	937	938
9948	28	140	937	938
69849	28	415	937	938
5659	28	154	937	938
105204	28	706	937	938
38577	28	114	937	938
31773	28	2784	937	938
6802	28	274	937	938
17898	28	16	937	938
126316	28	171	937	938
18896	28	3885	937	938
13173	28	77	937	938
44259	28	80	937	938
112498	28	33	937	938
11893	28	141	937	938
36498	28	1644	937	938
93665	28	528	937	938
53588	28	2784	937	938
92957	28	150	937	938
18021	28	309	937	938
5108	28	1354	937	938
10263	28	274	937	938
75529	28	1076	937	938
4107	28	49	937	938
16741	28	722	937	938
77237	28	336	937	938
82276	28	732	937	938
73216	28	398	937	938
54329	28	1736	937	938
10783	23	4691	937	938
11160	28	678	937	938
13761	28	92	937	938
11099	28	74	937	938
23426	28	1571	937	938
40798	28	1102	937	938
89379	28	77206	937	938
77039	28	927	937	938
18514	28	16	937	938
37292	28	8698	937	938
84228	28	3235	937	938
38009	28	71	937	938
34477	28	180	937	938
19494	28	126	937	938
47680	28	1118	937	938
9967	28	57	937	938
33335	28	145	937	938
104390	28	3255	937	938
100011	28	1392	937	938
70608	28	1222	937	938
13089	28	104	937	938
79173	28	1461	937	938
16180	28	235	937	938
18519	28	78	937	938
9397	28	508	937	938
60381	28	309	937	938
9090	28	18395	937	938
15873	28	54	937	938
11178	28	169	937	938
67460	28	400	937	938
40039	28	8040	937	938
16785	28	13756	937	938
32630	28	1015	937	938
41897	28	633	937	938
10624	28	825	937	938
5400	28	175	937	938
55472	28	786	937	938
53140	28	150	937	938
110036	28	3885	937	938
23115	28	100	937	938
92110	28	1262	937	938
42061	28	395	937	938
84681	28	559	937	938
12225	28	1461	937	938
14641	28	503	937	938
45149	28	38	937	938
24500	28	214	937	938
69081	28	1346	937	938
72636	28	110477	937	938
29483	28	2529	937	938
14558	28	637	937	938
17043	28	1244	937	938
16163	28	215	937	938
71300	28	415	937	938
127448	28	2262	937	938
6311	28	1436	937	938
40636	28	239	937	938
124864	28	167	937	938
52320	28	717	937	938
5167	28	22	937	938
5164	28	150	937	938
19835	28	248	937	938
80400	28	198	937	938
90056	28	1526	937	938
37423	28	223	937	938
53551	28	1772	937	938
20788	28	281	937	938
5833	28	8239	937	938
21431	28	210	937	938
23650	28	3382	937	938
30635	28	361	937	938
24679	28	241	937	938
12174	28	4513	937	938
22949	28	7174	937	938
9355	28	282	937	938
93890	28	3382	937	938
17272	28	413	937	938
23346	28	13756	937	938
27126	28	66	937	938
95238	28	136	937	938
14771	28	313	937	938
21619	28	71	937	938
40159	28	1736	937	938
80361	28	47	937	938
59472	28	3382	937	938
26345	28	238	937	938
11017	28	334	937	938
62698	28	3885	937	938
8618	28	57	937	938
16444	28	2115	937	938
80862	28	139	937	938
53631	28	69	937	938
10071	28	58	937	938
8910	28	219	937	938
30701	28	1229	937	938
13919	28	120	937	938
74056	28	17962	937	938
20099	28	311	937	938
55476	28	53	937	938
19791	28	171	937	938
6332	28	20	937	938
23098	28	14110	937	938
70303	28	216	937	938
59228	28	1307	937	938
26494	28	41	937	938
24452	28	102	937	938
74258	28	1676	937	938
27861	28	516	937	938
19009	28	422	937	938
49697	28	1195	937	938
64338	28	3265	937	938
81696	28	800	937	938
42304	28	309	937	938
39444	28	5135	937	938
130684	28	141	937	938
78107	28	12310	937	938
15744	28	210	937	938
70345	28	481	937	938
34943	28	328	937	938
58534	28	504	937	938
8204	28	3973	937	938
42685	28	3885	937	938
31432	28	145	937	938
17498	28	508	937	938
92239	28	129	937	938
104629	28	1025	937	938
60118	28	78	937	938
24246	28	927	937	938
41361	28	2030	937	938
63034	28	2529	937	938
38844	28	40	937	938
31921	28	233	937	938
45889	28	175	937	938
5353	28	5946	937	938
38424	28	554	937	938
19250	28	609	937	938
58181	28	250	937	938
11868	28	129	937	938
55208	28	124	937	938
14300	28	30	937	938
69080	28	24654	937	938
20415	28	76	937	938
18447	28	290	937	938
60176	28	630	937	938
30711	28	292	937	938
10470	28	50	937	938
35295	28	3386	937	938
12889	28	49	937	938
32574	28	710	937	938
76136	28	388	937	938
17479	28	105	937	938
59955	28	282	937	938
60466	28	547	937	938
21475	28	1810	937	938
74046	28	80	937	938
31251	28	843	937	938
36497	28	4020	937	938
31865	28	1317	937	938
16789	28	465	937	938
122539	28	37	937	938
27601	28	353	937	938
20008	28	233	937	938
23116	28	1098	937	938
60953	28	2262	937	938
39805	28	117	937	938
16351	28	437	937	938
85442	28	111	937	938
15670	28	8040	937	938
12179	28	1349	937	938
100783	28	50811	937	938
38188	28	281	937	938
64385	28	149	937	938
36279	28	132	937	938
27002	28	1244	937	938
70930	28	111	937	938
25823	28	161	937	938
109569	28	1962	937	938
6264	28	149	937	938
20217	28	169	937	938
5874	28	1436	937	938
18279	28	10888	937	938
75327	28	1810	937	938
3748	28	38	937	938
12855	28	191	937	938
130626	28	167	937	938
28649	28	91	937	938
24752	28	69	937	939
70592	28	474	937	939
16431	28	4525	937	939
52627	28	442	937	939
39393	28	110	937	939
53201	28	170	937	939
10484	28	49	937	939
62259	28	160	937	939
84035	28	22	937	939
11545	28	252	937	939
40468	28	938	937	939
40557	28	273	937	939
24967	28	703	937	939
72996	28	1025	937	939
98230	28	1022	937	939
73558	28	284	937	939
34545	28	1621	937	939
13480	28	118	937	939
23622	28	477	937	939
18950	28	102	937	939
14285	28	14	937	939
42229	28	1102	937	939
87906	28	298	937	939
21116	28	572	937	939
66116	28	1293	937	939
102204	28	2277	937	939
118177	14	4052	937	939
24763	28	66	937	939
33708	28	248	937	939
8366	28	52	937	939
34716	28	4548	937	939
15016	28	99	937	939
11895	28	199	937	939
46691	28	1119	937	939
19813	28	557	937	939
86172	28	2196	937	939
47752	28	164	937	939
31342	28	1052	937	939
5594	28	78	937	939
9904	28	572	937	939
67185	28	82	937	939
27004	28	54	937	939
24404	28	633	937	939
36099	28	53	937	939
122636	28	111	937	939
50376	28	74	937	939
36534	28	2768	937	939
100459	28	392	937	939
18017	28	98	937	939
107177	28	142	937	939
31518	28	643	937	939
12699	28	92	937	939
28638	28	140	937	939
28398	28	120	937	939
117917	28	195	937	939
9493	28	54	937	939
7298	28	14	937	939
13347	28	774	937	939
77742	28	2563	937	939
46352	28	1752	937	939
93685	28	8698	937	939
23760	28	195	937	939
47592	28	87	937	939
50718	28	1960	937	939
83531	28	67	937	939
13787	28	121	937	939
21925	28	27	937	939
10916	28	162	937	939
10818	28	14	937	939
15665	28	1323	937	939
12165	28	1613	937	939
18019	28	73	937	939
66628	28	4528	937	939
79175	28	28	937	939
8182	28	98	937	939
14809	28	40	937	939
16713	28	502	937	939
168861	28	350	937	939
50868	28	1110	937	939
48257	28	417	937	939
18249	28	120	937	939
40201	28	1461	937	939
12699	28	24	937	939
10625	28	43	937	939
108627	28	5548	937	939
18091	28	232	937	939
55493	28	922	937	939
25273	28	67	937	939
21556	28	24	937	939
49452	28	230	937	939
10818	28	24	937	939
24675	28	1156	937	939
17660	28	625	937	939
94808	28	170	937	939
8268	28	1349	937	939
36159	28	959	937	939
8816	28	31	937	939
108819	28	5062	937	939
64505	28	31	937	939
45419	28	65	937	939
52960	28	72	937	939
21260	28	24	937	939
68573	28	70	937	939
34385	28	112	937	939
19989	28	286	937	939
31991	28	107	937	939
39558	28	6223	937	939
21825	28	230	937	939
28716	28	436	937	939
91437	28	6741	937	939
80105	28	841	937	939
17367	28	339	937	939
36273	28	1110	937	939
57363	28	2262	937	939
95246	28	91	937	939
20155	28	602	937	939
25962	28	913	937	939
51541	28	353	937	939
18530	28	195	937	939
38173	28	162	937	939
60623	28	1097	937	939
33956	28	240	937	939
60168	28	502	937	939
60452	28	396	937	939
24911	28	313	937	939
19276	28	120	937	939
31024	28	257	937	939
5404	28	53	937	939
34658	28	170	937	939
59718	28	1091	937	939
93724	28	936	937	939
26789	28	158	937	939
36378	28	123	937	939
17521	28	240	937	939
28414	28	160	937	939
44579	28	19	937	939
9568	28	31	937	939
51926	28	343	937	939
58935	28	530	937	939
34065	28	938	937	939
2883	28	33	937	939
79779	28	454	937	939
17771	28	797	937	939
12069	28	66	937	939
95641	28	1206	937	939
17657	28	6223	937	939
5487	28	1358	937	939
12085	28	938	937	939
90542	28	701	937	939
21578	28	174	937	939
88067	28	525	937	939
111596	28	6081	937	939
21562	28	72	937	939
12238	28	535	937	939
11609	28	153	937	939
4351	28	58	937	939
21658	28	1182	937	939
87797	28	54	937	939
34341	28	5621	937	939
80224	28	48	937	939
24474	28	748	937	939
33340	28	277	937	939
15703	28	110	937	939
78958	28	6753	937	939
40591	28	37	937	939
23568	28	146	937	939
31978	28	77	937	939
45104	28	3885	937	939
27203	28	188	937	939
13155	28	122	937	939
15327	28	88	937	939
16130	28	532	937	939
60614	28	1621	937	939
47096	28	396	937	939
21454	28	142	937	939
44482	28	2718	937	939
43407	28	105	937	939
38366	28	174	937	939
34847	28	144	937	939
80174	28	1810	937	939
103715	28	66	937	939
58556	28	1542	937	939
12824	28	1471	937	940
19411	28	124	937	940
96513	28	171	937	940
11885	28	185	937	940
41371	28	104	937	940
86819	28	4392	937	940
38824	28	103	937	940
4050	28	61	937	940
49573	28	216	937	940
15566	28	64	937	940
66293	28	1153	937	940
111937	28	3038	937	940
71166	28	146	937	940
10323	28	53	937	940
11626	28	643	937	940
52720	28	437	937	940
63540	28	39	937	940
17595	28	39	937	940
27131	28	195	937	940
15625	28	5355	937	940
47387	28	37	937	940
65085	28	1138	937	940
20834	28	1739	937	940
15768	28	20789	937	940
8087	28	66	937	940
21645	28	256	937	940
15896	28	235	937	940
79308	28	289	937	940
13636	28	160	937	940
72927	28	51	937	940
12666	28	74	937	940
101913	28	706	937	940
135315	28	1296	937	940
56574	28	303	937	940
9470	28	3141	937	940
67850	28	145	937	940
38252	28	857	937	940
37301	28	2196	937	940
14629	28	133	937	940
13755	28	1176	937	940
27952	28	202	937	940
18500	28	1159	937	940
33174	28	6223	937	940
14639	28	164	937	940
8795	28	739	937	940
31557	28	970	937	940
51007	28	36	937	940
41235	28	95	937	940
8665	28	58	937	940
79068	28	210	937	940
23100	28	160	937	940
33796	28	323	937	940
27270	28	572	937	940
19522	28	98	937	940
37576	28	940	937	940
36304	28	281	937	940
47206	28	77	937	940
8182	28	294	937	940
19652	23	102141	937	940
35062	28	957	937	940
27283	28	92	937	940
9581	28	630	937	940
110397	28	83	937	940
25791	28	4178	937	940
20195	28	2057	937	940
29330	28	20	937	940
11872	28	64	937	940
5217	28	158	937	940
6967	28	4180	937	940
65277	28	48	937	940
6221	28	147	937	940
8925	28	107	937	940
61289	28	136	937	940
142425	28	167	937	940
56470	28	1297	937	940
71261	28	1032	937	940
18952	28	1349	937	940
52797	28	742	937	940
19368	28	149	937	940
7698	28	42	937	940
77956	28	133	937	940
95014	28	165	937	940
27497	28	85	937	940
13422	28	2057	937	940
53664	28	741	937	940
80224	28	77	937	940
62650	28	274	937	940
18455	28	193	937	940
28706	28	460	937	940
51661	28	210	937	940
31756	28	27	937	940
18473	28	377	937	940
80827	28	180	937	940
22731	28	71	937	940
60598	28	41	937	940
16080	28	87	937	940
8669	28	31	937	940
13868	28	66	937	940
23750	28	233	937	940
26497	28	2057	937	940
15452	28	232	937	940
44906	28	4260	937	940
11012	28	885	937	940
21855	28	940	937	940
72014	28	377	937	940
21475	28	704	937	940
92048	28	524	937	940
25748	28	754	937	940
33173	28	85	937	940
37652	28	643	937	940
33024	28	45	937	940
10818	28	31	937	940
13016	28	282	937	940
55225	28	129	937	940
47474	28	1317	937	940
57856	28	156	937	940
27027	28	124	937	940
80065	28	2023	937	940
10603	28	27	937	940
24587	28	98	937	940
70497	28	1297	937	940
72526	28	177	937	940
6742	28	58	937	940
94713	28	89	937	940
30635	28	475	937	940
22130	28	95	937	940
9358	28	24	937	940
81263	28	513	937	940
19775	28	319	937	940
29444	28	23	937	940
61347	28	99	937	940
29642	28	275	937	940
99253	28	238	937	940
12222	28	56	937	940
10478	28	241	937	941
34489	28	241	937	941
83790	28	1632	937	941
114252	28	2087	937	941
40988	28	930	937	941
23351	28	122	937	941
83933	28	474	937	941
27044	28	231	937	941
22050	28	78	937	941
135258	28	1632	937	941
25402	28	54	937	941
14861	28	241	937	941
88215	28	475	937	941
21955	28	474	937	941
135049	16	8	937	941
45217	28	40	937	941
9154	28	531	937	941
99341	28	40	937	941
40898	28	363	937	941
27323	28	68	937	941
11571	28	5102	937	941
140347	28	1392	937	941
7202	28	65	937	941
37054	28	868	937	941
24129	28	573	937	941
65236	28	470	937	941
88269	28	103	937	941
20257	28	1179	937	941
32282	28	14	937	941
32560	28	174	937	941
18941	28	164	937	941
16528	28	773	937	941
80885	28	71	937	941
125993	28	1213	937	941
35345	28	175	937	941
9678	28	112	937	941
29857	28	168	937	941
13640	28	429	937	941
47809	28	166	937	941
44410	28	381	937	941
22370	28	20	937	941
84898	28	10779	937	941
147807	28	1260	937	941
148046	28	2529	937	941
137905	28	309	937	941
40733	28	28	937	941
101246	28	28577	937	941
25248	28	121	937	941
21132	28	797	937	941
27914	28	669	937	941
27278	28	319	937	941
12574	28	39	937	941
8190	28	371	937	941
12072	28	221	937	941
10335	28	283	937	941
129960	14	17751	937	941
7657	28	29	937	941
28086	28	346	937	941
26140	28	1819	937	941
80951	28	2262	937	941
27777	28	91	937	941
5799	28	46	937	941
9813	28	273	937	941
23014	28	24	937	941
14586	28	44	937	941
18270	28	289	937	941
25093	28	123	937	941
19176	28	24	937	941
27808	28	390	937	941
35819	28	1395	937	941
88133	28	624	937	941
44077	28	2015	937	941
61641	28	564	937	941
14623	28	290	937	941
21695	28	6223	937	941
4438	28	73	937	941
93517	28	1185	937	941
6540	28	65	937	941
15895	28	98	937	941
17714	28	234	937	941
17105	28	489	937	941
38021	28	92	937	941
22010	28	18	937	941
14430	28	938	937	941
118677	28	78	937	941
19012	28	104	937	941
21346	28	413	937	941
34001	28	193	937	941
24691	28	837	937	942
112121	28	933	937	942
16715	28	575	937	942
61989	23	61413	937	942
63257	28	165	937	942
55182	28	1166	937	942
27085	28	47	937	942
36497	28	2262	937	942
31783	28	3960	937	942
21206	28	134	937	942
16047	28	1795	937	942
7792	28	74	937	942
11617	28	48	937	942
46176	28	768	937	942
34914	28	30	937	942
46759	28	292	937	942
63120	28	244	937	942
50396	28	248	937	942
35450	28	206	937	942
45376	28	45	937	942
54649	28	564	937	942
37137	28	44	937	942
22788	28	364	937	942
9974	28	54	937	942
15165	28	1700	937	942
68624	28	80	937	942
16186	28	245	937	942
53175	28	1055	937	942
21463	28	670	937	942
6136	28	27	937	942
105781	23	33808	937	942
25971	28	43	937	942
21964	28	288	937	942
7123	28	119	937	942
131502	28	701	937	942
38655	28	990	937	942
4433	23	33719	937	942
33719	23	4433	937	942
28912	28	680	937	942
13814	28	166	937	942
89848	28	85	937	942
24665	28	2030	937	942
80037	26	70934	937	942
38614	28	19	937	942
57202	28	107	937	942
43381	28	140	937	942
18768	28	245	937	942
65237	28	2529	937	942
12715	28	460	937	942
26541	28	104	937	942
71928	28	42	937	942
65581	28	64	937	942
10580	28	261	937	942
8734	28	140	937	942
124728	28	1745	937	942
12610	28	2701	937	942
28781	28	55	937	942
102626	28	1032	937	942
44913	28	164	937	942
9155	28	203	937	942
6963	28	64	937	942
7156	28	16	937	942
111852	28	327	937	942
12544	28	32	937	942
28516	28	88	937	942
81893	28	547	937	942
3652	28	72	937	942
24952	28	826	937	942
51935	28	112	937	942
26653	28	99	937	943
35704	28	50	937	943
41284	28	295	937	943
35787	28	103	937	943
86575	28	244	937	943
75294	28	841	937	943
46749	28	756	937	943
90598	28	256	937	943
41687	28	199	937	943
23836	28	39	937	943
24092	28	550	937	943
65920	28	368	937	943
69016	28	768	937	943
59694	28	938	937	943
12407	28	50	937	943
17204	28	233	937	943
79963	28	260	937	943
27719	28	10384	937	943
10478	28	387	937	943
12432	28	780	937	943
19698	28	233	937	943
13778	28	1118	937	943
38810	28	291	937	943
77611	28	502	937	943
24018	28	452	937	943
3631	23	13592	937	943
35730	28	288	937	943
38556	28	368	937	943
94074	28	67	937	943
151777	28	210	937	943
26787	28	3480	937	943
23607	28	315	937	943
47366	28	124	937	943
66662	28	524	937	943
57412	28	37	937	943
64005	28	4143	937	943
44457	28	768	937	943
28706	28	937	937	943
38345	28	103	937	943
70253	28	143	937	943
31099	28	377	937	943
17736	28	133	937	943
41402	28	1156	937	943
9683	28	160	937	943
12449	28	30	937	943
28656	28	185	937	943
85875	28	392	937	943
104783	28	1594	937	943
73165	28	408	937	943
30770	28	1864	937	943
9311	28	213	937	943
91783	28	470	937	943
115905	28	17561	937	943
83618	28	603	937	944
46660	28	51	937	944
63018	28	453	937	944
15240	28	1023	937	944
31008	28	103	937	944
49332	28	768	937	944
65920	28	144	937	944
77015	23	66872	937	944
27009	28	20	937	944
25362	28	30	937	944
34389	28	267	937	944
15049	28	253	937	944
26142	23	92167	937	944
92167	23	26142	937	944
44196	28	86	937	944
8316	28	50	937	944
60759	28	494	937	944
60759	28	20	937	944
139544	28	2341	937	944
23045	28	146	937	944
79532	28	144	937	944
26967	28	54	937	944
58198	23	89225	937	944
12522	28	885	937	944
11809	28	144	937	944
93157	28	167	937	944
13335	28	293	937	944
9870	28	167	937	944
14302	28	614	937	944
41177	28	345	937	944
66781	28	768	937	944
31182	23	57844	937	944
82039	28	3484	937	944
81955	28	1193	937	944
49785	28	768	937	944
72058	28	749	937	945
26461	28	293	937	945
27363	28	169	937	945
42065	28	42	937	945
22377	28	32	937	945
141132	28	30033	937	945
141262	28	348	937	945
69055	28	124	937	945
54238	28	95	937	945
79829	28	193	937	945
38335	28	826	937	945
49785	28	255	937	945
63384	28	453	937	945
53590	28	463	937	945
15961	28	811	937	945
27714	28	273	937	945
13592	23	3631	937	945
51277	28	269	937	945
17220	28	31	937	945
15614	28	29	937	945
129957	28	263	937	945
41623	28	267	937	945
69620	28	370	937	945
4630	23	77524	937	945
77524	23	4630	937	945
20983	28	269	937	945
31071	28	60	937	945
63715	28	267	937	946
47943	28	53	937	946
39327	28	2098	937	946
71039	28	133	937	946
20620	28	77	937	946
96676	28	547	937	946
30120	28	39	937	946
7394	28	135	937	946
25341	28	261	937	946
14392	28	153	937	946
125093	23	21039	937	946
21952	28	295	937	946
128788	28	1708	937	946
35762	28	154	937	946
29250	28	1135	937	946
46939	28	280	937	946
60249	28	323	937	946
96855	28	3255	937	947
64140	28	184	937	947
63105	28	850	937	947
96031	28	1835	937	947
19760	28	164	937	947
24575	28	1223	937	947
50805	28	60	937	947
70268	28	850	937	947
104463	28	510	937	947
17548	28	206	937	947
27519	28	991	937	947
83652	28	531	937	947
47343	28	211	937	947
18581	28	460	937	947
36880	28	14	937	947
38153	28	957	937	948
21619	28	68	937	948
18897	28	143	937	948
38810	28	244	937	949
36819	28	231	937	949
77189	23	89183	937	949
15686	28	11331	937	949
94276	28	68	937	949
32266	28	68	937	949
51490	28	315	937	949
16186	28	34	937	949
132765	28	3872	937	949
95354	28	547	937	949
32840	28	206	937	949
92609	23	15186	937	949
34955	28	217	937	949
23184	28	206	937	949
38340	28	103	937	949
7647	28	20	937	949
83267	28	547	937	950
75554	16	8	937	950
16881	28	470	937	950
47474	28	336	937	950
133845	28	2682	937	950
129793	23	126158	937	950
126158	23	129793	937	950
92194	28	1135	937	950
68070	28	11849	937	951
25447	28	368	937	951
58848	28	520	937	951
60626	28	1814	937	951
109139	28	191	937	951
38343	28	2109	937	951
30433	28	245	937	951
4223	28	247	937	952
137714	28	1632	937	952
36880	28	36	937	953
14434	28	29	937	953
44963	28	144	937	953
14064	28	526	937	953
60498	28	68	937	953
87797	28	146	937	954
9155	28	244	937	955
64285	23	59970	937	955
69055	28	9602	937	956
92011	16	9	937	958
165978	16	9	937	964
97881	23	26684	937	965
17365	14	69115	937	967
5400	28	294	938	0
52125	14	7134	938	0
131388	14	229	938	0
112498	28	53	938	0
131592	14	39285	938	0
33935	14	3622	938	0
34191	28	29	938	0
22348	28	143	938	0
11895	28	857	938	0
17197	28	3420	938	0
46683	28	1392	938	0
34740	14	308	938	0
19095	28	50	938	0
7877	28	50	938	0
73781	28	806	938	0
31099	28	361	938	0
74258	28	1409	938	0
157716	14	2922	938	0
41661	14	308	938	0
21830	14	308	938	0
30349	28	1426	938	0
100048	23	116004	938	0
116004	23	100048	938	0
7049	28	361	938	0
14363	28	14	938	0
54847	28	2642	938	0
101316	23	75973	938	0
114094	28	11409	938	0
88208	28	2439	938	0
97951	28	927	938	0
27764	14	2964	938	0
22977	28	282	938	0
22788	28	32	938	0
24801	28	33	938	0
52212	28	337	938	0
102953	28	165	938	0
13153	28	38	938	0
6702	6	64462	938	0
6107	23	16512	938	0
12959	28	1086	938	0
103670	28	219	938	0
30387	28	20	938	0
99008	28	11409	938	0
26504	28	3382	938	0
12911	28	14	938	0
35200	28	161	938	0
104091	28	216	938	0
7753	28	166	938	0
63893	28	164	938	0
20512	28	288	938	0
120736	28	3382	938	0
37795	14	444	938	0
25044	28	20624	938	0
58629	28	637	938	0
13407	14	943	938	0
6578	14	7980	938	0
18927	28	120	938	0
10389	28	337	938	0
91374	23	27816	938	0
27816	23	91374	938	0
53615	28	160	938	0
43853	14	1217	938	0
57877	28	1426	938	0
39375	14	24005	938	0
42786	28	573	938	0
15971	28	1245	938	0
56925	28	73	938	0
23100	28	396	938	0
22733	28	1496	938	0
26676	14	23821	938	0
53363	6	3719	938	0
86274	28	1245	938	0
43588	14	7090	938	0
83421	28	2097	938	0
18147	28	164	938	0
106996	28	177	938	0
11405	28	1145	938	0
32977	28	1611	938	0
67628	14	3568	938	0
64717	14	2025	938	0
100227	28	164	938	0
51996	28	536	938	0
22097	28	1323	938	0
79876	28	464	938	0
28411	28	979	938	0
63777	28	165	938	0
68070	28	1956	938	0
84371	28	19	938	0
3927	23	25077	938	0
25077	23	3927	938	0
11625	28	331	938	0
73819	14	308	938	0
73338	14	2796	938	0
38225	28	164	938	0
32450	14	20836	938	0
65549	28	713	938	0
108100	14	308	938	0
80749	28	164	938	0
14673	28	3376	938	0
11142	28	120	938	0
72713	28	221	938	0
16142	28	418	938	0
6646	28	418	938	0
17036	28	63	938	0
28867	28	164	938	0
64220	14	9093	938	0
64161	28	2015	938	0
10021	23	21396	938	0
36033	28	20624	938	0
60061	28	4604	938	0
38424	28	21509	938	0
21421	28	40	938	0
98452	14	3055	938	0
6311	28	221	938	0
21943	28	8698	938	0
10572	28	1122	938	0
10556	28	74	938	0
25529	23	94037	938	0
94037	23	25529	938	0
41055	28	170	938	0
9077	28	65	938	0
26780	28	95	938	0
100783	28	164	938	0
11527	28	216	938	0
40388	30	16133	938	0
21431	28	171	938	0
5575	28	126	938	0
18947	28	361	938	0
5787	28	1656	938	0
38208	28	221	938	0
37652	28	206	938	0
22966	28	164	938	0
7395	28	67	938	0
120391	14	7183	938	0
64541	28	227	938	0
76136	28	464	938	0
127129	6	4785	938	0
147187	14	3089	938	0
18202	28	750	938	0
19487	28	8040	938	0
75084	14	764	938	0
5253	28	294	938	0
28355	28	31	938	0
48560	14	308	938	0
24961	14	147493	938	0
73535	28	24	938	0
67474	14	3473	938	0
12219	28	134	938	0
22415	28	2538	938	0
27624	28	247	938	0
69682	28	857	938	0
22505	28	436	938	0
55397	6	95047	938	0
79231	28	12654	938	0
75327	28	433	938	0
30029	28	692	938	0
6498	28	27	938	0
46660	28	91	938	0
64541	28	780	938	0
74145	28	1396	938	0
45628	28	1478	938	0
5073	28	40	938	0
7753	28	89	938	0
44259	28	126	938	0
13173	28	78	938	0
12817	28	713	938	0
32191	28	1676	938	0
8964	28	625	938	0
18346	23	49522	938	0
9077	28	178	938	0
18514	28	67	938	0
60211	23	25694	938	0
25694	23	60211	938	0
39466	14	4314	938	0
8245	28	395	938	0
23335	14	1343	938	0
138294	16	4313	938	0
71166	28	54	938	0
14300	28	265	938	0
44579	28	72	938	0
18956	28	418	938	0
58929	28	1542	938	0
10263	28	161	938	0
13744	14	73345	938	0
44798	14	308	938	0
37925	14	60521	938	0
80896	28	2050	938	0
37423	28	294	938	0
16670	28	800	938	0
129492	6	3236	938	0
101033	14	15888	938	0
3249	23	75641	938	0
75641	23	3249	938	0
24706	28	857	938	0
18514	28	3379	938	0
54859	14	9720	938	0
33678	28	1621	938	0
5575	28	1159	938	0
6742	28	717	938	0
75084	14	918	938	0
11142	28	109	938	0
11099	28	67	938	0
108543	28	4020	938	0
18801	28	32	938	0
5575	28	81	938	0
24285	23	69071	938	0
69071	23	24285	938	0
10399	28	118	938	0
33860	28	54	938	0
50071	14	3089	938	0
59912	28	60	938	0
38282	28	2282	938	0
49247	28	1162	938	0
92906	28	11779	938	0
18728	14	6456	938	0
22732	28	29	938	0
38672	28	95	938	0
60394	28	434	938	0
28819	28	1611	938	0
46267	28	713	938	0
88819	28	2599	938	0
48412	14	5310	938	0
38937	28	54	938	0
27912	28	235	938	0
47016	28	1244	938	0
10009	28	227	938	0
73553	28	714	938	0
60118	28	178	938	0
7813	28	139	938	0
38086	28	112	938	0
69682	28	343	938	0
107786	14	2297	938	0
12730	28	110	938	0
41958	28	1592	938	0
12682	28	39	938	0
26957	14	2431	938	0
31497	28	615	938	0
73254	14	13870	938	0
44806	14	308	938	0
20999	28	19	938	0
110476	28	592	938	0
25103	14	1491	938	0
12483	28	259	938	0
26957	14	764	938	0
5024	28	247	938	0
25148	1	49930	938	0
36221	28	259	938	0
21870	28	397	938	0
74046	28	559	938	0
10470	28	177	938	0
116177	28	3080	938	0
17257	28	1145	938	0
80428	14	3608	938	0
29994	14	95020	938	0
13301	28	288	938	0
88067	28	464	938	0
116177	28	492	938	0
27515	28	77	938	0
32003	14	1491	938	0
128570	6	78486	938	0
92918	28	261	938	0
10752	28	63	938	0
30766	28	418	938	0
33796	28	501	938	0
6506	14	3057	938	0
38870	28	741	938	0
21577	28	14	938	0
7942	23	130318	938	0
60118	28	80	938	0
77782	28	39	938	0
154393	28	3513	938	0
15139	28	61	938	0
61206	14	15888	938	0
7315	28	44	938	0
23607	28	418	938	0
60514	28	739	938	0
95641	28	28794	938	0
5575	28	53	938	0
30433	28	54	938	0
56925	28	39	938	0
9967	28	806	938	0
84035	28	57	938	0
26976	14	24596	938	0
11648	28	475	938	0
124491	28	449	938	0
52883	14	3089	938	0
77406	28	1831	938	0
7647	28	717	938	0
15296	28	186	938	0
52960	28	89	938	0
52391	28	927	938	0
27095	28	281	938	0
18255	28	105	938	0
69951	28	1349	938	0
37925	14	32577	938	0
19176	28	14	938	0
34414	14	943	938	0
24683	28	57095	938	0
16670	28	502	938	0
64935	28	1436	938	0
15552	28	256	938	0
24361	28	131	938	0
83326	16	9	938	0
17200	28	1182	938	0
4223	28	53	938	0
37126	14	33634	938	0
17918	28	3382	938	0
91621	28	449	938	0
14007	28	8779	938	0
45889	28	152	938	0
66784	14	4413	938	0
24587	28	294	938	0
85606	28	19	938	0
155531	28	768	938	0
10359	28	907	938	938
28867	28	6625	938	939
44839	28	164	938	939
28942	28	118	938	939
60953	28	4142	938	939
96680	28	2529	938	939
13191	28	39757	938	939
8618	28	92	938	939
61931	28	1592	938	939
52637	28	439	938	939
53588	28	198	938	939
46351	28	16	938	939
84228	28	1592	938	939
72535	28	321	938	939
8784	28	797	938	939
9701	28	319	938	939
30736	28	221	938	939
11835	28	31	938	939
17498	28	4178	938	939
35482	28	8819	938	939
41315	28	4142	938	939
71124	28	533	938	939
17774	28	32	938	939
29250	28	434	938	939
22949	28	298	938	939
64800	28	74846	938	939
64874	28	2210	938	939
15788	28	290	938	939
42061	28	530	938	939
100227	28	196	938	939
75098	28	205	938	939
56216	28	88	938	939
20241	28	298	938	939
3832	28	17962	938	939
49072	28	1076	938	939
55198	28	3465	938	939
7076	28	111	938	939
45889	28	69	938	939
5887	28	6768	938	939
49412	28	98	938	939
17036	28	188	938	939
48679	28	269	938	939
49735	28	530	938	939
14007	28	65	938	939
21272	28	1423	938	939
9154	28	241	938	939
14541	28	4528	938	939
7630	28	3182	938	939
6264	28	38	938	939
40278	28	25590	938	939
11580	28	515	938	939
64385	28	38	938	939
25823	28	1110	938	939
89568	28	3973	938	939
11708	28	49	938	939
53447	28	4700	938	939
21795	28	76	938	939
11833	28	290	938	939
26053	28	2015	938	939
77955	28	554	938	939
40086	28	245	938	939
13017	28	10650	938	939
7774	28	1481	938	939
89974	28	120	938	939
10752	28	44	938	939
120269	28	439	938	939
3748	28	33	938	939
20432	28	114	938	939
50481	28	274	938	939
23430	28	274	938	939
90638	28	78	938	939
15665	28	112	938	939
20553	28	6543	938	939
20561	28	52	938	939
66963	28	311	938	939
25229	28	162	938	939
62369	28	145	938	939
67753	28	126	938	939
35331	28	829	938	939
8162	28	653	938	939
8690	28	1412	938	939
55894	28	10497	938	939
91611	28	2262	938	939
75687	28	6081	938	939
15587	28	274	938	939
5874	28	91	938	939
82276	28	6741	938	939
16814	28	826	938	939
20099	28	502	938	939
5404	28	28	938	939
38698	28	111	938	939
12605	28	1144	938	939
9425	28	188	938	939
66797	28	4922	938	939
40899	28	649	938	939
20661	28	11857	938	939
72927	28	277	938	939
17481	28	100	938	939
92428	28	6081	938	939
72947	28	298	938	939
6482	28	235	938	939
78999	28	80	938	939
92692	28	12310	938	939
16313	28	313	938	939
15744	28	37	938	939
35347	28	1744	938	939
27095	28	267	938	939
10860	28	864	938	939
92906	28	297	938	939
113522	28	133	938	939
49412	28	109	938	939
21421	28	67	938	939
37264	28	102	938	939
77454	28	37	938	939
82821	28	77	938	939
41914	28	119	938	939
43900	28	1161	938	939
106915	28	71	938	939
51277	28	181	938	939
37105	28	1323	938	939
10603	28	58	938	939
91354	28	629	938	939
93714	28	985	938	939
31189	28	2201	938	939
44490	28	5222	938	939
24350	28	256	938	939
44259	28	58	938	939
12699	28	14	938	939
20999	28	5520	938	939
38180	28	69	938	939
89503	28	439	938	939
100804	28	785	938	939
55442	28	321	938	939
34644	28	2030	938	939
6316	28	1307	938	939
19698	28	32	938	939
69656	28	80	938	939
23958	28	1104	938	939
14064	28	429	938	939
28489	28	1471	938	939
91141	28	205	938	939
27939	28	111	938	939
80885	28	409	938	939
67158	28	153	938	939
29349	28	224	938	939
33771	28	188	938	939
13153	28	100	938	939
12919	28	63	938	939
60666	28	14110	938	939
59387	28	4020	938	939
99938	28	188	938	939
125723	28	753	938	939
77290	28	2262	938	939
39573	28	155	938	939
64334	28	3255	938	939
9556	28	31	938	939
4107	28	27	938	939
9967	28	4525	938	939
5253	28	89	938	939
52320	28	158	938	939
57836	28	989	938	939
42304	28	321	938	939
3792	28	17699	938	939
8825	28	56	938	939
58585	28	46	938	939
68410	28	1805	938	939
58534	28	888	938	939
48140	28	4142	938	939
15027	28	201	938	939
15552	28	3382	938	939
93071	28	77	938	939
26940	28	9101	938	939
17344	28	2148	938	939
5519	28	698	938	939
93127	28	930	938	939
10811	28	61	938	939
11708	28	150	938	939
19407	28	290	938	939
8629	28	467	938	939
101820	28	732	938	939
31471	28	38	938	939
10389	28	2439	938	939
78083	28	71	938	939
77782	28	87	938	939
36815	28	417	938	939
60140	28	1589	938	939
8232	28	191	938	939
58893	28	48	938	939
90096	28	252	938	939
35656	28	2718	938	939
21388	28	1052	938	939
16594	28	748	938	939
29742	28	143	938	939
16351	28	972	938	939
28355	28	102	938	939
124470	28	1461	938	939
128667	28	1621	938	939
77514	28	602	938	939
3832	28	105	938	939
12682	28	78	938	939
65477	28	20624	938	939
26268	28	141	938	939
7395	28	80	938	939
80855	28	16	938	939
8086	28	69	938	939
12225	28	1652	938	939
80600	28	878	938	939
47064	28	47	938	939
37331	28	392	938	939
18438	28	1323	938	939
89588	28	821	938	939
21994	28	516	938	939
74785	28	119	938	939
41897	28	868	938	939
5167	28	49	938	939
12085	28	223	938	939
92239	28	282	938	939
5916	28	1229	938	939
36855	28	5160	938	939
52128	28	2718	938	939
13382	28	175	938	939
17651	28	22	938	939
13189	28	52319	938	939
42127	28	171	938	939
38150	28	118	938	939
24494	28	460	938	939
24608	28	24	938	939
23162	28	110	938	939
17613	28	49	938	939
16151	28	228	938	939
93316	28	449	938	939
13632	28	259	938	939
10814	28	586	938	939
24452	28	19	938	939
29985	28	354	938	939
85606	28	91	938	939
12889	28	76	938	939
32833	28	1119	938	939
36473	28	55	938	939
16788	28	766	938	939
100122	28	150	938	939
5787	28	133	938	939
23223	28	922	938	939
39508	28	1370	938	939
8202	28	120	938	939
65038	28	2023	938	939
58181	28	347	938	939
59305	28	660	938	939
51848	28	1742	938	939
86076	28	1409	938	939
94453	28	1962	938	939
22945	28	22727	938	939
74056	28	4922	938	939
86962	28	101	938	939
30919	28	556	938	939
69637	28	185	938	939
45149	28	101	938	939
25272	28	1496	938	939
13911	28	74	938	939
33560	28	954	938	939
16638	28	89	938	939
58702	28	916	938	939
28414	28	91	938	939
58629	28	1015	938	939
103670	28	105	938	939
6826	28	6081	938	939
93008	28	12310	938	939
57855	28	1138	938	939
11476	28	1005	938	939
108723	28	837	938	939
90818	28	1432	938	939
31497	28	981	938	939
12730	28	150	938	939
18641	28	107	938	939
11648	28	361	938	939
78613	28	102	938	939
21440	28	111	938	939
31096	28	313	938	939
15605	28	646	938	939
11017	28	123	938	939
74175	28	2718	938	939
25280	28	19	938	939
13620	28	591	938	939
50031	28	565	938	939
71827	28	167	938	939
15952	28	191	938	939
48679	28	593	938	939
92457	28	89	938	939
22225	28	158	938	939
31363	28	174	938	939
15175	28	257	938	939
51014	28	122	938	939
60008	28	10650	938	939
109867	28	53	938	939
6111	28	358	938	939
21676	28	265	938	939
38672	28	395	938	939
64505	28	105	938	939
20690	28	107	938	939
32940	28	168	938	939
57348	28	6081	938	939
37969	28	1396	938	939
82261	28	7174	938	939
28268	28	191	938	939
23426	28	5354	938	939
27634	28	111	938	939
30519	28	354	938	939
55642	28	164	938	939
8095	28	257	938	939
10501	28	231	938	939
63276	28	170	938	939
18971	28	89	938	939
108767	28	749	938	939
8902	28	29	938	939
76902	28	53	938	939
41387	28	44	938	939
20824	28	253	938	939
129428	28	134	938	939
7661	28	101	938	939
23346	28	24654	938	939
45628	28	215	938	939
7298	28	37	938	939
11142	28	158	938	939
109266	28	834	938	939
58933	28	58	938	939
32952	28	365	938	939
11178	28	51540	938	939
51146	28	53	938	939
95721	28	170	938	939
10522	28	257	938	939
35046	28	1244	938	939
32574	28	7218	938	939
8204	28	615	938	939
5868	28	38	938	939
58333	28	522	938	939
33260	28	102	938	939
30271	28	363	938	939
41778	28	1244	938	939
5884	28	105	938	939
55780	28	6081	938	939
122175	28	12310	938	939
40798	28	9944	938	939
50481	28	152	938	939
102813	28	661	938	939
5718	28	14	938	939
54329	28	609	938	939
9903	28	40	938	939
104407	28	624	938	939
38153	28	754	938	939
75613	28	95	938	939
9090	28	998	938	939
13480	28	126	938	939
17119	28	361	938	939
8711	28	1744	938	939
38208	28	118	938	939
90783	28	165	938	939
46070	28	289	938	939
38099	28	102	938	939
40971	28	1262	938	939
78107	28	24101	938	939
12824	28	18237	938	939
38878	28	346	938	939
10431	28	14	938	939
8600	28	1736	938	939
77434	28	1100	938	939
15265	28	1102	938	939
66138	28	31	938	939
21260	28	49	938	939
20983	28	95	938	939
68688	28	4142	938	939
14357	28	1596	938	939
55476	28	2642	938	939
59249	28	1242	938	939
81406	28	185437	938	939
130247	28	989	938	939
29162	28	40	938	939
24182	28	515	938	939
43591	28	188	938	939
39687	28	175	938	939
18231	28	37	938	939
96888	28	1959	938	939
74390	28	2718	938	939
57595	28	210	938	939
75621	28	1238	938	939
15847	28	400	938	939
111509	28	661	938	939
13271	28	44	938	939
130600	28	1621	938	939
84371	28	134	938	939
38577	28	386	938	939
59762	28	88	938	939
17898	28	91	938	939
25111	28	20	938	939
44630	28	14027	938	939
18104	28	122	938	939
111596	28	4020	938	939
52212	28	177	938	939
76648	28	989	938	939
11824	28	70	938	939
24782	28	926	938	939
22505	28	103	938	939
11660	28	2551	938	939
106913	28	53	938	939
52758	28	43	938	940
34131	28	123	938	940
61776	28	120	938	940
34362	28	358	938	940
19250	28	39797	938	940
71960	28	89	938	940
83798	28	313	938	940
46625	28	2015	938	940
46850	28	289	938	940
30701	28	240	938	940
8810	28	64	938	940
6970	28	19	938	940
20336	28	174	938	940
6311	28	110	938	940
40335	28	1962	938	940
26725	28	72	938	940
27546	28	875	938	940
13349	28	65473	938	940
62376	28	63	938	940
158866	28	1001	938	940
5100	28	986	938	940
27443	28	162	938	940
10470	28	150	938	940
76536	28	313	938	940
99841	28	49	938	940
28111	28	231	938	940
10965	28	786	938	940
57509	28	4965	938	940
16695	28	65	938	940
96988	28	1547	938	940
19544	28	970	938	940
14771	28	1229	938	940
119546	28	186	938	940
13457	28	422	938	940
11962	28	623	938	940
22903	28	82	938	940
10757	28	32	938	940
19056	28	58	938	940
11970	28	112	938	940
27674	28	363	938	940
96858	28	10220	938	940
65775	28	1211	938	940
56812	28	3720	938	940
9355	28	315	938	940
27348	28	55	938	940
66274	28	253	938	940
97682	28	712	938	940
57250	28	572	938	940
68900	28	170	938	940
23601	28	5552	938	940
18172	28	276	938	940
82942	28	2262	938	940
84917	28	28	938	940
23351	28	294	938	940
86266	28	201	938	940
13815	28	383	938	940
6461	28	61	938	940
124273	28	1346	938	940
28649	28	981	938	940
96938	28	2097	938	940
77237	28	617	938	940
71963	28	23562	938	940
82590	28	277	938	940
63034	28	502	938	940
15938	28	30	938	940
91743	28	695	938	940
6760	28	290	938	940
18818	28	5552	938	940
9504	28	19	938	940
35718	28	110	938	940
58766	28	841	938	940
24142	28	86	938	940
11453	28	82	938	940
16362	28	3119	938	940
32937	28	85	938	940
36078	28	105	938	940
28400	28	354	938	940
102745	28	1102	938	940
14750	28	177	938	940
94858	28	78	938	940
47680	28	383	938	940
5655	28	2395	938	940
61481	28	1592	938	940
5373	28	118	938	940
13031	28	147	938	940
28532	28	74	938	940
38345	28	54	938	940
13548	28	202	938	940
17841	28	95	938	940
39041	28	32	938	940
32977	28	52	938	940
10275	28	193	938	940
110593	28	940	938	940
10263	28	1496	938	940
25663	28	32	938	940
12849	28	38	938	940
7999	28	67	938	940
5608	28	58	938	940
101507	28	840	938	940
23370	28	120	938	940
134262	28	1496	938	940
81888	28	624	938	940
27861	28	240	938	940
80698	28	152	938	940
98783	28	2262	938	940
76366	28	65	938	940
129015	28	1297	938	940
4680	28	33	938	940
25342	28	20624	938	940
74783	28	153	938	940
59394	28	2376	938	940
61842	28	415	938	940
47689	28	20	938	940
11706	28	50	938	940
22537	28	39	938	940
23919	28	92	938	940
48007	28	86	938	940
92580	28	72	938	940
10559	28	617	938	940
43182	28	167	938	940
12463	28	78	938	940
11815	28	363	938	940
13891	28	136	938	940
110036	28	4551	938	940
25739	28	74	938	940
50180	28	330	938	940
11297	28	253	938	940
13919	28	9832	938	940
19298	28	10644	938	940
73216	28	701	938	940
31865	28	336	938	940
21410	28	19	938	940
56305	28	71	938	940
69666	28	55	938	940
38327	28	65	938	940
38233	28	1870	938	940
28020	28	343	938	940
24980	28	206	938	940
22277	28	20624	938	940
60116	28	768	938	940
4610	28	61	938	940
6985	28	1021	938	940
15444	28	63	938	940
16670	28	1129	938	940
43157	28	2214	938	940
16444	28	623	938	940
10556	28	188	938	940
12084	28	132	938	940
6180	28	33	938	940
7130	28	5090	938	940
19755	28	69	938	940
12577	28	603	938	940
101121	28	70	938	940
9560	28	412	938	940
10233	28	55	938	940
89802	28	503	938	940
50774	28	20362	938	940
17656	28	1718	938	940
9945	28	102	938	940
19487	28	2262	938	940
93666	28	1297	938	940
15403	28	28577	938	940
7877	28	73	938	940
6003	28	48	938	940
101221	28	141	938	940
9952	28	66	938	940
24500	28	701	938	940
9027	28	147	938	940
31953	28	140	938	940
147458	28	317	938	940
40476	28	402	938	940
10437	28	292	938	940
24532	28	195	938	940
86047	28	57	938	940
88707	28	50	938	940
93244	28	241	938	940
8161	28	165	938	940
11421	28	525	938	940
22538	28	79	938	940
64163	28	503	938	940
28692	28	91	938	940
59389	28	106	938	940
27435	28	52	938	940
19536	28	40	938	940
8292	28	63	938	940
41664	28	63	938	940
66077	28	643	938	940
60176	28	900	938	940
17681	28	199	938	940
90349	28	1542	938	940
19455	28	355	938	940
70333	28	1338	938	940
30870	28	155	938	940
37273	28	289	938	940
60394	28	1321	938	940
186175	28	1908	938	940
73280	28	885	938	940
72751	28	109	938	940
40642	28	195	938	940
15473	28	514	938	940
50977	28	21766	938	940
28783	28	65	938	940
48908	28	175	938	940
11819	28	1349	938	940
30899	28	1621	938	940
9639	28	1426	938	940
5400	28	53	938	940
13761	28	42	938	940
25336	28	445	938	940
22910	28	623	938	940
21698	28	2015	938	941
38846	28	178	938	941
60738	28	16405	938	941
61101	28	474	938	941
9246	28	524	938	941
29941	28	796	938	941
11940	28	16	938	941
18801	28	336	938	941
84681	28	339	938	941
20060	28	379	938	941
20286	28	92	938	941
27010	28	646	938	941
115196	28	1426	938	941
7327	28	71	938	941
45436	28	745	938	941
86152	28	95	938	941
9596	28	1488	938	941
31417	28	41	938	941
26780	28	328	938	941
43152	28	99	938	941
45795	28	393	938	941
29191	28	1222	938	941
9465	28	48	938	941
89982	28	474	938	941
30876	28	71	938	941
33848	28	1279	938	941
10158	28	126	938	941
53140	28	250	938	941
27415	28	1805	938	941
31706	28	936	938	941
7123	28	210	938	941
8245	28	740	938	941
53883	28	578	938	941
66055	28	648	938	941
14577	28	193	938	941
104207	28	3319	938	941
49711	28	292	938	941
25823	28	28	938	941
92025	28	74	938	941
71021	28	3251	938	941
41665	28	289	938	941
5677	28	277	938	941
43985	28	233	938	941
26191	28	2262	938	941
145557	28	268	938	941
27266	28	44	938	941
36350	28	227	938	941
54251	28	53	938	941
15898	28	38	938	941
19480	28	155	938	941
18082	28	73	938	941
6648	28	98	938	941
5164	28	175	938	941
10425	28	227	938	941
18522	28	3396	938	941
23184	28	162	938	941
8249	28	233	938	941
25638	28	146	938	941
24706	28	153	938	941
27619	28	8819	938	941
14208	28	1656	938	941
37539	28	1592	938	941
34943	28	174	938	941
77039	28	7339	938	941
37157	28	177	938	941
69735	28	3645	938	941
56253	28	266	938	941
115841	28	471	938	941
55472	28	983	938	941
93244	28	922	938	941
67617	28	268	938	941
87020	28	3913	938	941
67779	28	1067	938	941
72580	28	95	938	941
77039	28	731	938	941
51344	28	2529	938	941
99374	28	1621	938	941
73299	28	1033	938	941
19835	28	363	938	941
90787	28	774	938	941
14599	28	1286	938	941
13990	28	87	938	941
24892	28	508	938	941
77992	28	156	938	941
14047	28	293	938	941
12607	28	750	938	941
4896	28	51894	938	941
77402	28	72	938	941
69633	28	3879	938	941
30202	28	286	938	941
19163	28	76	938	941
75153	28	71	938	941
26146	28	46	938	941
28982	28	268	938	941
17272	28	919	938	941
10814	28	281	938	941
66483	28	2529	938	941
33021	28	14	938	941
127182	28	166	938	941
18514	28	100	938	941
