16966	28	60	943	946
51343	28	121	943	946
28572	28	1744	943	946
13764	28	48	943	946
18006	28	41	943	946
35420	28	81	943	946
23179	28	492	943	946
46968	28	633	943	946
9637	28	44	943	946
22584	28	99	943	946
59305	28	602	943	946
91746	28	273	943	946
8532	28	70	943	946
57836	28	392	943	946
39478	28	387	943	946
35111	28	633	943	946
49152	28	70	943	946
28895	28	4620	943	947
52864	28	941	943	947
22400	28	288	943	947
7999	28	87	943	947
12086	28	20	943	947
73163	28	283	943	947
22388	28	924	943	947
34087	28	461	943	947
11684	28	630	943	947
134032	28	1059	943	947
13778	28	146	943	947
36094	28	1644	943	947
20458	28	40	943	947
23732	28	80	943	947
20529	28	926	943	947
52092	28	9631	943	947
42130	28	345	943	947
9835	28	1297	943	947
40434	28	159	943	947
19254	28	1405	943	947
15531	28	13881	943	947
44895	28	333	943	947
29572	28	1552	943	947
47871	28	1293	943	947
47071	28	95	943	947
36027	28	1496	943	947
20638	28	228	943	947
26950	28	27	943	947
12124	28	114	943	947
29844	28	70	943	947
56304	28	91	943	947
68279	28	786	943	947
65463	28	6476	943	947
28378	28	1897	943	947
62503	28	503	943	947
16695	28	150	943	947
14623	28	846	943	947
25527	28	744	943	947
53956	28	894	943	947
21537	28	2490	943	947
31027	28	455	943	947
38368	28	164	943	947
124551	28	2972	943	947
12266	28	141	943	947
10340	28	150	943	947
31994	28	11779	943	947
21267	28	133	943	947
76995	28	5931	943	947
26483	28	104	943	947
35633	28	1596	943	947
30381	28	198	943	947
50000	28	121	943	947
104676	23	94502	943	947
10740	28	916	943	947
35334	28	280	943	947
17204	28	136	943	947
63077	28	646	943	947
13568	28	89	943	947
24727	28	408	943	947
16626	28	133	943	947
15566	28	30	943	947
53361	28	132	943	947
24823	28	710	943	947
59600	28	398	943	947
30301	28	245	943	947
14895	28	50	943	947
51442	28	193	943	947
32443	28	186	943	947
25855	28	336	943	947
46127	28	22	943	947
108312	28	1102	943	947
30335	28	247	943	947
31838	28	265	943	947
4544	28	72	943	947
33134	28	447	943	947
66321	28	66	943	947
24782	28	837	943	947
56164	28	104	943	947
24436	28	2433	943	947
49247	28	510	943	947
95354	28	275	943	947
46451	28	60	943	947
37048	28	20	943	947
48043	28	193	943	947
32809	28	152	943	947
14200	28	171	943	947
63686	28	872	943	947
44286	28	95	943	947
33160	28	398	943	947
6785	28	294	943	947
17636	28	48025	943	947
31417	28	86	943	947
42162	28	34	943	947
128995	28	1908	943	947
60126	28	3436	943	947
47340	28	2098	943	947
5490	28	586	943	947
91348	28	774	943	947
37356	28	522	943	947
58668	28	107	943	947
89950	28	2487	943	947
81837	28	2098	943	947
37137	28	14	943	947
35756	28	452	943	947
16619	28	41	943	947
12016	28	73	943	947
73135	28	40	943	947
7145	28	86	943	947
14908	28	119	943	947
22427	28	744	943	947
122469	28	1164	943	947
3986	28	1306	943	947
12699	28	36	943	947
35529	28	82	943	947
12039	28	161	943	947
81098	28	547	943	947
51864	28	837	943	947
11012	28	180	943	947
132108	28	144	943	947
28843	28	51	943	947
7563	28	40	943	947
32992	28	735	943	947
59876	28	214	943	947
20793	28	345	943	947
36831	28	167	943	947
43747	28	174	943	947
19589	28	1201	943	947
5519	28	65	943	947
8169	28	42	943	947
11438	28	837	943	947
23148	28	68	943	947
42662	28	60	943	947
10478	28	121	943	947
11625	28	969	943	948
15002	28	45	943	948
83993	28	922	943	948
20364	28	72	943	948
42284	28	141	943	948
27664	28	893	943	948
11516	28	454	943	948
37334	28	315	943	948
11999	28	2125	943	948
39444	28	429	943	948
22990	28	323	943	948
33923	28	124	943	948
5939	28	36	943	948
10656	28	315	943	948
41897	28	334	943	948
19396	28	227	943	948
7987	28	67	943	948
43025	28	162	943	948
13845	28	52	943	948
58159	28	1722	943	948
106550	28	413	943	948
106681	28	574	943	948
29803	28	162	943	948
27976	28	3119	943	948
11911	28	36	943	948
45195	28	471	943	948
9953	28	147	943	948
60876	28	333	943	948
92198	28	608	943	948
16660	28	325	943	948
8357	28	23	943	948
16027	28	282	943	948
58534	28	256	943	948
105775	28	17870	943	948
33162	28	57	943	948
75913	28	1936	943	948
17011	28	345	943	948
9581	28	135	943	948
66828	28	274	943	948
8735	28	399	943	948
27139	28	37	943	948
69543	28	2831	943	948
60592	28	91	943	948
34131	28	174	943	948
27952	28	124	943	948
43591	28	147	943	948
38345	28	143	943	948
101675	28	51	943	948
70391	28	1008	943	948
94369	28	797	943	948
27017	28	56	943	948
22020	28	30	943	948
34606	28	4418	943	948
14872	28	36	943	948
12432	28	136	943	948
13726	28	40	943	948
24674	28	185	943	948
51904	28	1335	943	948
25746	28	267	943	948
83421	28	4752	943	948
21380	28	933	943	948
13814	28	92	943	948
8649	28	231	943	948
7547	28	1255	943	948
16713	28	47	943	948
91624	28	447	943	948
16571	28	123	943	948
77129	28	179	943	948
86071	28	1261	943	948
16544	28	213	943	948
67158	28	311	943	948
51842	28	112	943	948
74743	28	238	943	948
22225	28	122	943	948
39274	28	592	943	948
12182	28	348	943	948
38564	28	648	943	948
14594	28	43	943	948
19877	28	259	943	948
60411	28	366	943	948
23818	28	60	943	948
28120	28	951	943	948
33244	28	175	943	948
39177	28	708	943	948
14514	28	402	943	948
60026	28	648	943	948
111924	28	1568	943	949
4132	28	213	943	949
45106	28	220	943	949
12083	28	72	943	949
12449	28	50	943	949
34694	28	39	943	949
22248	28	269	943	949
66579	28	749	943	949
53724	28	1250	943	949
137936	28	821	943	949
15175	28	351	943	949
120096	28	42476	943	949
35166	28	14	943	949
46498	28	2126	943	949
40057	28	286	943	949
53331	28	363	943	949
25624	28	167	943	949
24092	28	176	943	949
35041	28	103	943	949
25141	28	65	943	949
9446	28	628	943	949
49751	28	132	943	949
33961	28	102	943	949
18772	28	773	943	949
35566	28	131	943	949
13682	28	165	943	949
76395	28	240	943	949
53355	28	835	943	949
35379	28	510	943	949
11919	28	56	943	949
26653	28	141	943	949
69749	28	36	943	949
170765	28	453	943	949
19129	28	109	943	949
6021	28	1835	943	949
27929	28	348	943	949
20199	28	37	943	949
22553	28	20	943	949
27981	28	363	943	949
9224	28	181	943	949
14669	28	161	943	949
59718	28	162	943	949
24679	28	2672	943	949
53075	28	42	943	949
65835	28	53	943	949
110589	28	45	943	949
16011	28	147	943	949
61140	28	51	943	949
6268	28	124	943	949
15165	28	726	943	949
14638	28	198	943	949
11833	28	539	943	949
4014	28	92	943	949
12909	28	455	943	949
84783	28	797	943	949
17767	28	140	943	949
100414	28	2138	943	949
33184	28	61	943	949
39989	28	160	943	949
10818	28	42	943	949
18505	28	784	943	949
16299	28	67	943	949
35704	28	76	943	949
80519	28	471	943	949
21756	28	680	943	949
9154	28	121	943	949
95761	28	547	943	949
88552	28	180	943	949
21565	28	268	943	949
62936	28	1743	943	949
24778	28	1035	943	949
6282	28	40	943	949
9830	28	481	943	949
40485	28	798	943	949
56578	28	1656	943	949
95126	28	167	943	949
44677	28	77	943	949
74372	28	1442	943	949
19526	28	2709	943	949
12732	28	22	943	949
16400	28	88	943	950
29138	28	87	943	950
45945	28	1292	943	950
98536	28	268	943	950
26361	28	40	943	950
7959	28	223	943	950
54978	28	49	943	950
56729	28	1495	943	950
56888	23	64693	943	950
28041	28	206	943	950
46952	28	61	943	950
100787	28	454	943	950
78042	28	377	943	950
13488	28	181	943	950
60711	28	531	943	950
12003	28	452	943	950
14161	28	150	943	950
75119	28	547	943	950
10666	28	1160	943	950
21547	28	33	943	950
34682	28	40	943	950
29229	28	327	943	950
24092	28	121	943	950
9974	28	245	943	950
11873	28	92	943	950
49335	28	132	943	950
37495	28	745	943	950
13017	28	269	943	950
41387	28	122	943	950
72947	28	239	943	950
59040	28	255	943	950
32931	28	68	943	950
74853	28	2109	943	950
22183	28	242	943	950
38373	28	269	943	950
32267	28	941	943	950
88908	28	1276	943	950
8433	28	267	943	950
110894	28	275	943	950
65628	28	1283	943	950
55527	28	174	943	950
34029	28	463	943	950
28713	28	630	943	950
33226	28	30	943	950
55527	28	1335	943	950
39360	28	621	943	950
19545	28	227	943	950
36105	28	951	943	950
55449	28	303	943	950
15382	28	51	943	950
57728	28	8022	943	950
55083	28	3724	943	950
9775	28	22	943	950
28210	28	259	943	950
88483	28	152	943	950
111924	28	957	943	951
156522	28	869	943	951
13488	28	464	943	951
26802	28	60	943	951
18704	28	230	943	951
10995	28	396	943	951
136254	28	809	943	951
14574	28	169	943	951
62591	28	424	943	951
62929	28	453	943	951
17261	28	504	943	951
35465	28	247	943	951
42349	28	941	943	951
42284	28	68	943	951
21512	28	2107	943	951
10588	28	275	943	951
15256	28	177	943	951
69954	28	10735	943	951
12707	28	351	943	951
23118	28	213	943	951
100511	28	2250	943	951
6519	28	217	943	951
36141	28	573	943	951
36852	28	22	943	951
32290	28	531	943	951
12072	28	142	943	951
38619	28	114	943	951
58607	28	364	943	951
90487	28	2903	943	951
23576	28	174	943	951
22598	23	5577	943	951
59820	28	619	943	951
9889	28	247	943	951
14139	28	20	943	951
27636	28	227	943	951
32857	28	14	943	951
71406	28	16107	943	951
9056	28	396	943	951
4811	28	131	943	951
12504	28	546	943	951
39138	28	16187	943	951
4351	28	19	943	952
22799	28	213	943	952
98594	28	526	943	952
62929	28	608	943	952
22833	28	155	943	952
138975	28	809	943	952
10787	28	106	943	952
37321	28	1258	943	952
17021	28	1319	943	952
35651	28	185	943	952
19882	28	33	943	952
47070	28	648	943	952
5833	28	177	943	952
19028	28	106	943	952
81824	28	1138	943	952
36121	28	27	943	952
57277	28	419	943	952
62836	28	957	943	952
30161	28	184	943	952
31451	28	1059	943	952
14861	28	121	943	952
70896	28	6547	943	952
18879	28	227	943	952
31099	28	380	943	952
46760	28	532	943	952
63232	28	692	943	952
68818	28	809	943	952
86858	28	2752	943	953
21730	28	413	943	953
29383	28	643	943	953
83387	28	463	943	953
35844	28	26971	943	953
17268	28	121	943	953
105896	28	2059	943	953
26696	28	126	943	953
54436	28	3035	943	953
33234	28	268	943	953
24883	28	323	943	953
42742	28	380	943	953
87737	28	2632	943	953
35677	28	413	943	953
9214	28	276	943	953
80071	28	242	943	953
31395	28	368	943	953
31826	28	505	943	953
78699	28	370	943	953
20568	28	348	943	953
36184	28	276	943	953
5118	28	223	943	953
26557	28	22	943	954
26110	28	103	943	954
34266	28	453	943	954
45938	28	160	943	954
13801	28	836	943	954
48563	30	3185	943	954
10635	28	184	943	954
9656	28	48	943	954
119889	28	2059	943	954
32038	28	162	943	954
44380	28	350	943	954
18942	28	244	943	954
4486	23	12301	943	954
12301	23	4486	943	954
6238	28	452	943	955
39358	28	368	943	955
72387	28	123	943	955
85665	28	2838	943	955
53366	28	1193	943	955
31611	28	184	943	955
39103	28	107	943	955
18557	28	227	943	955
22778	28	396	943	955
109203	28	1943	943	955
91909	28	2871	943	955
17620	28	106	943	955
67979	28	136	943	955
28455	28	106	943	955
145989	14	4374	943	956
14007	28	41	943	956
83602	28	1670	943	956
18304	28	106	943	956
8623	28	520	943	956
10612	28	32	943	957
19465	28	370	943	957
18950	28	22	943	957
68858	28	68	943	957
111412	28	83	943	957
10343	28	510	943	957
20750	28	37	943	957
70412	23	123387	943	957
10947	28	223	943	957
15703	28	14	943	957
14143	28	184	943	958
10416	28	106	943	958
74383	28	413	943	958
108885	28	2041	943	958
5882	28	1300	943	958
37599	23	130093	943	958
13687	28	1135	943	959
5240	28	2107	943	959
15452	28	68	943	959
11240	28	484	943	959
79973	28	1338	943	959
13035	28	184	943	960
93887	28	144	943	960
20123	28	106	943	961
39631	28	2632	943	961
28374	30	2550	943	963
7020	23	35300	943	964
180544	14	775	943	965
9079	28	265	944	0
21648	28	91	944	0
44906	28	6255	944	0
11348	28	1616	944	0
8386	28	69	944	0
9297	28	52760	944	0
19285	28	2907	944	0
16847	28	261	944	0
13173	28	1695	944	0
53175	28	836	944	0
61776	28	3119	944	0
16918	28	24	944	0
7959	28	65	944	0
25654	28	22768	944	0
34896	28	2575	944	0
62920	28	1004	944	0
16287	28	418	944	0
30666	28	6928	944	0
98316	14	20071	944	0
35452	28	2907	944	0
25823	28	743	944	0
24751	14	2911	944	0
11625	28	1222	944	0
17651	28	16	944	0
47666	28	2035	944	0
55244	28	452	944	0
16838	23	10872	944	0
6178	28	24	944	0
17858	28	126	944	0
64632	28	66	944	0
39225	28	206	944	0
86708	14	2754	944	0
20810	28	60	944	0
86849	23	5954	944	0
5954	23	86849	944	0
10703	28	195	944	0
48679	28	1160	944	0
8532	28	230	944	0
31782	28	6692	944	0
158342	6	87084	944	0
25308	28	1497	944	0
100724	16	9	944	0
8491	28	24	944	0
11585	28	2786	944	0
45045	28	54	944	0
65862	23	4597	944	0
42511	28	1742	944	0
8025	28	1358	944	0
31189	28	568	944	0
23502	14	60521	944	0
65756	28	142	944	0
60984	28	9362	944	0
86769	28	9281	944	0
38702	28	1091	944	0
87817	28	9281	944	0
8629	28	4751	944	0
66469	28	452	944	0
24926	16	5228	944	0
37454	28	54	944	0
100724	16	8	944	0
57606	28	261	944	0
21817	28	4638	944	0
19022	28	364	944	0
89284	28	5075	944	0
34003	28	4262	944	0
11611	28	361	944	0
7802	28	2714	944	0
8621	28	24789	944	0
137658	14	25618	944	0
41555	28	72	944	0
119535	6	2021	944	0
6334	28	673	944	0
13463	14	3795	944	0
70644	28	15035	944	0
63729	28	337	944	0
65038	28	464	944	0
72110	28	2907	944	0
66467	28	29564	944	0
52363	28	768	944	0
85292	28	4003	944	0
9419	28	2786	944	0
28891	28	938	944	0
46330	28	35214	944	0
10787	28	587	944	0
78732	28	2388	944	0
139659	28	781	944	0
21669	28	7139	944	0
133520	14	12967	944	0
26002	28	2398	944	0
9727	28	418	944	0
96362	14	902	944	0
32001	14	782	944	0
9849	28	139	944	0
22553	28	24	944	0
4050	28	19	944	0
40628	28	81	944	0
5400	28	642	944	0
75323	16	84843	944	0
56477	28	32155	944	0
105921	28	15869	944	0
4318	28	66	944	0
11080	28	388	944	0
141303	28	150	944	0
32330	28	2546	944	0
15820	28	150	944	0
106303	14	20138	944	0
57318	28	9281	944	0
53144	28	4262	944	0
75804	28	1033	944	0
31216	28	592	944	0
9775	28	44	944	0
7477	28	168	944	0
27413	28	4335	944	0
7379	28	56448	944	0
12252	28	2159	944	0
28414	28	250	944	0
18172	28	489	944	0
26198	28	133	944	0
8833	28	92	944	0
10987	28	4174	944	0
14363	28	66	944	0
48504	28	4175	944	0
6172	28	175	944	0
98869	6	1637	944	0
10656	28	418	944	0
7770	28	2097	944	0
22876	28	10196	944	0
77434	28	1025	944	0
22868	28	230	944	0
18172	28	467	944	0
27914	28	8786	944	0
38361	28	295	944	0
165315	14	4611	944	0
9953	28	219	944	0
14811	28	230	944	0
56651	14	108209	944	0
28591	28	609	944	0
66864	14	93548	944	0
108294	14	12873	944	0
32426	14	1706	944	0
13335	28	379	944	0
22858	28	118	944	0
88919	28	1396	944	0
56729	28	4406	944	0
11134	28	95	944	0
37429	28	58	944	0
74745	28	614	944	0
17269	28	1730	944	0
59932	28	5760	944	0
18247	28	42	944	0
5373	28	120	944	0
8578	28	69	944	0
97014	14	3348	944	0
4518	23	25513	944	0
14436	28	808	944	0
35365	14	166599	944	0
30788	28	2546	944	0
55941	14	2384	944	0
17620	28	4627	944	0
91816	28	2941	944	0
3992	23	45514	944	0
45514	23	3992	944	0
125958	28	3069	944	0
42247	28	397	944	0
76121	16	8	944	0
68767	28	206	944	0
145779	14	4240	944	0
29293	28	3284	944	0
13795	28	2469	944	0
63868	28	29564	944	0
144439	16	9	944	0
56684	28	632	944	0
15801	28	808	944	0
10133	28	82	944	0
7796	28	195	944	0
17481	28	91	944	0
107277	28	1497	944	0
125321	23	68386	944	0
68386	23	125321	944	0
96105	28	58	944	0
43847	14	1217	944	0
71757	28	7609	944	0
13990	28	1505	944	0
91425	14	7210	944	0
27809	28	1495	944	0
83572	28	216	944	0
15820	28	27	944	0
146823	28	417	944	0
105975	14	17928	944	0
40192	28	15035	944	0
101579	14	82374	944	0
27002	28	914	944	0
43326	28	79	944	0
22165	28	28	944	0
52575	28	22961	944	0
8396	28	1590	944	0
108051	28	3939	944	0
28081	28	221	944	0
21421	28	14	944	0
42229	28	107	944	0
80728	28	167	944	0
33070	28	147	944	0
59584	28	29564	944	0
92061	28	2546	944	0
29747	14	2922	944	0
37751	28	5102	944	0
15931	14	3721	944	0
34299	28	1554	944	0
30102	14	308	944	0
127956	28	927	944	0
50455	14	6456	944	0
56016	14	55817	944	0
24519	28	32	944	0
59803	14	3280	944	0
34170	28	3578	944	0
28081	28	331	944	0
80728	28	238	944	0
128203	28	5444	944	0
73613	14	15100	944	0
41835	14	3622	944	0
58119	14	308	944	0
12710	28	186	944	0
15861	28	147	944	0
11571	28	938	944	0
117200	28	136	944	0
126105	14	56792	944	0
12605	28	66	944	0
44407	28	4262	944	0
50889	28	1722	944	0
12710	28	81	944	0
74639	14	308	944	0
25857	28	24	944	0
12313	28	4335	944	0
81167	14	444	944	0
59203	28	3255	944	0
13795	28	1034	944	0
17106	28	68	944	0
4438	28	476	944	0
12620	28	70291	944	0
91546	28	9281	944	0
24205	28	44	944	0
10522	28	104	944	0
91467	16	7637	944	0
8067	28	24	944	0
4744	28	14	944	0
51337	28	808	944	0
47338	28	2941	944	0
9794	28	294	944	0
7219	28	44	944	0
10232	28	44	944	0
10476	28	67	944	0
35593	28	19	944	0
18147	28	199	944	0
19012	28	49	944	0
6374	28	536	944	0
23116	28	380	944	0
72921	28	640	944	0
55941	14	4314	944	0
75689	28	574	944	0
24205	28	42	944	0
83650	14	2188	944	0
119037	28	105	944	0
15138	28	64	944	0
44428	14	12787	944	0
17672	28	913	944	0
12702	28	339	944	0
14758	14	308	944	0
102936	28	37	944	0
17933	26	70934	944	0
60227	23	125826	944	0
8889	28	74	944	0
116131	28	2785	944	0
47225	14	943	944	0
47934	14	6176	944	0
77737	28	42476	944	0
13990	28	219	944	0
15896	28	155	944	0
30590	28	1319	944	0
9312	28	864	944	0
21129	28	934	944	0
22223	28	388	944	0
12685	28	361	944	0
16179	28	79	944	0
92270	28	774	944	0
9297	28	2394	944	0
18040	28	15180	944	0
19009	28	4262	944	0
43531	14	20836	944	0
125471	28	11742	944	0
40334	28	14	944	0
10133	28	56	944	0
7154	28	91	944	0
86759	28	1041	944	0
6344	28	109	944	0
41693	28	808	944	0
40454	14	308	944	0
6888	28	418	944	0
5672	28	417	944	0
47051	28	4956	944	0
11592	28	339	944	0
85355	28	2546	944	0
10612	28	418	944	0
104879	28	417	944	0
93157	28	238	944	0
28018	28	11054	944	0
10080	28	28	944	0
123524	14	30867	944	0
6063	28	46	944	0
4036	28	551	944	0
59905	14	24375	944	0
8848	28	513	944	0
47086	28	2006	944	0
6970	28	5009	944	0
80881	14	2964	944	0
102242	28	167	944	0
57606	28	238	944	0
26052	28	58	944	0
8514	28	186	944	0
30778	16	2844	944	0
49800	28	495	944	0
4516	28	77	944	0
4963	28	88	944	0
80223	28	216	944	0
13619	28	1541	944	0
6371	28	2786	944	0
31380	28	805	944	0
81886	28	749	944	0
61493	14	3057	944	0
6541	28	63	944	0
61294	14	80481	944	0
38564	28	15869	944	0
7130	28	64	944	0
52729	28	178	944	0
18247	28	72	944	0
23142	28	24	944	0
14511	28	452	944	0
48114	28	1151	944	0
6245	28	2703	944	0
6684	28	24	944	0
68608	28	2941	944	0
75494	14	7343	944	0
20714	28	768	944	0
86047	28	1813	944	0
83784	28	828	944	0
12682	28	290	944	0
46686	28	3069	944	0
38637	28	15035	944	0
43509	14	2368	944	0
26043	16	35202	944	0
33029	28	626	944	0
11962	28	5135	944	0
56016	14	2297	944	0
12944	28	20	944	0
12686	28	158	944	0
48272	28	346	944	0
63456	16	13389	944	0
126398	28	43587	944	0
22732	28	64	944	0
97306	14	7343	944	0
154892	14	308	944	0
105857	28	454	944	0
4896	28	1144	944	0
32672	14	4974	944	0
9775	28	88	944	0
6800	28	2156	944	0
30966	14	3501	944	0
8693	28	251	944	0
108997	28	4174	944	0
57610	28	61	944	0
42763	16	65097	944	0
5939	28	160	944	0
34189	28	907	944	0
70061	14	6882	944	0
12668	28	1102	944	0
7212	28	3578	944	0
11160	28	1144	944	0
24636	28	3530	944	0
9211	28	24	944	0
30283	28	85	944	0
29714	28	478	944	0
21501	28	2341	944	0
7085	28	48	944	0
69204	28	4193	944	0
60738	28	276	944	0
7807	28	87	944	0
16788	28	211	944	0
87431	28	2941	944	0
60996	14	308	944	0
15442	28	289	944	0
7080	28	100	944	0
37676	28	31762	944	0
53357	28	170	944	0
14896	28	3370	944	0
5067	28	4174	944	0
59270	28	109	944	0
20230	28	452	944	0
21597	28	248	944	0
4547	28	51174	944	0
5939	28	221	944	0
13516	28	216	944	0
74042	28	749	944	0
7563	28	30	944	0
186374	1	186375	944	0
20972	28	418	944	0
7490	28	808	944	0
8312	28	88	944	0
97321	28	67	944	0
5787	28	437	944	0
10906	28	1426	944	0
61242	28	454	944	0
18927	28	122	944	0
10678	16	2844	944	0
29819	28	46	944	0
12058	28	24	944	0
8433	28	143	944	0
29714	28	1830	944	0
94747	28	1459	944	0
25855	28	176	944	0
33326	28	757	944	0
9224	28	808	944	0
19095	28	19	944	0
5939	28	147	944	0
155417	16	70375	944	0
53019	28	39801	944	0
42067	14	5000	944	0
14289	28	1077	944	945
24860	28	475	944	945
7156	28	166	944	945
5677	28	158	944	945
82821	28	339	944	945
39747	28	72	944	945
30118	28	1023	944	945
52544	28	713	944	945
53804	28	2023	944	945
113296	28	318	944	945
7987	28	298	944	945
11421	28	872	944	945
17173	28	95	944	945
11861	28	4059	944	945
13490	28	319	944	945
8759	28	72	944	945
35295	28	2289	944	945
10233	28	31	944	945
35471	28	230	944	945
20211	28	1644	944	945
73643	28	134	944	945
22648	28	166	944	945
55218	28	121	944	945
53637	28	103	944	945
34658	28	318	944	945
11481	28	2732	944	945
15624	28	3145	944	945
6642	28	409	944	945
86072	28	6528	944	945
8182	28	92	944	945
86148	28	951	944	945
64588	28	1757	944	945
19950	28	583	944	945
10951	28	532	944	945
8892	28	11769	944	945
19012	28	105	944	945
14906	28	640	944	945
12249	28	836	944	945
47096	28	714	944	945
15613	28	586	944	945
7792	28	39	944	945
16960	28	640	944	945
10295	28	64	944	945
52571	28	640	944	945
101175	28	1959	944	945
75947	28	111	944	945
8366	28	976	944	945
5774	28	3030	944	945
8844	28	774	944	945
22330	28	989	944	945
16803	28	792	944	945
8795	28	211	944	945
46036	28	361	944	945
76789	28	2138	944	945
24698	28	429	944	945
57610	28	118	944	945
25070	28	159	944	945
6647	28	451	944	945
61599	28	612	944	945
66848	28	294	944	945
33920	28	334	944	945
19311	28	1156	944	945
41555	28	445	944	945
6408	28	634	944	945
103256	28	524	944	945
9534	28	32	944	945
19641	28	1102	944	945
14592	28	22781	944	945
9596	28	39	944	945
7990	28	2786	944	945
13473	28	3578	944	945
15165	28	174	944	945
72276	28	1959	944	945
46958	28	2030	944	945
18861	28	159	944	945
11827	28	44	944	945
104211	28	1652	944	945
39393	28	188	944	945
13153	28	109	944	945
15355	28	54	944	945
9528	28	339	944	945
26802	28	70	944	945
41363	28	4335	944	945
13735	28	986	944	945
17481	28	110	944	945
5936	28	55	944	945
72444	28	5558	944	945
6495	28	3684	944	945
6379	28	214	944	945
17771	28	669	944	945
20691	28	6476	944	945
7802	28	452	944	945
31562	28	8809	944	945
48679	28	872	944	945
47060	28	14621	944	945
20220	28	798	944	945
26974	28	101	944	945
91141	28	210	944	945
12086	28	2786	944	945
16958	28	221	944	945
15875	28	57	944	945
27466	28	230	944	945
48826	28	640	944	945
64476	28	156	944	945
53533	28	1522	944	945
18047	28	78	944	945
6368	28	924	944	945
74873	28	5222	944	945
91816	28	851	944	945
71923	28	1803	944	945
13919	28	100	944	945
74481	28	166	944	945
8720	28	175	944	945
32282	28	378	944	945
11870	28	45	944	945
87933	28	1138	944	945
35730	28	739	944	945
32327	28	713	944	945
68608	28	774	944	945
21012	28	210	944	945
4680	28	66	944	945
35240	28	1069	944	945
6007	28	295	944	945
16798	28	3623	944	945
21795	28	257	944	945
12771	28	2109	944	945
7368	28	85	944	945
15828	28	1744	944	945
14139	28	24	944	945
30390	28	161	944	945
106888	28	3761	944	945
25663	28	384	944	945
34010	28	633	944	945
36078	28	2639	944	945
45653	28	1742	944	945
42384	28	181	944	945
77317	28	241	944	945
6760	28	44	944	945
23915	28	3071	944	945
47085	28	120	944	945
6352	28	33	944	945
17303	28	5262	944	945
19750	28	119	944	945
37961	28	768	944	945
7877	28	965	944	945
19285	28	568	944	945
71574	28	1221	944	945
6991	28	1258	944	945
25254	28	623	944	945
20470	28	539	944	945
31970	28	111	944	945
22423	28	25151	944	945
83939	28	239	944	945
124161	28	186	944	945
47095	28	244	944	945
14477	28	193	944	945
18270	28	976	944	945
55650	28	7459	944	945
53466	28	5165	944	945
31931	16	124456	944	945
25819	28	1080	944	945
21551	28	3469	944	945
69449	28	1644	944	945
6700	28	168	944	945
13326	28	158	944	945
25701	28	792	944	945
21051	28	37	944	945
67097	28	2277	944	945
10814	28	11558	944	945
4916	28	996	944	945
72636	28	3578	944	945
21562	28	134	944	945
26664	28	3720	944	945
8623	28	529	944	945
27089	28	78	944	945
27800	28	439	944	945
11962	28	739	944	945
28732	28	244	944	945
8534	28	384	944	945
18626	28	353	944	945
9794	28	168	944	945
33102	28	3914	944	945
8745	28	235	944	945
62503	28	464	944	945
24470	28	19	944	945
5240	28	2682	944	945
11706	28	445	944	945
61347	28	679	944	945
7987	28	221	944	945
10757	28	131	944	945
35787	28	423	944	945
38340	28	34	944	945
15665	28	398	944	945
25857	28	14	944	945
24539	28	1208	944	945
7565	28	1021	944	945
12522	28	754	944	945
27083	28	83	944	945
8179	28	100	944	945
32927	28	31	944	945
53570	28	713	944	945
20691	28	7313	944	945
8060	28	449	944	945
15176	28	701	944	945
5103	28	2468	944	945
55910	28	17883	944	945
74191	28	1004	944	945
10425	28	646	944	945
12217	28	452	944	945
27443	28	5761	944	945
57471	28	515	944	945
17131	28	82	944	945
22592	28	1958	944	945
37731	28	251	944	945
24778	28	778	944	945
103579	28	4922	944	945
117537	28	1153	944	945
21929	28	529	944	945
6431	28	633	944	945
17065	28	261	944	945
7082	28	2388	944	945
77406	28	5057	944	945
26357	28	51327	944	945
56750	28	900	944	945
20983	28	5135	944	945
40991	28	629	944	945
11160	28	368	944	945
107879	28	436	944	945
38348	28	81	944	945
33094	28	893	944	945
42179	28	1699	944	945
80631	28	40714	944	945
81644	28	28174	944	945
31215	28	263	944	945
17988	28	1614	944	945
30558	28	1547	944	945
10693	28	1596	944	945
16693	28	5461	944	945
38150	28	283	944	945
29811	28	70	944	945
45628	28	2439	944	945
14561	28	153	944	945
17940	28	1177	944	945
7602	28	168	944	945
4666	28	12334	944	945
3832	28	188	944	945
8316	28	46	944	945
4036	28	396	944	945
47283	28	198	944	945
61512	28	528	944	945
128159	28	3211	944	945
29136	28	3064	944	945
75327	28	10710	944	945
102011	28	4922	944	945
171233	28	166	944	945
6714	28	1614	944	945
109393	28	522	944	945
8797	28	221	944	945
34306	28	377	944	945
104929	28	386	944	945
9651	28	2262	944	945
6970	28	2439	944	945
38508	28	44	944	945
61842	28	1261	944	945
13017	28	533	944	945
41555	28	168	944	945
14595	28	221	944	945
22037	28	230	944	945
67767	28	162	944	945
7598	28	539	944	945
15228	28	1964	944	945
13301	28	481	944	945
9994	28	220	944	945
16239	28	1221	944	945
49690	28	1772	944	945
78009	28	1165	944	945
24621	28	413	944	945
21022	28	103	944	945
20457	28	139	944	945
124639	28	749	944	945
16330	28	319	944	945
9327	28	29041	944	945
86428	28	119	944	945
67249	28	1390	944	945
48504	28	298	944	945
8532	28	379	944	945
23062	28	3933	944	945
50718	28	1101	944	945
24151	28	871	944	945
24666	28	525	944	945
80105	28	155	944	945
23970	28	1420	944	945
22868	28	1229	944	945
19276	28	105	944	945
79532	28	132	944	945
94916	28	1032	944	945
65756	28	186	944	945
65373	28	241	944	945
7819	28	632	944	945
27711	23	30507	944	945
30507	23	27711	944	945
20327	28	18069	944	945
27203	28	221	944	945
18473	28	1145	944	945
32578	28	1495	944	945
10682	28	175	944	945
59211	28	110	944	945
10790	28	20489	944	945
82053	28	1008	944	945
46359	28	58	944	945
24054	28	133	944	945
102493	28	11742	944	945
50872	28	32	944	945
12909	28	119	944	945
60116	28	40714	944	945
7990	28	86	944	945
28264	28	2416	944	945
79250	28	3325	944	945
44091	28	292	944	945
92042	28	439	944	945
25199	28	17123	944	945
43101	28	42188	944	945
37234	28	15035	944	945
11668	28	361	944	945
21132	28	940	944	945
13401	28	1155	944	945
69902	28	4003	944	945
72243	28	238	944	945
67349	28	671	944	945
103176	28	256	944	945
33136	28	447	944	945
62471	28	515	944	945
48272	28	1616	944	945
29769	28	506	944	945
15310	28	1145	944	945
30255	28	2019	944	945
152037	28	2458	944	945
57302	28	653	944	945
7919	28	1562	944	945
78838	28	821	944	945
13281	28	513	944	945
26967	28	34	944	945
28787	28	10220	944	945
16325	28	42	944	945
32996	28	818	944	945
25092	28	1527	944	945
12913	28	15315	944	945
12043	28	1644	944	945
35593	28	61	944	945
4438	28	142	944	945
60006	28	936	944	945
38373	28	50	944	945
108997	28	28	944	945
18519	28	111	944	945
18631	28	119	944	945
68092	28	10463	944	945
66131	28	70	944	945
31629	28	7609	944	945
29457	28	54	944	945
152781	28	179	944	945
22936	28	1924	944	945
27718	28	2003	944	945
33290	28	198	944	945
6646	28	114	944	945
11041	28	48	944	945
71503	28	339	944	945
15340	28	20	944	945
9371	28	88	944	945
36177	28	881	944	945
19983	28	482	944	945
47680	28	3326	944	945
7702	28	429	944	945
119475	28	114	944	945
24129	28	83	944	945
57856	28	99	944	945
22712	28	2542	944	945
14436	28	388	944	945
80519	28	533	944	945
52575	28	1349	944	945
68312	28	467	944	945
76342	28	2366	944	945
32290	28	241	944	945
130373	28	841	944	945
83534	28	170	944	945
17272	28	1293	944	945
19168	28	1565	944	945
30880	28	240	944	945
21031	28	87	944	945
23355	28	122	944	945
53697	28	754	944	945
70356	28	2277	944	945
18429	28	48	944	945
17119	28	554	944	945
14317	28	46	944	945
18236	28	23	944	945
19009	28	3684	944	945
59988	28	640	944	945
21346	28	503	944	945
8154	28	797	944	945
21049	28	1338	944	945
10666	28	525	944	945
44208	28	743	944	945
75098	28	99	944	945
74983	28	3614	944	945
14904	28	136	944	945
81068	28	1743	944	945
6172	28	63	944	945
42435	28	916	944	945
10132	28	1743	944	945
19168	28	1129	944	945
49653	28	1304	944	945
8019	28	253	944	945
77742	28	256	944	945
67185	28	4175	944	945
97321	28	3178	944	945
49751	28	54	944	945
47520	28	768	944	945
21632	28	1259	944	945
8032	28	253	944	945
27719	28	961	944	945
36077	28	1757	944	945
22732	28	331	944	945
13355	28	56	944	945
11585	28	248	944	945
87958	28	774	944	945
70281	28	2030	944	945
21964	28	315	944	945
18472	28	166	944	945
17268	28	241	944	945
58613	28	339	944	945
14302	28	942	944	945
51240	28	642	944	945
12702	28	55	944	945
15861	28	111	944	945
13322	28	1054	944	945
9743	28	221	944	945
12504	28	1938	944	945
61429	28	220	944	945
11286	28	2138	944	945
102626	28	28862	944	945
52627	28	80	944	945
13111	28	10220	944	945
12889	28	331	944	945
44906	28	5031	944	945
19327	28	57	944	945
32206	28	1715	944	945
13845	28	24	944	945
66888	28	1742	944	945
37050	28	2593	944	945
22977	28	68	944	945
68410	28	87	944	945
9880	28	72	944	945
69968	28	1405	944	945
45399	28	22961	944	945
9201	28	235	944	945
76819	28	206	944	945
21579	28	269	944	945
29303	28	4335	944	945
11397	28	1757	944	945
103932	28	872	944	945
9762	28	979	944	945
80755	28	6528	944	945
8283	28	19	944	945
7605	28	475	944	945
7990	28	294	944	945
33095	28	70	944	945
98384	28	9018	944	945
27283	28	117	944	945
15442	28	65	944	945
35240	28	1397	944	945
28725	28	768	944	945
50872	28	288	944	945
28212	28	1158	944	945
46958	28	793	944	945
16353	28	102	944	945
22060	28	768	944	945
63257	28	318	944	945
57202	28	331	944	945
5599	28	421	944	945
16287	28	364	944	945
7657	28	153	944	945
37318	28	439	944	945
43114	28	1390	944	945
11832	28	1201	944	945
16914	28	1874	944	945
19980	28	524	944	945
3672	28	74	944	945
60477	28	1868	944	945
14025	28	231	944	945
62909	28	1069	944	945
47948	28	420	944	945
76113	28	464	944	945
51750	28	2030	944	945
10631	28	693	944	945
31399	28	4335	944	945
28706	28	6425	944	945
75114	28	133	944	945
91820	28	111	944	945
15022	28	3684	944	945
12001	28	171	944	945
28848	28	133	944	945
12797	28	3376	944	945
11550	28	872	944	945
51718	28	925	944	945
19000	28	146	944	945
23950	28	111	944	945
11851	28	288	944	945
26370	28	3172	944	945
25389	28	3135	944	945
31606	28	29	944	945
30766	28	211	944	945
18739	28	19	944	945
28640	28	5461	944	945
33533	28	19274	944	945
20897	28	65	944	945
5404	28	81	944	945
17290	28	193	944	945
11866	28	330	944	945
73135	28	88	944	945
6420	28	22057	944	945
9070	28	2843	944	946
52571	28	1106	944	946
96622	28	535	944	946
34134	28	1777	944	946
6264	28	61	944	946
61409	28	263	944	946
60606	28	170	944	946
26002	28	475	944	946
46330	28	1813	944	946
22690	28	6425	944	946
19822	28	178	944	946
72678	28	632	944	946
14313	28	69	944	946
17300	28	524	944	946
8669	28	69	944	946
85085	28	770	944	946
54937	28	2411	944	946
55146	28	92	944	946
9408	28	381	944	946
100488	28	686	944	946
87115	28	1621	944	946
7490	28	388	944	946
9111	28	170	944	946
75798	28	774	944	946
11195	28	832	944	946
15930	28	4638	944	946
29250	28	1634	944	946
5608	28	1505	944	946
49724	28	1752	944	946
9296	28	274	944	946
9224	28	388	944	946
45823	28	422	944	946
60759	28	50	944	946
30729	28	1960	944	946
10232	28	24	944	946
7202	28	85	944	946
33925	28	191	944	946
24980	28	422	944	946
13092	28	3884	944	946
25746	28	92	944	946
89655	28	841	944	946
39225	28	1258	944	946
15027	28	313	944	946
22935	28	454	944	946
9325	28	6631	944	946
35044	28	37	944	946
40929	28	193	944	946
31008	28	313	944	946
50426	28	36	944	946
19294	28	38	944	946
15571	28	321	944	946
5659	28	86	944	946
20592	28	53	944	946
20415	28	358	944	946
64155	28	2019	944	946
20619	28	3640	944	946
84398	28	456	944	946
4471	28	348	944	946
61859	28	45	944	946
31251	28	633	944	946
121144	28	174	944	946
67128	28	3325	944	946
19307	28	2768	944	946
23815	28	39	944	946
54656	28	741	944	946
31313	28	216	944	946
16534	28	98	944	946
48119	28	653	944	946
84137	28	4003	944	946
13966	28	103	944	946
91236	28	4922	944	946
20470	28	294	944	946
15015	28	180	944	946
89778	28	550	944	946
163084	28	30033	944	946
25575	28	114	944	946
10396	28	10220	944	946
8293	28	1864	944	946
13382	28	77	944	946
11407	28	313	944	946
35625	28	942	944	946
70962	28	1522	944	946
19817	28	193	944	946
80138	28	45	944	946
32196	28	429	944	946
12353	28	19	944	946
10434	28	6818	944	946
59494	28	749	944	946
36411	28	1243	944	946
6147	28	257	944	946
54142	28	66074	944	946
31737	28	379	944	946
143146	28	170	944	946
21159	28	313	944	946
7061	28	19	944	946
80495	28	1297	944	946
122169	28	114	944	946
49284	28	203	944	946
83117	28	129	944	946
83798	28	2353	944	946
8015	28	758	944	946
15399	28	87	944	946
20367	28	621	944	946
21577	28	31	944	946
13656	28	160	944	946
42461	28	70	944	946
8312	28	23	944	946
77963	28	1297	944	946
15018	28	1405	944	946
125464	28	1102	944	946
87988	28	139	944	946
77038	28	1278	944	946
83618	28	1594	944	946
6344	28	16	944	946
36515	28	213	944	946
5164	28	50	944	946
23459	28	447	944	946
75562	28	4392	944	946
71827	28	774	944	946
50099	28	45	944	946
83964	28	57	944	946
62099	28	119	944	946
11893	28	155	944	946
12756	28	649	944	946
33035	28	118	944	946
14327	28	377	944	946
67332	28	255	944	946
47293	28	1757	944	946
37147	28	123	944	946
14148	28	325	944	946
75627	28	1083	944	946
74594	28	186	944	946
6426	28	3022	944	946
18132	28	1492	944	946
13697	28	76	944	946
16575	28	2098	944	946
18082	28	150	944	946
86076	28	1676	944	946
66040	28	240	944	946
21319	28	800	944	946
127793	28	4335	944	946
21501	28	621	944	946
71960	28	298	944	946
89802	28	872	944	946
14769	28	22	944	946
18769	28	107	944	946
46077	28	159	944	946
67981	28	100	944	946
16697	28	309	944	946
35029	28	476	944	946
5490	28	786	944	946
8825	28	76	944	946
90197	28	18261	944	946
55450	28	552	944	946
28150	28	185	944	946
9677	28	1123	944	946
37194	28	826	944	946
61654	28	6476	944	946
23919	28	101	944	946
26908	28	539	944	946
15430	28	42741	944	946
18440	28	37	944	946
28124	28	894	944	946
44066	28	2030	944	946
6402	28	891	944	946
33740	28	119	944	946
5859	28	164	944	946
35821	28	5225	944	946
26198	28	4541	944	946
18751	28	154	944	946
13076	28	100	944	946
4963	28	91	944	946
11516	28	1896	944	946
87004	28	5548	944	946
4867	23	29735	944	946
29735	23	4867	944	946
59758	28	7880	944	946
8232	28	1669	944	946
23430	28	42	944	946
55201	28	1137	944	946
9581	28	760	944	946
8012	28	140	944	946
33064	28	76	944	946
89108	28	1533	944	946
15138	28	87	944	946
5004	28	81	944	946
25134	28	20	944	946
14911	28	91	944	946
75804	28	979	944	946
21048	28	50	944	946
64632	28	152	944	946
10351	28	2122	944	946
7408	28	56	944	946
24108	28	40714	944	946
58691	28	238	944	946
39246	28	174	944	946
49141	28	2745	944	946
39622	28	892	944	946
10080	28	107	944	946
19801	28	171	944	946
7277	28	95	944	946
16078	28	354	944	946
7100	28	51	944	946
127932	28	224	944	946
15983	28	48	944	946
22661	28	793	944	946
25406	28	210	944	946
93247	28	592	944	946
36292	28	355	944	946
11868	28	45	944	946
65571	28	609	944	946
52758	28	81	944	946
5868	28	66	944	946
66420	28	1106	944	946
21546	28	406	944	946
49947	28	33	944	946
21387	28	627	944	946
29444	28	53	944	946
44196	28	58	944	946
17642	28	24	944	946
13861	28	390	944	946
25463	28	3684	944	946
129373	28	916	944	946
41177	28	171	944	946
72675	28	176	944	946
5594	28	91	944	946
178797	28	505	944	946
18243	28	1468	944	946
44259	28	28	944	946
130483	28	907	944	946
8159	28	395	944	946
6607	28	7880	944	946
36211	28	1621	944	946
18557	28	136	944	946
72665	28	2207	944	946
16922	28	1139	944	946
15801	28	1131	944	946
96888	28	1022	944	946
8402	28	46	944	946
10959	28	514	944	946
25073	28	55	944	946
101936	28	4956	944	946
45284	28	191	944	946
77154	28	10463	944	946
64101	28	719	944	946
14513	28	210	944	946
24540	28	44	944	946
6482	28	252	944	946
20396	28	44	944	946
88133	28	883	944	946
34955	28	179	944	946
85922	28	110	944	946
7823	28	51	944	946
9348	28	57	944	946
108723	28	1023	944	946
43544	28	280	944	946
33558	28	626	944	946
118677	28	111	944	946
21870	28	591	944	946
13985	28	370	944	946
44748	28	525	944	946
4807	28	2349	944	946
80695	28	176	944	946
10209	28	19	944	946
92086	28	3016	944	946
7561	28	132	944	946
13755	28	227	944	946
25389	28	198	944	946
74710	28	3465	944	946
33044	28	961	944	946
6885	28	290	944	946
27027	28	143	944	946
8245	28	144	944	946
41133	28	262	944	946
94934	28	575	944	946
35394	28	282	944	946
63098	28	377	944	946
23094	28	893	944	946
154095	28	144	944	946
68309	28	942	944	946
23045	28	171	944	946
69621	28	520	944	946
92012	28	48	944	946
111872	28	2843	944	946
57602	28	1052	944	946
9414	28	114	944	946
50180	28	141	944	946
4221	28	74	944	946
22507	28	319	944	946
54396	28	714	944	946
15327	28	169	944	946
35331	28	922	944	946
49684	28	1568	944	946
12465	28	286	944	946
104434	28	110	944	946
8433	28	251	944	946
11341	28	942	944	946
34205	28	477	944	946
10946	28	8425	944	946
14834	28	37	944	946
39814	28	355	944	946
63247	28	2098	944	946
19411	28	318	944	946
108157	28	169	944	946
12411	28	66	944	946
89449	28	239	944	946
34270	28	4998	944	946
9801	28	167	944	946
32158	28	328	944	946
91964	28	3326	944	946
21483	28	550	944	946
18869	28	38	944	946
5694	28	16	944	946
65445	28	837	944	946
32420	28	87	944	946
38588	28	147	944	946
97115	28	449	944	946
82687	28	27	944	946
95864	28	712	944	947
28924	28	10125	944	947
8386	28	77	944	947
14354	28	79	944	947
18787	28	826	944	947
29052	28	759	944	947
9243	28	475	944	947
29718	28	1329	944	947
39660	28	3069	944	947
29819	28	76	944	947
8387	28	40	944	947
40089	28	281	944	947
54317	28	3030	944	947
13704	28	274	944	947
14807	28	3436	944	947
27101	28	3456	944	947
86516	28	925	944	947
23862	28	191	944	947
15296	28	82	944	947
42548	28	73	944	947
27725	28	44	944	947
32059	28	88	944	947
15992	28	92	944	947
16832	28	61	944	947
9574	28	3000	944	947
6364	28	281	944	947
18530	28	101	944	947
88919	28	216	944	947
24909	28	99	944	947
14363	28	122	944	947
14586	28	85	944	947
22202	28	39475	944	947
77272	28	119	944	947
14793	28	475	944	947
39932	28	135	944	947
89588	28	238	944	947
103382	28	774	944	947
34767	28	221	944	947
103586	28	1116	944	947
26212	28	3308	944	947
64703	28	31	944	947
8785	28	837	944	947
34191	28	76	944	947
23140	28	6476	944	947
12174	28	626	944	947
8142	28	1402	944	947
67907	28	355	944	947
40667	28	1736	944	947
101538	28	145	944	947
20603	28	36	944	947
113363	28	749	944	947
15625	28	181	944	947
10849	28	4335	944	947
15966	28	281	944	947
8395	28	87	944	947
15139	28	56	944	947
11297	28	293	944	947
27996	28	1556	944	947
92144	28	2341	944	947
76411	28	168	944	947
42204	28	2548	944	947
141785	28	254	944	947
38045	28	112	944	947
17098	28	105	944	947
87249	28	210	944	947
33429	28	5616	944	947
39952	28	942	944	947
41676	28	214	944	947
20805	28	3069	944	947
31055	28	593	944	947
60712	28	1743	944	947
20234	28	92	944	947
5020	28	70	944	947
16179	28	153	944	947
21482	28	1837	944	947
21082	28	353	944	947
53447	28	653	944	947
20199	28	119	944	947
13155	28	44	944	947
12204	28	88	944	947
104643	28	165	944	947
13619	28	1505	944	947
14860	28	60	944	947
37964	28	1481	944	947
22229	28	95	944	947
11201	28	19	944	947
14285	28	160	944	947
31606	28	103	944	947
28111	28	52	944	947
40810	28	235	944	947
14883	28	1444	944	947
19967	28	3069	944	947
8693	28	214	944	947
6034	28	66	944	947
12084	28	214	944	947
21556	28	55	944	947
109701	28	3684	944	947
19581	28	206	944	947
58702	28	1652	944	947
91407	28	15315	944	947
21012	28	119	944	947
103976	28	80	944	947
6128	28	1321	944	947
16484	28	10463	944	947
7623	28	156	944	947
24967	28	133	944	947
77992	28	180	944	947
66529	28	53	944	947
31594	28	2024	944	947
106003	28	31	944	947
16632	28	514	944	947
9205	28	86	944	947
12577	28	101	944	947
11361	28	766	944	947
70299	23	2318	944	947
4932	28	22	944	947
111177	28	4922	944	947
22659	28	2057	944	947
7698	28	20	944	947
38935	28	298	944	947
12190	28	73	944	947
29742	28	633	944	947
28549	28	3480	944	947
22231	28	452	944	947
10086	23	23297	944	947
18011	28	147	944	947
92414	28	4515	944	947
10958	28	1165	944	947
28268	28	132	944	947
95563	28	99	944	947
17259	28	328	944	947
30065	28	103	944	947
33080	28	51	944	947
27582	28	439	944	947
25739	28	33	944	947
12196	28	228	944	947
10522	28	188	944	947
52758	28	111	944	947
55472	28	10579	944	947
28689	28	290	944	947
53010	28	3069	944	947
9889	28	27	944	947
24487	28	1743	944	947
8769	28	66	944	947
28333	28	27991	944	947
16261	28	20556	944	947
31674	28	331	944	947
95684	28	1795	944	947
45660	28	132	944	947
15532	28	259	944	947
35198	28	217	944	947
11932	28	4515	944	947
22951	28	1971	944	947
152473	28	4497	944	947
15705	28	4956	944	947
24054	28	313	944	947
27506	28	311	944	947
16502	28	123	944	947
12252	28	1795	944	947
65749	28	303	944	947
88692	28	1055	944	947
55514	28	231	944	947
94992	28	429	944	947
64940	28	1757	944	947
12428	28	281	944	947
38299	28	442	944	947
29744	28	139	944	947
31972	28	259	944	947
5108	28	31	944	947
91796	28	470	944	947
84265	28	216	944	947
12926	28	481	944	947
95446	28	4922	944	947
37236	28	92	944	947
105709	28	391	944	947
76789	28	1193	944	947
7175	28	16	944	947
81137	28	2250	944	947
26599	28	1744	944	947
8487	28	31	944	947
35970	28	192	944	947
11668	28	475	944	947
49657	28	3684	944	947
12818	28	149	944	947
42184	28	593	944	947
36713	28	70	944	947
19983	28	313	944	947
15520	28	50	944	947
30792	28	379	944	947
34610	28	608	944	947
31241	28	2098	944	947
34323	28	123	944	947
22142	28	1022	944	947
23933	28	124	944	947
93719	28	2100	944	947
15178	28	77	944	947
43892	28	155	944	947
8679	28	133	944	947
11877	28	3353	944	947
44031	28	63	944	947
51831	28	547	944	947
109569	28	21137	944	947
8067	28	27	944	947
20798	28	1507	944	947
51233	28	33	944	947
51655	28	435	944	947
115801	28	3684	944	947
66293	28	358	944	947
14811	28	331	944	947
18768	28	1936	944	947
32163	28	2158	944	947
7379	28	79	944	947
10231	28	455	944	947
6195	28	1052	944	947
55188	28	680	944	947
7891	28	294	944	947
11160	28	174	944	947
16394	28	442	944	948
45121	28	1757	944	948
7770	28	1831	944	948
10453	28	107	944	948
22770	28	41	944	948
25873	28	192	944	948
72921	28	475	944	948
15245	28	159	944	948
12082	23	11784	944	948
7744	28	7859	944	948
12137	28	735	944	948
17726	28	477	944	948
74386	28	262	944	948
7715	28	123	944	948
15672	28	633	944	948
13519	28	422	944	948
21652	28	147	944	948
15765	28	961	944	948
64505	28	969	944	948
20107	28	156	944	948
135315	28	547	944	948
113395	28	453	944	948
65934	28	92	944	948
18715	28	255	944	948
49697	28	2672	944	948
23426	28	542	944	948
66662	28	680	944	948
6313	28	475	944	948
22750	28	291	944	948
24350	28	754	944	948
17224	28	20	944	948
11513	28	101	944	948
25014	28	22	944	948
31167	28	832	944	948
114389	14	2824	944	948
4744	28	41	944	948
23835	28	288	944	948
23267	28	65	944	948
37576	28	545	944	948
22708	28	464	944	948
31849	28	156	944	948
16174	28	14	944	948
87390	28	256	944	948
47806	28	303	944	948
27297	28	42	944	948
80474	28	2632	944	948
15411	28	1662	944	948
12994	28	798	944	948
13317	28	773	944	948
16874	28	73	944	948
86590	28	86	944	948
47108	28	153	944	948
23560	28	583	944	948
14917	28	89	944	948
26638	28	32	944	948
15832	28	434	944	948
31768	28	36	944	948
21925	28	91	944	948
8168	28	69	944	948
33956	28	378	944	948
22381	28	65	944	948
12868	28	323	944	948
27654	28	395	944	948
21126	28	20	944	948
12329	28	1179	944	948
70045	28	231	944	948
24549	28	136	944	948
22010	28	83	944	948
8122	28	36	944	948
10379	28	42	944	948
5067	28	161	944	948
11020	28	50	944	948
9870	28	140	944	948
105065	28	238	944	948
9027	28	46	944	948
85884	28	150	944	948
61289	28	251	944	948
4102	28	67	944	948
12218	28	85	944	948
41415	28	1031	944	948
9120	28	1464	944	948
21201	28	38	944	948
25286	28	1144	944	948
4318	28	58	944	948
12221	28	1392	944	948
68103	23	5256	944	948
15934	28	628	944	948
10017	28	61	944	948
56118	28	64	944	948
16151	28	454	944	948
87814	28	1070	944	948
44368	28	2114	944	948
55181	28	1839	944	948
27235	28	463	944	948
19544	28	132	944	948
49829	28	866	944	948
6891	28	77	944	948
28590	28	500	944	948
11400	28	518	944	948
82039	28	1777	944	948
88189	28	167	944	948
24524	28	88	944	948
18040	28	2627	944	948
26734	28	39	944	948
68485	28	35696	944	948
7490	28	181	944	948
17457	28	620	944	948
128970	28	114	944	948
80567	28	4137	944	948
19234	28	145	944	948
6967	28	291	944	948
15953	28	1621	944	948
43326	28	219	944	948
4685	16	124456	944	948
18016	28	38	944	948
25362	28	41	944	948
12255	28	139	944	948
12077	28	924	944	948
23218	28	141	944	948
22097	28	34	944	948
50805	28	70	944	948
8208	28	219	944	948
29712	28	136	944	948
10224	28	3720	944	948
54946	28	81	944	948
65229	28	556	944	948
14053	28	135	944	948
6056	28	1926	944	948
53467	28	135	944	948
7807	28	43	944	948
14322	28	28	944	948
39837	28	142	944	948
10903	28	811	944	948
33213	28	41	944	948
67850	28	141	944	948
26188	28	42	944	948
71978	28	391	944	948
17831	28	165	944	948
120929	28	154	944	948
17882	28	159	944	948
64440	28	413	944	948
28947	23	111846	944	948
111846	23	28947	944	948
51446	28	474	944	948
26784	28	396	944	948
41746	28	379	944	948
44177	28	86	944	948
33220	28	159	944	948
59234	28	29	944	948
77884	23	59349	944	948
94747	28	291	944	948
38368	28	159	944	948
28302	28	28	944	948
41572	28	133	944	948
93157	28	434	944	948
10934	28	1317	944	948
56117	28	1106	944	948
56601	6	3882	944	948
27574	28	1733	944	948
21840	28	692	944	948
7163	23	112179	944	949
112179	23	7163	944	949
96105	28	31	944	949
38937	28	353	944	949
22242	28	40	944	949
9476	28	969	944	949
72447	28	916	944	949
47095	28	203	944	949
13457	28	185	944	949
26380	28	261	944	949
14763	28	502	944	949
11435	28	72	944	949
23671	28	583	944	949
14241	28	147	944	949
6197	28	48	944	949
29118	28	74	944	949
9476	28	69	944	949
40334	28	20	944	949
34921	28	360	944	949
77612	28	61	944	949
17642	28	41	944	949
11617	28	85	944	949
85833	28	392	944	949
23607	28	455	944	949
9476	28	51	944	949
66306	28	216	944	949
31562	28	175	944	949
20601	28	315	944	949
6925	28	216	944	949
91981	28	53	944	949
48826	28	531	944	949
28411	28	146	944	949
27719	28	135	944	949
63729	28	102	944	949
22097	28	124	944	949
9476	28	147	944	949
22416	28	798	944	949
11268	28	695	944	949
39468	28	36	944	949
51429	28	245	944	949
27261	28	76	944	949
80671	28	406	944	949
16922	28	112	944	949
71933	28	933	944	949
17266	28	799	944	949
6475	28	44	944	949
13368	28	276	944	949
14225	28	408	944	949
21454	28	23	944	949
31027	28	119	944	949
70036	28	5935	944	949
43466	28	95	944	949
36956	28	63	944	949
50985	28	274	944	949
9476	28	265	944	949
15179	28	23	944	949
32728	28	381	944	949
18961	28	174	944	949
12002	28	70	944	949
13348	28	3724	944	949
12781	28	231	944	949
39609	28	104	944	949
18930	28	48	944	949
38619	28	119	944	949
23118	28	206	944	949
84652	28	38246	944	949
21288	28	1122	944	949
34499	28	477	944	949
6963	28	14	944	949
7777	28	27	944	949
5642	28	46	944	949
6684	28	48	944	949
5882	28	88	944	949
12007	28	27	944	949
14921	28	231	944	949
32196	28	471	944	949
28516	28	30	944	949
31782	28	592	944	949
25889	28	986	944	949
43576	28	261	944	949
38641	28	220	944	949
96340	23	8775	944	949
8775	23	96340	944	949
55509	28	695	944	949
23307	28	57	944	949
34956	28	1238	944	949
22762	28	1052	944	949
7596	28	40	944	949
23943	28	153	944	949
29579	28	715	944	949
6648	28	50	944	949
51122	28	675	944	949
103331	28	5010	944	949
7705	28	86	944	949
12397	28	379	944	949
31687	28	630	944	949
8215	28	22	944	949
26985	28	176	944	949
26079	28	1442	944	949
11804	28	203	944	949
32855	28	43	944	949
9476	28	111	944	949
9476	28	175	944	949
74874	28	965	944	949
65001	28	252	944	949
6800	28	288	944	949
27740	28	162	944	949
25043	28	4143	944	949
41476	28	609	944	949
78660	28	15683	944	949
186481	28	1260	944	949
29129	28	104	944	949
57351	28	609	944	949
34830	28	159	944	949
14092	28	1104	944	949
11809	28	95	944	949
45322	28	255	944	950
52750	28	968	944	950
22206	28	976	944	950
46177	28	179	944	950
40064	28	527	944	950
9675	28	123	944	950
26438	28	30	944	950
73192	28	417	944	950
36239	28	406	944	950
46267	28	256	944	950
27226	28	71	944	950
14768	28	129	944	950
57412	28	129	944	950
10539	28	142	944	950
63500	28	144	944	950
104751	28	470	944	950
18179	28	169	944	950
36594	28	133	944	950
44299	28	255	944	950
13815	28	630	944	950
119376	28	869	944	950
124706	16	8	944	950
44807	28	350	944	950
59311	28	142	944	950
25831	28	1338	944	950
24881	28	413	944	950
23184	28	121	944	950
35698	28	30	944	950
94529	28	4650	944	950
34716	28	868	944	950
100784	28	251	944	950
11818	23	6893	944	950
22774	28	286	944	950
7277	28	32	944	950
36994	23	16144	944	950
16144	23	36994	944	950
18485	28	12506	944	950
29810	28	646	944	950
11152	28	161	944	950
18150	28	193	944	950
88236	28	261	944	950
7123	28	330	944	950
28590	28	32	944	950
34317	28	379	944	950
44680	28	19	944	950
6785	28	27	944	950
49143	28	1258	944	950
40673	28	60	944	950
21117	28	1623	944	950
102585	28	455	944	950
10335	28	107	944	950
17840	28	826	944	950
25191	28	58	944	950
25314	28	1629	944	950
22902	28	244	944	950
42074	28	77	944	950
130331	28	2396	944	950
110075	28	1788	944	950
4364	23	5522	944	950
41920	28	832	944	950
18917	28	800	944	950
90064	28	71	944	950
23774	28	185	944	950
57513	28	1299	944	950
30880	28	206	944	950
18771	28	42	944	950
10556	28	147	944	950
20240	28	46	944	950
79970	28	150	944	950
15102	28	960	944	950
60087	28	132	944	950
104898	28	1213	944	950
30922	28	257	944	950
45874	28	520	944	950
13640	28	245	944	950
95575	28	454	944	950
82158	28	217	944	950
16632	28	520	944	951
25860	28	180	944	951
22733	28	101	944	951
22062	28	1144	944	951
18560	28	19167	944	951
9229	28	166	944	951
7959	28	48	944	951
15956	28	196	944	951
98815	28	81	944	951
25447	28	36	944	951
15444	28	149	944	951
20553	28	267	944	951
22803	28	253	944	951
37356	28	520	944	951
49589	28	1481	944	951
48350	28	29	944	951
8772	28	458	944	951
35593	28	78	944	951
11831	28	325	944	951
65474	28	712	944	951
28924	28	726	944	951
59323	28	193	944	951
12944	28	152	944	951
27009	28	55	944	951
118596	28	141	944	951
36058	28	230	944	951
16013	28	142	944	951
51479	28	60	944	951
38707	28	31520	944	951
15825	28	242	944	951
16664	28	505	944	951
59764	28	1780	944	951
53283	28	325	944	951
58799	28	2276	944	951
7799	28	16193	944	951
103723	28	1656	944	951
79900	28	1260	944	951
46662	28	1319	944	951
60076	28	1504	944	951
32159	28	40	944	951
45795	28	1943	944	951
5103	28	40	944	951
8865	28	518	944	951
5503	28	6818	944	952
15278	28	32	944	952
34266	28	608	944	952
32192	28	162	944	952
113818	28	1291	944	952
42991	28	350	944	952
19494	28	117	944	952
11832	28	1132	944	952
16960	28	256	944	952
44917	28	1057	944	952
166402	28	2793	944	952
9682	28	223	944	952
49168	28	261	944	952
29005	28	71	944	952
22729	28	2843	944	952
33515	28	1124	944	952
57284	28	400	944	952
38240	28	23	944	952
80567	28	1132	944	952
15245	28	548	944	952
13934	28	1132	944	952
31391	28	145	944	952
8675	28	95	944	952
24632	28	800	944	952
85085	28	1270	944	952
22716	28	41	944	952
27126	28	107	944	952
44505	28	328	944	952
16636	28	7083	944	952
11660	28	41	944	952
32331	28	547	944	952
33605	28	1162	944	953
35215	28	276	944	953
31667	28	77	944	953
39431	28	464	944	953
26869	28	327	944	953
66467	28	749	944	953
23849	28	23220	944	953
71205	28	1101	944	953
36526	28	53	944	953
18617	28	1935	944	953
32857	28	20	944	953
21034	28	269	944	953
14956	28	970	944	953
32306	28	55	944	953
39294	28	164	944	953
33044	28	603	944	953
129198	28	92223	944	953
30648	28	413	944	953
39345	28	244	944	953
47681	28	866	944	953
99311	28	169	944	953
27809	28	369	944	953
49222	28	1958	944	953
27215	28	470	944	953
27275	28	413	944	953
130216	28	235	944	953
19234	28	32	944	953
41139	28	159	944	953
103894	28	981	944	953
39758	28	377	944	953
4547	28	505	944	953
27535	28	46	944	953
21698	28	244	944	954
14594	28	494	944	954
26985	28	754	944	954
15182	28	228	944	954
22858	28	52	944	954
47874	28	65	944	954
59408	28	136	944	954
49119	28	309	944	954
11547	28	255	944	954
172014	28	1270	944	954
21398	28	931	944	954
19062	28	146	944	954
41109	28	177	944	954
88950	28	1699	944	954
33415	28	286	944	954
29929	28	144	944	954
42823	28	51	944	954
51641	28	144	944	954
128203	28	2871	944	954
6638	28	161	944	954
65086	28	53	944	954
22655	28	520	944	954
89274	28	745	944	954
6368	28	368	944	954
22030	28	368	944	955
20249	28	43	944	955
48458	28	71	944	955
53806	28	564	944	955
24952	28	327	944	955
73248	23	105725	944	955
139384	16	1376	944	955
9291	28	184	944	955
13054	28	726	944	955
12002	28	60	944	955
42384	28	276	944	955
20910	28	453	944	955
32238	28	800	944	955
7259	28	65	944	955
16549	28	1193	944	955
42916	28	835	944	955
46842	28	676	944	955
19030	28	165	944	955
65703	28	124	944	956
41180	28	726	944	956
34127	28	66	944	956
59628	28	366	944	956
14883	28	470	944	956
34896	28	290	944	956
53516	28	334	944	956
82000	23	104850	944	956
107237	28	1132	944	956
8443	28	1504	944	956
84908	28	82	944	956
47861	28	216	944	956
39456	23	91330	944	956
39927	28	327	944	957
46890	28	869	944	957
45045	28	245	944	957
44313	28	67	944	957
6967	28	745	944	957
24926	16	142963	944	957
55386	28	1757	944	957
29043	28	423	944	957
16419	28	1132	944	958
43411	14	160344	944	958
47631	28	869	944	958
124484	14	229	944	958
48171	28	646	944	958
121322	23	121321	944	959
124255	28	1757	944	959
21395	28	520	944	959
8596	28	10334	944	959
16628	28	1132	944	960
19589	28	1132	944	960
28834	28	27	944	960
27261	28	188	944	961
20518	23	155397	944	961
16230	28	540	944	962
106743	16	126033	944	962
54199	16	126033	944	962
20396	28	95763	944	962
148962	28	5733	944	963
124807	28	436	944	964
61625	28	676	944	965
79892	23	79893	944	965
79893	23	79892	944	965
13425	28	726	944	965
37591	14	38774	944	966
83623	23	118193	944	968
7182	28	31	945	0
60996	14	5000	945	0
112396	28	1261	945	0
14486	28	800	945	0
61114	14	155856	945	0
22132	28	1471	945	0
45791	28	2738	945	0
9419	28	53	945	0
34297	14	308	945	0
11671	14	308	945	0
113400	23	97304	945	0
26004	28	2653	945	0
5083	28	153	945	0
53789	14	97002	945	0
113677	28	568	945	0
40256	28	5761	945	0
5535	28	46	945	0
72671	16	2918	945	0
19944	28	481	945	0
5937	28	283	945	0
33912	14	308	945	0
25577	28	2019	945	0
12012	28	573	945	0
20123	28	56	945	0
85118	28	916	945	0
98287	14	29565	945	0
8833	28	142	945	0
46923	28	653	945	0
23335	14	2911	945	0
30666	28	1338	945	0
8889	28	85	945	0
8893	14	7980	945	0
22966	28	3684	945	0
115983	28	1583	945	0
31624	23	6527	945	0
113059	23	17948	945	0
17948	23	113059	945	0
9651	28	3578	945	0
65388	14	2188	945	0
87390	28	241	945	0
158557	14	13870	945	0
75778	16	2429	945	0
24751	14	1217	945	0
4680	28	100	945	0
18172	28	3627	945	0
76245	28	261	945	0
76366	28	559	945	0
101972	14	22294	945	0
27850	28	961	945	0
28081	28	800	945	0
56724	28	20692	945	0
18236	28	265	945	0
10987	28	973	945	0
57310	28	216	945	0
10138	28	2738	945	0
82293	28	749	945	0
70776	28	35488	945	0
6642	28	156	945	0
5022	28	52	945	0
102824	14	308	945	0
103252	28	3255	945	0
89636	28	568	945	0
17056	28	44	945	0
7663	28	1923	945	0
9419	28	5222	945	0
30065	28	54	945	0
5670	28	2697	945	0
40112	28	34709	945	0
77792	14	138011	945	0
4351	28	213	945	0
11870	28	119	945	0
77845	28	10655	945	0
22876	28	1177	945	0
138510	6	58249	945	0
5022	28	81	945	0
6306	28	155	945	0
77963	28	4627	945	0
116503	28	749	945	0
19755	28	5757	945	0
67628	14	308	945	0
11314	28	168	945	0
22382	28	749	945	0
103955	28	1261	945	0
67842	14	444	945	0
10295	28	100	945	0
77608	14	943	945	0
8016	28	20	945	0
24808	28	3977	945	0
7259	28	24	945	0
73388	28	165	945	0
121306	28	78884	945	0
17930	28	768	945	0
47071	28	1323	945	0
17863	28	768	945	0
91369	14	943	945	0
6178	28	14	945	0
61242	28	165	945	0
6352	28	751	945	0
79200	28	1016	945	0
87630	28	365	945	0
39114	14	7210	945	0
20325	28	1754	945	0
20267	28	5956	945	0
68414	1	79319	945	0
12823	28	89	945	0
12017	28	100	945	0
163238	28	4437	945	0
10559	28	176	945	0
14353	28	1733	945	0
64155	28	281	945	0
36712	28	768	945	0
57459	28	15317	945	0
78838	28	851	945	0
77027	14	2417	945	0
3672	28	85	945	0
55739	28	1071	945	0
7080	28	74	945	0
38165	28	217	945	0
14906	28	754	945	0
3943	28	557	945	0
27017	28	24	945	0
95829	14	3721	945	0
44279	28	1588	945	0
31648	28	361	945	0
5041	28	768	945	0
47311	16	4126	945	0
14911	28	134	945	0
24620	28	78	945	0
108137	28	5760	945	0
143887	14	2922	945	0
11748	14	308	945	0
63071	28	327	945	0
166003	14	943	945	0
11267	28	82	945	0
131925	14	308	945	0
4963	28	134	945	0
46359	28	166	945	0
112979	28	749	945	0
108625	28	165	945	0
28779	14	79803	945	0
57818	28	261	945	0
107882	14	3111	945	0
61606	28	10655	945	0
15820	28	88	945	0
15270	28	164	945	0
113677	28	417	945	0
13402	28	53	945	0
85292	28	851	945	0
167267	14	12276	945	0
101392	14	58988	945	0
58038	14	308	945	0
46776	14	2368	945	0
112396	28	3317	945	0
47143	14	3622	945	0
25179	28	104	945	0
39766	28	1082	945	0
80729	14	8174	945	0
12483	28	227	945	0
123602	28	2793	945	0
33817	28	1810	945	0
64783	28	640	945	0
109698	14	168590	945	0
38240	28	150	945	0
21795	28	331	945	0
49690	28	2223	945	0
102567	28	5262	945	0
70995	14	918	945	0
40978	28	4175	945	0
14121	14	2911	945	0
31441	28	925	945	0
94747	28	244	945	0
22165	28	445	945	0
29524	28	348	945	0
5799	28	1855	945	0
36902	28	649	945	0
60296	28	430	945	0
5559	28	51	945	0
100459	28	428	945	0
142582	16	9	945	0
110166	28	6320	945	0
15983	28	1629	945	0
38972	14	2964	945	0
24519	28	500	945	0
57318	28	10655	945	0
43165	14	50197	945	0
37105	28	255	945	0
24142	28	61	945	0
9730	28	4174	945	0
10787	28	1258	945	0
36178	28	1091	945	0
51834	14	3795	945	0
7154	28	79	945	0
33834	28	3871	945	0
17269	28	259	945	0
92918	28	165	945	0
67907	28	206	945	0
63868	28	749	945	0
5564	28	213	945	0
66902	28	641	945	0
11911	28	87	945	0
97037	14	3111	945	0
16843	28	118	945	0
19912	28	2242	945	0
14657	28	122	945	0
36034	28	640	945	0
77807	28	805	945	0
24823	28	640	945	0
8745	28	888	945	0
11306	28	464	945	0
12022	28	412	945	0
68747	28	774	945	0
106197	14	2995	945	0
27226	28	119	945	0
15461	28	818	945	0
83964	28	64	945	0
5559	28	186	945	0
27895	28	25472	945	0
12770	28	104	945	0
18715	28	768	945	0
32963	28	4180	945	0
19129	28	67	945	0
21597	28	286	945	0
8772	28	2242	945	0
10080	28	122	945	0
7182	28	72	945	0
10752	28	51	945	0
5632	28	2242	945	0
22691	28	1512	945	0
101260	28	818	945	0
8567	28	10655	945	0
7259	28	20	945	0
14572	28	202	945	0
22770	28	24	945	0
20199	28	273	945	0
39989	28	973	945	0
61228	28	484	945	0
20804	28	2786	945	0
25616	28	4262	945	0
122638	6	284	945	0
85021	14	308	945	0
10951	28	1544	945	0
12994	28	640	945	0
68520	28	51	945	0
91333	28	165	945	0
9423	28	81	945	0
80094	28	2546	945	0
57509	28	674	945	0
32937	28	44	945	0
40696	28	109	945	0
11124	28	768	945	0
58369	28	100	945	0
12777	28	843	945	0
31653	28	186	945	0
107913	28	6692	945	0
22416	28	640	945	0
5939	28	86	945	0
53175	28	1100	945	0
60592	28	134	945	0
19550	28	238	945	0
13551	28	217	945	0
49724	28	550	945	0
176434	16	8	945	0
108377	16	18173	945	0
36908	28	79	945	0
8161	28	2546	945	0
51213	23	74080	945	0
81971	28	821	945	0
68463	28	3941	945	0
20592	28	110	945	0
12058	28	89	945	0
34740	14	4413	945	0
36169	14	308	945	0
59803	14	308	945	0
94831	28	454	945	0
26110	28	54	945	0
11028	28	139	945	0
4516	28	24	945	0
123031	28	768	945	0
24009	14	5693	945	0
15050	14	3622	945	0
15756	28	1032	945	0
21159	28	428	945	0
104191	14	207	945	0
57702	23	153001	945	0
10080	28	150	945	0
79056	14	2911	945	0
4896	28	818	945	0
12190	28	24	945	0
8848	28	10064	945	0
19517	28	1754	945	0
46481	28	358	945	0
63232	28	768	945	0
111685	28	2376	945	0
12432	28	32	945	0
68608	28	70291	945	0
6508	28	126	945	0
11950	28	10655	945	0
19276	28	1611	945	0
5939	28	110	945	0
15891	28	281	945	0
40607	28	2689	945	0
12702	28	91	945	0
92717	28	395	945	0
78863	28	7162	945	0
111180	23	9245	945	0
35445	28	7677	945	0
26096	28	2019	945	0
20123	28	122	945	0
31653	28	717	945	0
21502	28	781	945	0
5022	28	24	945	0
10254	28	16928	945	0
26973	28	291	945	0
15297	28	2443	945	0
12500	28	45	945	0
82149	28	228	945	0
48539	14	308	945	0
102696	28	3030	945	0
3748	28	445	945	0
7770	28	5207	945	0
16287	28	793	945	0
21929	28	520	945	0
38590	28	1644	945	0
9348	28	2786	945	0
80911	14	1343	945	0
62235	28	1688	945	0
96105	28	4922	945	0
152638	28	1545	945	0
110344	28	348	945	0
22749	14	2951	945	0
108986	28	104	945	0
28147	28	3578	945	0
10881	28	361	945	0
94734	28	749	945	0
60091	28	577	945	0
63618	28	165	945	0
6508	28	22	945	0
17269	28	2662	945	0
38543	28	768	945	0
75114	28	515	945	0
13147	28	146	945	0
12620	28	415	945	0
65207	28	2831	945	0
69637	28	162	945	0
7477	28	67	945	0
122058	16	9	945	0
9645	28	144	945	0
27935	14	1491	945	0
69725	28	692	945	0
14574	28	31	945	0
7219	28	78	945	0
27960	28	9843	945	0
66420	28	241	945	0
7178	28	39	945	0
13155	28	110	945	0
154826	23	109619	945	0
18745	28	520	945	0
29614	28	757	945	0
77620	28	142	945	0
16827	28	152	945	0
45653	28	22961	945	0
31828	28	1254	945	0
101260	28	1358	945	0
29352	28	6692	945	0
21707	23	39684	945	0
39684	23	21707	945	0
76289	28	542	945	0
6526	28	871	945	0
56481	28	694	945	0
10431	28	82	945	0
38651	28	8924	945	0
27529	28	105	945	0
100011	28	5760	945	0
61896	6	36352	945	0
10431	28	77	945	0
19382	28	30	945	0
4916	28	768	945	0
38327	28	104	945	0
56117	28	640	945	0
85355	28	1261	945	0
5840	28	1725	945	0
124255	28	10655	945	0
41135	14	184347	945	0
5423	28	22961	945	0
5362	28	24	945	0
62546	28	3578	945	0
12687	28	1458	945	0
14243	28	3977	945	0
67753	28	22961	945	0
8578	28	79	945	0
16686	28	2255	945	0
41073	28	774	945	0
17671	28	82	945	0
15355	28	1323	945	0
31655	28	553	945	0
47634	28	768	945	0
8506	28	428	945	0
39758	28	640	945	0
28208	28	281	945	0
20240	28	33	945	0
38614	28	1102	945	0
10254	28	1879	945	0
9004	28	10655	945	0
46132	14	308	945	0
27203	28	283	945	0
19118	28	80	945	0
30708	28	1718	945	0
5694	28	186	945	0
6322	28	1151	945	0
28090	14	4314	945	0
123655	28	1613	945	0
8679	28	524	945	0
85875	28	829	945	0
69821	28	578	945	0
92547	28	165	945	0
22876	28	1057	945	0
102114	28	2546	945	0
35725	28	498	945	0
86285	14	1667	945	0
91253	28	10655	945	0
64541	28	2207	945	0
11564	28	1102	945	0
50889	28	1734	945	0
9004	28	445	945	0
15895	28	65	945	0
5799	28	2702	945	0
33290	28	1492	945	0
26146	28	57	945	0
94288	28	2980	945	0
9059	28	114	945	0
25989	28	1124	945	0
89274	28	678	945	0
12598	28	15683	945	0
4869	28	149	945	0
81563	28	746	945	0
14007	28	79	945	0
88280	28	735	945	945
93452	16	50020	945	945
20045	28	126	945	945
12770	28	168	945	946
24852	28	7139	945	946
96045	28	456	945	946
14385	28	710	945	946
61021	28	1752	945	946
52575	28	5009	945	946
14645	28	44	945	946
13017	28	429	945	946
22330	28	303	945	946
29811	28	236	945	946
72067	28	195	945	946
25928	28	1261	945	946
72193	28	614	945	946
34694	28	111	945	946
46359	28	89	945	946
11866	28	119	945	946
9105	28	808	945	946
22712	28	4264	945	946
11917	28	415	945	946
11286	28	2390	945	946
84398	28	103	945	946
12781	28	206	945	946
62894	28	963	945	946
16958	28	557	945	946
6420	28	17377	945	946
45399	28	743	945	946
54393	28	774	945	946
21991	28	129	945	946
17413	28	8786	945	946
17220	28	110	945	946
73250	28	99	945	946
25041	28	1222	945	946
63470	28	133	945	946
4593	28	23	945	946
15133	28	454	945	946
19327	28	1102	945	946
41243	28	423	945	946
6163	28	313	945	946
52360	28	1057	945	946
31134	28	136	945	946
20327	28	593	945	946
64137	28	350	945	946
31303	28	889	945	946
64399	28	1080	945	946
5041	28	309	945	946
11983	28	489	945	946
31485	28	1621	945	946
12397	28	2341	945	946
48504	28	3016	945	946
53804	28	39757	945	946
15789	28	1156	945	946
31399	28	3069	945	946
15830	28	36570	945	946
36571	28	171	945	946
5924	28	500	945	946
115372	28	1023	945	946
31865	28	35488	945	946
20325	28	295	945	946
55498	28	56	945	946
11595	28	1795	945	946
15828	28	290	945	946
3943	28	67	945	946
14422	28	2019	945	946
6744	28	235	945	946
46673	28	1299	945	946
76098	28	102	945	946
64783	28	241	945	946
117537	28	343	945	946
8190	28	461	945	946
63295	28	846	945	946
76513	28	420	945	946
5118	28	44	945	946
10701	28	1180	945	946
84932	28	303	945	946
21701	28	1718	945	946
14317	28	169	945	946
24716	28	799	945	946
33326	28	2078	945	946
77132	28	4335	945	946
16619	28	24	945	946
9259	28	24	945	946
82229	28	706	945	946
14766	28	66	945	946
55910	28	1743	945	946
118429	28	690	945	946
14807	28	786	945	946
33558	28	276	945	946
119475	28	409	945	946
11856	28	286	945	946
25819	28	364	945	946
34800	28	309	945	946
41555	28	806	945	946
19935	28	1162	945	946
62900	28	174	945	946
15152	28	224	945	946
17272	28	872	945	946
90107	28	154	945	946
48679	28	42188	945	946
21877	28	360	945	946
40793	28	67	945	946
67522	28	1182	945	946
50440	28	69	945	946
103570	28	789	945	946
8037	28	1805	945	946
9830	28	720	945	946
27137	28	133	945	946
48638	28	311	945	946
19049	28	136	945	946
45307	28	269	945	946
53467	28	383	945	946
66570	28	145	945	946
6661	28	532	945	946
20214	28	2003	945	946
16699	28	6631	945	946
78882	28	67934	945	946
23818	28	155	945	946
20805	28	106	945	946
16986	28	192	945	946
9528	28	98	945	946
31009	28	231	945	946
25035	28	252	945	946
16847	28	183	945	946
79222	28	841	945	946
50718	28	542	945	946
12552	28	141	945	946
7182	28	42676	945	946
4788	28	24	945	946
4572	28	20	945	946
13576	28	183	945	946
23553	28	916	945	946
16012	28	546	945	946
73043	28	361	945	946
163229	28	175	945	946
33464	28	230	945	946
7788	28	550	945	946
9418	28	114	945	946
64101	28	1990	945	946
20898	28	720	945	946
14921	28	485	945	946
121983	28	145	945	946
6642	28	330	945	946
34262	28	5222	945	946
21459	28	516	945	946
40494	28	146	945	946
72278	28	273	945	946
48826	28	241	945	946
75098	28	210	945	946
68172	28	2088	945	946
104211	28	1592	945	946
18968	28	219	945	946
92812	28	454	945	946
23043	28	1483	945	946
65259	28	749	945	946
68808	28	3684	945	946
44077	28	1185	945	946
17651	28	1505	945	946
91749	28	171	945	946
98101	28	37	945	946
64904	28	235	945	946
23236	28	11066	945	946
59684	28	1778	945	946
10515	28	718	945	946
33095	28	313	945	946
85527	28	1052	945	946
9647	28	3211	945	946
26185	28	1959	945	946
90096	28	841	945	946
76726	28	119	945	946
92171	28	690	945	946
27777	28	178	945	946
51341	28	1542	945	946
44433	28	2897	945	946
44279	28	168	945	946
59203	28	167	945	946
10063	28	2662	945	946
37051	16	124456	945	946
80925	28	167	945	946
12266	28	439	945	946
27529	28	675	945	946
38508	28	139	945	946
68878	28	167	945	946
30788	28	417	945	946
9105	28	2436	945	946
124402	28	179	945	946
73640	28	171	945	946
99895	28	364	945	946
108819	28	1346	945	946
32327	28	462	945	946
27241	28	252	945	946
4298	28	134	945	946
33213	28	24	945	946
43101	28	2436	945	946
39090	28	1806	945	946
31313	28	1102	945	946
65373	28	176	945	946
12899	28	76	945	946
22870	28	808	945	946
69717	28	35488	945	946
60629	28	156	945	946
82466	28	2957	945	946
30283	28	16	945	946
87938	28	774	945	946
15243	28	893	945	946
109322	28	3125	945	946
11477	28	4335	945	946
14572	28	682	945	946
14268	28	989	945	946
13368	28	254	945	946
52544	28	462	945	946
8210	28	74	945	946
22936	28	46	945	946
19112	28	5225	945	946
52571	28	241	945	946
5175	28	31	945	946
17627	28	2215	945	946
60607	28	621	945	946
31773	28	428	945	946
37076	28	800	945	946
43544	28	1987	945	946
57438	28	718	945	946
31216	28	1118	945	946
48794	28	1405	945	946
9493	28	174	945	946
61599	28	3030	945	946
14171	28	36	945	946
13579	28	3370	945	946
7702	28	1242	945	946
18472	28	1505	945	946
28081	28	25491	945	946
105921	28	1211	945	946
5517	28	2336	945	946
4984	28	1621	945	946
49690	28	871	945	946
8641	28	2097	945	946
71261	28	351	945	946
36145	28	99	945	946
29769	28	203	945	946
22503	28	808	945	946
59394	28	1570	945	946
33060	28	72	945	946
4547	28	253	945	946
10395	28	147	945	946
60296	28	291	945	946
21346	28	1731	945	946
20050	28	6549	945	946
25824	28	6485	945	946
23260	28	102	945	946
5240	28	2341	945	946
44208	28	8809	945	946
9201	28	624	945	946
25051	28	431	945	946
12823	28	188	945	946
16244	28	123	945	946
32327	28	361	945	946
6646	28	922	945	946
36086	28	676	945	946
10484	28	166	945	946
93848	28	15237	945	946
10706	28	2154	945	946
17131	28	51	945	946
36959	28	462	945	946
79288	28	100	945	946
67973	28	841	945	946
15896	28	2300	945	946
5632	28	628	945	946
12249	28	346	945	946
23574	28	280	945	946
38185	28	701	945	946
16071	28	586	945	946
35462	28	252	945	946
28696	28	50	945	946
63386	28	150	945	946
15675	28	166	945	946
5100	28	122	945	946
27261	28	24	945	946
7009	28	1492	945	946
8286	28	363	945	946
42184	28	269	945	946
128290	28	10269	945	946
56477	28	167	945	946
27083	28	542	945	946
38564	28	1579	945	946
29293	28	167	945	946
26785	28	122	945	946
11204	28	122	945	946
36774	28	1286	945	946
28442	28	114	945	946
37731	28	868	945	946
6647	28	40	945	946
10934	28	7971	945	946
41900	28	2416	945	946
51539	28	415	945	946
23371	28	1742	945	946
11097	28	1080	945	946
28455	28	3069	945	946
58176	28	1736	945	946
10584	28	1476	945	946
11454	28	420	945	946
127203	16	7637	945	946
51651	28	350	945	946
17667	28	55	945	946
5487	28	214	945	946
36651	28	1144	945	946
20750	28	330	945	946
50396	28	841	945	946
92560	28	2703	945	946
110940	23	80801	945	946
11041	28	550	945	946
7433	28	553	945	946
50974	28	37	945	946
46950	28	250	945	946
16251	28	37	945	946
6174	28	3819	945	946
60409	28	1936	945	946
22062	28	678	945	946
24991	28	1021	945	946
11832	28	532	945	946
32813	28	693	945	946
79247	28	500	945	946
17453	28	98	945	946
31694	28	713	945	946
94892	28	43154	945	946
17215	28	460	945	946
19912	28	3207	945	946
17736	28	624	945	946
58369	28	65	945	946
36349	28	43	945	946
65357	28	1057	945	946
4438	28	85	945	946
37454	28	132	945	946
76200	28	180	945	946
24675	28	460	945	946
103791	28	1052	945	946
15003	28	808	945	946
51880	28	718	945	946
47925	28	830	945	946
22334	28	1026	945	946
51488	28	525	945	946
37113	28	769	945	946
30449	28	119	945	946
7605	28	710	945	946
90041	28	159	945	946
21119	28	739	945	946
14144	28	2413	945	946
10912	28	252	945	946
112121	28	1743	945	946
38588	28	239	945	946
7368	28	168	945	946
16306	28	158	945	946
8019	28	1229	945	946
49320	28	428	945	946
23226	28	979	945	946
94701	28	583	945	946
78612	28	1283	945	946
13892	28	1810	945	946
12002	28	230	945	946
11453	28	105	945	946
28848	28	1238	945	946
8963	28	2097	945	946
37318	28	37	945	946
56117	28	241	945	946
11866	28	156	945	946
69806	28	769	945	946
13301	28	4872	945	946
78929	28	2941	945	946
15992	28	717	945	946
94831	28	1346	945	946
51847	28	458	945	946
10790	28	147	945	946
43787	28	276	945	946
41126	28	11170	945	946
33136	28	140	945	946
46471	28	1131	945	946
5641	28	175	945	946
12309	28	808	945	946
22156	28	1934	945	946
8506	28	2126	945	946
130112	28	129	945	946
37207	28	706	945	946
10652	28	186	945	946
69680	28	188	945	946
20712	28	80791	945	946
59381	28	926	945	946
51404	28	437	945	946
51702	28	129	945	946
68435	28	960	945	946
65623	28	191	945	946
4859	28	846	945	946
14904	28	131	945	946
8292	28	19	945	946
90468	28	933	945	946
80631	28	498	945	946
92194	28	11128	945	946
92523	28	1442	945	946
16438	28	933	945	946
102847	28	83	945	946
111685	28	1223	945	946
23179	28	460	945	946
13084	28	248	945	946
50031	28	156	945	946
38549	28	1656	945	946
64753	28	230	945	946
21051	28	114	945	946
58919	28	293	945	946
24539	28	344	945	946
11721	28	1978	945	946
13735	28	1399	945	946
13911	28	28174	945	946
4690	28	27	945	946
76417	28	409	945	946
7657	28	126	945	946
9504	28	8239	945	946
92717	28	398	945	946
17620	28	2672	945	946
44060	28	214	945	946
46176	28	354	945	946
6700	28	91	945	946
27927	28	2019	945	946
73182	28	4810	945	946
28623	28	32938	945	946
22549	28	626	945	946
50872	28	233	945	946
67754	28	4051	945	946
102114	28	238	945	946
21180	28	317	945	946
50481	28	1813	945	946
91141	28	37	945	946
33210	28	142	945	946
69620	28	123	945	946
16291	28	1819	945	946
44708	28	43	945	946
58439	28	5262	945	946
116602	28	2812	945	946
32282	28	44	945	946
13934	28	136	945	946
7877	28	174	945	946
53526	28	216	945	946
37029	28	428	945	946
16966	28	70	945	946
17939	28	58915	945	946
55739	28	74	945	946
8032	28	379	945	946
10814	28	2214	945	946
23950	28	81	945	946
24666	28	1293	945	946
58933	28	1611	945	946
24860	28	754	945	946
51769	28	55061	945	946
11964	28	162	945	946
72318	28	60462	945	946
33327	28	104	945	946
20483	28	267	945	946
27376	28	1969	945	946
29168	28	273	945	946
95690	28	649	945	946
59042	28	159	945	946
66848	28	290	945	946
3672	28	215	945	946
26817	28	1434	945	946
12710	28	339	945	946
12650	28	1257	945	946
31399	28	166	945	946
92025	28	1478	945	946
94713	28	87	945	946
7565	28	558	945	946
29943	28	105	945	946
6032	28	80	945	946
14302	28	369	945	946
31052	28	255	945	946
62099	28	439	945	946
8618	28	16	945	946
9916	28	47	945	946
10158	28	152	945	946
81512	28	141	945	946
19198	28	44276	945	946
8226	28	629	945	946
20220	28	888	945	946
10603	28	98	945	946
64002	28	24650	945	946
16419	28	1014	945	946
93102	28	1008	945	946
11950	28	3309	945	946
10631	28	164	945	946
8938	28	785	945	946
71706	28	365	945	946
31721	28	2030	945	946
67221	28	298	945	946
71486	28	3765	945	946
14574	28	79	945	946
24365	28	717	945	946
9813	28	37	945	946
15868	28	846	945	946
82483	28	2100	945	946
28658	28	502	945	946
17882	28	2098	945	946
37076	28	1588	945	946
52212	28	347	945	946
8183	28	3081	945	946
15895	28	63	945	946
6232	28	23	945	946
24951	28	6818	945	946
154013	28	7572	945	946
22416	28	241	945	946
5519	28	43	945	946
48375	28	2488	945	946
15861	28	105	945	946
115517	28	2872	945	946
20948	28	379	945	946
14958	28	435	945	946
128705	28	384	945	946
9645	28	1925	945	946
29196	28	233	945	946
11927	28	3649	945	946
11061	28	669	945	946
36934	28	28679	945	946
78152	28	210	945	946
30275	28	276	945	946
9769	28	164	945	946
40542	28	100	945	946
28834	28	24	945	946
19022	28	79580	945	946
32120	28	717	945	946
76664	28	180	945	946
14657	28	27	945	946
61429	28	166	945	946
47283	28	524	945	946
18204	28	281	945	946
51900	28	10191	945	946
4869	28	56	945	946
64004	28	39757	945	946
81644	28	4922	945	946
58074	28	303	945	946
58766	28	378	945	946
38719	28	3648	945	946
35621	28	2416	945	946
8332	28	92	945	946
36902	28	796	945	946
60334	28	1925	945	946
24665	28	230	945	946
101317	28	693	945	946
17312	28	363	945	946
76738	28	87	945	946
6760	28	188	945	946
19294	28	58	945	946
44144	28	347	945	946
24683	28	460	945	946
68092	28	1294	945	946
57509	28	6010	945	946
12421	28	155	945	946
7558	28	241	945	946
74783	28	1129	945	946
10757	28	477	945	946
15620	28	894	945	946
64714	28	56	945	946
8145	28	183	945	946
55198	28	165	945	946
80728	28	901	945	946
14053	28	170	945	946
94057	28	1297	945	946
16071	28	267	945	946
80400	28	649	945	946
95635	28	657	945	946
71928	28	23	945	946
82149	28	774	945	946
14828	28	112	945	946
9224	28	1476	945	946
6924	28	175	945	946
10849	28	12949	945	946
12223	28	1565	945	946
71503	28	82	945	946
19700	28	1148	945	946
70497	28	1757	945	947
10132	28	133	945	947
18997	28	38	945	947
16628	28	181	945	947
14561	28	1032	945	947
11585	28	57	945	947
9431	28	455	945	947
18989	28	395	945	947
53357	28	185	945	947
19686	28	345	945	947
19282	28	8706	945	947
15049	28	484	945	947
62704	28	30225	945	947
19863	28	586	945	947
8025	28	832	945	947
29691	28	783	945	947
47061	28	503	945	947
30770	28	133	945	947
9464	28	101	945	947
23198	28	165	945	947
8012	28	3314	945	947
10145	28	6320	945	947
35892	28	248	945	947
16881	28	3400	945	947
84679	28	2490	945	947
6337	28	2057	945	947
61864	28	22	945	947
36094	28	269	945	947
26802	28	390	945	947
8970	28	168	945	947
20967	28	353	945	947
32047	28	165	945	947
13355	28	51	945	947
73426	28	662	945	947
61512	28	82	945	947
12463	28	331	945	947
13891	28	1012	945	947
29827	28	5548	945	947
66453	28	154	945	947
86072	28	1238	945	947
25039	28	184	945	947
70963	28	1794	945	947
38672	28	140	945	947
29929	28	54	945	947
83602	28	267	945	947
74468	23	4038	945	947
16922	28	1323	945	947
75114	28	331	945	947
61865	28	1102	945	947
7321	28	321	945	947
19094	28	141	945	947
77807	28	1976	945	947
4654	28	1342	945	947
15190	28	195	945	947
5696	28	195	945	947
22648	28	73	945	947
77956	28	14672	945	947
26345	28	261	945	947
12043	28	818	945	947
4970	23	4763	945	947
4763	23	4970	945	947
7261	28	281	945	947
11970	28	295	945	947
26915	28	54	945	947
23230	28	32	945	947
10170	28	117	945	947
17728	28	42	945	947
12253	28	1399	945	947
36038	28	2997	945	947
36181	28	1032	945	947
74097	28	74	945	947
6431	28	103	945	947
31497	28	117	945	947
55733	28	7459	945	947
27404	28	1688	945	947
121424	28	435	945	947
10144	28	2051	945	947
9762	28	179	945	947
6885	28	294	945	947
23365	28	309	945	947
67611	28	153	945	947
12068	28	3276	945	947
76353	28	888	945	947
3832	28	117	945	947
9086	28	27	945	947
9165	28	51021	945	947
18134	28	139	945	947
34028	28	5222	945	947
24151	28	89	945	947
68866	28	395	945	947
7312	28	82	945	947
21973	28	3122	945	947
57241	28	3030	945	947
68502	28	679	945	947
38225	28	253	945	947
6665	28	66	945	947
78870	28	1234	945	947
76113	28	602	945	947
34853	28	171	945	947
20263	28	292	945	947
6106	28	1104	945	947
41693	28	388	945	947
26950	28	24	945	947
20983	28	593	945	947
6172	28	976	945	947
108004	28	464	945	947
45131	28	221	945	947
80684	28	690	945	947
3792	28	147	945	947
46749	28	3122	945	947
17216	28	1093	945	947
9297	28	143901	945	947
25179	28	1026	945	947
10449	28	256	945	947
23295	28	13406	945	947
66469	28	2546	945	947
38483	28	255	945	947
12006	28	152	945	947
79044	28	198	945	947
69668	28	196	945	947
125309	28	2957	945	947
63198	28	4922	945	947
4680	28	332	945	947
59006	16	21186	945	947
6508	28	78	945	947
33021	28	42	945	947
8317	28	1757	945	947
51011	28	293	945	947
36535	28	252	945	947
10601	28	542	945	947
77268	28	38204	945	947
39393	28	89	945	947
18081	28	20	945	947
73280	28	1262	945	947
14921	28	422	945	947
60841	28	4193	945	947
47801	28	1160	945	947
5696	28	161	945	947
8963	28	4752	945	947
6180	28	800	945	947
51337	28	388	945	947
15820	28	66	945	947
109577	28	1283	945	947
33046	28	46	945	947
53574	28	937	945	947
52729	28	107	945	947
67767	28	202	945	947
62724	28	82	945	947
27708	28	16937	945	947
11835	28	39	945	947
27004	28	5135	945	947
4916	28	255	945	947
80829	28	391	945	947
15875	28	39	945	947
15442	28	120	945	947
62374	28	1297	945	947
12594	28	395	945	947
38064	28	275	945	947
16044	28	133	945	947
15409	28	435	945	947
16701	28	91	945	947
9423	28	166	945	947
11648	28	99	945	947
17483	28	1261	945	947
16875	28	48	945	947
51943	28	396	945	947
34489	28	377	945	947
8614	28	500	945	947
8352	28	1656	945	947
15176	28	436	945	947
60080	28	45	945	947
5937	28	219	945	947
11278	28	395	945	947
20750	28	119	945	947
8154	28	289	945	947
8182	28	31	945	947
15801	28	388	945	947
13527	28	740	945	947
23970	28	3362	945	947
5297	28	195	945	947
6352	28	40	945	947
7680	28	178	945	947
37652	28	1082	945	947
8965	28	255	945	947
5718	28	66	945	947
16978	28	23	945	947
67090	28	102	945	947
53533	28	2997	945	947
22732	28	1475	945	947
9540	28	38	945	947
81671	28	52	945	947
27260	28	69	945	947
40978	28	166	945	947
11615	28	618	945	947
13325	28	100	945	947
12743	28	159	945	947
10022	28	5761	945	947
15568	28	205	945	947
37760	28	161	945	947
32075	28	380	945	947
91085	28	40502	945	947
18893	28	1592	945	947
59211	28	28	945	947
19052	28	70	945	947
13309	28	1283	945	947
77132	28	1757	945	947
25063	28	214	945	947
101684	28	71	945	947
44460	28	1475	945	947
123079	28	851	945	947
9775	28	24	945	947
29972	28	381	945	947
57610	28	265	945	947
68379	28	205	945	947
13464	28	1316	945	947
80229	28	14560	945	947
69023	28	964	945	947
11770	28	1297	945	947
16626	28	164	945	947
20709	28	121	945	947
18941	28	355	945	947
14664	28	960	945	947
48861	28	63	945	947
22982	28	192	945	947
48140	28	1757	945	947
61573	28	1616	945	947
11827	28	19	945	947
8366	28	235	945	947
29059	28	715	945	947
7602	28	1297	945	947
129957	28	830	945	947
18939	28	282	945	947
14477	28	442	945	947
15235	28	2331	945	947
21632	28	1182	945	947
60176	28	3490	945	947
21271	28	970	945	947
13024	28	933	945	947
152445	23	6216	945	947
87736	28	1537	945	947
19233	28	1033	945	947
53509	28	400	945	947
30255	28	281	945	947
63257	28	1936	945	947
11476	28	4380	945	947
17952	28	1316	945	947
84228	28	5262	945	947
27089	28	109	945	947
12683	28	16	945	947
112804	28	268	945	947
16718	28	913	945	947
59617	28	1432	945	947
51325	28	133	945	947
48447	28	377	945	947
79565	28	235	945	947
15236	28	95	945	947
10233	28	109	945	947
10057	28	51	945	947
6438	28	933	945	947
35826	28	513	945	947
34087	28	217	945	947
46173	28	98	945	947
12137	28	281	945	947
92061	28	675	945	947
21828	28	1328	945	947
66483	28	1757	945	947
55474	28	174	945	947
58253	28	139	945	947
10476	28	28	945	947
36912	28	56	945	947
66952	28	60	945	947
103719	28	510	945	947
33174	28	972	945	947
10635	28	185	945	947
14795	28	1119	945	947
67550	28	213	945	947
35450	28	469	945	947
101103	28	273	945	947
26461	28	60	945	947
37191	28	95	945	947
80105	28	313	945	947
17974	28	1507	945	947
67174	28	386	945	947
70028	28	70	945	947
24018	28	1330	945	947
13919	28	79	945	947
14629	28	3684	945	947
86962	28	289	945	947
39358	28	5135	945	947
27384	28	1554	945	947
19992	28	10999	945	947
100223	28	66	945	947
51890	28	449	945	947
82818	28	254	945	947
47918	28	230	945	947
9246	28	2997	945	947
6924	28	81	945	947
10295	28	751	945	947
42435	28	619	945	947
12727	28	235	945	947
33266	28	166	945	947
14908	28	45	945	947
38915	28	79	945	947
17518	28	34	945	947
110737	28	474	945	947
38614	28	64	945	947
10429	28	1102	945	947
35240	28	1146	945	947
16876	28	136	945	947
58022	28	49	945	947
8578	28	2786	945	947
8333	28	171	945	947
33029	28	1174	945	947
73066	28	171	945	947
87851	28	155	945	947
12614	28	65	945	947
31353	28	363	945	947
28750	28	3030	945	947
15956	28	989	945	947
28220	28	95	945	947
32560	28	353	945	947
49412	28	139	945	947
9393	28	1238	945	947
11884	28	74	945	947
15211	28	8786	945	947
11385	28	1933	945	947
40697	28	662	945	947
12994	28	241	945	947
9302	28	439	945	947
77849	28	198	945	947
64138	28	1442	945	947
73643	28	102	945	947
26915	28	1323	945	947
31215	28	18261	945	947
14067	28	136	945	947
17119	28	693	945	947
38355	28	456	945	947
77406	28	1135	945	947
14685	28	1134	945	947
63547	28	24654	945	947
58893	28	58	945	947
33489	28	469	945	947
123671	28	901	945	947
15285	28	353	945	947
33678	28	3309	945	947
34306	28	699	945	947
30390	28	732	945	947
57856	28	83	945	947
8179	28	78	945	947
15672	28	54	945	947
18876	28	123	945	947
8942	28	6459	945	947
30434	28	202	945	947
62890	28	29564	945	947
22284	28	2672	945	947
41498	28	171	945	947
41722	28	1679	945	947
21813	28	155	945	947
8266	28	3276	945	947
9467	28	846	945	947
16287	28	214	945	947
16418	28	1801	945	947
155128	28	900	945	947
51746	28	112	945	947
46036	28	474	945	947
34432	28	368	945	947
8844	28	303	945	947
29038	28	1177	945	948
38961	28	1093	945	948
39005	28	1897	945	948
5677	28	1971	945	948
22144	28	31	945	948
83634	28	265	945	948
54392	28	26526	945	948
16693	28	274	945	948
41033	28	2516	945	948
54714	28	783	945	948
26785	28	22	945	948
73545	28	1166	945	948
60738	28	660	945	948
13717	28	592	945	948
41311	28	3505	945	948
33771	28	87	945	948
27278	28	572	945	948
17920	28	36	945	948
25989	28	368	945	948
9419	28	290	945	948
18922	28	15869	945	948
62920	28	2446	945	948
12771	28	3038	945	948
75244	28	117199	945	948
11971	28	159	945	948
61345	28	1627	945	948
32151	28	3000	945	948
31668	28	112	945	948
17475	28	363	945	948
28042	28	155	945	948
4897	28	105	945	948
11592	28	152	945	948
52298	28	364	945	948
18913	28	2668	945	948
16814	28	174	945	948
19160	28	531	945	948
75294	28	252	945	948
45159	28	170	945	948
23091	28	15317	945	948
35677	28	542	945	948
9794	28	80	945	948
8443	28	10159	945	948
36077	28	3211	945	948
64192	28	930	945	948
48164	28	167	945	948
31303	28	397	945	948
31395	28	533	945	948
36164	28	7459	945	948
98274	28	71	945	948
67617	28	446	945	948
45307	28	1644	945	948
8623	28	171	945	948
27719	28	1330	945	948
12178	28	1936	945	948
10682	28	331	945	948
23459	28	54	945	948
72131	28	1767	945	948
12414	28	195	945	948
11655	28	1009	945	948
9077	28	48	945	948
39747	28	64	945	948
11655	28	281	945	948
44146	28	43	945	948
11958	28	153	945	948
47748	28	353	945	948
44221	28	27	945	948
26974	28	257	945	948
7482	28	63	945	948
32270	28	251	945	948
20457	28	65	945	948
91579	28	647	945	948
7891	28	52	945	948
61325	28	355	945	948
115658	28	797	945	948
6371	28	800	945	948
8889	28	274	945	948
21781	28	740	945	948
14047	28	6818	945	948
21929	28	618	945	948
17000	28	41	945	948
6715	28	129	945	948
66180	28	2280	945	948
15409	28	307	945	948
5989	28	23	945	948
93921	28	1259	945	948
27040	28	428	945	948
37301	28	798	945	948
23946	28	274	945	948
26280	28	309	945	948
16325	28	158	945	948
25070	28	280	945	948
112245	28	32155	945	948
3748	28	139	945	948
30387	28	23	945	948
22037	28	245	945	948
27323	28	141	945	948
68551	28	1795	945	948
5936	28	339	945	948
19641	28	122	945	948
33379	28	89759	945	948
82581	28	29573	945	948
28640	28	1399	945	948
19600	28	71	945	948
33547	28	586	945	948
71801	28	69	945	948
79963	28	402	945	948
38414	28	900	945	948
10929	28	262	945	948
13031	28	331	945	948
9928	28	219	945	948
6368	28	533	945	948
8958	28	5378	945	948
44494	28	71	945	948
