48256	272	52928	1938.0109	1964.0306
52928	272	48256	1938.0109	1964.0306
77884	259	58075	1938.011	1952.0203
81142	259	46956	1938.0115	1939.0121
68677	259	47885	1938.0115	1939.0211
59528	261	45999	1938.0124	1938.0124
71162	261	45999	1938.0201	1938.0201
83948	259	60425	1938.0205	1938.0319
73895	259	47885	1938.0212	1938.0319
57261	261	45999	1938.0222	1938.0222
50825	261	45999	1938.0222	1938.0222
81065	261	45999	1938.0222	1938.0222
65765	261	43682	1938.0222	1938.0222
49276	261	45999	1938.0222	1938.0222
54456	261	45999	1938.0222	1938.0222
61511	261	45999	1938.0222	1938.0222
46672	261	45999	1938.0222	1938.0222
73870	273	44410	1938.0309	1938.042
60169	261	43682	1938.0401	1938.0401
56474	261	54472	1938.0401	1938.0401
59134	261	54472	1938.0401	1938.0401
47335	261	54472	1938.0408	1938.0408
79659	261	54472	1938.0408	1938.0408
50258	261	54472	1938.0408	1938.0408
83007	261	54472	1938.0408	1938.0408
63089	265	45444	1938.0429	1938.1125
49487	265	45444	1938.043	1938.1125
60118	263	48144	1938.0509	1942.0827
61396	259	46544	1938.0611	1948.0515
54724	259	59812	1938.0613	1940.0101
69987	261	44105	1938.0615	1938.0615
47119	272	85549	1938.062	2000.0805
85549	272	47119	1938.062	2000.0805
50239	259	43704	1938.0623	1967.1009
50995	264	43987	1938.0701	1938.0701
55606	261	44451	1938.0715	1938.0715
52356	261	44451	1938.0717	1938.0717
85538	259	48518	1938.0804	1949.0624
69759	272	45934	1938.0821	1945.051
48678	263	53683	1938.0906	1941.0912
44724	268	60846	1938.0922	1938.1201
54471	282	49991	1938.0925	1938.1127
73047	272	73048	1938.093	1958.0519
56474	261	50259	1938.1001	1938.1001
53541	261	44867	1938.1001	1938.1001
68638	282	81739	1938.1001	1938.1105
51273	262	47316	1938.1003	1991.1225
55464	261	45041	1938.1026	1938.1026
69987	261	65905	1938.1026	1938.1026
47933	265	73571	1938.1101	1939.1101
52029	261	44001	1938.1102	1938.1102
53479	261	44451	1938.1102	1938.1102
68638	282	47336	1938.1106	1938.1117
65739	272	74868	1938.112	1976.0909
69858	259	49803	1939.0101	1930.0101
45180	265	44080	1939.0101	1939.0101
46365	259	46366	1939.0101	1939.0101
49279	261	48962	1939.0101	1939.0101
50999	261	51000	1939.0101	1939.0101
50999	261	51620	1939.0101	1939.0101
44900	265	47665	1939.0101	1939.0101
53012	259	48124	1939.0101	1939.0101
53408	259	44449	1939.0101	1939.0101
45379	261	44001	1939.0101	1939.0101
56671	259	47893	1939.0101	1939.0101
56282	259	43989	1939.0101	1939.0101
53516	265	51359	1939.0101	1939.0101
46584	259	45525	1939.0101	1939.0101
60272	261	52988	1939.0101	1939.0101
62728	261	57883	1939.0101	1939.0101
63408	259	46743	1939.0101	1939.0101
63812	265	48403	1939.0101	1939.0101
65834	259	46504	1939.0101	1939.0101
48537	259	53568	1939.0101	1939.0101
67026	259	48171	1939.0101	1939.0101
52356	261	50324	1939.0101	1939.0101
60124	259	44917	1939.0101	1939.0101
68878	259	47440	1939.0101	1939.0101
69153	259	57151	1939.0101	1939.0101
51545	265	44738	1939.0101	1939.0101
70007	259	48667	1939.0101	1939.0101
45172	265	46137	1939.0101	1939.0101
62549	265	44158	1939.0101	1939.0101
46775	263	64914	1939.0101	1939.0101
67026	259	44917	1939.0101	1939.0101
72449	265	56624	1939.0101	1939.0101
60567	261	54168	1939.0101	1939.0101
54197	261	45300	1939.0101	1939.0101
74013	265	56539	1939.0101	1939.0101
74043	259	44449	1939.0101	1939.0101
44021	261	43905	1939.0101	1939.0101
67536	273	44249	1939.0101	1939.0101
46131	265	52575	1939.0101	1939.0101
60978	261	44424	1939.0101	1939.0101
44277	261	57883	1939.0101	1939.0101
62403	265	56593	1939.0101	1939.0101
66971	265	46410	1939.0101	1939.0101
57731	265	50108	1939.0101	1939.0101
72938	265	44076	1939.0101	1939.0101
57657	265	50546	1939.0101	1939.0101
67991	265	46368	1939.0101	1939.0101
77317	259	47594	1939.0101	1939.0101
69895	259	72885	1939.0101	1939.0101
68187	259	46450	1939.0101	1939.0101
59666	259	43628	1939.0101	1939.0101
49708	259	49496	1939.0101	1939.0101
60450	263	71224	1939.0101	1939.0101
60363	259	44628	1939.0101	1939.0101
49466	261	46341	1939.0101	1939.0101
64908	259	44090	1939.0101	1939.0101
51906	259	46001	1939.0101	1939.0101
72201	261	45333	1939.0101	1939.0101
55746	265	52279	1939.0101	1939.0101
77203	259	44551	1939.0101	1939.0101
58204	259	44551	1939.0101	1939.0101
78738	259	52569	1939.0101	1939.0101
46551	265	53867	1939.0101	1939.0101
71302	261	45041	1939.0101	1939.0101
79698	259	49062	1939.0101	1939.0101
60014	265	46107	1939.0101	1939.0101
81855	259	44090	1939.0101	1939.0101
50342	259	45982	1939.0101	1939.0101
58413	261	48023	1939.0101	1939.0101
82123	265	44738	1939.0101	1939.0101
50365	259	44518	1939.0101	1939.0101
70569	259	49352	1939.0101	1939.0101
73997	259	53598	1939.0101	1939.0101
59026	259	48979	1939.0101	1939.0101
61729	259	49062	1939.0101	1939.0101
56577	265	63836	1939.0101	1939.0101
62397	259	54867	1939.0101	1939.0101
80231	259	44586	1939.0101	1939.0101
57706	265	76711	1939.0101	1939.0101
60620	259	47911	1939.0101	1939.0101
68849	259	46680	1939.0101	1939.0101
49119	261	44001	1939.0101	1939.0101
73373	259	44449	1939.0101	1939.0101
69970	259	64363	1939.0101	1939.0101
51346	261	66028	1939.0101	1939.0101
49647	265	44670	1939.0101	1939.0101
46367	265	44369	1939.0101	1939.0101
56343	265	44045	1939.0101	1939.0101
77351	259	47397	1939.0101	1939.0101
68484	265	44738	1939.0101	1939.0101
62598	259	44038	1939.0101	1939.0101
83994	259	61136	1939.0101	1939.0101
69810	259	46680	1939.0101	1939.0101
49990	261	49488	1939.0101	1939.0101
68616	265	47665	1939.0101	1939.0101
76453	259	44047	1939.0101	1939.0101
71744	259	47594	1939.0101	1939.0101
58220	259	52926	1939.0101	1939.0101
74907	259	49062	1939.0101	1939.0101
66248	265	46368	1939.0101	1939.0101
60846	261	48048	1939.0101	1939.0101
48395	261	63937	1939.0101	1939.0101
79476	265	75611	1939.0101	1939.0101
44017	259	51986	1939.0101	1939.0101
77462	265	59190	1939.0101	1939.0101
55300	259	51468	1939.0101	1939.0101
48766	260	51631	1939.0101	1939.0101
79638	261	44451	1939.0101	1939.0101
68584	261	43905	1939.0101	1939.0101
47574	261	44451	1939.0101	1939.0101
70505	265	65638	1939.0101	1939.0101
56500	259	44128	1939.0101	1939.0101
68614	259	44043	1939.0101	1939.0101
74245	259	44586	1939.0101	1939.0101
84034	259	44449	1939.0101	1939.0101
48481	261	44001	1939.0101	1939.0101
73870	265	47966	1939.0101	1939.0101
63062	261	43682	1939.0101	1939.0101
62351	261	44001	1939.0101	1939.0101
62358	261	44001	1939.0101	1939.0101
76469	259	48124	1939.0101	1939.0101
75027	259	45796	1939.0101	1939.0101
46227	261	44466	1939.0101	1939.0101
64061	259	64363	1939.0101	1939.0101
67837	259	44628	1939.0101	1939.0101
63611	259	85578	1939.0101	1939.0101
63407	261	54567	1939.0101	1939.0101
44898	259	45164	1939.0101	1939.0101
50381	259	45189	1939.0101	1939.0101
84617	259	49803	1939.0101	1939.0101
56353	265	47665	1939.0101	1939.0101
57030	265	81380	1939.0101	1939.0101
50446	294	49657	1939.0101	1939.0101
67965	265	44045	1939.0101	1939.0101
62669	273	45625	1939.0101	1939.0101
65871	261	85735	1939.0101	1939.0101
55718	300	85756	1939.0101	1939.0101
77337	259	47072	1939.0101	1939.0101
67552	259	52926	1939.0101	1939.0101
75833	259	44637	1939.0101	1939.0101
63190	259	46001	1939.0101	1939.0101
52556	259	52557	1939.0101	1940.0101
59632	259	44307	1939.0101	1940.0101
52235	259	60779	1939.0101	1940.0101
48266	259	47887	1939.0101	1940.0101
62397	259	57302	1939.0101	1940.0101
48163	259	49861	1939.0101	1940.0101
64418	259	47440	1939.0101	1940.0101
65560	259	45389	1939.0101	1940.0101
58304	259	65588	1939.0101	1940.0101
64724	259	53311	1939.0101	1940.0101
43848	259	48090	1939.0101	1940.0101
55058	259	53389	1939.0101	1940.0101
73789	259	73790	1939.0101	1940.0101
74309	259	49355	1939.0101	1940.0101
62598	259	48002	1939.0101	1940.0101
50118	259	69037	1939.0101	1940.0101
61072	259	46680	1939.0101	1940.0101
75433	259	45838	1939.0101	1940.0101
76453	259	44518	1939.0101	1940.0101
64750	259	44446	1939.0101	1940.0101
64724	259	51988	1939.0101	1940.0101
65584	259	48296	1939.0101	1940.0101
66845	259	54697	1939.0101	1940.0101
71644	263	55966	1939.0101	1940.0101
79518	259	48979	1939.0101	1940.0101
69574	259	49060	1939.0101	1940.0101
80272	259	54526	1939.0101	1940.0101
77611	265	67515	1939.0101	1940.0101
63643	272	51658	1939.0101	1940.0101
65757	259	47887	1939.0101	1940.0101
58055	259	69619	1939.0101	1940.0101
73016	259	61343	1939.0101	1940.0101
56453	259	47041	1939.0101	1940.0101
50396	259	45838	1939.0101	1940.0101
49328	259	44919	1939.0101	1940.0101
50155	259	49159	1939.0101	1940.0101
77023	259	45352	1939.0101	1940.0101
56344	259	53965	1939.0101	1940.0101
55456	259	59426	1939.0101	1940.0101
51876	259	66108	1939.0101	1940.0101
67357	259	47602	1939.0101	1940.0101
84045	259	81216	1939.0101	1940.0101
71644	273	45911	1939.0101	1940.0101
57761	259	45838	1939.0101	1940.0101
67965	263	43916	1939.0101	1940.0101
51658	272	63643	1939.0101	1940.0101
72610	259	49477	1939.0101	1940.0101
70007	259	48135	1939.0101	1940.0101
64684	265	49095	1939.0101	1940.0101
81752	259	48135	1939.0101	1940.0101
63611	259	48135	1939.0101	1940.0101
47063	259	44818	1939.0101	1940.0101
43988	259	48064	1939.0101	1940.0101
54412	259	47911	1939.0101	1940.0101
50489	259	44578	1939.0101	1940.0101
59132	259	43796	1939.0101	1940.0101
65059	259	44307	1939.0101	1940.0101
63021	259	47397	1939.0101	1940.0101
60189	265	50620	1939.0101	1940.0101
68826	259	47953	1939.0101	1940.0101
81816	259	61587	1939.0101	1940.0101
51098	259	48499	1939.0101	1940.0101
71212	259	53568	1939.0101	1940.0101
66852	259	63170	1939.0101	1940.0101
70988	259	45525	1939.0101	1940.0101
59080	259	45228	1939.0101	1940.0101
68972	259	56576	1939.0101	1940.0101
50926	259	48497	1939.0101	1940.0101
81373	259	52764	1939.0101	1940.0101
45884	265	45885	1939.0101	1941.0101
49262	259	47690	1939.0101	1941.0101
60379	259	60380	1939.0101	1941.0101
62038	259	62039	1939.0101	1941.0101
49306	259	49159	1939.0101	1941.0101
69949	263	68619	1939.0101	1941.0101
63223	259	48497	1939.0101	1941.0101
64137	265	74671	1939.0101	1941.0101
68955	265	78745	1939.0101	1941.0101
48705	273	44152	1939.0101	1941.0101
48661	263	52042	1939.0101	1941.0101
79948	259	47887	1939.0101	1941.0101
62923	259	44307	1939.0101	1941.0101
63761	263	44045	1939.0101	1941.0101
74698	259	81216	1939.0101	1941.0101
70104	259	45838	1939.0101	1941.0101
52318	259	45611	1939.0101	1941.0101
82140	259	48499	1939.0101	1941.0101
74565	259	46450	1939.0101	1941.0101
68383	259	44578	1939.0101	1941.0101
70065	259	56463	1939.0101	1941.0101
67137	259	47484	1939.0101	1941.0101
63733	263	50622	1939.0101	1941.0101
60429	263	48483	1939.0101	1941.0101
69810	259	44578	1939.0101	1941.0101
68545	265	44130	1939.0101	1941.0101
84072	259	50876	1939.0101	1941.0101
48445	259	73344	1939.0101	1941.0101
74930	259	44354	1939.0101	1941.0101
49762	259	49355	1939.0101	1941.0101
52697	263	70799	1939.0101	1941.0101
58162	259	49477	1939.0101	1941.0101
52828	259	44487	1939.0101	1941.0101
76159	259	53002	1939.0101	1941.0101
62107	259	44114	1939.0101	1941.0101
67678	259	83705	1939.0101	1941.0101
55927	259	43877	1939.0101	1941.0101
49829	259	63170	1939.0101	1941.0101
43831	263	49378	1939.0101	1941.0101
81070	265	47418	1939.0101	1941.0101
55616	263	48144	1939.0101	1941.0301
43795	259	43796	1939.0101	1942.0101
46595	259	46596	1939.0101	1942.0101
72712	259	45408	1939.0101	1942.0101
67468	259	49159	1939.0101	1942.0101
48588	263	44080	1939.0101	1942.0101
51543	259	43796	1939.0101	1942.0101
54486	259	59426	1939.0101	1942.0101
70643	259	54306	1939.0101	1942.0101
76453	259	46779	1939.0101	1942.0101
47922	259	44628	1939.0101	1943.0101
54465	259	59314	1939.0101	1943.0101
47562	263	61346	1939.0101	1943.0101
75313	259	43827	1939.0101	1943.0101
55983	259	45838	1939.0101	1943.0101
45933	265	49345	1939.0101	1943.0101
45176	259	49477	1939.0101	1943.0101
61072	259	44578	1939.0101	1943.0101
58843	259	66846	1939.0101	1943.0101
63919	259	44446	1939.0101	1943.0101
70680	273	43911	1939.0101	1944.0101
68449	272	44681	1939.0101	1944.0101
75226	265	59270	1939.0101	1944.0101
48356	263	43634	1939.0101	1944.0101
58505	259	74825	1939.0101	1944.0101
46032	259	47484	1939.0101	1944.0101
53346	259	44518	1939.0101	1945.0101
44046	259	62370	1939.0101	1945.0101
64949	259	75134	1939.0101	1945.0101
75752	272	71336	1939.0101	1945.0101
64480	259	45838	1939.0101	1945.0101
64692	259	54306	1939.0101	1945.0101
44360	272	59752	1939.0101	1945.0101
50342	259	48135	1939.0101	1945.0101
59752	272	44360	1939.0101	1945.0101
69905	259	45408	1939.0101	1945.0101
64949	259	52804	1939.0101	1945.0101
46009	259	44919	1939.0101	1945.0101
56282	259	43670	1939.0101	1945.0101
50387	259	53065	1939.0101	1945.0101
71336	272	75752	1939.0101	1945.0101
52568	259	43730	1939.0101	1945.0101
73501	272	73502	1939.0101	1945.0614
73502	272	73501	1939.0101	1945.0614
62226	259	43989	1939.0101	1946.0101
58016	259	47953	1939.0101	1946.0101
56392	259	53065	1939.0101	1946.0101
64777	259	49352	1939.0101	1946.0101
73261	259	48979	1939.0101	1946.0101
54957	259	43940	1939.0101	1946.0101
72373	259	52557	1939.0101	1946.0101
77007	259	43670	1939.0101	1946.0101
72607	259	46273	1939.0101	1946.0101
72180	259	45745	1939.0101	1946.0101
78334	259	44043	1939.0101	1946.0101
58231	259	44680	1939.0101	1946.0101
56927	259	49352	1939.0101	1946.0101
59884	259	50007	1939.0101	1946.0101
80082	265	50645	1939.0101	1946.0101
84947	259	47643	1939.0101	1946.0101
55941	259	51986	1939.0101	1946.0101
65208	259	44047	1939.0101	1946.0101
57494	259	45745	1939.0101	1946.0101
60641	259	45352	1939.0101	1946.0101
74565	259	45319	1939.0101	1946.0101
49092	259	52560	1939.0101	1946.0101
46541	259	60871	1939.0101	1946.0101
69600	259	44018	1939.0101	1946.0101
81608	259	52557	1939.0101	1946.0101
64880	259	52764	1939.0101	1946.0101
59026	259	52557	1939.0101	1946.0101
44954	259	44120	1939.0101	1947.0101
59736	259	43989	1939.0101	1947.0101
61859	259	44018	1939.0101	1947.0101
57341	259	53065	1939.0101	1947.0101
73729	259	45344	1939.0101	1947.0101
78251	259	48947	1939.0101	1947.0101
81540	259	45189	1939.0101	1947.0101
48240	259	43991	1939.0101	1947.0101
45687	259	45189	1939.0101	1947.0101
67218	259	47397	1939.0101	1947.0101
73410	259	47893	1939.0101	1947.0101
44898	259	52948	1939.0101	1947.0101
76913	259	53183	1939.0101	1947.0101
61362	259	44120	1939.0101	1947.0101
80803	259	45164	1939.0101	1947.0101
61569	263	51674	1939.0101	1947.0101
66938	259	49900	1939.0101	1947.0101
75985	259	47072	1939.0101	1947.0101
71141	259	44018	1939.0101	1947.0101
44127	259	44546	1939.0101	1948.0101
48824	259	54641	1939.0101	1948.0101
65275	263	53828	1939.0101	1948.0101
71543	259	44487	1939.0101	1948.0101
77580	259	43730	1939.0101	1948.0101
57312	259	57034	1939.0101	1948.0101
60042	259	48173	1939.0101	1948.0101
59064	259	47072	1939.0101	1948.0101
76903	265	46458	1939.0101	1948.0101
73872	272	83783	1939.0101	1948.0101
47593	259	48518	1939.0101	1948.0101
52223	259	59434	1939.0101	1948.0101
73420	259	52764	1939.0101	1948.0101
44589	259	43989	1939.0101	1949.0101
54412	259	49913	1939.0101	1949.0101
55051	263	52134	1939.0101	1949.0101
47396	259	50007	1939.0101	1949.0101
56458	259	44307	1939.0101	1949.0101
68902	263	49283	1939.0101	1949.0101
84002	259	44899	1939.0101	1949.0101
51462	259	46680	1939.0101	1950.0101
82925	259	82980	1939.0101	1950.0101
56639	265	44364	1939.0101	1950.0101
82925	259	44890	1939.0101	1950.0101
49491	259	43670	1939.0101	1951.0101
50001	259	55211	1939.0101	1951.0101
64041	273	64042	1939.0101	1952.0101
45596	273	44152	1939.0101	1952.0101
76079	259	48518	1939.0101	1954.0101
68022	259	45611	1939.0101	1954.0101
52840	263	46631	1939.0101	1955.0101
60192	272	77947	1939.0101	1958.0101
71094	259	44333	1939.0101	1959.0101
52023	259	52024	1939.0101	1960.0101
66518	263	57191	1939.0101	1961.0101
85203	272	68283	1939.0101	1962.0101
68283	272	85203	1939.0101	1962.0101
62930	263	47661	1939.0101	1963.0101
72519	273	43596	1939.0101	1968.0318
70820	272	81719	1939.0101	1970.0101
82526	263	46631	1939.0101	1974.0101
68547	259	44628	1939.0101	1975.0101
51106	259	44628	1939.0101	1981.0101
44521	272	63050	1939.0101	1982.0707
63050	272	44521	1939.0101	1982.0707
65254	263	48144	1939.0101	2004.0101
48588	273	43596	1939.0102	1954.1128
51936	262	54652	1939.011	2020.0717
85637	259	46956	1939.0121	1939.0121
52497	259	47885	1939.0121	1939.0211
65075	259	46956	1939.0121	1939.0311
47422	273	47423	1939.0128	1939.0222
61004	261	43682	1939.0131	1939.0131
51370	261	44451	1939.0201	1939.0201
44904	261	44001	1939.0201	1939.0201
61578	261	43682	1939.0201	1939.0201
44149	261	43682	1939.0201	1939.0201
53999	261	43682	1939.0201	1939.0201
76191	259	53614	1939.0201	1964.1106
57251	259	46956	1939.0204	1948.0313
52179	261	44451	1939.0207	1939.0207
55004	261	44001	1939.0207	1939.0207
70321	261	44001	1939.0207	1939.0207
71358	261	44975	1939.0222	1939.0222
71358	261	44451	1939.0222	1939.0222
45462	261	44451	1939.0222	1939.0222
47977	261	44451	1939.0222	1939.0222
62727	263	53683	1939.0301	1940.0601
44450	261	44451	1939.0307	1939.0307
52605	261	44001	1939.0311	1939.0311
51370	261	45041	1939.0311	1939.0311
80927	265	45444	1939.0315	1939.0929
71266	262	71267	1939.0315	1945.0513
55004	259	46022	1939.0322	1964.1014
68173	263	48144	1939.0323	1941.1124
58783	261	43682	1939.0326	1939.0326
60802	261	44001	1939.0404	1939.0404
70405	261	54472	1939.0405	1939.0405
61959	261	46341	1939.0426	1939.0426
63524	273	84169	1939.0501	1955.0101
56203	261	44424	1939.0527	1939.0527
50258	261	55483	1939.0601	1939.0601
55482	261	55483	1939.0606	1939.0606
58659	261	55483	1939.0606	1939.0606
56508	261	55483	1939.0606	1939.0606
68638	261	55483	1939.0606	1939.0606
83007	261	55483	1939.0606	1939.0606
66362	261	55483	1939.0606	1939.0606
68835	261	55483	1939.0606	1939.0606
45341	261	55483	1939.0606	1939.0606
54471	261	55483	1939.0606	1939.0606
61267	273	44264	1939.0701	1939.0701
76150	272	77504	1939.0701	1948.0101
77504	272	76150	1939.0701	1948.0101
77947	272	60192	1939.0728	1958.0927
67288	259	55298	1939.0803	1946.0101
63694	261	57883	1939.081	1939.081
45462	261	57883	1939.081	1939.081
49481	261	57883	1939.081	1939.081
72170	272	60939	1939.0821	1945.0101
60939	272	72170	1939.0821	1945.0101
44277	261	44975	1939.0829	1939.0829
49481	261	44867	1939.0829	1939.0829
45029	263	46348	1939.0901	1941.0501
66362	261	50259	1939.1001	1939.1001
66362	282	80645	1939.1016	1939.1105
45443	261	49488	1939.1025	1939.1025
44398	262	46834	1939.1028	1940.0802
52356	261	44975	1939.1104	1939.1104
61569	261	43682	1939.1104	1939.1104
47795	261	44001	1939.1104	1939.1104
45462	261	44975	1939.1104	1939.1104
80344	261	43682	1939.1104	1939.1104
78481	261	44001	1939.1104	1939.1104
54471	261	49488	1939.1105	1939.1105
78757	261	49488	1939.1112	1939.1112
56474	261	49488	1939.1112	1939.1112
64099	282	56804	1939.1115	1939.1215
51345	272	51346	1939.1119	1944.0101
51346	272	51345	1939.1119	1944.0101
81518	261	49488	1939.1127	1939.1127
74868	272	65739	1939.1128	1976.0909
50258	261	50259	1939.1201	1939.1201
68545	259	49446	1939.1201	1941.0101
45341	261	49488	1939.1206	1939.1206
74203	261	49488	1939.1216	1939.1216
68638	261	49488	1939.1219	1939.1219
44469	261	50259	1939.122	1939.122
53903	261	50259	1939.122	1939.122
68835	261	50259	1939.122	1939.122
56508	261	50259	1939.122	1939.122
79320	261	50259	1939.122	1939.122
80189	261	50259	1939.122	1939.122
68331	261	50259	1939.122	1939.122
81518	261	50259	1939.122	1939.122
63305	261	50259	1939.122	1939.122
64308	261	50259	1939.122	1939.122
66362	261	49488	1939.1223	1939.1223
48221	259	46680	1940.0101	1940.0101
48860	265	48861	1940.0101	1940.0101
50457	265	44045	1940.0101	1940.0101
55295	265	55296	1940.0101	1940.0101
54153	261	58237	1940.0101	1940.0101
60995	265	44498	1940.0101	1940.0101
62913	259	46680	1940.0101	1940.0101
60264	273	56906	1940.0101	1940.0101
44422	261	44451	1940.0101	1940.0101
56612	265	46263	1940.0101	1940.0101
66625	265	44320	1940.0101	1940.0101
43933	261	44867	1940.0101	1940.0101
70030	273	49631	1940.0101	1940.0101
70321	265	69688	1940.0101	1940.0101
66136	261	71385	1940.0101	1940.0101
58135	261	44001	1940.0101	1940.0101
51305	265	44156	1940.0101	1940.0101
51193	265	46150	1940.0101	1940.0101
65979	277	50254	1940.0101	1940.0101
48651	261	68642	1940.0101	1940.0101
61214	261	73525	1940.0101	1940.0101
54414	261	43682	1940.0101	1940.0101
44450	261	43950	1940.0101	1940.0101
48766	260	46834	1940.0101	1940.0101
49191	259	50398	1940.0101	1940.0101
70317	265	44364	1940.0101	1940.0101
53939	259	45733	1940.0101	1940.0101
46742	259	48947	1940.0101	1940.0101
76423	261	43905	1940.0101	1940.0101
76605	261	48443	1940.0101	1940.0101
50212	265	45818	1940.0101	1940.0101
74735	261	49403	1940.0101	1940.0101
78738	259	45745	1940.0101	1940.0101
74565	259	47602	1940.0101	1940.0101
76534	261	44451	1940.0101	1940.0101
68653	265	68146	1940.0101	1940.0101
61250	259	46680	1940.0101	1940.0101
45154	261	52988	1940.0101	1940.0101
75872	261	44451	1940.0101	1940.0101
80936	259	46743	1940.0101	1940.0101
48395	261	48962	1940.0101	1940.0101
63761	263	46368	1940.0101	1940.0101
77653	261	61384	1940.0101	1940.0101
59027	261	43682	1940.0101	1940.0101
46742	259	44128	1940.0101	1940.0101
82066	263	54823	1940.0101	1940.0101
56608	265	74596	1940.0101	1940.0101
81549	261	56529	1940.0101	1940.0101
76453	259	45525	1940.0101	1940.0101
67987	261	51009	1940.0101	1940.0101
60902	265	57690	1940.0101	1940.0101
65979	277	47121	1940.0101	1940.0101
48766	260	80916	1940.0101	1940.0101
48860	265	79089	1940.0101	1940.0101
80235	259	43849	1940.0101	1940.0101
84413	259	47974	1940.0101	1940.0101
68768	259	46273	1940.0101	1940.0101
67338	265	44478	1940.0101	1940.0101
43673	265	45416	1940.0101	1940.0101
72266	265	46285	1940.0101	1940.0101
71704	265	51039	1940.0101	1940.0101
65979	277	55490	1940.0101	1940.0101
61517	259	44009	1940.0101	1940.0101
76732	264	45968	1940.0101	1940.0101
66321	273	47760	1940.0101	1940.0101
57777	265	44167	1940.0101	1940.0101
85195	265	44078	1940.0101	1940.0101
62437	294	83134	1940.0101	1940.0101
80392	265	73571	1940.0101	1940.0101
69949	263	54823	1940.0101	1940.0101
64413	273	49173	1940.0101	1940.0101
67589	259	44128	1940.0101	1940.0101
48022	261	63937	1940.0101	1940.0101
74662	261	50132	1940.0101	1940.0101
62104	265	48820	1940.0101	1940.0101
64076	261	44001	1940.0101	1940.0101
66123	265	43916	1940.0101	1940.0101
59323	261	44001	1940.0101	1940.0101
67503	273	45285	1940.0101	1940.0101
46856	263	78371	1940.0101	1940.0101
76598	273	44613	1940.0101	1940.0101
52272	261	44867	1940.0101	1940.0101
63532	272	85545	1940.0101	1940.0101
76352	273	57932	1940.0101	1940.0101
82066	263	48144	1940.0101	1940.0101
70476	261	59425	1940.0101	1940.0101
63002	261	44424	1940.0101	1940.0101
69294	273	46620	1940.0101	1940.0101
70534	294	66048	1940.0101	1940.0101
49983	273	45058	1940.0101	1940.0101
50368	294	53312	1940.0101	1940.0101
85545	272	63532	1940.0101	1940.0101
47353	265	47128	1940.0101	1940.0101
70013	261	49488	1940.0101	1940.0101
57264	273	70165	1940.0101	1940.0101
64420	273	63602	1940.0101	1940.0101
71141	259	46779	1940.0101	1940.0101
73759	259	52764	1940.0101	1940.0101
49158	259	49159	1940.0101	1941.0101
52118	259	52119	1940.0101	1941.0101
54932	259	45119	1940.0101	1941.0101
51098	259	48497	1940.0101	1941.0101
50489	259	45838	1940.0101	1941.0101
59727	259	56576	1940.0101	1941.0101
61342	259	43827	1940.0101	1941.0101
56093	259	50933	1940.0101	1941.0101
64944	265	44947	1940.0101	1941.0101
48163	259	50876	1940.0101	1941.0101
52037	259	44697	1940.0101	1941.0101
59587	259	47347	1940.0101	1941.0101
58038	259	50927	1940.0101	1941.0101
64324	263	47825	1940.0101	1941.0101
49300	259	56576	1940.0101	1941.0101
75433	259	44919	1940.0101	1941.0101
73759	259	44043	1940.0101	1941.0101
51853	259	49204	1940.0101	1941.0101
63919	259	47690	1940.0101	1941.0101
50926	259	45481	1940.0101	1941.0101
68768	259	51866	1940.0101	1941.0101
56344	259	57005	1940.0101	1941.0101
74181	259	66115	1940.0101	1941.0101
51583	259	61081	1940.0101	1941.0101
54772	259	44446	1940.0101	1941.0101
57520	259	44446	1940.0101	1941.0101
71276	259	43827	1940.0101	1941.0101
68921	259	44680	1940.0101	1941.0101
62623	259	48135	1940.0101	1941.0101
54412	259	52560	1940.0101	1941.0101
74309	259	45611	1940.0101	1941.0101
73789	259	62039	1940.0101	1941.0101
51369	259	50398	1940.0101	1941.0101
81816	259	56576	1940.0101	1941.0101
65799	263	68126	1940.0101	1941.0101
64750	259	45611	1940.0101	1941.0101
66273	259	74486	1940.0101	1941.0101
56575	259	75528	1940.0101	1941.0101
65560	259	48135	1940.0101	1941.0101
70988	259	49293	1940.0101	1941.0101
51803	259	46010	1940.0101	1941.0101
49328	259	44307	1940.0101	1941.0101
66845	259	43827	1940.0101	1941.0101
61213	259	46460	1940.0101	1941.0101
65484	265	76230	1940.0101	1941.0101
58304	259	68470	1940.0101	1941.0101
60555	259	52482	1940.0101	1941.0101
54964	263	44320	1940.0101	1941.0101
49806	259	45389	1940.0101	1941.0101
68921	259	52557	1940.0101	1941.0101
43848	259	46001	1940.0101	1942.0101
67357	259	48135	1940.0101	1942.0101
69036	259	69037	1940.0101	1942.0101
46006	265	58584	1940.0101	1942.0101
56357	259	52950	1940.0101	1942.0101
76713	259	46460	1940.0101	1942.0101
63149	272	61996	1940.0101	1942.0101
74967	259	54306	1940.0101	1942.0101
58055	259	49159	1940.0101	1942.0101
82107	259	53614	1940.0101	1942.0101
61122	259	48499	1940.0101	1942.0101
81515	259	45311	1940.0101	1942.0101
48221	259	49159	1940.0101	1942.0101
77801	259	57659	1940.0101	1942.0101
65938	259	49477	1940.0101	1942.0101
78504	259	47514	1940.0101	1942.0101
64724	259	49477	1940.0101	1942.0101
73154	265	47147	1940.0101	1942.0101
79712	259	48337	1940.0101	1942.0101
50396	259	44578	1940.0101	1942.0101
62368	259	45838	1940.0101	1942.0101
67357	259	56928	1940.0101	1942.0101
57761	259	47514	1940.0101	1942.0101
62561	259	52260	1940.0101	1943.0101
66261	259	74902	1940.0101	1943.0101
56206	272	56427	1940.0101	1943.0101
65757	259	67344	1940.0101	1943.0101
47140	259	56576	1940.0101	1943.0101
78305	272	58701	1940.0101	1943.0101
70471	259	44307	1940.0101	1943.0101
58701	272	78305	1940.0101	1943.0101
56427	272	56206	1940.0101	1943.0101
82115	272	73624	1940.0101	1943.0101
43797	259	53688	1940.0101	1943.0101
49708	259	45813	1940.0101	1943.0101
48587	259	74825	1940.0101	1943.0101
70809	259	45838	1940.0101	1943.0101
53435	265	44616	1940.0101	1944.0101
60231	259	44406	1940.0101	1944.0101
67619	259	46186	1940.0101	1944.0101
52863	263	82779	1940.0101	1944.0101
77916	265	44616	1940.0101	1944.0101
62397	259	59314	1940.0101	1944.0101
70093	259	49932	1940.0101	1944.0101
50811	273	43596	1940.0101	1944.0101
82225	259	46091	1940.0101	1944.0101
74176	259	56094	1940.0101	1944.0101
44695	265	45364	1940.0101	1944.0101
57305	265	52134	1940.0101	1944.0201
67965	263	44045	1940.0101	1945.0101
44651	259	44132	1940.0101	1945.0101
50084	259	50007	1940.0101	1945.0101
75617	265	58295	1940.0101	1945.0101
50856	259	44662	1940.0101	1945.0101
56132	263	58167	1940.0101	1945.0101
60189	263	85653	1940.0101	1945.0101
64803	262	57106	1940.0101	1945.0301
61971	259	44090	1940.0101	1946.0101
49148	263	58167	1940.0101	1946.0101
48238	259	51050	1940.0101	1946.0101
56391	263	57427	1940.0101	1946.0101
69813	259	57268	1940.0101	1946.0101
49838	265	54395	1940.0101	1946.0101
82428	259	48518	1940.0101	1946.0101
66842	265	44167	1940.0101	1946.0101
70317	265	57427	1940.0101	1946.0101
67258	259	43989	1940.0101	1946.0101
65924	259	54641	1940.0101	1946.0101
52039	263	48981	1940.0101	1947.0101
71644	263	58238	1940.0101	1947.0101
76994	259	45389	1940.0101	1947.0101
81297	259	47893	1940.0101	1947.0101
54182	259	48499	1940.0101	1948.0101
78516	259	45164	1940.0101	1948.0101
46539	259	44697	1940.0101	1948.0101
74124	259	53183	1940.0101	1948.0101
73350	259	43989	1940.0101	1949.0101
77890	272	60897	1940.0101	1949.0922
54984	272	54985	1940.0101	1950.0101
58068	263	68619	1940.0101	1950.0101
82066	273	44170	1940.0101	1950.0101
56861	273	44152	1940.0101	1950.0101
85464	263	81591	1940.0101	1950.0101
77066	259	46971	1940.0101	1950.0101
60880	263	47661	1940.0101	1950.0101
59113	263	47143	1940.0101	1950.0101
63785	263	50632	1940.0101	1951.0101
59940	263	54823	1940.0101	1952.0101
67426	264	61642	1940.0101	1952.0101
45551	272	60864	1940.0101	1952.0101
60864	272	45551	1940.0101	1952.0101
62379	259	52539	1940.0101	1954.0101
63685	296	51715	1940.0101	1954.0101
72123	296	51715	1940.0101	1954.0101
65240	259	54852	1940.0101	1955.0101
81111	259	44802	1940.0101	1957.0101
57439	272	45264	1940.0101	1960.0101
70044	259	43877	1940.0101	1962.0101
66686	273	47341	1940.0101	1963.0101
57778	259	55112	1940.0101	1964.0101
51716	259	64627	1940.0101	1966.0101
58135	259	85528	1940.0101	1966.0101
46041	263	50737	1940.0101	1967.0101
59707	272	50911	1940.0101	1973.0101
50911	272	59707	1940.0101	1973.0222
45588	263	45589	1940.0101	1975.0101
63427	259	83700	1940.0101	1977.0101
67778	263	55704	1940.0101	1977.0502
45917	272	71552	1940.0101	1979.0101
71552	272	45917	1940.0101	1979.0101
64307	272	66454	1940.0101	1984.0101
66454	272	64307	1940.0101	1984.0101
64158	263	48234	1940.0101	1984.0101
44698	272	65247	1940.0101	1987.0101
83532	262	73494	1940.0101	1990.0101
46234	266	74826	1940.0101	1991.0101
56390	262	46677	1940.0101	1991.0101
46234	266	46677	1940.0101	1991.0101
46234	266	65562	1940.0101	1991.0101
46234	266	52608	1940.0101	1991.0101
55788	272	65382	1940.0101	1992.0101
65382	272	55788	1940.0101	1992.0101
56571	272	83409	1940.0101	1993.0101
83409	272	56571	1940.0101	1993.0101
47830	272	80786	1940.0101	1994.0101
68138	264	43596	1940.0101	1994.0101
80786	272	47830	1940.0101	1994.0101
65247	272	44698	1940.0103	1987.0303
45368	259	43704	1940.0111	1944.0412
45462	261	44867	1940.0119	1940.0119
74414	272	65265	1940.0126	1949.0101
65265	272	74414	1940.0126	1949.0101
76529	261	49488	1940.0226	1940.0226
55766	261	44451	1940.0316	1940.0316
52681	272	64526	1940.0317	1973.0911
64526	272	52681	1940.0317	1973.0911
52469	261	59717	1940.032	1940.032
49249	261	44451	1940.0321	1940.0321
60802	261	44867	1940.0321	1940.0321
49249	261	44975	1940.0321	1940.0321
63694	261	44975	1940.0321	1940.0321
60923	261	44975	1940.0321	1940.0321
46012	263	61068	1940.0401	1945.0301
64802	261	54472	1940.0403	1940.0403
60446	261	44451	1940.0407	1940.0407
53516	261	44867	1940.0407	1940.0407
53132	263	48144	1940.0411	1941.0613
66362	282	49991	1940.0414	1941.061
70013	282	59135	1940.0501	1940.0518
47335	282	59135	1940.0501	1940.0604
68331	261	49488	1940.0504	1940.0504
52469	261	85557	1940.0516	1940.0516
45990	261	44424	1940.0519	1940.0519
82776	261	44451	1940.052	1940.052
63047	261	43682	1940.0523	1940.0523
68116	261	43682	1940.0523	1940.0523
44904	261	44451	1940.0523	1940.0523
48613	261	54061	1940.053	1940.053
52605	261	45041	1940.0601	1940.0601
52605	261	43682	1940.0601	1940.0601
50688	273	47578	1940.0601	1943.0801
59134	261	55483	1940.0605	1940.0605
54471	282	59135	1940.0605	1940.063
47355	261	57220	1940.0606	1940.0606
61996	272	63149	1940.0618	1942.0101
60832	272	52688	1940.0619	1944.0511
52688	272	60832	1940.0619	1944.0511
52416	265	50343	1940.0623	1940.0623
69987	261	59717	1940.0706	1940.0706
70405	261	49488	1940.0718	1940.0718
44398	262	52608	1940.0721	1941.0321
44724	268	53211	1940.0721	1945.0405
68835	282	59135	1940.0729	1940.0826
77559	282	56804	1940.0801	1940.0922
50258	282	56804	1940.0801	1940.1101
65562	262	46234	1940.0808	1991.0906
45264	272	57439	1940.083	1960.0101
58974	282	56804	1940.0901	1940.1001
47336	262	48086	1940.0901	1945.0508
77559	282	49991	1940.0923	1940.1009
45815	261	49488	1940.0924	1940.0924
44469	282	56804	1940.093	1941.0108
57063	264	43596	1940.1001	1955.0418
67696	261	44451	1940.1028	1940.1028
56803	282	56804	1940.111	1941.011
64802	261	83804	1940.1114	1940.1114
52863	261	43682	1940.1123	1940.1123
72245	272	48914	1940.1123	1949.0101
48914	272	72245	1940.1123	1949.0101
53903	282	56804	1940.1125	1941.0213
45654	261	44451	1940.1217	1940.1217
49140	261	44451	1940.1231	1940.1231
44075	265	44076	1941.0101	1941.0101
46041	261	43950	1941.0101	1941.0101
47513	259	47514	1941.0101	1941.0101
45998	261	44451	1941.0101	1941.0101
56453	259	56454	1941.0101	1941.0101
53358	265	47614	1941.0101	1941.0101
58223	265	44939	1941.0101	1941.0101
60359	265	60360	1941.0101	1941.0101
66339	272	66340	1941.0101	1941.0101
46574	259	44628	1941.0101	1941.0101
61492	261	53544	1941.0101	1941.0101
59005	261	43950	1941.0101	1941.0101
74462	263	50754	1941.0101	1941.0101
70317	273	43743	1941.0101	1941.0101
46919	265	75611	1941.0101	1941.0101
51582	261	45300	1941.0101	1941.0101
76144	261	43950	1941.0101	1941.0101
60234	263	44045	1941.0101	1941.0101
66982	261	50216	1941.0101	1941.0101
74124	259	47440	1941.0101	1941.0101
66340	272	66339	1941.0101	1941.0101
54739	261	54631	1941.0101	1941.0101
46856	263	54395	1941.0101	1941.0101
67795	261	43950	1941.0101	1941.0101
69042	265	47665	1941.0101	1941.0101
59043	261	44867	1941.0101	1941.0101
69762	265	46150	1941.0101	1941.0101
46402	261	61915	1941.0101	1941.0101
47835	265	50311	1941.0101	1941.0101
44077	261	43950	1941.0101	1941.0101
56453	259	46869	1941.0101	1941.0101
73828	265	44309	1941.0101	1941.0101
46067	259	48497	1941.0101	1941.0101
60305	265	46137	1941.0101	1941.0101
44904	261	43950	1941.0101	1941.0101
76287	265	45019	1941.0101	1941.0101
48766	260	48970	1941.0101	1941.0101
44240	265	57117	1941.0101	1941.0101
76976	265	83239	1941.0101	1941.0101
74735	261	63937	1941.0101	1941.0101
49119	261	43950	1941.0101	1941.0101
60417	259	60186	1941.0101	1941.0101
50383	272	63586	1941.0101	1941.0101
57077	261	62197	1941.0101	1941.0101
71919	265	44738	1941.0101	1941.0101
49033	265	46029	1941.0101	1941.0101
75085	261	84944	1941.0101	1941.0101
67156	259	46971	1941.0101	1941.0101
59621	265	44478	1941.0101	1941.0101
53589	265	73571	1941.0101	1941.0101
52272	261	44451	1941.0101	1941.0101
80936	259	49293	1941.0101	1941.0101
60719	261	71477	1941.0101	1941.0101
78442	259	48947	1941.0101	1941.0101
51378	265	51889	1941.0101	1941.0101
61938	261	85421	1941.0101	1941.0101
82326	273	44561	1941.0101	1941.0101
79416	265	61249	1941.0101	1941.0101
46136	261	44867	1941.0101	1941.0101
52356	261	44424	1941.0101	1941.0101
82207	261	45945	1941.0101	1941.0101
80936	259	49352	1941.0101	1941.0101
52162	265	47665	1941.0101	1941.0101
62669	273	43743	1941.0101	1941.0101
77367	259	49900	1941.0101	1941.0101
78722	259	47602	1941.0101	1941.0101
80093	265	56188	1941.0101	1941.0101
54414	261	43950	1941.0101	1941.0101
75519	261	43950	1941.0101	1941.0101
46972	261	85834	1941.0101	1941.0101
59279	261	43950	1941.0101	1941.0101
52331	261	43950	1941.0101	1941.0101
52605	261	85834	1941.0101	1941.0101
52317	261	85834	1941.0101	1941.0101
47479	261	85834	1941.0101	1941.0101
59027	261	43950	1941.0101	1941.0101
51803	259	49355	1941.0101	1942.0101
44835	259	54201	1941.0101	1942.0101
56344	259	54223	1941.0101	1942.0101
64750	259	55457	1941.0101	1942.0101
56093	259	55457	1941.0101	1942.0101
49570	273	53600	1941.0101	1942.0101
52823	259	44578	1941.0101	1942.0101
68768	259	64202	1941.0101	1942.0101
49300	259	48497	1941.0101	1942.0101
71276	259	49496	1941.0101	1942.0101
63522	259	70803	1941.0101	1942.0101
74124	259	44697	1941.0101	1942.0101
72927	259	49893	1941.0101	1942.0101
74890	259	49293	1941.0101	1942.0101
52118	259	52346	1941.0101	1942.0101
60379	259	43796	1941.0101	1942.0101
76091	259	49352	1941.0101	1942.0101
46041	263	55267	1941.0101	1942.0101
69810	259	46999	1941.0101	1942.0101
76634	259	57263	1941.0101	1942.0101
58162	259	52950	1941.0101	1942.0101
54772	259	44354	1941.0101	1942.0101
59587	259	49329	1941.0101	1942.0101
78793	259	63130	1941.0101	1942.0101
51098	259	53965	1941.0101	1942.0101
51583	259	52631	1941.0101	1942.0101
50325	265	45574	1941.0101	1942.0101
82508	259	66802	1941.0101	1942.0101
76261	259	44402	1941.0101	1942.0101
65023	259	48135	1941.0101	1942.0101
66273	259	81287	1941.0101	1942.0101
54824	263	50754	1941.0101	1942.0101
49762	259	59426	1941.0101	1942.0101
63223	259	52950	1941.0101	1942.0101
56575	259	75443	1941.0101	1942.0101
78810	259	57263	1941.0101	1942.0101
68383	259	49477	1941.0101	1942.0101
55364	259	73118	1941.0101	1942.0101
84045	259	70613	1941.0101	1942.0101
49262	259	47514	1941.0101	1942.0101
52898	259	44446	1941.0101	1942.0101
51253	259	46460	1941.0101	1942.0101
78249	259	54337	1941.0101	1942.0101
51369	259	49477	1941.0101	1942.0101
67137	259	49477	1941.0101	1942.0101
61250	259	49477	1941.0101	1942.0101
63636	259	47887	1941.0101	1942.0101
62923	259	52641	1941.0101	1942.0101
69751	259	46059	1941.0101	1942.0101
73002	259	57005	1941.0101	1942.0101
53058	259	61343	1941.0101	1942.0101
71124	259	44307	1941.0101	1942.0101
55364	259	43796	1941.0101	1942.0101
66201	259	46460	1941.0101	1942.0101
70135	259	46460	1941.0101	1942.0101
49806	259	53002	1941.0101	1942.0101
46835	259	45838	1941.0101	1942.0101
57520	259	49329	1941.0101	1942.0101
59080	259	52041	1941.0101	1942.0101
75465	259	56576	1941.0101	1942.0101
49229	259	61251	1941.0101	1942.0101
55616	263	50754	1941.0101	1942.0401
49191	259	43827	1941.0101	1943.0101
58128	263	61346	1941.0101	1943.0101
45040	263	49378	1941.0101	1943.0101
77681	259	44307	1941.0101	1943.0101
48362	259	52631	1941.0101	1943.0101
43826	259	66713	1941.0101	1943.0101
46067	259	59426	1941.0101	1943.0101
58304	259	59757	1941.0101	1943.0101
49328	259	44446	1941.0101	1943.0101
80031	259	44449	1941.0101	1943.0101
74930	259	44406	1941.0101	1943.0101
59096	263	58650	1941.0101	1943.0101
74698	259	43796	1941.0101	1943.0101
45766	263	58650	1941.0101	1943.0101
60234	263	44320	1941.0101	1943.0101
74950	265	52359	1941.0101	1943.0101
61342	259	51364	1941.0101	1943.0101
71373	259	46001	1941.0101	1943.0101
58269	259	45820	1941.0101	1943.0101
48163	259	44564	1941.0101	1943.0101
76166	259	45481	1941.0101	1943.0101
59454	263	50737	1941.0101	1943.0101
45610	259	52950	1941.0101	1943.0101
52318	259	49204	1941.0101	1943.0101
70104	259	48499	1941.0101	1943.0101
74309	259	46277	1941.0101	1943.0101
82234	268	77504	1941.0101	1943.0101
60714	263	56251	1941.0101	1943.0101
68816	265	45364	1941.0101	1943.0101
68212	259	53515	1941.0101	1944.0101
49374	259	46779	1941.0101	1944.0101
79050	259	44307	1941.0101	1944.0101
58038	259	66846	1941.0101	1944.0101
78727	259	47893	1941.0101	1944.0101
50926	259	64240	1941.0101	1944.0101
58279	273	43751	1941.0101	1944.0101
62056	259	67344	1941.0101	1944.0101
54770	263	57071	1941.0101	1945.0101
52828	259	60845	1941.0101	1945.0101
53277	259	45947	1941.0101	1945.0101
72583	259	66957	1941.0101	1945.0101
61567	259	43670	1941.0101	1945.0101
75941	263	44080	1941.0101	1945.0101
59132	259	70803	1941.0101	1945.0101
49306	259	44446	1941.0101	1945.0101
44904	263	49378	1941.0101	1945.0101
74565	259	53002	1941.0101	1945.0101
43904	263	46381	1941.0101	1945.0101
67471	259	61353	1941.0101	1945.0101
57105	262	57106	1941.0101	1945.0201
50148	265	50149	1941.0101	1946.0101
61236	259	61237	1941.0101	1946.0101
47123	259	53515	1941.0101	1946.0101
62038	259	51783	1941.0101	1946.0101
54991	259	52260	1941.0101	1946.0101
80501	259	44578	1941.0101	1946.0101
45295	263	59584	1941.0101	1946.0101
80237	259	45389	1941.0101	1946.0101
46459	259	45016	1941.0101	1946.0101
49251	263	81071	1941.0101	1946.0101
69865	259	53515	1941.0101	1946.0101
52794	259	52260	1941.0101	1946.0101
64895	259	56928	1941.0101	1946.0101
55934	263	44045	1941.0101	1947.0101
57295	259	46273	1941.0101	1947.0101
55364	259	51364	1941.0101	1947.0101
58160	272	81968	1941.0101	1947.0101
82245	259	46971	1941.0101	1947.0101
57853	259	64363	1941.0101	1947.0101
53120	259	46779	1941.0101	1947.0101
81968	272	58160	1941.0101	1947.0101
53279	259	44307	1941.0101	1948.0101
59273	259	46869	1941.0101	1948.0101
53379	272	69152	1941.0101	1948.0101
69152	272	53379	1941.0101	1948.0101
81200	259	49934	1941.0101	1948.0101
49433	263	67005	1941.0101	1948.0101
54088	259	45796	1941.0101	1948.0101
53295	273	44283	1941.0101	1948.0101
83674	259	53324	1941.0101	1948.0101
75327	259	44307	1941.0101	1949.0101
76459	259	49477	1941.0101	1949.0101
79948	259	45755	1941.0101	1949.0101
60897	272	77890	1941.0101	1949.0101
57033	259	62370	1941.0101	1949.0101
51899	296	51715	1941.0101	1950.0101
74113	259	44446	1941.0101	1951.0101
61541	259	52950	1941.0101	1951.0101
68962	259	45733	1941.0101	1951.0101
70377	296	51715	1941.0101	1951.0101
47672	296	51715	1941.0101	1952.0101
60273	259	53002	1941.0101	1954.0101
74462	263	47143	1941.0101	1954.0101
56086	296	51715	1941.0101	1956.0101
61370	272	67551	1941.0101	1957.0401
69427	259	53002	1941.0101	1959.0101
79339	259	52926	1941.0101	1959.0101
70930	263	74900	1941.0101	1959.0101
54959	272	73293	1941.0101	1961.0101
73293	272	54959	1941.0101	1962.0101
60095	263	46285	1941.0101	1963.0101
45090	272	45091	1941.0101	1964.0101
45091	272	45090	1941.0101	1964.0101
60714	263	49283	1941.0101	1966.0101
45842	259	74836	1941.0101	1967.0101
48705	273	65666	1941.0101	1969.0101
71187	272	65947	1941.0101	1971.0101
51746	272	51747	1941.0101	1973.0101
51747	272	51746	1941.0101	1973.0101
59538	272	47379	1941.0101	1976.0101
80079	263	55169	1941.0101	1976.0101
47379	272	59538	1941.0101	1976.0101
50630	263	67942	1941.0101	1977.0101
52697	263	44080	1941.0101	1979.0101
49519	259	43877	1941.0101	1982.0101
54930	259	44628	1941.0101	1991.0101
48797	259	44628	1941.0101	1991.0101
79320	261	83804	1941.0103	1941.0103
76529	282	56804	1941.0105	1941.0217
71515	272	52530	1941.0116	2005.0101
52530	272	71515	1941.0116	2005.0423
45996	273	44491	1941.0201	1941.0201
65424	282	56804	1941.0202	1941.0215
61818	272	61819	1941.0211	1983.052
61819	272	61818	1941.0211	1983.052
53903	282	59135	1941.0214	1941.043
65424	282	47336	1941.0216	1941.033
56803	282	49991	1941.0218	1941.0325
58783	261	44001	1941.0221	1941.0221
57261	261	44451	1941.0222	1941.0222
58659	261	49488	1941.0304	1941.0304
74666	282	56804	1941.0314	1941.0329
74666	282	57105	1941.033	1941.0406
62727	263	50754	1941.0401	1940.0101
63089	261	54472	1941.0403	1941.0403
49487	261	54472	1941.0403	1941.0403
85302	261	49488	1941.0412	1941.0412
72347	261	49488	1941.0413	1941.0413
73113	272	74318	1941.0414	1961.0101
74318	272	73113	1941.0414	1961.0101
81656	272	60538	1941.0419	2004.0503
60538	272	81656	1941.0419	2004.0503
53174	272	53008	1941.042	1946.0101
53008	272	53174	1941.042	1946.0101
53903	282	60883	1941.0501	1941.0714
69650	261	52799	1941.0509	1941.0509
59562	261	52799	1941.0509	1941.0509
77559	261	49488	1941.0514	1941.0514
79298	300	85333	1941.0523	1941.0523
49991	262	54719	1941.0601	1944.0801
59135	262	48838	1941.0601	1944.0901
79320	282	56804	1941.063	1941.0818
79029	273	45503	1941.0701	1941.0701
50258	261	49488	1941.0707	1941.0707
65947	272	71187	1941.0712	1971.0101
53903	282	81739	1941.0715	1941.0912
46987	261	44975	1941.0722	1941.0722
60446	261	44867	1941.0725	1941.0725
63921	272	63922	1941.0727	1944.0101
63922	272	63921	1941.0727	1944.0101
76096	261	49488	1941.0802	1941.0802
49487	261	49488	1941.0905	1941.0905
55543	261	44451	1941.0916	1941.0916
67551	272	61370	1941.0922	1957.0403
74451	262	46865	1941.1001	1942.0101
81822	263	64574	1941.1001	1947.0502
52469	261	85787	1941.1007	1941.1007
52625	261	44451	1941.1022	1941.1022
65899	261	44867	1941.1022	1941.1022
59689	272	56894	1941.1022	2016.1027
52317	261	44451	1941.1031	1941.1031
64308	261	62670	1941.1102	1941.1102
46672	261	44867	1941.1105	1941.1105
62206	261	44867	1941.1105	1941.1105
60305	261	44867	1941.1105	1941.1105
43698	261	44867	1941.1105	1941.1105
64830	261	44424	1941.1105	1941.1105
48329	261	44867	1941.1106	1941.1106
45172	261	44867	1941.1106	1941.1106
65461	261	44867	1941.1106	1941.1106
54367	261	44451	1941.1109	1941.1109
75356	262	46200	1941.1201	1943.0801
81429	273	53178	1941.1202	1941.1202
78526	261	43590	1941.1202	1941.1202
46867	261	44424	1941.1206	1941.1206
46867	261	44867	1941.1206	1941.1206
45022	272	65537	1941.1206	1983.0925
69042	261	44424	1941.1214	1941.1214
60540	261	44424	1941.1219	1941.1219
62810	261	44867	1941.1223	1941.1223
75178	261	44867	1941.1224	1941.1224
56089	272	56303	1941.1224	1951.0625
59134	261	49488	1941.1226	1941.1226
53903	261	49488	1941.1229	1941.1229
59134	282	56804	1941.123	1942.0311
43848	259	43849	1942.0101	1942.0101
45332	261	45333	1942.0101	1942.0101
45764	265	45765	1942.0101	1942.0101
45409	265	46029	1942.0101	1942.0101
58230	265	50726	1942.0101	1942.0101
58483	265	44738	1942.0101	1942.0101
61158	265	57876	1942.0101	1942.0101
51899	261	55505	1942.0101	1942.0101
61718	265	58089	1942.0101	1942.0101
62189	259	54947	1942.0101	1942.0101
52469	261	63858	1942.0101	1942.0101
63611	259	44043	1942.0101	1942.0101
57511	265	52134	1942.0101	1942.0101
65765	261	52163	1942.0101	1942.0101
49279	261	69181	1942.0101	1942.0101
71112	265	71113	1942.0101	1942.0101
67991	265	44080	1942.0101	1942.0101
66729	261	47083	1942.0101	1942.0101
72174	261	45862	1942.0101	1942.0101
55398	261	50434	1942.0101	1942.0101
48771	261	71009	1942.0101	1942.0101
66829	261	72874	1942.0101	1942.0101
57798	261	46142	1942.0101	1942.0101
56343	265	44080	1942.0101	1942.0101
56304	261	45292	1942.0101	1942.0101
48588	261	44795	1942.0101	1942.0101
49699	265	45931	1942.0101	1942.0101
60901	261	46989	1942.0101	1942.0101
70574	261	44424	1942.0101	1942.0101
48766	260	45938	1942.0101	1942.0101
79612	261	54567	1942.0101	1942.0101
74735	261	46403	1942.0101	1942.0101
63507	265	47221	1942.0101	1942.0101
80407	261	52988	1942.0101	1942.0101
49609	265	68024	1942.0101	1942.0101
75899	261	46026	1942.0101	1942.0101
56469	261	43905	1942.0101	1942.0101
60762	261	54749	1942.0101	1942.0101
44556	261	59526	1942.0101	1942.0101
46131	265	44045	1942.0101	1942.0101
54197	261	55389	1942.0101	1942.0101
55128	261	68385	1942.0101	1942.0101
73770	263	44478	1942.0101	1942.0101
79350	272	45567	1942.0101	1942.0101
70950	265	57641	1942.0101	1942.0101
52272	259	44628	1942.0101	1942.0101
75872	261	43950	1942.0101	1942.0101
46690	261	44022	1942.0101	1942.0101
74278	261	57883	1942.0101	1942.0101
55402	261	44664	1942.0101	1942.0101
51159	265	47740	1942.0101	1942.0101
49358	265	44320	1942.0101	1942.0101
79380	265	59688	1942.0101	1942.0101
55934	265	58584	1942.0101	1942.0101
55746	265	44369	1942.0101	1942.0101
60719	261	48023	1942.0101	1942.0101
49096	261	58237	1942.0101	1942.0101
61545	265	44137	1942.0101	1942.0101
77207	265	49345	1942.0101	1942.0101
73106	259	46680	1942.0101	1942.0101
74890	259	43940	1942.0101	1942.0101
57545	261	45292	1942.0101	1942.0101
65446	272	85361	1942.0101	1942.0101
60820	259	44449	1942.0101	1942.0101
68768	259	55135	1942.0101	1942.0101
67377	265	48820	1942.0101	1942.0101
46507	261	44867	1942.0101	1942.0101
52666	261	44867	1942.0101	1942.0101
85261	265	57804	1942.0101	1942.0101
72543	259	44628	1942.0101	1942.0101
50999	261	45342	1942.0101	1942.0101
46972	261	53556	1942.0101	1942.0101
60674	265	44738	1942.0101	1942.0101
60982	261	44424	1942.0101	1942.0101
63151	265	44738	1942.0101	1942.0101
67260	265	45591	1942.0101	1942.0101
74595	265	85730	1942.0101	1942.0101
52469	261	85831	1942.0101	1942.0101
79638	261	85834	1942.0101	1942.0101
80344	261	85834	1942.0101	1942.0101
54550	261	85834	1942.0101	1942.0101
83034	265	46029	1942.0101	1942.0101
48169	261	85834	1942.0101	1942.0101
51098	259	45755	1942.0101	1943.0101
46782	259	58428	1942.0101	1943.0101
49229	259	59426	1942.0101	1943.0101
51253	259	45813	1942.0101	1943.0101
60160	259	48135	1942.0101	1943.0101
61213	259	59576	1942.0101	1943.0101
62598	259	48173	1942.0101	1943.0101
63522	259	49477	1942.0101	1943.0101
48221	259	45838	1942.0101	1943.0101
64724	259	47514	1942.0101	1943.0101
49262	259	67962	1942.0101	1943.0101
47154	272	53900	1942.0101	1943.0101
69036	259	46277	1942.0101	1943.0101
53900	272	47154	1942.0101	1943.0101
52898	259	46596	1942.0101	1943.0101
72610	259	57005	1942.0101	1943.0101
72927	259	74825	1942.0101	1943.0101
73002	259	43827	1942.0101	1943.0101
64949	259	46091	1942.0101	1943.0101
73632	259	49477	1942.0101	1943.0101
54772	259	45016	1942.0101	1943.0101
59023	259	49355	1942.0101	1943.0101
50489	259	49355	1942.0101	1943.0101
46041	263	51674	1942.0101	1943.0101
57321	259	46460	1942.0101	1943.0101
80566	259	52775	1942.0101	1943.0101
56453	259	50880	1942.0101	1943.0101
69566	259	45408	1942.0101	1943.0101
63223	259	55457	1942.0101	1943.0101
76480	259	59757	1942.0101	1943.0101
49300	259	59426	1942.0101	1943.0101
55047	263	46983	1942.0101	1943.0101
49229	259	45838	1942.0101	1943.0101
54603	263	68607	1942.0101	1943.0101
68921	259	52926	1942.0101	1943.0101
61250	259	44446	1942.0101	1943.0101
60379	259	52950	1942.0101	1943.0101
62923	259	43796	1942.0101	1943.0101
76009	259	49355	1942.0101	1943.0101
60056	259	52950	1942.0101	1943.0101
65849	259	73118	1942.0101	1943.0101
53058	259	53878	1942.0101	1943.0101
46168	259	51304	1942.0101	1943.0101
52823	259	44446	1942.0101	1943.0101
72612	259	47057	1942.0101	1943.0101
82925	259	43918	1942.0101	1943.0101
66201	259	45755	1942.0101	1943.0101
71950	273	43787	1942.0101	1943.0101
83444	259	45745	1942.0101	1943.0101
75215	259	72087	1942.0101	1943.0101
62368	259	49477	1942.0101	1943.0101
73117	259	48135	1942.0101	1943.0101
49158	259	44574	1942.0101	1943.0101
57520	259	57005	1942.0101	1943.0101
79909	265	49852	1942.0101	1943.0101
63474	259	61343	1942.0101	1943.0101
50396	259	50927	1942.0101	1943.0101
82140	259	57263	1942.0101	1943.0101
44835	259	44578	1942.0101	1943.0101
78722	259	53002	1942.0101	1943.0101
74164	265	47949	1942.0101	1943.0101
82925	259	62653	1942.0101	1943.0101
47513	259	47484	1942.0101	1943.0101
43951	259	49204	1942.0101	1943.0101
69566	259	47225	1942.0101	1943.0101
59132	259	45905	1942.0101	1943.0101
43795	259	44446	1942.0101	1943.0101
54486	259	48499	1942.0101	1943.0101
51803	259	46277	1942.0101	1943.0101
50445	259	47514	1942.0101	1943.0101
50155	259	75443	1942.0101	1943.0101
47689	259	47690	1942.0101	1944.0101
56994	259	48135	1942.0101	1944.0101
55746	263	58066	1942.0101	1944.0101
66212	272	65664	1942.0101	1944.0101
70430	259	46869	1942.0101	1944.0101
55973	259	50933	1942.0101	1944.0101
72415	259	53002	1942.0101	1944.0101
65664	272	66212	1942.0101	1944.0101
57761	259	49159	1942.0101	1944.0101
56369	259	70803	1942.0101	1944.0101
80695	259	59206	1942.0101	1944.0101
72612	259	75046	1942.0101	1944.0101
60719	259	43965	1942.0101	1944.0101
84181	265	75305	1942.0101	1944.0101
74890	259	57151	1942.0101	1944.0101
60526	259	46666	1942.0101	1944.0101
43848	259	51962	1942.0101	1944.0101
61460	265	85349	1942.0101	1944.0101
64324	263	63418	1942.0101	1944.0101
74037	259	47812	1942.0101	1944.0101
79712	259	43827	1942.0101	1944.0101
61122	259	43827	1942.0101	1944.0101
50325	265	81826	1942.0101	1944.0101
76561	259	45311	1942.0101	1944.0101
54412	259	77145	1942.0101	1944.0101
63312	259	47669	1942.0101	1945.0101
59937	259	59909	1942.0101	1945.0101
67468	259	44446	1942.0101	1945.0101
49570	273	43743	1942.0101	1945.0101
77258	259	56454	1942.0101	1945.0101
64977	265	57114	1942.0101	1945.0101
73420	259	49162	1942.0101	1945.0101
68921	259	46059	1942.0101	1945.0101
65938	259	45016	1942.0101	1945.0101
47074	272	68912	1942.0101	1945.0101
79881	265	75055	1942.0101	1945.0101
54786	259	54466	1942.0101	1945.0101
57027	265	58622	1942.0101	1946.0101
71906	263	50785	1942.0101	1946.0101
67357	259	58956	1942.0101	1946.0101
83225	272	50869	1942.0101	1946.0101
72249	259	70613	1942.0101	1946.0101
62908	272	58138	1942.0101	1946.0101
60450	263	50511	1942.0101	1946.0101
84350	259	64202	1942.0101	1946.0101
58138	272	62908	1942.0101	1946.0101
45883	259	43827	1942.0101	1946.0101
65595	263	58650	1942.0101	1946.0101
46206	263	58650	1942.0101	1946.0101
71124	259	49477	1942.0101	1946.0101
50869	272	83225	1942.0101	1946.0101
43967	259	46273	1942.0101	1947.0101
67627	259	46817	1942.0101	1947.0101
81596	259	53002	1942.0101	1947.0101
73151	259	45408	1942.0101	1947.0101
79497	259	52948	1942.0101	1947.0101
68911	272	46530	1942.0101	1947.0101
63969	263	80489	1942.0101	1947.0101
57724	272	54550	1942.0101	1947.0101
46835	259	43796	1942.0101	1948.0101
72410	259	56968	1942.0101	1948.0101
73881	259	46971	1942.0101	1948.0101
75327	259	46680	1942.0101	1948.0101
76713	259	49477	1942.0101	1948.0101
46163	259	51682	1942.0101	1948.0101
84023	272	64186	1942.0101	1948.0101
64186	272	84023	1942.0101	1948.0101
61912	259	56454	1942.0101	1949.0101
70643	259	46680	1942.0101	1949.0101
76261	259	53338	1942.0101	1949.0101
70643	259	44307	1942.0101	1949.0101
55578	265	50362	1942.0101	1949.0101
83900	259	49934	1942.0101	1949.0101
74967	259	46680	1942.0101	1949.0101
56357	259	49477	1942.0101	1949.0101
74967	259	44307	1942.0101	1949.0101
55604	259	46869	1942.0101	1949.0101
46006	265	52447	1942.0101	1949.0101
56947	259	58139	1942.0101	1949.0101
78283	259	46869	1942.0101	1950.0101
53434	259	51679	1942.0101	1950.0101
75160	296	51715	1942.0101	1950.0101
53806	272	46519	1942.0101	1951.0101
73981	259	45525	1942.0101	1951.0101
46519	272	53806	1942.0101	1951.0101
73591	259	43670	1942.0101	1952.0101
68223	272	45567	1942.0101	1953.0101
45567	272	68223	1942.0101	1953.0101
52438	296	51715	1942.0101	1953.0101
48588	263	44478	1942.0101	1954.0101
79668	259	44449	1942.0101	1954.0101
65962	259	58200	1942.0101	1954.0101
60658	259	51833	1942.0101	1955.0101
84346	259	60908	1942.0101	1955.0101
51064	272	79962	1942.0101	1955.0101
62649	259	52948	1942.0101	1956.0101
76430	296	51715	1942.0101	1957.0101
46355	272	52755	1942.0101	1958.0101
52755	272	46355	1942.0101	1958.0101
73710	259	46273	1942.0101	1959.0101
70124	259	56087	1942.0101	1960.0101
82751	259	83467	1942.0101	1960.0101
70124	296	51715	1942.0101	1960.0101
46528	259	43877	1942.0101	1961.0101
51719	259	43741	1942.0101	1964.0101
60118	273	44152	1942.0101	1968.0101
57777	263	44167	1942.0101	1974.0101
58964	263	56766	1942.0101	1983.0101
58416	272	47002	1942.0101	1985.0101
47002	272	58416	1942.0101	1985.0101
69006	272	61674	1942.0101	1986.0101
61674	272	69006	1942.0101	1986.0101
46038	259	44628	1942.0101	1991.0101
43875	272	68475	1942.0101	1994.0101
61579	272	67862	1942.0101	2004.0101
67862	272	61579	1942.0101	2004.0101
57261	261	44867	1942.0103	1942.0103
67795	261	44451	1942.0118	1942.0118
56187	261	44867	1942.012	1942.012
58783	261	44424	1942.012	1942.012
74451	262	52580	1942.0201	1945.0223
62206	261	44451	1942.021	1942.021
44469	261	49488	1942.021	1942.021
52625	261	44867	1942.022	1942.022
46854	261	50324	1942.0228	1942.0228
45990	261	44867	1942.0228	1942.0228
59134	282	59135	1942.0312	1942.0419
79535	272	62308	1942.0313	1964.0101
62308	272	79535	1942.0313	1964.0101
55543	261	64139	1942.0319	1942.0319
64802	282	47336	1942.0324	1942.0422
54961	261	59717	1942.0325	1942.0325
63478	261	44424	1942.0402	1942.0402
67588	261	44867	1942.0406	1942.0406
71123	261	43950	1942.041	1942.041
47335	261	49488	1942.0411	1942.0411
46672	261	44451	1942.0412	1942.0412
43694	261	44867	1942.0503	1942.0503
66628	261	44975	1942.0505	1942.0505
66628	261	44451	1942.0505	1942.0505
64388	261	44975	1942.0518	1942.0518
56937	261	49488	1942.0526	1942.0526
58575	272	79490	1942.0526	1957.0521
79490	272	58575	1942.0526	1957.0521
54471	282	64803	1942.0601	1944.0305
75519	261	44001	1942.0603	1942.0603
73937	261	44867	1942.0603	1942.0603
46008	261	44424	1942.0605	1942.0605
47355	261	44105	1942.0606	1942.0606
73937	261	44451	1942.0606	1942.0606
65461	261	44975	1942.0606	1942.0606
65461	261	44451	1942.0606	1942.0606
75178	261	44451	1942.0609	1942.0609
55543	261	44975	1942.0614	1942.0614
53360	261	44424	1942.0615	1942.0615
46038	261	50324	1942.0619	1942.0619
43698	261	44451	1942.062	1942.062
59043	261	44451	1942.062	1942.062
59043	261	44975	1942.062	1942.062
68578	261	44867	1942.0623	1942.0623
79320	261	49488	1942.0701	1942.0701
63684	272	45998	1942.0701	1959.0101
64802	261	49488	1942.0706	1942.0706
68912	272	47074	1942.0708	1945.083
64802	282	56804	1942.0716	1942.0831
46520	261	59717	1942.073	1942.073
66287	261	43682	1942.073	1942.073
64830	261	44867	1942.0731	1942.0731
74851	263	71520	1942.0801	1945.1214
70574	261	44451	1942.0812	1942.0812
70574	261	44975	1942.0812	1942.0812
65424	261	49488	1942.0823	1942.0823
79962	272	51064	1942.0823	1955.092
48253	261	44451	1942.0826	1942.0826
46867	261	44451	1942.083	1942.083
47335	282	47336	1942.0902	1942.1103
44617	261	44867	1942.0909	1942.0909
46530	272	68911	1942.0918	1947.0101
62659	261	44424	1942.0926	1942.0926
68475	272	43875	1942.0927	1994.0911
54606	261	44451	1942.1023	1942.1023
65818	261	44867	1942.1106	1942.1106
56187	261	44451	1942.1123	1942.1123
47964	261	44867	1942.1123	1942.1123
45657	261	44424	1942.121	1942.121
64010	261	44867	1942.1213	1942.1213
60305	261	44451	1942.1213	1942.1213
44300	261	52163	1942.1222	1942.1222
62659	261	44975	1942.1222	1942.1222
55543	261	44867	1942.1222	1942.1222
48657	261	52163	1942.1222	1942.1222
45123	261	52163	1942.1222	1942.1222
65899	261	52163	1942.1222	1942.1222
65899	261	52836	1942.1222	1942.1222
49276	261	52163	1942.1222	1942.1222
69896	261	52163	1942.1222	1942.1222
64388	261	44867	1942.1224	1942.1224
52625	261	44975	1942.1231	1942.1231
44423	261	44424	1943.0101	1943.0101
45341	261	45342	1943.0101	1943.0101
52471	261	45142	1943.0101	1943.0101
56458	259	47153	1943.0101	1943.0101
49276	261	57883	1943.0101	1943.0101
59621	265	44320	1943.0101	1943.0101
60326	265	44738	1943.0101	1943.0101
48481	261	44451	1943.0101	1943.0101
64339	259	45982	1943.0101	1943.0101
46854	261	57883	1943.0101	1943.0101
47941	273	43785	1943.0101	1943.0101
68768	259	53002	1943.0101	1943.0101
57649	265	45488	1943.0101	1943.0101
61242	261	44795	1943.0101	1943.0101
67696	261	43950	1943.0101	1943.0101
60982	261	44867	1943.0101	1943.0101
62525	265	58089	1943.0101	1943.0101
71094	259	76384	1943.0101	1943.0101
62845	265	52294	1943.0101	1943.0101
77207	265	44045	1943.0101	1943.0101
72123	261	54749	1943.0101	1943.0101
54603	265	53067	1943.0101	1943.0101
61282	261	52836	1943.0101	1943.0101
44876	265	44738	1943.0101	1943.0101
78010	265	68293	1943.0101	1943.0101
72836	265	43916	1943.0101	1943.0101
77577	259	45344	1943.0101	1943.0101
75178	261	71009	1943.0101	1943.0101
71790	261	44867	1943.0101	1943.0101
56187	261	52163	1943.0101	1943.0101
47581	261	46026	1943.0101	1943.0101
64480	259	65117	1943.0101	1943.0101
70771	261	43950	1943.0101	1943.0101
64832	265	58760	1943.0101	1943.0101
65460	261	43905	1943.0101	1943.0101
45361	265	48706	1943.0101	1943.0101
62412	261	43950	1943.0101	1943.0101
51759	261	46491	1943.0101	1943.0101
60978	261	48048	1943.0101	1943.0101
48417	261	43950	1943.0101	1943.0101
53361	261	43950	1943.0101	1943.0101
47900	265	44616	1943.0101	1943.0101
83725	261	84432	1943.0101	1943.0101
56577	265	45533	1943.0101	1943.0101
61324	261	44664	1943.0101	1943.0101
52032	261	44424	1943.0101	1943.0101
44423	261	44867	1943.0101	1943.0101
75068	261	48443	1943.0101	1943.0101
47052	261	54631	1943.0101	1943.0101
46472	261	47988	1943.0101	1943.0101
71903	265	44167	1943.0101	1943.0101
62295	265	55125	1943.0101	1943.0101
74081	300	53153	1943.0101	1943.0101
75494	265	82002	1943.0101	1943.0101
82209	261	44451	1943.0101	1943.0101
47910	259	48947	1943.0101	1943.0101
57679	265	46368	1943.0101	1943.0101
79638	261	44001	1943.0101	1943.0101
51274	265	85477	1943.0101	1943.0101
45906	261	44867	1943.0101	1943.0101
46867	261	52163	1943.0101	1943.0101
71358	261	52163	1943.0101	1943.0101
75178	261	52836	1943.0101	1943.0101
77590	265	44738	1943.0101	1943.0101
57235	265	46789	1943.0101	1943.0101
52438	261	55505	1943.0101	1943.0101
48613	261	48443	1943.0101	1943.0101
65460	261	48962	1943.0101	1943.0101
73242	261	48652	1943.0101	1943.0101
56127	261	85834	1943.0101	1943.0101
52029	261	85834	1943.0101	1943.0101
64076	261	43950	1943.0101	1943.0101
52766	265	69580	1943.0101	1943.0101
64019	265	46029	1943.0101	1943.0101
44533	261	85834	1943.0101	1943.0101
44692	261	85834	1943.0101	1943.0101
51315	261	43950	1943.0101	1943.0101
60617	265	76358	1943.0101	1943.0801
49328	259	49329	1943.0101	1944.0101
48362	259	53389	1943.0101	1944.0101
57520	259	52233	1943.0101	1944.0101
62283	259	44446	1943.0101	1944.0101
49158	259	44354	1943.0101	1944.0101
60379	259	72167	1943.0101	1944.0101
51876	259	72826	1943.0101	1944.0101
73632	259	46460	1943.0101	1944.0101
50470	259	53389	1943.0101	1944.0101
77096	259	53443	1943.0101	1944.0101
70988	259	44043	1943.0101	1944.0101
53058	259	46460	1943.0101	1944.0101
55983	259	47347	1943.0101	1944.0101
63474	259	44406	1943.0101	1944.0101
61250	259	59426	1943.0101	1944.0101
61639	259	51984	1943.0101	1944.0101
62923	259	44578	1943.0101	1944.0101
61342	259	53389	1943.0101	1944.0101
64724	259	57263	1943.0101	1944.0101
79256	259	44307	1943.0101	1944.0101
66261	259	79043	1943.0101	1944.0101
54412	259	46001	1943.0101	1944.0101
83444	259	45408	1943.0101	1944.0101
45610	259	57263	1943.0101	1944.0101
77927	259	44018	1943.0101	1944.0101
56093	259	52233	1943.0101	1944.0101
58304	259	66957	1943.0101	1944.0101
81628	259	53002	1943.0101	1944.0101
43951	259	52631	1943.0101	1944.0101
69938	259	44919	1943.0101	1944.0101
50445	259	59426	1943.0101	1944.0101
50489	259	59426	1943.0101	1944.0101
70988	259	49934	1943.0101	1944.0101
76091	259	44043	1943.0101	1944.0101
81816	259	45972	1943.0101	1944.0101
70471	259	52631	1943.0101	1944.0101
75943	259	45838	1943.0101	1944.0101
61034	259	47484	1943.0101	1944.0101
51253	259	52950	1943.0101	1944.0101
51985	259	83364	1943.0101	1944.0101
48587	259	72167	1943.0101	1944.0101
48349	259	44018	1943.0101	1944.0101
77039	259	47347	1943.0101	1944.0101
68981	259	44628	1943.0101	1944.051
53512	259	53513	1943.0101	1945.0101
65316	272	65317	1943.0101	1945.0101
58128	263	71493	1943.0101	1945.0101
76166	259	66957	1943.0101	1945.0101
73504	259	46869	1943.0101	1945.0101
71950	273	83476	1943.0101	1945.0101
45040	263	58525	1943.0101	1945.0101
75569	265	46425	1943.0101	1945.0101
72486	259	44578	1943.0101	1945.0101
67678	259	54306	1943.0101	1945.0101
68144	259	74486	1943.0101	1945.0101
58981	265	67957	1943.0101	1945.0101
48694	263	57821	1943.0101	1945.0101
74930	259	54306	1943.0101	1945.0101
54465	259	54466	1943.0101	1946.0101
62469	265	65285	1943.0101	1946.0101
52320	259	50880	1943.0101	1946.0101
71954	259	53002	1943.0101	1946.0101
70065	259	56476	1943.0101	1946.0101
62094	259	46779	1943.0101	1946.0101
74861	259	56297	1943.0101	1946.0101
50755	263	81071	1943.0101	1946.0101
82645	259	44018	1943.0101	1946.0101
51280	263	46231	1943.0101	1946.0101
84830	259	51962	1943.0101	1946.0101
72122	259	53002	1943.0101	1946.0101
76009	259	65850	1943.0101	1946.0101
54621	265	43607	1943.0101	1947.0101
49322	273	46811	1943.0101	1947.0101
53280	265	44078	1943.0101	1947.0101
80566	259	54641	1943.0101	1947.0101
52301	259	52557	1943.0101	1947.0101
79521	272	68834	1943.0101	1947.0101
62845	265	45574	1943.0101	1947.0101
68834	272	79521	1943.0101	1947.0101
52573	265	45519	1943.0101	1947.0101
71922	259	47893	1943.0101	1947.0101
54550	272	57724	1943.0101	1948.0101
71373	259	51962	1943.0101	1948.0101
66532	265	49283	1943.0101	1948.0101
76003	272	58000	1943.0101	1948.0101
74355	259	47893	1943.0101	1948.0101
57450	265	44616	1943.0101	1948.0101
80516	263	47222	1943.0101	1948.0101
63522	259	49329	1943.0101	1948.0101
58000	272	76003	1943.0101	1948.0101
64115	259	58277	1943.0101	1948.0101
49794	265	44616	1943.0101	1948.0101
43831	263	50737	1943.0101	1949.0101
73461	272	64100	1943.0101	1949.0101
69664	259	44307	1943.0101	1949.0101
44615	265	44616	1943.0101	1949.0101
50469	259	52948	1943.0101	1949.0101
45666	259	44043	1943.0101	1949.0101
64100	272	73461	1943.0101	1949.0101
67745	263	58525	1943.0101	1950.0101
79737	263	58238	1943.0101	1950.0101
46711	263	47614	1943.0101	1951.0101
45144	272	54883	1943.0101	1951.0101
54883	272	45144	1943.0101	1951.0101
55595	272	49033	1943.0101	1951.0101
49975	273	45410	1943.0101	1952.0101
48442	263	69712	1943.0101	1952.0101
65962	259	47986	1943.0101	1954.0101
77680	259	45001	1943.0101	1954.0101
69380	259	44628	1943.0101	1954.0101
64592	265	44190	1943.0101	1954.0101
44774	259	49861	1943.0101	1955.0101
73949	296	51715	1943.0101	1955.0101
65565	272	49764	1943.0101	1957.0101
78641	263	44080	1943.0101	1957.0101
70782	264	57699	1943.0101	1957.0101
60870	259	46450	1943.0101	1957.0101
49764	272	65565	1943.0101	1957.0101
78805	259	45982	1943.0101	1958.0101
69384	272	53192	1943.0101	1959.0101
53192	272	69384	1943.0101	1959.0101
45695	263	44156	1943.0101	1959.0101
85093	259	43730	1943.0101	1959.0101
70317	273	56388	1943.0101	1960.0101
71439	259	44680	1943.0101	1960.0101
59654	263	46485	1943.0101	1961.0101
62703	259	49861	1943.0101	1962.0101
55047	263	55048	1943.0101	1964.0101
50716	264	43596	1943.0101	1965.0101
63733	263	55048	1943.0101	1971.0101
44497	264	43596	1943.0101	1973.0101
60136	272	60137	1943.0101	1977.0101
45630	272	49975	1943.0101	1977.0101
60137	272	60136	1943.0101	1977.0101
59096	263	50546	1943.0101	1979.0101
76535	259	45733	1943.0101	1980.0101
58886	272	44352	1943.0101	1989.0101
44352	272	58886	1943.0101	1989.0101
49261	259	51833	1943.0101	1991.0101
59621	263	51227	1943.0101	1991.0101
65446	259	44628	1943.0101	1991.0101
57707	272	63551	1943.0101	1993.0101
57516	272	52884	1943.0101	1994.0101
52884	272	57516	1943.0101	1994.0101
82445	272	76613	1943.0101	1995.0101
76613	272	82445	1943.0101	1995.0101
66113	264	43596	1943.0101	2005.0101
66389	272	66390	1943.0101	2008.0101
66390	272	66389	1943.0101	2008.0101
77207	272	64082	1943.0101	2013.0101
64082	272	77207	1943.0101	2013.0121
50483	261	44001	1943.0115	1943.0115
46854	261	44424	1943.013	1943.013
45123	261	50324	1943.0131	1943.0131
51815	272	70534	1943.0203	1947.0101
70534	272	51815	1943.0203	1947.0101
68941	261	44975	1943.021	1943.021
68941	261	44451	1943.021	1943.021
64830	261	44451	1943.0214	1943.0214
47977	261	44867	1943.0214	1943.0214
63089	261	49488	1943.0219	1943.0219
50825	261	44451	1943.0222	1943.0222
45849	261	44867	1943.0307	1943.0307
72015	272	69212	1943.0307	1989.1018
69896	261	44867	1943.031	1943.031
48771	261	44424	1943.0316	1943.0316
63089	282	56804	1943.0316	1943.0416
60540	261	43802	1943.0324	1943.0324
56803	261	49488	1943.0324	1943.0324
48657	261	44451	1943.0325	1943.0325
64702	272	43658	1943.0325	1945.0101
43658	272	64702	1943.0325	1945.0101
80047	261	45292	1943.0401	1943.0401
44533	261	44424	1943.041	1943.041
62659	261	43802	1943.0415	1943.0415
63089	282	81739	1943.0417	1943.0429
44617	261	44975	1943.0421	1943.0421
44617	261	44451	1943.0421	1943.0421
47933	261	44867	1943.0422	1943.0422
43801	261	50324	1943.043	1943.043
63089	282	64803	1943.043	1943.0527
51848	261	44451	1943.0501	1943.0501
55137	261	44664	1943.0518	1943.0518
47933	261	44451	1943.0524	1943.0524
50978	261	44451	1943.0524	1943.0524
47933	261	44975	1943.0524	1943.0524
50978	261	44975	1943.0524	1943.0524
72438	261	44424	1943.053	1943.053
52477	261	44867	1943.0602	1943.0602
44300	261	44424	1943.0609	1943.0609
49975	272	45630	1943.0616	1977.1225
56046	261	44424	1943.0626	1943.0626
71790	261	52836	1943.0701	1943.0701
51153	261	52163	1943.0708	1943.0708
57607	261	44867	1943.071	1943.071
62206	261	43802	1943.0714	1943.0714
84148	272	51439	1943.0719	1958.0101
68130	261	50324	1943.0722	1943.0722
44194	261	44424	1943.0723	1943.0723
54579	261	44424	1943.0726	1943.0726
50417	261	44867	1943.0727	1943.0727
63694	261	43802	1943.0728	1943.0728
60816	261	44424	1943.0731	1943.0731
51153	261	44867	1943.0801	1943.0801
75356	262	57785	1943.0801	1944.0901
50688	273	55438	1943.0801	1946.0901
78075	261	44867	1943.0804	1943.0804
63047	261	45041	1943.0805	1943.0805
56090	261	44424	1943.0809	1943.0809
56427	261	60979	1943.0815	1943.0815
64163	261	44424	1943.0815	1943.0815
78950	261	44867	1943.0817	1943.0817
43801	261	44867	1943.082	1943.082
68578	261	44975	1943.0824	1943.0824
65818	261	44451	1943.0824	1943.0824
46867	261	44975	1943.0824	1943.0824
67588	261	44451	1943.0824	1943.0824
68578	261	44451	1943.0824	1943.0824
62206	261	44975	1943.0824	1943.0824
52162	261	43802	1943.0825	1943.0825
50825	261	44867	1943.0827	1943.0827
54879	261	44867	1943.0827	1943.0827
67585	261	44867	1943.0827	1943.0827
59963	261	44867	1943.0901	1943.0901
76928	262	47130	1943.0901	1945.0508
45990	261	44975	1943.0902	1943.0902
48253	261	44975	1943.0908	1943.0908
45983	261	44451	1943.0908	1943.0908
50906	261	44867	1943.0913	1943.0913
72781	261	44867	1943.0919	1943.0919
58767	261	44451	1943.0928	1943.0928
43694	261	44451	1943.0928	1943.0928
80392	261	44451	1943.0928	1943.0928
48047	261	44424	1943.1004	1943.1004
43694	261	43802	1943.1011	1943.1011
50825	261	44975	1943.1016	1943.1016
48657	261	44867	1943.102	1943.102
69042	261	44867	1943.1022	1943.1022
78950	261	43802	1943.1022	1943.1022
54881	261	44975	1943.1025	1943.1025
54881	261	44451	1943.1025	1943.1025
46038	261	44867	1943.1026	1943.1026
47317	261	44867	1943.1028	1943.1028
47109	261	44975	1943.103	1943.103
63551	272	57707	1943.103	1993.1031
51153	261	44975	1943.1101	1943.1101
64099	282	55313	1943.1101	1944.0114
63478	261	44867	1943.1102	1943.1102
49033	272	55595	1943.1102	1951.0223
68981	261	44867	1943.1104	1943.1104
45123	261	44867	1943.1112	1943.1112
44469	282	55313	1943.1124	1944.0113
65325	273	82541	1943.1201	1944.0201
48329	261	57883	1943.1204	1943.1204
74013	261	44451	1943.122	1943.122
48329	261	48048	1943.1221	1943.1221
84836	261	45292	1943.1223	1943.1223
54367	261	44867	1943.1228	1943.1228
45526	261	44424	1943.123	1943.123
49481	261	43802	1943.1231	1943.1231
56861	273	43815	1944.0101	1940.0101
47308	259	47309	1944.0101	1944.0101
47787	265	47788	1944.0101	1944.0101
48651	261	48652	1944.0101	1944.0101
45764	261	44424	1944.0101	1944.0101
49229	259	49230	1944.0101	1944.0101
49619	261	44424	1944.0101	1944.0101
49841	277	43779	1944.0101	1944.0101
54486	259	54487	1944.0101	1944.0101
54550	261	45041	1944.0101	1944.0101
56698	277	43815	1944.0101	1944.0101
53541	261	43882	1944.0101	1944.0101
56698	277	43977	1944.0101	1944.0101
60056	259	47347	1944.0101	1944.0101
65119	259	47440	1944.0101	1944.0101
46972	261	63937	1944.0101	1944.0101
62368	259	47347	1944.0101	1944.0101
44423	261	44451	1944.0101	1944.0101
64375	261	57799	1944.0101	1944.0101
70809	259	47514	1944.0101	1944.0101
63694	261	44424	1944.0101	1944.0101
56698	277	55262	1944.0101	1944.0101
58117	277	44211	1944.0101	1944.0101
48445	259	62801	1944.0101	1944.0101
52356	261	44867	1944.0101	1944.0101
61969	261	45342	1944.0101	1944.0101
78075	261	43861	1944.0101	1944.0101
61248	265	44738	1944.0101	1944.0101
61170	277	43676	1944.0101	1944.0101
79446	261	54809	1944.0101	1944.0101
70730	261	45292	1944.0101	1944.0101
55734	265	48820	1944.0101	1944.0101
64223	273	45568	1944.0101	1944.0101
73400	265	49168	1944.0101	1944.0101
69380	261	43882	1944.0101	1944.0101
78301	259	44132	1944.0101	1944.0101
75313	259	49477	1944.0101	1944.0101
58016	259	44637	1944.0101	1944.0101
63792	261	47080	1944.0101	1944.0101
73949	261	55505	1944.0101	1944.0101
68778	265	46231	1944.0101	1944.0101
68771	259	49204	1944.0101	1944.0101
73106	259	44307	1944.0101	1944.0101
63718	261	44001	1944.0101	1944.0101
75220	265	48820	1944.0101	1944.0101
79342	259	49934	1944.0101	1944.0101
68768	259	49900	1944.0101	1944.0101
75785	261	54567	1944.0101	1944.0101
48771	261	43882	1944.0101	1944.0101
70104	259	47514	1944.0101	1944.0101
62543	259	45838	1944.0101	1944.0101
50378	261	44867	1944.0101	1944.0101
78666	261	51183	1944.0101	1944.0101
44403	261	44001	1944.0101	1944.0101
48617	261	43861	1944.0101	1944.0101
44849	261	44022	1944.0101	1944.0101
61170	277	43580	1944.0101	1944.0101
78722	259	56928	1944.0101	1944.0101
58843	259	67388	1944.0101	1944.0101
82869	265	44478	1944.0101	1944.0101
66532	261	43861	1944.0101	1944.0101
74698	259	50398	1944.0101	1944.0101
78123	259	54671	1944.0101	1944.0101
56698	277	52065	1944.0101	1944.0101
84360	259	44449	1944.0101	1944.0101
52318	259	57263	1944.0101	1944.0101
60567	261	53556	1944.0101	1944.0101
72230	265	46150	1944.0101	1944.0101
66628	261	44664	1944.0101	1944.0101
43848	259	44620	1944.0101	1944.0101
58055	259	57467	1944.0101	1944.0101
46136	261	52163	1944.0101	1944.0101
61724	261	44451	1944.0101	1944.0101
84120	277	46935	1944.0101	1944.0101
66032	265	50645	1944.0101	1944.0101
53541	261	44664	1944.0101	1944.0101
58222	259	48026	1944.0101	1944.0101
53300	265	61548	1944.0101	1944.0101
56700	261	44424	1944.0101	1944.0101
64712	265	46029	1944.0101	1944.0101
73513	277	44082	1944.0101	1944.0101
56698	277	43617	1944.0101	1944.0101
69664	259	49355	1944.0101	1944.0101
51623	259	49477	1944.0101	1944.0101
58071	261	43905	1944.0101	1944.0101
58215	261	54631	1944.0101	1944.0101
57029	261	45292	1944.0101	1944.0101
57855	261	54749	1944.0101	1944.0101
58269	259	45016	1944.0101	1944.0101
58865	265	48820	1944.0101	1944.0101
43795	259	57467	1944.0101	1944.0101
82438	261	44001	1944.0101	1944.0101
69089	261	46403	1944.0101	1944.0101
58236	261	45142	1944.0101	1944.0101
63150	265	44380	1944.0101	1944.0101
56453	259	53002	1944.0101	1944.0101
78722	259	56454	1944.0101	1944.0101
73548	265	55810	1944.0101	1944.0101
69929	265	57021	1944.0101	1944.0101
77681	259	45838	1944.0101	1944.0101
46136	261	43861	1944.0101	1944.0101
54909	261	52836	1944.0101	1944.0101
54006	265	44738	1944.0101	1944.0101
79077	265	44738	1944.0101	1944.0101
52062	261	52836	1944.0101	1944.0101
56020	261	43861	1944.0101	1944.0101
50587	265	69877	1944.0101	1944.0101
59096	261	43882	1944.0101	1944.0101
43698	261	43882	1944.0101	1944.0101
68947	265	44738	1944.0101	1944.0101
78075	261	44424	1944.0101	1944.0101
51363	259	66846	1944.0101	1944.0101
68849	259	45905	1944.0101	1944.0101
83059	261	43609	1944.0101	1944.0101
68806	265	52226	1944.0101	1944.0101
58598	261	72763	1944.0101	1944.0101
45507	265	46988	1944.0101	1944.0101
52370	277	43676	1944.0101	1944.0101
46836	261	85789	1944.0101	1944.0101
70430	259	55205	1944.0101	1944.0101
44431	265	44432	1944.0101	1945.0101
46459	259	49230	1944.0101	1945.0101
50445	259	45838	1944.0101	1945.0101
63223	259	45905	1944.0101	1945.0101
51985	259	53183	1944.0101	1945.0101
66845	259	66846	1944.0101	1945.0101
62598	259	44586	1944.0101	1945.0101
68849	259	45838	1944.0101	1945.0101
69020	259	61584	1944.0101	1945.0101
46032	259	45905	1944.0101	1945.0101
59736	259	44697	1944.0101	1945.0101
69769	259	44128	1944.0101	1945.0101
75943	259	47347	1944.0101	1945.0101
76026	259	47238	1944.0101	1945.0101
56093	259	58851	1944.0101	1945.0101
73112	263	44080	1944.0101	1945.0101
58162	259	58851	1944.0101	1945.0101
67087	259	52560	1944.0101	1945.0101
57693	259	45880	1944.0101	1945.0101
82428	259	47440	1944.0101	1945.0101
46782	259	46277	1944.0101	1945.0101
55800	263	54265	1944.0101	1945.0101
76480	259	43827	1944.0101	1945.0101
78360	265	50631	1944.0101	1945.0101
68212	259	56454	1944.0101	1945.0101
62598	259	49293	1944.0101	1945.0101
58222	259	67959	1944.0101	1945.0101
48221	259	45813	1944.0101	1945.0101
70988	259	44586	1944.0101	1945.0101
46342	263	46631	1944.0101	1945.0101
62189	259	74486	1944.0101	1945.0101
54412	259	48747	1944.0101	1945.0101
60988	259	64202	1944.0101	1945.0101
69035	265	49633	1944.0101	1945.0101
59080	259	57882	1944.0101	1945.0101
76091	259	43940	1944.0101	1945.0101
69566	259	49162	1944.0101	1945.0101
59922	299	73728	1944.0101	1945.0101
69566	259	46059	1944.0101	1945.0101
69566	259	44899	1944.0101	1945.0101
85079	259	48090	1944.0101	1945.0101
56236	259	45838	1944.0101	1945.0101
61653	259	58851	1944.0101	1945.0101
54167	263	61346	1944.0101	1945.0101
62107	259	69300	1944.0101	1945.0101
55746	263	49460	1944.0101	1945.0101
62377	259	65742	1944.0101	1945.0101
51031	259	47347	1944.0101	1945.0101
62283	259	47347	1944.0101	1945.0101
58657	259	47347	1944.0101	1945.0101
70430	259	51452	1944.0101	1945.0101
51623	259	47484	1944.0101	1946.0101
58304	259	44574	1944.0101	1946.0101
58692	259	44128	1944.0101	1946.0101
64324	263	49371	1944.0101	1946.0101
73628	259	50880	1944.0101	1946.0101
43593	265	45533	1944.0101	1946.0101
75203	259	44680	1944.0101	1946.0101
72293	259	46971	1944.0101	1946.0101
72612	259	48026	1944.0101	1946.0101
79961	259	49913	1944.0101	1946.0101
49374	259	48124	1944.0101	1946.0101
58692	259	49278	1944.0101	1946.0101
56994	259	56297	1944.0101	1946.0101
70988	259	43940	1944.0101	1946.0101
52823	259	49477	1944.0101	1946.0101
77184	259	53002	1944.0101	1946.0101
72415	259	45982	1944.0101	1946.0101
45002	265	64745	1944.0101	1946.0101
47616	265	43825	1944.0101	1947.0101
48880	259	45673	1944.0101	1947.0101
63975	259	47225	1944.0101	1947.0101
62543	259	50398	1944.0101	1947.0101
72702	259	48135	1944.0101	1947.0101
75465	259	44574	1944.0101	1947.0101
74065	263	58238	1944.0101	1947.0101
61460	265	69712	1944.0101	1947.0101
44075	265	45574	1944.0101	1947.0101
83809	265	55125	1944.0101	1947.0101
75689	259	52539	1944.0101	1947.0101
59357	265	49464	1944.0101	1948.0101
52332	259	46869	1944.0101	1948.0101
52931	265	56521	1944.0101	1948.0101
49721	259	48124	1944.0101	1948.0101
75544	259	43730	1944.0101	1948.0101
80906	259	45344	1944.0101	1948.0101
47922	259	68817	1944.0101	1948.0101
68826	259	45224	1944.0101	1948.0101
77709	259	43940	1944.0101	1948.0101
55833	259	49062	1944.0101	1948.0101
63651	259	49477	1944.0101	1949.0101
61508	259	46971	1944.0101	1949.0101
67709	272	67710	1944.0101	1949.0101
58347	259	49477	1944.0101	1949.0101
49598	263	62129	1944.0101	1949.0101
70428	263	43825	1944.0101	1949.0101
75275	259	45224	1944.0101	1949.0101
76761	265	58760	1944.0101	1949.0101
45766	265	49283	1944.0101	1949.0101
85327	259	45408	1944.0101	1949.0101
54285	259	52948	1944.0101	1949.0101
67710	272	67709	1944.0101	1949.0101
66046	259	53852	1944.0101	1949.0101
70223	272	63402	1944.0101	1949.0101
46768	265	44770	1944.0101	1949.0101
62109	259	43940	1944.0101	1950.0101
57332	272	49723	1944.0101	1950.0101
72712	259	49062	1944.0101	1950.0101
49437	265	58187	1944.0101	1950.0101
47601	259	46273	1944.0101	1950.0101
71602	259	53745	1944.0101	1950.0101
46782	259	49159	1944.0101	1950.0101
50325	265	44939	1944.0101	1950.0101
69938	259	49329	1944.0101	1951.0101
68233	259	47309	1944.0101	1951.0101
61515	259	49162	1944.0101	1952.0101
70948	259	43648	1944.0101	1952.1028
75458	259	64202	1944.0101	1953.0101
82503	272	77987	1944.0101	1954.0101
85079	259	44128	1944.0101	1954.0101
77987	272	82503	1944.0101	1954.0101
54964	263	44478	1944.0101	1955.0101
72506	259	47893	1944.0101	1955.0101
74037	259	57700	1944.0101	1955.0101
50849	265	44616	1944.0101	1955.0101
61760	259	45408	1944.0101	1956.0101
50457	263	47823	1944.0101	1957.0101
79214	259	43670	1944.0101	1957.0101
69833	265	69834	1944.0101	1958.0101
70881	259	46273	1944.0101	1958.0101
79992	259	57151	1944.0101	1958.0101
45148	263	49633	1944.0101	1959.0101
83816	265	45414	1944.0101	1959.0101
59543	263	58681	1944.0101	1959.0101
55324	268	58324	1944.0101	1960.0101
62426	272	50716	1944.0101	1960.0101
74919	259	51986	1944.0101	1960.0101
73801	263	51359	1944.0101	1961.0101
68116	263	44616	1944.0101	1964.0101
69012	296	51715	1944.0101	1965.0101
68619	276	47661	1944.0101	1969.0101
45419	263	58934	1944.0101	1972.0101
49602	259	44009	1944.0101	1972.0701
74139	272	81226	1944.0101	1975.0101
81226	272	74139	1944.0101	1975.0101
60995	263	56351	1944.0101	1982.0101
58279	273	68792	1944.0101	1983.0101
63438	272	63439	1944.0101	1988.0101
63439	272	63438	1944.0101	1988.0101
62673	272	62500	1944.0101	1993.0101
62500	272	62673	1944.0101	1993.0101
65799	263	70543	1944.0101	1998.0101
47960	272	60183	1944.0101	1998.0101
60183	272	47960	1944.0101	1998.0101
46854	261	44867	1944.0103	1944.0103
59065	261	44975	1944.0104	1944.0104
65780	261	44451	1944.0105	1944.0105
75519	261	44451	1944.0105	1944.0105
50417	261	44975	1944.011	1944.011
50417	261	44451	1944.011	1944.011
44228	261	44451	1944.011	1944.011
43933	261	44975	1944.011	1944.011
43933	261	44451	1944.011	1944.011
50825	261	78677	1944.011	1944.011
52162	261	44975	1944.0115	1944.0115
60816	261	52836	1944.0115	1944.0115
44194	261	44867	1944.0117	1944.0117
58767	261	44867	1944.0121	1944.0121
65751	261	44867	1944.0121	1944.0121
53360	261	44001	1944.0124	1944.0124
81464	261	64139	1944.0125	1944.0125
47335	261	45342	1944.013	1944.013
63305	261	45342	1944.013	1944.013
77559	261	45342	1944.013	1944.013
62545	282	45444	1944.0201	1945.0508
68981	261	43802	1944.0202	1944.0202
49481	261	44451	1944.0204	1944.0204
52477	261	44451	1944.0204	1944.0204
52477	261	44975	1944.0204	1944.0204
65751	261	44975	1944.0204	1944.0204
52863	261	44001	1944.0208	1944.0208
56639	261	44664	1944.021	1944.021
51280	261	44001	1944.0221	1944.0221
45906	261	44451	1944.0222	1944.0222
45849	261	44451	1944.0222	1944.0222
45906	261	44975	1944.0222	1944.0222
65398	261	44213	1944.0308	1944.0308
54879	261	44451	1944.0311	1944.0311
54879	261	44975	1944.0311	1944.0311
62810	261	44451	1944.0313	1944.0313
46099	272	71311	1944.0317	2008.0405
71311	272	46099	1944.0317	2008.0405
69896	261	78677	1944.0319	1944.0319
63002	261	44975	1944.0319	1944.0319
59528	261	44975	1944.0319	1944.0319
46963	272	80884	1944.032	1970.1103
80884	272	46963	1944.032	1970.1103
56353	261	44424	1944.0331	1944.0331
54471	261	45342	1944.0402	1944.0402
64830	261	43802	1944.0407	1944.0407
60978	261	65052	1944.041	1944.041
59069	261	52836	1944.0412	1944.0412
47940	272	66483	1944.0412	1952.0101
66483	272	47940	1944.0412	1952.0101
53589	261	44975	1944.0413	1944.0413
53589	261	44451	1944.0413	1944.0413
68981	261	44451	1944.0413	1944.0413
68981	261	44975	1944.0413	1944.0413
46937	261	44451	1944.0414	1944.0414
55344	261	44424	1944.0414	1944.0414
54550	261	44424	1944.0414	1944.0414
49517	261	43682	1944.0414	1944.0414
44904	261	44424	1944.0414	1944.0414
63047	261	44001	1944.0414	1944.0414
85368	261	64139	1944.0414	1944.0414
55734	272	62104	1944.042	1958.0101
62104	272	55734	1944.042	1958.0101
47265	261	44424	1944.0423	1944.0423
68130	261	44424	1944.0428	1944.0428
57148	261	50324	1944.0429	1944.0429
67610	261	44424	1944.043	1944.043
65899	261	43882	1944.0501	1944.0501
49276	261	43861	1944.0501	1944.0501
47933	261	43882	1944.0501	1944.0501
50825	261	52163	1944.0501	1944.0501
54456	261	43861	1944.0501	1944.0501
64163	261	43882	1944.0501	1944.0501
57029	261	44867	1944.0503	1944.0503
47964	261	44975	1944.0511	1944.0511
47964	261	44451	1944.0511	1944.0511
44300	261	43882	1944.0511	1944.0511
