65277	28	50	926	937
39558	28	231	926	937
16512	23	3384	926	937
93842	28	996	926	937
67242	14	90	926	937
70113	28	4548	926	937
32876	28	142	926	937
41958	28	256	926	937
8669	28	20	926	937
80174	28	85	926	937
53011	28	446	926	937
110859	23	83823	926	937
40733	28	117	926	937
16474	28	227	926	938
69454	28	167	926	938
46799	28	60	926	938
24839	28	1421	926	938
110593	28	675	926	938
18231	28	202	926	938
45217	28	41	926	938
60654	28	542	926	938
22904	28	98	926	938
38870	28	1156	926	938
95328	28	179	926	938
82381	28	531	926	938
10015	28	223	926	938
17613	28	247	926	938
55429	28	192	926	938
96331	28	1525	926	939
9092	23	59133	926	939
141798	28	245	926	939
59280	28	135	926	939
33716	28	206	926	939
59694	28	1739	926	939
57783	28	768	926	939
10811	28	494	926	939
13536	28	244	926	940
79266	28	203	926	940
95755	28	419	926	940
45082	28	452	926	941
45402	28	2196	926	941
43443	23	70691	926	941
70691	23	43443	926	941
46019	28	29	926	941
38870	28	460	926	942
78445	23	114857	926	942
52264	28	996	926	942
176839	28	4604	926	942
180619	28	934	926	942
57783	28	255	926	943
22868	28	112	926	944
22775	23	57474	926	946
57474	23	22775	926	946
23996	23	24261	926	947
106481	23	84807	926	947
174195	16	124207	926	948
88169	16	8	926	949
148979	23	71713	926	949
2650	23	117704	926	951
85236	23	6539	926	956
89701	14	2297	926	957
182545	16	1326	926	964
155562	6	367	927	0
14351	28	69	927	0
9397	28	594	927	0
9587	14	7980	927	0
98181	28	17084	927	0
48634	14	1706	927	0
65119	14	2612	927	0
40097	14	4413	927	0
39576	28	178	927	0
13514	28	4989	927	0
14641	28	1048	927	0
49728	28	150	927	0
48863	14	1126	927	0
102632	28	768	927	0
71045	28	610	927	0
5398	23	76545	927	0
17367	28	120	927	0
24337	28	740	927	0
89661	6	338	927	0
45346	28	164	927	0
50059	14	444	927	0
104047	28	176	927	0
21949	28	41992	927	0
96784	14	4314	927	0
105539	14	36533	927	0
25217	28	122	927	0
43821	28	417	927	0
17626	28	1323	927	0
37781	14	49846	927	0
102706	14	775	927	0
106883	14	2922	927	0
20299	28	131	927	0
29079	14	782	927	0
85022	28	81	927	0
23187	28	2210	927	0
66515	14	207	927	0
89733	14	4043	927	0
30247	28	70	927	0
89088	28	39	927	0
108379	14	2258	927	0
14896	28	637	927	0
125583	14	6310	927	0
21463	28	4337	927	0
43648	28	1323	927	0
81399	28	7410	927	0
94569	23	48266	927	0
17681	28	29	927	0
118342	28	82	927	0
69340	28	3867	927	0
29717	28	67567	927	0
25606	28	1392	927	0
19507	28	2642	927	0
28736	28	6543	927	0
94886	23	64668	927	0
64668	23	94886	927	0
14558	28	2786	927	0
148844	6	30993	927	0
40351	14	6176	927	0
43373	14	6882	927	0
25466	28	220	927	0
5453	6	389	927	0
79308	28	311	927	0
40511	28	174	927	0
105522	14	1217	927	0
16080	28	158	927	0
36909	28	56	927	0
52051	28	238	927	0
151721	14	2964	927	0
59168	28	931	927	0
24640	28	179	927	0
9741	28	166	927	0
43407	28	42	927	0
99445	28	1392	927	0
34794	28	388	927	0
77276	23	82484	927	0
80367	28	1368	927	0
127765	23	6300	927	0
14761	28	402	927	0
22487	28	502	927	0
52634	14	7271	927	0
22634	28	23	927	0
94899	28	21770	927	0
104902	14	2188	927	0
21463	28	4008	927	0
38398	28	5292	927	0
54939	28	1542	927	0
25284	14	5310	927	0
47639	23	77322	927	0
77322	23	47639	927	0
43821	28	653	927	0
19681	28	131	927	0
18714	28	333	927	0
130660	28	361	927	0
48314	28	28	927	0
40329	28	1392	927	0
92240	28	996	927	0
28820	28	14	927	0
182544	1	39654	927	0
45169	28	164	927	0
39923	14	1746	927	0
50014	14	5693	927	0
69737	28	1392	927	0
24610	28	1392	927	0
30954	28	1186	927	0
24866	28	1565	927	0
148547	14	184512	927	0
35758	28	1102	927	0
63631	14	1217	927	0
24369	14	444	927	0
93890	28	1570	927	0
31509	28	126	927	0
79504	14	137	927	0
96006	14	3348	927	0
29253	28	1513	927	0
90699	28	1824	927	0
94321	28	261	927	0
26692	28	56523	927	0
68301	14	775	927	0
59324	28	361	927	0
20551	28	4989	927	0
51709	28	714	927	0
49805	28	120	927	0
33215	28	36268	927	0
62178	14	2258	927	0
17738	28	594	927	0
17136	28	82	927	0
52219	28	1216	927	928
71867	28	69	927	928
7315	28	637	927	928
71994	28	83	927	928
33660	28	2649	927	928
30247	28	647	927	928
20022	28	806	927	928
84973	28	156	927	928
47199	28	37	927	928
41262	28	27	927	928
115247	28	515	927	928
64152	28	54126	927	928
84060	28	85	927	928
52915	28	893	927	928
86738	28	1110	927	928
101221	28	679	927	928
56501	28	147	927	928
62638	28	56	927	928
88387	28	9960	927	928
27024	28	757	927	928
56238	28	552	927	928
77461	28	353	927	928
49735	28	647	927	928
74416	28	77	927	928
72989	28	449	927	928
137702	28	1120	927	928
85191	28	273	927	928
46957	28	1015	927	928
54847	28	1409	927	928
104843	28	141	927	928
58597	28	134	927	928
35279	28	144	927	928
5151	28	4094	927	928
36517	28	64	927	928
36328	28	220	927	928
19784	28	897	927	928
91551	28	134	927	928
79173	28	42155	927	928
74834	28	54	927	928
47667	28	429	927	928
79670	28	28	927	928
87816	28	449	927	928
57143	28	364	927	928
20736	28	168	927	928
97952	28	18395	927	928
34664	28	1163	927	928
17498	28	434	927	928
87270	28	152	927	928
17629	28	647	927	928
13042	28	1213	927	928
38301	28	38	927	928
38975	28	6485	927	928
75444	28	88	927	928
21654	28	162	927	928
7979	28	20	927	928
32024	28	56689	927	928
98543	28	464	927	928
17681	28	73	927	928
91638	28	47	927	928
58181	28	29237	927	928
146149	28	673	927	928
59468	28	54	927	928
38276	28	64	927	928
36937	28	152	927	928
44297	28	120	927	928
22631	28	889	927	928
61931	28	2649	927	928
23361	28	265	927	928
41074	28	797	927	928
27834	28	1588	927	928
21167	28	69	927	928
15067	28	3386	927	928
30752	28	496	927	928
33936	28	1616	927	928
72261	28	2680	927	928
20042	28	103	927	928
74158	28	141	927	928
22868	28	54	927	928
47261	28	232	927	928
20724	28	1592	927	928
55960	28	1102	927	928
93714	28	78	927	928
15406	28	897	927	928
24337	28	95	927	928
22487	28	1565	927	928
42320	28	131	927	928
4298	28	219	927	928
15852	28	106	927	928
22731	28	171	927	928
4444	28	20	927	928
23785	28	1855	927	928
87188	28	135	927	928
125349	28	85	927	928
40591	28	141	927	928
5655	28	1730	927	928
62541	28	1488	927	928
18477	28	128616	927	928
26506	28	118	927	928
55960	28	221	927	928
77020	28	691	927	928
43163	28	612	927	928
102939	28	160	927	928
81439	28	67	927	928
73661	28	275	927	928
80081	28	28	927	928
60408	28	235	927	928
33131	28	1496	927	928
35218	28	1011	927	928
32107	28	477	927	928
13212	28	54	927	928
106906	28	238	927	928
81215	28	363	927	928
12717	28	85	927	928
20512	28	211	927	928
94961	28	81	927	928
31574	28	1234	927	928
39297	28	489	927	928
94899	28	15237	927	928
83681	28	156	927	928
105204	28	455	927	928
28667	28	105	927	928
67179	28	129	927	928
97952	28	6410	927	928
47381	28	31866	927	928
26903	28	897	927	928
120017	28	1547	927	928
20803	28	55	927	928
46683	28	2703	927	928
120415	28	5494	927	928
12183	28	63	927	928
25636	28	186	927	928
13208	28	36	927	928
32216	28	70	927	928
51248	28	1015	927	928
40278	28	2439	927	928
69173	28	809	927	928
28716	28	740	927	928
36909	28	79	927	928
113041	14	4052	927	928
9741	28	704	927	928
107055	28	5527	927	928
126119	28	343	927	928
16786	28	114	927	928
31978	28	29	927	928
14130	28	1402	927	928
90155	28	3265	927	928
34736	28	72	927	928
12099	28	1300	927	928
45743	28	230	927	929
71687	28	1102	927	929
45845	6	59	927	929
72396	28	22726	927	929
97839	28	67	927	929
13643	28	2433	927	929
24866	28	20	927	929
23572	28	1412	927	929
63716	28	87	927	929
18001	28	351	927	929
9903	28	58	927	929
64418	28	13835	927	929
27834	28	4890	927	929
20551	28	153	927	929
74228	28	177	927	929
100667	28	118	927	929
18157	28	1971	927	929
76980	28	532	927	929
89088	28	79	927	929
77237	28	1752	927	929
17248	28	112	927	929
17328	28	281	927	929
98439	28	51	927	929
34219	28	1093	927	929
23333	28	168	927	929
55174	28	564	927	929
84359	28	331	927	929
48845	28	250	927	929
11747	28	28	927	929
31933	28	23	927	929
74286	28	41	927	929
47090	28	136	927	929
34609	28	704	927	929
46062	28	79	927	929
27914	28	201	927	929
37050	28	256	927	929
30584	28	135	927	929
32088	28	46	927	929
41232	28	234	927	929
57060	28	156	927	929
59324	28	1752	927	929
20846	28	18069	927	929
41998	28	276	927	929
30207	28	897	927	929
92878	28	89	927	929
24573	28	164	927	929
123012	28	171	927	929
104702	28	1496	927	929
33108	28	67	927	929
25591	28	1592	927	929
12591	28	181	927	929
29985	28	174	927	929
59971	28	47	927	929
28638	28	214	927	929
20087	28	32	927	929
91779	28	1496	927	929
14166	28	39	927	929
64568	28	89	927	929
109451	28	153	927	929
168152	28	37	927	929
54937	28	74	927	929
27410	28	897	927	929
107999	28	39	927	929
13212	28	594	927	929
23544	28	65	927	929
75644	28	124	927	929
105479	28	174	927	929
45653	28	142	927	929
35614	28	118	927	929
8635	28	206	927	929
93071	28	69	927	929
40100	28	95	927	929
39026	28	179	927	929
31106	28	32	927	929
93004	28	254	927	929
13900	28	435	927	929
81960	28	51	927	929
28925	28	883	927	929
46561	28	170	927	929
32084	28	230	927	929
29902	28	143	927	929
24361	28	32	927	929
38573	28	422	927	929
44562	28	317	927	929
16351	28	2030	927	929
151034	28	214	927	929
44338	28	467	927	929
77443	28	22726	927	929
8682	28	40	927	929
15761	28	7609	927	929
22275	28	325	927	929
59878	28	2525	927	929
10589	28	160	927	929
38282	28	671	927	929
25591	28	361	927	929
48313	28	475	927	929
24237	28	103	927	929
37403	28	897	927	929
18030	28	286	927	929
21618	28	610	927	929
80707	28	1390	927	929
38846	28	63	927	929
93586	28	171	927	929
73023	28	227	927	929
93806	28	396	927	929
20711	28	276	927	929
59841	28	1149	927	929
94191	28	156	927	929
60050	28	34	927	929
30344	28	8539	927	929
35942	28	52	927	929
74416	28	347	927	929
38330	28	242	927	929
26307	28	629	927	929
23870	28	143	927	929
25639	28	124	927	929
13987	28	203	927	929
20307	28	107	927	929
13514	28	48	927	929
104451	28	37	927	929
35040	28	12869	927	929
90084	28	122	927	929
48313	28	361	927	929
36339	28	666	927	929
53973	28	188	927	929
36181	28	311	927	929
14401	28	158	927	930
71610	28	2349	927	930
9424	28	750	927	930
8665	28	36	927	930
83893	28	174	927	930
22707	28	55	927	930
17167	28	165	927	930
84362	28	42	927	930
8711	28	40	927	930
63651	28	594	927	930
30974	28	1161	927	930
71066	28	158	927	930
84607	28	56	927	930
33359	28	412	927	930
28880	28	937	927	930
17200	28	17201	927	930
49728	28	38	927	930
90435	28	32	927	930
63759	28	317	927	930
20672	28	1259	927	930
87816	28	205	927	930
65477	28	106324	927	930
28160	28	180	927	930
19140	28	98	927	930
36078	28	58	927	930
40519	28	3000	927	930
10816	28	28141	927	930
14285	28	27	927	930
108548	28	768	927	930
24600	28	87	927	930
17344	28	2282	927	930
38252	28	36	927	930
38108	28	106	927	930
62146	28	69	927	930
70037	28	166	927	930
28661	28	31	927	930
27463	28	155	927	930
12225	28	13756	927	930
41379	28	132	927	930
28391	28	666	927	930
9206	28	1323	927	930
70667	28	89	927	930
54318	28	68	927	930
65823	28	98	927	930
92501	28	2015	927	930
28376	28	38	927	930
47666	28	177	927	930
89379	28	121	927	930
28820	28	22	927	930
92967	28	245	927	930
18504	28	86	927	930
80233	28	56	927	930
102038	28	768	927	930
82932	28	2003	927	930
40151	28	621	927	930
45038	28	177	927	930
7082	28	98	927	930
22034	28	131	927	930
42925	28	311	927	930
18778	28	381	927	930
32714	28	44631	927	930
14824	28	87	927	930
49419	28	166	927	930
95641	28	835	927	930
51186	28	477	927	930
95748	28	88	927	930
105812	28	1300	927	930
38219	28	257	927	930
38176	28	7609	927	930
77290	28	40	927	930
38374	28	594	927	930
27619	28	60	927	930
20428	28	40525	927	930
37237	28	58	927	930
22924	28	231	927	930
5404	28	77	927	931
21949	28	435	927	931
61849	28	221	927	931
22410	28	16	927	931
112409	28	167	927	931
43407	28	92	927	931
19228	28	37	927	931
19982	28	941	927	931
54450	28	161	927	931
133233	28	179	927	931
36538	28	60	927	931
124470	28	464	927	931
12495	28	20	927	931
42470	28	95	927	931
24640	28	234	927	931
69532	28	4147	927	931
46869	28	1609	927	931
59877	28	46	927	931
94971	28	6848	927	931
23498	28	660	927	931
22859	28	45	927	931
26156	28	463	927	931
147933	28	71	927	931
29681	28	257	927	931
147981	28	238	927	931
19813	28	50	927	931
45001	28	750	927	931
12111	28	91	927	931
96669	28	129	927	931
13480	28	22	927	931
85408	28	1655	927	931
22634	28	149	927	931
9952	28	69	927	931
8731	28	52	927	931
20724	28	295	927	931
14587	28	354	927	931
13800	28	185	927	931
13925	28	33	927	931
33866	28	530	927	931
43336	28	253	927	931
81964	28	170	927	931
16599	28	354	927	931
33114	28	118	927	931
12219	28	104	927	931
51424	28	164	927	931
22173	28	773	927	931
14627	28	1669	927	931
36593	28	55	927	931
74833	28	289	927	931
41794	28	61	927	931
35474	28	280	927	932
36222	28	420	927	932
12189	28	223	927	932
26165	28	47	927	932
18202	28	381	927	932
14304	28	104	927	932
39805	28	41	927	932
113962	28	40	927	932
90598	28	474	927	932
49135	28	648	927	932
70982	28	118	927	932
56204	28	1407	927	932
32919	28	275	927	932
60561	28	969	927	932
59807	28	50	927	932
22701	28	550	927	932
18279	28	383	927	932
69897	28	199	927	932
5916	28	708	927	932
75133	28	269	927	932
7630	28	134	927	932
10431	28	79	927	932
20609	28	7059	927	932
73667	28	119	927	932
74496	28	50	927	932
59955	28	141	927	932
12496	28	27	927	932
60047	28	164	927	932
47476	28	32	927	932
31509	28	64	927	932
27871	28	144	927	932
81863	28	174	927	932
63830	28	180	927	932
69080	28	181	927	932
4107	28	44	927	932
44933	28	959	927	932
30218	28	365	927	932
124649	28	141	927	932
38335	28	518	927	932
92580	28	49	927	932
6278	28	594	927	932
86919	28	2439	927	932
42239	28	460	927	932
83014	28	181	927	932
20690	28	55	927	932
69811	28	354	927	932
51431	28	164	927	932
27231	28	210	927	933
29249	28	29	927	933
33622	28	176	927	933
27243	28	46	927	933
27320	28	68	927	933
71377	28	660	927	933
119859	28	275	927	933
22537	28	109	927	933
107994	28	1459	927	933
72593	28	37	927	933
30202	28	1795	927	933
14047	28	2019	927	933
5423	28	43	927	933
14541	28	269	927	933
45603	28	164	927	933
125182	28	267	927	933
33836	28	315	927	933
33146	28	150	927	933
15079	28	41	927	933
92113	28	92	927	933
27707	28	492	927	933
59468	28	594	927	933
30483	28	48	927	933
51061	28	164	927	933
33622	28	121	927	934
45959	28	242	927	934
10295	28	169	927	934
52927	28	1151	927	934
34401	28	228	927	934
14433	28	167	927	934
47476	28	240	927	934
78922	23	6593	927	934
75316	28	176	927	934
72190	28	274	927	934
58935	28	201	927	934
12574	28	61	927	934
22522	28	61	927	934
11584	28	46	927	934
17328	28	267	927	934
101164	28	387	927	934
59679	28	269	927	934
23732	28	49	927	934
68442	28	81	927	934
69837	28	47	927	934
72577	28	941	927	934
44279	28	19	927	934
11895	28	66	927	934
22984	28	158	927	934
44500	28	2066	927	934
42508	23	111109	927	934
111109	23	42508	927	934
16638	28	14	927	934
51926	28	169	927	934
107999	28	265	927	934
92609	23	30714	927	934
15609	28	274	927	934
93869	28	464	927	934
30835	28	231	927	934
25466	28	979	927	935
85971	28	1059	927	935
9435	28	16	927	935
68949	28	593	927	935
21475	28	149	927	935
10363	28	123	927	935
17656	28	269	927	935
40798	28	27	927	935
115247	28	542	927	935
93890	28	1444	927	935
73658	28	123	927	935
127805	28	395	927	935
25292	28	48	927	935
10501	28	206	927	935
178435	28	470	927	935
95480	28	298	927	935
47904	28	240	927	935
38009	28	203	927	935
16748	28	269	927	935
60055	28	573	927	935
155416	28	755	927	935
14300	28	16	927	936
62558	28	1102	927	936
22618	28	142	927	936
20803	28	2403	927	936
30701	28	252	927	936
80159	28	214	927	936
70303	28	261	927	936
149723	28	345	927	936
70161	28	1772	927	936
70418	23	43435	927	936
43435	23	70418	927	936
130660	28	610	927	936
10625	28	14	927	937
52960	28	41	927	937
90751	28	417	927	937
48261	28	184	927	937
30919	28	217	927	937
25823	28	41	927	937
35787	28	826	927	937
6541	28	29	927	937
44612	28	76	927	937
50868	28	161	927	937
8178	14	111480	927	937
110593	28	217	927	937
79308	28	1616	927	937
13486	28	133	927	937
31325	28	446	927	938
41664	28	20	927	938
7327	28	670	927	938
50212	28	45	927	938
36550	28	68	927	938
65002	28	56	927	938
60553	28	240	927	938
70352	28	371	927	938
69401	28	492	927	938
59938	28	193	927	938
113073	28	4078	927	939
54578	28	628	927	939
33662	28	71	927	939
86599	28	167	927	939
36825	28	470	927	939
69116	28	170	927	939
70247	28	547	927	939
66870	28	1156	927	939
111844	28	1495	927	939
81706	23	25792	927	939
70365	28	198	927	939
18635	28	540	927	940
85122	28	255	927	940
62169	28	103	927	940
34664	28	540	927	940
68872	28	58	927	940
51593	28	540	927	940
150501	28	1708	927	940
16313	28	1135	927	940
23643	23	56069	927	940
5988	23	49064	927	940
49064	23	5988	927	940
70312	28	4528	927	941
40519	28	510	927	941
72185	28	95	927	941
48419	28	350	927	942
32720	28	214	927	942
8669	28	494	927	942
56229	28	114	927	942
12421	28	293	927	942
26664	28	170	927	943
24330	28	245	927	943
110214	23	26792	927	943
34794	28	464	927	944
54238	28	1135	927	944
66346	28	213	927	945
123692	28	446	927	945
6727	23	101187	927	945
110905	28	233	927	946
48901	16	1256	927	946
81968	28	181	927	947
89943	23	111778	927	947
111778	23	89943	927	947
81626	23	118025	927	949
151332	16	8	927	950
111216	23	111217	927	951
142690	14	4374	927	954
24706	28	28862	928	0
29073	14	902	928	0
25119	28	72	928	0
33318	28	421	928	0
29616	28	106	928	0
30318	28	5292	928	0
26506	28	1102	928	0
40891	14	1706	928	0
114433	28	5292	928	0
34414	14	8683	928	0
53210	14	943	928	0
17983	28	106	928	0
42417	14	444	928	0
87452	14	2964	928	0
135522	6	9808	928	0
56587	6	3709	928	0
17012	28	40	928	0
49349	14	902	928	0
25308	28	216	928	0
18652	28	103	928	0
11402	28	106	928	0
39576	28	79	928	0
34536	28	19256	928	0
19681	28	211	928	0
22829	28	106	928	0
26409	28	5292	928	0
37720	28	5008	928	0
120085	14	3055	928	0
67566	6	306	928	0
21806	28	126	928	0
4444	28	30	928	0
4610	28	20	928	0
140569	14	764	928	0
58484	14	2431	928	0
76037	28	60	928	0
10275	28	1269	928	0
59168	28	36268	928	0
49490	28	76	928	0
68387	14	308	928	0
13690	28	106	928	0
24287	14	308	928	0
20464	28	936	928	0
20763	28	74	928	0
80355	6	1003	928	0
143526	14	5693	928	0
46171	14	2922	928	0
34000	28	233	928	0
38487	28	139	928	0
24511	14	24005	928	0
51649	28	318	928	0
42735	28	28	928	0
18716	28	234	928	0
79663	14	308	928	0
17498	28	103	928	0
33173	28	120	928	0
21678	14	2258	928	0
16176	28	14	928	0
20484	14	3741	928	0
39336	28	1102	928	0
49135	28	142	928	0
78378	14	11216	928	0
18098	28	52	928	0
30954	28	660	928	0
6252	28	73	928	0
92878	28	91	928	0
51450	28	50	928	0
93440	28	1244	928	0
20803	28	106	928	0
19944	28	657	928	0
57072	28	5292	928	0
80948	28	150	928	0
19813	28	29	928	0
12127	28	106	928	0
16695	28	239	928	0
29592	28	106	928	0
116255	28	36268	928	0
121331	14	2922	928	0
12263	28	80	928	0
42262	28	176	928	0
94899	28	554	928	0
5659	28	1145	928	0
43237	28	106	928	0
92878	28	178	928	0
60165	28	12172	928	0
65532	14	1217	928	0
42334	14	1126	928	0
110956	28	547	928	0
27744	28	86	928	0
53140	28	5292	928	0
135479	14	79803	928	0
102021	6	6750	928	0
35614	28	104	928	0
16048	14	39285	928	0
89964	28	347	928	0
101143	14	3055	928	0
15852	28	998	928	0
13514	28	5292	928	0
29536	28	128555	928	0
62178	14	943	928	0
45273	14	782	928	0
40891	14	4824	928	0
84060	28	186	928	0
38301	28	177	928	0
82682	14	444	928	0
49567	28	292	928	0
114008	6	3223	928	0
9397	28	54	928	0
22042	28	164	928	0
31213	28	195	928	0
44752	28	81	928	0
38451	28	546	928	0
52883	14	2384	928	0
131989	14	2258	928	0
71836	16	54926	928	0
96861	14	3280	928	0
24517	28	28	928	0
94961	28	347	928	0
44285	14	69057	928	0
82476	28	82	928	0
102779	28	119	928	0
46839	14	854	928	0
8629	28	2323	928	0
49931	28	4989	928	0
68724	28	2210	928	0
29592	28	36268	928	0
43163	28	361	928	0
64717	14	94	928	0
35614	28	1149	928	0
41074	28	2385	928	0
130499	14	764	928	0
126107	14	182964	928	0
65271	14	207	928	0
3023	14	16647	928	0
21562	28	539	928	0
38487	28	1483	928	0
39336	28	1844	928	0
24208	28	1742	928	0
33427	28	60	928	0
124352	28	417	928	0
20047	28	217	928	0
28374	14	4314	928	0
3068	23	26021	928	0
26021	23	3068	928	0
17367	28	67	928	0
58875	28	117	928	0
64279	28	7059	928	0
109173	8	8922	928	0
75112	23	14390	928	0
6523	28	5008	928	0
83348	28	221	928	0
69065	14	93548	928	0
38269	28	3083	928	0
81567	28	105	928	0
64202	14	764	928	0
43985	28	1145	928	0
40476	28	1231	928	0
89073	28	69	928	0
126107	14	187657	928	0
59695	28	106	928	0
53825	28	12172	928	0
16463	28	221	928	929
39056	28	123	928	929
16673	28	211	928	929
83348	28	139	928	929
34324	28	4515	928	929
53732	28	856	928	929
98808	28	347	928	929
55442	28	796	928	929
23656	28	897	928	929
73848	28	89	928	929
56501	28	221	928	929
29470	28	408	928	929
37029	28	5440	928	929
5732	28	219	928	929
14389	28	147	928	929
14506	28	778	928	929
14761	28	710	928	929
45828	28	245	928	929
34536	28	1958	928	929
53644	28	161	928	929
78083	28	37	928	929
9737	28	63	928	929
104251	28	37	928	929
47262	28	37	928	929
34431	28	333	928	929
33335	28	129	928	929
90542	28	354	928	929
78508	28	134	928	929
13042	28	699	928	929
20163	28	147	928	929
35533	28	363	928	929
62122	28	370	928	929
27699	28	32	928	929
64560	28	704	928	929
20099	28	27	928	929
14439	28	177	928	929
12534	28	2300	928	929
91638	28	168	928	929
32123	28	71	928	929
4442	28	11683	928	929
62638	28	3997	928	929
12010	28	164	928	929
18683	28	1067	928	929
41958	28	798	928	929
20346	28	43	928	929
62558	28	396	928	929
21007	28	752	928	929
35218	28	13163	928	929
21167	28	73	928	929
73466	28	22	928	929
38206	28	152	928	929
21518	28	14	928	929
99445	28	3255	928	929
125349	28	178	928	929
83681	28	45	928	929
14641	28	1715	928	929
6252	28	55	928	929
39137	28	166	928	929
69837	28	14	928	929
122539	28	1403	928	929
59971	28	120	928	929
35989	28	230	928	929
80010	28	71	928	929
37139	28	29	928	929
37006	28	13327	928	929
31106	28	136	928	929
20639	28	290	928	929
13022	28	882	928	929
92206	28	4989	928	929
13208	28	86	928	929
53721	28	135	928	929
37396	28	70	928	929
65424	23	147102	928	929
20022	28	1971	928	929
17629	28	275	928	929
71610	28	281	928	929
26014	28	539	928	929
49082	28	7609	928	929
23196	28	318	928	929
16362	28	1805	928	929
47383	28	469	928	929
22945	28	1670	928	929
25606	28	1497	928	929
49103	28	1492	928	929
94254	28	106	928	929
13925	28	815	928	929
110889	28	3667	928	929
16680	28	698	928	929
28840	28	147	928	929
87029	28	30	928	929
46833	28	25281	928	929
20834	28	637	928	929
60953	28	1844	928	929
24903	28	68	928	929
76349	28	210	928	929
74393	28	156	928	929
21550	28	37	928	929
13868	28	86	928	929
22600	28	111	928	929
17681	28	23	928	929
105205	28	132	928	929
17142	28	343	928	929
12293	28	871	928	929
43163	28	475	928	929
44197	28	124	928	929
58181	28	175	928	929
62698	28	742	928	929
114433	28	908	928	929
23361	28	31345	928	929
49447	28	347	928	929
6498	28	134	928	929
94961	28	139	928	929
10434	28	1948	928	929
20299	28	211	928	929
8974	28	1138	928	929
24048	28	477	928	929
115795	28	1780	928	929
34510	28	1023	928	929
22739	28	3554	928	929
92239	28	45	928	929
78354	28	552	928	929
32107	28	387	928	929
86920	28	40	928	929
58181	28	177	928	929
41329	28	1824	928	929
33206	28	67	928	929
30658	28	71	928	929
16911	28	122	928	929
32276	28	6563	928	929
44254	28	282	928	929
18500	28	91	928	929
80081	28	100	928	929
57723	28	144	928	929
24337	28	355	928	929
54535	28	693	928	929
47790	28	235	928	929
118812	28	71	928	929
12263	28	85	928	929
84524	28	1164	928	929
22243	28	111	928	929
36080	28	12172	928	929
87142	28	7609	928	929
66511	28	710	928	929
84559	28	73	928	929
26463	28	283	928	929
16108	28	223	928	929
59638	28	4193	928	929
95601	28	147	928	929
45789	28	1034	928	929
35681	28	123	928	929
70930	28	46	928	929
63777	28	1307	928	929
12495	28	29	928	929
149528	28	653	928	929
56438	28	112	928	929
13914	28	358	928	929
106210	28	1012	928	929
41331	28	420	928	929
109856	28	91	928	929
22487	28	1129	928	929
54643	28	280	928	929
39853	28	930	928	930
30103	28	69	928	930
25975	28	304	928	930
83925	28	1229	928	930
12189	28	65	928	930
85728	28	171	928	930
13536	28	336	928	930
75231	28	37	928	930
56238	28	339	928	930
5333	28	80	928	930
56685	28	107	928	930
65675	28	1850	928	930
10015	28	20	928	930
38807	28	4128	928	930
24897	28	3530	928	930
34426	28	19	928	930
10263	28	102	928	930
9206	28	144	928	930
30651	28	63	928	930
30711	28	132	928	930
47080	28	106	928	930
10323	28	36	928	930
120542	28	365	928	930
7774	28	69	928	930
8095	28	42	928	930
103471	28	1182	928	930
31339	28	106	928	930
23615	28	387	928	930
6523	28	33	928	930
89073	28	111	928	930
27572	28	178	928	930
48690	28	1475	928	930
56236	28	70	928	930
86094	28	106	928	930
20417	28	307	928	930
65953	28	648	928	930
19801	28	455	928	930
79569	28	364	928	930
18425	28	17201	928	930
25293	28	623	928	930
10275	28	786	928	930
23601	28	198	928	930
19564	28	140	928	930
22706	28	290	928	930
29717	28	12172	928	930
88521	28	159	928	930
47199	28	848	928	930
26266	28	177	928	930
8087	28	239	928	930
34000	28	1195	928	930
44752	28	12172	928	930
79670	28	147	928	930
18118	28	277	928	930
69264	28	135	928	930
57202	28	311	928	930
30458	28	253	928	930
20146	28	74	928	930
43157	28	103	928	930
87465	28	1736	928	930
29083	28	1100	928	930
24336	28	45	928	930
12717	28	30	928	930
41923	28	2179	928	930
26272	28	575	928	930
25062	28	159	928	930
125577	28	344	928	930
25119	28	42	928	930
22148	28	40	928	930
9715	28	840	928	930
42061	28	95	928	930
5373	28	1909	928	930
11706	28	161	928	930
68915	28	286	928	930
22684	28	166	928	930
95216	28	572	928	930
66222	28	248	928	930
27595	28	6741	928	930
26938	28	20	928	930
25490	28	586	928	930
63154	28	637	928	930
30350	28	353	928	930
38269	28	106	928	930
56415	28	95	928	930
51675	28	2385	928	930
48728	28	2713	928	930
24646	28	11066	928	930
93842	28	768	928	930
81127	28	2104	928	930
25787	28	2487	928	930
18714	28	402	928	930
28680	28	1011	928	930
11007	28	1269	928	930
8956	28	178	928	930
79008	28	5797	928	930
74379	28	61	928	930
68810	28	220	928	930
7979	28	28	928	930
13083	28	141	928	930
50376	28	55	928	930
39108	28	3761	928	930
40208	28	25582	928	930
43095	28	293	928	930
51450	28	49	928	930
19608	28	7609	928	930
58629	28	290	928	930
84425	28	35035	928	931
15261	28	50	928	931
22507	28	7459	928	931
47381	28	3667	928	931
73553	28	49	928	931
17036	28	40	928	931
99010	28	5292	928	931
16403	28	134	928	931
4444	28	73	928	931
15587	28	101	928	931
87270	28	134	928	931
10849	28	82	928	931
24706	28	213	928	931
102179	28	531	928	931
57652	28	30560	928	931
96977	28	159	928	931
39995	28	942	928	931
49745	28	12054	928	931
54665	28	269	928	931
12919	28	38	928	931
41003	28	41152	928	931
12941	28	131	928	931
20418	28	140	928	931
90724	28	15797	928	931
31306	28	220	928	931
68090	28	134	928	931
41958	28	176	928	931
79141	28	30	928	931
91560	28	147	928	931
47399	28	164	928	931
163805	23	123009	928	931
118920	28	693	928	931
30696	28	398	928	931
27359	28	30	928	931
64714	28	49	928	931
56975	28	211	928	931
125502	28	439	928	931
32216	28	336	928	931
88228	28	273	928	931
40278	28	8809	928	931
43805	28	400	928	931
41392	28	50	928	931
49735	28	70	928	931
62541	28	76	928	931
61367	28	205	928	931
108858	28	439	928	931
61463	28	608	928	931
36080	28	134	928	931
17940	28	4137	928	931
91551	28	81	928	931
19207	28	24	928	931
112845	28	257	928	931
84540	28	141	928	931
45170	28	164	928	931
148582	28	15464	928	931
110813	28	365	928	931
95011	28	5378	928	931
54690	28	334	928	931
14022	28	104	928	931
44168	28	2096	928	931
10681	28	133	928	931
32297	28	211	928	931
34236	28	120	928	931
93774	28	101	928	931
74437	28	682	928	931
27507	28	265	928	931
26506	28	152	928	931
18507	28	575	928	931
17983	28	12172	928	931
118342	28	149	928	931
85797	28	48	928	931
38276	28	42	928	931
29770	28	429	928	931
87404	28	74	928	931
16786	28	232	928	931
24451	28	49	928	931
82977	28	101	928	931
51719	28	60	928	931
8910	28	82	928	931
90155	28	46	928	931
28165	28	530	928	931
28849	28	380	928	931
16080	28	40	928	931
56855	28	1496	928	931
34891	28	24597	928	931
39880	28	248	928	931
29753	28	400	928	931
13089	28	64	928	931
37262	28	213	928	931
48314	28	40	928	931
32428	28	98	928	931
24923	28	188	928	931
97199	28	531	928	931
96114	28	64	928	932
14200	28	83074	928	932
53140	28	31	928	932
39737	28	46	928	932
63085	28	238	928	932
45318	28	83	928	932
40388	6	209	928	932
14427	28	118	928	932
72208	28	257	928	932
84071	28	969	928	932
34736	28	80	928	932
35404	28	71	928	932
39173	28	38	928	932
17656	28	231	928	932
104930	28	896	928	932
48252	28	422	928	932
52758	28	91	928	932
92669	28	156	928	932
82671	28	117	928	932
26409	28	153	928	932
93539	28	768	928	932
15290	28	47	928	932
38301	28	274	928	932
17974	28	276	928	932
72927	28	82	928	932
20211	28	757	928	932
9504	28	29	928	932
12135	28	142	928	932
51045	28	333	928	932
37177	28	3083	928	932
55182	28	3522	928	932
38366	28	979	928	932
34980	28	123	928	932
9948	28	321	928	932
5718	28	27	928	932
4298	28	142	928	932
15847	28	131	928	932
19457	28	233	928	932
44597	28	768	928	932
49490	28	161	928	932
31445	28	899	928	932
28716	28	13163	928	932
107435	28	936	928	932
81021	28	632	928	932
110351	28	71	928	932
36538	28	252	928	932
38508	28	331	928	932
54386	28	146	928	932
60277	28	143	928	932
44297	28	67	928	932
31124	28	248	928	932
36027	28	199	928	932
6311	28	52	928	932
14639	28	989	928	932
117793	28	109	928	932
36376	28	420	928	932
7315	28	20	928	932
13761	28	178	928	932
49782	28	256	928	932
111285	28	286	928	932
27808	28	603	928	932
24182	28	1559	928	932
76037	28	252	928	932
13402	28	5090	928	932
12071	28	1805	928	932
59679	28	103	928	932
36603	28	269	928	932
18880	28	171	928	932
44300	28	181	928	932
24866	28	494	928	933
39418	28	179	928	933
39433	28	83	928	933
19276	28	22	928	933
19084	28	453	928	933
72751	28	81	928	933
47319	28	168	928	933
86274	28	288	928	933
31432	28	68	928	933
49161	28	276	928	933
73068	28	55	928	933
34274	28	240	928	933
37177	28	106	928	933
71866	28	158	928	933
61463	28	453	928	933
78676	28	247	928	933
47582	28	201	928	933
47871	28	525	928	933
31103	28	235	928	933
12959	28	1129	928	933
81590	28	1102	928	933
48995	14	66807	928	933
42735	28	347	928	933
62107	28	398	928	933
28783	28	28	928	933
24208	28	28	928	933
57348	28	34	928	933
15139	28	88	928	933
32314	28	962	928	933
23695	28	40	928	933
12069	28	575	928	933
128234	28	142	928	933
5723	23	69402	928	933
38233	28	159	928	933
27672	28	135	928	933
25272	28	43	928	933
16695	28	41	928	933
16163	28	42	928	933
72862	28	454	928	934
115718	28	23	928	934
20087	28	830	928	934
17498	28	143	928	934
100679	28	227	928	934
55854	28	269	928	934
101276	28	67	928	934
113946	28	142	928	934
13240	28	564	928	934
97278	28	365	928	934
27348	28	30	928	934
46844	28	309	928	934
22415	28	32	928	934
46596	28	256	928	934
60168	28	199	928	934
21825	28	60	928	934
10722	28	2884	928	934
93665	28	1071	928	934
102204	28	413	928	934
44579	28	73	928	934
21855	28	230	928	934
59517	28	333	928	934
90972	28	1581	928	934
5642	28	41	928	934
16783	28	355	928	934
53056	28	135	928	934
60449	28	463	928	934
38374	28	103	928	934
59282	23	83389	928	934
96452	28	275	928	935
24994	28	961	928	935
91040	23	75448	928	935
30474	28	256	928	935
15938	28	40	928	935
20631	28	71	928	935
20069	28	102	928	935
59468	28	34	928	935
61931	28	531	928	935
22325	28	481	928	935
27300	28	101	928	935
102296	28	228	928	935
22690	28	1283	928	935
58079	28	406	928	935
25869	28	15163	928	935
40159	28	3141	928	935
49227	28	14	928	935
21361	28	22	928	935
43055	28	235	928	935
94778	28	460	928	935
53056	28	463	928	935
29862	28	633	928	935
21463	28	620	928	935
69951	28	150	928	935
38606	28	102	928	935
71610	28	267	928	935
5868	28	77	928	935
16351	28	327	928	935
8232	28	140	928	935
31346	28	477	928	935
74458	28	85	928	935
22415	28	333	928	935
100122	28	31	928	936
72577	28	268	928	936
122175	28	365	928	936
13371	28	206	928	936
54941	28	131	928	936
93473	28	417	928	936
39254	28	267	928	936
41262	28	69	928	936
28627	28	53	928	936
54238	28	202	928	936
30876	28	99	928	936
39056	28	269	928	936
19211	28	52	928	936
150233	28	413	928	936
88208	28	50	928	936
24459	28	170	928	936
9945	28	73	928	936
150233	28	263	928	936
104629	28	199	928	936
54123	28	417	928	936
65762	28	131	928	936
13486	28	164	928	937
31213	28	29	928	937
113073	28	957	928	937
46683	28	452	928	937
26156	28	135	928	937
24387	23	11058	928	937
78418	28	498	928	937
47733	28	460	928	937
37591	30	32663	928	937
21562	28	20	928	937
35762	28	926	928	937
12135	28	1565	928	937
24745	28	206	928	937
33611	28	164	928	937
19608	28	540	928	937
119830	28	15464	928	937
38824	28	95	928	937
82004	28	184	928	937
59561	28	214	928	937
182656	28	2059	928	937
42502	28	1253	928	937
15552	28	240	928	937
86926	28	1156	928	937
10022	28	32	928	937
8629	28	431	928	938
53883	28	327	928	938
24745	28	231	928	938
70825	28	768	928	938
22325	28	661	928	938
27443	28	203	928	938
92402	28	910	928	938
55428	28	32	928	938
20763	28	166	928	938
7062	23	32404	928	938
70169	28	2024	928	938
41930	28	1156	928	938
11835	28	158	928	938
31756	28	14	928	938
40318	28	309	928	939
41070	28	368	928	939
62993	28	630	928	939
108972	28	255	928	939
62505	28	228	928	939
33895	28	228	928	939
22330	28	133	928	939
54383	28	45	928	939
29249	28	20	928	939
49038	28	161	928	939
9296	28	142	928	940
107685	28	242	928	940
68926	28	471	928	940
46188	28	540	928	940
38663	28	550	928	941
7315	28	223	928	941
90699	28	2927	928	941
77268	28	387	928	941
110905	28	32	928	941
24994	28	135	928	941
24678	28	158	928	941
122676	14	4052	928	942
31892	28	454	928	942
81261	28	370	928	942
50360	23	22115	928	942
22115	23	50360	928	942
62459	28	121	928	943
119762	23	75341	928	943
28264	28	553	928	943
154014	28	622	928	943
40971	28	1193	928	944
131322	14	4374	928	944
61655	28	1144	928	944
68606	28	71	928	945
148111	14	4374	928	946
70012	28	360	928	946
5169	23	81607	928	947
12894	23	155347	928	947
63128	16	9	928	948
14592	28	484	928	949
62741	23	82134	928	949
82134	23	62741	928	949
46010	28	161	928	949
14106	23	95386	928	956
105830	23	81848	928	957
60514	28	32	929	0
95862	28	768	929	0
10164	28	714	929	0
71124	28	34	929	0
29455	14	5693	929	0
5659	28	980	929	0
6007	28	1616	929	0
72393	14	3111	929	0
97839	28	1043	929	0
13407	14	4314	929	0
5400	28	828	929	0
31031	14	54976	929	0
23544	28	110	929	0
13841	14	308	929	0
25235	28	4228	929	0
26938	28	82	929	0
116425	28	261	929	0
8534	28	1831	929	0
10243	14	9717	929	0
24914	28	64	929	0
6598	23	117540	929	0
60679	14	100250	929	0
46426	28	864	929	0
57603	14	308	929	0
118731	14	12276	929	0
19300	28	698	929	0
9483	28	39928	929	0
27764	14	308	929	0
47087	28	3255	929	0
9715	28	323	929	0
74639	14	17538	929	0
63629	14	902	929	0
61782	28	66	929	0
87452	14	308	929	0
42417	14	943	929	0
26838	28	120	929	0
90956	28	649	929	0
9355	28	2662	929	0
42460	28	29	929	0
4107	28	14	929	0
36862	28	897	929	0
119906	28	1346	929	0
43474	14	775	929	0
63245	28	106	929	0
31570	28	4228	929	0
27262	28	150	929	0
66581	28	106	929	0
48963	28	68	929	0
16163	28	247	929	0
56119	14	79803	929	0
62759	16	151	929	0
42350	14	7343	929	0
5400	28	82	929	0
21493	28	32	929	0
98578	28	53157	929	0
18249	28	78	929	0
17257	28	32	929	0
43459	14	2368	929	0
14439	28	1588	929	0
76004	14	113456	929	0
20881	28	57	929	0
27912	28	242	929	0
48511	28	32	929	0
30651	28	7560	929	0
34522	23	76861	929	0
24556	28	577	929	0
8574	28	560	929	0
144980	6	284	929	0
30508	28	216	929	0
38140	28	551	929	0
58875	28	4228	929	0
32107	28	5821	929	0
17287	28	56	929	0
16362	28	698	929	0
43218	14	78580	929	0
32754	28	14	929	0
21830	14	2258	929	0
12263	28	3997	929	0
59695	28	7560	929	0
8672	28	206	929	0
43821	28	13720	929	0
77492	16	8	929	0
79156	14	2417	929	0
12899	28	30	929	0
27262	28	12358	929	0
20881	28	20	929	0
54845	28	73	929	0
35614	28	311	929	0
51453	28	140	929	0
42417	14	2995	929	0
71687	28	7560	929	0
57603	14	4413	929	0
64423	14	918	929	0
3655	28	61	929	0
28692	28	14	929	0
24517	28	122	929	0
81399	28	1276	929	0
27262	28	178	929	0
66849	14	827	929	0
46401	14	39285	929	0
27744	28	72	929	0
96568	28	244	929	0
21167	28	161	929	0
21323	28	454	929	0
49590	14	3523	929	0
35505	28	4228	929	0
18518	28	806	929	0
6937	28	3928	929	0
27481	23	36020	929	0
175031	14	32296	929	0
33210	28	14	929	0
27805	14	4611	929	0
95157	28	60883	929	0
22595	28	491	929	0
59841	28	150	929	0
9737	28	4228	929	0
15670	28	1037	929	0
12447	14	764	929	0
111587	14	1706	929	0
67968	23	2549	929	0
95691	23	130307	929	0
28733	28	48	929	0
82041	28	34	929	0
10643	14	444	929	0
153076	28	32	929	0
11029	28	12358	929	0
55015	28	32	929	0
95601	28	298	929	0
57039	28	4193	929	0
36283	28	361	929	0
60449	28	135	929	0
133779	28	768	929	0
86255	6	209	929	0
13690	28	2006	929	0
106280	28	596	929	0
38451	28	739	929	0
83874	23	95664	929	0
13349	28	4139	929	0
40591	28	68	929	0
97839	28	559	929	0
34414	14	308	929	0
7523	14	12787	929	0
32297	28	634	929	0
28942	28	7560	929	0
24035	28	211	929	0
42908	28	228	929	0
32425	23	87866	929	0
118604	28	7560	929	0
67628	14	39030	929	0
63154	28	938	929	0
33427	28	286	929	0
51524	28	7560	929	0
26165	28	55	929	0
106565	28	464	929	0
98439	28	39	929	0
75917	6	24270	929	0
3768	23	130045	929	0
19369	28	60	929	0
110284	14	7055	929	0
44862	14	2964	929	0
18518	28	704	929	0
79637	14	1673	929	0
74379	28	67	929	0
10235	28	251	929	0
43931	14	782	929	0
98439	28	714	929	0
5453	6	284	929	0
79141	28	4228	929	0
102536	14	3348	929	0
24511	14	2258	929	0
79156	14	3721	929	0
39254	28	281	929	0
50413	28	1156	929	0
55692	28	140	929	929
21116	28	575	929	929
33621	28	79	929	929
61009	28	210	929	930
34609	28	2135	929	930
40971	28	20144	929	930
73661	28	2668	929	930
6325	28	1276	929	930
27089	28	44	929	930
63361	28	89	929	930
56305	28	455	929	930
48845	28	2026	929	930
75644	28	3350	929	930
64205	28	31345	929	930
21007	28	5821	929	930
62369	28	45	929	930
101507	28	3990	929	930
21167	28	637	929	930
71687	28	2292	929	930
48963	28	37	929	930
10323	28	79	929	930
77239	28	1043	929	930
82476	28	177	929	930
14641	28	602	929	930
52162	28	460	929	930
82946	28	6984	929	930
29996	28	336	929	930
25110	28	186	929	930
11888	28	347	929	930
22945	28	281	929	930
64418	28	618	929	930
55442	28	933	929	930
25971	28	19	929	930
54937	28	7059	929	930
70737	28	37	929	930
22868	28	594	929	930
104451	28	449	929	930
41331	28	530	929	930
20364	28	40	929	930
20163	28	1772	929	930
10235	28	365	929	930
79068	28	45	929	930
79286	28	1697	929	930
37108	28	170	929	930
79261	28	343	929	930
90542	28	163771	929	930
91395	28	55	929	930
106984	28	888	929	930
49079	28	4228	929	930
14985	28	10458	929	930
79612	28	139	929	930
38206	28	4890	929	930
33004	28	739	929	930
93071	28	150	929	930
99947	28	37	929	930
72359	16	13554	929	930
25602	28	1409	929	930
25414	28	1195	929	930
78508	28	111	929	930
93586	28	282	929	930
90688	28	9215	929	930
17681	28	101	929	930
14439	28	250	929	930
8705	28	188	929	930
38663	28	176	929	930
48793	28	298	929	930
8974	28	251	929	930
8255	28	34	929	930
28667	28	87	929	930
24237	28	447	929	930
104251	28	83	929	930
73040	28	48	929	930
65675	28	361	929	930
23656	28	477	929	930
48908	28	43	929	930
80081	28	551	929	930
52092	28	1492	929	930
12087	28	247	929	930
19742	28	3928	929	930
13900	28	1400	929	930
21550	28	282	929	930
70161	28	3265	929	930
14166	28	81	929	930
9671	28	20	929	930
33215	28	57	929	930
36450	28	158	929	930
28602	28	12358	929	930
74385	28	2411	929	930
18818	28	244	929	930
34510	28	5052	929	930
84755	28	1618	929	930
24517	28	126	929	930
13042	28	922	929	930
72989	28	439	929	930
46561	28	2187	929	930
17785	28	70	929	930
27024	28	1066	929	930
73023	28	211	929	930
20233	28	46	929	930
43034	28	317	929	930
75231	28	210	929	930
59168	28	4228	929	930
23982	28	1269	929	930
91309	28	114	929	930
20307	28	27	929	930
86882	28	81	929	930
5874	28	186	929	930
80741	28	3928	929	930
73040	28	199	929	930
65637	28	1803	929	930
91395	28	347	929	930
50195	28	449	929	930
114905	28	71	929	930
25843	28	2553	929	930
30318	28	178	929	930
93183	28	274	929	930
71660	28	30058	929	930
20551	28	1159	929	930
24337	28	354	929	930
23970	28	732	929	930
34496	28	365	929	930
5253	28	3997	929	930
19369	28	70	929	930
8600	28	1155	929	930
54845	28	41	929	930
71404	28	7876	929	930
37720	28	2210	929	930
22600	28	139	929	930
88057	28	41	929	930
109435	28	365	929	930
44562	28	1359	929	930
39588	28	910	929	930
111882	28	133	929	930
56283	28	1931	929	930
28840	28	72	929	930
45389	28	92	929	930
13866	28	12358	929	930
109856	28	1149	929	930
16377	28	2577	929	930
59561	28	34	929	930
43182	28	1216	929	930
10275	28	2777	929	930
28667	28	1844	929	930
35681	28	235	929	930
11741	28	22726	929	930
126302	28	524	929	930
85797	28	166	929	930
16463	28	2388	929	930
17380	28	400	929	930
20724	28	2668	929	930
109451	28	346	929	930
81390	28	210	929	930
78971	28	1012	929	930
22022	28	51	929	930
34620	28	6560	929	930
109867	28	1844	929	930
48002	28	261	929	930
28398	28	2627	929	930
34664	28	7609	929	930
25089	28	960	929	931
96568	28	291	929	931
11571	28	1034	929	931
9425	28	14	929	931
70930	28	72	929	931
30257	28	32	929	931
21747	28	578	929	931
11747	28	82	929	931
15403	28	354	929	931
86047	28	65	929	931
48132	28	5222	929	931
74416	28	5292	929	931
27262	28	166	929	931
17330	28	5527	929	931
64792	28	282	929	931
21994	28	1733	929	931
5151	28	1924	929	931
65463	28	787	929	931
65470	28	602	929	931
24914	28	87	929	931
101362	28	358	929	931
98322	28	198	929	931
13643	28	353	929	931
73462	28	261	929	931
21618	28	1067	929	931
51975	28	253	929	931
14506	28	535	929	931
102939	28	347	929	931
83425	28	868	929	931
22903	28	109	929	931
26494	28	49	929	931
47178	28	969	929	931
30709	28	51	929	931
85606	28	33	929	931
20192	28	710	929	931
44843	28	44	929	931
40591	28	45	929	931
45407	28	554	929	931
77455	28	99	929	931
100667	28	175	929	931
31008	28	1239	929	931
10022	28	402	929	931
122892	28	71	929	931
19056	28	44	929	931
28109	28	2768	929	931
53889	28	741	929	931
8564	28	22	929	931
36862	28	477	929	931
107999	28	347	929	931
45653	28	43	929	931
51453	28	1951	929	931
125182	28	325	929	931
73781	28	147	929	931
60090	28	1392	929	931
81215	28	201	929	931
72565	28	126	929	931
70514	28	380	929	931
81406	28	336	929	931
25748	28	710	929	931
30658	28	210	929	931
28582	28	643	929	931
20820	28	235	929	931
59453	28	325	929	931
36145	28	37	929	931
23166	28	60	929	931
46742	28	73	929	931
62519	28	164	929	931
49805	28	1102	929	931
84359	28	150	929	931
17050	28	355	929	931
39056	28	174	929	931
13212	28	103	929	931
19698	28	742	929	931
12247	28	40	929	931
51859	28	3649	929	931
30222	28	321	929	931
110290	28	129	929	931
14389	28	111	929	931
106718	28	12172	929	931
23870	28	70374	929	931
39576	28	67	929	931
43948	28	1795	929	931
42806	28	318	929	931
40100	28	365	929	931
95328	28	34	929	931
103124	28	170	929	931
90084	28	147	929	931
13208	28	120	929	931
5732	28	186	929	931
94052	28	610	929	931
33211	28	22	929	931
72371	28	355	929	931
91638	28	122	929	931
17185	28	85	929	931
31246	28	25647	929	931
59683	28	17962	929	931
111665	28	28	929	931
39679	28	251	929	931
11007	28	786	929	931
22706	28	2006	929	931
85979	28	88	929	931
9903	28	160	929	931
27546	28	593	929	931
90115	28	141	929	931
6639	28	47	929	931
154045	28	123	929	931
20711	28	121	929	931
26393	28	290	929	931
14558	28	539	929	931
13114	28	38	929	931
142148	28	610	929	931
13173	28	31	929	931
77268	28	10676	929	931
7076	28	1349	929	931
20047	28	495	929	931
54195	28	220	929	931
137544	28	365	929	931
16108	28	22	929	931
36205	28	32	929	931
93806	28	298	929	931
84034	28	254	929	931
14824	28	2045	929	931
12591	28	1073	929	931
110889	28	291	929	931
27410	28	70	929	931
28925	28	2158	929	931
74286	28	48	929	931
66581	28	1922	929	931
36283	28	475	929	931
41379	28	400	929	931
44288	28	70	929	931
57400	28	31	929	931
39026	28	143	929	931
44344	28	793	929	931
91743	28	121	929	931
22275	28	896	929	931
12799	28	43	929	932
62376	28	102	929	932
133983	28	360	929	932
22130	28	192	929	932
74390	28	31376	929	932
10988	28	1697	929	932
75534	28	837	929	932
42511	28	63	929	932
73466	28	92	929	932
19283	28	530	929	932
20546	28	16	929	932
21116	28	162	929	932
33829	28	3933	929	932
39687	28	77	929	932
22277	28	354	929	932
37661	28	20	929	932
103727	28	37	929	932
31135	28	290	929	932
9483	28	42	929	932
31106	28	830	929	932
75133	28	103	929	932
21007	28	3030	929	932
24777	28	19	929	932
23300	28	64	929	932
35147	28	58	929	932
21069	28	347	929	932
80014	28	23	929	932
45523	28	2525	929	932
28623	28	2422	929	932
87129	28	12971	929	932
9196	28	1268	929	932
6278	28	309	929	932
23043	28	69	929	932
19300	28	106	929	932
3216	23	10978	929	932
18893	28	1874	929	932
28810	28	3030	929	932
12010	28	286	929	932
9936	28	1601	929	932
50985	28	1100	929	932
33708	28	400	929	932
7156	28	4614	929	932
92878	28	147	929	932
28129	28	17201	929	932
11584	28	14	929	932
15648	28	1102	929	932
147408	28	37	929	932
81016	28	176	929	932
10399	28	30	929	932
38028	28	186	929	932
120910	28	48	929	932
82875	28	610	929	932
69173	28	785	929	932
24866	28	86	929	932
25521	28	778	929	932
38846	28	19	929	932
33280	28	31610	929	932
25110	28	85	929	932
53127	28	234	929	932
33026	28	126	929	932
24678	28	22	929	932
9914	28	153	929	932
32026	28	193	929	932
18030	28	70	929	932
26268	28	848	929	932
22417	28	141	929	932
6136	28	31	929	932
18134	28	160	929	932
100804	28	360	929	932
119087	28	280	929	932
34219	28	520	929	932
38398	28	2006	929	932
24048	28	293	929	932
51905	28	185	929	932
30899	28	24597	929	932
44580	28	47067	929	932
33108	28	186	929	932
37160	28	3030	929	932
14641	28	1293	929	932
115443	28	51327	929	932
23544	28	186	929	932
10600	28	2525	929	932
10589	28	77	929	932
9639	28	73	929	932
88615	28	31	929	932
38510	28	49	929	932
128325	28	261	929	932
14771	28	155	929	932
23982	28	786	929	932
17629	28	293	929	932
36243	28	648	929	932
56925	28	78	929	932
17136	28	104	929	932
35978	28	27	929	932
151878	28	531	929	932
16601	28	240	929	932
12099	28	3933	929	932
13987	28	366	929	932
120978	28	573	929	932
38451	28	690	929	932
22949	28	46	929	932
38263	28	365	929	932
86920	28	88	929	932
25342	28	1844	929	933
46545	28	5956	929	933
15167	28	594	929	933
12007	28	23	929	933
22788	28	136	929	933
48521	28	2095	929	933
49072	28	171	929	933
113014	28	273	929	933
72434	28	1556	929	933
54535	28	295	929	933
39336	28	188	929	933
6498	28	92	929	933
27446	28	269	929	933
31096	28	60	929	933
35141	28	455	929	933
53486	28	37	929	933
102067	28	269	929	933
24474	28	3400	929	933
26541	28	16	929	933
69161	28	1392	929	933
6483	28	33732	929	933
28692	28	50	929	933
63716	28	396	929	933
30954	28	1715	929	933
69483	28	83	929	933
23418	28	309	929	933
69566	28	868	929	933
76902	28	76	929	933
83348	28	215	929	933
18500	28	52	929	933
80010	28	9785	929	933
60960	28	73	929	933
59681	28	51	929	933
131759	28	53	929	933
77443	28	748	929	933
94841	28	165	929	933
37054	28	164	929	933
121374	28	141	929	933
14054	28	27	929	933
8690	28	206	929	933
13654	28	43	929	933
130247	28	280	929	933
38140	28	92	929	933
14809	28	58	929	933
16911	28	188	929	933
57194	28	76	929	933
29330	28	355	929	933
38573	28	185	929	933
26014	28	1744	929	933
95664	23	83874	929	933
71815	28	2991	929	933
59169	28	40	929	933
46070	28	502	929	933
40075	28	135	929	933
28355	28	19	929	933
33189	28	41	929	933
32088	28	82	929	933
151034	28	365	929	933
31154	28	2015	929	933
61904	28	275	929	933
21973	28	4235	929	933
15167	28	140	929	933
34219	28	429	929	934
46320	28	402	929	934
62378	28	434	929	934
85511	28	6095	929	934
30584	28	516	929	934
22243	28	30	929	934
19391	28	30	929	934
41232	28	633	929	934
31471	28	392	929	934
70579	28	3879	929	934
14761	28	121	929	934
93316	28	37	929	934
67344	28	73	929	934
13102	28	121	929	934
142931	28	11352	929	934
38252	28	494	929	934
11626	28	109	929	934
57242	28	460	929	934
43109	23	125105	929	934
125105	23	43109	929	934
31655	28	481	929	934
21943	28	1844	929	934
94114	28	321	929	934
45629	28	1475	929	934
6541	28	19	929	934
17898	28	55	929	934
108157	28	213	929	934
111509	28	1753	929	934
13325	28	88	929	934
97919	28	318	929	934
28825	28	193	929	934
52569	28	156	929	934
24534	28	454	929	934
15970	28	698	929	934
38180	28	50	929	934
28942	28	63	929	934
51851	28	39	929	934
100227	28	926	929	934
27497	28	27	929	934
103449	28	1531	929	934
125349	28	277	929	934
60381	28	1495	929	934
22050	28	28	929	934
29902	28	112	929	934
52693	28	420	929	934
50731	28	2015	929	934
72499	28	371	929	935
25639	28	174	929	935
36339	28	70	929	935
134870	28	496	929	935
75732	28	2030	929	935
5859	28	395	929	935
30144	28	41	929	935
16958	28	66	929	935
60071	28	185	929	935
43105	28	214	929	935
93154	28	453	929	935
55151	28	460	929	935
33541	28	235	929	935
49195	28	293	929	935
31933	28	53	929	935
20661	28	34	929	935
21463	28	276	929	935
47790	28	390	929	935
63651	28	309	929	935
81143	28	2030	929	935
79175	28	56	929	935
66511	28	245	929	935
65675	28	387	929	935
43661	23	76972	929	935
76972	23	43661	929	935
108972	28	768	929	935
59687	28	245	929	935
109867	28	175	929	935
16180	28	400	929	935
23196	28	144	929	935
70345	28	819	929	935
12134	28	529	929	935
17974	28	256	929	935
16130	28	623	929	935
58181	28	751	929	935
5898	28	29	929	936
19508	28	112	929	936
27546	28	269	929	936
76349	28	37	929	936
10974	28	50	929	936
72396	28	748	929	936
22701	28	176	929	936
84079	28	345	929	936
29985	28	123	929	936
91404	28	621	929	936
37166	28	46	929	936
53150	28	1903	929	936
15803	28	66	929	936
20824	28	135	929	936
106906	28	261	929	936
79795	28	2027	929	936
64926	28	29	929	936
55208	28	170	929	936
19458	23	11821	929	936
77237	28	550	929	936
24452	28	77	929	936
65923	28	648	929	936
51344	28	135	929	936
33817	28	149	929	936
7100	28	22	929	936
45847	28	475	929	936
9904	28	206	929	936
49573	28	165	929	936
21795	28	800	929	937
12889	28	20	929	937
46905	28	167	929	937
21952	28	1933	929	937
20099	28	169	929	937
89848	28	78	929	937
44254	28	409	929	937
21645	28	143	929	937
108627	28	1023	929	937
92590	16	9	929	937
55924	28	14	929	937
80361	28	82	929	937
51935	28	309	929	937
60118	28	85	929	937
124728	28	224	929	937
30736	28	52	929	937
60176	28	1733	929	937
8316	28	77	929	937
19457	28	32	929	937
43985	28	780	929	937
3915	23	107278	929	937
107278	23	3915	929	937
27203	28	28	929	937
27861	28	1232	929	937
15016	28	364	929	937
76995	28	527	929	937
21423	28	323	929	937
20346	28	52	929	937
15847	28	32	929	937
45789	28	290	929	938
56098	28	4975	929	938
56229	28	68	929	938
82261	28	160	929	938
57413	28	32	929	938
20512	28	136	929	938
29832	28	164	929	938
20690	28	494	929	938
16362	28	1015	929	938
37539	28	295	929	938
68883	28	926	929	938
169398	28	167	929	938
13322	28	184	929	938
72535	28	143	929	938
33716	28	162	929	938
86962	28	257	929	938
70318	28	648	929	938
4856	14	2406	929	938
45925	28	123	929	939
44910	28	1933	929	939
25591	28	256	929	939
140098	28	888	929	939
38335	28	135	929	939
28264	28	661	929	939
35942	28	134	929	939
20233	28	1738	929	939
16023	28	65	929	939
56386	28	242	929	939
27375	28	159	929	939
59938	28	327	929	939
24910	28	191	929	939
29473	28	103	929	939
35132	28	52	929	940
20417	28	329	929	940
44793	28	132	929	940
54392	28	392	929	940
49800	28	461	929	940
20512	28	32	929	940
171770	28	2694	929	940
59444	28	2078	929	940
62761	14	902	929	941
12941	28	32	929	941
107398	28	371	929	941
108671	28	1059	929	941
151494	28	61	929	941
37531	28	60	929	941
69549	28	413	929	941
24666	28	413	929	941
62759	16	6271	929	942
108487	28	452	929	942
65913	28	1808	929	942
7657	28	20	929	943
47060	28	657	929	943
174014	28	633	929	943
57060	28	45	929	943
36585	28	161	929	944
45552	28	193	929	944
81809	16	2429	929	944
38009	28	244	929	944
79553	23	127076	929	944
59324	28	550	929	944
61487	23	5181	929	945
21361	28	223	929	945
36181	28	161	929	945
93756	14	4099	929	946
80032	16	8	929	949
58250	16	6623	929	953
85832	16	9	929	955
146356	23	66208	929	960
11405	28	402	930	0
82914	14	22103	930	0
19140	28	104	930	0
8553	23	11619	930	0
46145	28	805	930	0
22631	28	1368	930	0
24752	28	7953	930	0
97562	23	19705	930	0
60953	28	1922	930	0
15261	28	23	930	0
6280	14	157866	930	0
56037	16	8	930	0
86821	28	7560	930	0
85905	28	353	930	0
11715	28	106	930	0
26505	28	242	930	0
56442	14	13870	930	0
64019	23	55680	930	0
75621	28	4392	930	0
12829	14	4314	930	0
84362	28	4989	930	0
46839	14	1746	930	0
17287	28	79	930	0
24035	28	1245	930	0
6937	28	81	930	0
43102	28	7560	930	0
25639	28	34	930	0
26838	28	1844	930	0
43218	14	902	930	0
7774	28	743	930	0
12816	28	343	930	0
34496	28	4228	930	0
98348	14	3844	930	0
89830	23	77779	930	0
77779	23	89830	930	0
20336	28	281	930	0
25103	14	308	930	0
4444	28	29	930	0
67512	6	2021	930	0
41142	28	12172	930	0
11453	28	158	930	0
34431	28	739	930	0
46426	28	742	930	0
54937	28	79	930	0
36339	28	60	930	0
20736	28	2642	930	0
67219	14	444	930	0
11007	28	2777	930	0
7523	14	308	930	0
86882	28	221	930	0
22034	28	1255	930	0
53203	14	38774	930	0
36497	28	106	930	0
43407	28	72	930	0
14389	28	1922	930	0
122354	28	4700	930	0
50014	14	902	930	0
25388	28	6692	930	0
98932	28	99	930	0
91560	28	166	930	0
123708	14	918	930	0
17858	28	65	930	0
80367	28	3192	930	0
15403	28	594	930	0
71866	28	1102	930	0
28129	28	206	930	0
108301	14	46013	930	0
116425	28	216	930	0
108525	28	8006	930	0
22640	28	7560	930	0
15845	28	699	930	0
21678	14	2995	930	0
64205	28	1844	930	0
71415	1	72470	930	0
124273	28	216	930	0
11394	28	828	930	0
62298	28	2991	930	0
65385	28	55665	930	0
17573	14	1706	930	0
124956	14	3698	930	0
27650	28	333	930	0
168023	14	1343	930	0
46184	28	592	930	0
45038	28	7560	930	0
13430	28	4900	930	0
40388	14	23980	930	0
14587	28	34	930	0
120736	28	153	930	0
108154	28	1922	930	0
57072	28	7560	930	0
31979	28	136	930	0
11484	6	306	930	0
108749	28	238	930	0
67648	14	943	930	0
57400	28	14	930	0
35414	14	1869	930	0
53868	14	5693	930	0
14127	14	308	930	0
41827	28	167	930	0
81567	28	64	930	0
23370	28	14	930	0
78611	14	2789	930	0
6918	28	150	930	0
77744	28	65	930	0
19944	28	661	930	0
68090	28	81	930	0
28819	28	247	930	0
76980	28	1254	930	0
3655	28	3331	930	0
35847	28	160	930	0
34274	28	60	930	0
149528	28	216	930	0
57723	28	95	930	0
31490	14	7134	930	0
68090	28	126	930	0
32171	28	126	930	0
69031	14	1445	930	0
42502	28	281	930	0
54745	28	1244	930	0
70216	14	2964	930	0
43847	6	393	930	0
52272	14	943	930	0
49194	28	361	930	0
29455	14	902	930	0
89250	23	151190	930	0
38600	14	3741	930	0
70592	28	176	930	0
56587	6	1089	930	0
39687	28	53	930	0
30495	28	1149	930	0
24404	28	2413	930	0
29047	14	32251	930	0
8618	28	1813	930	0
14427	28	2006	930	0
76878	28	7560	930	0
120332	14	20600	930	0
45877	14	1746	930	0
11209	14	2783	930	0
27941	28	29850	930	0
59132	14	177363	930	0
15067	28	1164	930	0
71066	28	4049	930	0
48522	28	206	930	0
10959	28	786	930	0
49082	28	623	930	0
26505	28	60	930	0
81399	28	2138	930	0
24369	14	782	930	0
29473	28	594	930	0
10959	28	1269	930	0
76199	28	875	930	0
20736	28	5008	930	0
27572	28	12358	930	0
89659	28	32	930	0
12219	28	126	930	0
50895	28	38	930	0
40121	14	764	930	0
95748	28	704	930	0
123675	6	497	930	0
10854	28	396	930	0
19562	14	93548	930	0
38176	28	131	930	0
87142	28	131	930	0
27024	28	412	930	0
68996	28	12358	930	0
38468	28	1244	930	0
95216	28	5052	930	0
33215	28	86	930	0
24605	28	206	930	0
150353	28	12358	930	0
64849	14	38774	930	0
91867	16	8	930	0
61895	28	714	930	0
61849	28	134	930	0
24556	28	1048	930	0
8922	14	13261	930	0
24116	14	2368	930	0
53814	14	3899	930	0
94672	28	768	930	0
46407	28	2006	930	0
154349	28	10870	930	0
60919	6	270	930	0
22410	28	12172	930	0
19140	28	1844	930	0
19467	14	2384	930	0
68366	14	308	930	0
11508	28	60	930	0
16048	14	9093	930	0
84080	14	943	930	0
31367	28	105	930	0
21952	28	2709	930	0
91867	16	9	930	0
51450	28	64	930	0
20846	28	70399	930	0
56087	14	308	930	0
14427	28	247	930	0
7979	28	40	930	0
31124	28	60	930	0
47090	28	739	930	0
7279	14	13261	930	0
42028	6	12834	930	0
32024	28	1327	930	0
14166	28	12358	930	0
91395	28	53	930	0
120513	14	2797	930	0
109762	16	8	930	0
60654	28	176	930	931
45038	28	265	930	931
33728	28	131488	930	931
39585	28	95	930	931
71660	28	5052	930	931
12816	28	257	930	931
62459	28	176	930	931
84607	28	2409	930	931
85231	28	962	930	931
10860	28	1176	930	931
64716	28	361	930	931
7979	28	81	930	931
8956	28	1102	930	931
35126	28	409	930	931
87899	28	908	930	931
10361	28	155	930	931
88128	28	7560	930	931
6523	28	16	930	931
97682	28	1656	930	931
88615	28	1149	930	931
70653	28	412	930	931
36539	28	35488	930	931
16377	28	361	930	931
18581	28	4781	930	931
60778	28	458	930	931
16463	28	1149	930	931
45389	28	58	930	931
102847	28	57489	930	931
37576	28	666	930	931
22637	28	634	930	931
22684	28	5063	930	931
84230	28	170	930	931
47064	28	1034	930	931
8087	28	1478	930	931
26615	28	102	930	931
18632	28	251	930	931
67279	28	28323	930	931
23366	28	556	930	931
14541	28	132	930	931
74379	28	1244	930	931
56365	28	23912	930	931
20724	28	1806	930	931
42908	28	167	930	931
50195	28	71	930	931
56685	28	283	930	931
67460	28	2098	930	931
51125	28	1321	930	931
7395	28	110	930	931
47666	28	92	930	931
66138	28	277	930	931
123934	28	1743	930	931
10323	28	395	930	931
8255	28	174	930	931
59602	28	14110	930	931
6937	28	10458	930	931
58597	28	4228	930	931
87716	28	10870	930	931
34545	28	24597	930	931
12918	28	496	930	931
20464	28	856	930	931
46188	28	710	930	931
66943	28	18363	930	931
57093	28	1182	930	931
18100	28	56	930	931
78882	28	848	930	931
39108	28	455	930	931
126302	28	469	930	931
49728	28	48	930	931
58435	28	1392	930	931
15916	28	1739	930	931
17380	28	420	930	931
48845	28	1409	930	931
39140	28	4437	930	931
15761	28	623	930	931
50983	28	233	930	931
79795	28	805	930	931
28391	28	708	930	931
29470	28	514	930	931
27404	28	136	930	931
103281	28	6568	930	931
20042	28	649	930	931
78476	28	141	930	931
77239	28	65	930	931
3655	28	6768	930	931
110397	28	232	930	931
38846	28	81	930	931
51675	28	633	930	931
25119	28	89	930	931
38252	28	57	930	931
89607	28	6994	930	931
7813	28	65	930	931
26473	28	361	930	931
74393	28	83	930	931
14166	28	283	930	931
24469	28	4228	930	931
88338	28	836	930	931
19801	28	156	930	931
75621	28	6485	930	931
80081	28	1349	930	931
25235	28	10870	930	931
23970	28	181	930	931
94736	28	210	930	931
14985	28	642	930	931
66138	28	1244	930	931
90688	28	455	930	931
88048	28	1262	930	931
37108	28	220	930	931
16377	28	1752	930	931
27650	28	489	930	931
24337	28	2597	930	931
34426	28	134	930	931
151462	28	309	930	931
93387	28	432	930	931
36450	28	199	930	931
55692	28	4548	930	931
81567	28	629	930	931
50895	28	185	930	931
22537	28	3083	930	931
33662	28	232	930	931
5333	28	65	930	931
71610	28	875	930	931
73765	28	6010	930	931
43163	28	176	930	931
113283	28	114	930	931
25081	28	1259	930	931
19742	28	629	930	931
11773	28	1073	930	931
9024	28	363	930	931
54665	28	214	930	931
86387	28	78	930	931
28661	28	66	930	931
20301	28	377	930	931
10275	28	281	930	931
58291	28	28	930	931
96052	28	81	930	931
11773	28	4228	930	931
13042	28	674	930	931
44300	28	464	930	931
57276	28	1142	930	931
22148	28	169	930	931
8665	28	160	930	931
110455	28	1201	930	931
106280	28	124	930	931
25293	28	233	930	931
38379	28	126	930	931
68606	28	83	930	931
24546	28	797	930	931
28466	28	313	930	931
10235	28	4228	930	931
8574	28	387	930	931
55791	28	3326	930	931
37720	28	311	930	931
27446	28	975	930	931
94052	28	176	930	931
14824	28	221	930	931
109122	28	2210	930	931
26541	28	343	930	931
7774	28	161	930	931
35474	28	164	930	931
66991	28	3030	930	931
31367	28	56	930	931
8705	28	178	930	931
91779	28	1025	930	931
106148	28	72	930	931
81747	28	153	930	931
30350	28	633	930	931
112178	28	102	930	931
46660	28	16	930	931
57409	28	6095	930	931
92692	28	13575	930	931
91638	28	1102	930	931
24404	28	365	930	931
85757	28	1025	930	931
11819	28	247	930	931
11815	28	21358	930	931
17978	28	1206	930	931
106283	28	185	930	931
36378	28	832	930	931
77237	28	176	930	931
76952	28	18395	930	931
105205	28	3550	930	931
74286	28	1102	930	931
19140	28	80	930	931
21396	23	70324	930	931
28733	28	104	930	931
6918	28	53	930	931
89379	28	610	930	931
41517	28	51	930	931
21806	28	1055	930	931
75508	28	406	930	931
82476	28	1244	930	932
25843	28	70	930	932
53664	28	701	930	932
46457	28	395	930	932
11394	28	432	930	932
114290	28	110	930	932
9397	28	979	930	932
35054	28	81	930	932
72396	28	464	930	932
46062	28	629	930	932
16916	28	42	930	932
17613	28	47	930	932
20307	28	105	930	932
41142	28	1676	930	932
23601	28	140	930	932
79612	28	118	930	932
49433	28	2525	930	932
32993	28	1288	930	932
82932	28	951	930	932
49387	28	2997	930	932
24814	28	154	930	932
104451	28	232	930	932
80463	28	871	930	932
20336	28	325	930	932
80502	28	1173	930	932
33029	28	259	930	932
79261	28	442	930	932
22618	28	14	930	932
92967	28	868	930	932
14401	28	150	930	932
5253	28	102	930	932
24646	28	186	930	932
6302	28	383	930	932
96991	28	273	930	932
21323	28	238	930	932
13371	28	336	930	932
51661	28	156	930	932
81185	28	321	930	932
80665	28	1922	930	932
20217	28	358	930	932
16881	28	51662	930	932
36273	28	161	930	932
14750	28	50	930	932
83784	28	50	930	932
55442	28	133	930	932
21319	28	161	930	932
38153	28	1780	930	932
120568	28	941	930	932
74046	28	178	930	932
40318	28	594	930	932
46804	28	98	930	932
83893	28	529	930	932
72402	28	400	930	932
24641	28	235	930	932
56305	28	171	930	932
54452	28	739	930	932
84327	28	217	930	932
43102	28	106	930	932
77443	28	464	930	932
83751	28	7609	930	932
44292	28	134	930	932
21172	28	242	930	932
100975	28	460	930	932
73023	28	56630	930	932
8902	28	343	930	932
15175	28	153	930	932
119562	28	111	930	932
88521	28	3941	930	932
9671	28	27	930	932
90965	28	750	930	932
89661	6	59	930	932
82048	28	1244	930	932
13255	28	169	930	932
48963	28	129	930	932
81390	28	449	930	932
65823	28	221	930	932
11433	28	1739	930	932
66662	28	6485	930	932
48611	28	1100	930	932
37237	28	3997	930	932
30939	28	70	930	932
70667	28	23	930	932
40476	28	967	930	932
45180	28	58	930	932
25248	28	1492	930	932
28398	28	339	930	932
26096	28	281	930	932
64205	28	552	930	932
28160	28	273	930	932
11508	28	286	930	932
33335	28	156	930	932
26938	28	1244	930	932
20146	28	117	930	932
67703	28	112	930	932
57143	28	908	930	932
5677	28	36	930	932
32171	28	91	930	932
49565	28	1027	930	932
18249	28	63	930	932
128783	28	666	930	932
65637	28	3109	930	932
24237	28	354	930	932
74158	28	273	930	932
28355	28	14	930	932
59841	28	221	930	932
86870	28	20789	930	932
20220	28	1910	930	932
84607	28	396	930	932
26938	28	177	930	932
21695	28	4703	930	932
51708	28	152	930	932
154874	28	159	930	932
33461	28	363	930	933
19407	28	1805	930	933
62146	28	49	930	933
46561	28	701	930	933
84630	28	409	930	933
84755	28	37	930	933
63154	28	698	930	933
18545	28	32	930	933
21949	28	323	930	933
6639	28	29	930	933
55389	28	155	930	933
55399	28	185	930	933
74042	28	216	930	933
41794	28	120	930	933
115905	28	5378	930	933
2883	28	55	930	933
37234	28	453	930	933
15460	28	120	930	933
13548	28	321	930	933
12189	28	100	930	933
52637	28	71	930	933
10263	28	265	930	933
19369	28	155	930	933
102601	28	1135	930	933
17013	28	46110	930	933
40451	28	34	930	933
73765	28	554	930	933
23622	28	327	930	933
56415	28	123	930	933
61510	28	3814	930	933
63777	28	417	930	933
21217	28	37088	930	933
79670	28	150	930	933
57652	28	267	930	933
48637	28	317	930	933
25278	28	596	930	933
13795	28	1223	930	933
22707	28	100	930	933
78676	28	109	930	933
36481	28	529	930	933
22924	28	832	930	933
58629	28	38	930	933
5373	28	47	930	933
28820	28	44	930	933
58628	28	1304	930	933
17626	28	95	930	933
24494	28	1156	930	933
35029	28	102	930	933
25062	28	621	930	933
24605	28	513	930	933
70037	28	51	930	933
36099	28	16	930	933
15881	28	220	930	933
13579	28	698	930	933
24440	28	215	930	933
41329	28	131	930	933
23823	28	754	930	933
80948	28	29237	930	933
93071	28	347	930	933
38371	28	960	930	933
30711	28	365	930	933
49801	28	5378	930	933
41402	28	6536	930	933
8095	28	274	930	933
60514	28	211	930	933
86516	28	553	930	933
87249	28	4152	930	933
122636	28	91	930	933
90479	28	134	930	933
111313	28	610	930	933
11494	28	32	930	933
49542	28	453	930	933
90340	28	205	930	933
19009	28	92	930	933
123954	28	105	930	933
17190	28	32	930	933
9253	28	47	930	933
10855	28	244	930	933
35847	28	100	930	933
18381	28	68	930	933
64381	28	44	930	933
71404	28	20144	930	933
18714	28	2030	930	933
64339	28	447	930	933
31751	28	2078	930	933
5659	28	333	930	933
129676	28	48	930	933
33527	28	61	930	933
63361	28	57	930	933
60598	28	52	930	933
10015	28	66	930	933
36033	28	31376	930	933
59688	28	3505	930	933
44547	28	16	930	933
15952	28	594	930	933
9905	28	327	930	933
7792	28	277	930	933
20299	28	739	930	933
20936	28	453	930	933
5874	28	231	930	933
53631	28	43	930	933
80805	28	44	930	933
89974	28	19	930	933
100679	28	1195	930	933
128667	28	1211	930	933
84524	28	829	930	933
68915	28	253	930	933
60047	28	252	930	933
19833	28	77723	930	933
84932	28	15315	930	934
37396	28	530	930	934
46254	28	253	930	934
72007	28	65	930	934
76956	23	78813	930	934
39558	28	206	930	934
27595	28	872	930	934
49444	28	41	930	934
26504	28	986	930	934
105125	28	449	930	934
21937	28	46	930	934
59890	28	78	930	934
26096	28	267	930	934
57202	28	118	930	934
57143	28	32	930	934
11706	28	55	930	934
76831	28	353	930	934
50513	28	274	930	934
8711	28	66	930	934
79008	28	1073	930	934
27278	28	1614	930	934
14285	28	42	930	934
20672	28	17201	930	934
21423	28	424	930	934
43034	28	572	930	934
72996	28	1475	930	934
36473	28	30	930	934
20162	28	19	930	934
88057	28	46	930	934
28680	28	95	930	934
19825	28	2777	930	934
68951	28	228	930	934
87465	28	3400	930	934
57855	28	196	930	934
70161	28	396	930	934
29162	28	98	930	934
24620	28	55	930	934
100472	28	170	930	934
81485	28	238	930	934
27712	28	153	930	934
70592	28	121	930	934
59727	28	230	930	934
44076	28	926	930	934
48511	28	211	930	934
32714	28	132	930	934
35573	28	36	930	934
20561	28	69	930	934
20617	28	181	930	934
28706	28	1036	930	934
17200	28	162	930	934
29642	28	575	930	934
8154	28	23	930	934
58167	28	742	930	934
83776	28	156	930	934
60452	28	117	930	934
23615	28	829	930	934
41331	28	897	930	934
153076	28	610	930	934
31096	28	252	930	934
41998	28	256	930	934
68949	28	269	930	934
79414	28	354	930	934
12534	28	708	930	934
153788	28	325	930	934
71008	28	126	930	934
20466	28	885	930	934
79876	28	2023	930	934
73667	28	71	930	934
31921	28	32	930	934
17344	28	1255	930	934
95814	28	56	930	935
29485	28	60	930	935
8402	28	40	930	935
60978	28	453	930	935
62169	28	594	930	935
9493	28	447	930	935
48690	28	76	930	935
9246	28	159	930	935
79068	28	232	930	935
20008	28	830	930	935
42925	28	346	930	935
41764	28	167	930	935
30057	28	315	930	935
24752	28	175	930	935
41070	28	676	930	935
23479	28	531	930	935
45149	28	257	930	935
27941	28	20	930	935
74190	28	504	930	935
38282	28	1068	930	935
13536	28	179	930	935
36039	28	1238	930	935
127760	28	1922	930	935
22037	28	214	930	936
85442	28	213	930	936
21031	28	149	930	936
20233	28	87	930	936
92189	28	768	930	936
56810	28	228	930	936
25880	28	6625	930	936
48201	28	648	930	936
54618	28	569	930	936
47157	28	836	930	936
28086	28	800	930	936
16783	28	206	930	936
22377	28	211	930	936
10501	28	193	930	936
131688	28	593	930	936
46844	28	594	930	936
10275	28	162	930	936
25240	28	1855	930	936
60978	28	7587	930	936
32952	28	198	930	936
123692	28	268	930	936
40844	28	95	930	936
109856	28	1102	930	936
34536	28	1629	930	936
20661	28	594	930	936
60140	28	527	930	936
55174	28	671	930	936
56285	28	33	930	936
13690	28	1132	930	936
85797	28	69	930	936
33001	28	65	930	936
5659	28	32	930	937
45419	28	615	930	937
27025	28	95	930	937
27586	14	308	930	937
32206	28	276	930	937
13016	28	623	930	937
25987	28	578	930	937
9967	28	33	930	937
56030	28	4810	930	937
36901	28	832	930	937
25971	28	49	930	937
34914	28	343	930	937
107398	28	217	930	937
18514	28	33	930	937
12111	28	494	930	937
75644	28	192	930	937
33816	28	906	930	937
9701	28	244	930	937
33024	28	603	930	937
31978	28	65	930	937
82161	28	217	930	937
80600	28	74	930	937
111844	28	768	930	937
109762	16	9	930	937
76642	14	4052	930	937
82161	28	675	930	937
42826	28	32	930	937
4580	23	55883	930	937
55883	23	4580	930	937
107707	28	452	930	937
26272	28	162	930	937
80224	28	98	930	937
10484	28	168	930	937
26266	28	20	930	938
43157	28	95	930	938
16788	28	364	930	938
101507	28	1400	930	938
11007	28	162	930	938
30876	28	68	930	938
47936	28	242	930	938
27506	28	101	930	938
22945	28	267	930	938
15473	28	52	930	938
140664	28	71	930	938
7298	28	56	930	938
94858	28	73	930	938
6841	23	95696	930	938
109182	28	179	930	938
27691	28	28	930	938
76833	28	68	930	938
110517	28	2593	930	938
61095	23	26989	930	939
61655	28	368	930	939
19791	28	210	930	939
165528	28	350	930	939
54383	28	68	930	939
13877	28	123	930	939
22732	28	213	930	939
121144	28	170	930	939
33094	28	276	930	939
35189	23	18377	930	939
17453	28	142	930	939
24208	28	223	930	939
12001	28	180	930	940
6166	28	227	930	940
5655	28	227	930	940
20417	28	323	930	940
93890	28	470	930	940
28772	28	55	930	940
11706	28	29	930	940
52092	28	336	930	940
69524	28	540	930	940
32631	28	45	930	940
64553	28	926	930	940
18632	28	520	930	940
55015	28	798	930	940
79786	28	261	930	940
70352	28	217	930	940
14577	28	327	930	941
62651	28	578	930	941
57060	28	68	930	941
31058	28	231	930	941
55182	28	510	930	941
92147	28	74	930	941
170985	28	1632	930	941
47904	28	60	930	941
33266	28	49	930	941
33029	28	227	930	941
12544	28	233	930	941
34191	28	161	930	941
52668	28	2331	930	942
135456	28	2371	930	942
84660	28	798	930	942
16377	28	550	930	942
37076	28	76	930	942
22951	28	158	930	942
60469	28	193	930	942
26113	28	470	930	943
32163	28	184	930	943
11043	28	22	930	943
51904	28	174	930	943
69449	28	261	930	943
66131	28	240	930	944
66346	28	29	930	944
98298	28	798	930	944
32728	28	101	930	944
31154	28	244	930	945
72637	28	1058	930	946
18231	28	327	930	946
91289	28	155	930	947
72703	28	22	930	948
23151	23	84838	930	948
84838	23	23151	930	948
36498	28	2371	930	951
48505	14	119578	930	952
53671	23	83949	930	957
39279	23	19213	930	965
150863	23	104282	930	965
82276	28	464	931	0
25308	28	357	931	0
22410	28	1844	931	0
72014	28	361	931	0
83751	28	540	931	0
46517	14	5693	931	0
84373	6	1798	931	0
53916	28	155	931	0
9394	28	5008	931	0
34037	28	592	931	0
30983	28	2439	931	0
63856	14	7271	931	0
99154	28	40814	931	0
99208	6	810	931	0
20551	28	10870	931	0
64418	28	1215	931	0
74450	28	547	931	0
12911	28	30	931	0
11907	28	20	931	0
34623	28	17292	931	0
17136	28	8192	931	0
65675	28	176	931	0
32058	28	117	931	0
71393	28	9028	931	0
76659	28	2098	931	0
77239	28	67	931	0
89486	14	308	931	0
17036	28	14	931	0
58038	14	39285	931	0
63061	28	19	931	0
98578	28	5292	931	0
61849	28	48	931	0
20163	28	642	931	0
13690	28	1014	931	0
54649	28	889	931	0
90609	28	396	931	0
74117	28	547	931	0
67888	28	79	931	0
46660	28	110	931	0
112997	14	229	931	0
45038	28	221	931	0
12496	28	76	931	0
36912	28	9593	931	0
11029	28	17292	931	0
58597	28	53	931	0
43853	14	308	931	0
22631	28	1829	931	0
23498	28	907	931	0
34644	28	206	931	0
66849	14	7271	931	0
103281	28	396	931	0
22984	28	717	931	0
20054	28	193	931	0
59132	14	1445	931	0
50347	14	59155	931	0
139167	14	854	931	0
8922	14	2384	931	0
53814	14	7343	931	0
31445	28	164	931	0
74783	28	8806	931	0
11392	28	1349	931	0
14147	28	1844	931	0
68996	28	17292	931	0
80224	28	80	931	0
18916	28	875	931	0
32003	14	308	931	0
26238	28	24	931	0
59592	14	124007	931	0
8705	28	166	931	0
80428	14	17538	931	0
25342	28	106	931	0
15938	28	24	931	0
58597	28	1244	931	0
26615	28	28	931	0
51263	28	18401	931	0
27359	28	24	931	0
77461	28	4228	931	0
7082	28	20	931	0
15971	28	489	931	0
41658	6	1681	931	0
72393	14	93910	931	0
167021	14	2815	931	0
12799	28	29	931	0
9253	28	14	931	0
7036	14	7980	931	0
56750	28	2686	931	0
13866	28	17292	931	0
73661	28	2701	931	0
144521	16	8	931	0
58875	28	347	931	0
102381	14	2188	931	0
59592	14	168225	931	0
75897	28	1239	931	0
109709	28	165	931	0
59592	14	2297	931	0
32276	28	8192	931	0
23300	28	10870	931	0
10295	28	29	931	0
68815	23	3705	931	0
133184	6	146977	931	0
18249	28	111	931	0
19211	28	24	931	0
32712	28	4178	931	0
10691	28	10870	931	0
100925	28	238	931	0
41142	28	2006	931	0
27282	14	2417	931	0
28661	28	10458	931	0
15845	28	136	931	0
43407	28	1922	931	0
24556	28	9909	931	0
110546	14	2792	931	0
15473	28	24	931	0
37720	28	339	931	0
21007	28	176	931	0
14471	28	1688	931	0
24048	28	60	931	0
48313	28	176	931	0
32191	28	19	931	0
38663	28	241	931	0
79569	28	848	931	0
6252	28	1739	931	0
37262	28	10870	931	0
108924	14	308	931	0
8922	14	4314	931	0
61849	28	152	931	0
45699	14	4413	931	0
32537	14	775	931	0
68442	28	8192	931	0
36243	28	10870	931	0
74175	28	5292	931	0
76456	14	308	931	0
80361	28	105	931	0
28671	28	516	931	0
48114	28	10833	931	0
34351	28	907	931	0
54963	28	74	931	0
15067	28	1531	931	0
129407	14	174664	931	0
24171	28	670	931	0
56588	28	1545	931	0
57194	28	29	931	0
78760	14	308	931	0
27576	28	72	931	0
17875	28	617	931	0
140927	6	1191	931	0
75983	14	3473	931	0
17785	28	620	931	0
6252	28	17292	931	0
8910	28	142	931	0
31979	28	1464	931	0
17657	28	2097	931	0
111665	28	5292	931	0
81439	28	938	931	0
56337	28	321	931	0
12219	28	221	931	0
12135	28	494	931	0
38510	28	14	931	0
44752	28	17292	931	0
8910	28	160	931	0
29253	28	920	931	0
65267	28	634	931	0
16916	28	5292	931	0
8574	28	625	931	0
7243	28	10870	931	0
48252	28	206	931	0
55428	28	70	931	0
76631	28	60	931	0
24056	28	1244	931	0
120911	6	2296	931	0
49112	28	176	931	0
18109	28	60	931	0
36283	28	176	931	0
17693	14	12802	931	0
20192	28	377	931	0
31921	28	489	931	0
108543	28	5292	931	0
70363	28	184	931	0
59575	28	2097	931	0
77205	14	229	931	0
181722	16	1376	931	0
47080	28	2006	931	0
21493	28	211	931	0
68434	28	165	931	0
20631	28	119	931	0
59472	28	2984	931	0
13925	28	53	931	0
9639	28	14	931	0
24678	28	14	931	0
12495	28	5292	931	0
27497	28	188	931	0
77239	28	4228	931	0
12247	28	642	931	0
108236	14	229	931	0
97146	14	902	931	0
9945	28	77	931	0
109709	28	3325	931	0
12112	28	31520	931	0
15852	28	4228	931	0
59387	28	8192	931	0
66366	14	782	931	0
83933	28	361	931	0
98993	28	5292	931	0
46833	28	1302	931	0
58597	28	221	931	0
21943	28	87	931	0
123091	16	9	931	0
79569	28	211	931	0
28602	28	17292	931	0
110824	28	303	931	0
95748	28	1922	931	0
20999	28	164	931	0
11394	28	8192	931	0
95490	28	4228	931	0
89974	28	24	931	0
54450	28	1475	931	0
7243	28	40	931	0
56685	28	559	931	0
61780	28	986	931	931
3952	14	1706	931	931
38711	28	30	931	932
38878	28	73	931	932
96858	28	25582	931	932
25591	28	241	931	932
14587	28	123	931	932
19791	28	119	931	932
7646	28	99	931	932
24703	28	1216	931	932
84540	28	37	931	932
6918	28	422	931	932
17738	28	9602	931	932
99439	28	1242	931	932
15670	28	106	931	932
36283	28	241	931	932
99947	28	848	931	932
41085	28	22	931	932
42556	28	4387	931	932
42756	28	1244	931	932
49292	28	105	931	932
88048	28	1276	931	932
14389	28	265	931	932
24914	28	48	931	932
49728	28	82	931	932
13042	28	1080	931	932
62463	28	629	931	932
89449	28	46	931	932
66138	28	87	931	932
34888	28	274	931	932
53615	28	49	931	932
22156	28	45	931	932
11888	28	8192	931	932
36450	28	277	931	932
55153	28	66	931	932
75048	28	648	931	932
10691	28	274	931	932
91560	28	221	931	932
37139	28	289	931	932
22634	28	64	931	932
86148	28	198	931	932
32375	28	158	931	932
10323	28	717	931	932
88301	28	848	931	932
8600	28	609	931	932
19608	28	1163	931	932
76952	28	1855	931	932
36378	28	231	931	932
24517	28	120	931	932
39548	14	1790	931	932
76462	28	88	931	932
24923	28	79	931	932
47178	28	289	931	932
30350	28	610	931	932
76659	28	280	931	932
28566	28	1461	931	932
11007	28	281	931	932
37661	28	1244	931	932
41379	28	897	931	932
33836	28	32	931	932
69905	28	318	931	932
46660	28	100	931	932
24337	28	715	931	932
20551	28	1129	931	932
64338	28	1971	931	932
13925	28	38	931	932
85625	28	165	931	932
12591	28	2436	931	932
14985	28	1588	931	932
11099	28	3886	931	932
75621	28	392	931	932
20724	28	2593	931	932
90155	28	64	931	932
18447	28	77	931	932
30028	28	161	931	932
94778	28	1052	931	932
77514	28	3141	931	932
21493	28	1597	931	932
56110	28	140	931	932
97344	28	399	931	932
77461	28	2087	931	932
57723	28	266	931	932
171608	28	4003	931	932
94393	28	1752	931	932
13538	28	942	931	932
18447	28	19	931	932
12495	28	49	931	932
110813	28	309	931	932
20711	28	573	931	932
110867	28	891	931	932
44683	28	53	931	932
98274	28	18963	931	932
91638	28	396	931	932
93774	28	274	931	932
47387	28	232	931	932
93387	28	1676	931	932
44288	28	530	931	932
16377	28	241	931	932
58333	28	43235	931	932
87270	28	107	931	932
24923	28	147	931	932
54977	28	402	931	932
64425	28	386	931	932
76069	28	361	931	932
76129	28	1077	931	932
15167	28	34	931	932
26599	28	290	931	932
56685	28	5994	931	932
73553	28	23	931	932
12135	28	57	931	932
18507	28	1259	931	932
6937	28	64	931	932
27939	28	14	931	932
14541	28	365	931	932
44143	28	29	931	932
23346	28	181	931	932
13089	28	73	931	932
17328	28	321	931	932
81964	28	2087	931	932
3655	28	1043	931	932
60778	28	1142	931	932
34794	28	380	931	932
16878	28	89	931	932
70514	28	2338	931	932
57242	28	1156	931	932
7076	28	552	931	932
99233	28	180	931	932
35978	28	73	931	932
14802	28	50	931	932
117218	28	80	931	932
25081	28	1964	931	932
15261	28	63	931	932
77274	28	1730	931	932
93316	28	145	931	932
21860	28	78458	931	932
99154	28	916	931	932
32952	28	164	931	932
33817	28	717	931	932
17380	28	530	931	932
41517	28	265	931	932
9296	28	195	931	932
80081	28	337	931	932
30495	28	221	931	932
55791	28	144	931	932
15403	28	192	931	932
17479	28	149	931	932
91551	28	117	931	932
13349	28	2390	931	932
22637	28	662	931	932
27069	28	65	931	932
47064	28	1588	931	932
19080	28	503	931	932
69843	28	648	931	932
93027	28	3326	931	932
29661	28	216	931	932
9077	28	175	931	932
7774	28	81	931	932
53843	28	105	931	932
97609	28	4650	931	932
27854	28	58	931	932
38379	28	122	931	932
90435	28	766	931	932
77455	28	282	931	932
49896	28	1420	931	932
101103	28	81763	931	932
17050	28	365	931	932
70592	28	3030	931	932
82127	28	592	931	932
12911	28	714	931	932
24563	28	1222	931	932
82942	28	110477	931	932
68090	28	147	931	932
50195	28	210	931	932
62463	28	1071	931	932
27546	28	192	931	932
11571	28	2232	931	932
40827	28	14	931	932
110166	28	1016	931	932
15852	28	1244	931	932
95748	28	723	931	932
103281	28	3265	931	932
16108	28	1102	931	932
7122	1	87254	931	932
24035	28	546	931	932
36969	28	143	931	932
6826	28	30	931	932
94555	28	396	931	932
72444	28	3033	931	932
72565	28	57	931	932
15609	28	29	931	932
43102	28	3011	931	932
31306	28	3326	931	932
42470	28	4483	931	932
24181	28	31	931	932
94138	28	908	931	932
21502	28	1392	931	932
24546	28	897	931	932
20241	28	46	931	932
53140	28	1149	931	932
86821	28	3011	931	932
6639	28	50	931	932
19742	28	3997	931	932
112178	28	53	931	933
70930	28	86	931	933
29681	28	101	931	933
96977	28	615	931	933
39245	28	238	931	933
62541	28	169	931	933
133233	28	365	931	933
73216	28	103	931	933
54745	28	158	931	933
84359	28	117	931	933
85544	28	10512	931	933
84230	28	353	931	933
116536	28	33	931	933
31645	28	1338	931	933
18778	28	1153	931	933
13208	28	422	931	933
20054	28	50	931	933
38921	28	400	931	933
39173	28	82	931	933
11453	28	48	931	933
29476	28	1173	931	933
77744	28	109	931	933
11617	28	100	931	933
22949	28	29	931	933
30429	28	365	931	933
41003	28	2024	931	933
54937	28	629	931	933
8514	28	27	931	933
75060	28	1922	931	933
86995	28	456	931	933
73216	28	456	931	933
137371	28	464	931	933
39026	28	365	931	933
17190	28	211	931	933
18118	28	704	931	933
21132	28	233	931	933
57400	28	22	931	933
106280	28	365	931	933
45038	28	343	931	933
30416	28	51	931	933
48132	28	615	931	933
14166	28	559	931	933
42904	28	101	931	933
39108	28	114	931	933
4444	28	27	931	933
37396	28	60	931	933
51441	28	298	931	933
26506	28	277	931	933
19228	28	141	931	933
23753	28	3325	931	933
45009	28	325	931	933
94052	28	336	931	933
70653	28	1066	931	933
33359	28	1066	931	933
31176	28	1795	931	933
54690	28	26669	931	933
8087	28	82	931	933
47399	28	400	931	933
94453	28	1864	931	933
81406	28	380	931	933
16599	28	214	931	933
54963	28	104	931	933
28162	28	333	931	933
37072	28	353	931	933
124183	28	498	931	933
66581	28	8192	931	933
109362	28	1488	931	933
67288	28	409	931	933
25962	28	1614	931	933
8974	28	796	931	933
94058	28	453	931	933
101362	28	2949	931	933
94971	28	383	931	933
19140	28	221	931	933
18971	28	16	931	933
13480	28	168	931	933
51010	28	6741	931	933
5732	28	40	931	933
91743	28	1960	931	933
28733	28	221	931	933
53728	28	1238	931	933
8665	28	73	931	933
35279	28	4872	931	933
98543	28	872	931	933
56855	28	331	931	933
125182	28	979	931	933
19813	28	16	931	933
30709	28	53	931	933
49735	28	230	931	933
61347	28	409	931	933
27952	28	174	931	933
20418	28	868	931	933
24636	28	5956	931	933
28582	28	355	931	933
61436	28	1922	931	933
20619	28	28	931	933
18985	28	131	931	933
6937	28	1922	931	933
21817	28	2096	931	933
8255	28	143	931	933
40278	28	7953	931	933
13632	28	830	931	933
59877	28	38	931	933
22148	28	969	931	933
80783	28	361	931	933
38975	28	164	931	933
69717	28	1317	931	933
47064	28	1744	931	933
8956	28	78	931	933
6523	28	65	931	933
102179	28	798	931	933
42801	28	244	931	933
67097	28	1098	931	933
38812	28	353	931	933
15614	28	800	931	933
86138	28	159	931	933
51125	28	5572	931	933
10500	28	39	931	933
38276	28	58	931	933
11907	28	49	931	933
71867	28	111	931	933
10681	28	124	931	933
51424	28	140	931	933
34426	28	81	931	933
8475	28	61	931	933
13173	28	36	931	933
44482	28	9843	931	933
61009	28	71	931	933
12111	28	28	931	933
33662	28	119	931	933
27572	28	221	931	933
15257	28	529	931	933
83681	28	71	931	933
11747	28	118	931	933
34620	28	40	931	933
28671	28	10779	931	933
92984	28	344	931	933
69902	28	417	931	933
22010	28	119	931	933
122942	28	145	931	933
52212	28	50	931	933
23982	28	983	931	933
43805	28	797	931	933
66274	28	1136	931	933
48272	28	1488	931	933
13800	28	174	931	933
90635	28	92	931	933
106309	14	15888	931	933
20192	28	9236	931	933
69532	28	477	931	933
8682	28	1922	931	933
33168	28	20144	931	933
13212	28	220	931	933
24706	28	358	931	933
10320	28	398	931	933
21443	28	2752	931	933
5870	28	65	931	934
21658	28	542	931	934
74379	28	177	931	934
82276	28	748	931	934
86995	28	103	931	934
14022	28	139	931	934
51934	28	739	931	934
10363	28	34	931	934
52947	28	109	931	934
89607	28	11985	931	934
14506	28	575	931	934
87906	28	126	931	934
13709	28	199	931	934
8564	28	19	931	934
105205	28	365	931	934
27486	28	22	931	934
22903	28	104	931	934
49317	28	1844	931	934
92180	28	180	931	934
63061	28	49	931	934
16594	28	159	931	934
80372	28	7059	931	934
72014	28	475	931	934
5400	28	1676	931	934
12219	28	139	931	934
81127	28	269	931	934
54990	28	216	931	934
60676	28	768	931	934
86387	28	30	931	934
23938	28	513	931	934
43900	28	86	931	934
42685	28	36	931	934
29996	28	660	931	934
24543	28	797	931	934
17672	28	231	931	934
94736	28	141	931	934
20661	28	174	931	934
56622	28	216	931	934
31485	28	63	931	934
28892	28	5079	931	934
13868	28	46	931	934
11815	28	242	931	934
148338	14	148339	931	934
30222	28	325	931	934
29784	28	621	931	934
56365	28	174	931	934
40488	28	261	931	934
10361	28	530	931	934
77020	28	175	931	934
80065	28	1731	931	934
26615	28	81	931	934
128613	28	661	931	934
19698	28	260	931	934
57652	28	325	931	934
21530	28	67	931	934
40591	28	83	931	934
21136	28	242	931	934
8618	28	41	931	934
44077	28	203	931	934
7395	28	120	931	934
39848	28	5931	931	934
73040	28	490	931	934
98197	28	848	931	934
20820	28	420	931	934
59154	28	177	931	934
22410	28	48	931	934
19198	28	467	931	934
28864	28	666	931	934
32754	28	50	931	934
51150	28	143	931	934
22731	28	68	931	934
72371	28	1035	931	934
60227	23	90713	931	934
53956	28	6380	931	934
53804	28	732	931	934
103629	28	16	931	934
66267	28	1845	931	934
66963	28	69	931	934
45603	28	159	931	934
33114	28	80	931	934
5575	28	44	931	934
59519	28	85	931	934
83571	28	91	931	934
16403	28	265	931	934
17367	28	126	931	934
154045	28	325	931	934
28020	28	213	931	934
8910	28	92	931	934
25272	28	2006	931	934
41055	28	1091	931	934
31453	28	422	931	934
111665	28	64	931	934
17595	28	38	931	934
86599	28	183	931	934
87530	28	398	931	934
141920	28	74	931	934
9952	28	102	931	934
18172	28	2323	931	934
60121	28	73	931	934
9903	28	72	931	934
22441	28	321	931	934
18769	28	65	931	935
12941	28	710	931	935
21747	28	437	931	935
62924	28	937	931	935
98550	23	5664	931	935
98908	28	381	931	935
85606	28	81	931	935
41547	28	6625	931	935
85979	28	41578	931	935
64285	23	4693	931	935
99921	23	99922	931	935
27320	28	37	931	935
27507	28	152	931	935
65152	28	453	931	935
54195	28	143	931	935
27426	28	135	931	935
8731	28	85	931	935
54978	28	102	931	935
31239	28	165	931	935
38978	28	1153	931	935
90972	28	217	931	935
105204	28	37	931	935
20301	28	699	931	935
41290	28	103	931	935
27634	28	14	931	935
10855	28	202	931	935
24500	28	144	931	935
21994	28	630	931	935
30736	28	14	931	935
39491	28	114	931	935
59602	28	144	931	935
23622	28	132	931	935
37576	28	420	931	935
26140	28	58	931	935
23870	28	4483	931	935
105479	28	365	931	935
82220	28	110434	931	935
32084	28	286	931	935
18632	28	529	931	935
25490	28	2019	931	935
47539	28	106	931	935
4610	28	77	931	935
32420	28	82	931	935
46742	28	120	931	935
128290	28	71	931	935
50238	28	216	931	935
19449	28	1245	931	935
70608	28	358	931	935
15406	28	429	931	935
17036	28	36	931	935
14645	28	40	931	935
38340	28	398	931	935
21087	28	77	931	935
29753	28	248	931	935
14477	28	4392	931	935
122532	28	266	931	935
26156	28	4147	931	935
17892	28	153	931	935
40201	28	554	931	935
39983	28	1014	931	935
17338	28	575	931	935
31246	28	123	931	935
111359	28	71212	931	935
74286	28	283	931	935
15971	28	387	931	935
47539	28	1844	931	935
63540	28	14	931	935
21440	28	20	931	935
33211	28	55	931	935
66529	28	51	931	935
101175	28	1596	931	935
24336	28	232	931	935
17875	28	531	931	935
110155	6	59	931	935
88128	28	3011	931	935
47666	28	57	931	935
25119	28	714	931	935
