81288	28	12654	964	965
21216	28	24	964	965
8743	28	354	964	965
51070	28	418	964	965
56707	28	235	964	965
66124	28	2062	964	965
15094	28	583	964	965
69772	28	3884	964	965
107721	28	2196	964	965
27688	28	1410	964	965
94247	28	76745	964	965
79049	28	1147	964	965
16177	28	179	964	965
15569	28	1556	964	965
5705	28	1923	964	965
109202	28	273	964	965
13896	28	233	964	965
25365	28	954	964	965
76426	28	5661	964	965
37638	28	1367	964	965
30099	28	2138	964	965
115580	28	1277	964	965
107104	28	3994	964	965
9703	28	704	964	965
103098	28	32976	964	965
106145	28	1794	964	965
99577	28	5173	964	965
6445	28	1834	964	965
20288	28	1150	964	965
30426	28	26134	964	965
93875	28	3545	964	965
10623	28	215	964	965
106085	28	659	964	965
65189	28	2311	964	965
57980	28	786	964	965
92629	28	673	964	965
18076	28	802	964	965
52875	28	10879	964	965
7574	28	556	964	965
72304	28	1557	964	965
81364	28	720	964	965
38032	28	9811	964	965
20674	28	55740	964	965
42869	28	911	964	965
18396	28	474	964	965
8741	28	723	964	965
83083	28	2682	964	965
15509	28	2608	964	965
4842	28	186	964	965
18760	28	1314	964	965
14555	28	1312	964	965
13006	28	205	964	965
10827	28	56	964	965
93353	28	2692	964	965
71717	28	2227	964	965
11746	28	670	964	965
28497	28	153	964	965
7921	28	251	964	965
72816	28	936	964	965
60204	28	2482	964	965
25547	28	188	964	965
73258	28	1416	964	965
107888	28	1259	964	965
80548	28	357	964	965
21671	28	1195	964	965
67425	28	38435	964	965
19650	28	504	964	965
6347	28	42	964	965
21755	28	174	964	965
31803	28	554	964	965
18331	28	408	964	965
32894	28	1690	964	965
25311	28	2302	964	965
34424	28	12418	964	965
99435	28	3123	964	965
54013	28	18584	964	965
50444	28	1332	964	965
27286	28	394	964	965
42538	28	2381	964	965
90815	28	80442	964	965
114482	28	191	964	965
32935	28	672	964	965
8687	28	92	964	965
35886	28	469	964	965
68881	28	184	964	965
23357	28	21935	964	965
61728	28	358	964	965
72435	28	1098	964	965
38122	28	630	964	965
79609	28	13607	964	965
53375	28	123	964	965
15870	28	4002	964	965
22249	28	378	964	965
102668	28	223	964	965
16529	28	812	964	965
7840	28	277	964	965
32150	28	1063	964	965
70019	28	1030	964	965
145669	28	8523	964	965
26567	28	602	964	965
18533	28	156	964	965
8634	28	239	964	965
9256	28	360	964	965
32946	28	662	964	965
29294	28	3707	964	965
21103	28	925	964	965
42415	28	4047	964	965
38025	28	1139	964	965
12034	28	840	964	965
14209	28	319	964	965
18053	28	1295	964	965
73316	28	4315	964	965
109609	28	11330	964	965
69001	28	1290	964	965
109630	28	10879	964	965
55991	28	1229	964	965
36199	28	1777	964	965
83018	28	723	964	965
94591	28	1945	964	965
6897	28	120	964	965
39277	28	1084	964	965
13292	28	490	964	965
70817	28	2162	964	965
9908	28	2908	964	965
91813	28	1907	964	965
27563	28	456	964	965
8056	28	1136	964	965
20137	28	398	964	965
13822	28	288	964	965
100066	28	2972	964	965
16956	28	4327	964	965
94622	28	1056	964	965
146587	28	278	964	965
16577	28	31393	964	965
83762	28	666	964	965
8619	28	61	964	965
80777	28	4978	964	965
17064	28	4341	964	965
61239	28	121	964	965
24449	28	673	964	965
126927	28	1120	964	965
26108	28	3484	964	965
66838	28	439	964	965
11251	28	313	964	965
18965	28	23	964	965
81550	28	1413	964	965
7719	28	828	964	965
17276	28	1081	964	965
109783	28	38991	964	965
14475	28	111	964	965
25858	28	812	964	965
14691	28	3584	964	965
30598	28	129	964	965
67768	28	1237	964	965
44284	28	2607	964	965
80445	28	742	964	965
51447	28	1210	964	965
8794	28	72	964	965
54469	28	416	964	965
75044	28	8368	964	965
135627	28	2113	964	965
35058	28	4880	964	965
13829	28	2768	964	965
84030	28	2575	964	965
97749	28	114	964	965
109879	28	68	964	965
82270	28	592	964	965
37917	28	969	964	965
124951	28	3642	964	965
51408	28	7177	964	965
67640	28	3465	964	965
66542	28	19092	964	965
26223	28	1012	964	965
93433	28	1339	964	965
25782	28	1654	964	965
10813	28	2469	964	965
15745	28	742	964	965
19340	28	42	964	965
34234	28	192	964	965
68099	28	894	964	965
62852	28	1672	964	965
118965	28	1299	964	965
48671	28	1022	964	965
33607	28	1195	964	965
15087	28	1411	964	965
38352	28	407	964	965
13791	28	3422	964	965
12346	28	2087	964	965
31592	28	792	964	965
38598	28	760	964	965
59693	28	690	964	965
67855	28	2270	964	965
40330	28	462	964	965
27098	28	2713	964	965
101190	28	1527	964	965
29724	28	580	964	965
66680	28	9409	964	965
17532	28	971	964	965
40252	28	107	964	965
44010	28	672	964	965
54949	28	478	964	965
109130	28	3132	964	965
36465	28	313	964	965
11429	28	1155	964	965
84504	28	1084	964	965
46664	28	2156	964	965
78380	28	2519	964	965
40919	28	580	964	965
51444	28	625	964	965
15378	28	1384	964	965
64416	28	2114	964	965
28539	28	222	964	965
58897	28	2949	964	965
59719	28	120	964	965
44370	28	399	964	965
77542	28	461	964	965
8132	28	628	964	965
55933	28	5043	964	965
30961	28	263	964	965
9810	28	257	964	965
89692	28	889	964	965
38805	28	74	964	965
9761	28	150	964	965
75260	28	1067	964	965
41951	28	168	964	965
39614	28	908	964	965
37259	28	2196	964	965
33129	28	1867	964	965
59780	28	8163	964	965
25031	28	597	964	965
19143	28	239	964	965
29319	28	1561	964	965
14184	28	828	964	965
64559	28	2598	964	965
35343	28	1465	964	965
34681	28	2334	964	965
8476	28	17987	964	965
26591	28	752	964	965
47674	28	9409	964	965
19313	28	1030	964	965
13817	28	51051	964	965
31365	28	635	964	965
58122	28	8198	964	965
19621	28	597	964	965
91349	28	1643	964	965
17286	28	5197	964	965
12572	28	1275	964	965
34595	28	1980	964	965
89989	28	6909	964	965
85298	28	1672	964	965
67329	28	2545	964	965
75521	28	99	964	965
56873	28	2320	964	965
19622	28	86313	964	965
38130	28	1675	964	965
72165	28	4509	964	965
16358	28	27	964	965
26700	28	1399	964	965
11224	28	959	964	965
73406	28	1557	964	965
11223	28	3422	964	965
73622	28	967	964	965
10540	28	568	964	965
66795	28	5442	964	965
34768	28	1345	964	965
102160	28	5369	964	965
30764	28	1998	964	965
66660	28	1012	964	965
111979	28	1847	964	965
48957	28	437	964	965
41533	28	4324	964	965
127651	28	3323	964	965
18188	28	257	964	965
26845	28	162	964	965
38058	28	769	964	965
55058	28	2153	964	965
8905	28	39	964	965
36965	28	829	964	965
9774	28	283	964	965
91243	28	1688	964	965
61323	28	1290	964	965
29641	28	856	964	965
16817	28	111	964	965
13339	28	1024	964	965
34565	28	407	964	965
9286	28	4978	964	965
39320	28	1006	964	965
15833	28	206	964	965
94954	28	2968	964	965
24526	28	609	964	965
18733	28	205	964	965
86594	28	220	964	965
17477	28	2086	964	965
43027	28	486	964	965
12655	28	900	964	965
12753	28	288	964	965
170258	28	5246	964	965
63274	28	61554	964	965
25789	28	1220	964	965
55984	28	1492	964	965
24220	28	1649	964	965
52756	28	1623	964	965
34930	28	1208	964	965
36964	28	321	964	965
47691	28	236	964	965
22446	28	236	964	965
18143	28	47	964	965
21169	28	43	964	965
80917	28	2131	964	965
31596	28	73	964	965
108462	28	20941	964	965
34334	28	2408	964	965
40938	28	483	964	965
89332	28	5107	964	965
49815	28	1923	964	965
40767	28	294	964	965
52812	28	3129	964	965
7489	28	201	964	965
94139	28	1253	964	965
108649	28	1436	964	965
13820	28	504	964	965
26709	28	1163	964	965
8309	28	5420	964	965
19476	28	1259	964	965
12063	28	42	964	965
24878	28	1555	964	965
26419	28	241	964	965
16696	28	332	964	965
12698	28	5481	964	965
81557	28	3064	964	965
21020	28	254	964	965
74412	28	1112	964	965
51181	28	3467	964	965
141225	28	608	964	965
20588	28	136	964	965
93846	28	1861	964	965
59640	28	3700	964	965
117683	28	2689	964	965
43023	28	994	964	965
13344	28	277	964	965
90752	28	199	964	965
21757	28	994	964	965
55738	28	4268	964	965
7906	28	213	964	965
75533	28	401	964	965
20648	28	2103	964	965
74746	28	3995	964	965
17504	28	580	964	965
83182	28	605	964	965
54391	28	24654	964	965
11381	28	392	964	965
96308	28	1351	964	965
66073	28	101	964	965
48947	28	5971	964	965
57461	28	2334	964	965
69769	28	720	964	965
67477	28	2649	964	965
103996	28	1265	964	965
67325	28	888	964	965
112924	28	1672	964	965
60036	28	117	964	965
72308	28	1755	964	965
11641	28	86	964	965
60579	28	7901	964	965
28935	28	257	964	965
20555	28	44314	964	965
22047	28	1492	964	965
28092	28	2166	964	965
6934	28	1643	964	965
64967	28	1083	964	965
72328	28	570	964	965
16308	28	1138	964	965
12843	28	266	964	965
21257	28	842	964	965
13006	28	119	964	965
93175	28	110522	964	965
11463	28	628	964	965
23597	28	888	964	965
53987	28	1169	964	965
148401	28	232	964	965
26850	28	843	964	965
14631	28	496	964	965
29998	28	134	964	965
51620	28	1135	964	965
17650	28	415	964	965
60854	28	110557	964	965
75782	28	13277	964	965
10163	28	1677	964	965
80602	28	2363	964	965
60694	28	2564	964	965
7028	28	168	964	965
75424	28	1333	964	965
35083	28	1695	964	965
61239	28	3354	964	965
28724	28	1237	964	965
94827	28	4181	964	965
24644	28	3222	964	965
8419	28	99301	964	965
18002	28	557	964	965
63116	28	774	964	965
7382	28	1783	964	965
7166	28	710	964	965
83009	28	2724	964	965
89351	28	911	964	965
100525	28	2204	964	965
106657	28	2228	964	965
6315	28	1740	964	965
9230	28	627	964	965
11231	28	398	964	965
81269	28	3810	964	965
21015	28	568	964	965
44604	28	293	964	965
36059	28	1331	964	965
69446	28	263	964	965
19088	28	496	964	965
65333	28	2242	964	965
8494	28	160	964	965
92873	28	2072	964	965
70674	28	119	964	965
21961	28	2943	964	965
34482	28	1882	964	965
80011	28	482	964	965
27621	28	2908	964	965
76243	28	992	964	965
18831	28	571	964	965
48503	28	1651	964	965
84125	28	3597	964	965
47407	28	1018	964	965
11333	28	1356	964	965
100831	28	564	964	965
58605	28	478	964	965
77541	28	11331	964	965
12126	28	897	964	965
51689	28	552	964	965
19771	28	42	964	965
28817	28	1766	964	965
110684	28	8033	964	965
13403	28	666	964	965
88451	28	1249	964	965
56479	28	2489	964	965
27256	28	28949	964	965
16807	28	17469	964	965
68313	28	36888	964	965
58234	28	571	964	965
35944	28	12800	964	965
14799	28	30	964	965
27830	28	1332	964	965
37302	28	643	964	965
41589	28	552	964	965
171640	28	1201	964	965
24049	28	107	964	965
29159	28	186	964	965
12292	28	186	964	965
18024	28	82	964	965
95041	28	8915	964	965
81620	28	1596	964	965
35276	28	1150	964	965
37783	28	131	964	965
18391	28	387	964	965
50417	28	401	964	965
38836	28	307	964	965
79956	28	171	964	965
78694	28	5052	964	965
14936	28	260	964	965
29894	28	692	964	965
38430	28	621	964	965
7821	28	429	964	965
7966	28	501	964	965
44668	28	7901	964	965
94543	28	1331	964	965
128535	28	4410	964	965
32223	28	3542	964	965
11062	28	888	964	965
108768	28	1208	964	965
69144	28	232	964	965
28485	28	1828	964	965
52869	28	250	964	965
79471	28	1388	964	965
6039	28	92	964	965
86979	28	1672	964	965
67570	28	2152	964	965
8507	28	1731	964	965
23048	28	578	964	965
31857	28	73	964	965
18486	28	1032	964	965
32347	28	5420	964	965
11430	28	211	964	965
115559	28	1614	964	965
22081	28	462	964	965
76022	28	145	964	965
8979	28	909	964	965
7616	28	2142	964	965
108834	28	1623	964	965
110819	28	570	964	965
140471	28	2941	964	965
11574	28	1020	964	965
89953	28	694	964	965
79860	28	3074	964	965
21175	28	423	964	965
15930	28	675	964	965
77503	28	1557	964	965
127553	28	1985	964	965
28831	28	1280	964	965
36381	28	940	964	965
42628	28	6095	964	965
66352	28	4011	964	965
18460	28	1336	964	965
32236	28	123	964	965
17383	28	421	964	965
12195	28	554	964	965
56217	28	2666	964	965
93541	28	4268	964	965
48351	28	67	964	965
128755	28	930	964	965
63020	28	2538	964	965
9306	28	842	964	965
13517	28	595	964	965
65806	28	992	964	965
33091	28	556	964	965
26741	28	5057	964	965
22954	28	72	964	965
6587	28	501	964	965
33979	28	2320	964	965
110138	28	3388	964	965
75717	28	1238	964	965
26024	28	1030	964	965
102377	28	2740	964	965
77333	28	3148	964	965
12115	28	3129	964	965
59541	28	794	964	965
10441	28	848	964	965
57950	28	311	964	965
53797	28	3387	964	965
63601	28	434	964	965
32129	28	607	964	965
34757	28	516	964	965
28580	28	1012	964	965
15884	28	5262	964	965
21035	28	2641	964	965
106744	28	1677	964	965
26584	28	1932	964	965
14658	28	3139	964	965
119346	28	1980	964	965
115065	28	6497	964	965
126521	28	1725	964	965
9610	28	912	964	965
69100	28	2480	964	965
71224	28	346	964	965
62722	28	110	964	965
27984	28	8498	964	965
56199	28	5755	964	965
26786	28	334	964	965
37286	28	1080	964	965
90106	28	1641	964	965
105366	28	860	964	965
14596	28	380	964	965
30741	28	3819	964	965
70569	28	395	964	965
50068	28	77464	964	965
59134	28	3674	964	965
149815	28	140617	964	965
18413	28	581	964	965
10383	28	758	964	965
107718	28	2959	964	965
60396	28	1762	964	965
25435	28	784	964	965
36558	28	114	964	965
89620	28	357	964	965
16710	28	1146	964	965
16935	28	1136	964	965
60022	28	745	964	965
94438	28	18706	964	965
46017	28	1725	964	965
31121	28	186	964	965
47245	28	1458	964	965
9407	28	1659	964	965
51613	28	1302	964	965
95029	28	3435	964	965
62054	28	564	964	965
111041	28	13844	964	965
16069	28	80	964	965
5162	28	793	964	965
17668	28	4268	964	965
81981	28	19402	964	965
70545	28	1088	964	965
55526	28	1484	964	965
6230	28	1138	964	965
88402	28	4002	964	965
71094	28	19949	964	965
96159	28	80298	964	965
17372	28	1810	964	965
10843	28	1923	964	965
59527	28	1853	964	965
57007	28	3750	964	965
102249	28	2172	964	965
17712	28	191	964	965
129061	28	1073	964	965
15449	28	1367	964	965
9132	28	158	964	965
150027	28	119	964	965
39907	28	5070	964	965
17376	28	19402	964	965
9992	28	105	964	965
20944	28	48	964	965
10558	28	550	964	965
83442	28	1614	964	965
173060	23	173061	964	965
18496	28	482	964	965
100047	28	2353	964	965
7197	28	85	964	965
78046	28	703	964	965
75219	28	815	964	965
27643	28	3815	964	965
95104	28	1112	964	965
95412	28	263	964	965
39572	28	33883	964	965
38729	28	710	964	965
25474	28	205	964	965
28334	28	416	964	965
111139	28	78389	964	965
59391	28	129	964	965
9923	28	1088	964	965
106059	28	28731	964	965
9612	28	6407	964	965
41584	28	703	964	965
21589	28	1277	964	965
8099	28	912	964	965
12565	28	366	964	965
69151	28	1462	964	965
25906	28	2576	964	965
18419	28	2117	964	965
30410	28	1172	964	965
92572	28	780	964	965
75219	28	118	964	965
41723	28	2207	964	965
16373	28	311	964	965
92622	28	509	964	965
20052	28	311	964	965
76879	28	1060	964	965
94764	28	133	964	965
6782	28	653	964	965
84934	28	1423	964	965
102312	28	2904	964	965
78040	28	86313	964	965
67324	28	1054	964	965
69949	28	445	964	965
36375	28	11092	964	965
173421	28	12408	964	965
20017	28	3668	964	965
40934	28	504	964	965
36787	28	2959	964	965
33063	28	2058	964	965
33877	28	263	964	965
30866	28	1811	964	965
129240	28	1653	964	965
112394	28	234	964	965
67776	28	2517	964	965
18738	28	784	964	965
139945	28	8229	964	965
10111	28	803	964	965
29032	28	839	964	965
51117	28	191	964	965
10480	28	162	964	965
22425	28	357	964	965
5076	28	47	964	965
39902	28	4341	964	965
19415	28	110	964	965
63036	28	1492	964	965
76212	28	2843	964	965
12530	28	609	964	965
47795	28	596	964	965
47751	28	5481	964	965
27201	28	889	964	965
59233	28	1543	964	965
84226	28	2050	964	965
94904	28	2724	964	965
28513	28	1525	964	965
48241	28	1006	964	965
50538	28	266	964	965
37953	28	1232	964	965
19385	28	634	964	965
69026	28	19484	964	965
20036	28	3767	964	965
123458	28	1111	964	965
136334	28	21233	964	965
93020	28	911	964	965
25997	28	1853	964	965
80375	28	483	964	965
72980	28	1413	964	965
13931	28	27	964	965
44650	28	1112	964	965
45682	28	552	964	965
18499	28	437	964	965
125943	28	1629	964	965
17689	28	535	964	965
143566	28	2853	964	965
60074	28	1333	964	965
17170	28	1158	964	965
7690	28	528	964	965
33746	28	42	964	965
129278	28	4363	964	965
23281	28	628	964	965
18451	28	1115	964	965
81131	28	4057	964	965
69555	28	2083	964	965
80669	28	783	964	965
86385	28	13277	964	965
129419	28	741	964	965
49391	28	64	964	965
91595	28	770	964	965
85071	28	1533	964	965
46681	28	617	964	965
71792	28	2228	964	965
19358	28	12270	964	965
85479	28	2162	964	965
33006	28	2697	964	965
94980	28	3284	964	965
19748	28	232	964	965
24079	28	1853	964	965
44877	28	4331	964	965
51300	28	1672	964	965
20557	28	1484	964	965
20574	28	718	964	965
11415	28	1475	964	965
71314	28	1238	964	965
32012	28	8165	964	965
53388	28	150889	964	965
28839	28	1769	964	965
75290	28	12348	964	965
96127	28	1460	964	965
76509	28	3194	964	965
20734	28	49	964	965
31153	28	1115	964	965
35711	28	1832	964	965
108058	28	1117	964	965
15777	28	9811	964	965
52347	28	842	964	965
50932	28	47852	964	965
78881	28	3304	964	965
10602	28	483	964	965
74141	28	1147	964	965
11157	28	73	964	965
58387	28	1010	964	965
18254	28	274	964	965
16224	28	694	964	965
39777	28	486	964	965
24606	28	2434	964	965
35636	28	649	964	965
13311	28	355	964	965
50937	28	578	964	965
18681	28	399	964	965
35943	28	1595	964	965
53044	28	931	964	965
123770	28	617	964	965
41511	28	617	964	965
67287	28	313	964	965
14195	28	1336	964	965
44161	28	986	964	965
79596	28	1147	964	965
19618	28	2904	964	965
16321	28	1067	964	965
25991	28	509	964	965
71329	28	1058	964	965
8500	28	2154	964	965
58814	28	474	964	965
57009	28	1057	964	965
93914	28	748	964	965
88043	28	1831	964	965
83254	28	77	964	965
92283	28	1238	964	965
61659	28	681	964	965
15981	28	3222	964	965
27911	28	673	964	965
25426	28	1543	964	965
24442	28	580	964	965
40666	28	758	964	965
110330	28	1446	964	965
127361	28	10874	964	965
18265	28	39	964	965
18889	28	704	964	965
120846	28	1436	964	965
81229	28	678	964	965
30662	28	1195	964	965
45160	28	675	964	965
18012	28	384	964	965
12412	28	646	964	965
21433	28	104	964	965
12519	28	752	964	965
66564	28	295	964	965
23787	28	1340	964	965
70980	28	7901	964	965
45046	28	1007	964	965
61013	28	286	964	965
129358	28	2011	964	965
44610	28	2808	964	965
43245	28	4246	964	965
90008	28	242	964	965
21506	28	1417	964	965
20548	28	933	964	965
29134	28	1174	964	965
17390	28	205	964	965
45517	28	3449	964	965
79702	28	20930	964	965
77938	28	1112	964	965
34138	28	887	964	965
28878	28	1077	964	965
49656	28	703	964	965
58977	28	40645	964	965
12406	28	69631	964	965
30375	28	2052	964	965
8799	28	179	964	965
21888	28	1179	964	965
49649	28	9376	964	965
71569	28	1074	964	965
17042	28	175	964	965
39736	28	1411	964	965
74790	28	330	964	965
69209	28	897	964	965
111470	28	703	964	965
19888	28	527	964	965
95039	28	394	964	965
51690	28	2846	964	965
23436	28	2228	964	965
69635	28	2153	964	965
25838	28	318	964	965
92018	28	1731	964	965
71200	28	4560	964	965
122550	28	4631	964	965
151480	28	18363	964	965
11382	28	1316	964	965
60364	28	2695	964	965
21575	28	1785	964	965
40251	28	1576	964	965
101273	28	156	964	965
27593	28	739	964	965
23690	28	476	964	965
32805	28	462	964	965
8621	28	42	964	965
90341	28	1134	964	965
11429	28	388	964	965
14901	28	445	964	965
94364	28	30827	964	965
129831	28	499	964	965
7192	28	1161	964	965
18027	28	922	964	965
27208	28	139	964	965
20914	28	1099	964	965
107576	28	972	964	965
7969	28	2142	964	965
53714	28	400	964	965
36543	28	386	964	965
25982	28	401	964	965
129043	28	5508	964	965
21911	28	394	964	965
20707	28	21732	964	965
15886	28	1058	964	965
10636	28	92	964	965
36361	28	713	964	965
34542	28	54	964	965
39964	28	217	964	965
52905	28	1794	964	965
29153	28	4410	964	965
12517	28	357	964	965
80008	28	6989	964	965
103805	28	1741	964	965
30014	28	682	964	965
44173	28	407	964	965
6097	28	171	964	965
31947	28	4092	964	965
44256	28	1312	964	965
21580	28	1666	964	965
56518	28	1832	964	965
7419	28	141	964	965
42664	28	967	964	965
18597	28	6528	964	965
19219	28	2959	964	965
7120	28	79	964	965
83961	28	38888	964	965
16203	28	1394	964	965
26007	28	1641	964	965
16272	28	219	964	965
68263	28	614	964	965
35483	28	930	964	965
20226	28	1331	964	965
23025	28	778	964	965
68234	28	2563	964	965
32444	28	133	964	965
46920	28	8678	964	965
22668	28	707	964	965
62977	28	647	964	965
38104	28	263	964	965
59704	28	255	964	965
7679	28	214	964	965
90448	28	1099	964	965
85746	28	2482	964	965
12312	28	276	964	965
25905	28	3475	964	965
15522	28	5790	964	965
6794	28	1390	964	965
6437	28	50	964	965
16705	28	416	964	965
19678	28	435	964	965
137582	28	2125	964	965
23314	28	1691	964	965
99528	28	4018	964	965
38454	28	669	964	965
17345	28	912	964	965
7107	28	481	964	965
57430	28	1080	964	965
42931	28	476	964	965
20906	28	30	964	965
10168	28	1331	964	965
29655	28	942	964	965
110848	28	502	964	965
69970	28	5160	964	965
26927	28	351	964	965
37159	28	1115	964	965
50449	28	4375	964	965
25672	28	1232	964	965
15377	28	558	964	965
14548	28	1905	964	965
70267	28	236	964	965
4776	28	47	964	965
97822	28	71592	964	965
11540	28	1409	964	965
94169	28	2334	964	965
27188	28	295	964	965
115496	28	2105	964	965
60378	28	1276	964	965
18856	28	1279	964	965
43751	28	73	964	965
21771	28	848	964	965
34016	28	18	964	965
30955	28	2324	964	965
13571	28	1763	964	965
73807	28	1839	964	965
38625	28	99	964	965
62842	28	58144	964	965
17465	28	355	964	965
65026	28	725	964	965
20701	28	22755	964	965
17624	28	798	964	965
102438	28	4403	964	965
18539	28	18363	964	965
83701	28	1396	964	965
87326	28	1420	964	965
34832	28	883	964	965
60492	28	1618	964	965
52579	28	3058	964	965
82111	28	1333	964	965
14775	28	23	964	965
54445	28	1320	964	965
84905	28	1105	964	965
42279	28	693	964	965
27267	28	8955	964	965
39077	28	1269	964	965
8315	28	23	964	965
11894	28	2914	964	965
9860	28	2255	964	965
49380	28	1811	964	965
51869	28	398	964	965
14341	28	1531	964	965
6214	28	219	964	965
10535	28	31	964	965
46651	28	52712	964	965
23356	28	1147	964	965
12333	28	1655	964	965
13337	28	1529	964	965
18143	28	580	964	965
81850	28	441	964	965
29216	28	149792	964	965
11068	28	1155	964	965
9571	28	557	964	965
90888	28	791	964	965
40760	28	1229	964	965
86083	28	27658	964	965
41082	28	848	964	965
69764	28	288	964	965
56982	28	1659	964	965
75507	28	17824	964	965
91805	28	3002	964	965
8537	28	477	964	965
16055	28	401	964	965
123221	28	18653	964	965
4322	28	168	964	965
124263	28	3323	964	965
15196	28	627	964	965
21601	28	2649	964	965
12689	28	123	964	965
29646	28	1514	964	965
76615	28	3416	964	965
15482	28	8871	964	965
16407	28	12891	964	965
20541	28	26368	964	965
12024	28	2959	964	965
31703	28	159	964	965
48711	28	1471	964	965
53528	28	485	964	965
53735	28	355	964	965
21492	28	1553	964	965
28161	28	732	964	965
75515	28	22476	964	965
15474	28	580	964	965
9432	28	901	964	965
5625	28	122	964	965
50373	28	15006	964	965
59607	28	555	964	965
93571	28	161	964	965
7436	28	118	964	965
88452	28	5194	964	965
88072	28	2117	964	965
121288	28	1269	964	965
74204	28	2544	964	965
63578	28	259	964	965
14986	28	54	964	965
109498	28	1324	964	965
94827	28	1731	964	965
90814	28	416	964	965
96864	28	1243	964	965
7058	28	100	964	965
34841	28	1882	964	965
9386	28	602	964	965
12141	28	44	964	965
36635	28	1421	964	965
17002	28	501	964	965
79836	28	2534	964	965
13712	28	1444	964	965
57861	28	718	964	965
29892	28	535	964	965
11049	28	110	964	965
79081	28	2480	964	965
55973	28	614	964	965
88568	28	30476	964	965
42704	28	910	964	965
52744	28	1118	964	965
50100	28	1624	964	965
93562	28	1134	964	965
26962	28	133	964	965
30659	28	35912	964	965
78312	28	2692	964	965
12393	28	551	964	965
85173	28	5755	964	965
14237	28	2974	964	965
13759	28	371	964	965
23037	28	251	964	965
23159	28	255	964	965
47536	28	896	964	965
28195	28	2740	964	965
36396	28	507	964	965
51571	28	509	964	965
8231	28	1514	964	965
23497	28	1295	964	965
36197	28	617	964	965
25648	28	742	964	965
32593	28	666	964	965
9413	28	401	964	965
73253	28	2072	964	965
93448	28	416	964	965
58660	28	2607	964	965
82978	28	3765	964	965
32706	28	979	964	965
44653	28	1115	964	965
86694	28	45515	964	965
15721	28	1543	964	965
86287	28	2532	964	965
12675	28	86	964	965
82330	28	2338	964	965
111701	28	17824	964	965
33534	28	5469	964	965
59790	28	741	964	965
70063	28	1077	964	965
9003	28	1661	964	965
13511	28	2072	964	965
28140	28	186	964	965
16846	28	122	964	965
93148	28	1479	964	965
33013	28	891	964	965
13728	28	2397	964	965
94591	28	2198	964	965
47669	28	79	964	965
92638	28	2007	964	965
87145	28	2682	964	965
38582	28	71	964	965
63719	28	1404	964	965
12700	28	15634	964	965
13668	28	3174	964	965
152920	28	129	964	965
21238	28	602	964	965
70296	28	455	964	965
61312	28	527	964	965
50550	28	462	964	965
76501	28	3739	964	965
93090	28	977	964	965
14058	28	1553	964	965
9328	28	67	964	965
95339	28	1061	964	965
53891	28	1050	964	965
33005	28	673	964	965
38103	28	940	964	965
80611	28	887	964	965
89666	28	2807	964	965
23820	28	95	964	965
8407	28	4841	964	965
84433	28	4328	964	965
18692	28	6049	964	965
38681	28	3103	964	965
61085	28	7968	964	965
51378	28	1052	964	965
106734	28	2115	964	965
23527	28	758	964	965
44156	28	1115	964	965
80678	28	812	964	965
87625	28	1484	964	965
74692	28	2189	964	965
56765	28	881	964	965
30075	28	1081	964	965
19063	28	988	964	965
110000	28	5798	964	965
42702	28	857	964	965
15920	28	787	964	965
38622	28	3222	964	965
31909	28	445	964	965
27183	28	509	964	965
38415	28	20310	964	965
92817	28	1096	964	965
44193	28	313	964	965
18123	28	280	964	965
31374	28	416	964	965
38337	28	19	964	965
144892	28	2311	964	965
145967	28	369	964	965
13638	28	1077	964	965
50788	28	2381	964	965
9869	28	166	964	965
36079	28	509	964	965
9850	28	120	964	965
111250	28	5211	964	965
27993	28	681	964	965
78776	28	1830	964	965
18480	28	160	964	965
120770	28	2105	964	965
26532	28	570	964	965
42324	28	416	964	965
6454	28	407	964	965
76495	28	17438	964	965
57549	28	680	964	965
12367	28	578	964	965
38325	28	509	964	965
53262	28	617	964	965
22783	28	203	964	965
48440	28	254	964	965
28188	28	72	964	965
18046	28	509	964	965
96814	28	31240	964	965
64010	28	12647	964	965
19400	28	803	964	965
102495	28	9879	964	965
5588	28	154	964	965
25741	28	1331	964	965
88794	28	50	964	965
7296	28	168	964	965
37271	28	2445	964	965
55550	28	3941	964	965
35070	28	266	964	965
110788	28	1527	964	965
18187	28	787	964	965
143502	28	1004	964	965
16055	28	215	964	965
129474	28	4682	964	965
81684	28	3848	964	965
80085	28	1783	964	965
88184	28	1027	964	965
46737	28	2160	964	965
42118	28	786	964	965
19920	28	525	964	965
57003	28	1332	964	965
9884	28	672	964	965
45679	28	1160	964	965
20857	28	4272	964	965
38265	28	463	964	965
12670	28	1417	964	965
25799	28	109	964	965
9091	28	857	964	965
28757	28	647	964	965
68215	28	42	964	965
111770	28	4157	964	965
26031	28	1653	964	965
14868	28	2087	964	965
11387	28	3744	964	965
77224	28	213	964	965
53784	28	1275	964	965
11709	28	5420	964	965
57332	28	4324	964	965
24562	28	3868	964	965
110307	28	1600	964	965
17414	28	46	964	965
72395	28	1127	964	965
19372	28	2965	964	965
30345	28	673	964	965
23160	28	416	964	965
23195	28	1221	964	965
27228	28	2302	964	965
20348	28	578	964	965
12579	28	403	964	965
68670	28	3386	964	965
105483	28	2773	964	965
95093	28	7083	964	965
47660	28	703	964	965
18987	28	4937	964	965
13493	28	4480	964	965
104971	28	786	964	965
32250	28	891	964	965
28247	28	432	964	965
127236	28	3387	964	965
11878	28	504	964	965
101035	28	6458	964	965
44859	28	1136	964	965
66024	28	1067	964	965
9197	28	1465	964	965
7869	28	1867	964	965
75702	28	3561	964	965
15932	28	416	964	965
101567	28	70251	964	965
129703	28	109129	964	965
20800	28	510	964	965
88699	28	904	964	965
10980	28	1023	964	965
86973	28	4927	964	965
36791	28	877	964	965
84382	28	3002	964	965
107195	28	495	964	965
50577	28	1624	964	965
16976	28	627	964	965
36783	28	311	964	965
54691	28	1598	964	965
80534	28	231	964	965
85276	28	239	964	965
83950	28	20	964	965
5967	28	1165	964	965
88230	28	1399	964	965
16209	28	2440	964	965
34766	28	1543	964	965
48900	28	92	964	965
50542	28	719	964	965
54945	28	32626	964	965
14554	28	710	964	965
108088	28	2187	964	965
23653	28	2859	964	965
51656	28	580	964	965
15856	28	3930	964	965
20814	28	1465	964	965
36528	28	3777	964	965
32593	28	201	964	965
81770	28	2489	964	965
105443	28	3836	964	965
42857	28	5089	964	965
43883	28	1896	964	965
22986	28	509	964	965
87169	28	13351	964	965
44852	28	1531	964	965
17778	28	255	964	965
68380	28	1677	964	965
69877	28	47852	964	965
73197	28	3354	964	965
49691	28	1195	964	965
12351	28	1055	964	965
43994	28	1182	964	965
53919	28	2708	964	965
38925	28	3433	964	965
49756	28	67	964	965
99158	28	239	964	965
32829	28	1210	964	965
33362	28	842	964	965
59773	28	6983	964	965
128518	28	1661	964	965
68940	28	2457	964	965
56682	28	1985	964	965
82412	28	1257	964	965
47746	28	1610	964	965
59244	28	1867	964	965
36224	28	508	964	965
11652	28	866	964	965
10228	28	842	964	965
14305	28	44	964	965
42505	28	515	964	965
102835	28	1056	964	965
72038	28	1367	964	965
8794	28	551	964	965
95846	28	328	964	965
32303	28	634	964	965
37111	28	769	964	965
38524	28	2180	964	965
43027	28	121	964	965
70265	28	3700	964	965
12047	28	1461	964	965
58083	28	674	964	965
87610	28	2785	964	965
64158	28	1057	964	965
83034	28	1002	964	965
86705	28	42747	964	965
69695	28	7190	964	965
10182	28	1081	964	965
129860	28	4682	964	965
34681	28	292	964	965
14735	28	954	964	965
38216	28	139	964	965
40147	28	107	964	965
86123	28	203	964	965
105912	28	6497	964	965
72348	28	3465	964	965
95151	28	2151	964	965
76985	28	45697	964	965
41749	28	117	964	965
60337	28	3414	964	965
67262	28	39	964	965
10851	28	1120	964	965
76832	28	4185	964	965
22576	28	214	964	965
46388	28	1054	964	965
82991	28	401	964	965
48683	28	1316	964	965
13646	28	1963	964	965
39866	28	1049	964	965
66687	28	1351	964	965
47991	28	377	964	965
23857	28	48	964	965
66172	28	1571	964	965
22520	28	1900	964	965
81486	28	793	964	965
66429	28	232	964	965
52673	28	2196	964	965
59806	28	436	964	965
13090	28	86	964	965
15643	28	1365	964	965
63527	28	11105	964	965
22702	28	967	964	965
100657	28	2187	964	965
12379	28	1668	964	965
16708	28	133	964	965
55815	28	2338	964	965
67286	28	927	964	965
107380	28	3525	964	965
15900	28	1192	964	965
12514	28	110	964	965
12712	28	292	964	965
89826	28	1672	964	965
10206	28	235	964	965
10684	28	122	964	965
15755	28	1936	964	965
30685	28	106	964	965
8454	28	1806	964	965
66451	28	2899	964	965
26182	28	1009	964	965
38440	28	575	964	965
81386	28	2519	964	965
35383	28	2788	964	965
81786	28	482	964	965
6266	28	150	964	965
12566	28	1828	964	965
41041	28	295	964	965
55582	28	1115	964	965
8055	28	289	964	965
67198	28	126019	964	965
12335	28	1626	964	965
20878	28	694	964	965
45171	28	995	964	965
12444	28	554	964	965
36190	28	598	964	965
84134	28	14120	964	965
37747	28	2607	964	965
44389	28	146	964	965
33058	28	485	964	965
16780	28	998	964	965
16210	28	289	964	965
5491	28	14190	964	965
44468	28	620	964	965
67081	28	399	964	965
95290	28	4682	964	965
55395	28	139	964	965
37263	28	1025	964	965
39214	28	503	964	965
77885	28	4509	964	965
105842	28	570	964	965
23694	28	451	964	965
7188	28	556	964	965
18432	28	1080	964	965
109217	28	1806	964	965
65826	28	26274	964	965
103786	28	13351	964	965
62392	28	478	964	965
130581	28	4488	964	965
38630	28	1207	964	965
57872	28	1398	964	965
13116	28	496	964	965
46245	28	2131	964	965
36215	28	2434	964	965
67667	28	2608	964	965
53151	28	2538	964	965
76535	28	32121	964	965
68652	28	949	964	965
30190	28	1572	964	965
35874	28	659	964	965
111323	28	1137	964	965
16919	28	830	964	965
31626	28	627	964	965
36668	28	211	964	965
6957	28	79	964	965
129127	28	36244	964	965
53689	28	3467	964	965
43495	28	837	964	965
48440	28	119	964	965
97837	28	22922	964	965
79762	28	930	964	965
51878	28	232	964	965
101024	28	363	964	965
38428	28	1563	964	965
13498	28	37	964	965
44865	28	1883	964	965
64455	28	1150	964	965
39699	28	1467	964	965
36689	28	1218	964	965
68358	28	13027	964	965
59994	28	887	964	965
15978	28	1444	964	965
70508	28	1457	964	965
14440	28	185	964	965
14739	28	587	964	965
15023	28	2280	964	965
28774	28	2103	964	965
24468	28	1731	964	965
35264	28	2904	964	965
26892	28	1233	964	965
102890	28	6080	964	965
35010	28	3268	964	965
47978	28	19159	964	965
19076	28	2247	964	965
13196	28	1077	964	965
10216	28	46726	964	965
17439	28	72	964	965
26888	28	3337	964	965
7850	28	61	964	965
71283	28	3871	964	965
107797	28	797	964	965
83174	28	21137	964	965
6683	28	87	964	965
7553	28	557	964	965
11312	28	3153	964	965
74901	28	1115	964	965
14950	28	107	964	965
20056	28	1976	964	965
17874	28	3750	964	965
17720	28	16153	964	965
94612	28	581	964	965
103306	28	2150	964	965
30670	28	478	964	965
29186	28	703	964	965
138183	28	3323	964	965
95166	28	792	964	965
16590	28	6255	964	965
45865	28	5971	964	965
42057	28	54	964	965
54861	28	1033	964	965
96803	28	770	964	965
18804	28	60362	964	965
35740	28	760	964	965
78454	28	4594	964	965
44324	28	1068	964	965
76969	28	1552	964	965
32936	28	1090	964	965
19225	28	5160	964	965
7667	28	2481	964	965
56827	28	703	964	965
7681	28	504	964	965
13150	28	232	964	965
63971	28	5935	964	965
77506	28	290	964	965
111692	28	7675	964	965
19499	28	307	964	965
26230	28	107	964	965
82874	28	370	964	965
111878	28	21243	964	965
82952	28	1388	964	965
9950	28	723	964	965
110415	28	2837	964	965
41860	28	1162	964	965
93527	28	62401	964	965
19810	28	1332	964	965
17661	28	428	964	965
64325	28	465	964	965
28495	28	2187	964	965
18923	28	434	964	965
89799	28	1110	964	965
24583	28	630	964	965
16344	28	1118	964	965
43507	28	1727	964	965
43022	28	839	964	965
17876	28	23	964	965
31480	28	1354	964	965
69757	28	73	964	965
20493	28	179	964	965
75462	28	486	964	965
20642	28	355	964	965
61557	28	61554	964	965
51687	28	1146	964	965
46525	28	483	964	965
69224	28	401	964	965
103072	28	366	964	965
51861	28	442	964	965
129246	28	7117	964	965
83822	28	1542	964	965
95198	28	3129	964	965
25453	28	910	964	965
76873	28	3642	964	965
58767	28	1762	964	965
32332	28	511	964	965
50381	28	2678	964	965
11922	28	119	964	965
51820	28	1882	964	965
48617	28	647	964	965
58234	28	41	964	965
51854	28	236	964	965
9391	28	428	964	965
34093	28	1302	964	965
79012	28	1514	964	965
72827	28	86164	964	965
32329	28	509	964	965
81032	28	3500	964	965
23989	28	364	964	965
17000	28	67	964	965
40482	28	617	964	965
92921	28	3414	964	965
154624	28	35016	964	965
19605	28	159	964	965
25595	28	1289	964	965
24483	28	260	964	965
53855	28	1134	964	965
33075	28	894	964	965
24510	28	750	964	965
98220	28	565	964	965
29499	28	3467	964	965
96963	28	3092	964	965
7297	28	1036	964	965
31761	28	2159	964	965
17658	28	1169	964	965
35473	28	786	964	965
42827	28	85	964	965
26797	28	214	964	965
24230	28	332	964	965
38161	28	1364	964	965
92141	28	303	964	965
36986	28	4244	964	965
55356	28	5798	964	965
22217	28	992	964	965
12532	28	583	964	965
15302	28	6224	964	965
28052	28	1147	964	965
126771	28	99	964	965
72156	28	5123	964	965
44728	28	188	964	965
87574	28	1672	964	965
28544	28	37158	964	965
14346	28	913	964	965
33034	28	1340	964	965
54430	28	803	964	965
89005	28	1001	964	965
70690	28	984	964	965
20911	28	618	964	965
17020	28	792	964	965
33449	28	1733	964	965
5910	28	149	964	965
119649	28	22174	964	965
41208	28	1325	964	965
106042	28	742	964	965
65516	28	1471	964	965
21160	28	203	964	965
42385	28	9376	964	965
19466	28	390	964	965
41753	28	825	964	965
26373	28	1268	964	965
21046	28	696	964	965
44600	28	4092	964	965
129247	28	167	964	965
78557	28	1066	964	965
35159	28	1806	964	965
72549	28	1411	964	965
6669	28	839	964	965
66381	28	1410	964	965
94684	28	482	964	965
19201	28	725	964	965
92351	28	2399	964	965
18169	28	608	964	965
84078	28	1867	964	965
34263	28	1653	964	965
44210	28	2117	964	965
5289	28	155	964	965
46747	28	872	964	965
123096	28	24521	964	965
59000	28	937	964	965
80509	28	740	964	965
42507	28	144	964	965
13751	28	550	964	965
9806	28	1027	964	965
69274	28	6763	964	965
21928	28	4268	964	965
44044	28	614	964	965
73571	28	819	964	965
10742	28	525	964	965
70188	28	255	964	965
7748	28	511	964	965
95111	28	1325	964	965
31373	28	26713	964	965
23419	28	612	964	965
81173	28	3739	964	965
26222	28	432	964	965
9379	28	46	964	965
74193	28	406	964	965
69957	28	1462	964	965
7180	28	715	964	965
10284	28	503	964	965
20409	28	502	964	965
130566	28	719	964	965
18797	28	1024	964	965
17018	28	527	964	965
69980	28	54427	964	965
59443	28	673	964	965
25969	28	1505	964	965
123061	28	8240	964	965
102546	28	1896	964	965
72736	28	2713	964	965
77133	28	158	964	965
74647	28	1608	964	965
7806	28	401	964	965
104641	28	703	964	965
32126	28	1806	964	965
48059	28	2128	964	965
49700	28	1416	964	965
59829	28	692	964	965
57983	28	159	964	965
93001	28	1356	964	965
24458	28	4201	964	965
18013	28	103	964	965
42215	28	620	964	965
88987	28	2467	964	965
137848	28	27670	964	965
81919	28	3051	964	965
41525	28	1512	964	965
108186	28	429	964	965
28392	28	2187	964	965
33715	28	6935	964	965
125917	28	360	964	965
17225	28	842	964	965
25897	28	609	964	965
56284	28	202	964	965
21403	28	435	964	965
85319	28	2241	964	965
19146	28	483	964	965
38311	28	171	964	965
70538	28	2668	964	965
28926	28	1115	964	965
11789	28	554	964	965
92741	28	35757	964	965
153795	28	23952	964	965
53400	28	2649	964	965
46927	28	528	964	965
68830	28	2720	964	965
44803	28	451	964	965
29711	28	319	964	965
94623	28	2050	964	965
27648	28	1484	964	965
79546	28	236	964	965
20861	28	3422	964	965
62116	28	911	964	965
54846	28	1508	964	965
13458	28	2087	964	965
15322	28	602	964	965
39104	28	282	964	965
35969	28	4866	964	965
39340	28	58880	964	965
10480	28	422	964	965
42716	28	860	964	965
76356	28	2196	964	965
11206	28	14648	964	965
11593	28	1137	964	965
35181	28	1263	964	965
18697	28	1834	964	965
14986	28	179	964	965
28845	28	913	964	965
38131	28	1434	964	965
88538	28	67	964	965
59696	28	3304	964	965
89695	28	2467	964	965
150638	28	183599	964	965
26955	28	2423	964	965
83005	28	131	964	965
27979	28	107	964	965
59316	28	3058	964	965
44735	28	83	964	965
83539	28	888	964	965
106352	28	36120	964	965
14468	28	1312	964	965
183710	28	43973	964	965
16259	28	77	964	965
42520	28	159	964	965
110667	28	36	964	965
70353	28	2079	964	965
23177	28	1332	964	965
89877	28	1254	964	965
109099	28	4588	964	965
5251	28	16565	964	965
27873	28	16413	964	965
77924	28	1012	964	965
80767	28	2854	964	965
85888	28	213	964	965
32360	28	2846	964	965
155088	28	1023	964	965
70275	28	4185	964	965
18013	28	456	964	965
39666	28	3871	964	965
10896	28	537	964	965
59236	28	1019	964	965
19852	28	1484	964	965
21189	28	63	964	965
60468	28	1169	964	965
155108	28	232	964	965
20037	28	195	964	965
130053	28	1794	964	965
94391	28	1597	964	965
70891	28	1211	964	965
24935	28	369	964	965
38171	28	3433	964	965
59227	28	28794	964	965
26485	28	608	964	965
52523	28	15637	964	965
152956	28	37	964	965
27905	28	1766	964	965
57803	28	2062	964	965
30790	28	1107	964	965
23523	28	1368	964	965
6181	28	82	964	965
38249	28	370	964	965
20221	28	238	964	965
15666	28	3767	964	965
120566	28	887	964	965
85186	28	10874	964	965
42042	28	10913	964	965
21657	28	70	964	965
64240	28	507	964	965
17055	28	30	964	965
40870	28	477	964	965
95698	28	1600	964	965
12288	28	332	964	965
4985	28	139	964	965
26446	28	2551	964	965
110438	28	911	964	965
22653	28	129	964	965
87733	28	3267	964	965
129903	28	1159	964	965
10930	28	912	964	965
20679	28	1204	964	965
13801	28	502	964	965
13504	28	1921	964	965
99989	28	590	964	965
86497	28	797	964	965
44982	28	120	964	965
17968	28	6257	964	965
11131	28	276	964	965
73811	28	7612	964	965
16441	28	1420	964	965
9643	28	802	964	965
33522	28	580	964	965
80122	28	1478	964	965
32907	28	2528	964	965
25865	28	891	964	965
9564	28	70	964	965
14568	28	920	964	965
54514	28	791	964	965
38098	28	1536	964	965
88151	28	5669	964	965
90452	28	1423	964	965
38552	28	78	964	965
86059	28	1134	964	965
32650	28	1127	964	965
60283	28	5088	964	965
69201	28	1054	964	965
25710	28	1762	964	965
14060	28	427	964	965
60481	28	662	964	965
21958	28	1935	964	965
35557	28	789	964	965
25712	28	74	964	965
31449	28	73	964	965
31919	28	506	964	965
28595	28	181	964	965
64578	28	1134	964	965
34981	28	386	964	965
27913	28	1507	964	965
19500	28	405	964	965
27361	28	346	964	965
35075	28	752	964	965
64280	28	3267	964	965
14155	28	485	964	965
52768	28	1874	964	965
42510	28	1896	964	965
94438	28	4002	964	965
8751	28	1265	964	965
81617	28	1056	964	965
6534	28	100	964	965
28766	28	555	964	965
38207	28	1779	964	965
62784	28	2445	964	965
59307	28	1985	964	965
88944	28	21137	964	965
14728	28	451	964	965
19406	28	703	964	965
31235	28	15092	964	965
11704	28	3997	964	965
38429	28	3366	964	965
107245	28	3105	964	965
21451	28	759	964	965
153798	28	3058	964	965
93587	28	3750	964	965
25109	28	796	964	965
75361	28	848	964	965
9824	28	42	964	965
82676	28	1155	964	965
14701	28	2145	964	965
24162	28	118	964	965
128757	28	8663	964	965
22067	28	1030	964	965
63633	28	803	964	965
14646	28	401	964	965
6995	28	40	964	965
115316	28	67	964	965
23035	28	17084	964	965
40910	28	1320	964	965
76740	28	646	964	965
11321	28	104	964	965
33283	28	1213	964	965
23617	28	481	964	965
22813	28	107	964	965
87195	28	843	964	965
23438	28	919	964	965
56534	28	1794	964	965
93524	28	2218	964	965
82298	28	1084	964	965
16039	28	129	964	965
70613	28	5630	964	965
82059	28	17415	964	965
89222	28	160	964	965
59559	28	1074	964	965
18161	28	4341	964	965
56395	28	303	964	965
48259	28	614	964	965
83179	28	132	964	965
17886	28	101	964	965
11763	28	840	964	965
42733	28	1237	964	965
13945	28	2688	964	965
47610	28	22347	964	965
30923	28	568	964	965
63375	28	43120	964	965
69253	28	985	964	965
116467	28	2959	964	965
77305	28	6547	964	965
77642	28	5243	964	965
78853	28	2189	964	965
26330	28	1654	964	965
77542	28	101	964	965
20706	28	742	964	965
62402	28	3514	964	965
24163	28	569	964	965
9030	28	1464	964	965
50863	28	1058	964	965
38674	28	531	964	965
32868	28	4971	964	965
74504	28	1134	964	965
9853	28	828	964	965
39088	28	643	964	965
70997	28	1028	964	965
10839	28	888	964	965
25735	28	1234	964	965
34275	28	357	964	965
9385	28	2607	964	965
62593	28	1030	964	965
72591	28	150	964	965
11693	28	1552	964	965
32776	28	65	964	965
125648	28	315	964	965
6102	28	377	964	965
38634	28	1835	964	965
60912	28	821	964	965
17547	28	2196	964	965
64865	28	4410	964	965
9053	28	503	964	965
154517	28	378	964	965
95707	28	1731	964	965
27757	28	1208	964	965
23787	28	786	964	965
130598	28	3058	964	965
71655	28	71592	964	965
22715	28	3561	964	965
19680	28	1032	964	965
42616	28	313	964	965
21464	28	9420	964	965
24616	28	1871	964	965
67031	28	92	964	965
51893	28	3995	964	965
33263	28	1693	964	965
31539	28	313	964	965
70137	28	142	964	965
35507	28	965	964	965
41878	28	2558	964	965
119768	28	180	964	965
14695	28	598	964	965
67955	28	495	964	965
65876	28	708	964	965
33242	28	1279	964	965
59894	28	881	964	965
8381	28	716	964	965
4587	28	122	964	965
23575	28	81	964	965
22964	28	1302	964	965
11555	28	20	964	965
9239	28	1008	964	965
82290	28	5971	964	965
60105	28	6529	964	965
43126	28	398	964	965
80987	28	890	964	965
16942	28	4594	964	965
75489	28	8057	964	965
57792	28	3674	964	965
65513	28	4605	964	965
65786	28	2740	964	965
63692	28	3674	964	965
101160	28	1651	964	965
43300	28	1084	964	965
35406	28	7098	964	965
36448	28	1963	964	965
26764	28	1656	964	965
96973	28	718	964	965
8753	28	104	964	965
89670	28	1164	964	965
19489	28	282	964	965
27657	28	5246	964	965
78696	28	1697	964	965
64961	28	2802	964	965
90725	28	1730	964	965
51927	28	2849	964	965
106402	28	4631	964	965
91841	28	1410	964	965
109184	28	811	964	965
48795	28	293	964	965
68451	28	39	964	965
33366	28	171	964	965
78856	28	1150	964	965
19440	28	233	964	965
32256	28	2724	964	965
31632	28	1177	964	965
44102	28	1172	964	965
11642	28	99	964	965
57458	28	675	964	965
32180	28	1006	964	965
53632	28	4092	964	965
13421	28	977	964	965
88720	28	224	964	965
92488	28	2274	964	965
101291	28	18653	964	965
154807	28	263	964	965
125647	28	881	964	965
11241	28	331	964	965
21797	28	199	964	965
44702	28	251	964	965
56430	28	516	964	965
61785	28	9409	964	965
106129	28	13277	964	965
10299	28	888	964	965
17314	28	1331	964	965
21819	28	2697	964	965
51047	28	1402	964	965
10657	28	171	964	965
94546	28	99058	964	965
93311	28	13412	964	965
40669	28	519	964	965
36907	28	748	964	965
106770	28	19092	964	965
93211	28	4403	964	965
90392	28	3765	964	965
17634	28	1306	964	965
45951	28	7411	964	965
34397	28	922	964	965
74527	28	13607	964	965
40166	28	442	964	965
37436	28	900	964	965
44663	28	3058	964	965
93793	28	2517	964	965
51731	28	2324	964	965
37643	28	3058	964	965
50192	28	914	964	965
58859	28	4841	964	965
24554	28	537	964	965
39220	28	1192	964	965
31940	28	381	964	965
48674	28	3997	964	965
54482	28	21935	964	965
80266	28	894	964	965
24804	28	28	964	965
15979	28	1698	964	965
24090	28	1243	964	965
14646	28	215	964	965
7699	28	72	964	965
29750	28	1134	964	965
6430	28	355	964	965
57422	28	2766	964	965
56413	28	2196	964	965
12593	28	134	964	965
42246	28	920	964	965
38310	28	3933	964	965
24712	28	673	964	965
8262	28	72	964	965
129109	28	2050	964	965
12897	28	9811	964	965
24114	28	1342	964	965
88196	28	1084	964	965
24110	28	88	964	965
38563	28	2145	964	965
111581	28	719	964	965
86533	28	659	964	965
8009	28	61	964	965
86689	28	2347	964	965
73511	28	1466	964	965
33172	28	2901	964	965
75894	28	786	964	965
15753	28	213	964	965
37443	28	254	964	965
88022	28	1254	964	965
22771	28	86	964	965
50145	28	5798	964	965
9674	28	1073	964	965
14272	28	1196	964	965
80658	28	1966	964	965
17027	28	502	964	965
9240	28	983	964	965
31825	28	1958	964	965
5645	28	597	964	965
11264	28	290	964	965
15217	28	416	964	965
95609	28	1112	964	965
44445	28	2887	964	965
53691	28	407	964	965
52413	28	431	964	965
187298	28	1023	964	965
70422	28	532	964	965
7896	28	6564	964	965
38770	28	568	964	965
41056	28	5627	964	965
34993	28	623	964	965
70273	28	3337	964	965
13224	28	686	964	965
79589	28	1691	964	965
10242	28	132	964	965
23866	28	2259	964	965
94997	28	570	964	965
35380	28	609	964	965
23951	28	286	964	965
136363	28	171	964	965
130869	28	2598	964	965
10846	28	1328	964	965
17256	28	1120	964	965
19328	28	458	964	965
46845	28	909	964	965
32767	28	1458	964	965
19066	28	416	964	965
95580	28	274	964	965
86595	28	1983	964	965
97949	28	2532	964	965
28594	28	828	964	965
72879	28	2867	964	965
44202	28	402	964	965
21569	28	1122	964	965
129136	28	3058	964	965
14303	28	233	964	965
110574	28	18	964	965
17537	28	2045	964	965
44524	28	291	964	965
14624	28	2125	964	965
94062	28	1299	964	965
17708	28	370	964	965
111045	28	699	964	965
57510	28	897	964	965
66874	28	119	964	965
58857	28	1831	964	965
20344	28	1853	964	965
26219	28	673	964	965
21772	28	91	964	965
74881	28	920	964	965
37516	28	1394	964	965
12278	28	5225	964	965
8812	28	109	964	965
23967	28	158	964	965
23627	28	2051	964	965
52914	28	79	964	965
20150	28	511	964	965
49393	28	273	964	965
18465	28	942	964	965
31649	28	2553	964	965
40422	28	1325	964	965
39415	28	2577	964	965
19121	28	290	964	965
42337	28	1081	964	965
30184	28	1331	964	965
5781	28	511	964	965
49961	28	1639	964	965
54791	28	49	964	965
82944	28	686	964	965
119903	28	5630	964	965
16997	28	911	964	965
89681	28	311	964	965
118878	28	1088	964	965
7048	28	1409	964	965
52338	28	321	964	965
70708	28	1266	964	966
70740	28	2187	964	966
14360	28	608	964	966
60885	28	467	964	966
16501	28	12891	964	966
96186	28	1553	964	966
25061	28	80	964	966
29228	28	2895	964	966
29260	28	4047	964	966
52515	28	1693	964	966
39143	28	1465	964	966
12956	28	933	964	966
16623	28	184	964	966
96385	28	670	964	966
45395	28	506	964	966
14557	28	2062	964	966
22081	28	531	964	966
33892	28	129	964	966
25260	28	123	964	966
25269	28	40	964	966
19066	28	142	964	966
82978	28	1853	964	966
82991	28	51	964	966
6751	28	1048	964	966
96592	28	192	964	966
61443	28	19159	964	966
25376	28	1399	964	966
25412	28	524	964	966
82795	28	570	964	966
6772	28	126	964	966
53012	28	1180	964	966
39583	28	1801	964	966
25571	28	4643	964	966
112922	28	818	964	966
53160	28	535	964	966
61783	28	1050	964	966
61784	28	45	964	966
53256	28	2334	964	966
61906	28	617	964	966
14849	28	3941	964	966
16954	28	304	964	966
25772	28	477	964	966
61975	28	970	964	966
14875	28	508	964	966
39881	28	2872	964	966
21754	28	422	964	966
22594	28	143	964	966
6856	28	178	964	966
97477	28	3614	964	966
97484	28	956	964	966
72315	28	1532	964	966
113611	28	4978	964	966
17151	28	1088	964	966
11799	28	83	964	966
53856	28	1975	964	966
34893	28	977	964	966
53991	28	5442	964	966
97812	28	1542	964	966
54047	28	1617	964	966
84439	28	144	964	966
12804	28	19	964	966
84546	28	1945	964	966
72800	28	4678	964	966
35163	28	1975	964	966
40686	28	155	964	966
30598	28	7425	964	966
40699	28	186	964	966
23026	28	1336	964	966
54426	28	2649	964	966
26558	28	133	964	966
23071	28	240	964	966
13572	28	610	964	966
30345	28	45	964	966
114393	28	422	964	966
39542	28	334	964	966
98411	28	531	964	966
14542	28	88	964	966
30621	28	498	964	966
23164	28	1966	964	966
21858	28	1008	964	966
54764	28	1031	964	966
41104	28	423	964	966
85285	28	13277	964	966
17624	28	241	964	966
14783	28	109	964	966
26319	28	575	964	966
10845	28	406	964	966
55177	28	3403	964	966
52018	28	476	964	966
20457	28	1483	964	966
22972	28	193	964	966
25573	28	331	964	966
34047	28	56	964	966
95835	28	2117	964	966
10097	28	2198	964	966
55447	28	1314	964	966
71049	28	1266	964	966
41650	28	142	964	966
31334	28	4227	964	966
86105	28	799	964	966
41680	28	58	964	966
115580	28	857	964	966
85387	28	1831	964	966
74409	28	5180	964	966
48146	28	175	964	966
55598	28	979	964	966
55637	28	1576	964	966
25668	28	1007	964	966
48232	28	802	964	966
20657	28	405	964	966
134463	28	83	964	966
99850	28	1097	964	966
10928	28	492	964	966
41907	28	2128	964	966
46618	28	293	964	966
23747	28	215	964	966
13257	28	437	964	966
74975	28	144	964	966
22458	28	149	964	966
27525	28	818	964	966
72177	28	360	964	966
10685	28	3388	964	966
75150	28	2808	964	966
39733	28	2062	964	966
36673	28	1861	964	966
100611	28	1078	964	966
16675	28	104	964	966
15359	28	13412	964	966
87225	28	506	964	966
75451	28	47	964	966
75511	28	1078	964	966
48952	28	65428	964	966
100853	28	5180	964	966
39852	28	1709	964	966
30332	28	1124	964	966
27079	28	477	964	966
84787	28	525	964	966
15767	28	1654	964	966
65638	28	9376	964	966
24956	28	152	964	966
41172	28	132	964	966
14407	28	252	964	966
23740	28	485	964	966
87769	28	2298	964	966
37015	28	407	964	966
35719	28	1050	964	966
87811	28	41	964	966
17353	28	143	964	966
20920	28	514	964	966
87909	28	1033	964	966
56878	28	129	964	966
101400	28	8823	964	966
37071	28	531	964	966
27697	28	1294	964	966
76112	28	2967	964	966
6086	28	1654	964	966
88034	28	1975	964	966
76214	28	354	964	966
24022	28	330	964	966
27869	28	2434	964	966
136165	28	2115	964	966
66054	28	725	964	966
101685	28	2189	964	966
113738	28	2843	964	966
37213	28	1139	964	966
29608	28	14989	964	966
5926	28	37	964	966
24195	28	1368	964	966
12461	28	1668	964	966
47049	28	877	964	966
43099	28	1968	964	966
19337	28	82	964	966
35187	28	386	964	966
7242	28	725	964	966
15492	28	962	964	966
5126	28	910	964	966
36899	28	2967	964	966
72876	28	1500	964	966
71740	28	48958	964	966
23282	28	2479	964	966
25551	28	597	964	966
21720	28	3337	964	966
16420	28	1146	964	966
70428	28	281	964	966
33301	28	241	964	966
33374	28	33375	964	966
24934	28	744	964	966
88931	28	3870	964	966
77121	28	740	964	966
89187	28	875	964	966
14252	28	707	964	966
52508	28	1551	964	966
11431	28	91	964	966
25195	28	2165	964	966
102870	28	180	964	966
72640	28	1861	964	966
25305	28	1853	964	966
7237	28	120	964	966
118900	28	2423	964	966
30357	28	155	964	966
22282	28	506	964	966
39616	28	1590	964	966
102053	28	1903	964	966
137591	28	6529	964	966
67068	28	228	964	966
29912	28	17377	964	966
73550	28	1751	964	966
39583	28	124	964	966
45902	28	573	964	966
57928	28	531	964	966
102890	28	532	964	966
137676	28	412	964	966
39777	28	121	964	966
29867	28	434	964	966
53544	28	455	964	966
19345	28	1359	964	966
63937	28	3080	964	966
13384	28	840	964	966
19726	28	79	964	966
89813	28	1363	964	966
118299	28	8059	964	966
34751	28	869	964	966
53700	28	569	964	966
40177	28	2653	964	966
58075	28	22251	964	966
115210	28	3080	964	966
46130	28	1008	964	966
10602	28	41	964	966
56054	28	4157	964	966
26375	28	643	964	966
13498	28	570	964	966
84569	28	607	964	966
19906	28	297	964	966
15187	28	23	964	966
78016	28	21892	964	966
40815	28	3788	964	966
104080	28	196	964	966
26224	28	162	964	966
120066	28	1269	964	966
85819	28	1345	964	966
26732	28	911	964	966
8648	28	695	964	966
13649	28	24	964	966
30851	28	4720	964	966
56547	28	954	964	966
114598	28	957	964	966
15249	28	2965	964	966
138927	28	70770	964	966
16658	28	281	964	966
34953	28	1127	964	966
86464	28	2479	964	966
67711	28	4767	964	966
17564	28	406	964	966
21706	28	266	964	966
41202	28	646	964	966
52540	28	234	964	966
23422	28	112	964	966
58479	28	1909	964	966
96094	28	897	964	966
134463	28	439	964	966
26877	28	840	964	966
9778	28	753	964	966
33495	28	924	964	966
66001	28	475	964	966
8123	28	149	964	966
78728	28	837	964	966
29643	28	2302	964	966
6105	28	317	964	966
41809	28	156	964	966
29377	28	748	964	966
71224	28	331	964	966
90915	28	710	964	966
99458	28	1907	964	966
49972	28	1195	964	966
17926	28	380	964	966
15034	28	892	964	966
27585	28	3337	964	966
42016	28	2503	964	966
65172	28	1380	964	966
8013	28	86	964	966
36568	28	52	964	966
120600	28	412	964	966
7544	28	714	964	966
17968	28	1293	964	966
31760	28	627	964	966
87017	28	2128	964	966
68246	28	1204	964	966
45647	28	805	964	966
15437	28	263	964	966
5300	28	1514	964	966
13262	28	2837	964	966
75380	28	263	964	966
105586	28	1731	964	966
83509	28	283	964	966
48968	28	121	964	966
100391	28	2914	964	966
55778	28	41240	964	966
79151	28	377	964	966
48909	28	259	964	966
67168	28	4586	964	966
31910	28	1455	964	966
90948	28	750	964	966
121813	28	22160	964	966
121859	28	1995	964	966
58896	28	22	964	966
24015	28	569	964	966
12033	28	1253	964	966
50373	28	239	964	966
21032	28	1811	964	966
7330	28	852	964	966
32085	28	491	964	966
45012	28	1096	964	966
134074	28	5226	964	966
84267	28	1677	964	966
49417	28	725	964	966
116579	28	114	964	966
42816	28	411	964	966
22596	28	1006	964	966
36925	28	1232	964	966
12284	28	104	964	966
82886	28	76	964	966
28876	28	256	964	966
57103	28	238	964	966
9188	28	192	964	966
79527	28	1304	964	966
20018	28	99	964	966
5992	28	607	964	966
19663	28	454	964	966
106356	28	1834	964	966
34221	28	1987	964	966
13894	28	334	964	966
10025	28	615	964	966
113218	28	752	964	966
106406	28	20481	964	966
141537	28	455	964	966
10886	28	178	964	966
37330	28	696	964	966
16397	28	214	964	966
36351	28	20	964	966
63697	28	2608	964	966
9940	28	799	964	966
17828	28	913	964	966
77605	28	1011	964	966
27567	28	1395	964	966
13595	28	118	964	966
29719	28	708	964	966
27579	28	933	964	966
57425	28	3132	964	966
18205	28	295	964	966
101447	28	2802	964	966
21005	28	434	964	966
79730	28	101	964	966
119568	28	103	964	966
53905	28	1749	964	966
83772	28	1328	964	966
77645	28	166	964	966
14211	28	2536	964	966
16545	28	1654	964	966
32092	28	185	964	966
19754	28	615	964	966
15485	28	215	964	966
14034	28	1905	964	966
104571	28	1012	964	966
74689	28	434	964	966
31874	28	1670	964	966
28520	28	3513	964	966
20447	28	250	964	966
49145	28	634	964	966
83304	28	2668	964	966
20970	28	666	964	966
24484	28	494	964	966
32387	28	1384	964	966
20003	28	1032	964	966
114545	28	15214	964	966
41606	28	1120	964	966
35238	28	840	964	966
68975	28	2324	964	966
9391	28	423	964	966
123450	28	95	964	966
77960	28	388	964	966
86356	28	30463	964	966
36839	28	332	964	966
57012	28	159	964	966
46033	28	1779	964	966
80140	28	1562	964	966
32972	28	1561	964	966
59426	28	1394	964	966
33362	28	384	964	966
83904	28	445	964	966
59038	28	10913	964	966
69062	28	1458	964	966
36738	28	1749	964	966
123670	28	924	964	966
29660	28	144	964	966
23463	28	586	964	966
29264	28	1507	964	966
28490	28	3414	964	966
24134	28	1067	964	966
77850	28	442	964	966
15769	28	506	964	966
25186	28	1806	964	966
30365	28	498	964	966
88237	28	4678	964	966
47913	28	707	964	966
39330	28	62675	964	966
123992	28	6935	964	966
89280	28	2096	964	966
12235	28	73	964	966
28585	28	973	964	966
72430	28	2152	964	966
34097	28	643	964	966
107594	28	973	964	966
106589	28	35195	964	966
57751	28	2483	964	966
20761	28	649	964	966
41690	28	309	964	966
15752	28	431	964	966
17705	28	86	964	966
69097	28	259	964	966
57517	28	2277	964	966
21511	28	196	964	966
77075	28	2773	964	966
35897	28	1709	964	966
15199	28	55	964	966
88505	28	2724	964	966
80530	28	13912	964	966
13799	28	2433	964	966
44018	28	913	964	966
68405	28	1033	964	966
20903	28	252	964	966
18785	28	1218	964	966
104030	28	369	964	966
27357	28	715	964	966
26452	28	508	964	966
96351	28	1444	964	966
65252	28	920	964	966
18027	28	145	964	966
28336	28	328	964	966
9184	28	250	964	966
101631	28	864	964	966
121556	28	2773	964	966
90144	28	1400	964	966
124480	28	1370	964	966
28980	28	294	964	966
51461	28	630	964	966
33081	28	1412	964	966
8342	28	72	964	966
108007	28	4937	964	966
15915	28	220	964	966
44392	28	5525	964	966
11551	28	145	964	966
18221	28	714	964	966
23878	28	909	964	966
75512	28	133	964	966
53674	28	1127	964	966
15930	28	461	964	966
71886	28	1215	964	966
25942	28	525	964	966
143840	28	418	964	966
62496	28	558	964	966
121357	28	107199	964	966
90106	28	1277	964	966
18364	28	511	964	966
70885	28	513	964	966
19612	28	933	964	966
76244	28	442	964	966
32185	28	2165	964	966
73129	28	752	964	966
106399	28	167	964	966
19177	28	171	964	966
92853	28	1267	964	966
44446	28	1675	964	966
13613	28	752	964	966
29576	28	578	964	966
55395	28	55	964	966
33164	28	1078	964	966
8502	28	3920	964	966
19968	28	708	964	966
74885	28	875	964	966
17250	28	222	964	966
32147	28	607	964	966
80901	28	481	964	966
27419	28	79	964	966
34793	28	154	964	966
55495	28	975	964	966
108501	28	1002	964	966
9125	28	117	964	966
59289	28	1570	964	966
14546	28	1096	964	966
19660	28	160	964	966
14287	28	3788	964	966
80975	28	607	964	966
9600	28	498	964	966
53529	28	331	964	966
75028	28	370	964	966
100897	28	394	964	966
32846	28	1570	964	966
78341	28	199	964	966
98254	28	1659	964	966
18135	28	273	964	966
93862	28	573	964	966
78233	28	1012	964	966
34472	28	155	964	966
33505	28	291	964	966
20423	28	445	964	966
18748	28	1399	964	966
37434	28	596	964	966
47663	28	19949	964	966
27296	28	162	964	966
22332	28	48	964	966
57103	28	1150	964	966
38114	28	1659	964	966
35823	28	319	964	966
108833	28	210	964	966
22772	28	242	964	966
12828	28	1773	964	966
17473	28	107	964	966
62528	28	829	964	966
19879	28	334	964	966
6261	28	1105	964	966
54524	28	1060	964	966
31585	28	593	964	966
18848	28	1477	964	966
49126	28	1883	964	966
21204	28	1204	964	966
92108	28	391	964	966
55898	28	71	964	966
8039	28	4121	964	966
87199	28	369	964	966
18900	28	250	964	966
31326	28	336	964	966
59508	28	5385	964	966
22561	28	1146	964	966
29669	28	1221	964	966
44229	28	1234	964	966
96681	28	1404	964	966
124709	28	6018	964	966
27087	28	400	964	966
109174	28	179	964	966
72776	28	3317	964	966
26675	28	1335	964	966
36251	28	692	964	966
81064	28	475	964	966
56044	28	1180	964	966
19864	28	252	964	966
61889	28	1507	964	966
86415	28	17987	964	966
35439	28	477	964	966
47461	28	1245	964	966
119999	28	4483	964	966
35842	28	186	964	966
51273	28	875	964	966
55124	28	1595	964	966
119332	28	2994	964	966
54607	28	456	964	966
20660	28	575	964	966
89517	28	1455	964	966
66164	28	144	964	966
108985	28	1840	964	966
15739	28	170	964	966
82514	28	1529	964	966
51049	28	504	964	966
53862	28	1112	964	966
19150	28	2197	964	966
61954	28	304	964	966
11879	28	28	964	966
34023	28	888	964	966
102534	28	141	964	966
83748	28	1653	964	966
29197	28	1190	964	966
75885	28	1980	964	966
11927	28	2423	964	966
35839	28	596	964	966
15033	28	1253	964	966
6545	28	83	964	966
61647	28	595	964	966
79740	28	1496	964	966
86163	28	577	964	966
68262	28	878	964	966
44115	28	1136	964	966
20126	28	434	964	966
22714	28	753	964	966
27627	28	415	964	966
69038	28	1785	964	966
55372	28	740	964	966
30925	28	251	964	966
97308	28	912	964	966
51088	28	1811	964	966
109651	28	1266	964	966
109655	28	1725	964	966
88846	28	343	964	966
74076	23	94601	964	966
17682	28	10135	964	966
22126	28	610	964	966
8053	28	1561	964	966
65611	28	2899	964	966
21258	28	502	964	966
33432	28	215	964	966
12703	28	1004	964	966
12757	28	412	964	966
63056	28	2324	964	966
59559	28	144	964	966
41071	28	112	964	966
70068	28	2119	964	966
115953	28	11144	964	966
8216	28	381	964	966
38748	28	222	964	966
31512	28	1115	964	966
68075	28	2280	964	966
20723	28	789	964	966
94684	28	253	964	966
99980	28	357	964	966
127019	28	114	964	966
11156	28	52	964	966
101233	28	219	964	966
28608	28	153	964	966
28665	28	63	964	966
12709	28	628	964	966
28958	28	369	964	966
109889	28	744	964	966
58767	28	609	964	966
28663	28	351	964	966
94572	28	1056	964	966
86404	28	555	964	966
27527	28	331	964	966
35689	28	1070	964	966
127203	16	72895	964	966
78886	28	2555	964	966
94752	28	280	964	966
103786	28	676	964	966
18688	28	852	964	966
93584	28	830	964	966
26076	28	646	964	966
62292	28	5798	964	966
68884	28	3388	964	966
16152	28	1032	964	966
9926	28	1918	964	966
33041	28	1136	964	966
110098	28	841	964	966
74982	28	837	964	966
134966	1	169573	964	966
57141	28	2482	964	966
127466	28	1234	964	966
94689	28	901	964	966
24153	28	1105	964	966
98638	28	4217	964	966
38409	28	766	964	966
14253	28	42	964	966
53256	28	429	964	966
14888	28	61	964	966
29831	28	162	964	966
118104	28	48958	964	966
21006	28	1190	964	966
76253	28	1976	964	966
126012	28	3491	964	966
6650	28	1022	964	966
100648	28	1476	964	966
117858	28	10620	964	966
83173	28	2676	964	966
20562	28	3714	964	966
36992	28	122	964	966
106869	28	1444	964	966
94200	28	17063	964	966
55564	28	1752	964	966
43003	28	5757	964	966
25012	28	508	964	966
11812	28	73	964	966
64128	28	571	964	966
29718	28	146	964	966
70980	28	2602	964	966
52576	28	829	964	966
147847	28	364	964	966
36269	28	202	964	966
12139	28	118	964	966
58146	28	7083	964	966
58727	28	274	964	966
56960	28	2346	964	966
34699	28	192	964	966
14172	28	256	964	966
34460	28	184	964	966
11793	28	1659	964	966
28698	28	3446	964	966
46466	28	43	964	966
9351	28	33	964	966
22567	28	872	964	966
101460	28	2381	964	966
10822	28	1063	964	966
33301	28	380	964	966
28786	28	614	964	966
170700	28	1796	964	966
25321	28	41	964	966
93034	28	1291	964	966
60037	28	435	964	966
37728	28	1951	964	966
108462	28	802	964	966
17511	28	53	964	966
69253	28	751	964	966
39361	28	2458	964	966
79225	28	617	964	966
21374	28	2011	964	966
19465	28	192	964	966
8486	28	215	964	966
68768	28	234	964	966
19913	28	289	964	966
59928	28	1293	964	966
70063	28	188	964	966
7845	28	16	964	966
77118	28	4174	964	966
51455	28	20	964	966
71392	28	926	964	966
19567	28	2152	964	966
30989	28	1105	964	966
28806	28	63	964	966
17907	28	170	964	966
108476	28	708	964	966
22306	28	646	964	966
20756	28	100	964	966
25918	28	3678	964	966
11052	28	1675	964	966
80591	28	1507	964	966
94325	28	570	964	966
92600	28	1677	964	966
79179	28	2577	964	966
19894	28	956	964	966
61271	28	1096	964	966
13437	28	239	964	966
36869	28	3169	964	966
41175	28	625	964	966
31852	28	24	964	966
15025	28	750	964	966
108540	28	289	964	966
38570	28	1121	964	966
16949	28	3914	964	966
44243	28	2207	964	966
88021	28	2227	964	966
125107	28	1725	964	966
6500	28	87	964	966
18842	28	603	964	966
55233	28	3769	964	966
34104	28	2325	964	966
42167	28	1592	964	966
7649	28	38	964	966
31604	28	496	964	966
23484	28	16320	964	966
75286	28	454	964	966
40156	28	431	964	966
95218	28	596	964	966
59654	28	325	964	966
12546	28	1496	964	966
76150	28	843	964	966
15515	28	85	964	966
34073	28	41	964	966
44663	28	1442	964	966
97771	28	954	964	966
12233	28	275	964	966
86287	28	2602	964	966
27428	28	2943	964	966
127727	28	9138	964	966
75309	28	4396	964	966
128711	28	192	964	966
40734	28	11457	964	966
34398	28	1002	964	966
11497	28	877	964	966
60383	28	453	964	966
14972	28	155	964	966
120403	28	15214	964	966
81317	28	2605	964	966
14609	28	234	964	966
110895	28	345	964	966
127870	28	2052	964	966
40475	28	245	964	966
67294	28	1339	964	966
97977	28	232	964	966
100291	28	556	964	966
29888	28	583	964	966
81935	28	1359	964	966
125756	28	933	964	966
68536	28	2534	964	966
55976	28	192	964	966
83771	28	1302	964	966
66702	28	732	964	966
73803	28	146	964	966
15099	28	292	964	966
92661	28	625	964	966
6488	28	33	964	966
21532	28	123	964	966
110971	28	2187	964	966
69408	28	43954	964	966
75385	28	1067	964	966
21519	28	162	964	966
40644	28	1639	964	966
17832	28	1243	964	966
95145	28	290	964	966
48454	28	240	964	966
23423	28	27658	964	966
11203	28	419	964	966
128974	28	4767	964	966
17581	28	1634	964	966
5273	28	328	964	966
25126	28	369	964	966
61373	28	409	964	966
62435	28	1882	964	966
43937	28	3416	964	966
104734	28	8436	964	966
21497	28	355	964	966
51420	28	86	964	966
35581	28	643	964	966
17532	28	723	964	966
44934	28	2971	964	966
80842	28	1796	964	966
8358	28	625	964	966
29530	28	353	964	966
60788	28	1221	964	966
31404	28	716	964	966
17861	28	1654	964	966
39981	28	3941	964	966
103416	28	6093	964	966
28403	28	1096	964	966
92790	28	1266	964	966
44063	28	160	964	966
18733	28	411	964	966
65527	28	608	964	966
31859	28	273	964	966
14335	28	673	964	966
7149	28	405	964	966
17632	28	598	964	966
20708	28	643	964	966
8130	28	556	964	966
90109	28	129	964	966
64146	28	1985	964	966
14449	28	1118	964	966
22039	28	1824	964	966
36601	28	1594	964	966
19043	28	123	964	966
89784	28	872	964	966
103163	28	1816	964	966
37218	28	82	964	966
44543	28	4047	964	966
60251	28	1722	964	966
35217	28	469	964	966
71395	28	2277	964	966
117989	28	4631	964	966
15316	28	516	964	966
27041	28	1811	964	966
20975	28	290	964	966
22545	28	843	964	966
80220	28	1057	964	966
105262	28	750	964	966
12460	28	1020	964	966
92258	28	3002	964	966
27575	28	435	964	966
85235	28	142	964	966
86262	28	222	964	966
74582	28	12348	964	966
32397	28	311	964	966
84791	28	3084	964	966
30911	28	492	964	966
54539	28	65	964	966
44854	28	910	964	966
109170	28	2412	964	966
70903	28	1127	964	966
98491	28	2807	964	966
66196	28	4767	964	966
7431	28	199	964	966
13836	28	28	964	966
65678	28	643	964	966
81553	28	319	964	966
77579	28	2412	964	966
5555	28	48	964	966
25942	28	720	964	966
72442	28	2576	964	966
7088	28	105	964	966
27248	28	635	964	966
11720	28	49	964	966
17596	28	360	964	966
42472	28	806	964	966
30017	28	597	964	966
28773	28	1253	964	966
8096	28	1475	964	966
33068	28	715	964	966
79860	28	110	964	966
23860	28	3092	964	966
6374	28	1553	964	966
15266	28	2228	964	966
43081	28	1444	964	966
39794	28	1137	964	966
14689	28	591	964	966
102356	28	11473	964	966
9074	28	44	964	966
41568	28	1041	964	966
25558	28	1836	964	966
51893	28	437	964	966
55956	28	236	964	966
129478	28	587	964	966
16949	28	2160	964	966
51806	28	1012	964	966
14429	28	158	964	966
40032	28	887	964	966
27849	28	1049	964	966
16292	28	102	964	966
11090	28	1174	964	966
12613	28	309	964	966
27615	28	297	964	966
44589	28	1243	964	966
9691	28	56	964	966
25212	28	1053	964	966
54559	28	758	964	966
49285	28	910	964	966
27343	28	441	964	966
97975	28	136	964	966
49610	28	422	964	966
115634	28	2728	964	966
39440	28	672	964	966
23565	28	901	964	966
76036	28	336	964	966
64804	28	1011	964	966
38598	28	7723	964	966
47135	28	165	964	966
7973	28	568	964	966
31792	28	235	964	966
27799	28	1222	964	966
103115	28	1874	964	966
109090	28	1096	964	966
19169	28	398	964	966
94997	28	254	964	966
7233	28	474	964	966
28131	28	498	964	966
44649	28	2187	964	966
12487	28	313	964	966
26705	28	704	964	966
108374	28	1812	964	966
101958	28	983	964	966
48512	28	4720	964	966
38621	28	294	964	966
28710	28	304	964	966
105825	28	2117	964	966
21603	28	239	964	966
28148	28	442	964	966
51857	28	2791	964	966
110663	28	3606	964	966
24442	28	286	964	966
41151	28	530	964	966
148745	28	65889	964	966
100786	28	1275	964	966
37695	28	140	964	966
70279	28	603	964	966
127926	28	1975	964	966
20980	28	303	964	966
20304	28	493	964	966
26217	28	1718	964	966
83979	28	16672	964	966
26018	28	610	964	966
68042	28	1267	964	966
23337	28	1780	964	966
25045	28	528	964	966
12383	28	1195	964	966
33269	28	413	964	966
110739	28	3765	964	966
57737	28	4509	964	966
112193	28	4488	964	966
33288	28	1020	964	966
80825	28	437	964	966
31022	28	1659	964	966
26051	28	1012	964	966
54831	28	1161	964	966
130236	28	64	964	966
23954	28	936	964	966
27290	28	627	964	966
25132	28	889	964	966
84762	28	2159	964	966
107835	28	416	964	966
50320	28	703	964	966
22780	28	416	964	966
79726	28	704	964	966
27259	28	1882	964	966
28451	28	283	964	966
11081	28	366	964	966
23040	28	2153	964	966
69287	28	551	964	966
31474	28	292	964	966
15908	28	16	964	966
18682	28	1435	964	966
27423	28	1812	964	966
7223	28	51	964	966
22506	28	1614	964	966
52200	28	1033	964	966
10616	28	839	964	966
77729	28	51196	964	966
21107	28	325	964	966
26800	28	624	964	966
23691	28	168	964	966
89214	28	37	964	966
91409	28	2007	964	966
142704	28	278	964	966
92939	28	36	964	966
73232	28	1053	964	966
57041	28	64	964	966
38403	28	1358	964	966
29559	28	1263	964	966
9305	28	104	964	966
31172	28	1234	964	966
17054	28	1553	964	966
95701	28	162	964	966
69793	28	294	964	966
9546	28	379	964	966
22769	28	53	964	966
19838	28	303	964	966
128530	28	537	964	966
73627	28	2602	964	966
62887	28	864	964	966
105120	28	1617	964	966
153071	28	22727	964	966
115820	28	1120	964	966
28342	28	290	964	966
23261	28	618	964	966
76171	28	311	964	966
84569	28	4720	964	966
33532	28	2893	964	966
57275	28	64	964	966
27680	28	515	964	966
11299	28	78	964	966
21449	28	277	964	966
68727	28	1190	964	966
17010	28	2593	964	966
28366	28	58	964	966
17514	28	925	964	966
54868	28	682	964	966
15878	28	1232	964	966
51589	28	508	964	966
102117	28	260	964	966
11131	28	45	964	966
16057	28	13957	964	966
95543	28	179	964	966
153339	28	930	964	966
104326	28	1317	964	966
16433	28	1190	964	966
39755	28	24101	964	966
30851	28	607	964	966
41425	28	147	964	966
13529	28	1675	964	966
11630	28	1204	964	966
149970	28	124	964	966
138300	28	991	964	966
95034	28	1830	964	966
15324	28	608	964	966
36315	28	2187	964	966
147342	28	1794	964	966
28759	28	435	964	966
51253	28	996	964	966
100815	28	1395	964	966
40217	28	57	964	966
111131	28	32976	964	966
11301	28	239	964	966
124602	28	671	964	966
11143	28	70	964	966
109363	28	242	964	966
59518	28	2528	964	966
10456	28	3726	964	966
12603	28	153	964	966
107263	28	169	964	966
76950	28	142	964	966
152080	28	1234	964	966
31893	28	10518	964	966
29275	28	4047	964	966
30885	28	1380	964	966
26898	28	1145	964	966
95692	28	2945	964	966
70021	28	2189	964	966
11055	28	1314	964	966
13207	28	1181	964	966
43043	28	615	964	966
27007	28	407	964	966
18512	28	39	964	966
18424	28	839	964	966
45238	28	744	964	966
49789	28	420	964	966
67992	28	2152	964	966
73783	28	78389	964	966
8171	28	73	964	966
56693	28	508	964	966
54356	28	2204	964	966
91865	28	1161	964	966
130667	28	15927	964	966
105114	28	1907	964	966
44213	28	676	964	966
147731	28	1874	964	966
37905	28	456	964	966
71711	28	1264	964	966
9313	28	16	964	966
18465	28	202	964	966
21913	28	852	964	966
105904	28	36056	964	966
59421	28	595	964	966
26666	28	1693	964	966
103389	28	1848	964	966
7132	28	972	964	966
51913	28	2187	964	966
8121	28	1314	964	966
18143	28	22	964	966
50224	28	64	964	966
25209	28	5736	964	966
41527	28	162	964	966
30211	28	1640	964	966
40932	28	690	964	966
53562	28	901	964	966
68651	28	1959	964	966
5673	28	592	964	966
4996	28	118	964	966
73410	28	55	964	966
19437	28	1075	964	966
21063	28	192	964	966
64180	28	922	964	966
18744	28	99	964	966
28467	28	691	964	966
27467	28	199	964	966
49052	28	17986	964	966
31552	28	1395	964	966
12277	28	3435	964	966
91814	28	118	964	966
22147	28	598	964	966
108196	28	232	964	966
126433	28	8094	964	966
39871	28	745	964	966
11337	28	408	964	966
22636	28	36	964	966
79878	28	234	964	966
21599	28	51	964	966
21824	28	551	964	966
37162	28	623	964	966
125757	28	8823	964	966
38775	28	1420	964	966
6833	28	107	964	966
74565	28	1228	964	966
14946	28	272	964	966
16930	28	242	964	966
33513	28	855	964	966
32147	28	4720	964	966
128564	28	1030	964	966
45586	28	759	964	966
102102	28	3103	964	966
62556	28	2604	964	966
36067	28	5853	964	966
12383	28	145	964	966
33124	28	434	964	966
41602	28	607	964	966
35895	28	251	964	966
54515	28	506	964	966
21898	28	1806	964	966
55438	28	911	964	966
9518	28	169	964	966
85550	28	1012	964	966
73523	28	1551	964	966
23563	28	286	964	966
28634	28	1067	964	966
10715	28	257	964	966
9150	28	51	964	966
51569	28	672	964	966
94957	28	4524	964	966
16065	28	618	964	966
14417	28	474	964	966
52403	28	377	964	966
23202	28	803	964	966
28527	28	175	964	966
9640	28	33	964	966
35908	28	1034	964	966
58632	28	169	964	966
9484	28	436	964	966
17967	28	304	964	966
21574	28	48	964	966
30248	28	760	964	966
9319	28	171	964	966
20353	28	1926	964	966
93524	28	1557	964	966
35171	28	184	964	966
21490	28	623	964	966
41851	28	669	964	966
16821	28	1127	964	966
84133	28	1266	964	966
94772	28	477	964	966
98105	28	744	964	966
12037	28	1053	964	966
25349	28	1551	964	966
31772	28	86	964	966
54778	28	241	964	966
9148	28	120	964	966
62083	28	1053	964	966
19954	28	3174	964	966
32845	28	431	964	966
50497	28	1317	964	966
11764	28	332	964	966
88616	28	3173	964	966
17466	28	368	964	966
36708	28	1537	964	966
55228	28	50	964	966
39913	28	191	964	966
14772	28	234	964	966
52087	28	1083	964	966
75697	28	743	964	966
141105	28	2968	964	966
36118	28	672	964	966
63784	28	1617	964	966
119992	28	67	964	966
13230	28	168	964	966
97270	28	2381	964	966
26547	28	715	964	966
29218	28	1653	964	966
43422	28	981	964	966
20509	28	252	964	966
27088	28	70	964	966
40045	28	288	964	966
95711	28	1556	964	966
26387	28	16	964	966
69928	23	130153	964	966
130153	23	69928	964	966
65103	28	912	964	966
34925	28	1570	964	966
107594	28	20	964	966
103519	28	5722	964	966
30721	28	123	964	966
19265	28	166	964	966
17240	28	1190	964	966
117902	28	1677	964	966
7645	28	787	964	966
104590	28	32471	964	966
27478	28	1553	964	966
28061	28	168	964	966
27853	28	1222	964	966
102468	28	45328	964	966
108363	28	527	964	966
7986	28	490	964	966
46185	28	1945	964	966
41640	28	1208	964	966
80940	28	3304	964	966
12516	28	1626	964	966
120379	28	607	964	966
21335	28	162	964	966
23133	28	1590	964	966
99167	28	370	964	966
37116	28	475	964	966
24648	28	642	964	966
117966	28	263	964	966
12928	28	855	964	966
25214	28	152	964	966
99704	28	2394	964	966
18043	28	528	964	966
31784	28	1124	964	966
12721	28	92	964	966
95113	28	242	964	966
11990	28	856	964	966
76147	28	1421	964	966
25230	28	1308	964	966
17603	28	1067	964	966
98626	28	1595	964	966
38147	28	1477	964	966
47152	28	643	964	966
7305	28	7002	964	966
91129	28	927	964	966
59767	28	132	964	966
28580	28	83	964	966
30537	28	175	964	966
21246	28	1808	964	966
70068	28	10599	964	966
89585	28	525	964	966
11032	28	168	964	966
118095	28	904	964	966
101208	28	531	964	966
45219	28	37	964	966
48068	28	1294	964	966
8380	28	1633	964	966
50550	28	1850	964	966
37195	28	117	964	966
19454	28	354	964	966
16702	28	596	964	966
93646	28	192	964	966
14521	28	16	964	966
143421	28	2140	964	966
118936	28	679	964	966
12212	28	166	964	966
23888	28	2232	964	966
9051	28	370	964	966
94931	28	830	964	966
54950	28	741	964	966
7495	28	44	964	966
57422	28	752	964	966
74123	28	888	964	966
19919	28	387	964	966
38360	28	6606	964	966
79964	28	1420	964	966
6765	28	799	964	966
27722	28	1871	964	966
19124	28	144	964	966
26524	28	378	964	966
9478	28	1047	964	966
13794	28	1654	964	966
59125	28	4767	964	966
69120	28	1822	964	966
36640	28	15292	964	966
68358	28	2480	964	966
75512	28	30463	964	966
16391	28	221	964	966
19016	28	559	964	966
71482	28	2277	964	966
23150	28	73	964	966
38088	28	919	964	966
25117	28	559	964	966
83018	28	74	964	966
84226	28	1762	964	966
37971	28	508	964	966
131039	28	1773	964	966
17678	28	1309	964	966
38674	28	241	964	966
12847	28	2083	964	966
50979	28	6110	964	966
16982	28	1006	964	966
74477	28	7572	964	966
95701	28	927	964	966
51902	28	123	964	966
29111	28	2274	964	966
7374	28	56	964	966
153005	28	930	964	966
7457	28	129	964	966
37998	28	145	964	966
20653	28	940	964	966
91184	28	719	964	966
18269	28	57	964	966
27096	28	3080	964	966
91881	28	436	964	966
58917	28	875	964	966
100389	28	1653	964	966
21276	28	112	964	966
88452	28	23	964	966
115860	28	2968	964	966
92278	28	829	964	966
22942	28	1067	964	966
99597	28	546	964	966
67744	28	5823	964	966
20460	28	649	964	966
73860	28	2023	964	966
185299	28	111	964	966
23013	28	483	964	966
44257	28	2302	964	966
49767	28	1561	964	966
44697	28	73	964	966
69901	28	378	964	966
107242	28	6055	964	966
6119	28	120	964	966
12403	28	74	964	966
11690	28	476	964	966
11665	28	998	964	966
69417	28	17870	964	966
51236	28	192	964	966
30509	28	370	964	966
27520	28	334	964	966
18857	28	672	964	966
107509	28	38435	964	966
24959	28	1875	964	966
93965	28	439	964	966
98267	28	1056	964	966
93245	28	73	964	966
56540	28	1325	964	966
26631	28	2660	964	966
24687	28	44	964	966
38477	28	2434	964	966
35707	28	255	964	966
26155	28	496	964	966
44296	28	422	964	966
21452	28	86	964	966
23169	28	901	964	966
18136	28	4157	964	966
9050	28	571	964	966
148988	28	1234	964	966
38148	28	63	964	966
79032	28	589	964	966
19306	28	1985	964	966
95677	28	911	964	966
75057	28	841	964	966
19940	28	609	964	966
38626	28	1581	964	966
59606	28	429	964	966
68694	28	399	964	966
83081	28	1570	964	966
41735	28	267	964	966
114262	28	336	964	966
24630	28	1556	964	966
16145	28	1172	964	966
75587	28	2608	964	966
129638	28	670	964	966
25032	28	130932	964	966
80348	28	7162	964	966
30759	28	131	964	966
117439	28	8823	964	966
47829	28	2859	964	966
11071	28	498	964	966
48996	28	1554	964	966
65095	28	1905	964	966
95723	28	1096	964	966
27432	28	681	964	966
95466	28	459	964	966
44448	28	582	964	966
96577	28	1568	964	966
68118	28	506	964	966
16640	28	889	964	966
41863	28	1132	964	966
25212	28	1098	964	966
37286	28	145	964	966
14340	28	87	964	966
38522	28	1875	964	966
154767	28	855	964	966
79844	28	703	964	966
34648	28	1871	964	966
22816	28	79	964	966
49417	28	4488	964	966
34369	28	692	964	966
36438	28	673	964	966
21605	28	1138	964	966
54117	28	46	964	966
54558	28	752	964	966
112323	28	456	964	966
64896	28	555	964	966
65407	28	203	964	966
57292	28	1562	964	966
43354	28	574	964	966
16206	28	153	964	966
104974	28	603	964	966
22379	28	24	964	966
11003	28	121	964	966
33251	28	41	964	966
37251	28	1481	964	966
61681	28	3449	964	966
44534	28	2062	964	966
36361	28	462	964	966
10258	28	803	964	966
32087	28	133	964	966
15646	28	30	964	966
84751	28	533	964	966
12731	28	819	964	966
69732	28	986	964	966
91970	28	202	964	966
56594	28	39	964	966
9157	28	1099	964	966
42889	28	1033	964	966
14503	28	1345	964	966
44061	28	1075	964	966
34992	28	1359	964	966
71264	28	3002	964	966
85363	28	985	964	966
58035	28	1358	964	966
27207	28	211	964	966
92281	28	2893	964	966
82795	28	273	964	966
45901	28	1150	964	966
59217	28	1653	964	966
39955	28	740	964	966
12779	28	1420	964	966
27688	28	970	964	966
81254	28	1626	964	966
70316	28	725	964	966
79489	28	754	964	966
22826	28	4113	964	966
13734	28	1139	964	966
37095	28	1022	964	966
32716	28	855	964	966
110034	28	1127	964	966
16014	28	445	964	966
40343	28	617	964	966
7227	28	635	964	966
28481	28	1850	964	966
37386	28	843	964	966
14210	28	158	964	967
70444	28	1628	964	967
11308	28	38	964	967
12892	28	1358	964	967
131657	28	770	964	967
83022	28	1395	964	967
39405	28	839	964	967
96576	28	2478	964	967
19175	28	186	964	967
112738	28	1167	964	967
14686	28	52	964	967
16790	28	1107	964	967
96696	28	2802	964	967
45705	28	355	964	967
45737	28	379	964	967
11674	28	221	964	967
25661	28	38	964	967
113013	28	445	964	967
61913	28	33	964	967
52258	28	420	964	967
19598	28	1509	964	967
34789	28	3868	964	967
72395	28	129	964	967
84171	28	380	964	967
22776	28	203	964	967
113767	28	814	964	967
13501	28	546	964	967
98023	28	3993	964	967
46877	28	252	964	967
15232	28	695	964	967
29545	28	55	964	967
5929	28	102	964	967
26471	28	317	964	967
19990	28	422	964	967
72949	28	3416	964	967
113910	28	1317	964	967
114275	28	2872	964	967
19875	28	857	964	967
35544	28	1033	964	967
17568	28	266	964	967
52913	28	1583	964	967
12808	28	1254	964	967
98843	28	35195	964	967
9681	28	293	964	967
99081	28	1718	964	967
20426	28	95	964	967
64075	28	592	964	967
55454	28	703	964	967
64325	28	85	964	967
74412	28	916	964	967
41735	28	2959	964	967
16361	28	73	964	967
20669	28	355	964	967
20721	28	513	964	967
99818	28	1096	964	967
116133	28	625	964	967
86760	28	1551	964	967
25717	28	1268	964	967
13044	28	660	964	967
134933	28	1475	964	967
86899	28	2564	964	967
86913	28	2227	964	967
54084	28	1245	964	967
56249	28	1945	964	967
31130	28	707	964	967
34005	28	328	964	967
75457	28	139	964	967
35156	28	171	964	967
84564	28	213	964	967
87357	28	909	964	967
49147	28	4183	964	967
16760	28	142	964	967
35478	28	1570	964	967
63216	28	318	964	967
65844	28	465	964	967
101640	28	1455	964	967
88190	28	524	964	967
88203	28	3671	964	967
74177	28	41	964	967
62116	28	2160	964	967
82570	28	550	964	967
30516	28	132	964	967
34650	28	45	964	967
117936	28	2872	964	967
102135	28	1105	964	967
30531	28	496	964	967
71183	28	232	964	967
29909	28	390	964	967
75533	28	20	964	967
82347	28	311	964	967
70668	28	2320	964	967
5626	28	19	964	967
9069	28	109	964	967
52921	28	198	964	967
28907	28	245	964	967
60585	28	292	964	967
18809	28	909	964	967
16382	28	101	964	967
112083	28	931	964	967
6701	28	112	964	967
89222	28	195	964	967
25127	28	40	964	967
29317	28	1014	964	967
25444	28	681	964	967
87245	28	1250	964	967
115163	28	2893	964	967
10413	28	610	964	967
53545	28	1139	964	967
89534	28	4669	964	967
34441	28	1022	964	967
17000	28	1446	964	967
7854	28	647	964	967
19398	28	297	964	967
19414	28	317	964	967
11528	28	1160	964	967
103375	28	731	964	967
103389	28	993	964	967
25980	28	77	964	967
119391	28	8823	964	967
55337	28	3416	964	967
17189	28	415	964	967
44978	28	17063	964	967
77931	28	1959	964	967
20015	28	297	964	967
26511	28	146	964	967
25594	28	572	964	967
46961	28	676	964	967
22971	28	1371	964	967
89107	28	16	964	967
56747	28	1484	964	967
6088	28	61	964	967
48907	28	22726	964	967
73566	28	192	964	967
11323	28	593	964	967
89799	28	381	964	967
120427	28	577	964	967
12188	28	290	964	967
17721	28	2423	964	967
55268	28	1567	964	967
19668	28	1179	964	967
120695	28	3125	964	967
53862	28	1138	964	967
120780	28	1201	964	967
23075	28	1288	964	967
72596	28	2528	964	967
85298	28	228	964	967
23139	28	250	964	967
39382	28	1535	964	967
11180	28	791	964	967
11825	28	757	964	967
26753	28	160	964	967
20105	28	554	964	967
16537	28	676	964	967
55749	28	1136	964	967
90693	28	2528	964	967
46738	28	228	964	967
20165	28	175	964	967
35806	28	52	964	967
15882	28	64	964	967
121813	28	2528	964	967
76533	28	66	964	967
20312	28	1741	964	967
36867	28	350	964	967
22326	28	143	964	967
33712	28	50	964	967
26841	28	80	964	967
41852	28	546	964	967
25977	28	1286	964	967
91751	28	578	964	967
20503	28	317	964	967
72975	28	680	964	967
55668	28	696	964	967
65830	28	1412	964	967
37044	28	31	964	967
34094	28	274	964	967
15919	28	61	964	967
37693	28	3051	964	967
49631	28	515	964	967
39832	28	877	964	967
15004	28	593	964	967
102455	28	409	964	967
37131	28	1041	964	967
18180	28	83	964	967
28022	28	344	964	967
10234	28	766	964	967
14698	28	181	964	967
13156	28	1577	964	967
21183	28	1523	964	967
28928	28	213	964	967
92146	28	20481	964	967
48217	28	132	964	967
28154	28	199	964	967
21365	28	1122	964	967
79744	28	1521	964	967
37004	28	1562	964	967
84664	28	509	964	967
61346	28	297	964	967
44021	28	2481	964	967
47492	28	766	964	967
79903	28	598	964	967
13803	28	1026	964	967
28228	28	681	964	967
41078	28	548	964	967
55379	28	66457	964	967
44110	28	318	964	967
29814	28	741	964	967
9882	28	95	964	967
44149	28	71	964	967
21459	28	1837	964	967
77790	28	828	964	967
103546	28	675	964	967
51300	28	702	964	967
46214	28	680	964	967
23585	28	82	964	967
53627	28	509	964	967
72130	28	1329	964	967
19416	28	1050	964	967
30643	28	2082	964	967
72587	28	676	964	967
68441	28	76526	964	967
122054	28	10135	964	967
14685	28	36	964	967
19071	28	506	964	967
165145	28	570	964	967
91682	28	7507	964	967
16005	28	591	964	967
112349	28	4128	964	967
49319	28	454	964	967
30273	28	69	964	967
80596	28	616	964	967
30003	28	55	964	967
18810	28	36	964	967
6582	28	295	964	967
8485	28	363	964	967
56707	28	248	964	967
21489	28	114	964	967
16188	28	230	964	967
22653	28	2762	964	967
32444	28	548	964	967
27830	28	1562	964	967
108084	28	253	964	967
108105	28	797	964	967
51268	28	840	964	967
18260	28	509	964	967
124796	28	1551	964	967
143988	28	233	964	967
65468	28	262	964	967
19090	28	1320	964	967
99089	28	3366	964	967
38023	28	866	964	967
14062	28	1020	964	967
73867	14	101130	964	967
23834	28	2423	964	967
10139	28	745	964	967
29961	28	839	964	967
93742	28	1380	964	967
38235	28	717	964	967
32905	28	587	964	967
72840	28	30	964	967
59944	28	981	964	967
76697	28	531	964	967
85938	28	77	964	967
13981	28	1049	964	967
55709	28	95	964	967
80150	28	2358	964	967
25581	28	1033	964	967
81069	28	501	964	967
82241	28	3002	964	967
123082	28	925	964	967
25244	28	1484	964	967
41735	28	281	964	967
40410	28	1728	964	967
65696	28	1836	964	967
54861	28	170	964	967
17664	28	291	964	967
78193	28	1410	964	967
34109	28	280	964	967
18636	28	102	964	967
61389	28	793	964	967
35971	28	2104	964	967
28688	28	568	964	967
16237	28	5790	964	967
145394	28	937	964	967
28188	28	1332	964	967
44992	28	703	964	967
12130	28	435	964	967
53627	28	1629	964	967
39996	28	76	964	967
103926	28	30	964	967
20633	28	33	964	967
27844	28	746	964	967
15193	28	587	964	967
86065	28	2486	964	967
68721	28	583	964	967
39580	28	897	964	967
126362	28	6442	964	967
18234	28	51	964	967
23654	28	66	964	967
38676	28	1210	964	967
32879	28	2720	964	967
92463	28	318	964	967
51090	28	2914	964	967
126529	28	6442	964	967
12070	28	66	964	967
71495	28	679	964	967
51167	28	875	964	967
126619	28	971	964	967
11489	28	98	964	967
43261	28	520	964	967
10937	28	1592	964	967
24986	28	325	964	967
112367	28	36244	964	967
112119	28	58496	964	967
57529	28	643	964	967
46990	28	603	964	967
142700	28	123	964	967
11813	28	1009	964	967
20090	28	991	964	967
78527	28	30463	964	967
104954	28	4605	964	967
17787	28	940	964	967
69673	28	120	964	967
115011	28	11520	964	967
77197	28	2762	964	967
33490	28	1512	964	967
26093	28	965	964	967
23979	28	456	964	967
22938	28	45	964	967
91477	28	759	964	967
24788	28	1664	964	967
13068	28	1611	964	967
143473	28	2962	964	967
51447	28	499	964	967
72949	28	266	964	967
68930	28	140	964	967
50726	28	1208	964	967
8346	28	1275	964	967
22128	28	6584	964	967
18436	28	101	964	967
24531	28	1698	964	967
106196	28	58	964	967
7921	28	408	964	967
116370	28	167	964	967
28738	28	669	964	967
122294	28	1358	964	967
51536	28	7798	964	967
55475	28	402	964	967
37986	28	981	964	967
110237	28	3435	964	967
94224	28	1009	964	967
34433	28	222	964	967
8615	28	188	964	967
82938	28	496	964	967
94943	28	731	964	967
36186	28	318	964	967
93744	28	328	964	967
71510	28	236	964	967
6293	28	842	964	967
148012	28	216	964	967
28588	28	1067	964	967
59582	28	67155	964	967
12101	28	18	964	967
27726	28	674	964	967
109540	28	136	964	967
53572	28	1983	964	967
122531	28	1430	964	967
23224	28	2759	964	967
18627	28	1171	964	967
67526	28	2576	964	967
17285	28	23	964	967
110533	28	5355	964	967
148438	28	318	964	967
109406	28	746	964	967
51712	28	474	964	967
95116	28	5630	964	967
19821	28	144	964	967
17419	28	22	964	967
32529	28	1139	964	967
48814	28	4488	964	967
53093	28	27	964	967
93660	28	16107	964	967
128406	28	121917	964	967
68939	28	83	964	967
61255	28	288	964	967
18494	28	3583	964	967
17439	28	22	964	967
116271	28	1033	964	967
101942	28	760	964	967
94649	28	336	964	967
43272	28	888	964	967
12160	28	1917	964	967
19909	28	80	964	967
46654	28	778	964	967
69504	28	1082	964	967
18650	28	732	964	967
10222	28	191	964	967
11379	28	799	964	967
119179	28	1067	964	967
106869	28	1847	964	967
59570	28	1675	964	967
60399	28	366	964	967
25489	28	3366	964	967
110609	28	491	964	967
58979	28	1335	964	967
25592	28	560	964	967
33034	28	1107	964	967
88949	28	81	964	967
92722	28	7083	964	967
11005	28	275	964	967
71480	28	31	964	967
22436	28	80	964	967
112140	28	41796	964	967
88812	28	2096	964	967
17335	28	175	964	967
52348	28	1417	964	967
79037	28	572	964	967
15989	28	598	964	967
22907	28	509	964	967
16749	28	65	964	967
63029	28	252	964	967
109864	28	1290	964	967
150225	28	506	964	967
12258	28	181	964	967
79921	28	2302	964	967
89635	28	1576	964	967
74651	28	417	964	967
104416	28	1327	964	967
7462	28	586	964	967
85186	28	1811	964	967
27174	28	1554	964	967
71837	28	1204	964	967
27219	28	328	964	967
51319	28	725	964	967
29755	28	976	964	967
22511	28	51	964	967
80847	28	3123	964	967
24606	28	731	964	967
20021	28	446	964	967
26527	28	1828	964	967
28016	28	408	964	967
39911	28	1900	964	967
83961	28	141	964	967
26419	28	475	964	967
22567	28	181	964	967
13101	28	272	964	967
19728	28	286	964	967
85918	28	1835	964	967
82055	28	619	964	967
25297	28	643	964	967
118531	28	1410	964	967
95382	28	1937	964	967
28613	28	5381	964	967
