50110	28	760	947	948
23101	28	1134	947	948
28151	28	195	947	948
8917	28	10003	947	948
24104	28	333	947	948
28987	28	13172	947	948
59713	28	2963	947	948
38382	28	2196	947	948
7322	28	415	947	948
5108	28	78	947	948
4001	28	864	947	948
67260	28	1324	947	948
6245	28	1958	947	948
113937	28	632	947	948
32280	28	2385	947	948
22337	28	1056	947	948
25389	28	5010	947	948
79932	28	112	947	948
33451	28	5378	947	948
96924	28	128631	947	948
14685	28	119	947	948
99977	28	3435	947	948
6334	28	1370	947	948
28445	28	241	947	948
4547	28	496	947	948
14657	28	1075	947	948
116693	28	818	947	948
58253	28	44	947	948
7103	28	3771	947	948
67343	28	388	947	948
17728	28	24	947	948
5799	28	2223	947	948
7972	28	5304	947	948
46356	28	462	947	948
39989	28	396	947	948
79499	28	3326	947	948
19423	28	1084	947	948
14586	28	16	947	948
35710	28	1173	947	948
19686	28	1069	947	948
47281	28	65473	947	948
71261	28	1110	947	948
58371	28	963	947	948
4132	28	195	947	948
69474	28	28198	947	948
24676	28	6152	947	948
48504	28	571	947	948
14191	28	1335	947	948
104289	28	1057	947	948
6420	28	2449	947	948
6556	28	102	947	948
101101	28	71	947	948
42063	28	404	947	948
90353	28	2068	947	948
26937	28	445	947	948
7843	28	280	947	948
15278	28	546	947	948
58796	28	238	947	948
68608	28	1083	947	948
24592	28	199	947	948
4439	28	401	947	948
65538	28	1581	947	948
9727	28	233	947	948
60320	28	1936	947	948
8293	28	395	947	948
10418	28	759	947	948
27028	28	10003	947	948
10555	28	712	947	948
29183	28	2109	947	948
56429	28	1554	947	948
19809	28	583	947	948
75083	28	254	947	948
97970	28	464	947	948
14364	28	91	947	948
51582	28	146	947	948
9762	28	633	947	948
50000	28	2672	947	948
44031	28	19	947	948
24512	28	1221	947	948
5887	28	147	947	948
51404	28	3973	947	948
63470	28	3388	947	948
15152	28	1182	947	948
12777	28	54	947	948
28843	28	221	947	948
14859	28	54	947	948
38592	28	4193	947	948
14908	28	129	947	948
21537	28	1267	947	948
16914	28	864	947	948
94547	28	1547	947	948
17671	28	257	947	948
26787	28	1005	947	948
22050	28	3309	947	948
9310	28	4873	947	948
100765	28	963	947	948
6461	28	120	947	948
12388	28	936	947	948
8614	28	739	947	948
95446	28	166	947	948
16244	28	313	947	948
12022	28	450	947	948
101175	28	3362	947	948
65085	28	40814	947	948
14295	28	54	947	948
10988	28	150	947	948
12018	28	14562	947	948
38935	28	283	947	948
30246	28	434	947	948
80949	28	232	947	948
109559	28	1547	947	948
4932	28	85	947	948
73968	28	26526	947	948
15640	28	408	947	948
20709	28	176	947	948
16699	28	19274	947	948
74097	28	1122	947	948
7802	28	5760	947	948
29972	28	311	947	948
40346	28	1987	947	948
22935	28	5113	947	948
12513	28	14562	947	948
40703	28	713	947	948
23784	28	166	947	948
34003	28	2435	947	948
50430	28	211	947	948
28846	28	608	947	948
57471	28	710	947	948
7823	28	147	947	948
10924	28	609	947	948
10108	28	339	947	948
33429	28	106	947	948
11518	28	668	947	948
28924	28	325	947	948
103466	28	934	947	948
55474	28	266	947	948
16624	28	1245	947	948
47085	28	298	947	948
52575	28	2536	947	948
11493	28	1073	947	948
21082	28	1278	947	948
8867	28	612	947	948
15256	28	69	947	948
33085	28	255	947	948
11194	28	1374	947	948
4654	28	45583	947	948
59037	28	241	947	948
7999	28	120	947	948
13619	28	2776	947	948
8037	28	294	947	948
67090	28	147	947	948
51401	28	503	947	948
64163	28	686	947	948
14148	28	2693	947	948
77132	28	2435	947	948
15488	28	1554	947	948
50724	28	318	947	948
22276	28	633	947	948
9548	28	276	947	948
12427	28	364	947	948
14458	28	593	947	948
11339	28	28198	947	948
27554	28	578	947	948
11075	28	404	947	948
91749	28	114	947	948
51702	28	119	947	948
38086	28	95	947	948
10895	28	959	947	948
28689	28	2454	947	948
34096	28	2769	947	948
53956	28	3167	947	948
76098	28	1588	947	948
6642	28	254	947	948
78426	28	2738	947	948
14299	28	1412	947	948
7582	28	133	947	948
21578	28	436	947	948
13787	28	387	947	948
96040	28	126	947	948
7185	28	774	947	948
17272	28	1420	947	948
24675	28	4183	947	948
57877	28	80	947	948
15138	28	571	947	948
43324	28	64	947	948
7882	28	49111	947	948
7251	28	99	947	948
21793	28	401	947	948
29844	28	759	947	948
79044	28	1286	947	948
8122	28	24	947	948
38225	28	759	947	948
31071	28	70	947	948
5937	28	56	947	948
6431	28	114	947	948
57856	28	439	947	948
49382	28	162	947	948
16896	28	745	947	948
45098	28	3217	947	948
61166	28	774	947	948
61573	28	1055	947	948
33572	28	653	947	948
38355	28	103	947	948
11917	28	5262	947	948
28134	28	69	947	948
65355	28	749	947	948
44251	28	53	947	948
65584	28	2300	947	948
8159	28	353	947	948
10849	28	3069	947	948
20068	28	501	947	948
20451	28	68308	947	948
61409	28	1652	947	948
32199	28	159	947	948
5426	28	60	947	948
69669	28	2436	947	948
16200	28	318	947	948
18941	28	304	947	948
35094	28	516	947	948
26490	28	289	947	948
3986	28	408	947	948
7744	28	135	947	948
21128	28	2015	947	948
20969	28	58	947	948
50619	28	45	947	948
18270	28	1565	947	948
60076	28	7459	947	948
29472	28	1588	947	948
59734	28	1070	947	948
6352	28	89	947	948
130600	28	14562	947	948
77423	28	786	947	948
11827	28	100	947	948
13924	28	6204	947	948
24882	28	713	947	948
17204	28	546	947	948
75495	28	2913	947	948
11681	28	233	947	948
16852	28	439	947	948
110677	28	830	947	948
60296	28	2385	947	948
7680	28	80	947	948
20793	28	1400	947	948
43747	28	309	947	948
23862	28	715	947	948
24054	28	252	947	948
95238	28	1245	947	948
84681	28	2026	947	948
80964	28	741	947	948
38386	28	366	947	948
65756	28	139	947	948
20882	28	1120	947	948
5632	28	720	947	948
12693	28	3720	947	948
23304	28	676	947	948
43882	28	153	947	948
48328	28	491	947	948
15010	28	360	947	948
70130	28	3413	947	948
9540	28	49	947	948
49324	28	491	947	948
92981	28	85	947	948
20483	28	582	947	948
17172	28	2142	947	948
60008	28	1897	947	948
130845	28	749	947	948
67767	28	7459	947	948
19912	28	720	947	948
59249	28	292	947	948
11043	28	153	947	948
76525	28	111327	947	948
4932	28	24	947	948
51359	28	669	947	948
20667	28	1730	947	948
44460	28	153	947	948
27580	28	404	947	948
58799	28	27313	947	948
12594	28	123	947	948
49690	28	239	947	948
9917	28	527	947	948
35892	28	1073	947	948
16519	28	592	947	948
28034	28	1388	947	948
6684	28	14	947	948
91479	28	829	947	948
6344	28	1565	947	948
27270	28	1614	947	948
19550	28	553	947	948
11421	28	4649	947	948
92002	28	1835	947	948
45393	28	15317	947	948
22348	28	10644	947	948
9017	28	1522	947	948
21609	28	5238	947	948
109120	28	174	947	948
4859	28	102	947	948
106072	28	4264	947	948
9393	28	255	947	948
121983	28	930	947	948
12129	28	2776	947	948
5903	28	13406	947	948
108819	28	1078	947	948
21781	28	95	947	948
82053	28	1299	947	948
9105	28	602	947	948
53252	28	1541	947	948
78426	28	14562	947	948
15820	28	23	947	948
3672	28	5558	947	948
88554	28	1174	947	948
11757	28	2385	947	948
8018	28	114	947	948
46359	28	79	947	948
59779	28	402	947	948
23935	28	922	947	948
10729	28	1752	947	948
11193	28	202	947	948
21920	28	422	947	948
10233	28	257	947	948
14354	28	2446	947	948
15442	28	257	947	948
27686	28	31	947	948
27737	28	780	947	948
27895	28	741	947	948
27590	28	171	947	948
35772	28	1174	947	948
23037	28	28221	947	948
5889	28	741	947	948
70644	28	3211	947	948
44789	28	353	947	949
8405	28	24	947	949
52187	28	889	947	949
14357	28	2030	947	949
16359	28	66	947	949
52377	28	3939	947	949
11410	28	181	947	949
12955	28	46	947	949
4659	28	33	947	949
14629	28	50	947	949
7248	28	1780	947	949
22074	28	54	947	949
71697	28	994	947	949
14859	28	112	947	949
25855	28	754	947	949
46173	28	118	947	949
6795	28	18	947	949
16582	28	155	947	949
40677	28	996	947	949
10740	28	649	947	949
20187	28	159	947	949
20267	28	133	947	949
35335	28	1908	947	949
23024	28	628	947	949
19149	28	253	947	949
17667	28	41	947	949
8676	28	1850	947	949
99625	28	210	947	949
13137	28	1752	947	949
100223	28	31	947	949
17902	28	388	947	949
6744	28	379	947	949
10866	28	456	947	949
27384	28	1297	947	949
6299	28	826	947	949
47809	28	27	947	949
70455	28	288	947	949
20529	28	133	947	949
18879	28	233	947	949
52810	28	30	947	949
18147	28	2399	947	949
27601	28	140	947	949
34776	28	1070	947	949
8162	28	450	947	949
15350	28	3621	947	949
57187	28	74	947	949
15285	28	370	947	949
34478	28	3642	947	949
117841	23	66295	947	949
66295	23	117841	947	949
61021	28	241	947	949
66321	28	16	947	949
16318	28	16	947	949
83802	28	198	947	949
83915	28	641	947	949
29268	28	179	947	949
61064	28	1375	947	949
8386	28	110	947	949
14651	28	828	947	949
34066	28	712	947	949
22226	28	3021	947	949
33614	28	633	947	949
19257	28	256	947	949
8396	28	529	947	949
16575	28	280	947	949
71793	28	10463	947	949
22584	28	45	947	949
17169	28	5760	947	949
7955	28	82	947	949
7952	28	1684	947	949
89878	28	25627	947	949
9388	28	141	947	949
16825	28	40	947	949
19933	28	922	947	949
19941	28	16	947	949
5289	28	2097	947	949
13355	28	213	947	949
78064	28	103529	947	949
13568	28	30	947	949
15325	28	2913	947	949
47343	28	1727	947	949
35529	28	186	947	949
5804	28	160	947	949
67611	28	257	947	949
25463	28	1554	947	949
24714	28	288	947	949
10457	28	166	947	949
27085	28	23	947	949
4680	28	219	947	949
15566	28	85	947	949
45996	28	666	947	949
90917	28	33	947	949
18956	28	32	947	949
18939	28	141	947	949
13526	28	1924	947	949
91083	28	378	947	949
8769	28	105	947	949
27538	28	1178	947	949
68172	28	233	947	949
7563	28	56	947	949
55693	28	57145	947	949
105472	28	452	947	949
19606	28	40	947	949
31625	28	1239	947	949
24018	28	378	947	949
54813	28	701	947	949
62650	28	199	947	949
5940	28	45	947	949
11932	28	591	947	949
8142	28	1093	947	949
74983	28	547	947	949
89962	28	4355	947	949
26066	28	156	947	949
16044	28	71	947	949
68607	28	757	947	949
6032	28	283	947	949
14295	28	132	947	949
15296	28	107	947	949
28156	28	205	947	949
74594	28	751	947	949
15527	28	364	947	949
35058	28	1679	947	949
29094	28	455	947	949
16626	28	474	947	949
17981	28	184	947	949
18423	28	5010	947	949
60713	28	1335	947	949
55242	28	1592	947	949
59416	28	2348	947	949
80223	28	398	947	949
10752	28	58	947	949
12309	28	388	947	949
5368	28	57	947	949
7984	28	159	947	949
31707	28	529	947	949
77692	28	1396	947	949
78009	28	2232	947	949
32996	28	745	947	949
7061	28	30	947	949
86914	28	933	947	949
15098	28	691	947	949
29168	28	1794	947	949
15004	28	832	947	949
24967	28	336	947	949
46784	28	484	947	949
22558	28	119	947	949
13194	28	395	947	949
19711	28	99	947	949
56443	28	1547	947	949
27260	28	1409	947	949
9870	28	450	947	949
16261	28	744	947	949
114812	28	396	947	949
7128	28	686	947	949
23715	28	713	947	949
14089	28	530	947	949
12712	28	974	947	949
42916	28	1371	947	949
4916	28	191	947	949
6242	28	331	947	949
40978	28	714	947	949
18125	28	3308	947	949
12756	28	179	947	949
26825	28	8726	947	949
6153	28	39	947	949
6245	28	817	947	949
32839	28	23	947	949
32059	28	396	947	949
10584	28	388	947	949
62894	28	568	947	949
15532	28	99	947	949
67550	28	199	947	949
11160	28	735	947	949
69994	28	293	947	949
51943	28	72	947	949
109512	28	963	947	949
19210	28	24	947	949
13704	28	160	947	949
15825	28	236	947	949
8647	28	87	947	949
17221	28	3325	947	949
21501	28	60	947	949
76353	28	759	947	949
64239	28	86	947	949
6483	28	155	947	949
10881	28	241	947	949
24827	28	1794	947	949
12600	28	282	947	949
84679	28	1211	947	949
16186	28	70	947	949
21474	28	1987	947	949
25073	28	735	947	949
5600	28	10420	947	949
59600	28	395	947	949
43114	28	428	947	949
13390	28	1000	947	949
7379	28	110	947	949
5672	28	450	947	949
51358	28	68	947	949
102564	28	837	947	949
32370	28	2097	947	949
13059	28	1633	947	949
12050	28	1335	947	949
6508	28	39	947	949
58061	28	1253	947	949
17950	28	11683	947	949
10445	28	132	947	949
9464	28	257	947	949
15003	28	388	947	949
90611	28	99	947	949
29387	28	330	947	949
19862	28	50202	947	949
7623	28	71	947	949
10922	28	101	947	949
60334	28	3004	947	949
58969	28	571	947	949
113079	28	1384	947	949
79879	28	275	947	949
16484	28	5821	947	949
6804	28	9129	947	949
11582	28	1392	947	949
128126	23	114721	947	949
27089	28	358	947	949
28781	28	53	947	949
19000	28	174	947	949
8693	28	140	947	949
32992	28	586	947	949
87736	28	150	947	949
12691	28	1745	947	949
13309	28	224	947	949
34825	28	102	947	949
36698	28	437	947	949
22609	28	675	947	949
15663	28	1442	947	949
28107	28	4152	947	949
51966	28	954	947	949
10369	28	398	947	949
91977	28	1549	947	949
12084	28	235	947	949
12818	28	1478	947	949
28100	28	40	947	949
31674	28	257	947	949
88008	28	649	947	949
55744	28	1682	947	949
76411	28	1021	947	949
20716	28	65	947	949
11516	28	5113	947	949
10782	28	2334	947	949
4572	28	67	947	949
4312	28	2623	947	949
44047	28	37	947	949
9595	28	5088	947	949
15472	28	1741	947	949
51672	28	917	947	949
15269	28	76	947	949
110189	28	1178	947	949
17013	28	894	947	949
47384	28	2516	947	949
10915	28	185	947	949
90777	28	2957	947	949
12327	28	222	947	949
12253	28	476	947	949
21813	28	240	947	949
19233	28	896	947	949
77468	28	5010	947	949
11611	28	241	947	949
8387	28	57	947	949
24516	28	1014	947	949
6465	23	128399	947	949
77849	28	1656	947	949
15235	28	251	947	949
38064	28	353	947	949
12165	28	167	947	949
27506	28	381	947	949
29461	28	1297	947	949
66483	28	2435	947	949
23273	28	4638	947	949
24668	28	428	947	949
11048	28	253	947	949
14152	28	162	947	949
89467	28	3235	947	949
11093	28	57	947	949
15133	28	5113	947	949
9806	28	5432	947	949
81671	28	78	947	949
21991	28	668	947	949
12855	28	3925	947	949
36185	28	269	947	949
66848	28	1015	947	949
92326	28	649	947	949
37862	28	395	947	949
24539	28	2705	947	949
92000	28	234	947	949
99276	28	5616	947	949
39779	28	10779	947	949
8169	28	47	947	949
71486	28	1455	947	949
12223	28	539	947	949
17575	28	2057	947	949
21126	28	223	947	949
11341	28	2331	947	949
41713	28	5722	947	949
58613	28	69	947	949
27996	28	587	947	949
9348	28	149	947	949
57241	28	474	947	949
35423	28	1908	947	949
6128	28	504	947	949
13368	28	626	947	949
47952	28	134	947	949
9677	28	676	947	949
149433	28	114	947	949
16875	28	168	947	949
37288	28	582	947	949
44286	28	255	947	949
88391	28	150	947	949
18869	28	289	947	949
4984	28	16	947	949
9672	28	181	947	949
46330	28	571	947	949
5454	28	339	947	949
14107	28	885	947	949
15027	28	1229	947	949
13644	28	2114	947	949
24436	28	144	947	949
22231	28	881	947	949
50449	28	315	947	949
10612	28	387	947	949
51694	28	476	947	949
40089	28	267	947	949
19787	28	2172	947	949
19052	28	1229	947	949
15875	28	38	947	949
106888	28	232	947	949
9596	28	289	947	949
7602	28	153	947	949
18640	28	72	947	949
75508	28	1148	947	949
44401	28	2616	947	949
64101	28	1119	947	949
20603	28	1121	947	949
15270	28	377	947	949
20323	28	2098	947	949
33948	28	88	947	949
46109	28	447	947	949
37356	28	408	947	949
37048	28	41	947	949
5490	28	121	947	949
38610	28	875	947	949
75456	28	510	947	949
31994	28	297	947	949
93792	28	774	947	949
10077	28	20	947	949
38635	28	280	947	949
15176	28	974	947	949
17249	28	402	947	949
9547	28	1082	947	949
39246	28	365	947	949
18134	28	221	947	949
37320	28	253	947	949
22324	28	1752	947	949
65710	28	662	947	949
11553	28	238	947	949
18575	28	159	947	949
24881	28	3400	947	949
36038	28	872	947	949
25662	28	786	947	949
18247	28	86	947	949
56571	28	50	947	949
107192	28	892	947	949
5696	28	65	947	949
28717	28	44276	947	949
55910	28	899	947	949
59762	28	405	947	949
30161	28	4380	947	949
50986	28	3211	947	949
46036	28	295	947	949
70120	28	1466	947	949
11227	28	263	947	949
23815	28	110	947	949
7127	28	857	947	949
44199	28	280	947	949
9702	28	2644	947	949
59430	28	825	947	949
12699	28	42	947	949
60483	28	917	947	949
6734	28	6151	947	949
20967	28	179	947	949
29349	28	937	947	949
22231	28	817	947	949
21546	28	1068	947	949
23401	23	75461	947	949
75461	23	23401	947	949
97423	28	917	947	949
16697	28	328	947	949
38543	28	179	947	949
13934	28	1031	947	949
22712	28	503	947	949
6438	28	2479	947	949
29719	28	28679	947	949
47283	28	37681	947	949
5535	28	800	947	949
27376	28	388	947	949
65581	28	126	947	949
53355	28	1371	947	949
23090	28	1757	947	949
18997	28	33	947	949
48023	28	363	947	949
16632	28	95	947	949
92828	28	1078	947	949
25367	28	135	947	949
38581	28	533	947	949
53650	28	92	947	949
23933	28	143	947	949
10231	28	119	947	949
7510	28	56	947	949
13054	28	213	947	949
10942	28	458	947	949
14715	28	592	947	949
81435	28	41240	947	949
88692	28	750	947	949
26908	28	637	947	949
17119	28	710	947	949
6063	28	36	947	949
85875	28	26526	947	949
53175	28	331	947	949
183540	28	18084	947	949
16192	28	168	947	949
55201	28	286	947	949
35452	28	1908	947	949
12688	28	1390	947	949
42137	28	133	947	949
31878	28	713	947	949
44522	28	220	947	949
15625	28	141	947	949
9105	28	388	947	949
31486	28	123	947	949
61859	28	99	947	949
32866	28	1091	947	949
58702	28	1293	947	949
10145	28	395	947	949
16000	28	434	947	949
10209	28	150	947	949
94490	28	366	947	949
12473	28	313	947	949
8245	28	112	947	949
9561	28	292	947	949
21533	28	1810	947	949
48626	28	924	947	949
11385	28	6134	947	949
109904	28	76	947	949
65445	28	2527	947	949
11549	28	24101	947	949
11694	28	668	947	949
65149	28	2214	947	949
186004	28	1375	947	949
32840	28	103	947	949
7626	28	3255	947	949
63890	28	165	947	949
89274	28	965	947	949
7394	28	55	947	949
46628	28	428	947	949
42530	28	646	947	949
124026	28	49111	947	949
130383	28	2598	947	949
31721	28	355	947	949
42633	28	114	947	949
95210	28	1478	947	949
52089	28	133	947	949
31870	28	556	947	949
53918	28	392	947	949
10478	28	699	947	949
26941	28	878	947	949
9740	28	22569	947	949
81837	28	280	947	949
51746	28	353	947	949
32138	28	1092	947	949
9703	28	54048	947	949
28111	28	1722	947	949
67981	28	175	947	949
8785	28	196	947	949
35215	28	626	947	949
33124	28	1097	947	949
8210	28	87	947	949
13024	28	133	947	949
44265	28	281	947	949
63347	28	52163	947	949
82043	28	4418	947	949
60541	28	573	947	950
18629	28	68	947	950
4508	28	175	947	950
96171	28	170	947	950
29373	28	102	947	950
52854	28	30	947	950
45941	28	470	947	950
8691	28	51	947	950
17216	28	165	947	950
8041	28	5313	947	950
40735	28	3505	947	950
98299	28	4625	947	950
20470	28	642	947	950
15568	28	156	947	950
41555	28	332	947	950
8660	28	55	947	950
7029	28	336	947	950
86302	28	439	947	950
10469	28	62366	947	950
26322	28	712	947	950
56191	28	1420	947	950
48827	28	720	947	950
8963	28	1551	947	950
17173	28	124	947	950
87602	28	532	947	950
34489	28	2449	947	950
6136	28	82	947	950
6395	28	247	947	950
9423	28	87	947	950
43168	28	2250	947	950
38765	28	547	947	950
53050	28	3761	947	950
45013	28	2057	947	950
7713	28	582	947	950
8352	28	196	947	950
13226	28	7880	947	950
29987	28	7339	947	950
22388	28	818	947	950
30301	28	179	947	950
22947	28	1075	947	950
25352	28	19890	947	950
13484	28	2057	947	950
86560	28	2840	947	950
26780	28	353	947	950
26952	28	1964	947	950
16741	28	142	947	950
47827	28	263	947	950
45248	28	131	947	950
10906	28	46	947	950
14924	28	463	947	950
18640	28	53	947	950
16490	28	970	947	950
31736	28	141	947	950
17812	28	8221	947	950
13246	28	103	947	950
31854	28	11427	947	950
47925	28	1461	947	950
9381	28	1805	947	950
9862	28	333	947	950
43920	28	632	947	950
19028	28	2738	947	950
21143	28	754	947	950
17429	28	2057	947	950
25203	28	8221	947	950
15992	28	122	947	950
56695	28	657	947	950
17636	28	5946	947	950
30054	28	379	947	950
26515	28	307	947	950
104976	28	1004	947	950
13985	28	353	947	950
12926	28	3737	947	950
79687	28	37	947	950
75798	28	2831	947	950
68707	28	2276	947	950
106720	28	1658	947	950
31039	28	5377	947	950
16482	28	514	947	950
23797	28	2435	947	950
121572	28	255	947	950
15213	28	159	947	950
8035	28	336	947	950
11870	28	129	947	950
71827	28	2831	947	950
48447	28	1736	947	950
35334	28	1959	947	950
17052	28	633	947	950
4618	28	19	947	950
9205	28	105	947	950
8089	28	124	947	950
34767	28	82	947	950
65808	28	668	947	950
12206	28	477	947	950
69266	28	392	947	950
34466	28	83	947	950
10958	28	1697	947	950
62591	28	323	947	950
124718	28	255	947	950
31972	28	50	947	950
14484	28	390	947	950
27010	28	268	947	950
14685	28	37	947	950
26058	28	294	947	950
8679	28	129	947	950
24763	28	572	947	950
125494	28	774	947	950
103976	28	120	947	950
46077	28	303	947	950
21202	28	2057	947	950
93189	28	1432	947	950
14831	28	754	947	950
30953	28	964	947	950
9412	28	5113	947	950
5840	28	1073	947	950
18376	28	174	947	950
25039	28	522	947	950
7566	28	34	947	950
60080	28	114	947	950
13778	28	868	947	950
77878	28	1000	947	950
16330	28	1606	947	950
19138	28	4665	947	950
34935	28	3791	947	950
11201	28	73	947	950
15211	28	648	947	950
9431	28	180	947	950
51769	28	511	947	950
52550	28	3656	947	950
51006	28	1700	947	950
29500	28	13714	947	950
19603	28	19374	947	950
4807	28	241	947	950
127033	28	315	947	950
25044	28	2738	947	950
31342	28	868	947	950
33326	28	605	947	950
33387	28	140	947	950
64469	28	868	947	950
38730	28	281	947	950
94992	28	2214	947	950
31099	28	176	947	950
44283	28	259	947	950
19032	28	288	947	950
19863	28	1124	947	950
170858	28	102444	947	950
37980	28	165	947	950
12252	28	198	947	950
8320	28	1034	947	950
31354	28	28023	947	950
44584	28	702	947	950
78245	28	1177	947	950
25739	28	72	947	950
21555	28	259	947	950
24487	28	524	947	950
6681	28	154	947	950
69130	28	400	947	950
16724	28	3000	947	950
21325	28	76	947	950
26559	28	248	947	950
33129	28	2300	947	950
28572	28	1684	947	950
17220	28	751	947	950
11012	28	18	947	950
60712	28	133	947	950
32152	28	2027	947	950
11702	28	36	947	950
80105	28	230	947	950
8567	28	2738	947	950
14262	28	19256	947	950
63295	28	57	947	950
37429	28	30	947	950
6195	28	124	947	950
94057	28	8022	947	950
7145	28	19	947	950
73722	28	56	947	950
9238	28	2442	947	950
38392	28	14	947	950
23014	28	43	947	950
17620	28	542	947	950
16712	28	240	947	950
48221	28	1944	947	950
16975	28	5009	947	950
26559	28	236	947	950
68833	28	1000	947	950
23045	28	429	947	950
20813	28	77	947	950
20112	28	205	947	950
26470	28	162	947	950
18989	28	123	947	950
8372	28	41	947	950
63521	28	868	947	950
69680	28	1508	947	950
68786	28	1727	947	950
61586	28	1154	947	950
11124	28	179	947	950
10394	28	133	947	950
16566	28	1338	947	950
70028	28	363	947	950
20127	28	185	947	950
39803	28	252	947	950
58436	28	1495	947	950
37711	28	255	947	950
58439	28	710	947	950
16989	28	245	947	950
10601	28	493	947	950
35857	28	2030	947	950
60725	28	964	947	950
20234	28	47	947	950
18204	28	153	947	950
19383	28	51	947	950
119751	28	392	947	950
6180	28	381	947	950
31241	28	280	947	950
120041	28	2250	947	950
13325	28	2135	947	950
51494	28	5378	947	950
68878	28	605	947	950
44368	28	917	947	950
14379	28	937	947	950
15698	28	753	947	950
39158	28	668	947	950
8312	28	51	947	950
5240	28	248	947	950
143987	28	2435	947	950
87648	28	334	947	950
95465	28	28221	947	950
16986	28	353	947	950
17312	28	32	947	950
44708	28	213	947	950
36657	28	162	947	950
31353	28	70	947	950
20363	28	117	947	950
38548	28	492	947	950
27241	28	715	947	950
5920	28	986	947	950
153803	28	32155	947	950
97951	28	1070	947	950
11152	28	195	947	950
10912	28	313	947	950
8176	28	864	947	950
80610	28	114	947	950
39712	28	144	947	950
5362	28	73	947	950
24668	28	198	947	950
95591	28	28198	947	950
44294	28	702	947	950
13784	28	402	947	950
10829	28	391	947	950
17736	28	377	947	950
11657	28	315	947	950
13527	28	692	947	950
74820	28	726	947	950
54317	28	922	947	950
51862	28	313	947	950
7770	28	1551	947	950
12478	28	105	947	950
17413	28	2841	947	950
43127	28	1202	947	950
38475	28	255	947	950
61542	28	780	947	950
57610	28	126	947	950
95632	28	1554	947	950
7823	28	69	947	950
17796	28	24	947	950
38604	28	1263	947	950
21260	28	43	947	950
25215	28	731	947	950
9573	28	105	947	950
109944	28	1528	947	950
5217	28	55	947	950
73623	14	21623	947	950
79247	28	1041	947	950
12792	28	360	947	950
19184	28	66	947	950
43892	28	293	947	950
11164	28	92	947	950
77664	28	1316	947	950
17560	28	1801	947	950
5517	28	720	947	950
24565	28	233	947	950
16018	28	165	947	950
11896	28	188	947	950
98945	28	5075	947	950
11624	28	900	947	950
59037	28	380	947	950
12614	28	221	947	950
65373	28	387	947	950
90041	28	515	947	950
9663	28	191	947	950
28079	28	12978	947	950
15047	28	894	947	950
65259	28	447	947	950
19182	28	384	947	950
75562	28	524	947	950
73902	28	1757	947	950
11256	28	2662	947	950
16832	28	47	947	950
21990	28	82	947	950
31838	28	58	947	950
25014	28	290	947	950
28549	28	516	947	950
8317	28	648	947	950
27725	28	98	947	950
24575	28	2454	947	950
34028	28	469	947	950
11872	28	55	947	950
95684	28	524	947	950
13726	28	223	947	950
32902	28	578	947	950
13529	28	875	947	950
30590	28	82	947	950
68162	28	477	947	950
27645	28	213	947	950
15859	28	11985	947	950
60007	28	1263	947	950
42099	28	1743	947	950
86576	28	74	947	950
14191	28	174	947	950
30065	28	95	947	950
96031	28	198	947	951
61072	28	240	947	951
52667	28	175	947	951
45660	28	220	947	951
53033	28	131	947	951
25586	28	454	947	951
5491	28	44	947	951
6742	28	86	947	951
12182	28	185	947	951
20295	28	518	947	951
8128	28	124	947	951
85621	28	3429	947	951
15066	28	247	947	951
74481	28	539	947	951
27275	28	112	947	951
23716	28	131	947	951
21666	28	107	947	951
45874	28	408	947	951
37087	28	252	947	951
42425	28	53	947	951
10359	28	699	947	951
20495	28	224	947	951
71173	28	527	947	951
16340	28	1745	947	951
18255	28	239	947	951
21906	28	1094	947	951
52864	28	682	947	951
25394	28	1124	947	951
6767	28	50	947	951
10574	28	52	947	951
58022	28	139	947	951
26173	28	475	947	951
10237	28	2023	947	951
103789	28	195	947	951
19442	28	153	947	951
5117	28	396	947	951
17374	28	184	947	951
52456	28	1106	947	951
26525	28	228	947	951
67618	28	1405	947	951
11782	28	248	947	951
15421	28	1275	947	951
64869	28	1075	947	951
14793	28	554	947	951
5020	28	48	947	951
100787	28	1075	947	951
139317	28	1282	947	951
10903	28	323	947	951
5599	28	61	947	951
9889	28	50	947	951
6860	28	1021	947	951
22168	28	22	947	951
74874	28	1412	947	951
19861	28	54	947	951
7807	28	42	947	951
12981	28	602	947	951
27917	28	3656	947	951
42667	28	83	947	951
10740	28	428	947	951
34305	28	156	947	951
30938	28	901	947	951
9894	28	124	947	951
5280	28	119	947	951
26950	28	51	947	951
53483	28	817	947	951
9302	28	45	947	951
67221	28	41034	947	951
44189	28	82	947	951
18011	28	44	947	951
48118	28	54	947	951
124655	28	1304	947	951
35725	28	174	947	951
27502	28	883	947	951
54656	28	1801	947	951
38472	28	36	947	951
30449	28	37	947	951
22400	28	233	947	951
62503	28	525	947	951
24164	28	668	947	951
81367	28	1292	947	951
64340	28	146	947	951
13623	28	1338	947	951
31693	28	2327	947	951
80435	28	15237	947	951
50379	28	378	947	951
16185	28	668	947	951
60226	28	141	947	951
27316	28	1178	947	951
10411	28	1464	947	951
16843	28	82	947	951
38286	28	500	947	951
28644	28	119	947	951
18689	28	199	947	951
12086	28	58	947	951
46749	28	63237	947	951
20729	28	391	947	951
109944	28	993	947	951
121746	28	1375	947	951
20924	28	216	947	951
11615	28	292	947	951
18508	28	211	947	951
21683	28	174	947	951
16619	28	36	947	951
26405	28	668	947	951
16011	28	223	947	951
12822	28	740	947	951
15743	28	286	947	951
34087	28	527	947	951
12513	28	2738	947	951
7175	28	31	947	951
68909	28	415	947	951
23365	28	170	947	951
8500	28	165	947	951
73386	28	1987	947	951
8016	28	274	947	951
76245	28	1261	947	951
56117	28	531	947	951
19983	28	230	947	951
44083	28	731	947	951
23347	28	192	947	951
15302	28	328	947	951
62542	28	88	947	951
10635	28	205	947	951
69485	28	109	947	951
15499	28	662	947	951
99113	28	1944	947	951
30829	28	614	947	951
22721	28	289	947	951
10476	28	107	947	951
95013	28	1757	947	951
41073	28	1282	947	951
58610	28	699	947	951
32291	28	455	947	951
29632	28	88	947	951
32446	28	65	947	951
6337	28	106	947	951
72475	28	2616	947	951
7815	28	223	947	951
28699	28	648	947	951
10067	28	6320	947	951
12416	28	24	947	951
21075	28	529	947	951
14913	28	621	947	951
6374	28	57	947	951
24000	28	263	947	951
50149	28	41	947	951
4439	28	36	947	951
13092	28	133	947	951
14144	28	174	947	951
26799	28	80791	947	951
20714	28	222	947	951
7173	28	351	947	951
31594	28	603	947	951
70417	28	13327	947	951
18132	28	333	947	951
16170	28	275	947	951
28620	28	202	947	951
109046	28	1178	947	951
117631	28	1644	947	951
86967	28	735	947	951
22592	28	2087	947	951
86560	28	16301	947	951
33160	28	103	947	951
21632	28	185	947	951
35651	28	206	947	951
63257	28	365	947	951
42714	28	313	947	951
40566	28	315	947	951
110797	28	692	947	951
51442	28	282	947	951
34323	28	140	947	951
28152	28	106	947	951
60259	28	916	947	951
13281	28	469	947	951
9902	28	2433	947	951
11959	28	57	947	951
52629	28	1178	947	951
28775	28	1589	947	951
12006	28	48	947	951
69215	28	184	947	951
30120	28	109	947	951
16241	28	85	947	951
58520	28	5748	947	951
64093	28	1101	947	951
26566	28	280	947	951
38405	28	224	947	951
19643	28	1199	947	951
62863	28	309	947	951
52360	28	350	947	952
96205	28	1260	947	952
15532	28	227	947	952
74311	28	74312	947	952
12319	28	77	947	952
8484	28	648	947	952
17641	28	65	947	952
63547	28	602	947	952
34134	28	883	947	952
29180	28	542	947	952
29031	28	51	947	952
83449	28	896	947	952
89567	28	171	947	952
25460	28	1718	947	952
22627	28	143	947	952
16628	28	748	947	952
19105	28	2732	947	952
39932	28	395	947	952
24852	28	106	947	952
48290	28	37	947	952
10942	28	668	947	952
31441	28	458	947	952
65019	28	3022	947	952
9467	28	698	947	952
42991	28	1679	947	952
42941	28	5742	947	952
12259	28	86	947	952
23600	28	516	947	952
80068	28	1261	947	952
17939	28	295	947	952
26221	28	1083	947	952
121215	28	392	947	952
18670	28	214	947	952
20458	28	117	947	952
32200	28	976	947	952
30381	28	121	947	952
15678	28	32	947	952
14208	28	428	947	952
46127	28	153	947	952
13633	28	20	947	952
29059	28	251	947	952
74619	28	1057	947	952
38523	28	214	947	952
26605	28	159	947	952
11513	28	223	947	952
47946	28	245	947	952
16800	28	261	947	952
14895	28	177	947	952
4544	28	396	947	952
29229	28	193	947	952
12039	28	169	947	952
14476	28	413	947	952
15839	28	48	947	952
32997	28	291	947	952
36527	28	29	947	952
34152	28	933	947	952
21098	28	49	947	952
15868	28	1223	947	952
8532	28	20	947	952
16491	28	2048	947	952
24786	28	675	947	952
103047	28	781	947	952
15457	28	65	947	952
18495	28	245	947	952
8122	28	88	947	952
66982	28	145	947	952
26941	28	726	947	952
75306	28	2300	947	952
59945	28	869	947	952
30071	28	553	947	952
62025	23	5617	947	952
14770	28	114	947	952
12161	28	749	947	952
140534	28	1944	947	952
33507	28	44	947	952
33857	28	293	947	952
45235	28	210	947	952
17707	28	251	947	952
65376	28	5113	947	952
14883	28	390	947	952
26582	28	235	947	952
41955	28	1828	947	952
55472	28	4873	947	952
71932	28	1004	947	952
14489	28	313	947	952
39653	28	787	947	952
177097	28	1000	947	952
37760	28	346	947	952
18629	28	180	947	952
21648	28	47	947	952
128037	28	1260	947	952
58073	28	36	947	952
31417	28	213	947	952
20263	28	328	947	952
24580	28	461	947	952
110737	28	754	947	952
68379	28	114	947	952
95022	28	27880	947	952
7986	28	161	947	952
45872	28	313	947	952
51570	28	313	947	952
69616	28	1094	947	952
27589	28	364	947	952
33941	28	273	947	952
38069	28	248	947	952
5209	28	22	947	952
125882	28	568	947	952
6178	28	47	947	952
78050	28	42476	947	952
24909	28	282	947	952
20788	28	1670	947	952
22982	28	179	947	952
10937	28	121	947	952
24652	28	135	947	952
14853	28	525	947	952
73506	28	327	947	952
26414	28	535	947	952
16418	28	124	947	952
9201	28	154	947	952
36734	28	145	947	952
20214	28	244	947	952
8982	28	642	947	952
24466	28	6062	947	952
95563	28	141	947	952
185091	28	1260	947	952
26862	28	61	947	952
8118	28	623	947	952
94694	28	5113	947	952
95750	28	1270	947	952
51844	28	275	947	952
20432	28	68	947	952
53450	28	960	947	952
76156	28	1442	947	952
79250	28	1462	947	952
24990	28	608	947	952
11362	28	44	947	952
20156	28	428	947	952
22060	28	170	947	953
61654	28	520	947	953
14607	28	51	947	953
9491	28	169	947	953
29846	28	450	947	953
100089	28	2059	947	953
6795	28	450	947	953
36518	28	379	947	953
10577	28	471	947	953
15253	28	503	947	953
117421	28	4201	947	953
70498	28	1623	947	953
70857	28	917	947	953
63972	28	267	947	953
31215	28	413	947	953
104737	23	3770	947	953
23718	28	1265	947	953
101589	28	1174	947	953
10340	28	98	947	953
25651	28	87	947	953
64004	28	4181	947	953
62860	28	968	947	953
35465	28	142	947	953
39046	28	106	947	953
9855	28	6066	947	953
108312	28	528	947	953
64135	28	1528	947	953
51936	28	1542	947	953
44040	28	533	947	953
9446	28	661	947	953
12823	28	166	947	953
28702	28	1211	947	953
12983	28	133	947	953
17831	28	450	947	953
7009	28	450	947	953
27415	28	637	947	953
44773	28	1245	947	953
19861	28	103	947	953
48403	28	1788	947	953
37075	28	231	947	953
34505	28	1649	947	953
62664	28	198	947	953
5125	28	150	947	953
22141	28	248	947	953
21029	28	63	947	953
13910	28	450	947	953
5587	28	41	947	953
13004	28	19	947	953
10580	28	450	947	953
24151	28	36	947	953
38960	28	371	947	953
24402	28	228	947	953
21051	28	180	947	953
37236	28	107	947	953
44270	28	370	947	953
21677	28	36	947	953
84025	28	712	947	953
130921	28	1023	947	953
25221	28	45	947	953
22427	28	140	947	953
16029	28	101	947	953
4464	28	92	947	953
65439	28	504	947	953
20460	28	392	947	953
15111	28	142	947	953
13910	28	192	947	953
64090	28	1796	947	953
46390	23	113585	947	954
25286	28	368	947	954
47747	28	162	947	954
15664	28	251	947	954
23360	28	547	947	954
62724	28	1478	947	954
52640	28	1121	947	954
25134	28	55	947	954
55292	28	1014	947	954
63386	28	91	947	954
17772	28	1265	947	954
91333	28	1282	947	954
19315	28	396	947	954
15040	28	135	947	954
63751	28	917	947	954
32317	28	38	947	954
16571	28	106	947	954
30038	28	167	947	954
124081	28	537	947	954
51442	28	327	947	954
35009	28	461	947	954
11086	28	2023	947	954
10580	28	41	947	954
11813	28	1111	947	954
59414	28	510	947	954
51419	28	233	947	954
30591	23	61536	947	954
61536	23	30591	947	954
87857	28	809	947	954
40789	28	941	947	954
8844	28	1375	947	954
28704	28	47	947	954
22400	28	32	947	954
55167	28	166	947	954
7565	28	2536	947	954
21446	28	135	947	954
8409	28	135	947	954
33134	28	328	947	954
19194	28	379	947	954
4734	28	65	947	954
23472	28	965	947	954
16151	28	1075	947	954
96335	28	2330	947	954
29803	28	206	947	954
10408	28	632	947	954
23552	28	917	947	954
44691	28	719	947	954
30029	28	716	947	954
19474	28	661	947	954
130373	28	974	947	954
81993	28	1299	947	954
26825	28	5748	947	954
12190	28	51	947	954
57033	28	2941	947	954
5933	28	450	947	954
10929	28	184	947	954
54902	28	238	947	954
11489	28	177	947	954
27152	28	516	947	954
26881	28	103	947	954
28694	28	155	947	954
38178	28	121	947	954
76475	28	605	947	954
59691	28	586	947	954
24545	28	250	947	954
60126	28	582	947	954
99200	28	1162	947	954
92322	28	1682	947	954
13425	28	162	947	954
12221	28	817	947	954
76113	28	894	947	954
9086	28	42	947	954
44807	28	1263	947	954
53324	28	140	947	955
23024	28	1944	947	955
47157	28	1055	947	955
34619	28	661	947	955
25525	28	917	947	955
63618	28	774	947	955
17125	28	206	947	955
63635	28	941	947	955
47188	28	309	947	955
68859	28	1679	947	955
31326	28	474	947	955
32879	28	1090	947	955
13932	28	78	947	955
22030	28	52	947	955
35888	28	632	947	955
126014	28	1944	947	955
49778	28	379	947	955
22101	28	184	947	955
33046	28	149	947	955
32870	28	1265	947	955
26950	28	14	947	955
21062	28	957	947	955
16547	23	125223	947	955
171996	28	809	947	955
44905	28	809	947	955
82995	28	956	947	955
140282	28	232	947	955
126362	28	1682	947	955
33089	28	390	947	955
10231	28	180	947	955
58790	28	1178	947	955
38045	28	222	947	955
12043	28	269	947	955
18074	28	106	947	955
12161	28	1549	947	955
20230	28	817	947	955
48140	28	2435	947	955
15527	28	227	947	955
15028	28	228	947	955
67277	28	716	947	955
29688	28	365	947	955
25080	28	540	947	955
19686	28	413	947	955
31434	28	390	947	955
48118	28	112	947	955
18787	28	206	947	955
19849	28	52	947	955
17169	28	817	947	955
14491	28	381	947	955
39274	28	668	947	956
46111	28	1375	947	956
62509	28	83	947	956
22565	28	520	947	956
24944	28	968	947	956
22503	28	748	947	956
71589	28	1265	947	956
16848	28	184	947	956
88227	28	1282	947	956
5632	28	661	947	956
80635	28	1178	947	956
12211	28	176	947	956
42886	28	14004	947	956
51409	28	230	947	956
9830	28	661	947	956
12727	28	526	947	956
110698	28	268	947	956
124551	28	1260	947	956
32257	28	547	947	956
96732	28	1528	947	956
41303	28	1985	947	956
12383	28	121	947	956
20513	28	247	947	956
26988	28	107	947	956
17967	28	95	947	956
11904	28	36	947	956
51897	28	199	947	956
18448	28	135	947	956
26077	28	661	947	956
29811	28	253	947	957
45707	28	917	947	957
76244	28	1606	947	957
12003	28	817	947	957
37444	28	1028	947	957
16490	28	245	947	957
22659	28	106	947	957
19030	28	450	947	957
36734	28	135	947	957
12490	28	109	947	957
8735	28	450	947	957
14807	28	582	947	957
11441	28	43	947	957
15305	28	348	947	957
23553	28	428	947	957
9544	28	809	947	957
125205	28	5748	947	957
150192	28	1028	947	957
6333	28	885	947	957
34867	28	2632	947	957
28124	28	464	947	957
23535	28	60	947	957
8381	28	1050	947	957
68848	28	45	947	957
13137	28	550	947	957
95072	28	297	947	957
37995	28	726	947	957
12743	28	917	947	957
6775	28	748	947	957
11020	28	14	947	957
21598	28	247	947	957
13209	28	348	947	957
31055	28	269	947	957
77760	28	1260	947	957
11505	28	450	947	957
32159	28	14	947	957
16181	28	450	947	957
7819	28	668	947	957
37075	28	206	947	957
23640	28	450	947	957
23295	28	159	947	958
74021	28	1879	947	958
74098	28	205	947	958
36172	28	2107	947	958
134599	28	809	947	958
56304	28	117	947	958
32229	28	817	947	958
34743	28	1028	947	958
51624	28	9646	947	958
52445	28	205	947	958
15182	28	668	947	958
41778	28	1554	947	958
11075	28	20	947	958
20083	28	244	947	958
19210	28	22	947	959
158094	28	36073	947	959
61865	28	3145	947	959
31027	28	180	947	959
6426	28	726	947	959
17728	28	36	947	959
18068	28	1920	947	959
12217	28	817	947	959
73050	28	1282	947	959
49727	28	484	947	959
8772	28	661	947	959
16018	28	450	947	959
65723	28	1178	947	959
58969	28	298	947	959
13682	28	1000	947	959
28848	28	917	947	959
35624	28	60	947	959
35949	14	2588	947	959
20944	28	49	947	959
40538	28	4778	947	959
48446	28	1260	947	959
20849	28	3035	947	959
22114	28	648	947	959
16896	28	368	947	959
8341	23	95654	947	959
95654	23	8341	947	959
17950	28	3035	947	959
17882	28	917	947	959
80893	28	809	947	959
45924	28	159	947	959
57418	28	1059	947	959
23459	28	34	947	960
40281	14	4279	947	960
76857	28	36073	947	960
87302	28	366	947	960
24808	28	470	947	960
107310	28	569	947	960
60893	28	1944	947	960
47051	28	1178	947	960
7802	28	817	947	960
12797	28	2004	947	960
15223	28	598	947	960
29517	28	1000	947	960
14885	28	817	947	960
46428	28	1059	947	960
32997	28	244	947	960
15302	28	869	947	960
113336	23	62145	947	961
62145	23	113336	947	961
70580	28	2205	947	961
26593	28	661	947	961
25646	28	1528	947	961
15028	28	668	947	961
19436	28	1300	947	961
42349	28	268	947	961
92784	28	2540	947	961
11999	28	453	947	961
9920	28	1000	947	961
21963	28	1935	947	961
95521	28	759	947	961
33277	28	2871	947	961
32327	28	531	947	961
42189	28	1528	947	962
35970	28	103	947	962
28741	28	1178	947	962
17746	28	817	947	962
8621	28	726	947	962
101736	28	1944	947	962
11159	28	1265	947	962
183194	28	36073	947	963
15705	28	1178	947	964
37051	16	17061	947	964
111440	23	33873	947	964
33873	23	111440	947	964
29718	28	726	947	965
14176	28	809	947	965
62601	14	1706	947	966
30900	28	835	947	966
47939	28	1265	947	967
58074	28	899	947	967
46899	28	540	947	967
28923	28	1557	948	0
16519	28	668	948	0
18876	28	146	948	0
45393	28	817	948	0
71261	28	836	948	0
5639	28	564	948	0
25362	28	72	948	0
19168	28	1931	948	0
19182	28	7633	948	0
6014	28	274	948	0
25552	28	1535	948	0
61699	14	1343	948	0
29997	28	7897	948	0
52810	28	166	948	0
83825	28	46200	948	0
62283	28	722	948	0
8593	28	1400	948	0
22798	28	5075	948	0
17224	28	57	948	0
34939	28	78	948	0
5491	28	404	948	0
9243	28	1405	948	0
39766	28	422	948	0
10158	28	28	948	0
40829	6	853	948	0
8614	28	573	948	0
30766	28	18679	948	0
8096	28	195	948	0
52786	28	751	948	0
30174	28	1413	948	0
19343	28	499	948	0
8147	28	177	948	0
10194	28	29	948	0
11731	28	315	948	0
29466	28	17781	948	0
55514	28	281	948	0
8333	28	371	948	0
29929	28	34	948	0
86467	28	167	948	0
8720	28	152	948	0
26435	28	6067	948	0
8145	28	1083	948	0
9282	28	186	948	0
100254	14	7271	948	0
116307	28	492	948	0
61043	30	13140	948	0
20370	28	1152	948	0
15278	28	662	948	0
135238	28	1436	948	0
25781	28	1703	948	0
11940	28	6432	948	0
11685	28	333	948	0
23946	28	1565	948	0
15411	28	184	948	0
5587	28	150	948	0
23732	28	2178	948	0
36515	28	575	948	0
9359	28	53	948	0
56885	28	924	948	0
101484	28	1152	948	0
88028	14	308	948	0
48638	28	358	948	0
4896	28	983	948	0
24916	28	702	948	0
88697	28	1676	948	0
8914	28	536	948	0
28136	28	2672	948	0
113025	28	1169	948	0
21728	28	52106	948	0
8402	28	72	948	0
18552	28	2413	948	0
4618	28	91	948	0
102593	28	49271	948	0
60942	28	398	948	0
12983	28	1390	948	0
11435	28	239	948	0
85822	14	76974	948	0
102936	28	254	948	0
10395	28	1519	948	0
74181	28	3151	948	0
77474	28	238	948	0
52786	28	178	948	0
103200	28	1715	948	0
29987	28	927	948	0
19211	28	2776	948	0
61625	28	1123	948	0
13276	28	404	948	0
74145	28	2831	948	0
103847	28	2909	948	0
96352	28	80	948	0
72258	28	4137	948	0
40697	28	660	948	0
23116	28	263	948	0
161207	14	62575	948	0
12021	28	38	948	0
30855	28	29	948	0
30859	28	68	948	0
5022	28	23	948	0
65966	14	902	948	0
19162	28	145	948	0
60738	28	1306	948	0
67892	14	2297	948	0
50002	28	16	948	0
20543	28	4674	948	0
11195	28	1091	948	0
15077	28	350	948	0
20668	28	428	948	0
16724	28	927	948	0
36349	28	8420	948	0
78863	28	4834	948	0
65934	28	283	948	0
91236	28	219	948	0
56477	28	1083	948	0
31069	28	119	948	0
31052	28	54	948	0
79111	23	91486	948	0
91486	23	79111	948	0
22463	28	6492	948	0
68312	28	162642	948	0
6714	28	206	948	0
34654	28	460	948	0
8122	28	78	948	0
30142	28	815	948	0
79327	28	361	948	0
5353	28	38	948	0
87115	28	14562	948	0
27850	28	3994	948	0
42757	28	216	948	0
6544	28	195	948	0
12017	28	1124	948	0
8591	28	118	948	0
15468	28	577	948	0
23723	28	179	948	0
77038	28	365	948	0
19282	28	678	948	0
17082	28	1060	948	0
9395	28	1775	948	0
55235	14	3795	948	0
72167	14	2460	948	0
28079	28	1178	948	0
47971	28	17781	948	0
83722	28	8022	948	0
20709	28	1754	948	0
5167	28	42	948	0
31411	28	166	948	0
34270	28	1216	948	0
15460	28	139	948	0
72678	28	2201	948	0
29941	28	1383	948	0
37198	28	657	948	0
50019	28	32980	948	0
21496	28	927	948	0
32996	28	368	948	0
22058	14	4266	948	0
29747	14	3795	948	0
8972	28	4128	948	0
80361	28	1021	948	0
76836	14	13261	948	0
26168	28	927	948	0
27798	28	3514	948	0
27026	28	17143	948	0
12944	28	61	948	0
6619	28	553	948	0
15239	28	462	948	0
11204	28	630	948	0
52456	28	241	948	0
15898	28	110	948	0
107166	14	2783	948	0
82533	14	3797	948	0
36058	28	60	948	0
8433	28	1627	948	0
30983	28	150	948	0
14007	28	30	948	0
38387	28	2525	948	0
8025	28	818	948	0
69470	28	3151	948	0
68683	28	58	948	0
23930	14	6456	948	0
34539	28	817	948	0
32259	14	3721	948	0
52729	28	1426	948	0
40089	28	1670	948	0
45173	28	14741	948	0
15898	28	86	948	0
8254	28	936	948	0
27691	28	31	948	0
12077	28	132	948	0
10017	28	105	948	0
4435	28	150	948	0
12017	28	1021	948	0
108585	23	108586	948	0
4457	23	96216	948	0
96216	23	4457	948	0
87431	28	1958	948	0
6661	28	784	948	0
30950	28	1060	948	0
58929	28	2822	948	0
19877	28	227	948	0
20969	28	65	948	0
16208	28	620	948	0
15068	28	4106	948	0
80288	6	389	948	0
15768	28	3407	948	0
71083	28	1134	948	0
84265	28	1083	948	0
14736	28	2941	948	0
14107	28	227	948	0
33160	28	54	948	0
9296	28	289	948	0
70630	28	46200	948	0
76342	28	1320	948	0
8249	28	3724	948	0
16574	16	3012	948	0
55896	28	11742	948	0
7298	28	846	948	0
29542	28	1816	948	0
11620	28	11779	948	0
10453	28	339	948	0
15559	28	2831	948	0
10077	28	91	948	0
28388	28	71	948	0
25635	28	261	948	0
58520	28	749	948	0
101007	28	676	948	0
5491	28	401	948	0
81485	28	2991	948	0
15675	28	67	948	0
43787	28	1306	948	0
33010	28	1035	948	0
142825	28	505	948	0
19753	28	7459	948	0
14732	28	489	948	0
36153	28	499	948	0
92237	28	345	948	0
101846	28	404	948	0
29994	14	1126	948	0
20107	28	68	948	0
15508	28	660	948	0
21816	28	1402	948	0
49406	14	4266	948	0
40516	28	2216	948	0
6117	28	540	948	0
116693	28	1816	948	0
82995	28	460	948	0
16021	28	5163	948	0
6578	14	22811	948	0
94375	6	5338	948	0
9801	28	450	948	0
42184	28	976	948	0
47827	28	413	948	0
56724	28	4200	948	0
147645	14	15100	948	0
10951	28	1169	948	0
46910	23	77575	948	0
36140	28	1535	948	0
123573	14	46013	948	0
12683	28	806	948	0
15256	28	175	948	0
101972	14	1217	948	0
92080	28	275	948	0
6197	28	61	948	0
18662	28	3151	948	0
45755	14	2990	948	0
69297	28	43899	948	0
13004	28	149	948	0
38538	28	25263	948	0
10988	28	347	948	0
81224	28	404	948	0
66798	14	7210	948	0
6925	28	450	948	0
41638	14	3568	948	0
17895	28	2156	948	0
44391	28	3151	948	0
5699	28	81	948	0
37388	28	2971	948	0
31395	28	179	948	0
122469	28	3681	948	0
15931	14	1491	948	0
8012	28	435	948	0
53033	28	32	948	0
18827	28	573	948	0
76771	28	88104	948	0
40112	28	195	948	0
20553	28	55	948	0
19536	28	160	948	0
15243	28	1983	948	0
23553	28	499	948	0
34955	28	365	948	0
17920	28	110	948	0
33257	28	2413	948	0
33316	14	1667	948	0
5840	28	808	948	0
21147	28	1551	948	0
172270	28	166	948	0
23755	28	460	948	0
64800	28	670	948	0
9070	28	263	948	0
20230	28	132	948	0
8433	28	582	948	0
14082	28	1060	948	0
20983	28	48600	948	0
109031	6	1103	948	0
19168	28	2733	948	0
39466	14	308	948	0
31783	28	107	948	0
92002	28	198	948	0
10682	28	351	948	0
11941	23	87830	948	0
58196	28	3283	948	0
16253	28	2748	948	0
117893	6	3709	948	0
7744	28	132	948	0
105775	28	745	948	0
29747	14	3622	948	0
38646	28	735	948	0
69221	28	784	948	0
8312	28	28	948	0
70285	14	32634	948	0
5787	28	1073	948	0
29352	28	702	948	0
106764	28	111327	948	0
4516	28	107	948	0
50986	28	17781	948	0
4435	28	81	948	0
50774	28	11170	948	0
59258	14	4314	948	0
36275	28	1277	948	0
50138	14	3057	948	0
120114	14	308	948	0
15830	28	339	948	0
35556	28	268	948	0
15181	28	386	948	0
62890	28	1083	948	0
33119	28	413	948	0
58371	28	4437	948	0
21206	28	806	948	0
103876	14	24194	948	0
6665	28	31	948	0
6226	28	808	948	0
14434	28	23	948	0
18495	28	34	948	0
9540	28	1100	948	0
13892	28	6938	948	0
91728	28	49271	948	0
27624	28	105	948	0
43787	28	620	948	0
8317	28	3309	948	0
6638	28	195	948	0
14732	28	625	948	0
20798	28	893	948	0
74145	28	111327	948	0
4438	28	102	948	0
13197	28	927	948	0
5253	28	41	948	0
5676	28	298	948	0
64292	28	1610	948	0
14189	28	3692	948	0
15861	28	79	948	0
23962	28	315	948	0
66832	14	24005	948	0
110664	14	2368	948	0
46698	28	361	948	0
14116	28	219	948	0
73847	14	1126	948	0
89803	28	261	948	0
6891	28	61	948	0
8591	28	1478	948	0
12432	28	662	948	0
10747	30	2357	948	0
13111	28	1652	948	0
33226	28	147	948	0
9395	28	1995	948	0
21123	14	3170	948	0
33533	28	936	948	0
53447	28	2907	948	0
46984	28	139	948	0
6264	28	178	948	0
17660	28	2571	948	0
50002	28	91	948	0
26694	30	270	948	0
38392	28	24	948	0
11958	28	195	948	0
13919	28	6768	948	0
15050	14	20071	948	0
32896	28	147	948	0
46517	14	308	948	0
78549	28	851	948	0
8534	28	9814	948	0
81137	28	976	948	0
11595	28	1541	948	0
20862	28	6320	948	0
42594	28	293	948	0
9560	28	657	948	0
5518	28	4106	948	0
15508	28	620	948	0
12668	28	166	948	0
57557	28	16576	948	0
143887	14	54589	948	0
11093	28	404	948	0
17686	28	117	948	0
12781	28	643	948	0
56724	28	100376	948	0
13490	28	925	948	0
79318	28	65	948	0
70165	14	1217	948	0
14885	28	353	948	0
14131	28	188	948	0
18268	28	109	948	0
65521	28	704	948	0
50019	28	1083	948	0
36959	28	889	948	0
8757	14	3622	948	0
35026	28	1375	948	0
5024	28	91	948	0
89588	28	628	948	0
4807	28	176	948	0
11134	28	1069	948	0
11883	28	195	948	0
11911	28	117	948	0
14422	28	267	948	0
9928	28	31	948	0
15232	28	713	948	0
18040	28	557	948	0
68279	28	281	948	0
11438	28	499	948	0
51623	28	648	948	0
43548	14	24375	948	0
4807	28	798	948	0
74759	14	308	948	0
7041	28	38	948	0
68747	28	261	948	0
22335	28	24	948	0
120096	28	1282	948	0
44198	28	2464	948	0
83871	28	11352	948	0
95446	28	219	948	0
87660	28	760	948	0
11060	28	236	948	0
8358	28	2641	948	0
49570	28	1936	948	0
67581	28	110	948	0
63198	28	2178	948	0
6661	28	471	948	0
42407	23	93059	948	0
14682	28	152	948	0
80094	28	14197	948	0
12887	28	3283	948	0
64260	28	16	948	0
32896	28	122	948	0
6667	28	24	948	0
9483	28	98	948	0
14067	28	2127	948	0
21271	28	140	948	0
20195	28	4106	948	0
101075	14	4043	948	0
8720	28	28	948	0
29332	28	79	948	0
4439	28	404	948	0
65934	28	633	948	0
61021	28	176	948	0
16991	28	165	948	0
45393	28	1958	948	0
24617	28	450	948	0
118536	28	1083	948	0
28401	28	41	948	0
5670	28	63	948	0
36072	28	904	948	0
54632	28	2831	948	0
42067	14	8683	948	0
24350	28	176	948	0
77183	28	835	948	0
154651	28	11352	948	0
11741	28	181	948	0
10919	28	964	948	0
22495	14	308	948	0
9544	28	591	948	0
58369	28	126	948	0
19944	28	1142	948	0
11518	28	423	948	0
11397	28	1554	948	0
60126	28	267	948	0
12396	28	256	948	0
33277	28	1984	948	0
50958	28	167	948	0
7312	28	168	948	0
13631	28	1780	948	0
36504	14	20836	948	0
4438	28	40	948	0
6936	28	1122	948	0
12174	28	489	948	0
38592	28	963	948	0
7251	28	2264	948	0
5924	28	333	948	0
27616	28	1052	948	0
59942	28	4185	948	0
12610	28	418	948	0
13832	28	118	948	0
16349	28	460	948	0
8844	28	54048	948	0
28134	28	67	948	0
46209	28	80	948	0
10063	28	259	948	0
66321	28	332	948	0
7705	28	24	948	0
21925	28	58	948	0
53568	28	184	948	0
105414	28	3002	948	0
99200	28	927	948	0
40019	28	963	948	0
4442	28	31	948	0
8402	28	50	948	0
11741	28	70	948	0
39837	28	85	948	0
110677	28	413	948	0
8012	28	508	948	0
23106	14	1491	948	0
13636	28	629	948	0
24711	28	3151	948	0
66321	28	239	948	0
17540	28	2395	948	0
36350	28	1531	948	0
67426	28	956	948	0
155255	23	46919	948	0
11681	28	1031	948	0
11940	28	166	948	0
92868	28	365	948	0
24843	28	1178	948	0
48667	28	1541	948	0
21495	28	1156	948	0
56360	28	1458	948	0
42009	28	110	948	0
101449	14	3741	948	0
19211	28	139	948	0
32979	28	493	948	0
25091	28	499	948	0
23142	28	72	948	0
23594	28	5304	948	0
13636	28	42	948	0
45703	28	309	948	0
79327	28	640	948	0
22864	28	1152	948	0
39069	28	276	948	0
40273	28	786	948	0
11097	28	1874	948	0
6439	28	404	948	0
41722	28	8698	948	0
64399	28	1146	948	0
18989	28	34	948	0
6368	28	745	948	0
38048	28	668	948	0
26357	28	7187	948	0
27635	28	927	948	0
35791	28	3151	948	0
69912	28	900	948	0
13031	28	311	948	0
30745	28	361	948	0
40834	28	749	948	0
67907	28	422	948	0
80829	28	5075	948	0
81604	14	36695	948	0
23541	28	2980	948	0
187070	28	505	948	0
11513	28	177	948	0
11873	28	195	948	0
29511	28	3251	948	0
5093	28	22768	948	0
4014	28	142	948	0
79067	14	44164	948	0
152189	14	25228	948	0
30377	28	4106	948	0
28401	28	53	948	0
19877	28	288	948	0
17995	28	11742	948	0
12683	28	79	948	0
42786	28	3420	948	0
91432	28	1559	948	0
105027	28	16	948	948
60633	28	6151	948	948
20396	28	79	948	948
9064	28	450	948	949
16306	28	215	948	949
70776	28	2607	948	949
10193	28	69	948	949
18827	28	4649	948	949
82687	28	57	948	949
33923	28	868	948	949
14623	28	2440	948	949
22177	28	42	948	949
19158	28	70	948	949
83133	28	168	948	949
11644	28	54	948	949
39814	28	643	948	949
6288	28	181	948	949
16978	28	219	948	949
25873	28	6320	948	949
6059	28	36	948	949
16574	16	113469	948	949
46296	28	856	948	949
6760	28	105	948	949
7802	28	3663	948	949
53956	28	3141	948	949
13464	28	224	948	949
5774	28	431	948	949
4312	28	625	948	949
54396	28	571	948	949
40835	28	2127	948	949
26083	28	1258	948	949
26598	28	1436	948	949
13576	28	450	948	949
45823	28	778	948	949
26776	28	206	948	949
83993	28	256	948	949
9769	28	99	948	949
13697	28	294	948	949
20004	28	3692	948	949
7298	28	91	948	949
22090	28	23	948	949
14576	28	4106	948	949
26974	28	846	948	949
33548	28	1571	948	949
22381	28	298	948	949
13741	28	77	948	949
74168	28	662	948	949
11407	28	542	948	949
46673	28	919	948	949
64232	28	370	948	949
74310	28	889	948	949
115517	28	3431	948	949
11499	28	133	948	949
64390	28	1380	948	949
64468	28	3724	948	949
36184	28	439	948	949
64476	28	141	948	949
74484	28	57	948	949
18742	28	592	948	949
20716	28	175	948	949
86590	28	1810	948	949
8228	28	31	948	949
11204	28	1492	948	949
6526	28	89	948	949
5542	28	1478	948	949
27595	28	1131	948	949
56253	28	214	948	949
96921	28	989	948	949
16659	28	233	948	949
5353	28	110	948	949
62704	28	625	948	949
72193	28	345	948	949
10571	28	2201	948	949
12397	28	797	948	949
8693	28	365	948	949
21034	28	231	948	949
9111	28	132	948	949
87963	28	1156	948	949
61101	28	336	948	949
19282	28	2274	948	949
27323	28	99	948	949
37113	28	268	948	949
31977	28	293	948	949
76197	28	1142	948	949
9158	28	2050	948	949
13544	28	2232	948	949
88189	28	292	948	949
16023	28	78	948	949
37194	28	231	948	949
23818	28	156	948	949
5887	28	46	948	949
9165	28	2062	948	949
57216	28	1082	948	949
117801	28	835	948	949
7482	28	166	948	949
5774	28	1213	948	949
12942	28	238	948	949
34929	28	32333	948	949
30275	28	626	948	949
31793	28	1692	948	949
57471	28	10676	948	949
12813	28	20	948	949
11195	28	286	948	949
61194	28	5153	948	949
24933	28	220	948	949
60835	28	1206	948	949
11338	28	34	948	949
118670	28	4872	948	949
8409	28	463	948	949
6719	28	5010	948	949
25367	28	383	948	949
16534	28	48	948	949
7810	28	560	948	949
29511	28	826	948	949
50002	28	311	948	949
14795	28	1925	948	949
36815	28	632	948	949
21798	28	2522	948	949
6379	28	123	948	949
46267	28	387	948	949
29619	28	288	948	949
11757	28	995	948	949
58000	28	233	948	949
24690	28	51	948	949
65584	28	841	948	949
89737	28	83	948	949
19566	28	2331	948	949
63247	28	181	948	949
83039	28	483	948	949
29827	28	1436	948	949
46389	28	1641	948	949
9311	28	23	948	949
10631	28	733	948	949
16670	28	53	948	949
114252	28	25263	948	949
26188	28	339	948	949
62650	28	1697	948	949
7994	28	407	948	949
25362	28	166	948	949
21952	28	3235	948	949
40432	28	147	948	949
16620	28	692	948	949
58253	28	126	948	949
5175	28	105	948	949
96045	28	802	948	949
26657	28	2605	948	949
15165	28	819	948	949
3943	28	86	948	949
8825	28	199	948	949
7470	28	907	948	949
8504	28	680	948	949
17194	28	439	948	949
11397	28	4106	948	949
3672	28	571	948	949
12191	28	129	948	949
78399	28	537	948	949
67769	28	1423	948	949
31069	28	45	948	949
33603	28	1924	948	949
87435	28	931	948	949
76726	28	232	948	949
96040	28	80	948	949
120745	28	219	948	949
46359	28	1478	948	949
30377	28	1757	948	949
7238	28	22	948	949
22381	28	67	948	949
27294	28	395	948	949
7516	28	1266	948	949
27384	28	4106	948	949
41911	28	388	948	949
9794	28	1015	948	949
36249	28	1616	948	949
29180	28	241	948	949
15774	28	778	948	949
9291	28	83	948	949
87800	28	139	948	949
7911	28	1610	948	949
31606	28	381	948	949
6431	28	37	948	949
90806	28	439	948	949
19912	28	719	948	949
27590	28	254	948	949
79024	28	142	948	949
48548	28	3645	948	949
8504	28	1069	948	949
8938	28	336	948	949
32039	28	1207	948	949
22383	28	2907	948	949
23560	28	5461	948	949
78228	28	2096	948	949
50149	28	219	948	949
53442	28	30094	948	949
117033	28	2907	948	949
58390	28	726	948	949
12178	28	222	948	949
8164	28	1392	948	949
12129	28	57	948	949
45703	28	3326	948	949
29472	28	637	948	949
9857	28	1471	948	949
7744	28	365	948	949
17777	28	1336	948	949
15873	28	240	948	949
53517	28	328	948	949
35444	28	24	948	949
49570	28	234	948	949
66227	28	254	948	949
4807	28	695	948	949
36034	28	65473	948	949
49690	28	1077	948	949
92171	28	268	948	949
10988	28	134	948	949
4733	28	16	948	949
18047	28	80	948	949
84277	28	199	948	949
36527	28	76	948	949
61507	28	910	948	949
16169	28	1142	948	949
98077	28	2776	948	949
15136	28	21408	948	949
11282	28	4193	948	949
10924	28	13756	948	949
6163	28	155	948	949
7676	28	39	948	949
9046	28	515	948	949
34539	28	8726	948	949
37301	28	5821	948	949
51022	28	242	948	949
14298	28	26526	948	949
40988	28	99	948	949
40636	28	33	948	949
25424	28	203	948	949
9493	28	964	948	949
5073	28	1740	948	949
8358	28	620	948	949
15049	28	960	948	949
27636	28	259	948	949
38672	28	365	948	949
69081	28	825	948	949
37939	28	321	948	949
26994	28	713	948	949
52057	28	675	948	949
13891	28	991	948	949
39747	28	219	948	949
9986	28	85	948	949
8889	28	800	948	949
17649	28	339	948	949
11609	28	358	948	949
92981	28	118	948	949
13307	28	355	948	949
17475	28	621	948	949
16012	28	2136	948	949
12964	28	2568	948	949
51404	28	442	948	949
15047	28	388	948	949
57285	28	2447	948	949
4221	28	89	948	949
33098	28	4345	948	949
16991	28	1908	948	949
18599	28	186	948	949
26080	28	2563	948	949
5108	28	101	948	949
24617	28	825	948	949
11438	28	798	948	949
18631	28	68	948	949
38382	28	614	948	949
7759	28	30	948	949
8430	28	37	948	949
50958	28	450	948	949
16058	28	1969	948	949
6760	28	3469	948	949
5367	28	43	948	949
62699	28	1692	948	949
14584	28	2214	948	949
12720	28	434	948	949
103466	28	1239	948	949
53628	28	695	948	949
46049	28	256	948	949
12215	28	893	948	949
15984	28	1658	948	949
8566	28	10003	948	949
41128	28	693	948	949
48365	28	205	948	949
108521	28	55773	948	949
106550	28	756	948	949
73163	28	557	948	949
68532	28	1156	948	949
46370	28	1166	948	949
29769	28	5246	948	949
29852	28	110	948	949
23902	28	1306	948	949
96365	28	1083	948	949
53467	28	153	948	949
22020	28	52	948	949
7627	28	740	948	949
46950	28	265	948	949
10548	28	998	948	949
12218	28	66	948	949
30118	28	143	948	949
17772	28	216	948	949
10138	28	4106	948	949
50180	28	3642	948	949
31206	28	131	948	949
55739	28	87	948	949
21840	28	328	948	949
19550	28	1308	948	949
28644	28	145	948	949
30746	28	400	948	949
9581	28	516	948	949
38561	28	1048	948	949
8293	28	1966	948	949
107189	28	5748	948	949
40858	28	2479	948	949
30107	28	23059	948	949
32102	28	16	948	949
28973	28	12978	948	949
43882	28	152	948	949
7085	28	23	948	949
34003	28	9049	948	949
34131	28	220	948	949
23958	28	3122	948	949
64440	28	1174	948	949
75561	28	916	948	949
9738	28	77	948	949
5542	28	122	948	949
64384	28	960	948	949
5517	28	458	948	949
59932	28	3771	948	949
10842	28	489	948	949
15672	28	132	948	949
76230	28	159	948	949
64581	28	3255	948	949
18552	28	365	948	949
36006	28	996	948	949
80156	28	708	948	949
17082	28	1112	948	949
5632	28	458	948	949
37775	28	360	948	949
23198	28	103	948	949
108314	28	2046	948	949
7022	28	141	948	949
35973	28	44218	948	949
42299	28	2136	948	949
55080	28	133	948	949
44251	28	69	948	949
20568	28	220	948	949
13035	28	202	948	949
19667	28	37	948	949
94676	28	1324	948	949
68833	28	38246	948	949
5936	28	89	948	949
10057	28	976	948	949
109890	28	104566	948	949
7972	28	11776	948	949
38087	28	516	948	949
10386	28	2097	948	949
11885	28	129	948	949
4065	28	571	948	949
68331	28	136	948	949
23594	28	6320	948	949
20849	28	1966	948	949
45159	28	201	948	949
94831	28	881	948	949
78417	28	802	948	949
20062	28	126	948	949
50976	28	1259	948	949
69439	28	205	948	949
38371	28	230	948	949
14268	28	21559	948	949
74670	28	436	948	949
21542	28	592	948	949
70155	28	280	948	949
6420	28	554	948	949
52575	28	44897	948	949
4491	28	1652	948	949
27137	28	3205	948	949
22091	28	255	948	949
8970	28	81	948	949
7261	28	1213	948	949
23965	28	153	948	949
18390	28	436	948	949
42669	28	30717	948	949
148155	28	26526	948	949
7715	28	365	948	949
94312	28	4917	948	949
10906	28	168	948	949
18811	28	1570	948	949
65585	28	67	948	949
45229	28	2776	948	949
17952	28	2624	948	949
40482	28	7895	948	949
14908	28	141	948	949
31395	28	535	948	949
101414	28	1142	948	949
9419	28	698	948	949
63318	28	991	948	949
36247	28	228	948	949
11232	28	1736	948	949
21459	28	1524	948	949
63120	28	2053	948	949
14363	28	2776	948	949
116307	28	1442	948	949
43324	28	1611	948	949
21964	28	10557	948	949
8030	28	162	948	949
20174	28	520	948	949
41558	28	411	948	949
7657	28	358	948	949
58534	28	515	948	949
34450	28	632	948	949
21062	28	1568	948	949
13402	28	528	948	949
91749	28	254	948	949
19686	28	263	948	949
38961	28	583	948	949
32489	28	112	948	949
12786	28	3251	948	949
31865	28	2447	948	949
24215	28	143	948	949
8530	28	1142	948	949
65688	28	714	948	949
46209	28	79	948	949
20027	28	1325	948	949
27200	28	16	948	949
6316	28	1083	948	949
39622	28	2651	948	949
4948	28	27	948	949
67158	28	1025	948	949
10484	28	80	948	949
38588	28	1483	948	949
6056	28	288	948	949
31939	28	2046	948	949
93247	28	399	948	949
49177	28	26970	948	949
33796	28	672	948	949
108137	28	1016	948	949
4727	28	250	948	949
6313	28	515	948	949
15675	28	80	948	949
57460	28	10676	948	949
55570	28	1903	948	949
26740	28	26318	948	949
29614	28	165	948	949
65229	28	624	948	949
7842	28	626	948	949
14458	28	1328	948	949
35826	28	913	948	949
13191	28	2109	948	949
50430	28	546	948	949
71743	28	83	948	949
16519	28	228	948	949
16660	28	353	948	949
91348	28	2831	948	949
21816	28	292	948	949
77876	28	37	948	949
8286	28	773	948	949
55181	28	625	948	949
26280	28	633	948	949
60959	28	692	948	949
9490	28	119	948	949
5676	28	77	948	949
77355	28	234	948	949
70910	28	1554	948	949
28073	28	1255	948	949
100196	28	2680	948	949
14588	28	105	948	949
80755	28	1286	948	949
58610	28	176	948	949
84045	28	2769	948	949
17357	28	1317	948	949
10470	28	134	948	949
16244	28	429	948	949
53607	28	964	948	949
17413	28	2738	948	949
31668	28	896	948	949
32067	28	143	948	949
10132	28	1718	948	949
10012	28	73	948	949
37817	28	1052	948	949
28222	28	796	948	949
20060	28	155	948	949
61185	28	624	948	949
33023	28	325	948	949
47622	28	313	948	949
11625	28	1025	948	949
5940	28	439	948	949
93589	28	1031	948	949
51401	28	3362	948	949
14968	28	643	948	949
16373	28	29850	948	949
8645	28	4008	948	949
70045	28	422	948	949
36008	28	227	948	949
10096	28	714	948	949
24666	28	722	948	949
67892	14	55817	948	949
51896	28	1159	948	949
56577	28	268	948	949
7251	28	202	948	949
25070	28	1211	948	949
15190	28	77	948	949
19176	28	102	948	949
27737	28	546	948	949
32237	28	609	948	949
62542	28	1122	948	949
27654	28	365	948	949
20898	28	925	948	949
76728	28	3663	948	949
27610	28	68	948	949
11518	28	1400	948	949
8080	28	1831	948	949
68818	28	131	948	949
19485	28	10690	948	949
6195	28	255	948	949
9560	28	2416	948	949
7103	28	5760	948	949
90633	28	4106	948	949
79499	28	398	948	949
9564	28	361	948	949
15040	28	153	948	949
41676	28	909	948	949
75220	28	2822	948	949
28070	28	10655	948	949
29840	28	5262	948	949
65617	28	706	948	949
8317	28	3211	948	949
12213	28	560	948	949
27057	28	901	948	949
40514	28	4106	948	949
38935	28	1483	948	949
36482	28	273	948	949
5534	28	1969	948	949
12522	28	136	948	949
15040	28	145	948	949
12255	28	178	948	949
24916	28	819	948	949
10965	28	275	948	949
49253	28	675	948	949
44177	28	219	948	949
11286	28	785	948	949
7408	28	186	948	949
94771	28	12978	948	949
8917	28	1414	948	949
15228	28	7024	948	949
126316	28	232	948	949
29299	28	4564	948	949
15957	28	463	948	949
13787	28	315	948	949
14064	28	248	948	949
7298	28	120	948	949
5125	28	1349	948	949
13619	28	100	948	949
23433	28	24	948	949
100157	28	365	948	949
8542	28	123	948	949
16701	28	134	948	949
4666	28	1420	948	949
29310	28	192	948	949
6540	28	800	948	949
51490	28	32	948	949
13155	28	102	948	949
16197	28	143	948	949
8113	28	231	948	949
37146	28	260	948	949
43747	28	13575	948	949
58369	28	147	948	949
36211	28	17781	948	949
12693	28	1279	948	949
42851	28	4665	948	949
24104	28	634	948	949
28750	28	481	948	949
12196	28	1405	948	949
23216	28	395	948	949
9393	28	434	948	949
70992	23	33345	948	949
33345	23	70992	948	949
8935	28	431	948	949
9651	28	4106	948	949
80610	28	180	948	949
72947	28	215	948	949
5519	28	846	948	949
62226	28	26971	948	949
16270	28	1476	948	949
6334	28	153	948	949
48458	28	145	948	949
62664	28	1138	948	949
23714	28	627	948	949
11811	28	986	948	949
23268	28	195	948	949
11306	28	181	948	949
20882	28	210	948	949
10934	28	336	948	949
68551	28	975	948	949
81712	28	3255	948	949
8193	28	498	948	949
5534	28	388	948	949
19447	28	206	948	949
73846	28	120	948	949
11770	28	4106	948	949
29941	28	1324	948	949
13717	28	165	948	949
24587	28	69	948	949
82684	28	2957	948	949
21577	28	1021	948	949
109190	28	439	948	949
12396	28	280	948	949
10379	28	55	948	949
31071	28	960	948	949
17312	28	131	948	949
17030	28	607	948	949
6721	28	668	948	949
23842	28	4274	948	949
15445	28	2468	948	949
65024	28	91	948	949
10881	28	1101	948	949
40263	28	70	948	949
13845	28	30	948	949
55318	28	525	948	949
90353	28	1138	948	949
27982	28	210	948	949
7582	28	1910	948	949
44320	28	398	948	949
67249	28	1286	948	949
18638	28	67934	948	949
20838	28	4147	948	949
21050	28	283	948	949
24457	28	3145	948	949
91797	28	546	948	949
44478	28	43	948	949
18941	28	981	948	949
17892	28	1222	948	949
130845	28	825	948	949
110963	28	140249	948	949
8316	28	27	948	949
87765	28	13415	948	949
6628	28	56	948	949
82687	28	2776	948	949
32838	28	666	948	949
28998	28	2685	948	949
47281	28	710	948	949
7558	28	1006	948	949
25035	28	560	948	949
42435	28	309	948	949
89272	28	239	948	949
17300	28	2413	948	949
27111	28	95	948	949
7687	28	27	948	949
11929	28	4400	948	949
35335	28	668	948	949
92794	28	3771	948	949
6665	28	1159	948	949
81516	28	951	948	949
32075	28	439	948	949
17247	28	36	948	949
26808	28	6485	948	949
38223	28	174	948	949
62075	28	159	948	949
36831	28	542	948	949
28699	28	110	948	949
20916	28	1338	948	949
98816	28	4187	948	949
19662	28	89	948	949
5903	28	280	948	949
27348	28	118	948	949
153904	28	1436	948	949
4471	28	91	948	949
44537	28	1535	948	949
15832	28	174	948	949
53590	28	491	948	949
59052	28	3418	948	949
16045	28	370	948	949
97423	28	7756	948	949
75083	28	119	948	949
18579	28	712	948	949
10919	28	980	948	949
24675	28	309	948	949
9105	28	1073	948	949
92237	28	756	948	949
9120	28	18679	948	949
12569	28	43	948	949
22229	28	11776	948	949
11911	28	110	948	949
61289	28	364	948	949
88776	28	188	948	949
31798	28	702	948	949
60483	28	7756	948	949
11476	28	255	948	949
31648	28	241	948	949
132379	28	11118	948	949
23539	28	216	948	949
81134	28	1610	948	949
15243	28	4008	948	949
70630	28	2259	948	949
4001	28	1164	948	949
6264	28	120	948	949
6661	28	288	948	949
18689	28	1496	948	949
14679	28	483	948	949
10656	28	136	948	949
59688	28	1263	948	949
26461	28	70	948	949
53352	28	3737	948	949
47871	28	1959	948	949
43591	28	126	948	949
6074	28	1292	948	949
61024	28	1077	948	949
8333	28	83	948	949
10020	28	1150	948	949
12196	28	450	948	949
42009	28	107	948	949
93244	28	10676	948	949
28846	28	3918	948	949
130676	28	365	948	949
56936	28	3836	948	949
76342	28	49111	948	949
33835	28	155	948	949
22627	28	365	948	949
10982	28	3663	948	949
9615	28	1476	948	949
25474	28	1134	948	949
5639	28	1568	948	949
27369	28	2172	948	949
27297	28	188	948	949
22066	28	583	948	949
11835	28	1971	948	949
14289	28	73	948	949
21410	28	85	948	949
27785	28	1134	948	949
36189	28	19890	948	949
21022	28	124	948	949
7433	28	3737	948	949
24524	28	86	948	949
110344	28	942	948	949
44111	28	377	948	949
53247	28	732	948	949
10231	28	282	948	949
47575	28	73	948	949
7354	28	1671	948	949
5937	28	16	948	949
16713	28	16	948	949
17197	28	4106	948	949
28640	28	778	948	949
27686	28	1073	948	949
63318	28	297	948	949
25854	28	1568	948	949
38175	28	114	948	949
39358	28	292	948	949
42594	28	313	948	949
42277	28	45	948	949
10934	28	674	948	949
28689	28	1015	948	949
60592	28	80	948	949
16583	28	26526	948	949
24683	28	297	948	949
42490	28	27	948	949
15191	28	107	948	949
12309	28	525	948	949
58668	28	160	948	949
8182	28	175	948	949
10425	28	7253	948	949
22187	28	155	948	949
68238	28	759	948	949
46698	28	699	948	949
20068	28	24520	948	949
13709	28	169	948	949
94747	28	430	948	949
26382	28	2136	948	949
151149	28	3681	948	949
115893	28	1083	948	949
58176	28	503	948	949
19423	28	659	948	949
20028	28	1459	948	949
39989	28	117	948	949
59945	28	434	948	949
7627	28	95	948	949
19045	28	499	948	949
5623	28	158	948	949
10577	28	103	948	949
54716	28	6010	948	949
28042	28	70	948	949
6336	28	1067	948	949
69381	28	402	948	949
15520	28	2331	948	949
24350	28	121	948	949
8372	28	24	948	950
29052	28	252	948	950
11302	28	1319	948	950
14392	28	274	948	950
25009	28	1547	948	950
39225	28	2732	948	950
11516	28	1075	948	950
112720	28	180	948	950
6368	28	65	948	950
71619	28	1095	948	950
5183	28	7267	948	950
11741	28	439	948	950
5699	28	178	948	950
22661	28	542	948	950
15028	28	890	948	950
11893	28	968	948	950
7999	28	219	948	950
29393	28	196	948	950
30434	28	3724	948	950
26380	28	450	948	950
12019	28	364	948	950
24823	28	5262	948	950
54453	28	2544	948	950
47129	28	2177	948	950
20007	28	481	948	950
26538	28	2440	948	950
26071	28	145	948	950
6967	28	86	948	950
63488	28	346	948	950
41227	28	1522	948	950
11827	28	168	948	950
26994	28	361	948	950
15245	28	161	948	950
36193	28	3480	948	950
64538	28	976	948	950
72278	28	83	948	950
12221	28	3771	948	950
56145	28	2022	948	950
15495	28	3731	948	950
12204	28	82	948	950
8513	28	634	948	950
13160	28	85	948	950
73135	28	272	948	950
36902	28	2605	948	950
31441	28	661	948	950
19965	28	2483	948	950
37148	28	1568	948	950
101675	28	139	948	950
25091	28	798	948	950
66143	28	159	948	950
15411	28	789	948	950
42544	28	897	948	950
29851	28	280	948	950
11366	28	256	948	950
12203	28	321	948	950
21781	28	1279	948	950
33824	28	2255	948	950
29293	28	553	948	950
11454	28	960	948	950
34096	28	560	948	950
33952	28	1414	948	950
16693	28	86	948	950
57855	28	20556	948	950
55450	28	6768	948	950
5065	28	897	948	950
7870	28	4649	948	950
22610	28	1169	948	950
14963	28	1307	948	950
11493	28	503	948	950
77663	28	749	948	950
8649	28	121	948	950
48607	28	64	948	950
30061	28	16	948	950
5523	28	69	948	950
58076	28	50202	948	950
10453	28	109	948	950
8433	28	586	948	950
63239	28	37681	948	950
10350	28	4181	948	950
54290	28	144	948	950
15193	28	3692	948	950
10280	28	179	948	950
23329	28	23330	948	950
65934	28	166	948	950
5050	28	1223	948	950
14811	28	461	948	950
18787	28	162	948	950
18797	28	1095	948	950
53972	28	609	948	950
61848	28	933	948	950
7668	28	9892	948	950
121162	28	2435	948	950
10949	28	931	948	950
9916	28	110	948	950
5348	28	50	948	950
6111	28	257	948	950
90386	28	175	948	950
57138	28	321	948	950
31685	28	80	948	950
11883	28	101	948	950
58766	28	2341	948	950
72684	28	1610	948	950
23710	23	105531	948	950
12983	28	1304	948	950
16827	28	38	948	950
31258	28	257	948	950
14814	28	491	948	950
121483	28	2732	948	950
19935	28	378	948	950
15640	28	675	948	950
55244	28	3663	948	950
24077	28	564	948	950
17463	28	256	948	950
8413	28	1328	948	950
39083	28	74	948	950
92080	28	1008	948	950
32382	28	1297	948	950
5083	28	49	948	950
66572	28	2003	948	950
21248	28	11845	948	950
31302	28	2768	948	950
56661	28	161	948	950
26842	28	354	948	950
14354	28	1159	948	950
106929	28	1083	948	950
59305	28	503	948	950
23100	28	88	948	950
6714	28	231	948	950
75307	28	191	948	950
12687	28	3353	948	950
18129	28	260	948	950
99472	28	281	948	950
42204	28	3145	948	950
18897	28	123	948	950
27895	28	1069	948	950
69023	28	1057	948	950
92390	28	528	948	950
30648	28	345	948	950
10079	28	6134	948	950
16229	28	1031	948	950
106544	28	377	948	950
75529	28	71	948	950
5967	28	20	948	950
7212	28	3309	948	950
18463	28	193	948	950
6885	28	539	948	950
6371	28	77	948	950
5332	28	6485	948	950
41415	28	233	948	950
53308	28	2831	948	950
12157	28	159	948	950
29327	28	146	948	950
36934	28	420	948	950
8218	28	30	948	950
13081	28	133	948	950
14313	28	88	948	950
91579	28	259	948	950
5414	28	58	948	950
3689	28	22	948	950
8018	28	754	948	950
8343	28	1156	948	950
43062	28	3353	948	950
21554	28	617	948	950
21512	28	556	948	950
13200	28	3400	948	950
7896	28	317	948	950
60069	28	537	948	950
14805	28	773	948	950
26194	28	43	948	950
9079	28	82	948	950
19950	28	123	948	950
48861	28	178	948	950
26988	28	195	948	950
10567	28	27	948	950
8202	28	188	948	950
27438	28	718	948	950
5373	28	105	948	950
103629	28	265	948	950
5618	28	1211	948	950
23593	28	1093	948	950
29201	28	469	948	950
9503	28	1874	948	950
25527	28	1278	948	950
63470	28	796	948	950
22204	28	3051	948	950
11550	28	1293	948	950
23351	28	66	948	950
12313	28	47	948	950
6697	28	1036	948	950
16181	28	255	948	950
44368	28	3276	948	950
63198	28	339	948	950
106681	28	749	948	950
28152	28	17781	948	950
17224	28	16	948	950
55234	28	235	948	950
43544	28	24520	948	950
31768	28	57	948	950
32937	28	43	948	950
77620	28	381	948	950
10703	28	346	948	950
12043	28	832	948	950
38345	28	964	948	950
8157	28	593	948	950
63392	28	446	948	950
8294	28	415	948	950
5961	28	4930	948	950
64632	28	188	948	950
40212	28	295	948	950
9991	28	24	948	950
27028	28	214	948	950
14186	28	3413	948	950
17095	28	402	948	950
9310	28	281	948	950
36749	28	1959	948	950
27691	28	168	948	950
11972	28	1446	948	950
81817	28	3771	948	950
5118	28	33	948	950
9695	28	195	948	950
13283	28	826	948	950
8015	28	307	948	950
148833	28	5075	948	950
30536	28	253	948	950
50291	28	361	948	950
59494	28	2831	948	950
24439	28	2857	948	950
30246	28	170	948	950
68624	28	1641	948	950
108359	28	415	948	950
14645	28	86	948	950
56118	28	219	948	950
22139	28	242	948	950
11971	28	1101	948	950
77129	28	504	948	950
85884	28	175	948	950
24652	28	463	948	950
52298	28	634	948	950
59988	28	474	948	950
29364	28	404	948	950
50847	28	45300	948	950
16877	28	542	948	950
8016	28	29	948	950
10895	28	591	948	950
57794	28	439	948	950
31167	28	529	948	950
49603	28	2376	948	950
14936	28	402	948	950
20415	28	962	948	950
21578	28	222	948	950
39274	28	228	948	950
19732	28	384	948	950
10866	28	54	948	950
4896	28	1009	948	950
17612	28	57	948	950
20636	28	357	948	950
11489	28	717	948	950
5641	28	716	948	950
12727	28	254	948	950
87064	28	263	948	950
11377	28	715	948	950
14599	28	797	948	950
64945	28	872	948	950
16310	28	5262	948	950
11380	28	282	948	950
45941	28	6022	948	950
24882	28	361	948	950
16183	28	690	948	950
19885	28	44	948	950
111394	28	22569	948	950
13052	28	3530	948	950
98326	28	720	948	950
21380	28	1267	948	950
67211	28	280	948	950
46141	28	498	948	950
26937	28	82	948	950
122934	28	273	948	950
10174	28	981	948	950
26754	28	345	948	950
75556	28	690	948	950
36189	28	846	948	950
8208	28	65	948	950
8083	28	381	948	950
10465	28	89	948	950
38456	28	523	948	950
29395	28	1405	948	950
51582	28	170	948	950
12331	28	16	948	950
27984	28	14197	948	950
28755	28	38	948	950
5421	28	489	948	950
17251	28	2522	948	950
66566	28	3413	948	950
67601	28	57	948	950
26490	28	76	948	950
21929	28	292	948	950
4388	28	257	948	950
12329	28	1733	948	950
4932	28	43	948	950
10287	28	2283	948	950
28388	28	483	948	950
106273	28	3167	948	950
88444	28	1739	948	950
12124	28	95	948	950
6436	28	334	948	950
8991	28	275	948	950
51349	28	255	948	950
24802	28	286	948	950
18270	28	969	948	950
41177	28	201	948	950
46437	28	89	948	950
50209	28	819	948	950
14343	28	177	948	950
13128	28	87	948	950
58353	28	2172	948	950
22223	28	602	948	950
52797	28	980	948	950
17930	28	143	948	950
109322	28	2014	948	950
13382	28	347	948	950
110384	28	1069	948	950
33632	28	1589	948	950
50422	28	147	948	950
13255	28	1165	948	950
18745	28	292	948	950
31303	28	1148	948	950
67581	28	265	948	950
44959	28	77	948	950
51842	28	124	948	950
8351	28	239	948	950
20396	28	175	948	950
6444	28	105	948	950
12063	28	1122	948	950
15178	28	43	948	950
9896	28	626	948	950
38815	28	1883	948	950
100479	28	1178	948	950
11314	28	188	948	950
15787	28	383	948	950
21560	28	160	948	950
18814	28	587	948	950
56851	28	38246	948	950
15172	28	6909	948	950
7512	28	380	948	950
10617	28	786	948	950
17828	28	231	948	950
96421	28	273	948	950
27708	28	609	948	950
33233	28	109	948	950
80394	28	4128	948	950
93161	28	217	948	950
113937	28	8726	948	950
10474	28	23	948	950
12488	28	67	948	950
16226	28	291	948	950
79682	28	9191	948	950
6352	28	65	948	950
95665	28	557	948	950
27453	28	114	948	950
56575	28	1031	948	950
39090	28	295	948	950
8912	28	19729	948	950
8743	28	740	948	950
5093	28	80	948	950
12598	28	146	948	950
21201	28	53	948	950
10603	28	85	948	950
8129	28	20	948	950
13764	28	147	948	950
117658	28	233	948	950
8188	28	1590	948	950
11655	28	582	948	950
24592	28	78	948	950
83219	28	3135	948	950
9282	28	150	948	950
19314	28	79	948	950
23426	28	1195	948	950
38577	28	171	948	950
91141	28	409	948	950
9564	28	612	948	950
17173	28	54	948	950
17692	28	786	948	950
30770	28	1492	948	950
36858	28	290	948	950
44556	28	3545	948	950
66307	28	452	948	950
6932	28	152	948	950
6479	28	2458	948	950
50805	28	248	948	950
24621	28	263	948	950
26185	28	748	948	950
58061	28	786	948	950
33085	28	456	948	950
20456	28	180	948	950
7049	28	387	948	950
19874	28	1933	948	950
9017	28	1022	948	950
82370	28	144	948	950
21082	28	220	948	950
33162	28	72	948	950
23267	28	31	948	950
8179	28	16	948	950
6245	28	228	948	950
4388	28	846	948	950
32047	28	1984	948	950
18858	28	205	948	950
9077	28	78	948	950
94965	28	1286	948	950
29677	28	6151	948	950
5167	28	30	948	950
7070	28	7095	948	950
27574	28	923	948	950
4318	28	44	948	950
8259	28	1101	948	950
35524	28	583	948	950
7987	28	39	948	950
16020	28	431	948	950
102900	28	614	948	950
17022	28	1018	948	950
13959	28	185	948	950
6201	28	55	948	950
92633	28	2997	948	950
33525	28	498	948	950
43999	28	1371	948	950
6035	28	754	948	950
10429	28	87	948	950
80580	28	268	948	950
16078	28	112	948	950
23728	28	1213	948	950
9359	28	43	948	950
4102	28	178	948	950
13518	28	1535	948	950
20424	28	402	948	950
10232	28	47	948	950
14188	28	6880	948	950
20885	28	726	948	950
8972	28	2605	948	950
69138	28	32980	948	950
119228	28	2680	948	950
12064	28	336	948	950
112768	28	1167	948	950
33305	28	1321	948	950
8822	28	633	948	950
10252	28	602	948	950
69474	28	3276	948	950
35892	28	591	948	950
14116	28	92	948	950
94369	28	841	948	950
6556	28	539	948	950
54436	28	85	948	950
53091	28	1933	948	950
18759	28	45	948	951
39205	28	292	948	951
44831	28	1135	948	951
29712	28	968	948	951
53252	28	726	948	951
97220	28	917	948	951
29856	28	149	948	951
26571	28	119	948	951
23077	28	4246	948	951
23098	28	220	948	951
9534	28	233	948	951
12018	28	1554	948	951
35756	28	3771	948	951
17646	28	499	948	951
12887	28	739	948	951
9244	28	181	948	951
6672	28	31	948	951
55618	28	753	948	951
30666	28	3645	948	951
14657	28	5113	948	951
75119	28	317	948	951
100555	28	1083	948	951
11610	28	832	948	951
20167	28	454	948	951
30745	28	474	948	951
5007	28	16	948	951
36959	28	475	948	951
17726	28	230	948	951
34718	28	37	948	951
27923	28	201	948	951
22947	28	554	948	951
23994	28	1142	948	951
12822	28	95	948	951
6246	28	105	948	951
74845	28	726	948	951
45976	28	2413	948	951
14917	28	73	948	951
4986	28	117	948	951
30323	28	210	948	951
75031	28	214	948	951
12050	28	54	948	951
19150	28	2464	948	951
67522	28	469	948	951
35405	28	102	948	951
45623	28	318	948	951
39347	28	868	948	951
6306	28	252	948	951
17831	28	554	948	951
139544	28	201	948	951
16719	28	191	948	951
65585	28	89	948	951
15801	28	464	948	951
15211	28	2791	948	951
15830	28	1537	948	951
47966	28	695	948	951
68221	28	2527	948	951
36859	28	171	948	951
17671	28	351	948	951
5393	28	16	948	951
76394	28	1229	948	951
9316	28	95	948	951
51054	28	55	948	951
6802	28	29	948	951
15758	28	3059	948	951
12752	28	2177	948	951
28273	28	6320	948	951
27635	28	3000	948	951
7312	28	188	948	951
37352	28	712	948	951
97220	28	1383	948	951
11194	28	27	948	951
11451	28	30	948	951
52668	28	319	948	951
61429	28	4921	948	951
25245	28	1758	948	951
51539	28	216	948	951
87115	28	7187	948	951
16528	28	496	948	951
23236	28	158	948	951
28313	28	1019	948	951
92465	28	904	948	951
17106	28	145	948	951
10949	28	411	948	951
91601	28	3860	948	951
27719	28	293	948	951
108780	28	546	948	951
17920	28	23	948	951
12377	28	442	948	951
20695	28	942	948	951
73509	28	9960	948	951
12681	28	114	948	951
47834	28	991	948	951
17373	28	119	948	951
21129	28	498	948	951
11964	28	355	948	951
26947	28	498	948	951
38368	28	2301	948	951
33085	28	54	948	951
19750	28	282	948	951
10337	28	60	948	951
26787	28	961	948	951
25540	28	692	948	951
17259	28	447	948	951
14911	28	168	948	951
14586	28	38	948	951
12175	28	320	948	951
6891	28	118	948	951
17483	28	167	948	951
55004	28	23	948	951
44194	28	9837	948	951
9310	28	701	948	951
109699	28	254	948	951
80695	28	387	948	951
19606	28	100	948	951
20513	28	44	948	951
6017	28	48	948	951
11533	28	1138	948	951
21126	28	44	948	951
17548	28	1384	948	951
28923	28	1861	948	951
24365	28	247	948	951
32443	28	118	948	951
93153	28	524	948	951
47981	28	129	948	951
21652	28	69	948	951
16581	28	64	948	951
50440	28	102	948	951
12691	28	411	948	951
58147	28	5801	948	951
51446	28	176	948	951
17431	28	2563	948	951
41043	28	313	948	951
60156	28	6127	948	951
44407	28	149	948	951
9327	28	715	948	951
15571	28	245	948	951
47340	28	255	948	951
103176	28	2680	948	951
10634	28	39	948	951
18016	28	150	948	951
19809	28	180	948	951
90456	28	3771	948	951
58764	28	528	948	951
31736	28	119	948	951
18721	28	2430	948	951
5142	28	2583	948	951
27892	28	119	948	951
33220	28	336	948	951
95446	28	298	948	951
21523	28	40	948	951
31876	28	30	948	951
43326	28	89	948	951
10320	28	146	948	951
10342	28	5621	948	951
4807	28	121	948	951
34012	28	153	948	951
27122	28	7859	948	951
35207	28	4541	948	951
11644	28	132	948	951
12432	28	560	948	951
69668	28	917	948	951
11958	28	41	948	951
43605	28	417	948	951
21387	28	422	948	951
7843	28	3762	948	951
7194	28	293	948	951
61431	28	5113	948	951
37157	28	1349	948	951
10881	28	121	948	951
15155	28	411	948	951
44146	28	41	948	951
32330	28	11647	948	951
50812	28	1525	948	951
50396	28	556	948	951
59617	28	726	948	951
42416	28	632	948	951
71801	28	175	948	951
5830	28	30	948	951
27466	28	253	948	951
32999	28	19490	948	951
10303	28	499	948	951
15434	28	364	948	951
28770	28	248	948	951
17882	28	602	948	951
16464	28	337	948	951
23212	28	42	948	951
11767	28	355	948	951
11631	28	54	948	951
12525	28	649	948	951
16686	28	162	948	951
14939	28	461	948	951
14431	28	411	948	951
16151	28	925	948	951
55218	28	515	948	951
25575	28	141	948	951
9759	28	1488	948	951
21122	28	1086	948	951
44137	28	671	948	951
12821	28	666	948	951
25004	28	402	948	951
14131	28	800	948	951
6387	28	799	948	951
98536	28	446	948	951
28511	28	469	948	951
24512	28	2300	948	951
67576	28	881	948	951
19353	28	3505	948	951
51758	28	91	948	951
18466	28	1335	948	951
19343	28	198	948	951
12924	28	156	948	951
30792	28	60	948	951
106468	28	3771	948	951
46352	28	699	948	951
13967	28	139	948	951
19046	28	101	948	951
16533	28	216	948	951
17006	28	136	948	951
22276	28	255	948	951
13726	28	22	948	951
6014	28	351	948	951
21537	28	524	948	951
34224	28	5246	948	951
8550	28	23	948	951
28751	28	240	948	951
25174	28	1093	948	951
26571	28	99	948	951
29903	28	637	948	951
9211	28	86	948	951
24738	28	28198	948	951
49382	28	572	948	951
21530	28	88	948	951
9801	28	2449	948	951
35990	28	55	948	951
148155	28	869	948	951
16431	28	100	948	951
25389	28	826	948	951
42130	28	413	948	951
75057	28	708	948	951
3003	28	23	948	951
83643	28	2442	948	951
16027	28	71	948	951
32270	28	292	948	951
55514	28	981	948	951
6460	28	12232	948	951
11400	28	135	948	951
16543	28	1601	948	951
15460	28	126	948	951
25786	28	1730	948	951
89950	28	1228	948	951
42083	28	1106	948	951
13924	28	80	948	951
76098	28	1697	948	951
28126	28	5742	948	951
15678	28	380	948	951
5067	28	169	948	951
121931	28	1260	948	951
68905	28	122	948	951
7891	28	637	948	951
38047	28	65846	948	951
4615	28	259	948	951
66182	28	72	948	951
134774	28	15459	948	951
20485	28	4665	948	951
71662	28	708	948	951
8735	28	165	948	951
33518	28	139	948	951
51922	28	41	948	951
19836	28	395	948	951
95575	28	1075	948	951
7025	28	625	948	951
76489	28	391	948	951
14611	28	67	948	951
12387	28	40	948	951
61952	28	1338	948	951
13636	28	3153	948	951
10601	28	1018	948	951
77592	6	5364	948	951
11566	28	195	948	951
19869	28	230	948	951
9027	28	48	948	951
10929	28	773	948	951
16394	28	193	948	951
10794	28	259	948	951
42703	28	4143	948	951
9517	28	3938	948	951
20882	28	119	948	951
23101	28	119	948	951
9653	28	260	948	951
141582	28	44365	948	951
33095	28	719	948	951
6911	28	73	948	951
13814	28	49	948	951
9928	28	16	948	951
11592	28	126	948	951
22423	28	161	948	951
56481	28	261	948	951
61236	28	1896	948	951
17559	28	241	948	951
59879	28	2662	948	951
10108	28	105	948	952
96352	28	559	948	952
8596	28	100	948	952
10396	28	25841	948	952
54946	28	339	948	952
45499	28	166	948	952
11472	28	42	948	952
64992	28	1117	948	952
41572	28	2301	948	952
31849	28	141	948	952
52538	28	193	948	952
9682	28	55	948	952
32237	28	484	948	952
76738	28	57	948	952
46850	28	169	948	952
76888	28	4128	948	952
76967	28	40520	948	952
25026	28	363	948	952
14434	28	169	948	952
22183	28	60	948	952
33605	28	510	948	952
16874	28	65	948	952
14607	28	14	948	952
71947	28	692	948	952
89566	28	3109	948	952
14915	28	1464	948	952
9337	28	150	948	952
67426	28	1117	948	952
62036	28	34	948	952
90219	28	2957	948	952
67617	28	1148	948	952
19072	28	2205	948	952
19413	28	2326	948	952
17692	28	281	948	952
35435	28	102	948	952
74310	28	397	948	952
4788	28	51	948	952
7321	28	132	948	952
91479	28	922	948	952
8754	28	112	948	952
24402	28	668	948	952
8199	28	390	948	952
10197	28	4137	948	952
9653	28	32	948	952
21128	28	1671	948	952
106072	28	3148	948	952
34423	28	2310	948	952
12369	28	48	948	952
25359	28	357	948	952
43127	28	510	948	952
53182	28	328	948	952
21223	28	961	948	952
46547	28	933	948	952
43294	28	174	948	952
21134	28	458	948	952
16847	28	216	948	952
64857	28	1964	948	952
14350	28	105	948	952
19915	28	355	948	952
53524	28	1058	948	952
25063	28	328	948	952
31860	28	328	948	952
75294	28	496	948	952
47592	28	1071	948	952
24574	28	60	948	952
44416	28	206	948	952
34153	28	71	948	952
7166	28	1492	948	952
69686	28	547	948	952
21669	28	6381	948	952
46230	28	1101	948	952
93159	28	2714	948	952
22802	28	15459	948	952
15141	28	739	948	952
22313	28	755	948	952
64842	28	273	948	952
51341	28	391	948	952
48800	28	118	948	952
5029	23	116739	948	952
9675	28	34	948	952
17095	28	505	948	952
23872	28	288	948	952
67907	28	578	948	952
9762	28	174	948	952
6936	28	46	948	952
36219	28	423	948	952
24939	28	220	948	952
7772	28	796	948	952
13861	28	155	948	952
48638	28	836	948	952
6461	28	332	948	952
21134	28	661	948	952
83093	28	24520	948	952
4334	28	22	948	952
83166	28	2196	948	952
29263	28	1101	948	952
14543	28	1207	948	952
14590	28	288	948	952
9637	28	110	948	952
21808	28	766	948	952
16896	28	51	948	952
11994	28	2148	948	952
10133	28	74	948	952
18400	28	2687	948	952
16854	28	36092	948	952
51153	28	202	948	952
10971	28	126	948	952
62488	28	1442	948	952
5013	28	40	948	952
28302	28	102	948	952
8748	28	74	948	952
85681	28	286	948	952
63750	28	56877	948	952
28222	28	869	948	952
