13291	28	1231	960	961
13232	28	2033	960	961
99878	28	2022	960	961
8717	28	2814	960	961
20696	28	114	960	961
48309	28	3106	960	961
39528	28	1153	960	961
13803	28	86510	960	961
14915	28	1231	960	961
25109	28	1718	960	961
41968	28	1466	960	961
23616	28	22	960	961
11525	28	1019	960	961
10950	28	766	960	961
86648	28	565	960	961
6856	28	416	960	961
12404	28	404	960	961
55968	28	70	960	961
20259	28	2014	960	961
12785	28	795	960	961
7193	28	792	960	961
14360	28	1357	960	961
30640	28	897	960	961
45348	28	36492	960	961
4943	28	416	960	961
100309	28	9927	960	961
53400	28	1395	960	961
56084	28	5765	960	961
100393	28	2539	960	961
17336	28	41	960	961
84757	28	351	960	961
41640	28	319	960	961
75213	28	1765	960	961
6906	28	16	960	961
6084	28	889	960	961
18002	28	86	960	961
39591	28	1155	960	961
29243	28	6581	960	961
14880	28	628	960	961
54196	28	1765	960	961
52285	28	3960	960	961
11203	28	394	960	961
25864	28	291	960	961
7386	28	91	960	961
10748	28	4579	960	961
13788	28	252	960	961
48910	28	20927	960	961
15777	28	2381	960	961
87330	28	455	960	961
17708	28	112	960	961
13241	28	2085	960	961
75457	28	416	960	961
38891	28	105	960	961
17451	28	926	960	961
18049	28	917	960	961
6205	28	17084	960	961
22794	28	3153	960	961
39134	28	2320	960	961
20973	28	1084	960	961
11313	28	437	960	961
27765	28	4524	960	961
8214	28	405	960	961
12214	28	193	960	961
48769	28	144	960	961
27000	28	105	960	961
9513	28	900	960	961
12430	28	3148	960	961
27817	28	1619	960	961
5470	28	122	960	961
11897	28	1952	960	961
87679	28	3021	960	961
75704	28	789	960	961
7078	28	634	960	961
74985	28	546	960	961
65699	28	1136	960	961
9384	28	122	960	961
33709	28	617	960	961
17431	28	693	960	961
12548	28	4244	960	961
23497	28	743	960	961
18848	28	235	960	961
21049	28	984	960	961
18089	28	533	960	961
12131	28	836	960	961
65787	28	1691	960	961
39640	28	5057	960	961
12442	28	1034	960	961
76032	28	1873	960	961
25249	28	18584	960	961
12202	28	2083	960	961
55072	28	2414	960	961
11491	28	235	960	961
27911	28	570	960	961
16387	28	456	960	961
12343	28	1421	960	961
23110	28	1414	960	961
101470	28	6423	960	961
13758	28	4380	960	961
24106	28	1601	960	961
76172	28	2616	960	961
16323	28	42	960	961
18181	28	2434	960	961
65996	28	32217	960	961
76242	28	6536	960	961
19954	28	2061	960	961
14515	28	5476	960	961
65448	28	53121	960	961
29541	28	230	960	961
13366	28	32249	960	961
45682	28	52	960	961
13334	28	976	960	961
66098	28	1535	960	961
73282	28	1159	960	961
35770	28	3530	960	961
45575	28	1359	960	961
14739	28	222	960	961
62335	28	4756	960	961
6303	28	839	960	961
9389	28	4979	960	961
15253	28	894	960	961
21175	28	179	960	961
45012	28	15572	960	961
18857	28	407	960	961
101915	28	3385	960	961
19866	28	2480	960	961
6731	28	1675	960	961
88394	28	1181	960	961
88402	28	1096	960	961
32338	28	54	960	961
34022	28	133	960	961
16042	28	195	960	961
70919	28	1983	960	961
88459	28	3920	960	961
27568	28	353	960	961
117877	28	614	960	961
39617	28	109	960	961
73003	28	4080	960	961
19262	28	482	960	961
12209	28	178	960	961
49631	28	2564	960	961
11000	28	1945	960	961
42003	28	7218	960	961
11799	28	71	960	961
12236	28	493	960	961
49643	28	2105	960	961
39044	28	554	960	961
13044	28	1839	960	961
37384	28	837	960	961
52032	28	2740	960	961
9184	28	39	960	961
11728	28	1476	960	961
10751	28	672	960	961
26839	28	120	960	961
49730	28	7572	960	961
47042	28	286	960	961
66497	28	43154	960	961
31660	28	1467	960	961
22196	28	221	960	961
33761	28	83	960	961
20189	28	401	960	961
25510	28	1022	960	961
14803	28	129	960	961
32453	28	1950	960	961
29016	28	14282	960	961
57536	28	592	960	961
12821	28	48	960	961
8401	28	1139	960	961
60551	28	4488	960	961
7116	28	235	960	961
21888	28	1036	960	961
29182	28	153	960	961
21911	28	914	960	961
6683	28	416	960	961
89005	28	45	960	961
52248	28	646	960	961
14375	28	358	960	961
118539	28	4104	960	961
12871	28	77	960	961
11350	28	580	960	961
29161	28	1431	960	961
70820	28	449	960	961
24987	28	323	960	961
7755	28	64	960	961
29415	28	1237	960	961
82911	28	33883	960	961
11404	28	210	960	961
33724	28	99	960	961
12944	28	89	960	961
29350	28	216	960	961
29593	28	1779	960	961
12905	28	741	960	961
13015	28	522	960	961
16696	28	102	960	961
57803	28	39954	960	961
66920	28	5800	960	961
33964	28	328	960	961
71630	28	254	960	961
22338	28	347	960	961
16442	28	1122	960	961
85264	28	44837	960	961
77390	28	4579	960	961
19328	28	6380	960	961
47264	28	2414	960	961
19336	28	617	960	961
54791	28	802	960	961
29988	28	2050	960	961
34163	28	10190	960	961
13128	28	1738	960	961
71032	28	908	960	961
9385	28	531	960	961
22311	28	973	960	961
25533	28	57	960	961
62734	28	3339	960	961
103184	28	1292	960	961
25756	28	463	960	961
29969	28	155	960	961
10352	28	33	960	961
8359	28	1213	960	961
9429	28	908	960	961
13190	28	1019	960	961
29856	28	3886	960	961
6699	28	816	960	961
14416	28	633	960	961
36197	28	14617	960	961
9374	28	716	960	961
7919	28	331	960	961
11593	28	313	960	961
19606	28	332	960	961
14973	28	203	960	961
33639	28	198	960	961
7274	28	607	960	961
22553	28	1349	960	961
52739	28	1233	960	961
10330	28	117	960	961
19571	28	1095	960	961
34769	28	581	960	961
11309	28	524	960	961
29406	28	1171	960	961
22741	28	3058	960	961
89797	28	9338	960	961
8468	28	787	960	961
6872	28	421	960	961
58049	28	796	960	961
13256	28	433	960	961
43487	28	628	960	961
43491	28	2114	960	961
53691	28	681	960	961
48584	28	557	960	961
13064	28	1177	960	961
46386	28	3979	960	961
46615	28	857	960	961
67295	28	250	960	961
67319	28	4917	960	961
77854	28	694	960	961
29102	28	112	960	961
39839	28	181	960	961
46580	28	99	960	961
9606	28	111	960	961
73404	28	1147	960	961
35169	28	1467	960	961
30556	28	1118	960	961
72863	28	40	960	961
62736	28	760	960	961
22872	28	50	960	961
17282	28	2113	960	961
7173	28	213	960	961
29605	28	1527	960	961
32344	28	2139	960	961
26361	28	72	960	961
4034	28	67	960	961
22226	28	154	960	961
16946	28	63	960	961
15273	28	980	960	961
20035	28	1076	960	961
12073	28	556	960	961
18900	28	470	960	961
58234	28	478	960	961
26434	28	2422	960	961
13524	28	2270	960	961
60976	28	1542	960	961
83093	28	1495	960	961
20119	28	145	960	961
12766	28	995	960	961
7447	28	2735	960	961
35421	28	2992	960	961
20149	28	8813	960	961
133724	28	1617	960	961
67553	28	351	960	961
20063	28	5185	960	961
104158	28	1002	960	961
23078	28	107	960	961
104171	28	1116	960	961
10729	28	832	960	961
73182	28	2713	960	961
15328	28	179	960	961
6314	28	595	960	961
73707	28	506	960	961
30861	28	234	960	961
46735	28	1008	960	961
62686	28	1122	960	961
12879	28	979	960	961
90427	28	1237	960	961
26850	28	15464	960	961
6987	28	136	960	961
12211	28	1563	960	961
82222	28	3195	960	961
11555	28	3728	960	961
6641	28	855	960	961
38930	28	798	960	961
58413	28	2853	960	961
17574	28	1095	960	961
9422	28	354	960	961
50449	28	2132	960	961
53706	28	6016	960	961
15447	28	233	960	961
20300	28	4724	960	961
67738	28	1112	960	961
30997	28	1523	960	961
30951	28	2282	960	961
22656	28	1275	960	961
67758	28	635	960	961
14429	28	143	960	961
17309	28	2426	960	961
15250	28	951	960	961
49404	28	6053	960	961
118266	28	232	960	961
26906	28	1560	960	961
9564	28	52	960	961
120591	28	1173	960	961
40910	28	454	960	961
25430	28	1216	960	961
22341	28	2837	960	961
26945	28	1081	960	961
27060	28	107	960	961
13209	28	2343	960	961
35968	28	2156	960	961
82672	28	21358	960	961
88805	28	449	960	961
46845	28	1412	960	961
19500	28	629	960	961
66645	28	4412	960	961
35915	28	4384	960	961
44805	28	298	960	961
17326	28	1412	960	961
8043	28	56	960	961
43294	28	17655	960	961
7242	28	132	960	961
11650	28	4634	960	961
66909	28	1697	960	961
19424	28	139	960	961
104827	28	1076	960	961
56869	28	35757	960	961
36167	28	76	960	961
27259	28	1421	960	961
34322	28	453	960	961
8028	28	5409	960	961
50577	28	610	960	961
10574	28	1931	960	961
8199	28	82	960	961
13824	28	307	960	961
51936	28	2488	960	961
48096	28	4739	960	961
75442	28	1623	960	961
41890	28	633	960	961
25266	28	1410	960	961
13296	28	1762	960	961
10490	28	202	960	961
56217	28	624	960	961
11292	28	134	960	961
13839	28	1446	960	961
50632	28	369	960	961
26756	28	1032	960	961
17910	28	489	960	961
6816	28	234	960	961
6545	28	133	960	961
23729	28	185	960	961
35643	28	796	960	961
10689	28	39	960	961
10548	28	58	960	961
66050	28	2908	960	961
10649	28	528	960	961
25683	28	257	960	961
8485	28	894	960	961
20747	28	540	960	961
105227	28	2538	960	961
10261	28	1506	960	961
7755	28	575	960	961
12969	28	643	960	961
55989	28	34035	960	961
7821	28	572	960	961
20793	28	744	960	961
36468	28	5745	960	961
25319	28	2234	960	961
34130	28	2418	960	961
7719	28	104	960	961
9237	28	3793	960	961
29066	28	3551	960	961
22331	28	1529	960	961
36632	28	146	960	961
13926	28	805	960	961
28392	28	1907	960	961
75291	28	360	960	961
23452	28	383	960	961
91342	28	979	960	961
10670	28	57	960	961
30357	28	659	960	961
33465	28	1071	960	961
23616	28	289	960	961
21815	28	908	960	961
11388	28	797	960	961
13838	28	560	960	961
25469	28	154	960	961
11326	28	1190	960	961
35932	28	558	960	961
54945	28	4078	960	961
18954	28	214	960	961
22612	28	1058	960	961
8037	28	175	960	961
97618	28	1524	960	961
12258	28	387	960	961
21637	28	9341	960	961
11008	28	1145	960	961
26849	28	1919	960	961
32012	28	1294	960	961
71104	28	9151	960	961
75701	28	5409	960	961
13955	28	2846	960	961
18885	28	449	960	961
17984	28	261	960	961
20935	28	1097	960	961
5716	28	339	960	961
34835	28	1146	960	961
11972	28	404	960	961
29312	28	674	960	961
15573	28	669	960	961
18097	28	7723	960	961
66176	28	2218	960	961
10223	28	319	960	961
37920	28	1077	960	961
6559	28	2139	960	961
13101	28	51	960	961
79237	28	675	960	961
32788	28	8036	960	961
19379	28	2105	960	961
16954	28	50	960	961
10287	28	871	960	961
12519	28	602	960	961
42537	28	2020	960	961
26966	28	2666	960	961
87730	28	911	960	961
37930	28	1733	960	961
17327	28	2846	960	961
39142	28	503	960	961
42684	28	1027	960	961
6209	28	540	960	961
11045	28	1830	960	961
21783	28	1093	960	961
11466	28	104	960	961
18690	28	58	960	961
12371	28	1077	960	961
29912	28	610	960	961
8849	28	3410	960	961
32087	28	1918	960	961
7079	28	1155	960	961
23735	28	1583	960	961
9793	28	152	960	961
8053	28	610	960	961
5573	28	38	960	961
47050	28	1598	960	961
42703	28	2145	960	961
76402	28	145	960	961
122219	28	9960	960	961
10970	28	597	960	961
27099	28	1043	960	961
5543	28	971	960	961
37164	28	2580	960	961
14016	28	629	960	961
14888	28	147	960	961
14778	28	508	960	961
19913	28	274	960	961
91923	28	36296	960	961
5132	28	1954	960	961
21247	28	553	960	961
8772	28	481	960	961
18042	28	793	960	961
14026	28	732	960	961
24098	28	179	960	961
42597	28	1531	960	961
5389	28	891	960	961
6827	28	1056	960	961
48991	28	4614	960	961
14488	28	924	960	961
9203	28	110	960	961
9964	28	2394	960	961
15350	28	839	960	961
15524	28	1559	960	961
18899	28	1314	960	961
42534	28	4865	960	961
106281	28	1589	960	961
13722	28	114	960	961
26208	28	3545	960	961
20769	28	32	960	961
74070	28	9234	960	961
79570	28	1532	960	961
99904	28	7675	960	961
106367	28	1002	960	961
163427	28	37	960	961
9656	28	806	960	961
30108	28	2822	960	961
9538	28	4277	960	961
26631	28	283	960	961
11841	28	469	960	961
97454	28	1403	960	961
57753	28	1237	960	961
6588	28	73	960	961
68030	28	1389	960	961
68228	28	83	960	961
28159	28	753	960	961
3874	28	147	960	961
30373	28	1960	960	961
42650	28	1571	960	961
16041	28	890	960	961
6215	28	81	960	961
106544	28	38010	960	961
66468	28	5615	960	961
16844	28	171	960	961
40964	28	678	960	961
35470	28	167	960	961
41040	28	2160	960	961
49737	28	298	960	961
15116	28	30	960	961
6535	28	793	960	961
66452	28	2601	960	961
9625	28	1031	960	961
28454	28	422	960	961
10102	28	533	960	961
68732	28	51	960	961
16819	28	471	960	961
14133	28	565	960	961
54766	28	951	960	961
87642	28	2172	960	961
74327	28	3626	960	961
32860	28	2742	960	961
14716	28	179	960	961
11920	28	1959	960	961
45647	28	632	960	961
92329	28	719	960	961
29033	28	377	960	961
13981	28	509	960	961
21887	28	2232	960	961
22905	28	786	960	961
9990	28	1762	960	961
56225	28	91	960	961
58873	28	18401	960	961
18402	28	1164	960	961
7620	28	155	960	961
15492	28	969	960	961
17868	28	49	960	961
75803	28	224	960	961
44049	28	720	960	961
7574	28	95	960	961
16188	28	666	960	961
55268	28	3174	960	961
63042	28	416	960	961
30184	28	1258	960	961
7929	28	591	960	961
11412	28	805	960	961
20112	28	99	960	961
63547	28	2051	960	961
12065	28	186	960	961
7415	28	485	960	961
76296	28	1552	960	961
35179	28	1527	960	961
37334	28	922	960	961
5069	28	1723	960	961
30941	28	2178	960	961
13508	28	43	960	961
7656	28	405	960	961
21465	28	811	960	961
8392	28	694	960	961
54221	28	4481	960	961
67880	28	3811	960	961
19255	28	45	960	961
50027	28	842	960	961
54438	28	933	960	961
22023	28	1164	960	961
40634	28	1613	960	961
51088	28	2517	960	961
38174	28	2877	960	961
51182	28	156	960	961
25422	28	1292	960	961
26779	28	3788	960	961
12964	28	1728	960	961
15156	28	759	960	961
15687	28	1032	960	961
40679	28	18266	960	961
35835	28	16162	960	961
5618	28	592	960	961
20769	28	131	960	961
51209	28	1460	960	961
39347	28	1097	960	961
107249	28	1475	960	961
41911	28	609	960	961
119296	28	10834	960	961
36778	28	1532	960	961
59460	28	1328	960	961
27888	28	311	960	961
8141	28	168	960	961
21329	28	1043	960	961
56044	28	43973	960	961
9020	28	104	960	961
27645	28	490	960	961
46495	28	1289	960	961
142704	28	1167	960	961
20794	28	332	960	961
80273	28	240	960	961
19385	28	3242	960	961
5540	28	3141	960	961
20843	28	681	960	961
10001	28	1020	960	961
103056	28	483	960	961
21329	28	67	960	961
20938	28	593	960	961
8107	28	120	960	961
12774	28	3728	960	961
12984	28	1306	960	961
92901	28	1242	960	961
82343	28	14109	960	961
13698	28	2563	960	961
9197	28	7002	960	961
16508	28	1015	960	961
106004	28	27588	960	961
8613	28	503	960	961
9799	28	109	960	961
26025	28	1479	960	961
27343	28	1960	960	961
14176	28	1812	960	961
54750	28	7572	960	961
76893	28	1659	960	961
58501	28	1195	960	961
32105	28	446	960	961
9622	28	780	960	961
64421	28	2607	960	961
7048	28	575	960	961
17014	28	1085	960	961
16397	28	1643	960	961
6428	28	554	960	961
21128	28	2070	960	961
6214	28	465	960	961
101351	28	2748	960	961
92035	28	13143	960	961
77224	28	82677	960	961
40064	28	1275	960	961
32051	28	547	960	961
17850	28	474	960	961
27408	28	1060	960	961
5095	28	1155	960	961
13685	28	1727	960	961
51346	28	759	960	961
6638	28	343	960	961
39138	28	555	960	961
107801	28	198	960	961
14278	28	6536	960	961
24144	28	1070	960	961
19186	28	71	960	961
51411	28	485	960	961
34954	28	1084	960	961
15528	28	483	960	961
66838	28	71	960	961
7227	28	427	960	961
28691	28	1211	960	961
14616	28	304	960	961
89897	28	860	960	961
15686	28	591	960	961
11346	28	217	960	961
38319	28	5046	960	961
25417	28	2893	960	961
58977	28	333	960	961
15364	28	555	960	961
23253	28	621	960	961
19993	28	1684	960	961
11335	28	143	960	961
72288	28	7794	960	961
26423	28	659	960	961
21080	28	797	960	961
93300	28	1827	960	961
29814	28	5502	960	961
8959	28	1829	960	961
73748	28	6536	960	961
14866	28	162	960	961
59038	28	1186	960	961
34397	28	1294	960	961
6995	28	44	960	961
62509	28	99	960	961
12678	28	2735	960	961
16893	28	732	960	961
38238	28	7098	960	961
5122	28	511	960	961
17164	28	253	960	961
19953	28	1336	960	961
28722	28	475	960	961
8542	28	745	960	961
38393	28	171	960	961
15628	28	1153	960	961
93426	28	926	960	961
36918	28	46	960	961
27194	28	995	960	961
21183	28	623	960	961
8653	28	81	960	961
24234	28	230	960	961
79921	28	170	960	961
19281	28	286	960	961
20126	28	1097	960	961
15449	28	624	960	961
16147	28	1675	960	961
55167	28	17890	960	961
73797	28	334	960	961
14168	28	1063	960	961
9265	28	1388	960	961
21690	28	926	960	961
59828	28	3217	960	961
8259	28	56	960	961
13477	28	1577	960	961
76394	28	621	960	961
24444	28	533	960	961
42997	28	5123	960	961
93556	28	3788	960	961
16561	28	123	960	961
13453	28	66	960	961
18995	28	595	960	961
26968	28	38435	960	961
7184	28	42	960	961
11785	28	1407	960	961
19306	28	3058	960	961
9896	28	1311	960	961
23438	28	1501	960	961
14735	28	37	960	961
17949	28	3630	960	961
65743	28	1592	960	961
34705	28	718	960	961
113608	28	5010	960	961
75743	28	136	960	961
45438	28	11849	960	961
18601	28	87	960	961
32147	28	1825	960	961
21535	28	900	960	961
18072	28	3299	960	961
33177	28	1723	960	961
13258	28	830	960	961
57371	28	12636	960	961
108427	28	5793	960	961
30739	28	581	960	961
46855	28	1783	960	961
5623	28	186	960	961
47887	28	1167	960	961
4601	28	2678	960	961
69382	28	503	960	961
48377	28	546	960	961
26800	28	60	960	961
18498	28	319	960	961
15724	28	109	960	961
15908	28	1819	960	961
22024	28	1560	960	961
51423	28	1416	960	961
61189	28	1096	960	961
24583	28	2024	960	961
54387	28	346	960	961
6464	28	793	960	961
20490	28	331	960	961
26093	28	355	960	961
68331	28	8282	960	961
20290	28	951	960	961
25236	28	2277	960	961
16271	28	1131	960	961
69513	28	1563	960	961
28777	28	433	960	961
13014	28	757	960	961
12981	28	167	960	961
61917	28	4059	960	961
29554	28	659	960	961
46056	28	1082	960	961
12416	28	2397	960	961
22897	28	257	960	961
27053	28	625	960	961
44329	28	3027	960	961
4926	28	2122	960	961
12809	28	1500	960	961
18887	28	1589	960	961
9388	28	99	960	961
20120	28	18107	960	961
69635	28	739	960	961
85550	28	1460	960	961
89692	28	2395	960	961
19733	28	634	960	961
32306	28	1314	960	961
80433	28	988	960	961
15498	28	21745	960	961
16973	28	758	960	961
20596	28	293	960	961
16344	28	1179	960	961
71564	28	30560	960	961
91243	28	131	960	961
23144	28	177	960	961
12357	28	421	960	961
59297	28	15031	960	961
43128	28	136	960	961
11509	28	3177	960	961
10845	28	1834	960	961
28570	28	575	960	961
12897	28	857	960	961
14287	28	4018	960	961
60060	28	22734	960	961
33084	28	1257	960	961
50685	28	1177	960	961
9089	28	16	960	961
25985	28	527	960	961
80291	28	796	960	961
26183	28	1519	960	961
40309	28	2087	960	961
24102	28	2563	960	961
48275	28	2784	960	961
15807	28	476	960	961
16949	28	43	960	961
17728	28	33	960	961
58237	28	3205	960	961
55260	28	170	960	961
19117	28	911	960	961
6610	28	31	960	961
37953	28	722	960	961
8882	28	215	960	961
39305	28	2062	960	961
8331	28	31	960	961
12291	28	5658	960	961
45425	28	8554	960	961
47743	28	988	960	961
10025	28	725	960	961
12811	28	1950	960	961
14702	28	168	960	961
42143	28	112	960	961
45499	28	1633	960	961
30505	28	1436	960	961
13311	28	1442	960	961
28812	28	3347	960	961
38539	28	2564	960	961
20448	28	469	960	961
49724	28	2577	960	961
32689	28	1277	960	961
28028	28	13881	960	961
40439	28	275	960	961
55612	28	4682	960	961
59855	28	508	960	961
18593	28	701	960	961
30727	28	1294	960	961
9340	28	133	960	961
9258	28	3132	960	961
9613	28	848	960	961
65613	28	2975	960	961
12431	28	1152	960	961
25642	28	986	960	961
107397	28	972	960	961
91096	28	99	960	961
16681	28	2113	960	961
15148	28	1145	960	961
15280	28	363	960	961
54881	28	514	960	961
109222	28	1924	960	961
17909	28	1172	960	961
36048	28	552	960	961
10092	28	617	960	961
63277	28	1002	960	961
9800	28	236	960	961
8961	28	802	960	961
20841	28	1093	960	961
88809	28	12314	960	961
84404	28	770	960	961
84267	28	18363	960	961
86317	28	1556	960	961
27500	28	2014	960	961
34127	28	332	960	961
28604	28	678	960	961
12530	28	894	960	961
27579	28	1005	960	961
9653	28	26283	960	961
12562	28	1043	960	961
57510	28	400	960	961
19427	28	1314	960	961
27679	28	634	960	961
63049	28	184	960	961
23518	28	2742	960	961
36458	28	267	960	961
13417	28	1124	960	961
12939	28	241	960	961
68769	28	4246	960	961
76689	28	1712	960	961
15833	28	58	960	961
12670	28	267	960	961
57861	28	2353	960	961
7058	28	178	960	961
21418	28	2626	960	961
69211	28	1545	960	961
45550	28	1304	960	961
69750	28	1608	960	961
39208	28	757	960	961
9749	28	11150	960	961
41156	28	1231	960	961
26139	28	74	960	961
13177	28	95	960	961
11938	28	61	960	961
36553	28	1098	960	961
65159	28	461	960	961
7413	28	1210	960	961
7120	28	48	960	961
16177	28	4513	960	961
22759	28	2061	960	961
5401	28	795	960	961
77056	28	2343	960	961
18068	28	718	960	961
37143	28	983	960	961
16037	28	27	960	961
24998	28	449	960	961
13646	28	1532	960	961
15044	28	490	960	961
13577	28	100	960	961
82881	28	1474	960	961
14146	28	499	960	961
69529	28	3692	960	961
11090	28	489	960	961
68940	28	8770	960	961
67782	28	391	960	961
38144	28	261	960	961
10328	28	926	960	961
77804	28	6425	960	961
81440	28	3184	960	961
17998	28	1172	960	961
4245	28	2135	960	961
50148	28	1101	960	961
10523	28	49	960	961
21045	28	48	960	961
14772	28	220	960	961
7097	28	235	960	961
104873	28	2848	960	961
75374	28	1466	960	961
27685	28	1192	960	961
36953	28	2218	960	961
11650	28	1924	960	961
45750	28	817	960	961
14808	28	2270	960	961
26414	28	437	960	961
56106	28	1233	960	961
15471	28	675	960	961
18777	28	1727	960	961
21490	28	2140	960	961
11615	28	5461	960	961
42923	28	7675	960	961
8929	28	42	960	961
55204	28	82901	960	961
23752	28	759	960	961
22601	28	85	960	961
11690	28	1329	960	961
50657	28	87	960	961
37357	28	2022	960	961
9162	28	3217	960	961
11569	28	81	960	961
43404	28	72	960	961
29023	28	2050	960	961
39852	28	1728	960	961
109695	28	242	960	961
20543	28	1956	960	961
15769	28	499	960	961
124371	28	24650	960	961
25042	28	1643	960	961
4557	28	16	960	961
57007	28	6135	960	961
168689	28	2052	960	961
99544	28	3936	960	961
83696	28	5075	960	961
76402	28	2396	960	961
9747	28	630	960	961
77396	28	319	960	961
38249	28	981	960	961
39330	28	56352	960	961
20036	28	3141	960	961
44064	28	2288	960	961
77032	28	15526	960	961
68180	28	1030	960	961
88832	28	1214	960	961
13629	28	202	960	961
77156	28	706	960	961
85394	28	1767	960	961
10423	28	7370	960	961
11757	28	506	960	961
19878	28	1416	960	961
18123	28	123	960	961
6579	28	1306	960	961
11797	28	63	960	961
20452	28	508	960	961
96159	28	483	960	961
6770	28	85	960	961
84164	28	1728	960	961
10820	28	555	960	961
89540	28	1036	960	961
25331	28	2113	960	961
59437	28	4137	960	961
8050	28	501	960	961
15108	28	313	960	961
121055	28	8036	960	961
104933	28	1196	960	961
51949	28	365	960	961
76632	28	1650	960	961
73578	28	87	960	961
16020	28	626	960	961
54832	28	463	960	961
40760	28	666	960	961
27731	28	496	960	961
6207	28	551	960	961
109946	28	4937	960	961
72341	28	3376	960	961
11439	28	778	960	961
20009	28	377	960	961
9926	28	3728	960	961
15624	28	38	960	961
80959	28	3452	960	961
19416	28	1084	960	961
104316	28	1314	960	961
38968	28	5853	960	961
49336	28	1097	960	961
8597	28	583	960	961
5928	28	87	960	961
31212	28	702	960	961
17422	28	42	960	961
81531	28	10620	960	961
38358	28	1606	960	961
28119	28	708	960	961
27993	28	1619	960	961
11899	28	15486	960	961
15069	28	710	960	961
24564	28	1063	960	961
34034	28	17954	960	961
18483	28	2396	960	961
43076	28	1506	960	961
32224	28	1606	960	961
69446	28	722	960	961
17112	28	223	960	961
14337	28	1032	960	961
11524	28	2139	960	961
117852	28	3207	960	961
16778	28	525	960	961
23768	28	82	960	961
23532	28	570	960	961
20123	28	310	960	961
75077	28	1464	960	961
106774	28	119	960	961
94628	28	21358	960	961
41624	28	4589	960	961
19731	28	259	960	961
29625	28	5643	960	961
32418	28	384	960	961
29416	28	2011	960	961
68827	28	477	960	961
67744	28	337	960	961
20955	28	802	960	961
68886	28	5354	960	961
10495	28	1500	960	961
17156	28	109	960	961
8403	28	602	960	961
8647	28	142	960	961
6990	28	219	960	961
75924	28	431	960	961
32716	28	19743	960	961
8346	28	2517	960	961
5076	28	72	960	961
14468	28	1033	960	961
12316	28	416	960	961
20594	28	1294	960	961
22940	28	3385	960	961
72125	28	8764	960	961
107377	28	7151	960	961
14024	28	221	960	961
31910	28	3765	960	961
14546	28	15572	960	961
21819	28	61	960	961
8615	28	38	960	961
19751	28	1860	960	961
4768	28	56	960	961
64971	28	6547	960	961
23394	28	141	960	961
50381	28	298	960	961
47386	28	797	960	961
78724	28	1083	960	961
8878	28	980	960	961
7696	28	1541	960	961
19278	28	516	960	961
16803	28	2089	960	961
16525	28	241	960	961
13403	28	3299	960	961
52005	28	7636	960	961
52683	28	749	960	961
83598	28	1733	960	961
51104	28	2488	960	961
29467	28	2175	960	961
14009	28	1887	960	961
13267	28	511	960	961
39223	28	691	960	961
9600	28	369	960	961
51438	28	10597	960	961
16104	28	1067	960	961
71625	28	72316	960	961
14269	28	266	960	961
8485	28	808	960	961
110346	28	3848	960	961
38496	28	42	960	961
6241	28	153	960	961
18165	28	4581	960	961
15700	28	602	960	961
50829	28	4162	960	961
27814	28	49	960	961
102407	28	4756	960	961
7704	28	85	960	961
36541	28	1529	960	961
10972	28	265	960	961
44372	28	54	960	961
148105	28	6016	960	961
44313	28	1426	960	961
75405	28	7112	960	961
76985	28	2187	960	961
11205	28	1092	960	961
59865	28	12636	960	961
31218	28	794	960	961
7779	28	872	960	961
16131	28	74	960	961
15721	28	1172	960	961
57751	28	1500	960	961
30578	28	740	960	961
59320	28	4910	960	961
15304	28	153	960	961
7223	28	175	960	961
52869	28	552	960	961
9195	28	80	960	961
94985	28	29726	960	961
8330	28	1210	960	961
35658	28	634	960	961
46458	28	503	960	961
66446	28	5508	960	961
13443	28	984	960	961
28112	28	12314	960	961
10201	28	681	960	961
20476	28	1275	960	961
77783	28	537	960	961
11772	28	1071	960	961
16823	28	1532	960	961
17640	28	912	960	961
23140	28	175	960	961
46645	28	114	960	961
58969	28	3331	960	961
93986	28	1158	960	961
27648	28	238	960	961
12434	28	1116	960	961
80624	28	128179	960	961
18540	28	539	960	961
65257	28	410	960	961
21223	28	900	960	961
8566	28	2430	960	961
8691	28	331	960	961
81211	28	1692	960	961
110034	28	8531	960	961
31595	28	142	960	961
18932	28	2456	960	961
43419	28	3449	960	961
21347	28	1606	960	961
13053	28	868	960	961
28005	28	18112	960	961
13748	28	573	960	961
31138	28	3322	960	961
75385	28	17377	960	961
5588	28	256	960	961
41518	28	44	960	961
18203	28	369	960	961
18879	28	1874	960	961
72644	28	1653	960	961
19843	28	6380	960	961
4985	28	38	960	961
109064	28	5758	960	961
43045	28	796	960	961
89927	28	477	960	961
51245	28	435	960	961
18029	28	180	960	961
89900	28	2100	960	961
17806	28	193	960	961
63912	28	14347	960	961
18023	28	469	960	961
30232	28	1359	960	961
72348	28	1147	960	961
45454	28	1731	960	961
24522	28	786	960	961
95164	28	1099	960	961
56635	28	3765	960	961
12612	28	383	960	961
24086	28	1061	960	961
7390	28	65	960	961
46268	28	465	960	961
83124	28	535	960	961
24488	28	1945	960	961
25770	28	436	960	961
65517	28	154	960	961
61635	28	3326	960	961
13871	28	681	960	961
8643	28	465	960	961
58416	28	1633	960	961
30522	28	41	960	961
28564	28	1772	960	961
9058	28	1294	960	961
19148	28	2598	960	961
23784	28	1077	960	961
21616	28	715	960	961
14346	28	3323	960	961
8875	28	48	960	961
35428	28	573	960	961
24323	28	3002	960	961
10595	28	1619	960	961
35168	28	2207	960	961
28472	28	1221	960	961
22771	28	294	960	961
110755	28	13499	960	961
40836	28	1095	960	961
5280	28	37	960	961
30014	28	860	960	961
81028	28	99	960	961
23319	28	1500	960	961
90852	28	609	960	961
54291	28	478	960	961
14126	28	1335	960	961
10898	28	1627	960	961
26853	28	868	960	961
5717	28	332	960	961
44795	28	248	960	961
11231	28	318	960	961
49610	28	297	960	961
59512	28	86	960	961
5829	28	794	960	961
95240	28	1221	960	961
32305	28	6536	960	961
40200	28	634	960	961
17439	28	478	960	961
38582	28	2315	960	961
47278	28	1218	960	961
70814	28	5755	960	961
29532	28	141	960	961
9834	28	1073	960	961
15978	28	2376	960	961
44852	28	2004	960	961
10242	28	167	960	961
39762	28	1570	960	961
55706	28	1780	960	961
141675	28	614	960	961
7017	28	282	960	961
12694	28	45	960	961
28071	28	4353	960	961
12737	28	145	960	961
51566	28	266	960	961
11267	28	2639	960	961
110868	28	1392	960	961
12762	28	201	960	961
29126	28	2682	960	961
19631	28	511	960	961
7906	28	33	960	961
77151	28	1850	960	961
20232	28	1047	960	961
67198	28	732	960	961
49147	28	979	960	961
8494	28	250	960	961
48709	28	616	960	961
12769	28	973	960	961
75674	28	1523	960	961
15850	28	1365	960	961
106072	28	2897	960	961
127741	28	233	960	961
22965	28	4185	960	961
28541	28	910	960	961
93742	28	5755	960	961
13303	28	1743	960	961
62320	28	9876	960	961
55372	28	5494	960	961
38629	28	1783	960	961
37443	28	119	960	961
5705	28	2270	960	961
97765	28	1430	960	961
47488	28	89229	960	961
60558	28	1233	960	961
12148	28	1088	960	961
86085	28	1524	960	961
8061	28	74	960	961
55326	28	411	960	961
23775	28	1172	960	961
61906	28	62401	960	961
38178	28	610	960	961
17731	28	4297	960	961
49876	28	1269	960	961
23571	28	1131	960	961
60403	28	1407	960	961
149725	28	4873	960	961
17276	28	1139	960	961
33315	28	565	960	961
19142	28	145	960	961
33550	28	630	960	961
25347	28	694	960	961
22663	28	2105	960	961
33338	28	1336	960	961
21264	28	691	960	961
90859	28	1460	960	961
44191	28	175	960	961
58285	28	4987	960	961
44633	28	811	960	961
63799	28	2601	960	961
59421	28	1152	960	961
7599	28	255	960	961
37660	28	516	960	961
23119	28	22176	960	961
93175	28	2139	960	961
111036	28	2376	960	961
82243	28	233	960	961
36149	28	1210	960	961
60575	28	1522	960	961
66675	28	621	960	961
23536	28	766	960	961
18717	28	634	960	961
39724	28	795	960	961
53920	28	1860	960	961
9108	28	233	960	961
74074	28	2058	960	961
32244	28	2660	960	961
91006	28	912	960	961
92804	28	5527	960	961
38868	28	632	960	961
37733	28	627	960	961
30233	28	3092	960	961
51580	28	423	960	961
27242	28	714	960	961
13759	28	806	960	961
57205	28	22347	960	961
9007	28	465	960	961
12048	28	55	960	961
13917	28	843	960	961
63180	28	3362	960	961
10817	28	129	960	961
22654	28	529	960	961
56217	28	548	960	961
88914	28	2682	960	961
36467	28	868	960	961
24688	28	1332	960	961
99982	28	180	960	961
9187	28	478	960	961
13531	28	496	960	961
24449	28	715	960	961
30200	28	68	960	961
73578	28	1712	960	961
46447	28	1684	960	961
40637	28	364	960	961
81442	28	2488	960	961
27866	28	2598	960	961
17836	28	659	960	961
9418	28	14120	960	961
55242	28	2338	960	961
40778	28	634	960	961
107083	28	7624	960	961
64259	28	12647	960	961
23692	28	260	960	961
52076	28	1595	960	961
27884	28	718	960	961
29975	28	1476	960	961
59352	28	1397	960	961
35519	28	1027	960	961
21921	28	501	960	961
9406	28	2057	960	961
18628	28	336	960	961
28220	28	741	960	961
31112	28	160	960	961
27870	28	140	960	961
54567	28	5089	960	961
39839	28	2139	960	961
99469	28	63237	960	961
73725	28	5572	960	961
14620	28	48	960	961
16136	28	625	960	961
21374	28	894	960	961
15883	28	1950	960	961
17308	28	100	960	961
62166	28	478	960	961
9753	28	1524	960	961
51200	28	2534	960	961
21971	28	1336	960	961
15123	28	111	960	961
32195	28	624	960	961
55815	28	1221	960	961
43032	28	4018	960	961
36998	28	3319	960	961
79150	28	72443	960	961
13973	28	6631	960	961
12406	28	1073	960	961
16724	28	1070	960	961
111258	28	2179	960	961
27598	28	4613	960	961
18816	28	282	960	961
144526	28	69278	960	961
12400	28	754	960	961
7053	28	817	960	961
23807	28	434	960	961
9669	28	27	960	961
10927	28	384	960	961
10585	28	298	960	961
52431	28	1460	960	961
17010	28	710	960	961
62157	28	416	960	961
44078	28	670	960	961
29781	28	1014	960	961
71402	28	133	960	961
6628	28	57	960	961
32953	28	3936	960	961
48852	28	87	960	961
73363	28	2480	960	961
101150	28	1626	960	961
28443	28	2105	960	961
11967	28	871	960	961
54881	28	370	960	961
37049	28	1085	960	961
8835	28	416	960	961
15457	28	134	960	961
51416	28	1684	960	961
51092	28	136	960	961
8681	28	433	960	961
28690	28	76	960	961
9128	28	555	960	961
17416	28	498	960	961
16137	28	61	960	961
18487	28	1416	960	961
8257	28	1171	960	961
7689	28	150	960	961
95527	28	911	960	961
14173	28	3888	960	961
9478	28	435	960	961
87574	28	228	960	961
12737	28	570	960	961
8091	28	1751	960	961
13804	28	360	960	961
124244	28	3488	960	961
30569	28	1227	960	961
17213	28	4297	960	961
11699	28	77	960	961
33784	28	4937	960	961
70015	28	3004	960	961
9243	28	61620	960	961
17676	28	2426	960	961
5784	28	1810	960	961
24499	28	3207	960	961
86682	28	6018	960	961
46493	28	289	960	961
69971	28	1704	960	961
87448	28	883	960	961
15999	28	4018	960	961
59347	28	2672	960	961
9375	28	20	960	961
23707	28	632	960	961
5450	28	87	960	961
21091	28	2899	960	961
68604	28	2626	960	961
10769	28	21892	960	961
29372	28	2105	960	961
19806	28	877	960	961
22321	28	486	960	961
58143	28	313	960	961
55444	28	232	960	961
66180	28	8913	960	961
9860	28	185	960	961
35481	28	3661	960	961
50998	28	523	960	961
41510	28	281	960	961
19048	28	1110	960	961
71152	28	1177	960	961
29141	28	778	960	961
6934	28	883	960	961
12037	28	555	960	961
17825	28	555	960	961
79396	28	2481	960	961
23019	28	2835	960	961
7884	28	416	960	961
95134	28	4586	960	961
69765	28	2488	960	961
65542	28	3982	960	961
35885	28	2689	960	961
27594	28	1172	960	961
52057	28	1589	960	961
53694	28	1557	960	961
5880	28	2160	960	961
73901	28	911	960	961
21913	28	46	960	961
129708	28	780	960	961
32971	28	353	960	961
123649	28	9151	960	961
85280	28	4979	960	961
28435	28	795	960	961
31564	28	1081	960	961
51889	28	2688	960	961
39226	28	2320	960	961
79602	28	1160	960	961
23781	28	4268	960	961
7208	28	1367	960	961
11618	28	1951	960	961
52014	28	635	960	961
19963	28	840	960	961
64710	28	610	960	961
13784	28	581	960	961
9836	28	881	960	961
20655	28	2050	960	961
20725	28	334	960	961
7644	28	19	960	961
7120	28	44	960	961
19746	28	1677	960	961
6234	28	1158	960	961
33798	28	58	960	961
53222	28	1101	960	961
15426	28	6779	960	961
14526	28	254	960	961
12659	28	77	960	961
36000	28	961	960	961
30261	28	1185	960	961
7984	28	680	960	961
55891	28	2687	960	961
38687	28	1216	960	961
6403	28	315	960	961
40455	28	1023	960	961
20845	28	441	960	961
71516	28	565	960	961
45562	28	452	960	961
81668	28	1532	960	961
44575	28	4865	960	961
60766	28	1370	960	961
73688	28	357	960	961
19891	28	273	960	961
25804	28	1951	960	961
21539	28	274	960	961
10612	28	211	960	961
15271	28	675	960	961
32706	28	132	960	961
8502	28	1725	960	961
23535	28	400	960	961
42265	28	798	960	961
14695	28	4779	960	961
31152	28	32261	960	961
9546	28	261	960	961
61148	28	140596	960	961
28314	28	2172	960	961
33031	28	57	960	961
52464	28	321	960	961
48940	28	2666	960	961
51231	28	2956	960	961
120991	28	930	960	961
38477	28	1085	960	961
37406	28	1535	960	961
42823	28	28	960	961
39370	28	1549	960	961
54089	28	12988	960	961
76329	28	2127	960	961
108875	28	1171	960	961
12375	28	378	960	961
50996	28	2488	960	961
28832	28	67	960	961
67555	28	410	960	961
48370	28	80	960	961
18020	28	1614	960	961
14194	28	19907	960	961
12120	28	405	960	961
79359	28	696	960	961
28857	28	154	960	961
71083	28	930	960	961
11101	28	3658	960	961
70252	28	967	960	961
10727	28	1280	960	961
11146	28	27	960	961
21918	28	12988	960	961
109363	28	1084	960	961
76987	14	104256	960	961
5332	28	235	960	961
25912	28	2624	960	961
8989	28	398	960	961
18083	28	1230	960	961
26034	28	518	960	961
12383	28	1806	960	961
20651	28	1833	960	961
22709	28	2283	960	961
15830	28	552	960	961
57725	28	1153	960	961
24248	28	432	960	961
14417	28	52	960	961
71285	28	1186	960	961
26649	28	16447	960	961
16569	28	44	960	961
5726	28	2152	960	961
19893	28	829	960	961
23858	28	288	960	961
40123	28	54	960	961
25665	28	2007	960	961
45373	28	901	960	961
21528	28	511	960	961
24195	28	671	960	961
35888	28	3321	960	961
21891	28	7572	960	961
95657	28	14617	960	961
24416	28	1619	960	961
97074	28	12484	960	961
12181	28	276	960	961
5384	28	808	960	961
77023	28	1081	960	961
124343	28	278	960	961
60642	28	2338	960	961
8187	28	1155	960	961
14028	28	501	960	961
11081	28	364	960	961
15222	28	821	960	961
16238	28	10190	960	961
11456	28	201	960	961
51626	28	988	960	961
30066	28	260	960	961
21750	28	773	960	961
31169	28	174	960	961
29538	28	2270	960	961
36733	28	1822	960	961
32188	28	245	960	961
14125	28	506	960	961
74566	28	22755	960	961
12516	28	1336	960	961
8805	28	215	960	961
42578	28	1335	960	961
12532	28	292	960	961
31016	28	78	960	961
15997	28	203	960	961
14689	28	2007	960	961
8337	28	139	960	961
55268	28	808	960	961
38251	28	1005	960	961
63516	28	612	960	961
6457	28	86	960	961
81912	28	2052	960	961
19352	28	1629	960	961
9072	28	241	960	961
26529	28	624	960	961
56367	28	679	960	961
48904	28	817	960	961
16553	28	447	960	961
33089	28	1027	960	961
9287	28	491	960	961
35806	28	91	960	961
11998	28	447	960	961
16919	28	1367	960	961
14924	28	900	960	961
55697	28	4165	960	961
18628	28	1067	960	961
22758	28	406	960	961
18265	28	177	960	961
28452	28	1410	960	961
42254	28	3002	960	961
20739	28	899	960	961
44442	28	1095	960	961
73550	28	627	960	961
77708	28	2066	960	961
27407	28	39	960	961
71567	28	692	960	961
36640	28	53	960	961
43549	28	2338	960	961
58323	28	1506	960	961
9666	28	250	960	961
44323	28	445	960	961
5940	28	83	960	961
33582	28	4971	960	961
28470	28	420	960	961
73678	28	2196	960	961
14698	28	486	960	961
23383	28	1336	960	961
30923	28	27618	960	961
13782	28	623	960	961
10946	28	753	960	961
8002	28	58	960	961
63692	28	59520	960	961
9228	28	136	960	961
15088	28	4092	960	961
38409	28	949	960	961
13504	28	1840	960	961
11713	28	346	960	961
21445	28	483	960	961
41583	28	2324	960	961
18649	28	1730	960	961
70361	28	3376	960	961
43576	28	31083	960	961
9691	28	47	960	961
85804	28	1370	960	961
83818	28	774	960	961
4334	28	2085	960	961
21302	28	890	960	961
102112	28	3500	960	961
42143	28	1139	960	961
24110	28	38	960	961
29880	28	608	960	961
17645	28	2160	960	961
23036	28	9194	960	961
35798	28	7739	960	961
8000	28	1006	960	961
16971	28	1780	960	961
28064	28	1275	960	961
10616	28	2175	960	961
10507	28	117	960	961
30976	28	2218	960	961
150395	28	2569	960	961
35233	28	1094	960	961
95692	28	3488	960	961
18639	28	1097	960	961
65218	28	2941	960	961
36811	28	1229	960	961
125742	28	1096	960	961
26769	28	2867	960	961
10087	28	18890	960	961
6355	28	265	960	961
59969	28	104	960	961
16029	28	160	960	961
7697	28	676	960	961
7197	28	185	960	961
5491	28	283	960	961
10697	28	3205	960	961
19063	28	58134	960	961
9285	28	416	960	961
41852	28	1148	960	961
16053	28	922	960	961
5695	28	787	960	961
72405	28	108620	960	961
21638	28	136	960	961
11061	28	1027	960	961
21164	28	120	960	961
11474	28	12755	960	961
57792	28	699	960	961
90508	28	11331	960	961
32188	28	970	960	961
44180	28	1397	960	961
51563	28	2327	960	961
29925	28	3979	960	961
11618	28	140	960	961
28494	28	850	960	961
33084	28	61	960	961
20646	28	1751	960	961
37434	28	508	960	961
17152	28	922	960	961
11608	28	1496	960	961
7922	28	1033	960	961
41885	28	2688	960	961
17071	28	132	960	961
71920	14	86351	960	961
26311	28	1024	960	961
9563	28	198	960	961
18408	28	1221	960	961
44458	28	907	960	961
36059	28	1527	960	961
6628	28	31	960	961
37238	28	1196	960	961
47950	28	1325	960	961
63750	28	5115	960	961
9574	28	1090	960	961
43193	28	842	960	961
10031	28	3113	960	961
11691	28	1122	960	961
10467	28	2035	960	961
13665	28	233	960	961
93365	28	2621	960	961
38346	28	678	960	961
61542	28	1824	960	961
28038	28	1280	960	961
27014	28	557	960	961
19843	28	808	960	961
82480	28	718	960	961
34187	28	1218	960	961
4755	28	1506	960	961
16138	28	136	960	961
59000	28	1907	960	961
11039	28	2414	960	961
8808	28	150	960	961
17173	28	447	960	961
53605	28	866	960	961
29317	28	1531	960	961
26939	28	614	960	961
48176	28	1269	960	961
130257	28	1556	960	961
84682	28	3678	960	961
39463	28	136	960	961
22167	28	1659	960	961
81181	28	1623	960	961
28657	28	171	960	961
49172	28	3379	960	961
83470	28	11500	960	961
29309	28	77775	960	961
6387	28	1020	960	961
21898	28	610	960	961
10333	28	1169	960	961
69398	28	160	960	961
44947	28	714	960	961
56536	28	2467	960	961
19349	28	1032	960	961
14999	28	1394	960	961
6709	28	1411	960	961
153446	28	1127	960	961
34187	28	964	960	961
33075	28	1762	960	961
37659	28	659	960	961
56481	28	774	960	961
31448	28	87	960	961
49924	28	3212	960	961
21599	28	1529	960	961
9190	28	1230	960	961
15300	28	1082	960	961
28463	28	421	960	961
21432	28	70	960	961
68477	28	110522	960	961
35224	28	1665	960	961
123262	28	1294	960	961
10637	28	671	960	961
15730	28	1614	960	961
16604	28	754	960	961
20658	28	551	960	961
10210	28	291	960	961
29256	28	826	960	961
6078	28	158	960	961
36543	28	171	960	961
69411	28	1014	960	961
7912	28	535	960	961
32932	28	1232	960	961
6791	28	67	960	961
30248	28	2992	960	961
8336	28	56	960	961
14996	28	1741	960	961
11156	28	76	960	961
22650	28	333	960	961
9704	28	1185	960	961
14301	28	63	960	961
65256	28	508	960	961
104273	28	2207	960	961
8143	28	891	960	961
64429	28	3512	960	961
13885	28	2853	960	961
96113	28	273	960	961
53852	28	754	960	961
24376	28	608	960	961
19273	28	1233	960	961
29116	28	228	960	961
85694	28	5502	960	961
72933	28	413	960	961
44084	28	33999	960	961
87197	28	923	960	961
16970	28	1950	960	961
20227	28	1819	960	961
11348	28	1110	960	961
5968	28	109	960	961
9690	28	82	960	961
26764	28	2159	960	961
7201	28	3456	960	961
10095	28	1492	960	961
11262	28	573	960	961
48968	28	1067	960	961
42097	28	627	960	961
72904	28	1119	960	961
64794	28	14109	960	961
17568	28	132	960	961
102539	28	3584	960	961
18444	28	506	960	961
51308	28	1208	960	961
21380	28	159	960	961
54586	28	394	960	961
76054	28	1081	960	961
88285	28	1036	960	961
85770	28	610	960	961
5503	28	139	960	961
20634	28	891	960	961
28188	28	383	960	961
5662	28	433	960	961
21065	28	503	960	961
20225	28	1551	960	961
24659	28	1557	960	961
93258	28	2343	960	961
32139	28	3777	960	961
60228	28	1237	960	961
45321	28	592	960	961
21945	28	1204	960	961
20705	28	1023	960	961
32874	28	1778	960	961
21411	28	74	960	961
12300	28	476	960	961
36114	28	4696	960	961
12700	28	2062	960	961
59341	28	31	960	961
13294	28	564	960	961
14467	28	19	960	961
57549	28	5476	960	961
111804	28	45079	960	961
91321	28	1096	960	961
7099	28	528	960	961
10782	28	514	960	961
10012	28	147	960	961
9328	28	1333	960	961
12709	28	1532	960	961
68504	28	2867	960	961
38532	28	230	960	961
35958	28	1130	960	961
23291	28	215	960	961
43487	28	2553	960	961
92360	28	1639	960	961
30806	28	401	960	961
19246	28	11128	960	961
5640	28	1334	960	961
36625	28	575	960	961
12397	28	2061	960	961
107138	28	1882	960	961
84116	28	1765	960	961
56506	28	3125	960	961
5300	28	219	960	961
6487	28	16	960	961
6463	28	3145	960	961
37129	28	33	960	961
68905	28	5740	960	961
17320	28	2467	960	961
16870	28	1214	960	961
27904	28	1614	960	961
65901	28	125030	960	961
30188	28	2518	960	961
87468	28	796	960	961
20928	28	404	960	961
23688	28	2426	960	961
19587	28	51	960	961
35329	28	614	960	961
8776	28	462	960	961
41973	28	175	960	961
70279	28	413	960	961
77348	28	7895	960	961
9533	28	412	960	961
20017	28	292	960	961
15738	28	458	960	961
20283	28	1063	960	961
29668	28	2187	960	961
80416	28	1371	960	961
13571	28	242	960	961
20903	28	235	960	961
23948	28	532	960	961
10924	28	2023	960	961
10353	28	1712	960	961
12567	28	1589	960	961
49626	28	3002	960	961
17696	28	7612	960	961
17270	28	554	960	961
55408	28	53	960	961
26517	28	499	960	961
25412	28	259	960	961
32968	28	145	960	961
51237	28	6497	960	961
12003	28	292	960	961
26378	28	1074	960	961
55668	28	1672	960	961
25372	28	1231	960	961
17506	28	2553	960	961
18672	28	568	960	961
67834	28	889	960	961
10506	28	778	960	961
22357	28	551	960	961
35368	28	2311	960	961
36029	28	1027	960	961
17683	28	1057	960	961
35898	28	1457	960	961
8472	28	575	960	961
63864	28	1499	960	961
96864	28	23330	960	961
60944	28	478	960	961
19074	28	6018	960	961
28373	28	659	960	961
35843	28	1190	960	961
75715	28	5115	960	961
83108	28	754	960	961
6488	28	456	960	961
6444	28	871	960	961
18486	28	331	960	961
4887	28	73	960	961
14417	28	486	960	961
81043	28	463	960	961
11415	28	1333	960	961
18595	28	558	960	961
14261	28	15092	960	961
12321	28	309	960	961
16483	28	136	960	961
58750	28	44698	960	961
23420	28	690	960	961
15933	28	474	960	961
81600	28	1370	960	961
16600	28	379	960	961
52786	28	4232	960	961
110195	28	1563	960	961
4848	28	1640	960	961
9500	28	1122	960	961
42794	28	2668	960	961
6534	28	142	960	961
26672	28	347	960	961
42265	28	2768	960	961
38257	28	2189	960	961
78328	28	5619	960	961
33606	28	2956	960	961
18571	28	392	960	961
11795	28	17655	960	961
20385	28	236	960	961
27898	28	5512	960	961
17995	28	357	960	961
28562	28	1269	960	961
6640	28	1153	960	961
22499	28	1115	960	961
13668	28	1639	960	961
19428	28	634	960	961
12843	28	132	960	961
4996	28	80	960	961
10546	28	215	960	961
102870	28	1660	960	961
12115	28	1457	960	961
45832	28	910	960	961
14990	28	973	960	961
146253	28	5630	960	961
83089	28	1903	960	961
12245	28	82	960	961
8047	28	142	960	961
23164	28	251	960	961
4926	28	571	960	961
15135	28	489	960	961
15347	28	134	960	961
62512	28	150889	960	961
84463	28	2601	960	961
31222	28	5476	960	961
68351	28	1231	960	961
37012	28	123826	960	961
9853	28	91	960	961
7579	28	123	960	961
55072	28	380	960	961
6144	28	433	960	961
33432	28	1830	960	961
6793	28	843	960	961
54212	28	1137	960	961
10471	28	553	960	961
19830	28	1020	960	961
25266	28	675	960	961
23934	28	994	960	961
7690	28	86	960	961
43736	28	1656	960	961
17778	28	144	960	961
91260	28	527	960	961
10843	28	53	960	961
13961	28	325	960	961
12451	28	1960	960	961
17458	28	949	960	961
11603	28	3326	960	961
23910	28	30	960	961
20765	28	357	960	961
41795	28	1314	960	961
8751	28	628	960	961
27422	28	282	960	961
28097	28	759	960	961
7297	28	1172	960	961
12764	28	347	960	961
6196	28	36	960	961
8558	28	280	960	961
55260	28	1033	960	961
22403	28	4121	960	961
65191	28	2456	960	961
18511	28	803	960	961
110149	28	365	960	961
28712	28	570	960	961
7848	28	123	960	961
8361	28	129	960	961
6239	28	1175	960	961
21353	28	1402	960	961
12284	28	105	960	961
20248	28	9113	960	961
27720	28	1084	960	961
32303	28	569	960	961
83227	28	1592	960	961
14642	28	1027	960	961
11916	28	2011	960	961
45422	28	974	960	961
63448	28	1614	960	961
113214	28	2114	960	961
25617	28	1346	960	961
9851	28	7572	960	961
79049	28	7968	960	961
47687	28	1164	960	961
24913	28	47611	960	961
44693	28	38	960	961
53886	28	286	960	961
19131	28	1410	960	961
101224	28	1410	960	961
13595	28	126	960	961
77191	28	9234	960	961
36753	28	405	960	961
8727	28	8036	960	961
69985	28	1557	960	961
22882	28	22	960	961
26907	28	3678	960	961
12977	28	1099	960	961
20946	28	1308	960	961
33116	28	366	960	961
44660	28	848	960	961
33786	28	1359	960	961
26734	28	465	960	961
8220	28	1606	960	961
36787	28	188	960	961
6205	28	4639	960	961
43546	28	405	960	961
37412	28	1672	960	961
59875	28	1695	960	961
24499	28	1408	960	961
47257	28	646	960	961
76051	28	5354	960	961
28848	28	770	960	961
57893	28	1159	960	961
10084	28	8115	960	961
64392	28	2941	960	961
12610	28	617	960	961
9993	28	575	960	961
57804	28	4233	960	961
33838	28	1664	960	961
66402	28	8678	960	961
36896	28	3100	960	961
26252	28	979	960	961
11744	28	3141	960	961
22835	28	391	960	961
6235	28	979	960	961
39514	28	339	960	961
24909	28	114	960	961
16192	28	465	960	961
10408	28	1147	960	961
24616	28	1644	960	961
98535	28	2204	960	961
36931	28	1466	960	961
6350	28	511	960	961
11679	28	607	960	961
83257	28	1008	960	961
15187	28	55	960	961
30022	28	3319	960	961
16557	28	1304	960	961
127019	28	16747	960	961
55661	28	1609	960	961
65182	28	2668	960	961
8104	28	511	960	961
4911	28	51	960	961
18026	28	346	960	961
9313	28	1915	960	961
12779	28	894	960	961
28580	28	565	960	961
8525	28	215	960	961
26655	28	1915	960	961
17175	28	145	960	961
49606	28	2528	960	961
77931	28	1762	960	961
7976	28	134	960	961
20360	28	131	960	961
31857	28	1830	960	961
10827	28	478	960	961
74020	28	3002	960	961
13924	28	311	960	961
24554	28	817	960	961
21002	28	1730	960	961
111819	28	8198	960	961
7763	28	423	960	961
23719	28	7612	960	961
43615	28	1492	960	961
23234	28	19	960	961
19169	28	25841	960	961
13491	28	105	960	961
70321	28	1607	960	961
29527	28	5619	960	961
85310	28	1076	960	961
29506	28	635	960	961
20339	28	46	960	961
21041	28	61	960	961
33081	28	1399	960	961
53489	28	31722	960	961
18525	28	1841	960	961
21551	28	101	960	961
60347	28	503	960	961
27258	28	14167	960	961
11109	28	803	960	961
9935	28	716	960	961
16156	28	803	960	961
44622	28	8453	960	961
79527	28	162	960	961
18441	28	905	960	961
78233	28	56784	960	961
95508	28	1840	960	961
10258	28	1416	960	961
20209	28	1461	960	961
29697	28	808	960	961
13156	28	732	960	961
7353	28	503	960	961
10549	28	70	960	961
33019	28	49	960	961
17508	28	2766	960	961
10730	28	416	960	961
6013	28	109	960	961
78711	28	593	960	961
15471	28	787	960	961
64959	28	1002	960	961
12362	28	985	960	961
9462	28	609	960	961
26390	28	1234	960	961
10582	28	575	960	961
68143	28	177	960	961
33282	28	294	960	961
29302	28	3496	960	961
22524	28	3728	960	961
26991	28	5547	960	961
16425	28	2893	960	961
52897	28	1371	960	961
7770	28	31	960	961
67472	28	228	960	961
95145	28	1015	960	961
35228	28	104	960	961
61159	28	180	960	961
12680	28	339	960	961
51550	28	1704	960	961
12235	28	717	960	961
20853	28	1214	960	961
10070	28	4560	960	961
80435	28	1294	960	961
119379	28	1054	960	961
67374	28	2089	960	961
70311	28	51	960	961
59093	28	4353	960	961
51836	28	273	960	961
20170	28	2487	960	961
27219	28	2353	960	961
25856	28	56	960	961
21428	28	1116	960	961
5879	28	532	960	961
36821	28	1983	960	961
28885	28	5558	960	961
61557	28	2040	960	961
7197	28	572	960	961
44325	28	2068	960	961
11343	28	146	960	961
12878	28	846	960	961
37251	28	18890	960	961
29081	28	1211	960	961
4414	28	147	960	961
16631	28	14741	960	961
48738	28	5973	960	961
47430	28	1122	960	961
38665	28	1286	960	961
5992	28	899	960	961
89233	28	10190	960	961
40156	28	1148	960	961
5645	28	27	960	961
33255	28	1617	960	961
5099	28	74	960	961
47674	28	2577	960	961
31204	28	18357	960	961
47500	28	2051	960	961
8762	28	3431	960	961
16127	28	582	960	961
22895	28	1887	960	961
109483	28	1233	960	961
9316	28	1380	960	961
12569	28	405	960	961
30413	28	3995	960	961
15522	28	221	960	961
153960	28	707	960	961
64991	28	1340	960	961
33893	28	266	960	961
21548	28	2187	960	961
12025	28	167	960	961
8030	28	336	960	961
8526	28	51	960	961
23472	28	121	960	961
67472	28	1557	960	961
10706	28	694	960	961
11474	28	676	960	961
15334	28	924	960	961
12458	28	1275	960	961
15511	28	210	960	961
14571	28	623	960	961
4390	28	64	960	961
93979	28	1466	960	961
14898	28	83	960	961
11192	28	104	960	961
104878	28	54067	960	961
95693	28	7391	960	961
12374	28	1078	960	961
16640	28	211	960	961
14757	28	424	960	961
32170	28	9041	960	961
8703	28	891	960	961
10094	28	2688	960	961
6201	28	1819	960	961
40457	28	603	960	961
29108	28	732	960	961
62792	28	1751	960	961
23026	28	627	960	961
48017	28	621	960	961
28002	28	9879	960	961
51017	28	6380	960	961
16943	28	333	960	961
14468	28	170	960	961
19166	28	750	960	961
110222	28	40664	960	961
40992	28	1639	960	961
60283	28	2688	960	961
47897	28	1388	960	961
19305	28	31	960	961
11574	28	1009	960	961
48997	28	3496	960	961
22241	28	370	960	961
21999	28	3304	960	961
8054	28	107	960	961
78809	28	8436	960	961
24830	28	1096	960	961
19726	28	478	960	961
31525	28	435	960	961
93148	28	715	960	961
36501	28	2784	960	961
43374	28	2759	960	961
8865	28	1097	960	961
21096	28	524	960	961
6207	28	91	960	961
14946	28	1712	960	961
30681	28	1557	960	961
36705	28	2139	960	961
15417	28	43	960	961
35967	28	1669	960	961
11474	28	3002	960	961
109609	28	8931	960	961
7937	28	134	960	961
57919	28	1766	960	961
89762	28	568	960	961
17720	28	5665	960	961
42385	28	22176	960	961
36972	28	988	960	961
44668	28	3788	960	961
36063	28	120	960	961
10930	28	334	960	961
13930	28	55	960	961
81946	28	6135	960	961
8136	28	47	960	961
82490	28	1915	960	961
16872	28	1367	960	961
47610	28	1968	960	961
14631	28	1027	960	961
9855	28	583	960	961
17067	28	30	960	961
4839	28	88	960	961
4254	28	1365	960	961
66573	28	5381	960	961
19453	28	556	960	961
6603	28	89	960	961
23182	28	446	960	961
48684	28	586	960	961
26489	28	236	960	961
60155	28	81	960	961
38218	28	900	960	961
15387	28	215	960	961
9565	28	162	960	961
26384	28	3405	960	961
5708	28	890	960	961
99810	28	586	960	961
18721	28	1523	960	961
8056	28	628	960	961
13072	28	51425	960	961
6070	28	123	960	961
30953	28	2434	960	961
59867	28	860	960	961
66248	28	607	960	961
89212	28	3818	960	961
9775	28	66	960	961
12877	28	888	960	961
85863	28	4092	960	961
51408	28	439	960	961
29882	28	1358	960	961
83132	28	3884	960	961
6537	28	1466	960	961
53591	28	550	960	961
94406	28	848	960	961
8241	28	104	960	961
49486	28	1440	960	961
32325	28	2145	960	961
30185	28	1589	960	961
9005	28	786	960	961
29390	28	235	960	961
11301	28	65	960	961
14853	28	3362	960	961
26015	28	2320	960	961
76932	28	12636	960	961
24813	28	1091	960	961
61255	28	2089	960	961
30479	28	769	960	961
4874	28	107	960	961
41254	28	1243	960	961
28991	28	2215	960	961
22204	28	2061	960	961
28936	28	354	960	961
43076	28	89	960	961
69172	28	1305	960	961
11190	28	695	960	961
28712	28	45	960	961
13653	28	293	960	961
40657	28	4092	960	961
13088	28	211	960	961
5433	28	177	960	961
42964	28	2323	960	961
33770	28	14167	960	961
16429	28	111	960	961
48904	28	2714	960	961
11337	28	666	960	961
20875	28	8813	960	961
68009	28	78458	960	961
7441	28	83	960	961
17236	28	4200	960	961
40376	28	3113	960	961
14885	28	574	960	961
12118	28	332	960	961
30452	28	1773	960	961
6389	28	554	960	961
16719	28	54	960	961
50329	28	1853	960	961
12734	28	178	960	961
9822	28	5197	960	961
104626	28	565	960	961
20159	28	377	960	961
40832	28	984	960	961
75250	28	986	960	961
6911	28	86	960	961
6218	28	112	960	961
10659	28	1981	960	961
65693	28	496	960	961
17086	28	1305	960	961
6190	28	1351	960	961
39706	28	1727	960	961
86105	28	786	960	961
21210	28	1078	960	961
14942	28	49	960	961
48758	28	7474	960	961
12384	28	3004	960	961
29467	28	423	960	961
109782	28	20927	960	961
35735	28	202	960	961
60115	28	2966	960	961
54300	28	2348	960	961
24696	28	4910	960	961
20041	28	235	960	961
4464	28	86	960	961
31168	28	592	960	961
15144	28	1167	960	961
90879	28	3113	960	961
39344	28	489	960	961
24663	28	1027	960	961
9223	28	57	960	961
22236	28	451	960	961
12435	28	222	960	961
56617	28	4895	960	961
45216	28	363	960	961
27174	28	2452	960	961
13591	28	2086	960	961
108473	28	1617	960	961
6903	28	437	960	961
14918	28	615	960	961
28738	28	634	960	961
23832	28	404	960	961
10829	28	442	960	961
91636	28	1280	960	961
10539	28	79	960	961
85491	28	477	960	961
22787	28	1096	960	961
76905	28	565	960	961
108220	28	2553	960	961
24080	28	153	960	961
8515	28	295	960	961
12481	28	657	960	961
4932	28	19	960	961
13991	28	1467	960	961
13751	28	462	960	961
39440	28	501	960	961
149815	28	410	960	961
79118	28	3113	960	961
11026	28	1833	960	961
14706	28	1245	960	961
40317	28	565	960	961
17874	28	1213	960	961
16559	28	1208	960	961
21653	28	81	960	961
24522	28	2349	960	961
15809	28	416	960	961
57052	28	42	960	961
40644	28	940	960	961
12367	28	2608	960	961
8224	28	1563	960	961
16749	28	2270	960	961
80134	28	35860	960	961
72702	28	752	960	961
24528	28	558	960	961
13542	28	313	960	961
155488	28	4803	960	961
12786	28	3174	960	961
34051	28	672	960	961
90337	28	719	960	961
9670	28	257	960	961
44210	28	1691	960	961
130475	28	1691	960	961
15293	28	28238	960	961
26856	28	1027	960	961
49545	28	608	960	961
32236	28	309	960	961
11045	28	717	960	961
14051	28	408	960	961
12735	28	598	960	961
14582	28	134	960	961
13906	28	710	960	961
28139	28	575	960	961
47966	28	1499	960	961
68234	28	60357	960	961
16975	28	39	960	961
5272	28	431	960	961
20340	28	168	960	961
36420	28	2353	960	961
15497	28	400	960	961
130922	28	565	960	961
19456	28	719	960	961
9657	28	310	960	961
14661	28	57	960	961
92400	28	145	960	961
9728	28	2214	960	961
55624	28	2627	960	961
10718	28	328	960	961
42503	28	967	960	961
10027	28	569	960	961
51504	28	686	960	961
8271	28	839	960	961
23904	28	3508	960	961
28766	28	255	960	961
39597	28	1455	960	961
20443	28	560	960	961
54479	28	14109	960	961
86859	28	2540	960	961
32300	28	50991	960	961
23264	28	1833	960	961
23105	28	57771	960	961
18463	28	627	960	961
84137	28	4481	960	961
31863	28	1312	960	961
22955	28	1146	960	961
9428	28	985	960	961
15982	28	1171	960	961
16256	28	748	960	961
16850	28	1640	960	961
17829	28	1210	960	961
11431	28	134	960	961
4222	28	48	960	961
5126	28	703	960	961
55557	28	2366	960	961
72716	28	469	960	961
14333	28	206	960	961
80581	28	7572	960	961
11746	28	282	960	961
36743	28	171	960	961
84503	28	22998	960	961
8547	28	1254	960	961
51197	28	557	960	961
4887	28	82	960	961
74007	28	780	960	961
12290	28	1306	960	961
35623	28	1715	960	961
19798	28	331	960	961
59475	28	1557	960	961
27875	28	191	960	961
24562	28	1331	960	961
18463	28	185	960	961
21519	28	485	960	961
10105	28	235	960	961
35444	28	58	960	961
40818	28	2703	960	961
33820	28	1840	960	961
7431	28	1693	960	961
15445	28	57	960	961
59757	28	686	960	961
11628	28	401	960	961
33921	28	141	960	961
19518	28	1477	960	961
36053	28	386	960	961
42520	28	303	960	961
8194	28	38	960	961
20759	28	1513	960	961
10303	28	596	960	961
27187	28	882	960	961
44603	28	169	960	961
54235	28	1107	960	961
17897	28	132	960	961
73316	28	894	960	961
38659	28	129	960	962
11196	28	1336	960	962
82218	28	609	960	962
9074	28	76	960	962
8348	28	102	960	962
24732	28	1730	960	962
33353	28	564	960	962
8398	28	1567	960	962
131238	28	16414	960	962
24890	28	196	960	962
12842	28	795	960	962
11321	28	186	960	962
21834	28	398	960	962
29156	28	681	960	962
33612	28	586	960	962
11370	28	165	960	962
45173	28	143	960	962
33690	28	1043	960	962
33691	28	30	960	962
29262	28	1649	960	962
12939	28	387	960	962
45276	28	1160	960	962
19023	28	150	960	962
39337	28	131	960	962
11475	28	451	960	962
82945	28	515	960	962
52745	28	756	960	962
22133	28	354	960	962
6335	28	215	960	962
83009	28	330	960	962
5397	28	239	960	962
83308	28	1139	960	962
53089	28	1613	960	962
25563	28	224	960	962
39669	28	292	960	962
61817	28	159	960	962
18790	28	1249	960	962
53353	28	2048	960	962
9346	28	1011	960	962
61833	28	1083	960	962
30029	28	370	960	962
30139	28	62256	960	962
40117	28	1358	960	962
72309	28	3949	960	962
26066	28	674	960	962
33856	28	780	960	962
6701	28	940	960	962
26106	28	1314	960	962
72419	28	965	960	962
30308	28	718	960	962
11927	28	103	960	962
29174	28	3242	960	962
9633	28	1655	960	962
19857	28	883	960	962
13494	28	263	960	962
17327	28	203	960	962
22427	28	506	960	962
30576	28	315	960	962
12060	28	66	960	962
14557	28	3242	960	962
17419	28	77	960	962
26606	28	530	960	962
23095	28	3316	960	962
13597	28	286	960	962
26667	28	321	960	962
41005	28	395	960	962
15412	28	2045	960	962
41143	28	885	960	962
63607	28	1935	960	962
114786	28	1430	960	962
54905	28	9338	960	962
85414	28	1613	960	962
46503	28	1266	960	962
133647	28	809	960	962
47604	28	463	960	962
26926	28	628	960	962
14469	28	695	960	962
41445	28	1918	960	962
55240	28	878	960	962
47838	28	856	960	962
46892	28	3739	960	962
84940	28	364	960	962
15595	28	69	960	962
85920	28	27093	960	962
83632	28	3870	960	962
17048	28	3265	960	962
41035	28	1572	960	962
39645	28	780	960	962
7328	28	80	960	962
7485	28	315	960	962
4360	28	619	960	962
16322	28	31393	960	962
27256	28	1009	960	962
25558	28	1400	960	962
55653	28	647	960	962
19117	28	832	960	962
10922	28	65	960	962
6986	28	829	960	962
23697	28	95	960	962
39302	28	1148	960	962
22785	28	741	960	962
6189	28	78	960	962
15745	28	1245	960	962
22023	28	885	960	962
23764	28	778	960	962
15722	28	1731	960	962
29541	28	1763	960	962
19923	28	178	960	962
33901	28	2024	960	962
31669	28	994	960	962
30541	28	2867	960	962
15596	28	1796	960	962
47584	28	1025	960	962
75042	28	514	960	962
56133	28	7723	960	962
48564	28	1801	960	962
14817	28	292	960	962
87027	28	725	960	962
26559	28	708	960	962
75300	28	670	960	962
25512	28	63	960	962
19450	28	390	960	962
36708	28	61	960	962
18013	28	1951	960	962
65348	28	1666	960	962
9850	28	91	960	962
9938	28	1020	960	962
64905	28	796	960	962
87470	28	394	960	962
135508	28	71	960	962
25048	28	558	960	962
56672	28	2022	960	962
28993	28	261	960	962
27860	28	346	960	962
29786	28	1031	960	962
19754	28	319	960	962
21056	28	199	960	962
54013	28	525	960	962
5620	28	199	960	962
11720	28	74	960	962
65818	28	15969	960	962
42702	28	3583	960	962
13998	28	42	960	962
40769	28	135919	960	962
4734	28	445	960	962
88000	28	1119	960	962
15014	28	231	960	962
5546	28	629	960	962
101647	28	587	960	962
32243	28	1664	960	962
14258	28	4866	960	962
88167	28	37178	960	962
88170	28	4233	960	962
7956	28	123	960	962
22480	28	609	960	962
17183	28	154	960	962
17886	28	615	960	962
66176	28	1557	960	962
84849	28	42899	960	962
23428	28	1404	960	962
57190	28	14030	960	962
9729	28	603	960	962
76112	28	1105	960	962
27449	28	1227	960	962
23580	28	418	960	962
66272	28	423	960	962
48413	28	162	960	962
13692	28	907	960	962
30521	28	304	960	962
13840	28	842	960	962
48495	28	40	960	962
49623	28	294	960	962
20897	28	79	960	962
85621	28	3400	960	962
18238	28	1266	960	962
29040	28	87	960	962
12138	28	3786	960	962
43148	28	252	960	962
15595	28	24	960	962
48344	28	255	960	962
14228	28	1430	960	962
12900	28	87	960	962
16075	28	321	960	962
48317	28	354	960	962
44878	28	1047	960	962
33412	28	1121	960	962
52117	28	920	960	962
8380	28	971	960	962
44931	28	2414	960	962
7632	28	2011	960	962
16341	28	556	960	962
70767	28	492	960	962
16541	28	597	960	962
18731	28	152	960	962
89086	28	1388	960	962
29423	28	670	960	962
102785	28	4866	960	962
16595	28	45	960	962
19219	28	983	960	962
16780	28	65	960	962
57788	28	2152	960	962
14600	28	875	960	962
19134	28	837	960	962
19129	28	5994	960	962
34255	28	1199	960	962
25453	28	989	960	962
29673	28	714	960	962
16813	28	293	960	962
38864	28	531	960	962
25758	28	2456	960	962
22357	28	67	960	962
87544	28	156	960	962
34369	28	716	960	962
25556	28	422	960	962
83912	28	1152	960	962
14262	28	1160	960	962
40125	28	2912	960	962
15034	28	716	960	962
19425	28	24	960	962
138148	28	24824	960	962
11828	28	1242	960	962
11930	28	619	960	962
53912	28	2598	960	962
17314	28	411	960	962
10673	28	275	960	962
53672	28	598	960	962
18691	28	64	960	962
35045	28	609	960	962
53714	28	1414	960	962
56402	28	753	960	962
33577	28	484	960	962
8560	28	1047	960	962
90214	28	411	960	962
13533	28	277	960	962
40195	28	996	960	962
20141	28	8809	960	962
45769	28	19984	960	962
9273	28	1796	960	962
36479	28	1119	960	962
13630	28	219	960	962
16380	28	841	960	962
19542	28	63	960	962
12129	28	1723	960	962
17587	28	132	960	962
18726	28	624	960	962
22899	28	1773	960	962
20252	28	634	960	962
17650	28	524	960	962
10863	28	65	960	962
35985	28	242	960	962
5501	28	178	960	962
15564	28	64	960	962
20486	28	9333	960	962
23561	28	354	960	962
23441	28	238	960	962
30234	28	26134	960	962
8171	28	44	960	962
38865	28	6015	960	962
11897	28	570	960	962
36173	28	119	960	962
17762	28	942	960	962
52904	28	2154	960	962
13611	28	74702	960	962
12351	28	153	960	962
121127	28	5279	960	962
10952	28	3051	960	962
8620	28	1993	960	962
19600	28	99	960	962
23400	28	230	960	962
36377	28	3268	960	962
23755	28	230	960	962
30341	28	2414	960	962
27428	28	1455	960	962
47856	28	252	960	962
12187	28	1962	960	962
8949	28	74	960	962
48606	28	436	960	962
75040	28	792	960	962
34936	28	1218	960	962
9940	28	30	960	962
23832	28	22	960	962
29687	28	266	960	962
31686	28	3268	960	962
71314	28	12801	960	962
89006	28	140072	960	962
45251	28	3276	960	962
42166	28	926	960	962
36575	28	371	960	962
56391	28	353	960	962
45193	28	2997	960	962
47653	28	286	960	962
82437	28	3739	960	962
17551	28	2086	960	962
5950	28	245	960	962
7817	28	894	960	962
48022	28	891	960	962
78331	28	1677	960	962
26558	28	2553	960	962
56342	28	837	960	962
43856	28	496	960	962
13321	28	19749	960	962
31924	28	143	960	962
36791	28	1909	960	962
30124	28	216	960	962
25117	28	104	960	962
56687	28	390	960	962
42477	28	1783	960	962
15424	28	24	960	962
67776	28	1522	960	962
11031	28	704	960	962
67824	28	6822	960	962
24037	28	2027	960	962
49648	28	1006	960	962
96308	28	5381	960	962
46425	28	1423	960	962
32139	28	235	960	962
49235	28	2838	960	962
15303	28	95	960	962
36627	28	1850	960	962
87698	28	6497	960	962
34006	28	6497	960	962
21152	28	647	960	962
14868	28	1951	960	962
27273	28	1882	960	962
47795	28	744	960	962
106250	28	649	960	962
16996	28	318	960	962
37305	28	668	960	962
5918	28	1155	960	962
18013	28	140	960	962
20721	28	911	960	962
36673	28	1171	960	962
12980	28	159	960	962
43000	28	760	960	962
22660	28	275	960	962
73158	28	377	960	962
55812	28	1594	960	962
11883	28	1519	960	962
19786	28	2234	960	962
8283	28	751	960	962
7070	28	69	960	962
12090	28	20365	960	962
45042	28	16107	960	962
12931	28	748	960	962
36953	28	1557	960	962
14689	28	292	960	962
44018	28	1259	960	962
16178	28	353	960	962
20934	28	659	960	962
13964	28	660	960	962
28488	28	1675	960	962
9002	28	219	960	962
7854	28	718	960	962
73436	28	1981	960	962
29591	28	1431	960	962
23440	28	146	960	962
9885	28	30	960	962
42430	28	45	960	962
32291	28	273	960	962
24490	28	593	960	962
66857	28	1033	960	962
18949	28	85	960	962
36002	28	222	960	962
5324	28	33	960	962
6870	28	556	960	962
25817	28	2624	960	962
20403	28	1962	960	962
142479	28	5758	960	962
85862	28	2151	960	962
21489	28	145	960	962
26324	28	469	960	962
22622	28	925	960	962
73646	28	38889	960	962
13108	28	44	960	962
89619	28	3798	960	962
82642	28	25145	960	962
64304	28	708	960	962
21059	28	582	960	962
24042	28	2768	960	962
8263	28	36	960	962
74858	28	2607	960	962
106676	28	568	960	962
23939	28	263	960	962
52706	28	3403	960	962
15994	28	2426	960	962
58860	28	610	960	962
27369	28	940	960	962
29894	28	4979	960	962
106347	28	2089	960	962
49321	28	2408	960	962
28684	28	739	960	962
70929	28	77	960	962
31800	28	87	960	962
22776	28	951	960	962
8944	28	63	960	962
18254	28	120	960	962
66355	28	1833	960	962
50847	28	4620	960	962
34074	28	398	960	962
47542	28	942	960	962
17171	28	1410	960	962
28574	28	905	960	962
27746	28	1430	960	962
31955	28	1980	960	962
4428	28	166	960	962
92922	28	5853	960	962
37220	28	1403	960	962
17020	28	136	960	962
36220	28	1173	960	962
69434	28	603	960	962
72487	28	1363	960	962
16173	28	8436	960	962
16909	28	832	960	962
7941	28	798	960	962
19312	28	317	960	962
22705	28	500	960	962
93475	28	1015	960	962
69364	28	1007	960	962
42094	28	715	960	962
30796	28	159	960	962
10882	28	1653	960	962
12693	28	1321	960	962
10663	28	55	960	962
10453	28	160	960	962
38420	28	402	960	962
12822	28	1312	960	962
8979	28	325	960	962
31488	28	1417	960	962
13837	28	244	960	962
9806	28	146	960	962
67127	1	122078	960	962
14968	28	231	960	962
10902	28	1420	960	962
9172	28	1275	960	962
14918	28	485	960	962
33176	28	908	960	962
67546	28	86	960	962
108473	28	2131	960	962
7432	28	272	960	962
24729	28	598	960	962
69674	28	99	960	962
51373	28	539	960	962
16758	28	133	960	962
14969	28	1519	960	962
31464	28	751	960	962
77601	28	2319	960	962
18497	28	234	960	962
10301	28	27	960	962
30451	28	1360	960	962
10481	28	1067	960	962
7330	28	2678	960	962
23393	28	1951	960	962
6277	28	40	960	962
25752	28	379	960	962
23663	28	616	960	962
30965	28	5432	960	962
36195	28	5665	960	962
25628	28	2227	960	962
53591	28	1752	960	962
59791	28	150	960	962
38039	28	5279	960	962
75433	28	1981	960	962
13941	28	536	960	962
55664	28	1067	960	962
24021	28	260	960	962
77429	28	2276	960	962
19990	28	162	960	962
18935	28	485	960	962
56267	28	10888	960	962
25981	28	167	960	962
92036	28	3416	960	962
27440	28	334	960	962
7358	28	158	960	962
15921	28	826	960	962
9061	28	1684	960	962
51093	28	1185	960	962
12367	28	383	960	962
28856	28	1395	960	962
40727	28	291	960	962
14310	28	1354	960	962
12571	28	53	960	962
48172	28	2854	960	962
6958	28	1923	960	962
37218	28	883	960	962
19215	28	86	960	962
13750	28	317	960	962
24157	28	4917	960	962
5747	28	1619	960	962
93098	28	458	960	962
6430	28	1314	960	962
13948	28	514	960	962
24658	28	149	960	962
28588	28	922	960	962
17811	28	199	960	962
19247	28	256	960	962
29209	28	170	960	962
26100	28	911	960	962
31214	28	211	960	962
123016	28	4729	960	962
28944	28	991	960	962
93921	28	15489	960	962
126305	28	71	960	962
6326	28	1950	960	962
18970	28	191	960	962
29772	28	806	960	962
17285	28	152	960	962
38078	28	1751	960	962
20701	28	1444	960	962
15221	28	71	960	962
24695	28	715	960	962
10284	28	2897	960	962
45819	28	841	960	962
8747	28	743	960	962
54291	28	416	960	962
8337	28	98	960	962
80413	28	453	960	962
36832	28	354	960	962
37049	28	1692	960	962
51091	28	3868	960	962
60923	28	1677	960	962
79988	28	2577	960	962
113150	28	1175	960	962
18435	28	927	960	962
7553	28	81	960	962
68960	28	1059	960	962
20335	28	1950	960	962
11379	28	74	960	962
41569	28	5351	960	962
80413	28	2943	960	962
32340	28	1499	960	962
47923	28	400	960	962
42758	28	2585	960	962
55779	28	2434	960	962
108319	28	1462	960	962
8184	28	30	960	962
10218	28	384	960	962
9868	28	371	960	962
12706	28	193	960	962
10852	28	1640	960	962
23455	28	2088	960	962
27183	28	911	960	962
120846	28	5279	960	962
18698	28	511	960	962
40547	28	2534	960	962
63333	28	2903	960	962
10128	28	1118	960	962
38250	28	2289	960	962
71606	28	1363	960	962
44052	28	114	960	962
14978	28	3671	960	962
81566	28	2602	960	962
9187	28	416	960	962
13230	28	110	960	962
81232	28	781	960	962
28666	28	31	960	962
24526	28	872	960	962
59651	28	87	960	962
51184	28	232	960	962
17891	28	1325	960	962
16344	28	518	960	962
16787	28	6055	960	962
19358	28	1444	960	962
18757	28	469	960	962
24962	28	1839	960	962
59709	28	906	960	962
14530	28	856	960	962
23772	28	940	960	962
20115	28	2376	960	962
18080	28	366	960	962
10239	28	940	960	962
44163	28	501	960	962
8800	28	495	960	962
68746	28	1056	960	962
91273	28	20481	960	962
72038	28	1731	960	962
32888	28	792	960	962
25244	28	3671	960	962
20352	28	1020	960	962
94762	28	1753	960	962
85437	28	5643	960	962
92924	28	3987	960	962
11674	28	126	960	962
50846	28	3700	960	962
34745	28	407	960	962
44381	28	3707	960	962
17906	28	134	960	962
18895	28	1317	960	962
25878	28	914	960	962
59983	28	3949	960	962
6284	28	67	960	962
15918	28	901	960	962
147464	23	56354	960	962
11206	28	1222	960	962
17770	28	583	960	962
17364	28	422	960	962
11360	28	2139	960	962
16999	28	303	960	962
9824	28	174	960	962
16464	28	551	960	962
8197	28	954	960	962
20369	28	608	960	962
36277	28	1407	960	962
28208	28	170	960	962
40695	28	1112	960	962
17904	28	696	960	962
13420	28	355	960	962
26125	28	167	960	962
17252	28	400	960	962
39606	28	1962	960	962
35996	28	5185	960	962
58925	28	3242	960	962
74689	28	144	960	962
79192	28	402	960	962
28702	28	2604	960	962
28626	28	2399	960	962
11873	28	101	960	962
10067	28	499	960	962
12341	28	149	960	962
17904	28	890	960	962
17659	28	715	960	962
11540	28	283	960	962
28404	28	274	960	962
12705	28	1412	960	962
13511	28	366	960	962
12697	28	289	960	962
105694	28	454	960	962
22143	28	572	960	962
81443	28	67	960	962
20732	28	1098	960	962
63239	28	1465	960	962
33067	28	368	960	962
22141	28	345	960	962
30856	28	267	960	962
34809	28	111	960	962
30536	28	1331	960	962
73687	28	6016	960	962
71160	28	358	960	962
23279	28	485	960	962
30668	28	676	960	962
11620	28	291	960	962
43693	28	3151	960	962
63323	28	3959	960	962
83385	28	1417	960	962
32941	28	47	960	962
28881	28	3621	960	962
36837	28	1234	960	962
23419	28	12845	960	962
9132	28	717	960	962
22332	28	49	960	962
10937	28	1049	960	962
45229	28	1365	960	962
50994	28	2956	960	962
15603	28	453	960	962
23286	28	88	960	962
29530	28	1833	960	962
23593	28	514	960	962
31959	28	5619	960	962
38054	28	368	960	962
24607	28	718	960	962
23860	28	1238	960	962
19248	28	608	960	962
36508	28	1213	960	962
24082	28	706	960	962
28744	28	422	960	962
28098	28	412	960	962
122172	28	3648	960	962
84795	28	2434	960	962
44614	28	3113	960	962
21001	28	527	960	962
51754	28	988	960	962
21391	28	1253	960	962
38532	28	808	960	962
68468	28	2956	960	962
12361	28	56	960	962
12029	28	88	960	962
31190	28	661	960	962
118599	28	2957	960	962
18946	28	310	960	962
110766	28	2843	960	962
11635	28	5606	960	962
18418	28	178	960	962
61313	28	1964	960	962
15401	28	551	960	962
52216	28	714	960	962
35782	28	1695	960	962
60788	28	718	960	962
79562	28	2152	960	962
32172	28	1199	960	962
32150	28	793	960	962
29139	28	156	960	962
59797	28	1122	960	962
9399	28	759	960	962
68463	28	692	960	962
24118	28	69	960	962
5671	28	1071	960	962
30256	28	4387	960	962
50902	28	2766	960	962
20575	28	38	960	962
74387	28	1624	960	962
88396	28	587	960	962
14865	28	201	960	962
44329	28	14109	960	962
26843	28	996	960	962
80075	28	919	960	962
16203	28	198	960	962
14784	28	22	960	962
11749	28	911	960	962
4598	28	1813	960	962
15855	28	378	960	962
32910	28	144	960	962
23017	28	280	960	962
24687	28	556	960	962
47457	28	3073	960	962
37022	28	525	960	962
8768	28	43	960	962
92161	28	273	960	962
91173	28	1767	960	962
89808	28	9338	960	962
27244	28	390	960	962
13178	28	407	960	962
44530	28	201	960	962
12364	28	483	960	962
21599	28	1112	960	962
45154	28	792	960	962
41510	28	1020	960	962
96037	28	1834	960	962
14525	28	609	960	962
21608	28	100	960	962
34838	28	2156	960	962
30976	28	1557	960	962
20479	28	1478	960	962
38328	28	240	960	962
14089	28	313	960	962
78240	28	991	960	962
64745	28	1659	960	962
73194	28	13499	960	962
30375	28	756	960	962
68328	28	2481	960	962
26329	28	46	960	962
13425	28	593	960	962
24301	28	436	960	962
36601	28	927	960	962
37768	28	2809	960	962
51183	28	136	960	962
14303	28	1245	960	962
14175	28	787	960	962
68974	28	171	960	962
36300	28	1117	960	962
33273	28	98	960	962
34460	28	753	960	962
55282	28	1408	960	962
36980	28	477	960	962
9918	28	416	960	962
8378	28	174	960	962
8121	28	627	960	962
6776	28	494	960	962
55588	28	1809	960	962
33845	28	533	960	962
18807	28	1359	960	962
42535	28	2148	960	962
18259	28	31	960	962
22014	28	1567	960	962
12195	28	1080	960	962
81313	28	33	960	962
70538	28	1960	960	962
63185	28	51	960	962
9947	28	975	960	962
11898	28	77	960	962
30067	28	1532	960	962
22883	28	890	960	962
26804	28	770	960	962
8044	28	248	960	962
28785	28	1266	960	962
25760	28	388	960	962
24976	28	1402	960	962
7456	28	2955	960	962
11889	28	52	960	962
30808	28	1063	960	962
102833	28	136	960	962
43023	28	192	960	962
23762	28	1055	960	962
22499	28	185	960	962
98997	28	415	960	962
19752	28	1110	960	962
12175	28	2569	960	962
28693	28	1218	960	962
23857	28	24	960	962
33749	28	198	960	962
25181	28	159	960	962
45285	28	1659	960	962
88499	28	1613	960	962
38200	28	629	960	962
10157	28	1170	960	962
15667	28	134	960	962
26888	28	1023	960	962
79990	28	2093	960	962
57390	28	994	960	962
11724	28	446	960	962
69139	28	671	960	962
42686	28	883	960	962
13953	28	250	960	962
44531	28	2777	960	962
10088	28	572	960	962
13164	28	535	960	962
17844	28	169	960	962
77026	28	165	960	962
44944	28	111	960	962
29811	28	155	960	962
39978	28	1796	960	962
36553	28	756	960	962
4470	28	215	960	962
15064	28	146	960	962
31834	28	1007	960	962
11275	28	1853	960	962
49470	28	673	960	962
11514	28	1833	960	962
57868	28	888	960	962
9258	28	156	960	962
10775	28	181	960	962
13679	28	1207	960	962
14899	28	141	960	962
27272	28	154	960	962
70571	28	5508	960	962
66934	28	2338	960	962
17432	28	940	960	962
9800	28	41	960	962
9571	28	221	960	962
51350	28	919	960	962
13822	28	792	960	962
59825	28	2187	960	962
36631	28	52	960	962
47709	28	1006	960	962
18390	28	95	960	962
67506	28	913	960	962
18171	28	185	960	962
51947	28	255	960	962
86978	28	914	960	962
44728	28	48	960	962
95302	28	1177	960	962
46242	28	1092	960	962
10844	28	23	960	962
11260	28	596	960	962
16808	28	524	960	962
11665	28	120	960	962
20812	28	972	960	962
41651	28	759	960	962
10284	28	808	960	962
46547	28	3212	960	962
40265	28	4551	960	962
45930	28	216	960	962
76542	28	1675	960	962
50852	28	1173	960	962
82073	28	461	960	962
45577	28	276	960	962
23954	28	1544	960	962
24846	28	109	960	962
46128	28	3073	960	962
71199	28	6560	960	962
41866	28	370	960	962
23251	28	530	960	962
9562	28	1139	960	962
19756	28	981	960	962
13981	28	2414	960	962
15764	28	321	960	962
43190	28	669	960	962
32769	28	1182	960	962
12360	28	165	960	962
18623	28	984	960	962
56227	28	1542	960	962
68320	28	1095	960	962
23902	28	489	960	962
38309	28	965	960	962
6130	28	571	960	962
49493	28	866	960	962
44165	28	2963	960	962
77804	28	3936	960	962
12704	28	122	960	962
17796	28	66	960	962
24172	28	1617	960	962
18669	28	1094	960	962
6532	28	85	960	962
71767	28	740	960	962
7969	28	80	960	962
14019	28	1335	960	962
10109	28	994	960	962
13358	28	104	960	962
23379	28	4068	960	962
72156	28	2024	960	962
22986	28	582	960	962
93667	28	112	960	962
59847	28	1938	960	962
35839	28	1007	960	962
27526	28	1129	960	962
18659	28	624	960	962
12874	28	2289	960	962
14833	28	242	960	962
87872	28	5070	960	962
22488	28	132	960	962
10067	28	649	960	962
13344	28	3269	960	962
39724	28	619	960	962
16582	28	1606	960	962
21781	28	741	960	962
26261	28	111	960	962
8046	28	92	960	962
22321	28	1960	960	962
64547	28	23220	960	962
9601	28	1589	960	962
32975	28	499	960	962
5929	28	238	960	962
16924	28	144	960	962
26231	28	1556	960	962
11642	28	156	960	962
33496	28	1245	960	962
23730	28	2970	960	962
92544	28	313	960	962
19737	28	161	960	962
22976	28	1718	960	962
7936	28	625	960	962
91730	28	8036	960	962
95205	28	632	960	962
53623	28	309	960	962
67894	28	1589	960	962
28977	28	433	960	962
45500	28	740	960	962
78566	28	8813	960	962
8666	28	44	960	962
73990	28	1294	960	962
49009	28	1163	960	962
13060	28	1349	960	962
111019	28	1028	960	962
74908	28	1547	960	962
19045	28	1170	960	962
5027	28	2564	960	962
39320	28	916	960	962
25395	28	2153	960	962
20893	28	365	960	962
14884	28	875	960	962
26560	28	2172	960	962
70380	28	4200	960	962
49876	28	267	960	962
72287	28	1053	960	962
61642	28	720	960	962
33931	28	3099	960	962
26147	28	254	960	962
20393	28	1249	960	962
12403	28	1067	960	962
5961	28	696	960	962
67051	28	400	960	962
41589	28	558	960	962
11264	28	1015	960	962
21452	28	1333	960	962
7145	28	1161	960	962
11193	28	617	960	962
26702	28	4319	960	962
78896	28	4854	960	962
18428	28	1924	960	962
11406	28	91	960	962
16358	28	273	960	962
61889	28	2408	960	962
5729	28	114	960	962
38615	28	578	960	962
13059	28	1723	960	962
22540	28	429	960	962
32932	28	3349	960	962
59703	28	4031	960	962
59005	28	1185	960	962
26007	28	3583	960	962
100694	28	755	960	962
35508	28	1722	960	962
66344	28	1609	960	962
17033	28	437	960	962
25731	28	1309	960	962
30733	28	181	960	962
12624	28	422	960	962
16691	28	3496	960	962
46786	28	766	960	962
36506	28	759	960	962
38526	28	675	960	962
38887	28	214	960	962
15790	28	1951	960	962
110281	28	2280	960	962
6765	28	1253	960	962
10096	28	3456	960	962
10558	28	154	960	962
51270	28	123	960	962
18160	28	119	960	962
67951	28	1266	960	962
13717	28	9338	960	962
7711	28	872	960	962
25175	28	321	960	962
88866	28	754	960	962
17172	28	250	960	962
17570	28	1121	960	962
86430	28	1435	960	962
19189	28	1965	960	962
12269	28	383	960	962
4981	28	1043	960	962
28469	28	603	960	962
53430	28	1306	960	962
48346	28	9129	960	962
87433	28	2735	960	962
6181	28	289	960	962
20165	28	253	960	962
22158	28	1074	960	962
50068	28	1032	960	962
47744	28	1136	960	962
104238	28	802	960	962
60144	28	282	960	962
80596	28	2569	960	962
30748	28	2467	960	962
6851	28	971	960	962
82382	28	2604	960	962
39659	28	817	960	962
21273	28	1336	960	962
51054	28	4203	960	962
17623	28	89	960	962
14606	28	257	960	962
35049	28	203	960	962
7011	28	642	960	962
28552	28	354	960	962
34253	28	1399	960	962
57833	28	1835	960	962
16588	28	972	960	962
96026	28	55263	960	962
5620	28	1413	960	962
8294	28	357	960	962
35935	28	2376	960	962
71472	28	1400	960	962
9634	28	629	960	962
38792	28	231	960	962
39666	28	242	960	962
81658	28	14560	960	962
11661	28	595	960	962
7398	28	80	960	962
17596	28	908	960	962
40885	28	407	960	962
7843	28	1210	960	962
15372	28	988	960	962
63156	28	1317	960	962
56374	28	989	960	962
28632	28	99	960	962
30475	28	1549	960	962
15619	28	88	960	962
32256	28	13499	960	962
44712	28	327	960	962
32128	28	624	960	962
127102	28	907	960	962
20555	28	1698	960	962
16263	28	114	960	962
49551	28	753	960	962
12303	28	805	960	962
38965	28	255	960	962
46001	28	1028	960	962
101407	28	2992	960	962
11964	28	575	960	962
50096	28	188	960	962
22728	28	4068	960	962
98824	28	1559	960	962
48068	28	793	960	962
17474	28	462	960	962
94244	28	3350	960	962
32953	28	1990	960	962
17477	28	1025	960	962
27964	28	740	960	962
12460	28	469	960	962
62345	28	2083	960	962
9820	28	67	960	962
18399	28	72	960	962
27657	28	649	960	962
6182	28	104	960	962
18076	28	1883	960	962
95082	28	1755	960	962
9886	28	1171	960	962
29204	28	266	960	962
76275	28	797	960	962
78252	28	2209	960	962
38459	28	215	960	962
47361	28	31617	960	962
84664	28	1266	960	962
59218	28	916	960	962
31791	28	960	960	962
42619	28	419	960	962
5592	28	528	960	962
51197	28	221	960	962
10626	28	1461	960	962
26898	28	394	960	962
19625	28	474	960	962
13747	28	991	960	962
36153	28	1394	960	962
31840	28	176	960	962
19183	28	2809	960	962
10246	28	2970	960	962
98588	28	6909	960	962
12378	28	162	960	962
10093	28	1283	960	962
7872	28	1319	960	962
20764	28	45	960	962
59500	28	2963	960	962
12754	28	2968	960	962
36549	28	436	960	962
67955	28	371	960	962
68072	28	2040	960	962
15732	28	1833	960	962
12053	28	144	960	962
22019	28	16	960	962
7376	28	66	960	962
63151	28	2292	960	962
19437	28	1623	960	962
108469	28	641	960	962
26284	28	3492	960	962
33092	28	1056	960	962
5826	28	1640	960	962
23563	28	826	960	962
67025	28	619	960	962
24629	28	48	960	962
15224	28	109	960	962
90772	28	2165	960	962
15129	28	405	960	962
60064	28	1159	960	962
6583	28	48	960	962
107064	28	1610	960	962
36662	28	54570	960	962
64779	28	1082	960	962
46235	28	56	960	962
7448	28	40	960	962
49283	28	1358	960	962
15877	28	702	960	962
19511	28	674	960	962
8089	28	275	960	962
10815	28	1091	960	962
106431	28	1576	960	962
25712	28	56	960	962
54020	28	272	960	962
92488	28	2430	960	962
16505	28	1831	960	962
33154	28	1801	960	962
8760	28	531	960	962
118475	28	18653	960	962
85322	28	5616	960	962
37106	28	506	960	962
26017	28	1218	960	962
78217	28	2338	960	962
92179	28	864	960	962
70740	28	379	960	962
74784	28	3039	960	962
6355	28	28	960	962
23192	28	522	960	962
42099	28	3212	960	962
23040	28	14027	960	962
16128	28	41	960	962
8984	28	92	960	962
93643	28	1336	960	962
31705	28	632	960	962
61236	28	1728	960	962
108199	28	37426	960	962
17147	28	787	960	962
16832	28	23	960	962
24749	28	855	960	962
27827	28	556	960	962
12587	28	597	960	962
46123	28	1152	960	962
14353	28	1011	960	962
8034	28	1213	960	962
12708	28	224	960	962
26394	28	1006	960	962
21100	28	87	960	962
10081	28	627	960	962
9021	28	239	960	962
45731	28	165	960	962
37817	28	995	960	962
83721	28	3387	960	962
12267	28	39	960	962
13644	28	770	960	962
11834	28	1831	960	962
20179	28	168	960	962
59425	28	1144	960	962
24715	28	358	960	962
18432	28	233	960	962
24443	28	1324	960	962
6195	28	518	960	962
11923	28	1172	960	962
14065	28	986	960	962
154668	28	13172	960	962
41669	28	1047	960	962
11624	28	491	960	962
75697	28	4726	960	962
56359	28	503	960	962
7952	28	405	960	962
22067	28	371	960	962
16073	28	503	960	962
71483	28	91	960	962
13103	28	44	960	962
48446	28	23	960	962
34666	28	12054	960	962
16593	28	839	960	962
86463	28	330	960	962
16945	28	11769	960	962
28033	28	41	960	962
41791	28	23	960	962
111515	28	956	960	962
61471	28	1632	960	962
7835	28	165	960	962
30001	28	250	960	962
40750	28	55	960	962
64310	28	1628	960	962
73140	28	7583	960	962
33178	28	643	960	962
17266	28	144	960	962
66024	28	883	960	962
34089	28	826	960	962
17537	28	219	960	962
95572	28	4865	960	962
9796	28	369	960	962
39871	28	3123	960	962
51253	28	434	960	962
32192	28	981	960	962
37329	28	760	960	962
24688	28	518	960	962
52309	28	370	960	962
29102	28	1139	960	962
7570	28	68	960	962
52576	28	754	960	962
16427	28	681	960	962
121015	28	3144	960	962
25486	28	2060	960	962
39655	28	1596	960	962
106041	28	3205	960	962
18609	28	174	960	962
14858	28	353	960	962
66425	28	3151	960	962
25903	28	610	960	962
24743	28	292	960	962
38586	28	875	960	962
33684	28	591	960	962
21427	28	318	960	962
23742	28	267	960	962
13125	28	623	960	962
18648	28	719	960	962
14255	28	242	960	962
51238	28	154	960	962
12525	28	481	960	962
16922	28	2605	960	962
26666	28	8078	960	962
76414	28	124	960	962
14341	28	752	960	962
66108	28	485	960	962
24507	28	119	960	962
9051	28	1412	960	962
33037	28	3132	960	962
20132	28	2096	960	962
36435	28	4319	960	962
148962	28	5758	960	962
43495	28	989	960	962
42544	28	3879	960	962
53050	28	679	960	962
6374	28	144	960	962
13052	28	1634	960	962
53406	28	2621	960	962
50411	28	156	960	962
35944	28	139	960	962
7496	28	451	960	962
21728	28	903	960	962
13689	28	596	960	962
20557	28	1094	960	962
31850	28	625	960	962
46107	28	61	960	962
83628	28	7410	960	962
54965	28	12982	960	962
13126	28	78	960	962
40417	28	533	960	962
21529	28	266	960	962
22965	28	3514	960	962
10805	28	1980	960	962
24423	28	16	960	962
12419	28	989	960	962
11131	28	554	960	962
35370	28	1675	960	962
47342	28	690	960	962
32999	28	1085	960	962
130391	28	864	960	962
11010	28	626	960	962
14020	28	578	960	962
15535	28	1082	960	962
6640	28	1519	960	962
30017	28	188	960	962
69496	28	1299	960	962
12444	28	1850	960	962
17497	28	139	960	962
33013	28	1047	960	962
42019	28	590	960	962
84134	28	4756	960	962
28494	28	669	960	962
39689	28	240	960	962
33166	28	675	960	962
38110	28	1933	960	962
24989	28	395	960	962
44534	28	2768	960	962
15818	28	192	960	962
9674	28	617	960	962
48802	28	318	960	962
42549	28	1529	960	962
83194	28	635	960	962
9284	28	58	960	962
110415	28	150	960	962
19242	28	1251	960	962
24959	28	608	960	962
52512	28	770	960	962
94303	28	50	960	962
53805	28	1388	960	962
12842	28	408	960	962
26963	28	1562	960	962
30955	28	14388	960	962
25889	28	469	960	962
38520	28	82	960	962
20725	28	245	960	962
36272	28	940	960	962
80635	28	3760	960	962
64407	28	2011	960	962
10535	28	50	960	962
8526	28	24	960	962
24927	28	1305	960	962
8372	28	23	960	962
25505	28	3039	960	962
31609	28	321	960	962
90671	28	15275	960	962
39868	28	1409	960	962
14444	28	2624	960	962
12364	28	114	960	962
33154	28	124	960	962
7571	28	89	960	962
94644	28	19274	960	962
10617	28	95	960	962
51917	28	1007	960	962
68972	28	1639	960	962
11379	28	1831	960	962
34014	28	1290	960	962
15612	28	103	960	962
10477	28	222	960	962
12126	28	855	960	962
56974	28	469	960	962
21203	28	530	960	962
44280	28	1421	960	962
11934	28	321	960	962
27155	28	1958	960	962
57647	28	2323	960	962
7626	28	1542	960	962
81270	28	119	960	962
58768	28	2058	960	962
8009	28	150	960	962
24545	28	168	960	962
51513	28	922	960	962
9076	28	1847	960	962
29890	28	185	960	962
12954	28	495	960	962
19229	28	292	960	962
11411	28	36	960	962
11218	28	3245	960	962
60866	28	3354	960	962
60463	28	53	960	962
30471	28	2068	960	962
102870	28	565	960	962
90106	28	5279	960	962
108394	28	13435	960	962
14011	28	266	960	962
76571	28	8562	960	962
27869	28	927	960	962
36907	28	503	960	962
27154	28	355	960	962
44722	28	501	960	962
76908	28	110990	960	962
82117	28	556	960	962
47179	28	2689	960	962
21869	28	321	960	962
25288	28	1259	960	962
10989	28	475	960	962
97574	28	2598	960	962
97888	28	62256	960	962
25548	28	1096	960	962
28477	28	436	960	962
68403	28	798	960	962
17490	28	967	960	962
33229	28	485	960	962
44308	28	2735	960	962
34159	28	587	960	962
48063	28	5180	960	962
18637	28	40	960	962
15540	28	1650	960	962
31492	28	242	960	962
35558	28	6413	960	962
15351	28	142	960	962
6690	28	410	960	962
41434	28	994	960	962
70259	28	391	960	962
59770	28	560	960	962
15196	28	73	960	962
74141	28	167	960	962
42836	28	1255	960	962
25209	28	1561	960	962
12171	28	152	960	962
108795	28	1568	960	962
9087	28	1107	960	962
15087	28	583	960	962
21054	28	744	960	962
29355	28	166	960	962
13932	28	65	960	962
36725	28	1733	960	962
11294	28	295	960	962
9199	28	653	960	962
34090	28	1305	960	962
30621	28	744	960	962
21000	28	759	960	962
72890	28	2941	960	962
38307	28	2399	960	962
31770	28	1943	960	962
19310	28	31	960	962
23329	28	1413	960	962
38215	28	1430	960	962
7532	28	889	960	962
49487	28	546	960	962
36932	28	1007	960	962
7614	28	752	960	962
6021	28	263	960	962
48299	28	1722	960	962
28010	28	39	960	962
130368	28	1435	960	962
8936	28	36	960	962
24126	28	1552	960	962
52913	28	3597	960	962
34325	28	1123	960	962
40652	28	2992	960	962
34967	28	753	960	962
136924	28	3002	960	962
22259	28	1152	960	962
81725	28	883	960	962
95307	28	99	960	962
32242	28	3151	960	962
71761	28	2032	960	962
40773	28	471	960	962
24651	28	632	960	962
33193	28	321	960	962
35764	28	406	960	962
88641	28	742	960	962
6312	28	956	960	962
