25288	28	15489	965	0
42975	28	555	965	0
50902	28	2482	965	0
34479	28	1588	965	0
128724	28	1175	965	0
9850	28	53	965	0
55370	28	3149	965	0
99097	28	365	965	0
66128	28	577	965	0
76876	28	1083	965	0
89059	28	1277	965	0
44574	28	143	965	0
114164	28	15275	965	0
26057	28	1142	965	0
56169	28	4509	965	0
78896	28	2104	965	0
24220	28	1265	965	0
27911	28	330	965	0
83675	28	998	965	0
23428	28	707	965	0
44253	28	704	965	0
26084	28	1308	965	0
15129	28	3542	965	0
10896	28	1002	965	0
114199	28	98307	965	0
12288	28	92	965	0
128721	28	5173	965	0
13739	28	140	965	0
19134	28	4533	965	0
62168	28	2695	965	0
7366	28	29237	965	0
95489	28	1084	965	0
106866	28	522	965	0
46034	28	60462	965	0
108019	28	357	965	0
44001	28	1455	965	0
20352	28	2430	965	0
60582	28	620	965	0
8193	28	2087	965	0
50537	28	1286	965	0
48870	28	3488	965	0
50542	28	661	965	0
21162	28	23841	965	0
11523	28	1545	965	0
75730	28	27752	965	0
26567	28	525	965	0
60074	28	76	965	0
18516	28	1597	965	0
10088	28	476	965	0
32167	28	1036	965	0
76170	28	30827	965	0
95484	28	119	965	0
12248	28	387	965	0
97663	28	3649	965	0
96543	28	2577	965	0
101024	28	26860	965	0
83315	28	835	965	0
72704	28	559	965	0
103384	23	54380	965	0
91582	28	471	965	0
80375	28	119	965	0
34155	28	791	965	0
59391	28	570	965	0
17804	28	828	965	0
28092	28	1013	965	0
44713	28	1145	965	0
106114	28	3995	965	0
181214	28	673	965	0
59868	28	1664	965	0
122692	28	7117	965	0
18039	28	1417	965	0
49174	28	605	965	0
78314	28	829	965	0
110161	28	1050	965	0
41698	28	587	965	0
60429	28	18707	965	0
43139	28	4268	965	0
11693	28	9970	965	0
126160	28	1262	965	0
6559	28	95355	965	0
4557	28	153	965	0
21600	28	1090	965	0
93418	28	3465	965	0
35508	28	2880	965	0
17072	28	1084	965	0
12245	28	69	965	0
57215	28	415	965	0
41540	28	555	965	0
21576	28	1935	965	0
28875	28	891	965	0
56547	28	2780	965	0
139919	28	288	965	0
10536	28	829	965	0
109458	14	28294	965	0
50056	28	4978	965	0
73777	28	60	965	0
34809	28	552	965	0
74065	28	2018	965	0
9352	28	791	965	0
127981	28	906	965	0
42341	28	3959	965	0
49022	28	1320	965	0
46981	28	1983	965	0
28592	28	2807	965	0
126988	28	8632	965	0
82965	28	4403	965	0
130882	28	1127	965	0
110641	28	397	965	0
63881	28	2477	965	0
120095	28	63	965	0
95096	28	1537	965	0
49572	14	2368	965	0
30716	28	496	965	0
109189	28	355	965	0
80048	28	3781	965	0
89060	28	1610	965	0
80212	28	7624	965	0
44891	28	3711	965	0
32085	28	135	965	0
51889	28	825	965	0
92017	28	102	965	0
74700	28	836	965	0
32340	28	2152	965	0
61819	28	1201	965	0
48934	28	1294	965	0
114891	28	6564	965	0
41172	28	370	965	0
70574	28	2941	965	0
154511	14	7210	965	0
76535	28	19832	965	0
30239	28	781	965	0
117837	28	412	965	0
13542	28	25841	965	0
106519	28	43	965	0
64158	28	350	965	0
22056	28	395	965	0
31153	28	485	965	0
73511	28	1390	965	0
62626	28	821	965	0
67592	28	8368	965	0
125562	28	41627	965	0
101631	28	1411	965	0
93702	28	417	965	0
17685	28	3901	965	0
24461	28	9811	965	0
54505	28	1754	965	0
12723	28	100	965	0
23527	28	1047	965	0
17352	28	2075	965	0
38331	28	2876	965	0
27938	28	184	965	0
44277	28	8955	965	0
64128	28	1905	965	0
44567	28	2189	965	0
108088	28	2205	965	0
72301	28	793	965	0
55421	28	757	965	0
59299	28	56	965	0
85271	28	1014	965	0
118654	14	42872	965	0
20557	28	791	965	0
74527	28	2846	965	0
36648	28	156	965	0
127059	28	4261	965	0
35537	28	1088	965	0
7699	28	40	965	0
69559	28	3317	965	0
28758	28	1700	965	0
10653	28	1339	965	0
16039	28	2363	965	0
129638	28	1590	965	0
136534	28	1504	965	0
45766	28	18	965	0
52018	28	2875	965	0
38182	28	323	965	0
74613	28	2050	965	0
20586	28	156	965	0
18862	28	153	965	0
125648	28	634	965	0
154612	28	757	965	0
25830	28	1163	965	0
46703	28	1479	965	0
108168	28	2113	965	0
8191	28	2117	965	0
12697	28	1744	965	0
10592	28	1171	965	0
17943	28	548	965	0
42824	28	35807	965	0
13311	28	424	965	0
51510	28	2024	965	0
93577	28	4255	965	0
109272	28	570	965	0
92300	28	565	965	0
9187	28	107	965	0
69772	28	989	965	0
59847	28	1751	965	0
81789	28	250	965	0
47746	28	1075	965	0
69765	28	774	965	0
128385	28	2519	965	0
19628	28	39	965	0
59085	28	4238	965	0
66163	28	3525	965	0
21099	28	523	965	0
61167	28	337	965	0
70232	28	202	965	0
9386	28	1567	965	0
21528	28	2702	965	0
37182	28	816	965	0
64776	28	957	965	0
121303	28	749	965	0
28865	28	1027	965	0
27501	28	1506	965	0
75702	28	2695	965	0
55965	28	2007	965	0
25949	28	1712	965	0
44726	28	707	965	0
98595	28	1123	965	0
60039	28	6763	965	0
26730	28	51100	965	0
8020	28	10913	965	0
62453	28	2415	965	0
31986	28	155	965	0
26810	28	1457	965	0
81366	28	303	965	0
127014	28	2004	965	0
85480	28	3001	965	0
7863	28	1836	965	0
70604	14	2368	965	0
88953	28	7535	965	0
71372	28	887	965	0
68830	28	510	965	0
44814	28	427	965	0
23310	28	732	965	0
55951	28	1289	965	0
22835	28	1066	965	0
71192	28	994	965	0
59439	23	111890	965	0
111890	23	59439	965	0
93163	28	920	965	0
55370	28	3467	965	0
53135	28	4152	965	0
14542	28	1905	965	0
107971	28	41	965	0
13854	28	1785	965	0
20150	28	998	965	0
54219	28	882	965	0
37213	28	307	965	0
17018	28	495	965	0
47179	28	1900	965	0
19674	28	405	965	0
154701	28	616	965	0
9345	28	881	965	0
76051	28	2324	965	0
7599	28	735	965	0
13201	28	698	965	0
41709	28	398	965	0
21141	28	1331	965	0
9858	28	383	965	0
76144	28	176	965	0
29897	28	421	965	0
64816	28	214	965	0
93573	28	68178	965	0
92224	28	43117	965	0
9893	28	923	965	0
15203	28	698	965	0
59549	28	454	965	0
42128	28	547	965	0
34676	28	492	965	0
154807	28	2052	965	0
45351	28	436	965	0
18456	28	694	965	0
32119	28	484	965	0
25849	28	5052	965	0
39220	28	1822	965	0
19005	28	83	965	0
104425	28	1288	965	0
78046	28	184	965	0
69769	28	661	965	0
75736	28	2280	965	0
16295	28	3149	965	0
126927	28	1765	965	0
50491	28	672	965	0
68471	28	816	965	0
71143	28	848	965	0
63075	28	1918	965	0
41283	28	2468	965	0
39707	28	3979	965	0
120718	28	17677	965	0
55230	28	642	965	0
99392	28	565	965	0
27494	28	18387	965	0
147236	28	449	965	0
12623	28	48	965	0
60582	28	2737	965	0
39647	28	220	965	0
36483	28	327	965	0
40910	28	49664	965	0
40932	28	394	965	0
20819	28	843	965	0
35377	28	2487	965	0
61647	28	3525	965	0
42388	28	1722	965	0
76748	28	52760	965	0
22940	28	411	965	0
46161	28	470	965	0
24717	28	2323	965	0
95701	28	510	965	0
29896	28	120	965	0
18508	28	410	965	0
29427	28	14622	965	0
39037	28	1867	965	0
16823	28	1963	965	0
38372	28	612	965	0
12431	28	1073	965	0
36476	28	256	965	0
146219	14	17751	965	0
134993	28	755	965	0
73698	28	1561	965	0
21967	28	646	965	0
41957	28	3841	965	0
102099	28	720	965	0
8831	28	1500	965	0
122769	28	1096	965	0
109409	28	829	965	0
40383	28	276	965	0
28585	28	494	965	0
72634	28	10491	965	0
69639	28	669	965	0
85322	28	914	965	0
12673	28	2599	965	0
19756	28	43587	965	0
10206	28	1722	965	0
17401	28	3467	965	0
124011	28	10376	965	0
11555	28	132	965	0
18946	28	2198	965	0
10909	28	525	965	0
35965	28	228	965	0
129843	28	1484	965	0
12568	28	3033	965	0
108948	28	418	965	0
145521	28	3084	965	0
112352	28	2196	965	0
44023	28	3403	965	0
10503	28	2697	965	0
108440	28	6657	965	0
97450	28	930	965	0
34397	28	617	965	0
54482	28	2338	965	0
154962	28	3872	965	0
102480	28	1885	965	0
59869	28	1304	965	0
41951	28	107	965	0
23102	28	135	965	0
64959	28	1016	965	0
47596	28	755	965	0
68099	28	602	965	0
104988	28	2978	965	0
13037	28	2095	965	0
9180	28	4199	965	0
19888	28	675	965	0
53431	28	6989	965	0
16068	28	19	965	0
51074	28	458	965	0
146587	28	1547	965	0
62666	28	1028	965	0
97888	28	1985	965	0
48259	28	1147	965	0
81803	28	5075	965	0
25220	28	99	965	0
130236	28	67	965	0
82923	28	4605	965	0
59299	28	47	965	0
140498	28	957	965	0
21259	28	1295	965	0
106734	28	43120	965	0
20506	28	908	965	0
24904	28	4244	965	0
33254	28	809	965	0
43184	28	1653	965	0
183664	14	23757	965	0
82178	28	14622	965	0
29416	28	15395	965	0
14568	28	1542	965	0
128470	28	20566	965	0
31436	28	3206	965	0
112380	23	37432	965	0
108319	28	1576	965	0
14159	28	178	965	0
7845	28	98	965	0
21755	28	355	965	0
95952	28	124827	965	0
14567	28	698	965	0
20172	28	500	965	0
112900	28	1404	965	0
39324	28	442	965	0
24458	28	1623	965	0
52144	28	307	965	0
31852	28	20	965	0
93148	28	9420	965	0
17059	28	43	965	0
49330	28	2753	965	0
38321	28	14103	965	0
7330	28	2283	965	0
34424	28	3416	965	0
7011	28	9280	965	0
52801	28	753	965	0
108959	28	458	965	0
51117	28	112	965	0
47561	28	3993	965	0
118836	28	651	965	0
44237	28	11849	965	0
27110	28	357	965	0
95302	28	5406	965	0
53936	28	155	965	0
28776	28	1611	965	0
44601	28	766	965	0
93294	28	404	965	0
48187	28	787	965	0
26670	28	5030	965	0
67058	28	2623	965	0
62691	28	1597	965	0
30600	28	22	965	0
23837	28	742	965	0
106399	28	694	965	0
104795	28	454	965	0
123110	28	5962	965	0
7851	28	852	965	0
30634	28	668	965	0
23694	28	723	965	0
21538	28	3038	965	0
111478	28	969	965	0
58608	28	1147	965	0
39719	28	920	965	0
67955	28	527	965	0
51912	28	547	965	0
8055	28	597	965	0
31514	28	495	965	0
81128	28	7968	965	0
6241	28	358	965	0
105050	28	33477	965	0
129546	28	47651	965	0
7755	28	112	965	0
84257	28	1011	965	0
58663	28	350	965	0
18665	28	191	965	0
130896	28	12408	965	0
22875	28	3051	965	0
23461	28	2753	965	0
21739	28	3366	965	0
73797	28	1321	965	0
89516	28	662	965	0
9990	28	1731	965	0
13303	28	3388	965	0
43876	28	3930	965	0
49628	28	1332	965	0
65205	28	1414	965	0
8717	28	3467	965	0
69201	28	262	965	0
30856	28	906	965	0
33221	28	3711	965	0
74781	28	234	965	0
63679	28	835	965	0
62314	28	1811	965	0
154396	28	131	965	0
62593	28	17207	965	0
7418	28	118	965	0
77828	28	1754	965	0
29655	28	202	965	0
17365	14	3795	965	0
12115	28	2289	965	0
10575	28	722	965	0
58424	28	2445	965	0
17180	28	7284	965	0
92661	28	1507	965	0
71487	28	493	965	0
38965	28	13481	965	0
115641	28	882	965	0
81010	28	261	965	0
124119	28	1269	965	0
51470	28	401	965	0
37415	28	670	965	0
18525	28	914	965	0
64410	28	1404	965	0
21075	28	234	965	0
119513	28	37178	965	0
82046	28	2153	965	0
84782	28	5211	965	0
30790	28	787	965	0
55990	28	177	965	0
16211	28	3500	965	0
62179	28	1476	965	0
95311	28	1915	965	0
7374	28	215	965	0
89006	28	1839	965	0
104346	28	2154	965	0
7330	28	2082	965	0
59267	28	260	965	0
81658	28	11253	965	0
111370	28	33	965	0
94457	28	1277	965	0
70997	28	245	965	0
21175	28	891	965	0
59065	28	3222	965	0
129136	28	492	965	0
89620	28	1396	965	0
58129	28	5471	965	0
62816	28	1532	965	0
67622	28	8306	965	0
8263	28	40	965	0
22757	28	1289	965	0
44123	28	14	965	0
93360	28	4274	965	0
11810	28	1030	965	0
8990	28	72	965	0
80807	28	505	965	0
7374	28	381	965	0
74355	28	19832	965	0
14711	28	3475	965	0
68469	28	5406	965	0
104303	28	2131	965	0
62722	28	89	965	0
59577	28	3035	965	0
5976	28	8414	965	0
65891	28	297	965	0
95926	28	463	965	0
86059	28	254	965	0
25486	28	1172	965	0
105511	28	1388	965	0
23452	28	143	965	0
53640	28	7308	965	0
130799	28	919	965	0
19651	28	1364	965	0
129774	28	1672	965	0
116467	28	7367	965	0
38039	28	1277	965	0
8824	28	405	965	0
152613	28	3990	965	0
62825	28	145	965	0
111519	28	1028	965	0
17023	28	81	965	0
111567	28	2004	965	0
63539	28	1145	965	0
9884	28	840	965	0
64798	28	47056	965	0
36190	28	95	965	0
15289	28	7411	965	0
95111	28	953	965	0
24660	28	332	965	0
104690	28	61554	965	0
35671	23	36309	965	0
36309	23	35671	965	0
8994	28	649	965	0
155272	23	115213	965	0
82569	28	871	965	0
14722	28	1995	965	0
72029	28	21561	965	0
82178	28	2207	965	0
8942	28	310	965	0
18862	28	343	965	0
49700	28	2159	965	0
26334	28	996	965	0
8217	28	451	965	0
27345	28	263	965	0
119053	28	1995	965	0
19400	28	672	965	0
14169	28	1002	965	0
88386	28	13725	965	0
15334	28	6127	965	0
13948	28	1966	965	0
14997	28	587	965	0
12671	28	573	965	0
24461	28	1641	965	0
108593	28	536	965	0
17233	28	1216	965	0
20947	28	6480	965	0
94391	28	1834	965	0
81617	28	2088	965	0
121365	28	1655	965	0
17904	28	2585	965	0
73887	28	2302	965	0
25737	28	816	965	0
94027	28	2849	965	0
13581	28	86	965	0
128368	23	185180	965	0
18651	28	850	965	0
57467	28	1703	965	0
109823	28	505	965	0
73758	28	4244	965	0
14845	28	569	965	0
79711	28	2695	965	0
81146	28	1549	965	0
50576	28	2863	965	0
80034	28	415	965	0
11090	28	1048	965	0
129831	28	1022	965	0
37707	28	1684	965	0
105483	28	3931	965	0
31901	14	308	965	0
82182	28	547	965	0
67191	28	47611	965	0
77768	28	1547	965	0
46961	28	678	965	0
11272	28	2786	965	0
34936	28	350	965	0
41612	28	965	965	0
33607	28	273	965	0
10810	28	1150	965	0
82309	28	3319	965	0
117187	28	8108	965	0
82055	28	13607	965	0
107395	28	165	965	0
47222	28	501	965	0
52955	28	3921	965	0
20485	28	2170	965	0
78886	28	5962	965	0
35486	28	34	965	0
92114	28	2532	965	0
23538	28	1233	965	0
130560	28	198	965	0
26276	28	38	965	0
11587	28	16092	965	0
24793	28	1351	965	0
23234	28	2325	965	0
84834	28	2218	965	0
31483	28	707	965	0
10060	28	1136	965	0
19516	28	231	965	0
24157	28	10518	965	0
30042	28	2728	965	0
91408	28	749	965	0
16946	28	250	965	0
36124	28	892	965	0
49337	28	4779	965	0
25969	28	2411	965	0
125918	28	4729	965	0
62607	28	2571	965	0
71792	28	17207	965	0
111910	28	136	965	0
56594	28	1257	965	0
112444	28	5525	965	0
79444	28	1522	965	0
95999	28	1196	965	0
25171	28	740	965	0
15655	28	647	965	0
8687	28	2208	965	0
7820	28	66	965	0
21096	28	4865	965	0
68074	28	1329	965	0
149024	28	536	965	0
20595	28	1215	965	0
17372	28	277	965	0
12856	28	156	965	0
6141	28	723	965	0
59864	28	195	965	0
50632	28	1654	965	0
71480	28	39	965	0
116427	28	3149	965	0
21917	28	106	965	0
154726	28	5173	965	0
70380	28	9334	965	0
53520	28	2180	965	0
33122	28	637	965	0
27789	28	548	965	0
71730	28	458	965	0
37825	28	5406	965	0
122669	28	2363	965	0
95698	28	901	965	0
102992	28	3388	965	0
115728	28	1234	965	0
15341	28	14	965	0
81768	28	2227	965	0
97072	28	1512	965	0
6335	28	648	965	0
13201	28	974	965	0
110047	28	223	965	0
61177	28	977	965	0
125918	28	830	965	0
70339	28	1178	965	0
111380	28	37178	965	0
58273	28	1655	965	0
24677	28	1679	965	0
84169	28	4201	965	0
111340	23	91997	965	0
85257	28	1134	965	0
61935	28	1623	965	0
56462	28	6564	965	0
7665	28	912	965	0
81461	28	2196	965	0
38380	28	1277	965	0
24510	28	8806	965	0
106231	28	2334	965	0
105899	28	3514	965	0
12240	28	592	965	0
102455	28	2396	965	0
62156	28	6073	965	0
60456	28	1262	965	0
15657	28	4011	965	0
23762	28	195	965	0
61967	28	16413	965	0
70419	28	397	965	0
128407	28	5980	965	0
26031	28	361	965	0
20002	28	102	965	0
109378	28	510	965	0
154359	28	131	965	0
46025	28	2759	965	0
29038	28	394	965	0
60595	28	2677	965	0
133568	28	3544	965	0
30977	28	1936	965	0
29243	28	348	965	0
20221	28	574	965	0
73892	28	2066	965	0
58886	28	533	965	0
12343	28	624	965	0
23455	28	784	965	0
21514	28	269	965	0
17852	28	836	965	0
17581	28	269	965	0
20189	28	14	965	0
24891	28	86	965	0
110671	28	718	965	0
19942	28	2209	965	0
10058	28	43	965	0
18833	28	275	965	0
7863	28	501	965	0
94943	28	1692	965	0
67286	28	510	965	0
28836	28	1330	965	0
28630	28	333	965	0
78883	28	907	965	0
62906	14	1786	965	0
69757	28	67	965	0
105035	28	40	965	0
32303	28	780	965	0
4245	28	152	965	0
15080	28	80	965	0
85576	28	4319	965	0
22976	28	3914	965	0
12398	28	2075	965	0
54178	28	1016	965	0
58440	28	1151	965	0
138586	28	3149	965	0
7872	28	221	965	0
93112	28	3781	965	0
25657	28	1242	965	0
28799	28	2140	965	0
94050	28	1542	965	0
95762	28	4205	965	0
16708	28	1775	965	0
12351	28	28573	965	0
27249	28	1178	965	0
67758	28	2174	965	0
44653	28	485	965	0
34966	28	242	965	0
12186	28	4199	965	0
68265	28	2096	965	0
5759	28	839	965	0
58283	28	930	965	0
97463	28	821	965	0
36975	28	809	965	0
9192	28	933	965	0
27802	28	1280	965	0
62607	28	3524	965	0
58413	28	1703	965	0
7449	28	66	965	0
40088	28	8663	965	0
23748	28	973	965	0
75923	28	1457	965	0
22559	28	2678	965	0
91618	28	1830	965	0
14755	28	14347	965	0
76021	28	1056	965	0
14708	28	184	965	0
28365	28	82	965	0
96907	28	2972	965	0
41783	28	7535	965	0
146246	28	1926	965	0
53855	28	483	965	0
10032	28	914	965	0
47254	28	216	965	0
56341	28	528	965	0
23798	28	557	965	0
48821	28	726	965	0
21076	28	4047	965	0
54881	28	44314	965	0
90095	28	1119	965	0
38729	28	3435	965	0
49689	28	17821	965	0
101116	28	965	965	0
122644	28	1944	965	0
47784	28	4483	965	0
30846	28	3838	965	0
33221	28	3975	965	0
141189	14	4043	965	0
25347	28	1542	965	0
30804	28	62366	965	0
23749	28	564	965	0
65129	28	749	965	0
108751	28	69817	965	0
40908	28	903	965	0
131811	28	21233	965	0
52058	28	261	965	0
136138	28	1260	965	0
82595	28	159	965	0
74894	28	2551	965	0
38904	28	912	965	0
68211	14	4266	965	0
68080	28	307	965	0
98136	28	13415	965	0
45012	28	2011	965	0
50043	28	726	965	0
30250	28	2542	965	0
23997	28	6566	965	0
87730	28	2160	965	0
71669	28	36492	965	0
12606	28	2026	965	0
19599	28	232	965	0
46770	28	919	965	0
15980	28	1836	965	0
104845	28	1280	965	0
51293	28	263	965	0
14799	28	68	965	0
153329	28	1708	965	0
103375	28	510	965	0
8941	28	1703	965	0
155406	28	5173	965	0
8378	28	1264	965	0
28002	28	1559	965	0
90669	28	3132	965	0
30807	28	88	965	0
94508	28	2020	965	0
131001	28	1654	965	0
33588	28	415	965	0
79030	28	1067	965	0
40948	28	1543	965	0
12774	28	165	965	0
13638	28	3076	965	0
25535	28	1375	965	0
76950	28	973	965	0
155196	14	49097	965	0
38077	28	2434	965	0
94843	28	4625	965	0
17852	28	750	965	0
122140	28	13844	965	0
83243	28	254	965	0
50496	28	6753	965	0
50904	28	77	965	0
31434	28	400	965	0
88188	28	1306	965	0
81211	28	2434	965	0
30753	28	7118	965	0
151751	28	2373	965	0
17302	28	717	965	0
42644	28	842	965	0
69990	14	121568	965	0
18601	28	39	965	0
23497	28	1537	965	0
51875	28	651	965	0
41907	28	145	965	0
58873	28	26283	965	0
65764	28	361	965	0
147423	14	12802	965	0
8774	28	1411	965	0
28369	28	153	965	0
111657	28	11512	965	0
44353	28	1829	965	0
58856	28	3688	965	0
145877	28	2004	965	0
18140	28	1829	965	0
53385	28	2695	965	0
69885	28	3035	965	0
44688	28	25344	965	0
17408	28	1330	965	0
19682	28	1186	965	0
124194	28	2381	965	0
20784	28	4297	965	0
108947	28	1150	965	0
26741	28	10888	965	0
31369	28	83	965	0
49636	28	42	965	0
12195	28	145	965	0
70112	28	181	965	0
7406	28	1936	965	0
19659	28	69	965	0
46449	1	187690	965	0
77314	28	2011	965	0
54430	28	1836	965	0
45755	14	15388	965	0
27948	28	564	965	0
111317	28	3838	965	0
68301	14	854	965	0
79625	28	4605	965	0
7184	28	1020	965	0
19790	28	726	965	0
64502	28	3985	965	0
33126	28	5860	965	0
28082	14	3057	965	0
93862	28	660	965	0
11162	28	1259	965	0
99225	28	821	965	0
22696	28	1030	965	0
68099	28	20	965	0
25353	28	1432	965	0
29140	28	555	965	0
139151	28	1057	965	0
12629	28	45	965	0
16231	28	166	965	0
12210	28	432	965	0
148220	28	1296	965	0
88577	28	8437	965	0
73823	28	3081	965	0
12670	28	318	965	0
112509	28	297	965	0
58035	28	5355	965	0
11032	28	971	965	0
29655	28	327	965	0
15014	28	43	965	0
11491	28	496	965	0
12212	28	743	965	0
20554	28	422	965	0
32438	28	1801	965	0
45182	28	1690	965	0
33944	28	5070	965	0
63199	28	1703	965	0
14169	28	3317	965	0
154092	28	5173	965	0
60225	28	91	965	0
30333	28	1151	965	0
40458	28	1094	965	0
28723	28	1358	965	0
35755	28	749	965	0
70541	28	293	965	965
61791	28	175	965	965
30485	28	129	965	965
73890	28	40	965	965
53159	28	1873	965	965
85688	28	286	965	965
132909	28	1873	965	965
100508	28	30	965	965
98898	28	65	965	965
83998	28	319	965	965
103502	28	1314	965	965
84070	28	129	965	965
120177	28	136	965	965
90811	28	746	965	965
140719	28	330	965	965
122660	28	506	965	965
141598	28	386	965	965
67141	28	169	965	965
72328	28	45	965	965
108135	28	2282	965	965
80011	28	230	965	965
93524	28	417	965	965
51640	28	321	965	965
85086	28	434	965	965
13728	28	4246	965	965
87590	28	228	965	965
84566	28	787	965	965
40061	28	235	965	965
125680	23	31528	965	965
109394	28	1316	965	965
32978	28	18	965	965
123753	28	188	965	965
47581	28	140	965	965
87242	28	2087	965	965
77312	28	437	965	965
51656	28	293	965	965
109095	28	174	965	965
35225	28	248	965	965
95034	28	158	965	965
79609	28	506	965	965
98193	28	394	965	965
96932	28	304	965	965
111125	28	492	965	965
78776	28	158	965	965
99272	28	33	965	965
55582	28	185	965	965
93957	28	564	965	965
113241	28	799	965	965
67251	28	360	965	965
15932	28	41	965	965
19155	28	552	965	965
97911	28	297	965	965
57758	28	117	965	965
37758	28	45	965	965
109083	28	682	965	965
40727	28	55	965	965
75351	28	333	965	965
106518	28	18873	965	965
47245	28	57	965	965
81503	28	146	965	965
31374	28	50	965	965
102375	28	417	965	965
75858	28	634	965	965
14616	28	203	965	965
130134	28	131	965	965
96681	28	159	965	965
58479	28	47	965	965
126889	28	1417	965	965
111826	28	839	965	965
64027	28	98	965	965
122551	28	564	965	965
186110	28	211	965	965
154310	28	455	965	965
60396	28	525	965	965
87524	28	363	965	965
51936	28	3824	965	966
51947	28	4483	965	966
28870	28	7636	965	966
33309	28	583	965	966
14229	28	635	965	966
70473	28	2668	965	966
60575	28	2604	965	966
44836	28	23	965	966
70538	28	60610	965	966
44859	28	363	965	966
28953	28	5385	965	966
38759	28	839	965	966
70571	28	8368	965	966
82412	28	642	965	966
38839	28	1479	965	966
44954	28	909	965	966
38848	28	1995	965	966
70674	28	254	965	966
60748	28	1811	965	966
60788	28	313	965	966
131278	28	1918	965	966
112193	28	11290	965	966
7690	28	1635	965	966
29126	28	619	965	966
14378	28	223	965	966
39031	28	1134	965	966
33648	28	143	965	966
33668	28	3606	965	966
60976	28	2526	965	966
16553	28	994	965	966
45237	28	140	965	966
52579	28	770	965	966
82823	28	2577	965	966
25177	28	2302	965	966
61167	28	74	965	966
39277	28	659	965	966
71200	28	2899	965	966
29436	28	384	965	966
45443	28	2708	965	966
14583	28	85	965	966
131641	28	507	965	966
33921	28	1460	965	966
52768	28	2982	965	966
61330	28	2807	965	966
96518	28	1027	965	966
9307	28	14622	965	966
33962	28	405	965	966
16493	28	467	965	966
45550	28	2072	965	966
22185	28	2187	965	966
22188	28	11520	965	966
39507	28	2108	965	966
34089	28	4678	965	966
9351	28	42	965	966
71515	28	1762	965	966
61535	28	1819	965	966
28875	28	3116	965	966
9363	28	107	965	966
39566	28	532	965	966
14548	28	2082	965	966
13126	28	69	965	966
16819	28	612	965	966
16830	28	171	965	966
45813	28	1175	965	966
10157	28	694	965	966
83363	28	926	965	966
96864	28	2103	965	966
61701	28	536	965	966
112995	28	1339	965	966
83467	28	610	965	966
14799	28	205	965	966
25695	28	668	965	966
29885	28	504	965	966
97000	28	1942	965	966
83610	28	1182	965	966
97088	28	774	965	966
113170	28	988	965	966
34482	28	892	965	966
46075	28	1624	965	966
46101	28	144	965	966
9391	28	407	965	966
72038	28	3174	965	966
30040	28	1592	965	966
62111	28	13286	965	966
72048	28	39997	965	966
113372	28	1666	965	966
72156	28	2816	965	966
46235	28	55	965	966
9250	28	72	965	966
62268	28	1527	965	966
72219	28	14989	965	966
15005	28	366	965	966
83992	28	8436	965	966
40180	28	552	965	966
84055	28	742	965	966
19702	28	112	965	966
84063	28	5089	965	966
34822	28	1444	965	966
97612	28	578	965	966
84124	28	1423	965	966
84134	28	72443	965	966
18609	28	1035	965	966
53828	28	238	965	966
7921	28	618	965	966
30295	28	202	965	966
97660	28	10599	965	966
72485	28	337	965	966
45967	28	4051	965	966
10423	28	34687	965	966
30175	28	407	965	966
84402	28	789	965	966
132815	28	536	965	966
29831	28	986	965	966
84504	28	659	965	966
84533	28	1233	965	966
26365	28	609	965	966
54151	28	532	965	966
13491	28	107	965	966
17320	28	371	965	966
72835	28	1762	965	966
98043	28	2482	965	966
98055	28	22476	965	966
9674	28	2061	965	966
7192	28	998	965	966
98107	28	1536	965	966
54300	28	2553	965	966
72922	28	1803	965	966
15253	28	383	965	966
40730	28	1305	965	966
114220	28	483	965	966
53764	28	3995	965	966
54391	28	10707	965	966
15135	28	1306	965	966
7366	28	347	965	966
54430	28	2728	965	966
5950	28	1020	965	966
73101	28	793	965	966
16529	28	883	965	966
14602	28	1700	965	966
26337	28	750	965	966
85001	28	2542	965	966
98430	28	3175	965	966
13313	28	1120	965	966
44919	28	260	965	966
40938	28	570	965	966
35418	28	37	965	966
30839	28	1506	965	966
41019	28	1390	965	966
17504	28	669	965	966
84513	28	1527	965	966
23190	28	252	965	966
54280	28	1537	965	966
9749	28	1766	965	966
41056	28	3149	965	966
12957	28	202	965	966
72879	28	1652	965	966
17112	28	61	965	966
98718	28	2562	965	966
26797	28	144	965	966
18946	28	715	965	966
63032	28	145	965	966
9778	28	1874	965	966
17273	28	6257	965	966
22403	28	653	965	966
114819	28	131	965	966
16579	28	1299	965	966
41208	28	1115	965	966
26839	28	2142	965	966
10812	28	571	965	966
73752	28	3177	965	966
26907	28	578	965	966
12803	28	318	965	966
61239	28	1213	965	966
23392	28	1233	965	966
47673	28	808	965	966
44882	28	808	965	966
22241	28	802	965	966
19693	28	897	965	966
35843	28	3051	965	966
73927	28	41389	965	966
14926	28	220	965	966
6731	28	234	965	966
6396	28	1123	965	966
46101	28	2048	965	966
60579	28	2117	965	966
22217	28	33	965	966
72286	28	516	965	966
85746	28	3938	965	966
85754	28	133873	965	966
5272	28	1116	965	966
45050	28	1115	965	966
23465	28	4201	965	966
63630	28	47056	965	966
35935	28	12270	965	966
29897	28	61	965	966
83343	28	7798	965	966
99357	28	916	965	966
12284	28	92	965	966
99390	28	126	965	966
74174	28	1793	965	966
7912	28	1431	965	966
55354	28	3299	965	966
74263	28	792	965	966
15658	28	1567	965	966
74355	28	8913	965	966
20596	28	10888	965	966
55537	28	439	965	966
17808	28	608	965	966
99684	28	1555	965	966
86235	28	196	965	966
27272	28	477	965	966
36197	28	4328	965	966
54552	28	1533	965	966
64525	28	56	965	966
15704	28	501	965	966
99846	28	1404	965	966
15722	28	872	965	966
13367	28	2162	965	966
41871	28	2033	965	966
99284	28	401	965	966
48307	28	37	965	966
86498	28	2113	965	966
6230	28	1598	965	966
74746	28	1467	965	966
86552	28	3985	965	966
99997	28	1830	965	966
115949	28	2396	965	966
17150	28	380	965	966
15630	28	2390	965	966
99158	28	14989	965	966
20279	28	431	965	966
86611	28	2131	965	966
64776	28	1788	965	966
74830	28	2901	965	966
26223	28	409	965	966
42013	28	3994	965	966
60866	28	2728	965	966
48495	28	1924	965	966
15357	28	205	965	966
10759	28	819	965	966
42060	28	1294	965	966
13894	28	179	965	966
12419	28	1552	965	966
36479	28	1595	965	966
56024	28	11985	965	966
134914	28	1340	965	966
8203	28	317	965	966
5204	28	489	965	966
116338	28	2967	965	966
56159	28	2146	965	966
48674	28	743	965	966
19557	28	560	965	966
98973	28	2179	965	966
56187	28	2145	965	966
13886	28	3373	965	966
12288	28	433	965	966
42243	28	415	965	966
56217	28	837	965	966
47276	28	17438	965	966
86123	28	31240	965	966
48779	28	595	965	966
100597	28	99	965	966
7233	28	1080	965	966
72930	28	1561	965	966
56341	28	971	965	966
22009	28	542	965	966
27657	28	27658	965	966
87232	28	405	965	966
87245	28	256	965	966
13379	28	891	965	966
116187	28	3388	965	966
64816	28	234	965	966
54549	28	1115	965	966
5251	28	2411	965	966
42393	28	37	965	966
20939	28	358	965	966
75521	28	409	965	966
75544	28	333	965	966
23955	28	191	965	966
34757	28	2068	965	966
9202	28	386	965	966
27501	28	67	965	966
34690	28	1762	965	966
56565	28	23125	965	966
20740	28	1007	965	966
27673	28	65	965	966
23038	28	1766	965	966
35425	28	860	965	966
34397	28	2482	965	966
47601	28	694	965	966
18094	28	31102	965	966
17349	28	1099	965	966
42593	28	5180	965	966
39511	28	175	965	966
31913	28	1742	965	966
13060	28	2033	965	966
15061	28	3153	965	966
23861	28	1400	965	966
32092	28	1115	965	966
19422	28	1628	965	966
36705	28	1736	965	966
75528	28	2214	965	966
18799	28	1871	965	966
65169	28	1459	965	966
65764	28	486	965	966
27196	28	1533	965	966
65817	28	1012	965	966
22331	28	123	965	966
35563	28	1370	965	966
14001	28	79	965	966
13917	28	434	965	966
76036	28	3435	965	966
37057	28	2054	965	966
87897	28	33413	965	966
32167	28	5026	965	966
31517	28	1070	965	966
27913	28	1245	965	966
75736	28	29726	965	966
135980	28	446	965	966
42108	28	1698	965	966
11601	28	1626	965	966
84344	28	1542	965	966
37107	28	875	965	966
10218	28	1253	965	966
65961	28	1127	965	966
15259	28	1837	965	966
42827	28	971	965	966
42852	28	293	965	966
101632	28	274	965	966
37181	28	1110	965	966
88184	28	313	965	966
21084	28	1221	965	966
11641	28	88	965	966
66172	28	5547	965	966
19302	28	358	965	966
117681	28	6822	965	966
61017	28	4269	965	966
88354	28	6370	965	966
40753	28	3920	965	966
47808	28	1727	965	966
73920	28	210	965	966
21764	28	482	965	966
32340	28	263	965	966
14006	28	388	965	966
117809	28	6818	965	966
117837	28	1150	965	966
53061	28	756	965	966
76552	28	4083	965	966
32362	28	37	965	966
34159	28	2228	965	966
49615	28	3449	965	966
66333	28	76603	965	966
49362	28	4937	965	966
55379	28	7083	965	966
61592	28	2048	965	966
53242	28	2551	965	966
117966	28	1098	965	966
102019	28	1712	965	966
136597	28	15083	965	966
29302	28	3649	965	966
83725	28	92	965	966
27746	28	386	965	966
20355	28	555	965	966
72704	28	432	965	966
102249	28	2158	965	966
7415	28	752	965	966
102281	28	399	965	966
43164	28	1434	965	966
12205	28	66513	965	966
11806	28	14	965	966
64377	28	1044	965	966
84506	28	882	965	966
21265	28	49203	965	966
76873	28	37459	965	966
9858	28	1461	965	966
118184	28	57280	965	966
70845	28	5853	965	966
9094	28	177	965	966
33404	28	1623	965	966
19838	28	548	965	966
88051	28	607	965	966
57549	28	1572	965	966
87692	28	2456	965	966
118206	28	3058	965	966
8337	28	104	965	966
38699	28	28896	965	966
18587	28	1836	965	966
24756	28	1364	965	966
21687	28	114	965	966
52053	28	1484	965	966
24792	28	18621	965	966
101696	28	482	965	966
14412	28	215	965	966
65333	28	1532	965	966
77032	28	486	965	966
77040	28	4232	965	966
12905	28	234	965	966
89006	28	1477	965	966
66721	28	3051	965	966
52452	28	1488	965	966
96011	28	435	965	966
24917	28	370	965	966
16480	28	3106	965	966
135189	28	2109	965	966
11463	28	1753	965	966
46135	28	989	965	966
39275	28	1268	965	966
7768	28	28	965	966
9285	28	82	965	966
18644	28	693	965	966
57243	28	45	965	966
118685	28	11290	965	966
9127	28	221	965	966
29365	28	1751	965	966
71102	28	889	965	966
88370	28	1522	965	966
39502	28	1751	965	966
118773	28	3118	965	966
45640	28	1304	965	966
10388	28	560	965	966
75676	28	13295	965	966
64253	28	4403	965	966
101383	28	2577	965	966
16442	28	1071	965	966
66909	28	2469	965	966
11524	28	1639	965	966
29505	28	1755	965	966
89355	28	1234	965	966
25319	28	2240	965	966
45548	28	3615	965	966
10354	28	71355	965	966
14642	28	883	965	966
77012	28	27434	965	966
118944	28	789	965	966
72928	28	1455	965	966
14792	28	402	965	966
9330	28	535	965	966
71852	28	9509	965	966
77421	28	19159	965	966
71507	28	345	965	966
11514	28	1321	965	966
77444	28	725	965	966
26394	28	56841	965	966
89488	28	4704	965	966
33832	28	3064	965	966
25301	28	2608	965	966
70668	28	53322	965	966
25799	28	291	965	966
6039	28	971	965	966
39907	28	2720	965	966
119118	28	1832	965	966
62033	28	97159	965	966
67082	28	4051	965	966
29843	28	66	965	966
64905	28	2114	965	966
88777	28	165	965	966
29911	28	1084	965	966
40031	28	491	965	966
40045	28	889	965	966
45586	28	816	965	966
19621	28	72	965	966
86543	28	45076	965	966
34243	28	3941	965	966
46122	28	99	965	966
64249	28	1468	965	966
103456	28	1333	965	966
103460	28	235	965	966
17027	28	1025	965	966
7752	28	770	965	966
19568	28	533	965	966
61819	28	1544	965	966
17092	28	72	965	966
73253	28	1008	965	966
21649	28	1553	965	966
19313	28	1479	965	966
13116	28	441	965	966
19683	28	618	965	966
44878	28	842	965	966
53936	28	580	965	966
10636	28	139	965	966
15082	28	66	965	966
11904	28	43	965	966
30182	28	3838	965	966
7155	28	380	965	966
138183	28	1725	965	966
11934	28	370	965	966
17942	28	896	965	966
19926	28	442	965	966
90008	28	122	965	966
119741	28	4750	965	966
86750	28	82	965	966
77183	28	32626	965	966
40624	28	1002	965	966
116192	28	429	965	966
84616	28	1600	965	966
54235	28	8770	965	966
46709	28	556	965	966
10383	28	1180	965	966
26299	28	1985	965	966
76303	28	145	965	966
20013	28	524	965	966
62392	28	416	965	966
30659	28	789	965	966
35264	28	2456	965	966
26242	28	291	965	966
52993	28	1412	965	966
64964	28	1096	965	966
30677	28	1084	965	966
84817	28	4546	965	966
103991	28	5908	965	966
61981	28	1388	965	966
63136	28	969	965	966
10689	28	56	965	966
42702	28	1641	965	966
63950	28	404	965	966
41375	28	37	965	966
104073	28	45	965	966
47200	28	1136	965	966
23135	28	100	965	966
85227	28	9941	965	966
30630	28	283	965	966
23144	28	168	965	966
90234	28	2503	965	966
35426	28	1195	965	966
30713	28	704	965	966
14425	28	2687	965	966
55323	28	2358	965	966
99519	28	3282	965	966
83246	28	1483	965	966
10345	28	2394	965	966
14745	28	696	965	966
35541	28	607	965	966
120171	28	427	965	966
73627	28	2117	965	966
54807	28	154	965	966
78247	28	392	965	966
21916	28	74	965	966
85154	28	255	965	966
41041	28	364	965	966
102539	28	23769	965	966
54713	28	3076	965	966
23313	28	2280	965	966
7404	28	646	965	966
73721	28	1206	965	966
26216	28	1068	965	966
78170	28	2784	965	966
64581	28	8240	965	966
9680	28	1243	965	966
35639	28	255	965	966
52217	28	251	965	966
35661	28	1030	965	966
72702	28	1006	965	966
20425	28	2423	965	966
73919	28	504	965	966
67768	28	1582	965	966
31141	28	1529	965	966
24712	28	232	965	966
19218	28	635	965	966
104531	28	892	965	966
138305	28	1794	965	966
15379	28	140	965	966
84074	28	3649	965	966
30670	28	416	965	966
47644	28	527	965	966
35790	28	109	965	966
12233	28	16	965	966
10118	28	461	965	966
61258	28	1371	965	966
67813	28	2280	965	966
47893	28	1058	965	966
20516	28	843	965	966
61338	28	3838	965	966
78521	28	1531	965	966
89332	28	2668	965	966
55990	28	571	965	966
78555	28	40520	965	966
78572	28	3994	965	966
55984	28	1080	965	966
34329	28	1006	965	966
104795	28	14109	965	966
17758	28	920	965	966
47944	28	254	965	966
36022	28	422	965	966
139452	28	1370	965	966
64291	28	481	965	966
87195	28	1321	965	966
31413	28	254	965	966
48182	28	1151	965	966
25763	28	39	965	966
64523	28	2542	965	966
104911	28	51	965	966
34486	28	171	965	966
90974	28	4767	965	966
86221	28	2555	965	966
26353	28	78	965	966
103648	28	2773	965	966
103197	28	251	965	966
8875	28	2536	965	966
45812	28	1327	965	966
61475	28	2608	965	966
47837	28	821	965	966
15735	28	1022	965	966
7037	28	1289	965	966
54983	28	808	965	966
23722	28	107	965	966
17635	28	1643	965	966
13830	28	1400	965	966
63278	28	3584	965	966
14381	28	69	965	966
105073	28	160	965	966
15396	28	214	965	966
66109	28	2153	965	966
31623	28	659	965	966
36446	28	691	965	966
55965	28	292	965	966
29023	28	1293	965	966
73327	28	1793	965	966
20434	28	1330	965	966
82252	28	78869	965	966
103643	28	930	965	966
45090	28	570	965	966
71863	28	3206	965	966
139975	28	37868	965	966
15783	28	1885	965	966
37195	28	511	965	966
54116	28	899	965	966
4768	28	1514	965	966
87865	28	9582	965	966
7278	28	550	965	966
78984	28	1333	965	966
64421	28	2482	965	966
11855	28	1120	965	966
83985	28	626	965	966
9266	28	213	965	966
15831	28	100	965	966
105462	28	1370	965	966
79042	28	2277	965	966
6545	28	273	965	966
121611	28	288	965	966
54265	28	690	965	966
77958	28	24	965	966
27362	28	571	965	966
11826	28	2062	965	966
121651	28	2534	965	966
162501	28	45	965	966
82199	28	2011	965	966
12864	28	48070	965	966
75315	28	2959	965	966
91457	28	16672	965	966
54053	28	3615	965	966
6613	28	743	965	966
91470	28	887	965	966
17769	28	900	965	966
11443	28	277	965	966
45862	28	1576	965	966
27652	28	1836	965	966
91494	28	2014	965	966
10535	28	76	965	966
27726	28	1063	965	966
58859	28	1506	965	966
89506	28	3491	965	966
65485	28	1091	965	966
39288	28	126	965	966
56665	28	2165	965	966
68345	28	2015	965	966
46321	28	12467	965	966
7845	28	272	965	966
119846	28	2991	965	966
91665	28	1067	965	966
105799	28	71092	965	966
56615	28	598	965	966
45951	28	1036	965	966
98379	28	786	965	966
12453	28	31102	965	966
50816	28	16107	965	966
14808	28	219	965	966
16723	28	442	965	966
36975	28	646	965	966
5419	28	5963	965	966
100558	28	1264	965	966
16429	28	1483	965	966
140877	28	3321	965	966
15137	28	436	965	966
23690	28	1232	965	966
105967	28	2923	965	966
37951	28	1980	965	966
39415	28	5547	965	966
9991	28	984	965	966
88022	28	1169	965	966
77180	28	607	965	966
12789	28	673	965	966
104787	28	1342	965	966
34802	28	1008	965	966
30727	28	6779	965	966
11275	28	2423	965	966
85932	28	2113	965	966
73368	28	1457	965	966
88007	28	8459	965	966
15998	28	1832	965	966
122365	28	612	965	966
89666	28	16672	965	966
54700	28	614	965	966
27436	28	2011	965	966
49488	28	132	965	966
59038	28	1311	965	966
23805	28	5089	965	966
8281	28	23	965	966
8230	28	144	965	966
74387	28	1101	965	966
48684	28	786	965	966
49469	28	2142	965	966
9571	28	559	965	966
88115	28	34	965	966
106288	28	1455	965	966
122545	28	1175	965	966
22336	28	889	965	966
56615	28	786	965	966
112889	28	459	965	966
43045	28	1383	965	966
14640	28	518	965	966
7320	28	65	965	966
49608	28	1035	965	966
92017	28	558	965	966
141415	28	232	965	966
68009	28	56841	965	966
19734	28	1899	965	966
12097	28	1251	965	966
9923	28	1181	965	966
21189	28	1915	965	966
22137	28	482	965	966
29377	28	2050	965	966
54710	28	92128	965	966
21244	28	184	965	966
73110	28	1514	965	966
23636	28	912	965	966
25200	28	791	965	966
88151	28	150	965	966
88021	28	1651	965	966
163490	28	682	965	966
57422	28	2152	965	966
8887	28	1024	965	966
15990	28	28	965	966
12031	28	632	965	966
43194	28	1983	965	966
12767	28	1753	965	966
133225	28	553	965	966
68690	28	558	965	966
24700	28	1679	965	966
12462	28	38	965	966
45891	28	1850	965	966
113722	28	1532	965	966
78435	28	12647	965	966
42367	28	4139	965	966
74406	28	79193	965	966
32386	28	602	965	966
70885	28	1398	965	966
27277	28	442	965	966
116119	28	1267	965	966
12536	28	781	965	966
101190	28	3995	965	966
122962	28	890	965	966
39102	28	983	965	966
8196	28	743	965	966
141851	14	4374	965	966
102675	28	2320	965	966
32101	28	2814	965	966
28477	28	498	965	966
92360	28	808	965	966
40107	28	1873	965	966
11760	28	64	965	966
106738	28	13780	965	966
10440	28	42	965	966
63356	28	495	965	966
67570	28	5736	965	966
49712	28	7083	965	966
97018	28	9970	965	966
20664	28	940	965	966
8936	28	239	965	966
56029	28	2605	965	966
15322	28	1420	965	966
92441	28	486	965	966
5470	28	363	965	966
45682	28	558	965	966
12423	28	698	965	966
20015	28	937	965	966
20932	28	2292	965	966
26102	28	1098	965	966
45517	28	1492	965	966
20980	28	10874	965	966
61659	28	2320	965	966
11157	28	80	965	966
12100	28	74	965	966
80008	28	592	965	966
106990	28	53641	965	966
68939	28	171	965	966
80036	28	3388	965	966
80048	28	623	965	966
28552	28	1434	965	966
19636	28	1330	965	966
44131	28	36685	965	966
7828	28	719	965	966
86264	28	1616	965	966
30095	28	120	965	966
66702	28	2023	965	966
6430	28	28	965	966
92608	28	412	965	966
32954	28	482	965	966
61970	28	1404	965	966
26028	28	2482	965	966
51164	28	247	965	966
35426	28	145	965	966
75950	28	104	965	966
32738	28	2349	965	966
77411	28	346	965	966
103663	28	9751	965	966
25940	28	509	965	966
121821	28	2608	965	966
23065	28	1119	965	966
16215	28	1160	965	966
8802	28	528	965	966
51198	28	8198	965	966
55356	28	3051	965	966
75219	28	110	965	966
46028	28	1624	965	966
83651	28	3860	965	966
82619	28	400	965	966
27254	28	1321	965	966
26528	28	1529	965	966
16165	28	1268	965	966
80189	28	4978	965	966
107245	28	3205	965	966
67477	28	1624	965	966
55550	28	1268	965	966
7869	28	371	965	966
22043	28	40	965	966
45704	28	666	965	966
26749	28	803	965	966
107316	28	12755	965	966
117202	28	454	965	966
9852	28	3921	965	966
90913	28	47056	965	966
30432	28	26274	965	966
78381	28	333	965	966
123746	28	2608	965	966
83942	28	3860	965	966
23380	28	553	965	966
10839	28	1806	965	966
10400	28	852	965	966
33715	28	1828	965	966
27599	28	407	965	966
106033	28	1864	965	966
92880	28	391	965	966
40435	28	2604	965	966
7574	28	252	965	966
85552	28	1691	965	966
63223	28	610	965	966
80006	28	6566	965	966
66478	28	2223	965	966
107471	28	409	965	966
14378	28	69	965	966
15474	28	52	965	966
103516	28	65707	965	966
15151	28	1464	965	966
7418	28	169	965	966
85438	28	1727	965	966
33055	28	994	965	966
91409	28	292	965	966
13130	28	1421	965	966
96318	28	193	965	966
59604	28	2923	965	966
13601	28	537	965	966
27644	28	1160	965	966
9143	28	1358	965	966
93033	28	1577	965	966
10073	28	535	965	966
38930	28	4328	965	966
16202	28	27653	965	966
33005	28	263	965	966
59645	28	2138	965	966
23616	28	213	965	966
107755	28	273	965	966
12292	28	56	965	966
9531	28	142	965	966
33084	28	39	965	966
34628	28	686	965	966
13403	28	1232	965	966
69354	28	2766	965	966
35657	28	1058	965	966
48338	28	5547	965	966
124282	28	2528	965	966
70705	28	1120	965	966
84456	28	111	965	966
33646	28	2142	965	966
53158	28	23	965	966
92921	28	4403	965	966
40350	28	557	965	966
79322	28	2519	965	966
31602	28	1399	965	966
41094	28	28896	965	966
165259	28	693	965	966
28464	28	1116	965	966
12446	28	82	965	966
14693	28	1146	965	966
105251	28	1269	965	966
107917	28	927	965	966
18877	28	906	965	966
27731	28	2187	965	966
9525	28	1364	965	966
20052	28	110	965	966
99942	28	7117	965	966
59729	28	1201	965	966
10877	28	564	965	966
83843	28	1981	965	966
37783	28	363	965	966
17372	28	998	965	966
58155	28	332	965	966
143604	28	587	965	966
8527	28	57	965	966
6429	28	105	965	966
38376	28	930	965	966
51464	28	828	965	966
98336	28	297	965	966
54116	28	159	965	966
44395	28	16	965	966
32994	28	2131	965	966
54923	28	550	965	966
33121	28	910	965	966
10366	28	1624	965	966
77798	28	297	965	966
12034	28	1836	965	966
42807	28	411	965	966
44284	28	34687	965	966
14254	28	751	965	966
70646	28	3136	965	966
11924	28	571	965	966
16004	28	1623	965	966
35008	28	2423	965	966
41538	28	912	965	966
44214	28	159	965	966
54750	28	442	965	966
23017	28	1811	965	966
13968	28	695	965	966
51516	28	570	965	966
13662	28	310	965	966
11434	28	878	965	966
104654	28	483	965	966
72958	28	1965	965	966
11046	28	371	965	966
105222	28	570	965	966
46055	28	2482	965	966
97228	28	3136	965	966
25131	28	3930	965	966
89890	28	694	965	966
90558	28	3739	965	966
44372	28	174	965	966
32389	28	105	965	966
33143	28	26134	965	966
37071	28	486	965	966
99684	28	803	965	966
6319	28	787	965	966
87013	28	449	965	966
10471	28	28	965	966
26530	28	769	965	966
24345	28	1431	965	966
37384	28	2187	965	966
71669	28	45883	965	966
76049	28	1484	965	966
9379	28	43	965	966
11717	28	1052	965	966
18138	28	275	965	966
21259	28	29237	965	966
65218	28	2991	965	966
86085	28	19333	965	966
40919	28	816	965	966
72685	28	45328	965	966
83385	28	1124	965	966
103751	28	1980	965	966
31480	28	1954	965	966
61981	28	30463	965	966
26551	28	904	965	966
75260	28	139895	965	966
124930	28	125030	965	966
55836	28	571	965	966
75351	28	2282	965	966
9385	28	617	965	966
39291	28	1074	965	966
36173	28	129	965	966
24649	28	559	965	966
98092	28	949	965	966
12119	28	1576	965	966
48064	28	793	965	966
59331	28	86	965	966
68746	28	8931	965	966
15122	28	555	965	966
69635	28	51174	965	966
71929	28	210	965	966
26102	28	3926	965	966
84170	28	864	965	966
82272	28	1112	965	966
75395	28	1909	965	966
39978	28	6525	965	966
14841	28	1339	965	966
34552	28	508	965	966
25098	28	333	965	966
144470	28	1980	965	966
74647	28	44026	965	966
98289	28	2151	965	966
31330	28	1660	965	966
166347	28	11144	965	966
89293	28	478	965	966
80853	28	2563	965	966
41807	28	1830	965	966
83853	28	71592	965	966
41511	28	2593	965	966
99640	28	328	965	966
83454	28	143	965	966
22446	28	669	965	966
91433	28	142	965	966
29901	28	995	965	966
73738	28	2179	965	966
38154	28	1709	965	966
11797	28	87	965	966
37109	28	65	965	966
39545	28	404	965	966
23597	28	3449	965	966
64173	28	1324	965	966
28738	28	364	965	966
124585	28	719	965	966
73098	28	234	965	966
20679	28	186	965	966
30640	28	354	965	966
12241	28	839	965	966
38520	28	79	965	966
30333	28	1932	965	966
10253	28	1179	965	966
39168	28	205	965	966
93947	28	2724	965	966
72187	28	679	965	966
58505	28	463	965	966
138428	28	1054	965	966
15276	28	3446	965	966
125584	28	1074	965	966
27258	28	20258	965	966
86398	28	1762	965	966
38532	28	710	965	966
11744	28	1567	965	966
69778	28	33940	965	966
28115	28	232	965	966
33083	28	974	965	966
93994	28	1998	965	966
84987	28	28794	965	966
68679	28	19	965	966
82985	28	7864	965	966
81131	28	1730	965	966
6897	28	421	965	966
6863	28	133	965	966
10244	28	74	965	966
27312	28	1082	965	966
108835	28	2011	965	966
80472	28	3649	965	966
6214	28	1905	965	966
19852	28	781	965	966
70872	28	785	965	966
15656	28	44	965	966
88914	28	32121	965	966
51556	28	38888	965	966
75918	28	1221	965	966
8835	28	102	965	966
81173	28	371	965	966
27609	28	370	965	966
49033	28	2411	965	966
10292	28	334	965	966
71814	28	2187	965	966
56367	28	386	965	966
81184	28	1351	965	966
145189	28	41176	965	966
92658	28	5355	965	966
25162	28	118	965	966
12406	28	72064	965	966
44538	28	1325	965	966
13738	28	354	965	966
93034	28	3184	965	966
69013	28	1232	965	966
69845	28	686	965	966
6770	28	552	965	966
24301	28	7284	965	966
55475	28	71	965	966
69853	28	833	965	966
16837	28	315	965	966
29282	28	155	965	966
9231	28	12506	965	966
11470	28	1508	965	966
72537	28	3838	965	966
44891	28	1036	965	966
125917	28	16805	965	966
103379	28	3700	965	966
7575	28	214	965	966
43231	28	632	965	966
109076	28	1525	965	966
19981	28	291	965	966
78563	28	3491	965	966
32990	28	61	965	966
16817	28	152	965	966
87784	28	714	965	966
57890	28	1259	965	966
10502	28	120	965	966
64103	28	2773	965	966
16084	28	213	965	966
17666	28	273	965	966
20503	28	676	965	966
15131	28	6557	965	966
38017	28	1237	965	966
103602	28	2233	965	966
28161	28	369	965	966
73538	28	1346	965	966
48307	28	83	965	966
65426	28	1119	965	966
26076	28	690	965	966
12679	28	977	965	966
126052	28	2125	965	966
12141	28	100	965	966
12670	28	1675	965	966
61955	28	445	965	966
113390	28	1056	965	966
76087	28	2153	965	966
124591	28	2968	965	966
102740	28	47463	965	966
93541	28	5160	965	966
14177	28	474	965	966
101958	28	9280	965	966
33061	28	908	965	966
23934	28	1264	965	966
8687	28	1483	965	966
48091	28	2152	965	966
61695	28	832	965	966
97137	28	560	965	966
10595	28	26368	965	966
167555	28	507	965	966
13754	28	100	965	966
23163	28	693	965	966
100694	28	814	965	966
69294	28	2011	965	966
126180	28	699	965	966
109272	28	673	965	966
41007	28	1424	965	966
15791	28	266	965	966
69949	28	118	965	966
65159	28	1598	965	966
42280	28	122	965	966
38583	28	3034	965	966
69956	28	7583	965	966
47709	28	5797	965	966
6977	28	607	965	966
38040	28	1116	965	966
61391	28	43	965	966
38016	28	7636	965	966
13776	28	145	965	966
7748	28	107	965	966
105446	28	750	965	966
87813	28	23926	965	966
72660	28	7071	965	966
25964	28	1288	965	966
7678	28	1530	965	966
92374	28	2373	965	966
48934	28	5153	965	966
71087	28	2159	965	966
17232	28	257	965	966
44036	28	1057	965	966
18318	28	2036	965	966
49497	28	891	965	966
126373	28	8240	965	966
79886	28	1887	965	966
12671	28	2884	965	966
74761	28	2317	965	966
12672	28	175	965	966
8429	28	102	965	966
73865	28	71	965	966
16816	28	560	965	966
29855	28	325	965	966
32061	28	357	965	966
75822	28	565	965	966
51082	28	2158	965	966
24479	28	1232	965	966
30203	28	16805	965	966
81418	28	499	965	966
9249	28	303	965	966
107413	28	4682	965	966
126508	28	5171	965	966
17158	28	334	965	966
34930	28	530	965	966
109483	28	789	965	966
89313	28	3118	965	966
12762	28	910	965	966
17226	28	1101	965	966
50552	28	580	965	966
36307	28	634	965	966
19225	28	1731	965	966
78448	28	3920	965	966
19301	28	1417	965	966
22582	28	909	965	966
11415	28	351	965	966
76419	28	2773	965	966
10899	28	1145	965	966
7276	28	1026	965	966
107917	28	3522	965	966
29988	28	593	965	966
77835	28	4051	965	966
118970	28	18009	965	966
52350	28	741	965	966
52068	28	1308	965	966
146237	28	21233	965	966
119483	28	391	965	966
5996	28	275	965	966
25439	28	1507	965	966
123313	28	2829	965	966
94535	28	19113	965	966
9374	28	1312	965	966
22437	28	251	965	966
48241	28	4328	965	966
78028	28	3136	965	966
73114	28	1618	965	966
146367	28	1234	965	966
45705	28	1035	965	966
88714	28	23926	965	966
65230	28	864	965	966
28475	28	8239	965	966
22589	28	242	965	966
109622	28	386	965	966
92360	28	18584	965	966
20954	28	238	965	966
21771	28	1794	965	966
109394	28	3058	965	966
107576	28	1331	965	966
92775	28	222	965	966
126771	28	232	965	966
69723	28	1794	965	966
69095	28	8770	965	966
14128	28	1221	965	966
14469	28	634	965	966
15946	28	1338	965	966
92741	28	38204	965	966
58412	28	897	965	966
19979	28	754	965	966
20064	28	1492	965	966
18186	28	40	965	966
102668	28	85	965	966
94623	28	602	965	966
103907	28	1096	965	966
14516	28	46	965	966
30252	28	1232	965	966
46388	28	2189	965	966
39698	28	1330	965	966
42889	28	170	965	966
23393	28	2302	965	966
11862	28	1119	965	966
96978	28	22251	965	966
83212	28	1333	965	966
21083	28	1709	965	966
97611	28	2478	965	966
34529	28	1420	965	966
77118	28	6557	965	966
78617	28	1325	965	966
66489	28	1533	965	966
26679	28	51	965	966
61167	28	1410	965	966
37044	28	78	965	966
15168	28	575	965	966
103744	28	574	965	966
73813	28	2728	965	966
105511	28	159	965	966
69547	28	2604	965	966
10803	28	912	965	966
15760	28	1078	965	966
29040	28	67	965	966
8576	28	2482	965	966
23673	28	132	965	966
47804	28	1117	965	966
79767	28	739	965	966
82820	28	19113	965	966
86276	28	10620	965	966
9828	28	794	965	966
119468	28	3739	965	966
48275	28	1921	965	966
12351	28	1496	965	966
113256	28	1618	965	966
27688	28	909	965	966
24084	28	542	965	966
70019	28	1552	965	966
36617	28	2257	965	966
16919	28	754	965	966
14467	28	193	965	966
93463	28	1980	965	966
13777	28	1314	965	966
52222	28	5123	965	966
168973	28	5935	965	966
41863	28	888	965	966
121419	28	23125	965	966
102576	28	22751	965	966
21071	28	3039	965	966
13270	28	679	965	966
45253	28	482	965	966
51798	28	35357	965	966
81313	28	445	965	966
127119	28	478	965	966
103663	28	1112	965	966
108632	28	2242	965	966
69347	28	378	965	966
68890	28	900	965	966
83170	28	3522	965	966
39240	28	1417	965	966
38743	28	50	965	966
78853	28	1233	965	966
17659	28	263	965	966
101612	28	2583	965	966
147010	28	42	965	966
18470	28	107	965	966
141524	28	1617	965	966
40820	28	2737	965	966
13712	28	1525	965	966
88072	28	6547	965	966
77133	28	3836	965	966
17588	28	1561	965	966
22014	28	3476	965	966
109966	28	2311	965	966
91129	28	3000	965	966
17379	28	122	965	966
21539	28	74	965	966
74411	28	1121	965	966
9443	28	696	965	966
88593	28	5459	965	966
21138	28	313	965	966
110000	28	12647	965	966
10727	28	1552	965	966
66573	28	3416	965	966
53749	28	152	965	966
10637	28	889	965	966
16696	28	104	965	966
93304	28	900	965	966
145608	28	7157	965	966
12507	28	1175	965	966
67133	28	67	965	966
77215	28	482	965	966
90517	28	1653	965	966
66675	28	3584	965	966
13294	28	6983	965	966
31279	28	897	965	966
18066	28	30	965	966
9053	28	295	965	966
126381	28	2336	965	966
8936	28	571	965	966
10781	28	456	965	966
48989	28	40	965	966
110083	28	2128	965	966
54013	28	913	965	966
24562	28	2914	965	966
18089	28	399	965	966
7239	28	542	965	966
8454	28	888	965	966
16336	28	230	965	966
44384	28	192	965	966
16593	28	304	965	966
67256	28	8033	965	966
100617	28	786	965	966
127440	28	1368	965	966
105222	28	45	965	966
13006	28	64	965	966
28491	28	1626	965	966
11059	28	44	965	966
7088	28	743	965	966
61148	28	14879	965	966
79966	28	2901	965	966
15379	28	254	965	966
82633	28	2007	965	966
15921	28	3678	965	966
67535	28	558	965	966
72753	28	1492	965	966
14726	28	47	965	966
36165	28	1457	965	966
8231	28	2045	965	966
14233	28	477	965	966
13805	28	829	965	966
37543	28	1514	965	966
127540	28	37470	965	966
33820	28	1116	965	966
114275	28	11144	965	966
21820	28	196	965	966
44411	28	456	965	966
94896	28	15927	965	966
105425	28	99	965	966
21507	28	2903	965	966
65949	28	181	965	966
6843	28	511	965	966
6627	28	1195	965	966
10495	28	625	965	966
59304	28	1542	965	966
41809	28	273	965	966
109980	28	3388	965	966
59586	28	607	965	966
57803	28	617	965	966
19006	28	646	965	966
68213	28	1861	965	966
127697	28	2487	965	966
69559	28	8108	965	966
12444	28	330	965	966
10817	28	156	965	966
69627	28	2052	965	966
11576	28	1232	965	966
18649	28	1411	965	966
13731	28	28896	965	966
100921	28	99	965	966
38971	28	4139	965	966
117850	28	919	965	966
21525	28	794	965	966
66680	28	3047	965	966
127739	28	2336	965	966
15550	28	58	965	966
52257	28	675	965	966
17074	28	1836	965	966
94966	28	3319	965	966
69970	28	3429	965	966
22296	28	8282	965	966
56593	28	988	965	966
147892	28	1120	965	966
47063	28	6822	965	966
127782	28	6566	965	966
15591	28	179	965	966
30782	28	1022	965	966
88538	28	14989	965	966
21616	28	1966	965	966
113123	28	3921	965	966
16310	28	542	965	966
110340	28	99058	965	966
8132	28	1024	965	966
78610	28	593	965	966
125384	28	673	965	966
147958	28	48657	965	966
147974	28	2997	965	966
99968	28	1762	965	966
94997	28	409	965	966
117471	28	1394	965	966
45957	28	2724	965	966
18785	28	903	965	966
67777	28	1691	965	966
93045	28	681	965	966
114513	28	3692	965	966
115699	28	1084	965	966
18055	28	407	965	966
27860	28	836	965	966
90450	28	781	965	966
106931	28	391	965	966
14134	28	384	965	966
9313	28	445	965	966
80085	28	1899	965	966
49053	28	32737	965	966
90226	28	1325	965	966
20535	28	1885	965	966
14096	28	491	965	966
24656	28	141	965	966
140915	28	5227	965	966
7669	28	30	965	966
148133	28	3781	965	966
69451	28	202	965	966
38324	28	533	965	966
27475	28	462	965	966
35428	28	681	965	966
28057	28	1659	965	966
49115	28	83	965	966
117751	28	896	965	966
31514	28	524	965	966
22027	28	169	965	966
94310	28	46	965	966
50998	28	1581	965	966
85553	28	2277	965	966
37213	28	318	965	966
26193	28	295	965	966
46732	28	435	965	966
49223	28	179	965	966
81431	28	1793	965	966
36998	28	1985	965	966
86291	28	46787	965	966
62398	28	3174	965	966
28790	28	42	965	966
97594	28	478	965	966
71047	28	231	965	966
36553	28	2182	965	966
38307	28	234	965	966
58234	28	110	965	966
42312	28	1388	965	966
24705	28	3838	965	966
56803	28	877	965	966
107370	28	2274	965	966
50348	28	78	965	966
84332	28	483	965	966
74082	28	45883	965	966
14193	28	642	965	966
140610	28	310	965	966
110543	28	88	965	966
7779	28	2884	965	966
14646	28	85	965	966
29218	28	4809	965	966
11031	28	239	965	966
46590	28	6525	965	966
95093	28	23220	965	966
12166	28	1049	965	966
90464	28	1457	965	966
95104	28	1286	965	966
85918	28	6151	965	966
99292	28	1533	965	966
28953	28	3614	965	966
16210	28	3584	965	966
7875	28	160	965	966
39839	28	2458	965	966
55991	28	2300	965	966
18432	28	515	965	966
20633	28	105	965	966
128227	28	564	965	966
75937	28	1563	965	966
19212	28	313	965	966
31387	28	495	965	966
30163	28	1167	965	966
128255	28	2773	965	966
47042	28	686	965	966
72704	28	552	965	966
73823	28	6204	965	966
93572	28	1074	965	966
98843	28	28949	965	966
21391	28	18621	965	966
42722	28	407	965	966
14652	28	699	965	966
104171	28	7284	965	966
50026	28	5553	965	966
29864	28	126	965	966
38563	28	6022	965	966
76356	28	1721	965	966
11003	28	37	965	966
56199	28	22160	965	966
66871	28	23926	965	966
11478	28	346	965	966
18874	28	3739	965	966
75509	28	30463	965	966
66128	28	30581	965	966
94225	28	860	965	966
171443	28	1233	965	966
121266	28	4412	965	966
51558	28	35016	965	966
15373	28	2089	965	966
14952	28	142	965	966
30250	28	5661	965	966
105120	28	4631	965	966
68449	28	2023	965	966
25965	28	2807	965	966
62415	28	5994	965	966
6699	28	977	965	966
12230	28	698	965	966
13776	28	476	965	966
27884	28	1136	965	966
11837	28	657	965	966
104073	28	19113	965	966
27000	28	234	965	966
70053	28	1071	965	966
78883	28	114910	965	966
123935	28	988	965	966
51201	28	103	965	966
68336	28	17821	965	966
9992	28	188	965	966
80027	28	32121	965	966
108895	28	2846	965	966
30286	28	634	965	966
15420	28	2477	965	966
87802	28	2216	965	966
80851	28	2050	965	966
19146	28	456	965	966
38400	28	1195	965	966
5162	28	888	965	966
36579	28	1464	965	966
28672	28	900	965	966
108390	28	923	965	966
46026	28	757	965	966
95214	28	2682	965	966
32990	28	52	965	966
96011	28	1074	965	966
128562	28	1527	965	966
9002	28	998	965	966
82768	28	13963	965	966
21521	28	402	965	966
16034	28	16597	965	966
67081	28	1177	965	966
102266	28	690	965	966
108883	28	2553	965	966
50861	28	988	965	966
108962	28	515	965	966
109307	28	19484	965	966
106250	28	16279	965	966
81461	28	2052	965	966
98251	28	71592	965	966
70515	28	343	965	966
14864	28	1277	965	966
44241	28	241	965	966
18749	28	6547	965	966
10182	28	1232	965	966
7138	28	120	965	966
87063	28	3777	965	966
14686	28	45	965	966
103852	28	478	965	966
34136	28	215	965	966
15947	28	310	965	966
51656	28	816	965	966
101534	28	6413	965	966
11884	28	1905	965	966
24686	28	1053	965	966
27626	28	965	965	966
13790	28	992	965	966
128757	28	4162	965	966
59571	28	565	965	966
88984	28	1824	965	966
30802	28	2334	965	966
79555	28	2072	965	966
26510	28	4269	965	966
70275	28	3514	965	966
128782	28	1266	965	966
48968	28	486	965	966
59606	28	2334	965	966
6312	28	931	965	966
19359	28	1542	965	966
50830	28	234	965	966
72591	28	2203	965	966
149552	28	1074	965	966
36084	28	692	965	966
81330	28	179	965	966
120349	28	452	965	966
29951	28	3503	965	966
54196	28	128631	965	966
37905	28	103	965	966
60396	28	5160	965	966
49223	28	741	965	966
43507	28	533	965	966
58669	28	3811	965	966
88247	28	1530	965	966
66083	28	1476	965	966
7681	28	740	965	966
39850	28	81	965	966
12033	28	983	965	966
52093	28	1158	965	966
42976	28	891	965	966
38886	28	103	965	966
26354	28	79	965	966
115496	28	3385	965	966
18738	28	260	965	966
15809	28	152	965	966
34989	28	8770	965	966
32873	28	309	965	966
52258	28	718	965	966
13498	28	83	965	966
11371	28	171	965	966
103152	28	1163	965	966
78607	28	2477	965	966
10623	28	40	965	966
103707	28	1430	965	966
14048	28	4756	965	966
122095	28	10620	965	966
6582	28	628	965	966
23314	28	3414	965	966
53593	28	1325	965	966
20583	28	695	965	966
10266	28	1610	965	966
6725	28	508	965	966
94062	28	2199	965	966
54482	28	10050	965	966
69795	28	5226	965	966
69469	28	54	965	966
30011	28	180	965	966
67425	28	21935	965	966
149807	28	8523	965	966
102570	28	99	965	966
8481	28	1420	965	966
72181	28	1153	965	966
56353	28	482	965	966
22601	28	2026	965	966
95003	28	53193	965	966
23095	28	155	965	966
51084	28	4246	965	966
63692	28	45883	965	966
42393	28	483	965	966
21815	28	769	965	966
14126	28	2302	965	966
75905	28	282	965	966
40323	28	3373	965	966
45171	28	2923	965	966
65166	28	1175	965	966
28488	28	4363	965	966
94890	28	104	965	966
52114	28	2280	965	966
80266	28	2458	965	966
108275	28	76603	965	966
53044	28	892	965	966
64447	28	1484	965	966
68451	28	558	965	966
8107	28	743	965	966
33057	28	673	965	966
30075	28	1011	965	966
16223	28	2423	965	966
95230	28	1730	965	966
83601	28	2773	965	966
128864	28	1794	965	966
65011	28	740	965	966
25664	28	1153	965	966
91813	28	956	965	966
106601	28	2597	965	966
53098	28	846	965	966
99531	28	1034	965	966
80427	28	1918	965	966
25672	28	2728	965	966
81989	28	2576	965	966
43491	28	476	965	966
111082	28	2901	965	966
10502	28	1026	965	966
53090	28	646	965	966
27370	28	2589	965	966
37220	28	171	965	966
38220	28	1837	965	966
129102	28	2742	965	966
14969	28	8420	965	966
90003	28	7739	965	966
65184	28	1243	965	966
46464	28	1007	965	966
58285	28	250	965	966
95230	28	1793	965	966
77030	28	770	965	966
35266	28	2061	965	966
15962	28	1543	965	966
73282	28	1380	965	966
11456	28	3584	965	966
11526	28	347	965	966
26508	28	1127	965	966
76429	28	911	965	966
17174	28	506	965	966
57893	28	857	965	966
15791	28	83	965	966
21612	28	1730	965	966
49443	28	475	965	966
60204	28	922	965	966
95860	28	310	965	966
100100	28	1501	965	966
12285	28	124	965	966
15989	28	83	965	966
20621	28	1465	965	966
32880	28	66390	965	966
11049	28	126	965	966
26991	28	1561	965	966
13439	28	568	965	966
18492	28	52	965	966
13423	28	1243	965	966
14839	28	51196	965	966
34381	28	1751	965	966
41429	28	2423	965	966
50216	28	387	965	966
82298	28	659	965	966
51459	28	462	965	966
149268	28	171	965	966
22447	28	940	965	966
24042	28	3926	965	966
123529	28	1333	965	966
35096	28	1011	965	966
85177	28	1794	965	966
61267	28	1080	965	966
35187	28	119	965	966
43032	28	2519	965	966
21047	28	933	965	966
54949	28	416	965	966
21278	28	72	965	966
10026	28	1753	965	966
102530	28	165	965	966
60585	28	2334	965	966
16276	28	343	965	966
89690	28	1793	965	966
8751	28	925	965	966
55880	28	371	965	966
56530	28	41	965	966
12055	28	122	965	966
63912	28	1190	965	966
4842	28	332	965	966
16514	28	699	965	966
87245	28	1190	965	966
11491	28	759	965	966
64139	28	1152	965	966
64855	28	7372	965	966
16055	28	80	965	966
37239	28	410	965	966
90498	28	1370	965	966
69266	28	5243	965	966
101645	28	1150	965	966
54998	28	1115	965	966
17795	28	1325	965	966
95484	28	483	965	966
9810	28	836	965	966
123449	28	33999	965	966
6559	28	1875	965	966
8643	28	552	965	966
12776	28	219	965	966
26181	28	1196	965	966
120770	28	3385	965	966
80641	28	2553	965	966
14472	28	1399	965	966
109578	23	129008	965	966
101541	28	8866	965	966
75571	28	49988	965	966
111281	28	725	965	966
14337	28	346	965	966
56508	28	485	965	966
62824	28	536	965	966
95503	28	1036	965	966
44039	28	580	965	966
10898	28	2528	965	966
98460	28	1152	965	966
57734	28	5211	965	966
60084	28	1436	965	966
109630	28	3092	965	966
11367	28	240	965	966
10546	28	168	965	966
101470	28	12467	965	966
26919	28	81	965	966
7679	28	575	965	966
17124	28	19	965	966
14990	28	962	965	966
8258	28	38	965	966
129474	28	2802	965	966
45432	28	91	965	966
59484	28	1115	965	966
11719	28	1655	965	966
29607	28	251	965	966
27692	28	680	965	966
41907	28	1195	965	966
28727	28	380	965	966
13973	28	315	965	966
88609	28	781	965	966
75744	28	1467	965	966
69643	28	1370	965	966
15004	28	269	965	966
37302	28	770	965	966
108778	28	2114	965	966
19119	28	2423	965	966
83172	28	1231	965	966
10848	28	405	965	966
68641	28	3707	965	966
53764	28	442	965	966
9128	28	974	965	966
42876	28	1231	965	966
103996	28	696	965	966
43300	28	659	965	966
128564	28	675	965	966
81302	28	1909	965	966
100584	28	2802	965	966
11735	28	994	965	966
27408	28	666	965	966
99379	28	930	965	966
36022	28	1325	965	966
91824	28	12467	965	966
49277	28	1011	965	966
58944	28	427	965	966
53375	28	353	965	966
80669	28	2423	965	966
12330	28	1146	965	966
48421	28	3793	965	966
81768	28	1672	965	966
111362	28	2829	965	966
31470	28	58	965	966
91812	28	1182	965	966
16208	28	670	965	966
104614	28	404	965	966
65434	28	1171	965	966
16182	28	5798	965	966
127651	28	1725	965	966
15474	28	816	965	966
136563	28	7004	965	966
107107	28	1542	965	966
37658	28	3491	965	966
8697	28	136	965	966
35313	28	699	965	966
37998	28	715	965	966
17874	28	5354	965	966
9019	28	185	965	966
53118	28	1264	965	966
30479	28	1568	965	966
34560	28	42027	965	966
40237	28	2555	965	966
67322	28	2158	965	966
129652	28	1096	965	966
28497	28	3153	965	966
89374	28	92	965	966
74568	28	598	965	966
10657	28	273	965	966
9831	28	2311	965	966
45611	28	2834	965	966
21127	28	433	965	966
49410	28	698	965	966
23756	28	1330	965	966
18977	28	154	965	966
23904	28	4002	965	966
16985	28	1709	965	966
51481	28	1222	965	966
28921	28	1402	965	966
12220	28	118	965	966
85396	28	2968	965	966
70860	28	2302	965	966
50446	28	974	965	966
94612	28	967	965	966
8337	28	2697	965	966
37286	28	1195	965	966
31717	28	386	965	966
81879	28	456	965	966
9287	28	2816	965	966
18436	28	111	965	966
77035	28	230	965	966
49514	28	4767	965	966
10726	28	407	965	966
93242	28	2241	965	966
64872	28	307	965	966
62680	28	439	965	966
37993	28	462	965	966
59220	28	2228	965	966
33242	28	6143	965	966
103858	28	2233	965	966
25435	28	1829	965	966
72543	28	1830	965	966
151432	28	51736	965	966
19461	28	47	965	966
27016	28	1836	965	966
12273	28	568	965	966
13947	28	5980	965	966
42855	28	1698	965	966
7741	28	465	965	966
149466	28	35016	965	966
39662	28	2997	965	966
84508	28	416	965	966
26620	28	346	965	966
16915	28	36	965	966
118275	28	1096	965	966
95432	28	1527	965	966
74961	28	361	965	966
51027	28	3838	965	966
7102	28	1400	965	966
150756	28	454	965	966
72096	28	105	965	966
95428	28	371	965	966
51735	28	1171	965	966
16199	28	1616	965	966
10827	28	73	965	966
60097	28	2263	965	966
55453	28	908	965	966
88196	28	659	965	966
151539	28	8523	965	966
88475	28	2204	965	966
104159	28	2689	965	966
84355	28	462	965	966
125684	28	1552	965	966
84678	28	66	965	966
18238	28	509	965	966
18664	28	1407	965	966
108253	28	841	965	966
142956	28	3933	965	966
16246	28	757	965	966
127669	28	2179	965	966
107186	28	556	965	966
17117	28	142	965	966
7321	28	318	965	966
65972	28	14989	965	966
96451	28	1233	965	966
151664	28	1571	965	966
42070	28	24	965	966
129479	28	2997	965	966
50497	28	336	965	966
62218	28	2692	965	966
17972	28	1011	965	966
108029	28	552	965	966
19659	28	49	965	966
89481	28	122	965	966
10882	28	186	965	966
75924	28	1073	965	966
30169	28	603	965	966
36769	28	1146	965	966
38399	28	2103	965	966
91321	28	1536	965	966
51910	28	282	965	966
51924	28	1718	965	966
58605	28	416	965	966
37839	23	129951	965	966
129951	23	37839	965	966
38183	28	140	965	966
16003	28	551	965	966
129109	28	1762	965	966
9829	28	558	965	966
23680	28	2228	965	966
104120	28	5026	965	966
78698	28	825	965	966
56922	28	1905	965	966
107053	28	44026	965	966
17254	28	334	965	966
150706	28	1060	965	966
75782	28	1299	965	966
112087	28	4217	965	966
82236	28	580	965	966
23892	28	1293	965	966
33702	28	1734	965	966
24356	28	1747	965	966
69611	28	1367	965	966
87808	28	16597	965	966
64964	28	1896	965	966
9643	28	354	965	966
18211	28	325	965	966
20814	28	2051	965	966
58896	28	118	965	966
121195	28	2485	965	966
27949	28	5070	965	966
20971	28	333	965	966
12261	28	273	965	966
48969	28	455	965	966
48564	28	607	965	966
64536	28	1654	965	966
68954	28	303	965	966
51455	28	91	965	966
68121	28	44861	965	966
31235	28	3299	965	966
13572	28	2152	965	966
78910	28	1465	965	966
32795	28	3838	965	966
14596	28	1116	965	966
18420	28	377	965	966
35878	28	1806	965	966
94775	28	2113	965	966
8326	28	234	965	966
60396	28	808	965	966
62668	28	6525	965	966
27593	28	2089	965	966
86979	28	1651	965	966
7620	28	101	965	966
44262	28	1467	965	966
35169	28	476	965	966
33913	28	942	965	966
152220	28	2233	965	966
50329	28	1525	965	966
20170	28	3914	965	966
25876	28	3287	965	966
110819	28	119	965	966
47297	28	18584	965	966
35969	28	1522	965	966
130162	28	145	965	966
15619	28	89	965	966
33857	28	1136	965	966
27087	28	624	965	966
116218	28	2903	965	966
9824	28	83	965	966
15282	28	67	965	966
38092	28	499	965	966
52187	28	1148	965	966
48207	28	2534	965	966
91890	28	2480	965	966
62680	28	83	965	966
92169	28	1269	965	966
44697	28	87	965	966
84022	28	1571	965	966
51664	28	152	965	966
38277	28	5547	965	966
105057	28	171	965	966
81684	28	1210	965	966
86083	28	499	965	966
27750	28	1883	965	966
70178	28	1458	965	966
86674	28	1885	965	966
24431	28	1468	965	966
115220	28	2611	965	966
105087	28	6783	965	966
9468	28	681	965	966
31140	28	2146	965	966
77887	28	922	965	966
28130	28	343	965	966
69885	28	13217	965	966
44703	28	681	965	966
28808	28	11290	965	966
78363	28	3649	965	966
80960	28	1134	965	966
31834	28	970	965	966
120357	28	2829	965	966
88613	28	58	965	966
52869	28	2208	965	966
71516	28	439	965	966
14115	28	885	965	966
26084	28	1529	965	966
17426	28	6370	965	966
125710	28	71092	965	966
60846	28	4588	965	966
30001	28	81	965	966
44600	28	1552	965	966
77938	28	2185	965	966
24445	28	1288	965	966
15669	28	1594	965	966
50364	28	1530	965	966
51020	28	816	965	966
117871	28	442	965	966
47661	28	422	965	966
149658	28	45883	965	966
23461	28	2994	965	966
44162	28	1330	965	966
79086	28	2117	965	966
29431	28	972	965	966
18496	28	556	965	966
44157	28	977	965	966
25912	28	118	965	966
70188	28	1239	965	966
85298	28	702	965	966
76115	28	1458	965	966
92018	28	967	965	966
59856	28	467	965	966
110685	28	27670	965	966
11100	28	221	965	966
125388	28	45	965	966
51079	28	1514	965	966
103436	28	3132	965	966
8525	28	968	965	966
11321	28	557	965	966
34399	28	69739	965	966
56671	28	536	965	966
66645	28	1819	965	966
66024	28	3545	965	966
126734	28	2280	965	966
57865	28	956	965	966
32593	28	556	965	966
13267	28	16565	965	966
21403	28	842	965	966
109735	28	1860	965	966
31735	28	1643	965	966
75533	28	69	965	966
149701	28	1896	965	966
69608	28	670	965	966
68355	28	304	965	966
28457	28	1875	965	966
14516	28	24	965	966
107321	28	234	965	966
9309	28	432	965	966
24086	28	334	965	966
96662	28	83	965	966
36791	28	770	965	966
7868	28	5790	965	966
33542	28	398	965	966
87809	28	967	965	966
29680	28	1288	965	966
102156	28	131	965	966
63459	28	2807	965	966
60405	28	69739	965	966
24191	28	781	965	966
38750	28	37681	965	966
47392	28	6923	965	966
26170	28	1409	965	966
12565	28	778	965	966
9850	28	39	965	966
28404	28	358	965	966
56341	28	72	965	966
152896	28	866	965	966
30847	28	635	965	966
38148	28	1026	965	966
111257	28	5381	965	966
84196	28	171	965	966
80158	28	719	965	966
59780	28	2519	965	966
24958	28	181	965	966
18669	28	1623	965	966
29532	28	2724	965	966
15599	28	253	965	966
15653	28	1024	965	966
63448	28	825	965	966
76533	28	152	965	966
36839	28	27205	965	966
22849	28	971	965	966
93534	28	1014	965	966
109466	28	4750	965	966
47464	28	872	965	966
76409	28	3674	965	966
67820	28	2720	965	966
81741	28	1288	965	966
91625	28	478	965	966
98927	28	1765	965	966
72634	28	1742	965	966
56314	28	3268	965	966
71244	28	133	965	966
49385	28	909	965	966
10825	28	681	965	966
14281	28	71	965	966
107755	28	13780	965	966
123978	28	2083	965	966
26805	28	1031	965	966
54455	28	1098	965	966
33128	28	1956	965	966
128063	28	254	965	966
10336	28	465	965	966
70662	28	4243	965	966
59391	28	1794	965	966
128607	28	3452	965	966
14814	28	407	965	966
31778	28	462	965	966
143101	28	9261	965	966
134652	28	1571	965	966
95588	28	215	965	966
57255	28	1027	965	966
8537	28	556	965	966
93793	28	2490	965	966
78436	28	3084	965	966
36224	28	896	965	966
44624	28	92	965	966
39850	28	56	965	966
58784	28	58	965	966
71728	28	5298	965	966
65806	28	442	965	966
15284	28	48	965	966
55333	28	757	965	966
93740	28	1727	965	966
18708	28	789	965	966
13668	28	2897	965	966
19066	28	401	965	966
95707	28	5935	965	966
18483	28	2486	965	966
88882	28	15275	965	966
111727	28	3226	965	966
14174	28	1195	965	966
81785	28	2373	965	966
88459	28	808	965	966
8201	28	186	965	966
23302	28	1834	965	966
30357	28	530	965	966
153237	28	937	965	966
29662	28	2753	965	966
91817	28	76745	965	966
7338	28	405	965	966
23902	28	2533	965	966
12593	28	421	965	966
16122	28	398	965	966
51650	28	537	965	966
130494	28	5173	965	966
61784	28	409	965	966
81321	28	1154	965	966
38901	28	74436	965	966
7545	28	405	965	966
109796	28	110	965	966
143510	28	7232	965	966
113910	28	1101	965	966
6863	28	548	965	966
12508	28	979	965	966
40375	28	532	965	966
60991	28	78869	965	966
98193	28	536	965	966
140248	28	2182	965	966
84546	28	537	965	966
107064	28	882	965	966
25735	28	409	965	966
76969	28	2604	965	966
77936	28	2503	965	966
16337	28	2207	965	966
124862	28	1288	965	966
103310	28	2068	965	966
6688	28	81	965	966
34030	28	39	965	966
94371	28	3064	965	966
48619	28	1070	965	966
36962	28	1069	965	966
75743	28	78	965	966
34671	28	1598	965	966
57950	28	346	965	966
67141	28	195	965	966
23422	28	504	965	966
55828	28	81	965	966
34263	28	5798	965	966
24949	28	3106	965	966
84995	28	37681	965	966
17148	28	5043	965	966
7476	28	79	965	966
33006	28	1905	965	966
124783	28	1230	965	966
67287	28	897	965	966
88801	28	6018	965	966
93936	28	449	965	966
71763	28	1777	965	966
16137	28	846	965	966
95104	28	2185	965	966
12832	28	2733	965	966
106738	28	273	965	966
35771	28	416	965	966
82534	28	1753	965	966
130581	28	274	965	966
8141	28	502	965	966
66998	28	13295	965	966
149963	28	983	965	966
17643	28	1190	965	966
33513	28	548	965	966
7147	28	407	965	966
14951	28	610	965	966
22499	28	610	965	966
90341	28	483	965	966
73198	28	486	965	966
68234	28	612	965	966
36227	28	679	965	966
46849	28	970	965	966
27098	28	3139	965	966
8315	28	74	965	966
44650	28	2068	965	966
120789	28	3132	965	966
18269	28	215	965	966
76231	28	1325	965	966
99611	28	1963	965	966
35870	28	575	965	966
9885	28	52	965	966
111518	28	1530	965	966
93224	28	2182	965	966
46998	28	72	965	966
39023	28	1131	965	966
67191	28	105143	965	966
99238	28	673	965	966
37921	28	3366	965	966
46281	28	95	965	966
78331	28	99058	965	966
19876	28	1302	965	966
20076	28	555	965	966
11700	28	1155	965	966
28369	28	1483	965	966
117148	28	1336	965	966
107444	28	646	965	966
70380	28	1073	965	966
79015	28	4083	965	966
72001	28	14030	965	966
61871	28	949	965	966
20369	28	2423	965	966
34296	28	49	965	966
44258	28	2528	965	966
129539	28	1400	965	966
74984	28	8632	965	966
74178	28	289	965	966
179474	28	386	965	966
64930	28	2913	965	966
77850	28	1467	965	966
11138	28	30	965	966
153346	28	455	965	966
68416	28	580	965	966
115316	28	8464	965	966
102857	28	1233	965	966
5289	28	31	965	966
31774	28	1611	965	966
13520	28	211	965	966
36764	28	923	965	966
61955	28	401	965	966
93723	28	1753	965	966
67989	28	587	965	966
19239	28	1417	965	966
71248	28	5661	965	966
128003	28	1167	965	966
121510	28	574	965	966
37395	28	3219	965	966
72840	28	74	965	966
10640	28	881	965	966
32339	28	255	965	966
29069	28	1136	965	966
76426	28	110557	965	966
37014	28	1836	965	966
135209	28	2456	965	966
29174	28	922	965	966
121332	28	47056	965	966
20266	28	2152	965	966
93571	28	311	965	966
18097	28	3994	965	966
95291	28	1765	965	966
55521	28	139	965	966
22258	28	1175	965	966
179754	28	919	965	966
18232	28	186	965	966
86460	28	1150	965	966
117285	28	903	965	966
56982	28	10888	965	966
83491	28	15927	965	966
63401	28	1115	965	966
81486	28	1492	965	966
20795	28	1070	965	966
35979	28	1691	965	966
73002	28	1484	965	966
8776	28	829	965	966
11652	28	101	965	966
127495	28	6459	965	966
94249	28	3213	965	966
23556	28	1080	965	966
147847	28	23	965	966
12029	28	277	965	966
54769	28	1476	965	966
123457	28	4195	965	966
25323	28	916	965	966
26895	28	1088	965	966
68958	28	912	965	966
153463	28	15083	965	966
67084	28	178	965	966
55372	28	95	965	966
11224	28	1192	965	966
19820	28	1731	965	966
97771	28	27588	965	966
56084	28	774	965	966
51128	28	1596	965	966
9190	28	6525	965	966
27488	28	1461	965	966
81444	28	927	965	966
11247	28	743	965	966
85868	28	17669	965	966
86016	28	1302	965	966
51823	28	642	965	966
43993	28	370	965	966
71820	28	3570	965	966
20438	28	1292	965	966
8116	28	58	965	966
57362	28	2829	965	966
88349	28	1238	965	966
61745	28	881	965	966
77722	28	1175	965	966
70209	28	192	965	966
62415	28	1483	965	966
51906	28	38888	965	966
21772	28	2203	965	966
15536	28	502	965	966
97450	28	848	965	966
101298	28	61	965	966
26481	28	607	965	966
13838	28	4199	965	966
95609	28	50717	965	966
51575	28	1264	965	966
88768	28	481	965	966
48019	28	1985	965	966
44989	28	1692	965	966
65949	28	529	965	966
56935	28	1742	965	966
62827	28	2577	965	966
66601	28	92	965	966
21433	28	19710	965	966
24230	28	1483	965	966
7406	28	1964	965	966
39343	28	2562	965	966
86533	28	482	965	966
63074	28	524	965	966
11166	28	371	965	966
12601	28	1175	965	966
43125	28	79	965	966
46235	28	381	965	966
20280	28	5070	965	966
37078	28	282	965	966
65012	28	829	965	966
104781	28	1242	965	966
62661	28	2526	965	966
14478	28	110557	965	966
10972	28	551	965	966
13955	28	463	965	966
57596	28	714	965	966
23237	28	1499	965	966
55658	28	1201	965	966
73158	28	829	965	966
74885	28	911	965	966
61038	28	1294	965	966
8262	28	109	965	966
20145	28	446	965	966
36800	28	1709	965	966
109879	28	210	965	966
32051	28	1523	965	966
73920	28	71	965	966
63080	28	7636	965	966
15094	28	234	965	966
13225	28	1691	965	966
21608	28	283	965	966
106288	28	2598	965	966
48411	28	416	965	966
19219	28	799	965	966
14747	28	675	965	966
10742	28	467	965	966
30004	28	1830	965	966
42628	28	701	965	966
78894	28	2062	965	966
95609	28	2185	965	966
15420	28	191	965	966
62563	28	1234	965	966
16214	28	2687	965	966
10506	28	627	965	966
15770	28	366	965	966
143256	28	59043	965	966
31169	28	2228	965	966
82711	28	97159	965	966
84834	28	1557	965	966
94591	28	1402	965	966
14184	28	1537	965	966
87326	28	1476	965	966
56488	28	411	965	966
19079	28	651	965	966
25488	28	556	965	966
41698	28	942	965	966
109222	28	1905	965	966
27474	28	366	965	966
30662	28	2482	965	966
17895	28	3811	965	966
124990	28	2277	965	966
49691	28	1499	965	966
124475	28	1060	965	966
7007	28	69	965	966
68679	28	168	965	966
38181	28	343	965	966
35070	28	607	965	966
47610	28	2449	965	966
125183	28	483	965	966
81576	28	1749	965	966
62415	28	1426	965	966
75903	28	3230	965	966
10684	28	67	965	966
38976	28	1801	965	966
27820	28	248	965	966
16302	28	91	965	966
97279	28	1152	965	966
51120	28	1122	965	966
95756	28	916	965	966
26779	28	4113	965	966
94760	28	1568	965	966
24441	28	250	965	966
14146	28	1394	965	966
51588	28	253	965	966
9580	28	95	965	966
8990	28	24	965	966
62179	28	913	965	966
17002	28	839	965	966
51553	28	483	965	966
39976	28	815	965	966
42285	28	462	965	966
47253	28	45	965	966
99952	28	3373	965	966
27419	28	92	965	966
111197	28	2114	965	966
61016	28	71005	965	966
41749	28	16565	965	966
15968	28	1098	965	966
39690	28	3449	965	966
30813	28	757	965	966
104104	28	1664	965	966
43982	28	1170	965	966
71666	28	17987	965	966
31850	28	660	965	966
102657	28	177	965	966
96264	28	311	965	966
152593	28	3836	965	966
95663	28	29	965	966
6701	28	98	965	966
64745	28	897	965	966
38056	28	1751	965	966
10970	28	178	965	966
77893	28	956	965	966
12398	28	1921	965	966
21941	28	1567	965	966
38904	28	2165	965	966
32308	28	940	965	966
68099	28	388	965	966
15859	28	222	965	966
50932	28	5481	965	966
70944	28	6543	965	966
15065	28	1731	965	966
116976	28	580	965	966
40897	28	2187	965	966
16346	28	527	965	966
12564	28	318	965	966
84573	28	1795	965	966
54324	28	45	965	966
106129	28	37681	965	966
84058	28	2982	965	966
8949	28	4841	965	966
12024	28	906	965	966
33161	28	843	965	966
79192	28	2289	965	966
37671	28	806	965	966
45624	28	370	965	966
46961	28	2551	965	966
18636	28	39	965	966
121748	28	2052	965	966
46735	28	4643	965	966
18860	28	649	965	966
6284	28	272	965	966
61917	28	670	965	966
9181	28	2982	965	966
130762	28	1024	965	966
61153	28	962	965	966
59346	28	5459	965	966
145417	28	565	965	966
18051	28	811	965	966
37993	28	3047	965	966
12229	28	16	965	966
88514	28	1320	965	966
29600	28	1698	965	966
77056	28	409	965	966
15999	28	2280	965	966
47059	28	355	965	966
20222	28	610	965	966
18511	28	1180	965	966
66660	28	1403	965	966
29673	28	15390	965	966
76524	28	1653	965	966
74661	28	91	965	966
80792	28	855	965	966
31836	28	42	965	966
52662	28	1098	965	966
39821	28	36628	965	966
40755	28	1325	965	966
29152	28	1251	965	966
81622	28	574	965	966
16231	28	86	965	966
29190	28	1290	965	966
100623	28	1467	965	966
18875	28	1692	965	966
24671	28	1026	965	966
64735	28	191	965	966
67494	28	1339	965	966
127073	28	47651	965	966
26024	28	1275	965	966
94664	28	930	965	966
104817	28	86313	965	966
5529	28	110	965	966
71492	28	9409	965	966
8909	28	74	965	966
74609	28	1577	965	966
36521	28	5160	965	966
34974	28	420	965	966
77035	28	420	965	966
121790	28	1342	965	966
8028	28	963	965	966
44445	28	2685	965	966
37878	28	66	965	966
7571	28	160	965	966
25729	28	423	965	966
124095	28	1030	965	966
78696	28	494	965	966
9061	28	166	965	966
15125	28	242	965	966
10875	28	107	965	966
7614	28	40	965	966
54730	28	1660	965	966
44308	28	10962	965	966
10573	28	872	965	966
11430	28	1464	965	966
139881	28	3337	965	966
19357	28	434	965	966
81566	28	1691	965	966
126525	28	1221	965	966
43292	28	1568	965	966
39016	28	2809	965	966
100077	28	2649	965	966
10245	28	616	965	966
104765	28	3395	965	966
27815	28	556	965	966
11329	28	98	965	966
87541	28	5797	965	966
84566	28	2113	965	966
12243	28	1764	965	966
17321	28	1755	965	966
83603	28	8306	965	966
88286	28	1410	965	966
10702	28	337	965	966
151965	28	47463	965	966
98303	28	930	965	966
89869	28	49851	965	966
68118	28	2901	965	966
26545	28	1129	965	966
182873	28	1167	965	966
127881	28	1461	965	966
80167	28	1370	965	966
110755	28	1934	965	966
26304	28	99	965	966
9133	28	1231	965	966
28454	28	996	965	966
59527	28	1311	965	966
115336	28	1357	965	966
46093	28	909	965	966
11474	28	441	965	966
47449	28	959	965	966
24576	28	171	965	966
124019	28	233	965	966
32922	28	642	965	966
17276	28	1172	965	966
41590	28	842	965	966
29024	28	355	965	966
102255	28	478	965	966
24943	28	1076	965	966
62106	28	571	965	966
8908	28	162	965	966
117527	28	2142	965	966
72666	28	3994	965	966
22038	28	624	965	966
125055	28	748	965	966
37903	28	5283	965	966
112263	28	2773	965	966
16380	28	3678	965	966
62549	28	4083	965	966
11414	28	50	965	966
63185	28	7857	965	966
54802	28	51883	965	966
77554	28	416	965	966
91482	28	2293	965	966
94952	28	1019	965	966
46050	28	786	965	966
107282	28	37180	965	966
40053	28	2162	965	966
78040	28	5283	965	966
63641	28	110990	965	966
94820	28	1269	965	966
154182	28	72612	965	966
24533	28	86	965	966
51134	28	1650	965	966
80605	28	1368	965	966
67790	28	63	965	966
8411	28	1836	965	966
28139	28	169	965	966
92813	28	177	965	966
6599	28	852	965	966
37460	28	101740	965	966
9712	28	168	965	966
71657	28	4180	965	966
36832	28	912	965	966
154434	28	2159	965	966
62850	28	897	965	966
14695	28	596	965	966
79539	28	2324	965	966
108186	28	591	965	966
38238	28	133	965	966
39261	28	6989	965	966
29177	28	1404	965	966
29921	28	255	965	966
18143	28	669	965	966
16793	28	330	965	966
50537	28	1965	965	966
84507	28	10879	965	966
103532	28	461	965	966
183516	28	1709	965	966
11342	28	1181	965	966
111518	28	1112	965	966
32344	28	2458	965	966
15871	28	95	965	966
32886	28	288	965	966
41583	28	183545	965	966
50904	28	76	965	966
111728	28	4682	965	966
135405	28	2728	965	966
34021	28	2103	965	966
53675	28	29009	965	966
44712	28	2187	965	966
111546	28	819	965	966
86167	28	2689	965	966
111257	28	5173	965	966
77060	28	1061	965	966
10961	28	977	965	966
15712	28	239	965	966
10060	28	666	965	966
94997	28	119	965	966
62551	28	1835	965	966
55907	28	140	965	966
117999	28	315	965	966
130939	28	1934	965	966
16321	28	1968	965	966
38586	28	1644	965	966
10989	28	1561	965	966
17690	28	45	965	966
62423	28	12654	965	966
104882	28	919	965	966
33126	28	6204	965	966
79956	28	63	965	966
112986	28	1325	965	966
100052	28	1269	965	966
136893	28	328	965	966
55215	28	179	965	966
86815	28	988	965	966
129994	28	3213	965	966
13237	28	690	965	966
16481	28	1766	965	966
21445	28	1120	965	966
112213	28	3838	965	966
96881	28	3385	965	966
14407	28	680	965	966
24912	28	461	965	966
14006	28	1293	965	966
95290	28	2802	965	966
32422	28	1822	965	966
18499	28	1053	965	966
36854	28	1243	965	966
126996	28	574	965	966
92265	28	13277	965	966
23608	28	446	965	966
32529	28	398	965	966
23939	28	1747	965	966
61257	28	3414	965	966
28494	28	1137	965	966
27813	28	1693	965	966
85190	28	732	965	966
17034	28	2835	965	966
68215	28	1635	965	966
130773	28	78389	965	966
30262	28	580	965	966
10843	28	465	965	966
8686	28	612	965	966
19812	28	508	965	966
94626	28	23	965	966
25548	28	882	965	966
184419	28	45	965	966
13846	28	1461	965	966
24891	28	61	965	966
21510	28	476	965	966
75096	28	1161	965	966
12044	28	123	965	966
80892	28	323	965	966
90388	28	766	965	966
51046	28	3388	965	966
57449	28	627	965	966
58413	28	7190	965	966
42589	28	363	965	966
51513	28	76130	965	966
8451	28	149	965	966
129860	28	2802	965	966
16909	28	231	965	966
73887	28	11985	965	966
130869	28	1853	965	966
130802	28	1794	965	966
88016	28	1958	965	966
24458	28	1413	965	966
7496	28	219	965	966
127498	28	1167	965	966
85860	28	11330	965	966
95114	28	110268	965	966
9380	28	1432	965	966
8099	28	318	965	966
10084	28	186	965	966
69224	28	551	965	966
6358	28	120	965	966
52914	28	14989	965	966
25274	28	355	965	966
51047	28	618	965	966
15954	28	624	965	966
8817	28	277	965	966
20857	28	6053	965	966
11568	28	89	965	966
109504	28	1110	965	966
129526	28	612	965	966
6097	28	295	965	966
19122	28	7944	965	966
106188	28	1985	965	966
28089	28	8770	965	966
14172	28	1561	965	966
51833	28	1653	965	966
111105	28	281	965	966
59085	28	1311	965	966
111677	28	433	965	966
61313	28	896	965	966
37747	28	1195	965	966
151146	28	2052	965	966
64233	28	273	965	966
16705	28	401	965	966
27907	28	540	965	966
60799	28	2923	965	966
31658	28	806	965	966
90448	28	825	965	966
48554	28	2050	965	966
38113	28	657	965	966
38352	28	1836	965	966
19241	28	803	965	966
27683	28	114	965	966
57872	28	422	965	966
4587	28	126	965	966
38976	28	124	965	966
66935	28	922	965	966
55929	28	142	965	966
118421	28	673	965	966
70423	28	30	965	966
31623	28	639	965	966
19845	28	1760	965	966
19107	28	476	965	966
24004	28	9081	965	966
35398	28	581	965	966
15218	28	781	965	966
56932	28	5549	965	966
44882	28	2023	965	966
16676	28	407	965	966
72561	28	642	965	966
50577	28	4809	965	966
30018	28	32626	965	966
18049	28	492	965	966
47457	28	2241	965	966
19772	28	1562	965	966
62156	28	1700	965	966
38365	28	3744	965	966
105461	28	1660	965	966
28847	28	1654	965	966
49631	28	710	965	966
25986	28	3480	965	966
129684	28	2597	965	966
16893	28	959	965	966
48999	28	482	965	966
107888	28	41411	965	966
55898	28	2773	965	966
126515	28	2773	965	966
12296	28	100	965	966
79567	28	36888	965	966
20036	28	1639	965	966
58440	28	620	965	966
90518	28	569	965	966
16376	28	42	965	966
25789	28	2166	965	966
39611	28	39517	965	966
105232	28	1660	965	966
95164	28	1753	965	966
41576	28	1058	965	966
58826	28	1115	965	966
50477	28	47651	965	966
51753	28	1474	965	966
87087	28	131488	965	966
41330	28	555	965	966
9187	28	104	965	966
154850	28	1608	965	966
114956	28	1794	965	966
71740	28	1190	965	966
39804	28	5736	965	966
78527	28	1010	965	966
136163	28	1907	965	966
18486	28	257	965	966
185802	28	1709	965	966
59754	28	1032	965	966
80534	28	311	965	966
130312	28	1112	965	966
27364	28	7284	965	966
41375	28	3642	965	966
78193	28	495	965	966
16453	28	169	965	966
15086	28	910	965	966
97194	28	1325	965	966
118560	28	885	965	966
8847	28	174	965	966
7374	28	39	965	966
6115	28	1171	965	966
26224	28	589	965	966
46747	28	3920	965	966
103345	28	2348	965	966
51544	28	518	965	966
36337	28	1465	965	966
63591	28	1231	965	966
8008	28	39	965	966
56668	28	919	965	966
123016	28	2152	965	966
38598	28	1330	965	966
59693	28	2058	965	966
10851	28	282	965	966
18537	28	2430	965	966
15618	28	1635	965	966
13090	28	67	965	966
27753	28	530	965	966
31752	28	2469	965	966
103720	28	1531	965	966
135076	28	1725	965	966
27526	28	962	965	966
87574	28	1651	965	966
8994	28	866	965	966
67722	28	50	965	966
71537	28	461	965	966
24446	28	3288	965	966
124222	28	31207	965	966
15142	28	13492	965	966
105729	28	168	965	966
58318	28	888	965	966
96204	28	5998	965	966
130783	28	1618	965	966
21947	28	10100	965	966
11593	28	378	965	966
69877	28	699	965	966
84312	28	33583	965	966
15932	28	401	965	966
55203	28	1134	965	966
5350	28	1026	965	966
47424	28	1690	965	966
11149	28	345	965	966
32025	28	1006	965	966
40870	28	2353	965	966
25600	28	1676	965	966
17539	28	1018	965	966
95756	28	1060	965	966
15886	28	2728	965	966
68715	28	219	965	966
20946	28	719	965	966
102312	28	36244	965	966
23019	28	1559	965	966
17419	28	23	965	966
16997	28	102	965	966
18887	28	217	965	966
7058	28	104	965	966
93702	28	757	965	966
65156	28	3939	965	966
26441	28	909	965	966
104537	28	1759	965	966
14150	28	610	965	966
64071	28	128179	965	966
70576	28	1400	965	966
13713	28	642	965	966
28801	28	231	965	966
15476	28	40	965	966
155302	28	5990	965	966
10487	28	555	965	966
70762	28	213	965	966
54366	28	1522	965	966
44463	28	942	965	966
10284	28	1420	965	966
73732	28	3920	965	966
37808	28	672	965	966
26699	28	1115	965	966
10866	28	597	965	966
54840	28	85	965	966
41512	28	1171	965	966
24536	28	555	965	966
76438	28	909	965	966
41172	28	740	965	966
11439	28	81	965	966
12090	28	1384	965	966
91649	28	88	965	966
126933	28	319	965	966
6995	28	651	965	966
155465	28	4488	965	966
21744	28	2083	965	966
16145	28	795	965	966
35874	28	482	965	966
42003	28	617	965	966
127769	28	79662	965	966
81668	28	614	965	966
21580	28	1811	965	966
40355	28	1030	965	966
36907	28	3148	965	966
127222	28	1316	965	966
80273	28	3047	965	966
30906	28	441	965	966
14796	28	843	965	966
