50366	28	23769	968	0
19388	28	1938	968	0
126719	28	152	968	0
52523	28	3435	968	0
126724	28	109	968	0
11992	28	558	968	0
32572	28	321	968	0
91477	28	477	968	0
146381	28	2774	968	0
81032	28	696	968	0
24533	28	971	968	0
61202	28	119	968	0
46161	28	1570	968	0
146417	28	1050	968	0
83834	28	10269	968	0
75050	28	1170	968	0
107304	28	1302	968	0
25222	28	442	968	0
66196	28	49	968	0
62684	28	94008	968	0
72232	28	716	968	0
92988	28	149	968	0
137676	28	1066	968	0
36882	28	843	968	0
32987	28	758	968	0
34897	28	83	968	0
57788	28	49988	968	0
59457	28	3243	968	0
36446	28	1382	968	0
25592	28	1464	968	0
73024	28	1466	968	0
75462	28	475	968	0
14731	28	1934	968	0
44110	28	17038	968	0
77167	28	254	968	0
77048	28	502	968	0
126872	28	94619	968	0
111952	28	1024	968	0
88607	28	1985	968	0
42143	28	1239	968	0
36931	28	2895	968	0
12015	28	21356	968	0
31760	28	101	968	0
48338	28	753	968	0
118237	28	95985	968	0
88184	28	3584	968	0
143106	28	1403	968	0
40593	28	1694	968	0
92915	28	42870	968	0
109090	28	1709	968	0
89702	28	471	968	0
66516	28	6571	968	0
21273	28	58144	968	0
85984	28	900	968	0
10253	28	7161	968	0
101411	28	4244	968	0
11343	28	357	968	0
109753	28	52760	968	0
168733	28	803	968	0
29192	28	1655	968	0
34441	28	942	968	0
46244	28	135	968	0
39261	28	3500	968	0
32329	28	1091	968	0
21105	28	1411	968	0
13529	28	1722	968	0
108899	28	1388	968	0
126963	28	2276	968	0
123797	28	2608	968	0
20723	28	515	968	0
89349	28	1210	968	0
103600	28	592	968	0
56341	28	186	968	0
80852	28	4764	968	0
54013	28	2061	968	0
108148	28	319	968	0
11843	28	99	968	0
16941	28	2199	968	0
93940	28	797	968	0
40560	28	1665	968	0
92687	28	380	968	0
50994	28	1268	968	0
55935	28	527	968	0
83240	28	1110	968	0
93821	28	6571	968	0
53831	28	2324	968	0
94681	28	275	968	0
37258	28	499	968	0
168868	28	1155	968	0
9623	28	3165	968	0
77219	28	1848	968	0
53996	28	1394	968	0
117705	28	791	968	0
15763	28	1199	968	0
23641	28	17516	968	0
141273	28	519	968	0
48669	28	498	968	0
35751	28	648	968	0
7665	28	19991	968	0
11825	28	1320	968	0
52481	28	1665	968	0
127038	28	2208	968	0
88220	28	403	968	0
28290	28	1257	968	0
34582	28	3246	968	0
26218	28	79	968	0
81579	28	558	968	0
109849	28	8806	968	0
13423	28	1822	968	0
106770	28	28031	968	0
14177	28	591	968	0
94703	28	465	968	0
87314	28	1332	968	0
94110	28	1577	968	0
126712	28	142	968	0
71537	28	1394	968	0
58408	28	1665	968	0
17494	28	971	968	0
97782	28	4092	968	0
67294	28	391	968	0
32357	28	502	968	0
113040	28	1442	968	0
146924	28	133	968	0
119598	28	2139	968	0
44258	28	515	968	0
18126	28	256	968	0
74409	28	292	968	0
89254	28	714	968	0
32444	28	798	968	0
105884	28	3931	968	0
78938	28	2908	968	0
108038	28	56	968	0
93152	28	388	968	0
38144	28	535	968	0
97096	28	268	968	0
15082	28	61	968	0
102191	28	1180	968	0
44029	28	422	968	0
44323	28	5860	968	0
78143	28	5369	968	0
87628	28	516	968	0
22100	28	69	968	0
14972	28	357	968	0
84701	28	162	968	0
73468	28	6753	968	0
11847	28	275	968	0
145189	28	9734	968	0
55848	28	570	968	0
24220	28	781	968	0
88181	28	559	968	0
75839	28	1242	968	0
127197	28	162	968	0
70726	28	1871	968	0
51434	28	175	968	0
92630	28	770	968	0
109962	28	1036	968	0
98388	28	686	968	0
87701	28	1280	968	0
169248	28	1059	968	0
24153	28	767	968	0
86262	28	741	968	0
85102	28	754	968	0
46693	28	2373	968	0
21848	28	57	968	0
34363	28	266	968	0
109982	28	45076	968	0
100119	28	717	968	0
51420	28	46	968	0
36453	28	1897	968	0
35638	28	1035	968	0
127243	28	161	968	0
99394	28	39997	968	0
37638	28	900	968	0
33353	28	1280	968	0
14812	28	616	968	0
30493	28	1576	968	0
87420	28	35644	968	0
38365	28	5052	968	0
42648	28	4748	968	0
80599	28	783	968	0
169358	28	325	968	0
70119	28	1146	968	0
51438	28	18873	968	0
42510	28	1623	968	0
69410	28	953	968	0
76036	28	1536	968	0
26523	28	70	968	0
169425	28	16779	968	0
89240	28	18454	968	0
22092	28	167	968	0
40977	28	1262	968	0
78381	28	1327	968	0
51486	28	977	968	0
50491	28	1268	968	0
51131	28	2895	968	0
92312	28	2061	968	0
66738	28	1956	968	0
37577	28	1561	968	0
53672	28	2923	968	0
29855	28	1951	968	0
55228	28	117	968	0
82618	28	8498	968	0
81147	28	3075	968	0
33034	28	906	968	0
80851	28	72	968	0
114409	28	1033	968	0
116557	28	6753	968	0
90111	28	2481	968	0
18441	28	1576	968	0
89516	28	1770	968	0
42603	28	215	968	0
117238	28	1553	968	0
21580	28	1862	968	0
61014	28	681	968	0
127427	28	1329	968	0
68228	28	273	968	0
54635	28	1522	968	0
9237	28	310	968	0
52114	28	31831	968	0
114669	28	835	968	0
88784	28	421	968	0
54235	28	3316	968	0
84956	28	392	968	0
88890	28	635	968	0
51812	28	10596	968	0
47811	28	805	968	0
60747	28	3246	968	0
137073	28	1210	968	0
36161	28	1937	968	0
42003	28	3435	968	0
94310	28	714	968	0
102533	28	1552	968	0
98900	28	2415	968	0
33128	28	1541	968	0
81669	28	1513	968	0
145603	28	574	968	0
93579	28	1407	968	0
24585	28	933	968	0
72958	28	12452	968	0
147483	28	1333	968	0
21822	28	3033	968	0
44431	28	4340	968	0
26644	28	73	968	0
23592	28	1734	968	0
65642	28	2046	968	0
18487	28	1047	968	0
93462	28	1751	968	0
60585	28	715	968	0
93268	28	617	968	0
127537	28	1780	968	0
56116	28	133	968	0
110174	28	1709	968	0
26492	28	452	968	0
37120	28	625	968	0
59754	28	1382	968	0
15623	28	171	968	0
147418	28	303	968	0
42537	28	3318	968	0
106688	28	5412	968	0
92219	28	1708	968	0
20794	28	539	968	0
106744	28	232	968	0
93626	28	757	968	0
75993	28	1758	968	0
24429	28	760	968	0
40350	28	7837	968	0
7656	28	2292	968	0
21757	28	398	968	0
13498	28	254	968	0
134016	28	3452	968	0
32970	28	1481	968	0
22332	28	91	968	0
14229	28	399	968	0
112615	28	2209	968	0
127597	28	536	968	0
110208	28	3864	968	0
88959	28	15275	968	0
57868	28	798	968	0
59825	28	535	968	0
22885	28	1436	968	0
124193	28	2165	968	0
118257	28	83	968	0
73202	28	1182	968	0
69562	28	610	968	0
29750	28	330	968	0
15437	28	919	968	0
48282	28	741	968	0
94926	28	2264	968	0
83378	28	552	968	0
113767	28	2205	968	0
37362	28	1199	968	0
108059	28	1036	968	0
30169	28	2054	968	0
107520	28	205	968	0
78919	28	104	968	0
53936	28	236	968	0
31494	28	498	968	0
15370	28	539	968	0
33039	28	146	968	0
54343	28	1479	968	0
10049	28	406	968	0
29732	28	1402	968	0
137274	28	7968	968	0
88127	28	2532	968	0
52717	28	1474	968	0
33513	28	899	968	0
76392	28	4205	968	0
61324	28	774	968	0
6261	28	3071	968	0
124759	28	1801	968	0
24912	28	481	968	0
76882	28	217	968	0
8741	28	1855	968	0
36960	28	1408	968	0
45124	28	1543	968	0
125466	28	1167	968	0
12536	28	5713	968	0
78265	28	2291	968	0
82952	28	1466	968	0
71821	28	2967	968	0
53430	28	489	968	0
170163	28	220	968	0
73225	28	1394	968	0
69314	28	386	968	0
30439	28	1081	968	0
63561	28	1496	968	0
27904	28	4373	968	0
84979	28	262	968	0
54710	28	852	968	0
9328	28	358	968	0
24106	28	489	968	0
19223	28	123	968	0
51421	28	1595	968	0
15204	28	323	968	0
16529	28	942	968	0
60937	28	17885	968	0
9546	28	537	968	0
51017	28	525	968	0
21401	28	3051	968	0
65102	28	4232	968	0
41041	28	32	968	0
36468	28	2024	968	0
59936	28	169	968	0
7495	28	969	968	0
145354	28	1384	968	0
60051	28	5736	968	0
101753	28	591	968	0
86014	28	100345	968	0
73849	28	1264	968	0
51121	28	1312	968	0
94623	28	388	968	0
96370	28	3870	968	0
63319	28	159	968	0
51210	28	660	968	0
75200	28	3447	968	0
110332	28	1280	968	0
58095	28	622	968	0
60326	28	829	968	0
81087	28	510	968	0
83433	28	917	968	0
17289	28	1280	968	0
74449	28	3207	968	0
147953	28	1710	968	0
58278	28	505	968	0
49321	28	33375	968	0
110349	28	1107	968	0
15618	28	1855	968	0
139684	28	1305	968	0
35356	28	24992	968	0
96891	28	3777	968	0
25940	28	1903	968	0
127870	28	9577	968	0
147993	28	445	968	0
72315	28	2692	968	0
98973	28	2240	968	0
125737	28	1333	968	0
7964	28	317	968	0
78252	28	2785	968	0
51613	28	1251	968	0
65069	28	1306	968	0
38493	28	2948	968	0
148036	28	1022	968	0
26028	28	17077	968	0
127903	28	434	968	0
54463	28	353	968	0
8571	28	147	968	0
94820	28	586	968	0
110392	28	58	968	0
65844	28	433	968	0
102074	28	40540	968	0
31596	28	14	968	0
65640	28	149	968	0
50373	28	4634	968	0
59512	28	3269	968	0
70822	28	1908	968	0
90915	28	1190	968	0
14495	28	40	968	0
127939	28	628	968	0
58505	28	1330	968	0
48733	28	95	968	0
118099	28	869	968	0
44524	28	840	968	0
57180	28	6569	968	0
105035	28	1712	968	0
120600	28	1066	968	0
18512	28	1026	968	0
97143	28	213	968	0
20759	28	2209	968	0
43045	28	5381	968	0
22259	28	31	968	0
69602	28	1921	968	0
52232	28	3447	968	0
16529	28	2838	968	0
61608	28	192	968	0
68721	28	795	968	0
24504	28	2395	968	0
14961	28	22742	968	0
15123	28	14	968	0
16242	28	3745	968	0
46153	28	4002	968	0
98512	28	350	968	0
93938	28	816	968	0
8262	28	344	968	0
114567	28	3073	968	0
118505	28	948	968	0
90509	28	1635	968	0
66838	28	1765	968	0
107091	28	769	968	0
33214	28	2854	968	0
34109	28	387	968	0
110485	28	856	968	0
77350	28	1553	968	0
62690	28	148267	968	0
51275	28	1243	968	0
24443	28	674	968	0
10723	28	47675	968	0
98460	28	536	968	0
73758	28	1837	968	0
44552	28	1151	968	0
121852	28	648	968	0
91409	28	48	968	0
24817	28	767	968	0
68894	28	1007	968	0
60018	28	255	968	0
9995	28	975	968	0
15131	28	1165	968	0
109736	28	45	968	0
28758	28	152	968	0
54683	28	575	968	0
170837	14	7134	968	0
15412	28	92	968	0
170857	28	1020	968	0
17511	28	1013	968	0
148352	28	1430	968	0
95041	28	1642	968	0
37101	23	128108	968	0
18830	28	435	968	0
14440	28	1466	968	0
104623	28	112939	968	0
28071	28	383	968	0
108084	28	1046	968	0
76483	28	1055	968	0
19640	28	1093	968	0
27683	28	409	968	0
8571	28	142	968	0
54668	28	901	968	0
19680	28	25011	968	0
88499	28	2209	968	0
15699	28	1049	968	0
23071	28	155	968	0
13805	28	145	968	0
92658	28	975	968	0
27174	28	17885	968	0
84701	28	1665	968	0
21585	28	114	968	0
83870	28	570	968	0
91694	28	719	968	0
170956	28	51633	968	0
110242	28	1567	968	0
59834	28	2119	968	0
12573	28	406	968	0
12241	28	1555	968	0
110552	28	2086	968	0
44575	28	694	968	0
101849	28	2970	968	0
91794	28	949	968	0
14228	28	787	968	0
21083	28	1320	968	0
69949	28	111	968	0
42878	28	77	968	0
35096	28	740	968	0
101283	28	1776	968	0
171073	28	809	968	0
91077	28	188	968	0
60075	28	399	968	0
110569	28	1827	968	0
26211	28	4180	968	0
104712	28	3080	968	0
29836	28	1780	968	0
65023	28	635	968	0
109736	28	647	968	0
86520	28	166	968	0
85253	28	413	968	0
85387	28	679	968	0
29445	28	42870	968	0
72857	28	392	968	0
75375	28	288	968	0
55072	28	1195	968	0
40560	28	162	968	0
45349	28	99	968	0
64959	28	1066	968	0
58035	28	3990	968	0
85955	28	707	968	0
92713	28	767	968	0
95114	28	3103	968	0
118363	28	749	968	0
30459	28	28673	968	0
107723	28	2204	968	0
17388	28	274	968	0
109600	28	110	968	0
44154	28	77	968	0
125883	28	321	968	0
47141	28	2408	968	0
71825	28	974	968	0
17110	28	1030	968	0
81241	28	54490	968	0
20706	28	1827	968	0
102530	28	20481	968	0
16077	28	10204	968	0
171251	28	6423	968	0
87966	28	166	968	0
24578	28	2263	968	0
20758	28	5412	968	0
86716	28	391	968	0
64905	28	10204	968	0
57141	28	484	968	0
125849	28	25024	968	0
120080	28	1600	968	0
114661	28	2875	968	0
18378	28	1211	968	0
85949	28	184	968	0
69702	28	40540	968	0
49417	28	1154	968	0
114437	28	96116	968	0
116219	28	1568	968	0
30521	28	1885	968	0
22596	28	377	968	0
72003	28	1616	968	0
34063	28	537	968	0
92647	28	1497	968	0
110641	28	1068	968	0
93209	28	201	968	0
110643	28	506	968	0
8528	28	1777	968	0
47194	28	175	968	0
148753	28	2597	968	0
114242	28	2479	968	0
95151	28	1066	968	0
117238	28	536	968	0
95152	28	720	968	0
22237	28	2298	968	0
148780	28	1396	968	0
89959	28	2948	968	0
40422	28	485	968	0
19263	28	3447	968	0
15203	28	2895	968	0
98071	28	791	968	0
88224	28	3985	968	0
107917	28	510	968	0
9193	28	519	968	0
9237	28	494	968	0
128371	28	850	968	0
90088	28	707	968	0
18434	28	6983	968	0
79489	28	3750	968	0
19143	28	2283	968	0
78388	28	1641	968	0
82998	28	1760	968	0
36149	28	9751	968	0
11162	28	49248	968	0
28726	28	1411	968	0
76483	28	2752	968	0
148830	28	1975	968	0
30060	28	1665	968	0
59443	28	753	968	0
101657	28	758	968	0
76994	28	805	968	0
26089	28	10497	968	0
9019	28	170	968	0
16525	28	141	968	0
127197	28	1665	968	0
51270	28	132	968	0
125596	28	551	968	0
119056	14	44164	968	0
26895	28	1094	968	0
76483	28	351	968	0
91932	28	773	968	0
19857	28	897	968	0
127789	28	1066	968	0
74278	28	5062	968	0
59047	28	542	968	0
7233	28	610	968	0
19363	28	3845	968	0
39832	28	1435	968	0
28050	28	949	968	0
95139	28	31796	968	0
59586	28	2053	968	0
41080	28	919	968	0
110707	28	67	968	0
10623	28	74	968	0
88568	28	1920	968	0
69911	28	1312	968	0
61279	28	3845	968	0
28585	28	1483	968	0
17798	28	574	968	0
10558	28	564	968	0
44786	28	153	968	0
78610	28	1695	968	0
43099	28	1754	968	0
52931	28	27	968	0
48512	28	2808	968	0
56824	28	752	968	0
6437	28	1314	968	0
89959	28	5412	968	0
33892	28	449	968	0
70178	28	24	968	0
90334	28	981	968	0
28585	28	2283	968	0
26753	28	298	968	0
26827	28	756	968	0
128471	28	72	968	0
78473	28	11849	968	0
69313	28	668	968	0
111922	28	2880	968	0
126597	28	1146	968	0
16246	28	592	968	0
32767	28	294	968	0
128480	28	969	968	0
48746	28	422	968	0
94681	28	547	968	0
40773	28	1512	968	0
30124	28	261	968	0
65891	28	931	968	0
29663	28	19167	968	0
27296	28	28	968	0
20947	28	365	968	0
71733	28	3425	968	0
75396	28	507	968	0
110187	28	38502	968	0
28550	28	122	968	0
63685	28	528	968	0
125389	28	1577	968	0
41069	28	3439	968	0
79596	28	18454	968	0
12285	28	398	968	0
96978	28	13768	968	0
109162	28	1623	968	0
82827	28	423	968	0
116371	28	1741	968	0
27121	28	50	968	0
64173	28	1127	968	0
135799	28	850	968	0
30270	28	1195	968	0
34076	28	589	968	0
149113	28	245	968	0
23161	28	16193	968	0
24586	28	423	968	0
15249	28	1216	968	0
13099	28	1311	968	0
42864	28	6113	968	0
46485	28	412	968	0
28475	28	1676	968	0
22783	28	924	968	0
12460	28	1033	968	0
9375	28	1081	968	0
124513	28	2199	968	0
64311	28	86468	968	0
33410	14	1491	968	0
44844	28	459	968	0
134386	28	422	968	0
16145	28	222	968	0
52555	28	698	968	0
28217	28	133	968	0
83908	28	991	968	0
13964	28	1151	968	0
77055	28	10159	968	0
104718	28	67795	968	0
23961	28	41530	968	0
55544	28	1563	968	0
17976	28	716	968	0
70015	28	121433	968	0
54965	28	52843	968	0
92333	28	2236	968	0
124584	28	598	968	0
95249	28	1264	968	0
59582	28	2445	968	0
80346	28	3318	968	0
45442	14	1217	968	0
45647	28	635	968	0
54769	28	503	968	0
12695	28	501	968	0
40375	28	1770	968	0
147732	28	30	968	0
21449	28	107	968	0
97812	28	851	968	0
45880	28	253	968	0
28693	28	1384	968	0
54767	28	2165	968	0
142037	28	280	968	0
19172	28	458	968	0
102198	28	195	968	0
18259	28	13714	968	0
101996	28	791	968	0
48174	28	673	968	0
28022	28	920	968	0
42056	28	1145	968	0
15883	28	3321	968	0
22107	28	2896	968	0
110564	28	2982	968	0
92488	28	2054	968	0
33037	28	49	968	0
66190	28	148774	968	0
18461	28	489	968	0
67535	28	102	968	0
44007	28	2070	968	0
55683	28	769	968	0
29626	28	2947	968	0
15838	28	3318	968	0
24021	28	122	968	0
87667	28	228	968	0
25377	28	530	968	0
84233	28	3326	968	0
93430	28	2291	968	0
49132	28	843	968	0
18655	28	6612	968	0
12931	28	507	968	0
128727	28	911	968	0
110739	28	574	968	0
36419	28	4764	968	0
78337	28	3845	968	0
23701	28	1239	968	0
42243	28	261	968	0
5950	28	7161	968	0
10971	28	69	968	0
19661	28	3627	968	0
107635	28	13844	968	0
35707	28	234	968	0
19083	28	21902	968	0
147483	28	199	968	0
139094	28	409	968	0
54324	28	1460	968	0
124689	28	2528	968	0
85857	28	789	968	0
125183	28	1167	968	0
38449	28	2020	968	0
14555	28	2302	968	0
112043	28	877	968	0
55354	28	1656	968	0
110643	28	6227	968	0
94798	28	29313	968	0
48534	28	2045	968	0
93152	28	669	968	0
104882	28	2481	968	0
62633	28	210	968	0
42060	28	857	968	0
35473	28	36	968	0
52294	28	1016	968	0
44689	28	6571	968	0
16705	28	31	968	0
22651	28	535	968	0
46747	28	1131	968	0
95311	28	105	968	0
46981	28	3593	968	0
120177	28	418	968	0
18705	28	1705	968	0
60022	28	368	968	0
83034	28	3985	968	0
87679	28	2154	968	0
60347	28	38502	968	0
22222	28	3284	968	0
58996	28	474	968	0
28828	28	145	968	0
127754	28	162	968	0
84533	28	805	968	0
60397	28	354	968	0
80048	28	2081	968	0
57007	28	1101	968	0
11738	28	900	968	0
96868	28	261	968	0
105632	28	860	968	0
101233	28	3946	968	0
128849	28	1417	968	0
71216	28	10552	968	0
22879	28	1652	968	0
92900	28	2291	968	0
122953	28	2241	968	0
128480	28	1055	968	0
58207	28	199	968	0
10087	28	648	968	0
42458	28	176	968	0
119131	28	629	968	0
95339	28	591	968	0
106502	28	1076	968	0
110952	28	597	968	0
51070	28	595	968	0
72753	28	4809	968	0
42459	28	537	968	0
15524	28	2347	968	0
96681	28	707	968	0
64047	28	570	968	0
61887	28	2904	968	0
86541	28	1409	968	0
61443	28	141166	968	0
51800	28	816	968	0
109482	28	118	968	0
104479	28	993	968	0
58535	28	1874	968	0
36525	28	402	968	0
50726	28	942	968	0
27652	28	3990	968	0
110973	28	911	968	0
149740	28	860	968	0
61014	28	707	968	0
92646	28	1740	968	0
6616	28	8011	968	0
146833	28	245	968	0
91741	28	66513	968	0
64547	28	2317	968	0
40011	28	419	968	0
32954	28	1195	968	0
109581	28	678	968	0
30375	28	6016	968	0
10720	28	72	968	0
19209	28	1145	968	0
39211	28	1421	968	0
118115	28	255	968	0
10001	28	5980	968	0
105366	28	769	968	0
37078	28	583	968	0
88924	28	570	968	0
66738	28	147	968	0
101958	28	1553	968	0
122838	28	1266	968	0
128965	28	168	968	0
35668	28	59410	968	0
32722	28	398	968	0
111011	28	461	968	0
68964	28	11424	968	0
148780	28	696	968	0
41071	28	2302	968	0
149895	28	809	968	0
128991	28	990	968	0
44567	28	708	968	0
35932	28	2837	968	0
147854	28	14061	968	0
124104	28	24235	968	0
52136	28	1675	968	0
18102	28	758	968	0
122894	28	75166	968	0
93245	28	1253	968	0
120862	28	1150	968	0
91129	28	639	968	0
10544	28	2688	968	0
122831	28	3845	968	0
33693	28	2140	968	0
143577	28	2834	968	0
78630	28	6049	968	0
109498	28	366	968	0
105008	28	3439	968	0
51262	28	2317	968	0
23288	28	1071	968	0
93791	28	13481	968	0
110667	28	1389	968	0
42962	28	1302	968	0
149963	28	578	968	0
112007	28	516	968	0
25301	28	752	968	0
129039	28	294	968	0
97061	14	3089	968	0
7921	28	4624	968	0
58833	28	108161	968	0
100398	28	1280	968	0
17587	28	504	968	0
103085	28	21233	968	0
80326	28	37	968	0
38626	28	28308	968	0
91879	28	318	968	0
88196	28	171	968	0
98336	28	1803	968	0
149995	28	1958	968	0
119420	28	439	968	0
105141	28	272	968	0
77887	28	2468	968	0
125151	28	546	968	0
106042	28	1364	968	0
7882	28	1613	968	0
92398	28	195	968	0
129056	28	20	968	0
88126	28	3967	968	0
10487	28	1411	968	0
38598	28	135	968	0
20080	28	2532	968	0
114550	28	540	968	0
60396	28	2061	968	0
100592	28	741	968	0
28845	28	572	968	0
107865	28	504	968	0
39771	28	560	968	0
44427	28	690	968	0
23936	28	16	968	0
43151	28	420	968	0
73153	28	4987	968	0
81991	28	1154	968	0
21951	28	256	968	0
87897	28	26359	968	0
59570	28	9028	968	0
31626	28	1182	968	0
56479	28	3570	968	0
71617	28	4513	968	0
91173	28	1010	968	0
112263	28	3931	968	0
87585	28	3864	968	0
81440	28	4563	968	0
19821	28	292	968	0
78422	28	743	968	0
102546	28	1320	968	0
10954	28	178	968	0
69896	28	350	968	0
127466	28	1370	968	0
77126	28	2713	968	0
25603	28	1136	968	0
129136	28	1442	968	0
27806	28	2481	968	0
54117	28	1577	968	0
116844	28	1321	968	0
28847	28	2808	968	0
26772	28	591	968	0
38477	28	350	968	0
106398	28	818	968	0
71200	28	972	968	0
28016	28	522	968	0
60341	28	3213	968	0
101411	28	2608	968	0
93462	28	162	968	0
43565	28	691	968	0
121300	28	2386	968	0
101032	28	170	968	0
36871	28	2666	968	0
47315	28	1302	968	0
20239	28	1300	968	0
16973	28	2562	968	0
80484	28	758	968	0
105436	28	427	968	0
55828	28	215	968	0
15994	28	10680	968	0
35319	28	32603	968	0
38532	28	2967	968	0
111156	28	3476	968	0
18832	28	290	968	0
97459	28	7218	968	0
55114	28	224	968	0
46881	28	455	968	0
66891	28	104	968	0
15654	28	153	968	0
29992	28	1598	968	0
98457	28	10710	968	0
81898	28	124	968	0
148490	28	411	968	0
10882	28	4474	968	0
77790	28	250	968	0
87225	28	619	968	0
19568	28	380	968	0
84573	28	1430	968	0
31514	28	1211	968	0
24986	28	144	968	0
106041	28	3791	968	0
108187	28	694	968	0
25681	28	261	968	0
117547	28	3103	968	0
43113	28	2877	968	0
28115	28	409	968	0
99519	28	732	968	0
51470	28	36	968	0
25563	28	843	968	0
19063	28	2983	968	0
14946	28	433	968	0
12368	28	1435	968	0
95390	23	108655	968	0
69673	28	107	968	0
43199	28	145	968	0
99444	28	878	968	0
71047	28	476	968	0
25774	28	789	968	0
80342	28	1512	968	0
16262	28	3484	968	0
19377	28	2533	968	0
70758	28	5026	968	0
43145	28	63173	968	0
95945	28	86	968	0
71971	28	1238	968	0
50243	28	882	968	0
24209	28	2913	968	0
14978	28	537	968	0
21521	28	780	968	0
31836	28	161	968	0
111201	28	171	968	0
81629	28	892	968	0
16982	28	922	968	0
27900	28	40	968	0
29126	28	587	968	0
11528	28	1695	968	0
23288	28	1122	968	0
46693	28	1320	968	0
76628	28	1710	968	0
39875	28	35938	968	0
79567	28	1649	968	0
29159	28	332	968	0
70355	28	904	968	0
78910	28	1304	968	0
57833	28	205	968	0
88261	28	1944	968	0
52398	28	570	968	0
102915	28	2822	968	0
94874	28	2412	968	0
43081	28	1693	968	0
150531	28	446	968	0
38030	28	1559	968	0
39344	28	36183	968	0
59848	28	516	968	0
38748	28	1239	968	0
134797	28	166	968	0
126948	28	292	968	0
21661	28	803	968	0
76187	28	1985	968	0
56671	28	394	968	0
36528	28	2182	968	0
72598	28	250	968	0
129322	28	1050	968	0
32015	28	14	968	0
77554	28	149	968	0
98136	28	3824	968	0
18154	28	112	968	0
94727	28	2346	968	0
120427	28	2641	968	0
54571	28	1085	968	0
113132	28	1098	968	0
92817	28	17438	968	0
15113	28	3480	968	0
37012	28	55285	968	0
67172	28	1016	968	0
47457	28	2240	968	0
109045	28	447	968	0
15616	28	406	968	0
77927	28	145	968	0
28841	28	392	968	0
15025	28	1565	968	0
12181	28	803	968	0
129358	28	1709	968	0
44319	28	321	968	0
19587	28	223	968	0
24214	28	245	968	0
124194	28	1277	968	0
150638	28	21892	968	0
119604	28	1980	968	0
45557	28	251	968	0
47744	28	1812	968	0
173817	14	79803	968	0
129365	28	2829	968	0
15593	28	64	968	0
49051	28	353	968	0
147112	28	1167	968	0
88318	28	309	968	0
51648	28	2199	968	0
128227	28	3439	968	0
114665	28	671	968	0
95816	28	3103	968	0
93206	28	993	968	0
53487	28	741	968	0
69970	28	1155	968	0
14465	28	803	968	0
40045	28	410	968	0
12723	28	332	968	0
35551	28	250	968	0
32409	28	5998	968	0
138840	28	5758	968	0
128259	28	17885	968	0
77505	28	1147	968	0
83748	28	542	968	0
65819	28	3860	968	0
25710	28	101	968	0
104230	28	3194	968	0
68536	28	3845	968	0
59696	28	2053	968	0
40665	28	32031	968	0
16675	28	12013	968	0
47379	28	31104	968	0
30366	28	355	968	0
69956	28	759	968	0
48664	28	193	968	0
106708	28	6080	968	0
78610	28	509	968	0
118440	28	436	968	0
7738	28	180	968	0
82046	28	19216	968	0
78028	28	254	968	0
62801	28	1400	968	0
28076	28	1766	968	0
81752	28	1835	968	0
78540	28	150774	968	0
94621	28	3176	968	0
112663	28	11424	968	0
82793	28	26359	968	0
102835	28	259	968	0
48495	28	3076	968	0
93862	28	1048	968	0
14305	28	57	968	0
128842	28	2288	968	0
109896	14	3089	968	0
67951	28	3176	968	0
83243	28	1167	968	0
109206	28	232	968	0
150817	28	2128	968	0
120565	28	412	968	0
150823	28	2192	968	0
63539	28	1006	968	0
31264	28	141	968	0
26310	28	691	968	0
119635	28	60688	968	0
25595	28	968	968	0
32572	28	1958	968	0
63784	28	3967	968	0
27361	28	1859	968	0
6545	28	254	968	0
83174	28	1465	968	0
150875	28	791	968	0
69723	28	1765	968	0
79903	28	192	968	0
129498	23	117492	968	0
117492	23	129498	968	0
49994	28	4297	968	0
66210	28	799	968	0
107656	28	1762	968	0
34068	28	450	968	0
95520	28	1993	968	0
101160	28	228	968	0
108059	28	6824	968	0
41533	28	4919	968	0
15671	28	280	968	0
104808	28	12484	968	0
32353	28	2026	968	0
100642	28	694	968	0
110895	28	614	968	0
109715	28	532	968	0
20718	28	369	968	0
65513	28	8108	968	0
106588	28	2179	968	0
60175	28	3896	968	0
92148	28	1483	968	0
14006	28	181	968	0
12725	28	856	968	0
74013	28	1920	968	0
87810	28	834	968	0
35148	28	2967	968	0
75409	28	893	968	0
53039	28	147	968	0
129546	28	6571	968	0
8581	28	569	968	0
33273	28	20176	968	0
28815	28	1464	968	0
66071	28	2967	968	0
83484	28	673	968	0
118826	28	2257	968	0
145592	28	1741	968	0
151004	28	203	968	0
174337	28	224	968	0
129566	28	392	968	0
28512	28	1477	968	0
117981	28	3118	968	0
6500	28	1220	968	0
55848	28	1127	968	0
95532	28	5079	968	0
76950	28	89	968	0
81120	28	7636	968	0
75511	28	1556	968	0
127548	28	3777	968	0
43524	28	2714	968	0
80641	28	707	968	0
62375	28	3760	968	0
38875	28	602	968	0
106664	28	2532	968	0
65919	28	919	968	0
102851	28	174445	968	0
79836	28	1023	968	0
92072	28	236	968	0
81440	28	2538	968	0
19359	28	1497	968	0
18790	28	1776	968	0
18427	28	109	968	0
27615	28	2477	968	0
129614	28	202	968	0
42415	28	1364	968	0
112394	28	170	968	0
16173	28	35757	968	0
17161	28	1610	968	0
94273	28	3990	968	0
106618	28	280	968	0
68999	28	3092	968	0
80266	28	732	968	0
16283	28	26555	968	0
149887	28	455	968	0
38124	28	83	968	0
100209	28	522	968	0
57960	28	307	968	0
22143	28	423	968	0
119350	28	907	968	0
36351	28	51	968	0
44564	28	716	968	0
59189	28	756	968	0
76639	28	1873	968	0
19036	28	3373	968	0
85977	28	542	968	0
67622	28	1466	968	0
11812	28	39	968	0
55024	28	2174	968	0
19961	28	767	968	0
65859	28	227	968	0
93209	28	816	968	0
69614	28	165	968	0
129636	28	29313	968	0
53891	28	103	968	0
51138	28	140	968	0
51875	28	51633	968	0
34030	28	16	968	0
45493	28	1033	968	0
100981	28	679	968	0
127754	28	1665	968	0
151177	28	740	968	0
70255	28	449	968	0
101964	28	525	968	0
25481	28	789	968	0
82570	28	3959	968	0
22506	28	965	968	0
94139	28	267	968	0
70301	28	1733	968	0
16879	28	2081	968	0
7921	28	2629	968	0
27408	28	796	968	0
78527	28	2412	968	0
89549	28	178	968	0
73665	28	2283	968	0
17293	28	931	968	0
74955	28	310	968	0
54683	28	355	968	0
81200	28	1190	968	0
26181	28	1105	968	0
72763	28	386	968	0
20573	28	1173	968	0
69890	16	8	968	0
73151	28	1536	968	0
108728	28	5553	968	0
69052	28	3364	968	0
75464	28	3206	968	0
8812	28	49	968	0
24687	28	31992	968	0
49631	28	2567	968	0
38181	28	28862	968	0
5780	28	219	968	0
17151	28	5584	968	0
9057	28	213	968	0
89755	28	3194	968	0
53986	28	522	968	0
74023	28	4757	968	0
111331	28	188	968	0
129247	28	3317	968	0
35079	28	515	968	0
88987	28	11457	968	0
9216	28	1609	968	0
66001	28	168	968	0
19240	28	1432	968	0
74596	28	48860	968	0
27514	28	1124	968	0
9363	28	1505	968	0
15189	28	86	968	0
16595	28	45631	968	0
109812	28	14976	968	0
95184	28	1394	968	0
23177	28	463	968	0
129710	28	1249	968	0
20646	28	1146	968	0
21046	28	143	968	0
66086	28	1500	968	0
71477	28	2180	968	0
30040	28	162	968	0
19604	28	1291	968	0
77503	28	2032	968	0
23627	28	2261	968	0
51915	28	2895	968	0
11180	28	802	968	0
33235	28	1665	968	0
24156	28	48	968	0
29597	28	702	968	0
117081	28	1576	968	0
98662	28	1555	968	0
110640	28	3470	968	0
108394	28	68706	968	0
86752	28	6073	968	0
29187	28	6049	968	0
87497	28	278	968	0
111450	28	459	968	0
107971	28	215	968	0
28457	28	453	968	0
25906	28	603	968	0
11231	28	266	968	0
53388	28	1783	968	0
57266	28	1036	968	0
12965	28	1286	968	0
70143	28	1412	968	0
174962	28	262	968	0
24103	28	31	968	0
60038	28	2854	968	0
16210	28	1847	968	0
17158	28	36	968	0
9222	28	3958	968	0
21941	28	1131	968	0
108728	28	42	968	0
33425	28	578	968	0
92397	28	87	968	0
41569	28	587	968	0
60464	28	202	968	0
151417	28	851	968	0
111045	28	653	968	0
83083	28	1442	968	0
56341	28	67	968	0
47970	28	1268	968	0
11373	14	25589	968	0
12675	28	29	968	0
56106	28	1280	968	0
111472	28	3967	968	0
22789	28	583	968	0
119397	28	29778	968	0
95537	28	2877	968	0
70372	28	17809	968	0
89358	28	2668	968	0
137852	28	355	968	0
67360	28	2046	968	0
73231	28	450	968	0
107105	28	1500	968	0
11670	28	410	968	0
94010	28	354	968	0
82104	28	14976	968	0
111476	28	3207	968	0
67797	28	888	968	0
37415	28	1932	968	0
12842	28	328	968	0
19894	28	297	968	0
14365	28	1057	968	0
90498	28	449	968	0
26613	28	206	968	0
17285	28	51	968	0
61975	28	434	968	0
82736	28	3034	968	0
105659	28	1728	968	0
63401	28	485	968	0
103163	28	1509	968	0
56900	28	4605	968	0
53431	28	1779	968	0
7929	28	595	968	0
13116	28	1444	968	0
77565	28	8447	968	0
24941	28	2311	968	0
37457	28	614	968	0
61645	28	143	968	0
30479	28	24235	968	0
82063	28	219	968	0
41753	28	1099	968	0
30140	28	614	968	0
71456	28	767	968	0
117875	30	1480	968	0
83132	28	492	968	0
10087	28	481	968	0
65933	28	410	968	0
129851	28	318	968	0
19766	28	2938	968	0
51027	28	2291	968	0
66702	28	1736	968	0
115363	28	5584	968	0
49289	28	1432	968	0
72840	28	5202	968	0
118474	28	126	968	0
99583	28	181	968	0
64577	28	35757	968	0
81595	28	572	968	0
90868	28	3172	968	0
33269	28	1290	968	0
151613	28	1000	968	0
175346	28	2205	968	0
93242	28	919	968	0
15979	28	1251	968	0
129185	28	2445	968	0
27353	28	2611	968	0
51622	28	170	968	0
41690	28	995	968	0
62535	28	1154	968	0
25668	28	234	968	0
26546	28	46	968	0
56518	28	118	968	0
18764	28	1068	968	0
31552	28	1302	968	0
34492	28	238	968	0
103233	28	424	968	0
56824	28	241	968	0
19132	28	11561	968	0
8802	28	998	968	0
82792	28	2227	968	0
17270	28	798	968	0
128057	28	1107	968	0
129684	28	429	968	0
19798	28	109	968	0
38644	28	91	968	0
47944	28	146	968	0
31861	28	4764	968	0
151683	28	104	968	0
33435	28	86779	968	0
115915	28	119	968	0
43164	28	144	968	0
24718	28	18107	968	0
51533	28	428	968	0
95158	28	115345	968	0
58234	28	215	968	0
15981	28	2948	968	0
26753	28	2409	968	0
61970	28	707	968	0
140165	28	703	968	0
46806	28	1563	968	0
21603	28	17890	968	0
151432	28	51633	968	0
78080	28	2719	968	0
69632	28	2291	968	0
27789	28	384	968	0
72537	28	7746	968	0
10563	28	38	968	0
53878	14	943	968	0
65185	28	1542	968	0
13825	28	842	968	0
44463	28	437	968	0
20977	28	2162	968	0
12335	28	1058	968	0
19406	28	387	968	0
17150	28	936	968	0
36197	28	2967	968	0
37078	28	795	968	0
30022	28	3080	968	0
100857	28	477	968	0
129470	28	962	968	0
34343	28	266	968	0
11181	28	37	968	0
39361	28	1073	968	0
26305	28	4155	968	0
128170	28	2456	968	0
21764	28	154	968	0
24644	28	2445	968	0
91649	28	188	968	0
83880	28	1243	968	0
23691	28	3076	968	0
6599	28	1905	968	0
72525	28	153	968	0
74082	28	542	968	0
50869	28	43	968	0
49385	28	16092	968	0
125849	28	400	968	0
69410	28	371	968	0
64130	26	563	968	0
147802	28	2170	968	0
71290	28	993	968	0
19651	28	2912	968	0
81128	28	1484	968	0
126668	28	1653	968	0
72782	28	1926	968	0
67640	28	3971	968	0
89495	28	1127	968	0
17033	28	1465	968	0
88261	28	1808	968	0
105324	28	1600	968	0
81415	28	2865	968	0
57536	28	2174	968	0
32829	28	280	968	0
130014	28	282	968	0
33067	28	1887	968	0
60919	14	36695	968	0
69072	28	635	968	0
7360	28	1543	968	0
151936	28	643	968	0
39321	28	254	968	0
175874	28	3325	968	0
15420	28	353	968	0
80570	28	1507	968	0
32308	28	202	968	0
35908	28	126	968	0
27803	28	2311	968	0
59899	28	1107	968	0
46026	28	3317	968	0
151961	28	719	968	0
87074	28	2481	968	0
30776	28	245	968	0
41792	28	5369	968	0
74663	28	391	968	0
92226	28	1918	968	0
73892	28	160	968	0
93585	28	80	968	0
71456	28	890	968	0
97851	28	1444	968	0
109720	28	129	968	0
86706	28	272	968	0
88812	28	1275	968	0
7135	28	1080	968	0
20911	28	8447	968	0
130047	28	415	968	0
52724	28	79376	968	0
40755	28	234	968	0
58408	28	206	968	0
23748	28	219	968	0
139504	28	3864	968	0
103152	28	540	968	0
87888	28	22	968	0
22872	28	1155	968	0
61251	28	4217	968	0
12540	28	2785	968	0
28857	28	253	968	0
17151	28	603	968	0
62213	28	828	968	0
60167	28	2128	968	0
41351	28	766	968	0
77936	28	162	968	0
91786	28	486	968	0
78771	28	22983	968	0
15876	28	220	968	0
130065	28	166	968	0
15599	28	248	968	0
139310	28	1632	968	0
81933	28	1008	968	0
92801	28	18654	968	0
126434	28	445	968	0
21790	28	723	968	0
33513	28	1811	968	0
7669	28	46	968	0
28816	28	1594	968	0
55595	28	16779	968	0
29023	28	1652	968	0
44237	28	1432	968	0
72130	28	504	968	0
102070	28	1431	968	0
49003	28	10190	968	0
126796	28	371	968	0
78809	28	798	968	0
65230	28	2780	968	0
141786	28	159	968	0
67325	28	710	968	0
12503	28	2208	968	0
117301	28	3476	968	0
54856	28	436	968	0
35352	28	608	968	0
50542	28	819	968	0
59159	28	839	968	0
21047	28	10879	968	0
14532	28	377	968	0
15008	28	99	968	0
127427	28	2153	968	0
141587	28	15031	968	0
74726	28	2020	968	0
71459	28	1150	968	0
15420	28	802	968	0
36986	28	129	968	0
96842	28	76	968	0
16510	28	11259	968	0
82137	28	485	968	0
58216	28	4217	968	0
88328	28	3425	968	0
28457	28	608	968	0
60341	28	18272	968	0
104949	28	2139	968	0
110897	28	64951	968	0
36641	28	50069	968	0
83911	28	1610	968	0
16282	28	161	968	0
60388	28	1024	968	0
15485	28	1082	968	0
126508	28	395	968	0
69743	28	7072	968	0
43244	28	909	968	0
20037	28	16	968	0
13776	28	1629	968	0
37138	28	19991	968	0
55587	28	1959	968	0
23065	28	1749	968	0
45183	28	491	968	0
33730	28	1268	968	0
20244	28	3230	968	0
98627	28	35807	968	0
69027	28	21487	968	0
13394	28	586	968	0
74573	28	569	968	0
103085	28	152210	968	0
74020	28	2131	968	0
93621	28	745	968	0
38232	28	1047	968	0
130141	28	203	968	0
119793	28	202	968	0
74187	28	2154	968	0
65012	28	475	968	0
54807	28	545	968	0
116370	28	774	968	0
109939	28	36296	968	0
24528	28	433	968	0
151004	28	2846	968	0
53905	28	22174	968	0
15224	28	91	968	0
54300	28	1552	968	0
42210	28	741	968	0
39016	28	953	968	0
11367	28	814	968	0
6437	28	1289	968	0
30654	28	5835	968	0
149705	28	75667	968	0
106098	28	530	968	0
21103	28	825	968	0
49810	28	767	968	0
122493	28	427	968	0
67073	28	2197	968	0
85654	28	131	968	0
146417	28	140	968	0
58278	28	860	968	0
59651	28	1505	968	0
26233	28	1364	968	0
106502	28	2192	968	0
95334	28	523	968	0
79105	28	1001	968	0
140606	28	434	968	0
95152	28	1237	968	0
8909	28	57	968	0
130183	28	7624	968	0
45103	28	455	968	0
48773	28	493	968	0
130187	28	29899	968	0
117719	28	1966	968	0
94045	28	3869	968	0
15669	28	1162	968	0
124783	28	1332	968	0
62910	28	41	968	0
90380	28	848	968	0
21416	28	627	968	0
76406	28	815	968	0
57164	28	3125	968	0
48606	28	434	968	0
9159	28	967	968	0
30039	28	2692	968	0
22158	28	803	968	0
128470	28	80239	968	0
152359	28	3157	968	0
125960	28	310	968	0
47160	28	13762	968	0
120242	28	2054	968	0
46657	28	1466	968	0
101642	28	720	968	0
130204	28	1835	968	0
130205	28	1421	968	0
24217	28	1077	968	0
8537	28	545	968	0
36767	28	304	968	0
17805	28	1665	968	0
8046	28	1144	968	0
54697	28	56	968	0
35900	28	1153	968	0
99394	28	5808	968	0
39655	28	680	968	0
103920	28	408	968	0
80013	14	42872	968	0
176749	28	83	968	0
51887	28	1442	968	0
42148	28	1073	968	0
34104	28	1035	968	0
100523	28	133	968	0
135208	28	2192	968	0
29223	28	653	968	0
81373	28	178	968	0
53625	28	1068	968	0
63281	28	758	968	0
28101	28	607	968	0
99605	28	8108	968	0
16613	28	91	968	0
85438	28	1093	968	0
17379	28	3051	968	0
80339	28	1305	968	0
70357	28	195	968	0
108899	28	7117	968	0
176832	28	260	968	0
75752	28	13975	968	0
7681	28	2083	968	0
89674	28	417	968	0
49459	28	2436	968	0
45708	28	529	968	0
17010	28	3750	968	0
73292	28	774	968	0
147953	28	7465	968	0
20588	28	967	968	0
91208	28	6571	968	0
77097	28	1963	968	0
88181	28	67	968	0
118210	28	2641	968	0
92078	28	1665	968	0
109540	28	230	968	0
58095	28	379	968	0
10898	28	676	968	0
146300	28	3395	968	0
14578	28	1765	968	0
23501	28	1442	968	0
49555	28	5998	968	0
16138	28	1828	968	0
13790	28	469	968	0
94931	28	1008	968	0
33154	28	741	968	0
61783	28	504	968	0
89692	28	6983	968	0
95302	28	28673	968	0
26001	28	353	968	0
11749	28	513	968	0
112193	28	923	968	0
23156	28	789	968	0
83394	28	377	968	0
84849	28	99	968	0
86410	28	94008	968	0
51119	28	1552	968	0
40031	28	1330	968	0
152554	28	2774	968	0
46017	28	571	968	0
65961	28	679	968	0
85241	28	4724	968	0
33123	28	268	968	0
40117	28	2430	968	0
114295	28	463	968	0
87394	28	926	968	0
123216	28	52	968	0
64039	28	5980	968	0
16590	28	583	968	0
15196	28	628	968	0
16343	28	869	968	0
87503	28	1765	968	0
94171	28	1101	968	0
38612	28	1195	968	0
129564	28	1528	968	0
57230	28	2692	968	0
36047	28	1036	968	0
113170	28	1710	968	0
95829	14	3795	968	0
123845	28	1059	968	0
39566	28	794	968	0
149113	28	1007	968	0
111536	28	503	968	0
32935	28	38435	968	0
60829	28	29313	968	0
21189	28	283	968	0
38106	28	40	968	0
11470	28	3335	968	0
115336	28	740	968	0
95532	28	1436	968	0
111224	28	119	968	0
94954	28	2412	968	0
48903	28	58	968	0
93879	28	366	968	0
108719	28	1642	968	0
64855	28	251	968	0
93573	28	1098	968	0
44337	28	769	968	0
51062	28	371	968	0
49058	28	2228	968	0
41035	28	840	968	0
72487	28	1173	968	0
44417	28	56954	968	0
97459	28	793	968	0
105910	28	1776	968	0
47053	28	167	968	0
29288	28	1887	968	0
55294	28	62084	968	0
95001	28	1753	968	0
80048	28	830	968	0
100497	28	755	968	0
21995	28	625	968	0
39235	28	174	968	0
130183	28	3193	968	0
39618	28	4769	968	0
56395	28	707	968	0
86163	28	2483	968	0
83666	28	1793	968	0
19782	28	791	968	0
28483	28	756	968	0
177287	28	1525	968	0
12385	28	758	968	0
103602	28	519	968	0
125610	28	3131	968	0
126373	28	1728	968	0
26206	28	972	968	0
76022	28	449	968	0
12705	28	344	968	0
67741	28	991	968	0
90915	28	3165	968	0
70816	28	840	968	0
90040	28	241	968	0
107316	28	869	968	0
85248	28	61	968	0
10460	28	1562	968	0
20940	28	1628	968	0
12671	28	467	968	0
49643	28	224	968	0
101283	28	3914	968	0
64724	28	2980	968	0
74763	28	525	968	0
18228	28	445	968	0
63566	28	20692	968	0
122371	28	14396	968	0
129036	28	1659	968	0
152610	28	1145	968	0
152780	28	1249	968	0
54164	28	6569	968	0
18785	28	202	968	0
77919	28	50390	968	0
25548	28	1536	968	0
98518	28	679	968	0
78873	28	1618	968	0
14033	28	2464	968	0
55956	28	5998	968	0
100525	28	851	968	0
44296	28	1665	968	0
30789	28	22	968	0
130193	28	3845	968	0
11489	28	168	968	0
88807	28	586	968	0
177524	28	791	968	0
15919	28	79	968	0
82046	28	4509	968	0
15439	28	9274	968	0
19990	28	3226	968	0
38478	28	98	968	0
24928	28	4422	968	0
21573	28	1207	968	0
118814	28	570	968	0
77867	28	717	968	0
22769	28	1859	968	0
24084	28	526	968	0
56649	28	679	968	0
43922	28	2366	968	0
42226	28	6763	968	0
35643	28	1835	968	0
82042	28	1623	968	0
9405	28	1765	968	0
17734	28	82019	968	0
41422	28	32	968	0
44947	28	1465	968	0
44722	28	5852	968	0
105192	28	937	968	0
56640	28	1552	968	0
130368	28	2479	968	0
110695	28	345	968	0
48064	28	8165	968	0
64503	28	86	968	0
82569	28	120	968	0
128463	14	36093	968	0
6861	28	6525	968	0
21264	28	1553	968	0
128842	28	681	968	0
108871	28	28858	968	0
40515	28	1241	968	0
77893	28	892	968	0
42393	28	254	968	0
29879	28	1268	968	0
67214	28	1204	968	0
94621	28	791	968	0
11823	28	465	968	0
177658	28	293	968	0
68042	28	4476	968	0
94952	28	623	968	0
9623	28	8173	968	0
150600	28	1541	968	0
61091	28	752	968	0
20474	28	877	968	0
12829	14	3057	968	0
22167	28	4678	968	0
112214	28	565	968	0
79990	28	618	968	0
32396	28	175	968	0
77936	28	1665	968	0
79860	28	283	968	0
95698	28	1316	968	0
46017	28	263	968	0
54811	28	587	968	0
71886	28	1056	968	0
23794	28	238	968	0
110208	28	1150	968	0
65611	28	327	968	0
19766	28	3896	968	0
64991	28	1710	968	0
103720	28	3213	968	0
14649	28	9028	968	0
10130	28	2291	968	0
28803	28	1828	968	0
141868	28	1036	968	0
153005	28	1127	968	0
54013	28	4117	968	0
51914	28	909	968	0
23680	28	675	968	0
35779	28	1522	968	0
88247	28	2159	968	0
124610	28	281	968	0
67741	28	1423	968	0
113684	28	458	968	0
69562	28	380	968	0
15407	28	1006	968	0
86913	28	757	968	0
147603	28	280	968	0
85492	28	156	968	0
130414	28	857	968	0
52452	28	11174	968	0
80611	28	7750	968	0
104659	28	2083	968	0
31413	28	278	968	0
11434	28	101	968	0
13711	28	50	968	0
133038	28	81	968	0
25450	28	392	968	0
40888	28	402	968	0
118312	28	7043	968	0
80806	28	1043	968	0
67275	28	2366	968	0
34097	28	1905	968	0
6861	28	290	968	0
25733	28	3123	968	0
7806	28	272	968	0
122593	28	1741	968	0
67251	28	268	968	0
134723	28	37470	968	0
116724	28	1708	968	0
14613	28	69	968	0
72827	28	752	968	0
27908	28	37	968	0
93957	28	2395	968	0
89585	28	1364	968	0
128371	28	841	968	0
35751	28	394	968	0
87242	28	843	968	0
21465	28	1572	968	0
17294	28	371	968	0
36547	28	1777	968	0
104921	28	1078	968	0
78711	28	1481	968	0
10239	28	686	968	0
110569	28	2415	968	0
12803	28	1985	968	0
109068	28	691	968	0
41375	28	1753	968	0
19473	28	1306	968	0
66541	28	3383	968	0
21539	28	72	968	0
57803	28	3674	968	0
51600	28	10531	968	0
15284	28	169	968	0
108019	28	3425	968	0
10277	28	4175	968	0
41257	28	4919	968	0
28646	28	1211	968	0
34221	28	3206	968	0
21754	28	71	968	0
59163	28	48	968	0
70222	28	106	968	0
25186	28	1317	968	0
53951	28	769	968	0
17631	28	2187	968	0
152218	28	1963	968	0
92149	28	4757	968	0
20357	28	8173	968	0
19337	28	310	968	0
77998	28	2018	968	0
23469	28	214	968	0
30598	28	1897	968	0
56508	28	422	968	0
39741	28	662	968	0
42843	28	118	968	0
7584	28	907	968	0
72442	28	2103	968	0
99376	28	60688	968	0
111508	28	2198	968	0
79359	28	1216	968	0
10529	28	222	968	0
59963	28	1705	968	0
128411	28	2641	968	0
25964	28	669	968	0
107291	28	673	968	0
109572	28	5835	968	0
108490	28	3059	968	0
11834	28	129	968	0
123966	28	1404	968	0
16790	28	676	968	0
93700	28	789	968	0
19064	28	37167	968	0
25951	28	155	968	0
92731	28	268	968	0
78873	28	1765	968	0
80909	28	210	968	0
9822	28	20176	968	0
51243	28	20	968	0
73000	28	5765	968	0
95139	28	1150	968	0
109600	28	815	968	0
35196	28	5584	968	0
28365	28	89	968	0
7390	28	57	968	0
26927	28	47	968	0
53015	28	455	968	0
25643	28	224	968	0
178469	28	152	968	0
114632	28	550	968	0
87063	28	1098	968	0
84171	28	59520	968	0
21517	28	166	968	0
19524	28	3319	968	0
59391	28	527	968	0
19106	28	1987	968	0
93455	28	95	968	0
106356	28	1873	968	0
17422	28	419	968	0
93405	28	3414	968	0
81685	28	266	968	0
113337	28	505	968	0
66024	28	1053	968	0
20455	28	334	968	0
67051	28	390	968	0
75544	28	6518	968	0
81043	28	2054	968	0
110952	28	89	968	0
101655	28	877	968	0
24535	28	79881	968	0
51236	28	1454	968	0
104581	28	2302	968	0
124547	28	657	968	0
73128	28	657	968	0
34093	28	1151	968	0
130538	28	63173	968	0
63353	28	1016	968	0
109426	28	1460	968	0
138706	28	1682	968	0
23308	28	1533	968	0
70217	28	255	968	0
38254	28	12359	968	0
56508	28	913	968	0
55966	28	1416	968	0
37258	28	1112	968	0
93876	28	619	968	0
47630	28	31813	968	0
79964	28	984	968	0
117985	28	673	968	0
116557	28	40850	968	0
105223	28	816	968	0
28821	28	44533	968	0
66653	28	36296	968	0
47458	28	1703	968	0
101491	28	1239	968	0
57759	28	269	968	0
20621	28	1154	968	0
48411	28	815	968	0
9076	28	2364	968	0
8141	28	343	968	0
32795	28	5412	968	0
27480	28	175	968	0
13116	28	2914	968	0
69990	14	150391	968	0
17175	28	752	968	0
106878	28	1123	968	0
105296	28	1632	968	0
46771	28	12408	968	0
102131	28	2139	968	0
82304	28	10344	968	0
13441	28	1033	968	0
66956	8	68507	968	0
50488	28	1747	968	0
111471	28	941	968	0
93467	28	3661	968	0
10270	28	3447	968	0
26100	28	2896	968	0
32950	28	1242	968	0
22499	28	117	968	0
37319	28	106	968	0
69513	28	1873	968	0
143418	28	436	968	0
29186	28	36	968	0
153463	28	24824	968	0
51843	28	1442	968	0
44005	28	1196	968	0
56593	28	1776	968	0
28641	28	13762	968	0
51388	28	255	968	0
15426	28	2086	968	0
22668	28	1010	968	0
83835	28	1779	968	0
104571	28	1044	968	0
116235	28	1239	968	0
31893	28	19991	968	0
91408	28	1147	968	0
17605	28	98	968	0
47243	28	860	968	0
57422	28	793	968	0
95428	28	1121	968	0
64053	28	453	968	0
105410	28	481	968	0
126911	28	41356	968	0
44110	28	395	968	0
49363	28	628	968	0
9725	28	71	968	0
38505	28	900	968	0
51461	28	135	968	0
83989	28	17890	968	0
72295	28	3491	968	0
66190	28	3212	968	0
94827	28	1022	968	0
119540	28	386	968	0
26530	28	1327	968	0
23961	28	5711	968	0
18611	28	424	968	0
89015	14	37414	968	0
15946	28	2599	968	0
111657	28	5262	968	0
114955	28	919	968	0
141917	28	50605	968	0
111460	28	435	968	0
37374	28	10050	968	0
55155	28	161	968	0
106157	28	607	968	0
13581	28	142	968	0
98218	28	1528	968	0
32454	28	21358	968	0
63937	28	1052	968	0
60134	28	908	968	0
94957	28	45076	968	0
45440	28	2288	968	0
179046	28	381	968	0
111064	28	15572	968	0
62848	28	1396	968	0
104030	28	1264	968	0
44624	28	3176	968	0
38067	28	745	968	0
83880	28	3480	968	0
32360	28	619	968	0
11323	28	1199	968	0
7656	28	3076	968	0
10475	28	155	968	0
88822	28	749	968	0
15700	28	1736	968	0
17240	28	3674	968	0
42271	28	1047	968	0
11865	28	165	968	0
25756	28	2816	968	0
9148	28	2026	968	0
30765	28	10171	968	0
106664	28	2602	968	0
179152	28	80	968	0
44340	28	646	968	0
43244	28	5795	968	0
93772	28	717	968	0
26285	28	781	968	0
5470	28	435	968	0
110971	28	5643	968	0
117625	28	171	968	0
129903	28	857	968	0
130598	28	523	968	0
62322	28	288	968	0
134161	28	535	968	0
130609	28	1333	968	0
72583	28	350	968	0
8224	28	136	968	0
95560	28	3439	968	0
41525	28	1309	968	0
27319	28	708	968	0
29347	28	583	968	0
26590	28	1012	968	0
69515	28	5047	968	0
100716	28	1404	968	0
92078	28	162	968	0
89755	28	2798	968	0
116273	28	648	968	0
33856	28	1533	968	0
48256	28	233	968	0
74608	28	509	968	0
111442	28	392	968	0
114596	28	1512	968	0
12672	28	791	968	0
44296	28	162	968	0
88448	28	2226	968	0
72101	28	1859	968	0
118529	28	3967	968	0
14984	23	128691	968	0
56227	28	1785	968	0
7764	28	81	968	0
19365	28	345	968	0
127243	28	1222	968	0
91303	8	20133	968	0
106970	28	321	968	0
11676	28	465	968	0
79567	28	165	968	0
59047	28	682	968	0
35159	28	830	968	0
16510	28	2708	968	0
59867	28	1563	968	0
9524	28	8559	968	0
117077	28	261	968	0
22496	28	1290	968	0
43356	28	3637	968	0
20450	28	2481	968	0
81159	28	1559	968	0
51138	28	1951	968	0
12340	28	537	968	0
17830	28	676	968	0
70027	28	817	968	0
12420	28	851	968	0
124277	28	1793	968	0
146177	28	2257	968	0
8537	28	13844	968	0
9265	28	4472	968	0
57758	28	63	968	0
70267	28	43	968	0
144867	28	3777	968	0
141907	28	5412	968	0
70708	28	369	968	0
80044	28	1592	968	0
94770	28	145	968	0
23006	28	371	968	0
32795	28	8059	968	0
92424	28	1296	968	0
46465	28	864	968	0
18260	28	1009	968	0
34768	28	1728	968	0
30413	28	52	968	0
41127	28	481	968	0
84557	28	554	968	0
153738	28	1824	968	0
95093	28	5163	968	0
55341	28	82	968	0
35581	28	913	968	0
55929	28	445	968	0
50982	28	2466	968	0
27114	28	224	968	0
21497	28	1288	968	0
51049	28	354	968	0
25301	28	603	968	0
27475	28	486	968	0
83022	28	877	968	0
24134	28	833	968	0
92722	28	3033	968	0
91273	28	574	968	0
21592	28	4933	968	0
111299	28	361	968	0
95139	28	427	968	0
123845	28	1022	968	0
16985	28	6569	968	0
18420	28	1507	968	0
101688	28	353	968	0
39054	28	8173	968	0
61508	28	6923	968	0
87777	28	973	968	0
64299	28	4340	968	0
30092	28	4227	968	0
41314	28	716	968	0
27964	28	325	968	0
14722	28	4751	968	0
143045	28	2608	968	0
16228	28	750	968	0
49410	28	152	968	0
37095	28	24992	968	0
57430	28	752	968	0
8661	28	1959	968	0
80154	28	34289	968	0
40030	28	953	968	0
44622	28	27335	968	0
34551	28	73	968	0
128145	14	30867	968	0
114522	28	412	968	0
6582	28	1335	968	0
22001	28	147	968	0
118066	28	475	968	0
105372	28	1654	968	0
31152	28	1342	968	0
76501	28	1383	968	0
72502	28	1190	968	0
27874	28	175	968	0
24488	28	1699	968	0
38542	28	1536	968	0
50591	28	2302	968	0
57737	28	2311	968	0
116273	28	1249	968	0
110695	28	614	968	0
20152	28	2720	968	0
151078	28	18057	968	0
16321	28	1754	968	0
40907	28	43	968	0
147430	28	2649	968	0
25510	28	275	968	0
12090	28	334	968	0
61016	28	2020	968	0
30822	28	1733	968	0
44682	28	242	968	0
60582	28	1364	968	0
125250	28	857	968	0
30884	28	273	968	0
14531	28	1076	968	0
83609	28	7746	968	0
76717	28	499	968	0
106399	28	261	968	0
23404	28	1466	968	0
101678	28	1654	968	0
91898	28	3033	968	0
35716	28	7993	968	0
103542	28	850	968	0
90752	28	3702	968	0
77306	28	118	968	0
51384	28	791	968	0
101663	28	2938	968	0
66365	28	261	968	0
76717	28	41	968	0
10411	28	45	968	0
88496	28	4927	968	0
98761	28	3155	968	0
11440	28	1320	968	0
51368	28	174	968	0
10616	28	1180	968	0
34143	28	1138	968	0
144696	28	261	968	0
13983	28	142	968	0
110440	28	192	968	0
7821	28	251	968	0
68352	28	2257	968	0
16930	28	5031	968	0
62054	28	1839	968	0
72001	28	368	968	0
63323	28	610	968	0
97547	28	2774	968	0
81294	28	1983	968	0
153141	28	1796	968	0
66179	28	3125	968	0
84537	28	198	968	0
6457	28	102	968	0
22636	28	195	968	0
126137	28	37868	968	0
39827	28	122	968	0
72399	28	45	968	0
125374	28	8240	968	0
54986	28	40540	968	0
33225	28	41412	968	0
26979	28	1553	968	0
81785	28	90080	968	0
59455	28	442	968	0
135022	28	1573	968	0
79107	28	343	968	0
119393	28	530	968	0
44078	28	2908	968	0
106723	28	63	968	0
105834	28	87	968	0
62753	28	1975	968	0
30847	28	653	968	0
18836	28	1370	968	0
141858	28	1793	968	0
83614	28	368	968	0
48344	28	692	968	0
13821	28	402	968	0
21188	28	1898	968	0
29294	28	7559	968	0
71837	28	82	968	0
70845	28	901	968	0
95232	28	20694	968	0
16850	28	188	968	0
12856	28	46	968	0
31101	28	693	968	0
57001	28	1705	968	0
31090	28	2487	968	0
50224	28	219	968	0
26219	28	1934	968	0
30932	28	254	968	0
40148	28	4011	968	0
152946	28	24235	968	0
81461	28	1290	968	0
19576	28	77	968	0
52772	28	475	968	0
54958	8	40040	968	0
89772	28	17885	968	0
92089	28	821	968	0
108188	28	158	968	0
78696	28	558	968	0
45319	28	4678	968	0
85086	28	1883	968	0
30242	28	181	968	0
81804	28	22983	968	0
75099	28	5412	968	0
98441	28	42	968	0
41748	28	642	968	0
127038	28	77	968	0
180124	28	2773	968	0
9405	28	496	968	0
63566	28	614	968	0
110138	28	5165	968	0
74528	28	58078	968	0
29057	28	255	968	0
14636	28	2182	968	0
128272	28	8165	968	0
91366	28	50	968	0
137337	28	74312	968	0
85547	28	2720	968	0
13899	28	10531	968	0
58821	28	851	968	0
63705	28	3373	968	0
45930	28	32368	968	0
105227	28	1002	968	0
55058	28	972	968	0
60447	28	1760	968	0
72644	28	1754	968	0
87590	28	702	968	0
13909	31	56332	968	0
27317	28	571	968	0
93740	28	1172	968	0
39441	28	202	968	0
124957	28	749	968	0
58200	28	596	968	0
81269	28	317	968	0
7278	28	1592	968	0
37162	28	5124	968	0
51820	28	518	968	0
43008	28	345	968	0
7501	28	1500	968	0
49213	28	5412	968	0
119981	28	501	968	0
91088	28	493	968	0
107316	28	1617	968	0
84312	28	1993	968	0
24010	28	903	968	0
180297	28	866	968	0
19488	28	528	968	0
8326	28	1801	968	0
87330	28	278	968	0
20800	28	1477	968	0
18407	28	4139	968	0
55559	28	6569	968	0
100523	28	1466	968	0
23085	28	2562	968	0
93480	28	170	968	0
82055	28	1595	968	0
48564	28	318	968	0
109640	28	26984	968	0
64010	28	754	968	0
21612	28	2737	968	0
109472	28	1280	968	0
99458	28	411	968	0
54244	28	1563	968	0
150580	28	1312	968	0
60854	28	388	968	0
38612	28	145	968	0
52199	28	8706	968	0
60361	28	28	968	0
61448	28	2808	968	0
85158	28	261	968	0
14478	28	4181	968	0
65817	28	4757	968	0
54727	28	1302	968	0
36582	28	1004	968	0
51300	28	26141	968	0
60698	28	6612	968	0
91366	28	81	968	0
69726	28	669	968	0
16258	28	774	968	0
101116	28	307	968	0
124314	28	580	968	0
31869	28	126	968	0
44387	28	793	968	0
109217	28	475	968	0
180454	28	1296	968	0
104911	28	1537	968	0
51454	28	252	968	0
47893	28	961	968	0
96554	28	45	968	0
38101	28	260	968	0
73538	28	1016	968	0
41868	28	99	968	0
109398	28	2151	968	0
97619	28	783	968	0
115122	28	2324	968	0
16787	28	80	968	0
12212	28	337	968	0
78877	28	1535	968	0
79337	28	1793	968	0
76589	28	29899	968	0
49850	28	179	968	0
27510	28	2032	968	0
7568	28	1749	968	0
28451	28	3081	968	0
57952	28	24	968	0
80776	28	36183	968	0
9669	28	28	968	0
73392	28	2555	968	0
26437	28	3367	968	0
152950	28	25404	968	0
47580	28	948	968	0
86508	28	1234	968	0
17032	28	573	968	0
8561	28	16	968	0
34194	28	33	968	0
24084	28	36056	968	0
27527	28	358	968	0
32498	28	1199	968	0
96576	28	1921	968	0
45990	28	1705	968	0
113343	28	24485	968	0
77350	28	5276	968	0
114653	28	717	968	0
9817	28	465	968	0
118123	28	1115	968	0
62779	28	168	968	0
27525	28	2160	968	0
71160	28	962	968	0
26955	28	5026	968	0
99849	28	1309	968	0
33577	28	805	968	0
95108	28	1147	968	0
108552	28	1394	968	0
154191	28	135744	968	0
103053	28	1404	968	0
21189	28	528	968	0
20567	28	262	968	0
31474	28	400	968	0
12026	28	1292	968	0
93692	28	1759	968	0
79589	28	23926	968	0
22940	28	328	968	0
61362	28	1665	968	0
46699	28	318	968	0
23501	28	492	968	0
28457	28	1853	968	0
130802	28	1403	968	0
31288	28	2710	968	0
118357	28	756	968	0
36722	28	403	968	0
79271	28	409	968	0
19725	28	1694	968	0
121551	28	524	968	0
180828	14	35392	968	0
36297	28	69	968	0
110046	28	904	968	0
21983	28	3824	968	0
50908	28	1007	968	0
14764	28	452	968	0
154233	28	489	968	0
29170	28	1827	968	0
94032	28	56987	968	0
57362	28	1098	968	0
151326	28	789	968	0
100892	28	1234	968	0
36737	28	1047	968	0
76253	28	1005	968	0
44317	28	1408	968	0
17307	28	240	968	0
90831	28	4373	968	0
104988	28	1178	968	0
99169	28	404	968	0
43524	28	851	968	0
62528	28	2719	968	0
76832	28	245	968	0
36690	28	595	968	0
86375	28	13762	968	0
32860	28	1206	968	0
25724	28	673	968	0
90558	28	1036	968	0
93700	28	2152	968	0
154272	28	505	968	0
9011	28	13714	968	0
151985	28	3073	968	0
26171	28	87	968	0
60575	28	1010	968	0
130162	28	1195	968	0
68650	28	843	968	0
22281	28	1552	968	0
67191	28	181009	968	0
26299	28	8045	968	0
118184	28	1408	968	0
76495	28	1536	968	0
70241	28	892	968	0
151613	28	44	968	0
17795	28	231	968	0
114550	28	506	968	0
104665	28	124	968	0
91648	28	11298	968	0
148785	28	432	968	0
67776	28	7098	968	0
101409	28	814	968	0
109695	28	400	968	0
106642	28	843	968	0
73627	28	5466	968	0
62673	28	821	968	0
67230	28	186	968	0
33809	28	1665	968	0
96298	28	1410	968	0
53408	28	843	968	0
141900	28	2156	968	0
114179	28	607	968	0
25468	28	441	968	0
5	27	43829	968	0
72467	28	1840	968	0
38560	28	2376	968	0
48779	28	310	968	0
18959	28	70	968	0
79614	28	143	968	0
18493	28	799	968	0
64264	28	369	968	0
128597	28	1115	968	0
82640	28	12348	968	0
55215	28	334	968	0
39542	28	41	968	0
104531	28	1036	968	0
96969	28	388	968	0
77180	28	802	968	0
77041	28	959	968	0
57928	28	34687	968	0
84616	28	430	968	0
11308	28	381	968	0
19284	28	40668	968	0
19913	28	691	968	0
23989	28	431	968	0
14534	28	379	968	0
120471	28	773	968	0
46346	14	854	968	0
95714	28	6571	968	0
17993	28	1010	968	0
8686	28	554	968	0
81386	28	2117	968	0
33789	28	712	968	0
12312	28	140	968	0
92204	28	4261	968	0
52527	28	1164	968	0
90756	28	325	968	0
7831	28	160	968	0
20542	28	48	968	0
75981	28	192	968	0
18929	28	1275	968	0
63116	28	427	968	0
80688	28	770	968	0
69496	28	1272	968	0
10909	28	1334	968	0
78781	28	1099	968	0
50627	28	51	968	0
44018	28	41411	968	0
23878	28	508	968	0
67329	28	722	968	0
91050	28	9234	968	0
53938	28	123	968	0
86144	28	1173	968	0
130209	28	2768	968	0
47152	28	1412	968	0
129710	28	904	968	0
35159	28	1080	968	0
59134	28	6529	968	0
110756	28	2373	968	0
51915	28	1836	968	0
70285	14	20071	968	0
27593	28	25069	968	0
40010	28	4880	968	0
9106	28	170	968	0
12423	28	2625	968	0
27501	28	1077	968	0
12462	28	81	968	0
42558	28	41356	968	0
22458	28	82	968	0
34907	28	310	968	0
9307	28	1780	968	0
23735	28	3246	968	0
28842	28	17885	968	0
14195	28	578	968	0
68653	28	2877	968	0
27110	28	3931	968	0
107276	28	421	968	0
42538	28	1691	968	0
17411	28	2478	968	0
48413	28	1160	968	0
154432	28	1410	968	0
72655	28	1507	968	0
79730	28	31	968	0
108197	28	2364	968	0
28454	28	49248	968	0
104054	28	4238	968	0
130881	28	1144	968	0
102723	28	833	968	0
69314	28	455	968	0
109278	28	624	968	0
14283	28	1172	968	0
120226	28	1255	968	0
130627	28	1075	968	0
86257	28	7746	968	0
98843	28	2632	968	0
40094	28	589	968	0
28232	28	72	968	0
80596	28	864	968	0
181606	28	180	968	0
94249	28	1068	968	0
118212	28	2257	968	0
71805	28	1302	968	0
14568	28	2366	968	0
38552	28	175	968	0
33017	28	916	968	0
43145	28	37180	968	0
87074	28	592	968	0
93674	28	3213	968	0
45123	28	242	968	0
72655	28	2095	968	0
56922	28	457	968	0
78471	28	1601	968	0
92148	28	6369	968	0
81557	28	66390	968	0
29072	28	307	968	0
15584	28	49	968	0
8002	28	1505	968	0
16210	28	2753	968	0
12564	28	383	968	0
64074	28	7857	968	0
64840	28	16193	968	0
25564	28	114	968	0
27510	28	2103	968	0
99942	28	1552	968	0
33135	28	334	968	0
9318	28	46	968	0
80678	28	3165	968	0
129614	28	3995	968	0
15384	28	577	968	0
39001	28	222	968	0
17585	28	558	968	0
89971	28	2464	968	0
129779	28	542	968	0
25176	28	489	968	0
17805	28	485	968	0
19576	28	188	968	0
144147	28	303	968	0
20340	28	290	968	0
19087	28	95	968	0
91990	28	476	968	0
42816	28	49	968	0
51918	28	2780	968	0
14884	28	1634	968	0
69627	28	2843	968	0
15300	28	913	968	0
69473	28	1066	968	0
111331	28	63	968	0
110515	28	486	968	0
122838	28	911	968	0
32018	28	1568	968	0
21580	28	681	968	0
72312	28	4757	968	0
43039	28	620	968	0
58084	28	758	968	0
89263	28	2895	968	0
92813	28	78	968	0
88045	28	79	968	0
181876	1	181877	968	0
8262	28	791	968	0
19969	28	317	968	0
108032	28	523	968	0
120957	28	4217	968	0
31000	28	840	968	0
22158	28	2562	968	0
55898	28	647	968	0
6794	28	5079	968	0
24479	28	1192	968	0
30628	28	110	968	0
49068	28	2162	968	0
52684	28	442	968	0
90040	28	640	968	0
96326	28	1462	968	0
130340	28	591	968	0
8776	28	710	968	0
79816	28	866	968	0
30925	28	2020	968	0
79744	28	46	968	0
108883	28	1466	968	0
82640	28	1052	968	0
151225	28	13706	968	0
43541	28	1073	968	0
43598	28	1484	968	0
57091	28	1009	968	0
53718	28	7794	968	0
118526	28	2798	968	0
87672	28	1568	968	0
74915	28	815	968	0
65129	28	3985	968	0
129011	28	574	968	0
124837	14	25228	968	0
19647	28	216	968	0
48886	28	78	968	0
108032	28	1600	968	0
41289	28	1091	968	0
36708	28	2391	968	0
117907	28	31796	968	0
16283	28	2627	968	0
133980	28	754	968	0
39850	28	558	968	0
27096	28	1036	968	0
44360	28	4919	968	0
64563	28	1822	968	0
22065	28	364	968	0
74850	28	815	968	0
79179	28	554	968	0
30634	28	696	968	0
90815	28	5800	968	0
94247	28	3671	968	0
67217	28	68706	968	0
38046	28	179	968	0
89549	28	120	968	0
94770	28	1195	968	0
96605	28	87	968	0
86815	28	1123	968	0
7956	28	430	968	0
17623	28	92	968	0
59388	28	410	968	0
69559	28	2046	968	0
8717	28	1943	968	0
82814	28	2522	968	0
58268	28	182150	968	0
47288	28	170	968	0
101741	28	717	968	0
115903	28	869	968	0
108965	28	769	968	0
147057	28	1402	968	0
8481	28	1513	968	0
127050	28	273	968	0
70567	28	449	968	0
86443	28	1050	968	0
129165	28	2153	968	0
18938	28	13412	968	0
79053	28	1346	968	0
86579	28	526	968	0
27842	23	52195	968	0
52195	23	27842	968	0
28928	28	215	968	0
6105	28	415	968	0
73292	28	3824	968	0
55717	28	1915	968	0
20737	28	109	968	0
77030	28	739	968	0
74947	28	1694	968	0
111869	28	58078	968	0
115002	14	1318	968	0
103925	28	1552	968	0
74565	28	676	968	0
89107	28	1819	968	0
32074	28	77	968	0
35932	28	1977	968	0
91987	28	107947	968	0
134511	28	1983	968	0
28505	28	49	968	0
60700	28	980	968	0
71248	28	387	968	0
15592	28	635	968	0
12624	28	14976	968	0
63718	28	529	968	0
90009	28	168	968	0
9688	28	1006	968	0
101957	28	607	968	0
154684	28	408	968	0
129102	28	6370	968	0
27791	28	1012	968	0
118639	28	112	968	0
29142	28	1290	968	0
154688	28	1651	968	0
136107	28	740	968	0
14428	28	6571	968	0
9820	28	1026	968	0
120966	28	71	968	0
109735	28	12392	968	0
45731	28	1694	968	0
106990	28	770	968	0
95842	28	1131	968	0
94740	28	119	968	0
32767	28	177	968	0
154272	28	784	968	0
21084	28	395	968	0
126108	28	475	968	0
89169	28	1684	968	0
124892	28	715	968	0
13343	28	1635	968	0
94837	28	4480	968	0
38062	28	1417	968	0
35324	28	458	968	0
109655	28	329	968	0
105251	28	1020	968	0
38245	28	7437	968	0
29973	28	79	968	0
95508	28	2490	968	0
60461	28	2240	968	0
36355	28	103	968	0
73327	28	1577	968	0
154235	28	759	968	0
44441	8	51779	968	0
12395	28	1158	968	0
98761	28	2814	968	0
95311	28	42	968	0
36697	28	3470	968	0
93868	28	2288	968	0
110359	14	5700	968	0
66478	28	166	968	0
17439	28	571	968	0
105996	28	653	968	0
68739	28	1127	968	0
136935	28	2371	968	0
93256	28	1464	968	0
51642	28	1145	968	0
54022	28	332	968	0
60585	28	1093	968	0
57751	28	595	968	0
129607	28	1403	968	0
18766	28	2445	968	0
32180	28	739	968	0
61647	28	6571	968	0
94612	28	1145	968	0
40767	28	691	968	0
24027	28	3551	968	0
112117	28	1709	968	0
23892	28	3476	968	0
52200	28	325	968	0
102941	28	671	968	0
8502	28	2061	968	0
17115	28	1036	968	0
71040	28	45631	968	0
96730	28	970	968	0
90644	28	2784	968	0
68246	28	8112	968	0
154771	28	802	968	0
103542	28	220	968	0
88872	28	679	968	0
9562	28	651	968	0
147365	28	1980	968	0
38156	28	860	968	0
36947	28	446	968	0
78003	28	1016	968	0
96682	28	9577	968	0
121564	14	1425	968	0
19790	28	1239	968	0
26154	28	530	968	0
94525	28	2192	968	0
50627	28	651	968	0
16489	28	102	968	0
93361	28	648	968	0
15122	28	1958	968	0
13517	28	410	968	0
55246	28	453	968	0
75888	28	447	968	0
90687	28	1211	968	0
108199	28	269	968	0
15189	28	597	968	0
37658	28	398	968	0
87388	28	1457	968	0
46423	28	2481	968	0
16295	28	4764	968	0
43854	28	4243	968	0
46898	28	4764	968	0
68324	28	3993	968	0
93938	28	328	968	0
76930	28	28133	968	0
31539	28	2977	968	0
50317	28	519	968	0
71437	28	145	968	0
86706	28	215	968	0
115755	28	1822	968	0
51908	28	1170	968	0
16705	28	78	968	0
79600	28	1824	968	0
60429	28	1822	968	0
20461	28	582	968	0
111478	28	1026	968	0
46981	28	1995	968	0
151760	28	3047	968	0
92507	28	294	968	0
15524	28	1531	968	0
38902	28	3318	968	0
66054	28	923	968	0
74726	28	1080	968	0
99272	28	168	968	0
77645	28	1905	968	0
79150	28	2761	968	0
39661	28	30225	968	0
24681	28	759	968	0
86757	28	1208	968	0
93207	28	2694	968	0
45704	28	235	968	0
78269	28	535	968	0
104054	28	17469	968	0
28026	28	1118	968	0
19537	28	5059	968	0
31519	28	913	968	0
35383	28	758	968	0
73021	28	1542	968	0
6856	28	88	968	0
79400	28	1173	968	0
30739	28	651	968	0
130538	28	1993	968	0
21445	28	455	968	0
112205	28	413	968	0
76053	28	6227	968	0
96326	28	774	968	0
154850	28	1543	968	0
52511	28	818	968	0
11897	28	99	968	0
52419	28	3318	968	0
31973	28	569	968	0
29102	28	123	968	0
28663	28	753	968	0
56004	28	398	968	0
182932	28	524	968	0
7767	28	30	968	0
102255	28	22	968	0
40323	28	1459	968	0
84410	28	276	968	0
59915	28	1363	968	0
81204	28	4243	968	0
25415	28	679	968	0
76002	28	1053	968	0
20767	28	1081	968	0
55041	28	4756	968	0
25146	28	179	968	0
94703	28	1740	968	0
10742	28	1311	968	0
44538	28	485	968	0
26031	28	158	968	0
37039	28	355	968	0
18615	28	2445	968	0
48510	28	1552	968	0
81991	28	24992	968	0
27783	28	202	968	0
33893	28	2904	968	0
110515	28	1571	968	0
108088	28	2054	968	0
73237	28	967	968	0
109668	28	1396	968	0
129652	28	90080	968	0
29426	28	1903	968	0
18622	28	297	968	0
26089	28	16153	968	0
33289	28	37	968	0
18413	28	893	968	0
18659	28	940	968	0
12258	28	275	968	0
85083	28	2142	968	0
39566	28	259	968	0
60397	28	60688	968	0
18250	28	617	968	0
36662	28	1123	968	0
94049	28	294	968	0
70301	28	2103	968	0
8394	28	4764	968	0
30333	28	276	968	0
113963	28	536	968	0
72247	28	1709	968	0
16216	28	233	968	0
17605	28	73	968	0
104742	28	278	968	0
151507	28	16	968	0
183248	28	2398	968	0
29990	28	90199	968	0
183253	28	132	968	0
89681	28	698	968	0
96795	28	1150	968	0
47245	28	465	968	0
42003	28	922	968	0
95508	28	1030	968	0
123439	28	785	968	0
110869	28	60610	968	0
33654	28	291	968	0
92687	28	1806	968	0
105734	28	2041	968	0
98223	28	42	968	0
32972	28	1592	968	0
73652	28	232	968	0
104690	28	41356	968	0
87261	28	1012	968	0
130915	28	1677	968	0
23363	28	1693	968	0
119305	28	524	968	0
54224	28	1046	968	0
44567	28	184	968	0
35906	28	114	968	0
27148	28	1302	968	0
109149	28	228	968	0
29643	28	434	968	0
90922	28	439	968	0
103875	28	158	968	0
51329	28	219	968	0
81576	28	2923	968	0
75451	28	283	968	0
118397	28	297	968	0
119649	28	7043	968	0
42795	28	69185	968	0
151638	28	3674	968	0
18396	28	276	968	0
9687	28	3076	968	0
25953	28	586	968	0
70279	28	2241	968	0
124571	28	2128	968	0
9875	28	272	968	0
44271	28	52843	968	0
101685	28	2096	968	0
68416	28	1609	968	0
23847	28	214	968	0
44649	28	202	968	0
13734	28	627	968	0
55683	28	1563	968	0
102793	28	796	968	0
19201	28	4748	968	0
63144	28	498	968	0
34565	28	840	968	0
49546	28	948	968	0
12061	28	1582	968	0
32128	28	13075	968	0
73648	28	4472	968	0
130960	28	3034	968	0
33161	28	318	968	0
124585	28	553	968	0
84657	28	3213	968	0
38705	28	4764	968	0
94622	28	569	968	0
101682	28	1484	968	0
107814	28	42	968	0
66704	28	89	968	0
95218	28	1050	968	0
23400	28	262	968	0
102557	28	1016	968	0
113705	28	9577	968	0
101298	28	806	968	0
152339	28	1980	968	0
21536	28	10786	968	0
58075	28	1677	968	0
50816	28	54	968	0
23729	28	1598	968	0
128223	28	1073	968	0
33018	28	598	968	0
67400	28	114	968	0
12188	28	1565	968	0
81366	28	1435	968	0
89488	28	14388	968	0
89861	28	1105	968	0
154932	28	2086	968	0
51690	28	5136	968	0
60577	28	1595	968	0
31422	28	743	968	0
13458	28	974	968	0
29593	28	228	968	0
12061	28	628	968	0
56420	28	417	968	0
43404	28	2411	968	0
79192	28	406	968	0
143315	28	2208	968	0
16203	28	1529	968	0
40914	28	63	968	0
183618	28	1531	968	0
56512	28	920	968	0
101780	28	118	968	0
115982	28	795	968	0
68881	28	3507	968	0
94772	28	759	968	0
65972	28	77152	968	0
102826	28	617	968	0
108049	28	192	968	0
89869	28	1239	968	0
62494	28	4116	968	0
109792	28	791	968	0
67855	28	57	968	0
83960	28	508	968	0
103926	28	1514	968	0
109982	28	1324	968	0
8824	28	2045	968	0
74830	28	2053	968	0
73538	28	2151	968	0
45796	28	106	968	0
81302	28	294	968	0
52458	28	2970	968	0
73002	28	694	968	0
24209	28	1177	968	0
90448	28	1802	968	0
47245	28	511	968	0
43538	23	120708	968	0
41082	28	68	968	0
32139	28	1053	968	0
24956	28	76	968	0
7023	28	1885	968	0
145558	28	2994	968	0
101894	16	62997	968	0
14369	28	33	968	0
101208	28	1006	968	0
16065	28	1402	968	0
51201	28	2808	968	0
72357	28	3425	968	0
111042	28	361	968	0
95003	28	3671	968	0
20737	28	29	968	0
30578	28	165	968	0
40125	28	1500	968	0
49277	28	395	968	0
95633	28	1802	968	0
110438	28	593	968	0
65859	28	256	968	0
126579	28	612	968	0
85645	28	1012	968	0
88767	28	7117	968	0
8516	28	10680	968	0
44257	28	1654	968	0
23719	28	1545	968	0
43990	28	1544	968	0
69183	28	1431	968	0
145810	28	2632	968	0
25805	28	186	968	0
81910	28	2973	968	0
128170	28	1052	968	0
48064	28	3921	968	0
77191	28	263	968	0
19569	28	2983	968	0
28720	28	963	968	0
47481	28	501	968	0
41748	28	1319	968	0
25476	28	892	968	0
123755	28	767	968	0
12233	28	28	968	0
57980	28	363	968	0
155099	28	2128	968	0
94673	28	893	968	0
22638	28	1576	968	0
128974	28	50390	968	0
41568	28	1477	968	0
101526	28	462	968	0
19963	28	2177	968	0
49608	28	29778	968	0
72435	28	2241	968	0
16483	28	949	968	0
15515	28	61	968	0
126894	28	603	968	0
86268	28	2687	968	0
92224	28	1642	968	0
152141	28	2602	968	0
53039	28	104	968	0
82676	28	2316	968	0
74878	28	1783	968	0
59766	28	1144	968	0
63340	28	1364	968	0
113521	28	509	968	0
95955	28	3092	968	0
58605	28	551	968	0
47276	28	3194	968	0
15274	28	210	968	0
123391	28	3080	968	0
98240	28	1677	968	0
43199	28	1195	968	0
86030	28	88	968	0
27540	28	653	968	0
10299	28	5115	968	0
94767	28	22983	968	0
95879	28	1404	968	0
110756	28	882	968	0
80106	28	41	968	0
24405	28	1753	968	0
20029	28	10962	968	0
21155	28	319	968	0
10060	28	1693	968	0
9753	28	909	968	0
22653	28	1358	968	0
110739	28	1455	968	0
46235	28	80	968	0
26666	28	2877	968	0
106624	28	897	968	0
70458	28	3206	968	0
34041	28	676	968	0
115982	28	533	968	0
130675	14	12802	968	0
41051	28	95985	968	0
56092	28	882	968	0
93634	28	1995	968	0
144546	28	648	968	0
83496	28	2007	968	0
27132	28	3447	968	0
85495	28	392	968	0
10784	28	2851	968	0
22787	28	882	968	0
51800	28	236	968	0
11350	28	1465	968	0
40198	28	1384	968	0
49134	28	815	968	0
65333	28	50069	968	0
22245	28	1958	968	0
31366	28	210	968	0
88021	28	890	968	0
20918	28	1047	968	0
31275	28	449	968	0
20919	28	1576	968	0
16595	28	2095	968	0
91826	28	726	968	0
15550	28	48	968	0
32929	28	635	968	0
17658	28	2182	968	0
17100	28	2854	968	0
55502	28	147	968	0
25968	28	390	968	0
90985	28	273	968	0
85485	28	257	968	0
85918	28	1530	968	0
48454	28	545	968	0
44610	28	447	968	0
92790	28	49	968	0
14789	28	758	968	0
71437	28	428	968	0
10397	28	465	968	0
81112	28	851	968	0
23697	28	309	968	0
30955	28	3674	968	0
14646	28	58	968	0
27490	28	1123	968	0
80806	28	65	968	0
21510	28	441	968	0
85142	28	1053	968	0
46657	28	1351	968	0
110253	28	1167	968	0
26176	28	101	968	0
24585	28	1822	968	0
43201	28	572	968	0
90452	28	31207	968	0
82741	28	192	968	0
150939	28	2899	968	0
155162	28	860	968	0
52978	14	57698	968	0
44941	28	2302	968	0
25230	28	1753	968	0
36975	28	794	968	0
82998	28	856	968	0
80605	28	1829	968	0
15714	28	528	968	0
61978	28	124	968	0
59129	28	21552	968	0
87595	28	67	968	0
113089	28	2486	968	0
9603	28	1196	968	0
109585	28	1700	968	0
110392	28	1793	968	0
89029	28	850	968	0
72766	28	80	968	0
125848	28	104023	968	0
20448	28	463	968	0
52508	28	1417	968	0
53360	16	35076	968	0
58859	28	166	968	0
126434	28	1810	968	0
74264	28	1026	968	0
88949	28	1220	968	0
108962	28	3235	968	0
109170	28	5079	968	0
14579	28	27	968	0
89549	28	433	968	0
88757	28	7746	968	0
16137	28	1565	968	0
119202	28	1050	968	0
16214	28	27658	968	0
53593	28	355	968	0
96969	28	2139	968	0
42467	28	293	968	0
16965	28	57	968	0
118640	28	767	968	0
20767	28	474	968	0
9690	28	1365	968	0
55078	28	1780	968	0
42280	28	44	968	0
103456	28	1025	968	0
64736	28	2054	968	0
15656	28	109	968	0
20973	28	1208	968	0
15573	28	242	968	0
110186	28	4002	968	0
127876	28	489	968	0
20887	28	2116	968	0
28155	28	4227	968	0
40824	28	2445	968	0
23342	28	983	968	0
94577	28	3243	968	0
12697	28	698	968	0
69140	14	6176	968	0
22645	28	224	968	0
29866	28	1086	968	0
114939	28	14976	968	0
130991	28	319	968	0
93646	28	266	968	0
101623	28	1025	968	0
95576	28	537	968	0
49739	28	95	968	0
31799	28	1320	968	0
63266	28	988	968	0
10890	28	19256	968	0
18779	28	83	968	0
95705	28	7507	968	0
125628	28	1442	968	0
80823	28	2154	968	0
62423	28	1975	968	0
82328	28	1105	968	0
90543	28	401	968	0
60472	28	32	968	0
56960	28	471	968	0
66497	28	530	968	0
124359	28	3213	968	0
60421	28	37180	968	0
11793	28	91	968	0
56869	28	1195	968	0
9800	28	238	968	0
90208	28	833	968	0
72106	28	756	968	0
22424	28	1264	968	0
32061	28	3317	968	0
29075	28	4217	968	0
10805	28	143	968	0
102076	28	890	968	0
76992	28	280	968	0
88780	28	720	968	0
28926	28	1665	968	0
13045	28	23	968	0
57960	28	423	968	0
23704	28	1885	968	0
29274	28	2908	968	0
37632	28	882	968	0
22828	28	702	968	0
18496	28	420	968	0
147958	28	2564	968	0
8824	28	723	968	0
40166	28	1334	968	0
110953	28	1762	968	0
17504	28	328	968	0
52013	28	2139	968	0
40217	28	5202	968	0
111250	28	1396	968	0
12914	28	725	968	0
34234	28	434	968	0
28779	14	902	968	0
13732	23	5029	968	0
129416	28	769	968	0
39620	28	109	968	0
74576	28	2809	968	0
94647	28	63	968	0
104795	28	26359	968	0
21744	28	1541	968	0
28513	28	6327	968	0
44534	28	5136	968	0
92939	28	161	968	0
73024	28	1404	968	0
6500	28	2893	968	0
130128	28	124	968	0
79744	28	80	968	0
18331	28	292	968	0
61787	28	8318	968	0
43194	28	626	968	0
98289	28	1066	968	0
67758	28	568	968	0
42324	28	175	968	0
103363	28	7425	968	0
146103	28	3661	968	0
77913	28	1211	968	0
61078	28	1514	968	0
83564	28	50390	968	0
35148	28	1154	968	0
50043	28	1634	968	0
15914	28	1121	968	0
19196	28	2289	968	0
12097	28	2913	968	0
80273	28	1190	968	0
28535	28	1002	968	0
19452	28	214	968	0
58897	28	1475	968	0
141781	28	2396	968	0
90108	28	56987	968	0
76415	28	1561	968	0
58727	28	14648	968	0
8973	28	223	968	0
40182	28	6566	968	0
129972	28	82	968	0
45586	28	624	968	0
20716	28	337	968	0
131032	28	2083	968	0
93541	28	470	968	0
68641	28	6127	968	0
68633	28	580	968	0
90556	28	1044	968	0
99618	28	5963	968	0
60973	28	2753	968	0
38235	28	40	968	0
51536	28	1396	968	0
81489	28	617	968	0
125651	28	51	968	0
29214	28	996	968	0
37991	28	3507	968	0
36632	28	179	968	0
92502	28	52843	968	0
48174	28	591	968	0
36788	28	5860	968	0
28094	28	304	968	0
146250	28	325	968	0
65646	28	1709	968	0
128116	28	3859	968	0
59709	28	240	968	0
86772	28	167	968	0
35985	28	647	968	0
118653	14	24375	968	0
148805	28	266	968	0
81254	28	1154	968	0
29342	28	3930	968	0
28028	28	73	968	0
134526	28	622	968	0
9171	28	3606	968	0
108364	28	2298	968	0
104398	28	4756	968	0
16973	28	35748	968	0
11077	28	587	968	0
25177	28	434	968	0
32362	28	145	968	0
150054	28	3193	968	0
52458	28	80	968	0
185280	28	489	968	0
63360	28	13288	968	0
74141	28	14061	968	0
92441	28	475	968	0
37822	28	794	968	0
49459	28	1733	968	0
95609	28	392	968	0
45930	28	22983	968	0
136786	28	436	968	0
71478	28	860	968	0
27873	28	403	968	0
31053	28	1334	968	0
111519	28	70	968	0
76419	28	703	968	0
64410	28	7043	968	0
104032	28	1035	968	0
142077	28	492	968	0
21035	28	52	968	0
18049	28	6921	968	0
24037	28	1908	968	0
107576	28	673	968	0
5626	28	215	968	0
149408	28	427	968	0
97981	28	412	968	0
49252	28	28031	968	0
29520	28	1871	968	0
104100	28	1300	968	0
110237	28	1067	968	0
18413	28	634	968	0
27688	28	28	968	0
10259	28	984	968	0
22675	28	3941	968	0
70322	28	156	968	0
124627	28	26844	968	0
113167	28	707	968	0
9019	28	4386	968	0
30513	28	238	968	0
48843	28	28	968	0
11360	28	2436	968	0
14875	28	1408	968	0
89002	28	707	968	0
106188	28	39231	968	0
33259	28	1048	968	0
95993	28	816	968	0
93762	28	1462	968	0
99084	28	4764	968	0
44727	28	28673	968	0
83961	28	4748	968	0
91852	28	350	968	0
128489	28	5079	968	0
108833	28	278	968	0
52745	28	2182	968	0
79918	28	2040	968	0
30480	28	213	968	0
154626	28	1060	968	0
109472	28	703	968	0
27754	28	1456	968	0
15951	28	180	968	0
149796	28	2165	968	0
107548	28	1816	968	0
41221	23	48032	968	0
48032	23	41221	968	0
20795	28	2079	968	0
27940	28	16	968	0
77982	28	829	968	0
56547	28	1327	968	0
69845	28	841	968	0
15662	28	1810	968	0
24460	28	503	968	0
47357	28	1047	968	0
45901	28	537	968	0
88484	28	269	968	0
13738	28	123	968	0
124872	28	1268	968	0
102855	28	1514	968	0
101386	28	66457	968	0
89000	28	445	968	0
97102	28	1380	968	0
24217	28	3076	968	0
127038	28	973	968	0
53741	28	2128	968	0
100319	28	1351	968	0
83985	28	2737	968	0
54664	28	2798	968	0
39178	28	4500	968	0
90337	28	819	968	0
45624	28	1654	968	0
111677	28	186	968	0
130205	28	1442	968	0
111553	28	9126	968	0
30865	28	174	968	0
20756	28	149	968	0
28105	28	789	968	0
53545	28	1239	968	0
86479	28	36183	968	0
68471	28	228	968	0
65911	28	1811	968	0
8378	28	370	968	0
155131	28	740	968	0
154713	28	2694	968	0
86163	28	2261	968	0
78583	28	401	968	0
80158	28	628	968	0
65510	28	1050	968	0
16481	28	1180	968	0
110391	28	1758	968	0
89989	28	2158	968	0
108257	28	1370	968	0
44061	28	882	968	0
40504	28	598	968	0
109494	28	3507	968	0
13805	28	56	968	0
21595	28	942	968	0
20807	28	2182	968	0
20248	28	40	968	0
28838	28	1932	968	0
88866	28	2923	968	0
14453	28	525	968	0
87232	28	3076	968	0
89953	28	1462	968	0
85888	28	76	968	0
95701	28	732	968	0
42882	28	1253	968	0
14352	28	408	968	0
29042	28	668	968	0
23428	28	529	968	0
69389	28	1403	968	0
68265	28	22174	968	0
74763	28	808	968	0
124947	28	175	968	0
13384	28	304	968	0
78540	28	3938	968	0
102725	28	1099	968	0
8717	28	4217	968	0
117077	28	1462	968	0
83173	28	2774	968	0
51099	28	4563	968	0
58129	28	833	968	0
35398	28	515	968	0
14387	28	383	968	0
81323	28	214	968	0
11391	28	6612	968	0
71935	28	427	968	0
185941	28	1899	968	0
151125	28	1679	968	0
15690	28	358	968	0
88784	28	3367	968	0
25365	28	1882	968	0
89355	28	13780	968	0
29282	28	647	968	0
25200	28	459	968	0
49346	28	40540	968	0
61645	28	1050	968	0
121076	28	1010	968	0
15833	28	48	968	0
100875	28	833	968	0
30846	28	2291	968	0
39277	28	70	968	0
151452	28	2753	968	0
26904	28	34698	968	0
108728	28	714	968	0
41372	28	2277	968	0
117458	28	1268	968	0
51427	28	3985	968	0
69024	28	923	968	0
122938	28	2710	968	0
24522	28	1228	968	0
21514	28	542	968	0
25247	28	2103	968	0
186095	28	1523	968	0
12044	28	214	968	0
91021	28	230	968	0
93646	28	843	968	0
103436	28	4757	968	0
40666	28	842	968	0
27428	28	3649	968	0
79444	28	303	968	0
100597	28	1044	968	0
22692	28	210	968	0
14553	28	2204	968	0
118672	28	975	968	0
11414	28	1408	968	0
11570	28	1855	968	0
74647	28	9126	968	0
33490	28	1484	968	0
111324	28	1193	968	0
13803	28	2208	968	0
73232	28	9577	968	0
23947	28	2298	968	0
7546	28	2678	968	0
62314	28	22174	968	0
41425	28	571	968	0
12695	28	2177	968	0
87232	28	1514	968	0
105361	28	22174	968	0
17762	28	693	968	0
75674	28	3614	968	0
81444	28	510	968	0
40959	28	78	968	0
69607	28	21902	968	0
23030	28	872	968	0
133405	28	3317	968	0
23565	28	760	968	0
17250	28	1812	968	0
81204	28	714	968	0
32887	28	920	968	0
25940	28	101	968	0
78527	28	4472	968	0
130669	28	1421	968	0
64964	28	1320	968	0
71729	28	619	968	0
77913	28	2162	968	0
8454	28	1151	968	0
81415	28	13075	968	0
85920	28	55020	968	0
57441	28	354	968	0
22986	28	269	968	0
56722	28	1699	968	0
8130	28	1179	968	0
99081	28	10680	968	0
96920	28	411	968	0
92450	28	415	968	0
72002	28	707	968	0
95123	28	1435	968	0
119169	28	1462	968	0
28730	28	758	968	0
92646	28	2045	968	0
109448	28	2020	968	0
15509	28	129	968	0
33072	28	1675	968	0
94957	28	1196	968	0
49514	28	50390	968	0
10129	28	31	968	0
21687	28	211	968	0
26174	28	423	968	0
90691	28	3993	968	0
26724	28	4927	968	0
21525	28	3131	968	0
27244	28	4169	968	0
119389	14	1746	968	0
29626	28	142	968	0
85172	28	77	968	0
77040	28	79	968	0
64508	28	71	968	0
36233	28	1785	968	0
45209	28	1576	968	0
16212	28	988	968	0
83870	28	673	968	0
100853	28	1059	968	0
25806	28	672	968	0
46516	28	54121	968	0
83558	28	435	968	0
44653	28	575	968	0
21108	28	621	968	0
29072	28	112	968	0
128255	28	703	968	0
93797	28	38462	968	0
67500	28	2139	968	0
18205	28	259	968	0
105139	28	5665	968	0
92132	28	2187	968	0
82633	28	795	968	0
7632	28	882	968	0
111256	28	3470	968	0
22581	28	179	968	0
19814	28	5479	968	0
72286	28	4386	968	0
116031	28	1609	968	0
103852	28	55	968	0
90563	28	720	968	0
99393	28	1554	968	0
17033	28	1598	968	0
17524	28	50069	968	0
16208	28	1507	968	0
23829	28	4794	968	0
155480	14	48717	968	0
52840	28	1613	968	0
186624	28	364	968	0
28584	28	17833	968	0
44703	28	680	968	0
33078	28	1416	968	0
31973	28	333	968	0
110870	28	49	968	0
86700	28	2170	968	0
186634	28	4625	968	0
15458	28	962	968	0
95952	28	102166	968	0
13367	28	726	968	0
30062	28	4261	968	0
61889	28	1995	968	0
150504	28	2458	968	0
36421	28	515	968	0
21054	28	179	968	0
51455	28	86	968	0
58857	28	924	968	0
53741	28	37	968	0
30439	28	715	968	0
12726	28	2324	968	0
17972	28	2198	968	0
19834	28	1522	968	0
38226	28	71	968	0
15994	28	4748	968	0
15752	28	9334	968	0
63204	28	679	968	0
72096	28	465	968	0
34584	28	1568	968	0
147846	28	11424	968	0
83639	28	2204	968	0
32018	28	1563	968	0
68954	28	5079	968	0
27478	28	394	968	0
24810	28	3318	968	0
24483	28	569	968	0
15503	28	1759	968	0
26319	28	36676	968	0
30662	28	2020	968	0
95576	28	1150	968	0
48081	28	8354	968	0
155100	28	1026	968	0
93030	28	60688	968	0
9860	28	2487	968	0
118755	28	1993	968	0
22147	28	1777	968	0
70355	28	7465	968	0
111798	28	877	968	0
43565	28	1011	968	0
83435	28	3193	968	0
130991	28	1527	968	0
116964	28	347	968	0
93281	28	1394	968	0
16060	28	383	968	0
50996	28	357	968	0
46840	28	3317	968	0
33169	28	769	968	0
56757	28	1710	968	0
83173	28	2445	968	0
136838	28	586	968	0
107287	28	491	968	0
35574	28	2710	968	0
51731	28	5354	968	0
57012	28	1004	968	0
61028	28	8449	968	0
31218	28	814	968	0
29676	28	87	968	0
16451	28	839	968	0
25465	28	71	968	0
7097	28	155	968	0
28217	28	1812	968	0
95299	28	1082	968	0
69875	28	3990	968	0
77729	28	2061	968	0
130773	28	1848	968	0
44648	28	3845	968	0
54022	28	2082	968	0
82624	28	6227	968	0
71283	28	2597	968	0
149338	28	2456	968	0
38520	28	166	968	0
82312	28	353	968	0
50550	28	40	968	0
23013	28	210	968	0
7854	28	496	968	0
109426	28	119	968	0
33404	28	1320	968	0
93775	28	206	968	0
12148	28	33	968	0
21497	28	716	968	0
32174	28	1785	968	0
62021	28	1466	968	0
122588	28	598	968	0
17650	28	2720	968	0
111887	28	13481	968	0
71569	28	681	968	0
73153	28	421	968	0
96581	28	2128	968	0
123926	28	13168	968	0
58440	28	5526	968	0
70444	28	1828	968	0
117159	28	7895	968	0
118162	28	802	968	0
94169	28	1093	968	0
86788	28	806	968	0
91890	28	3649	968	0
15794	28	16733	968	0
109494	28	262	968	0
187156	28	156	968	0
57684	28	165	968	0
62135	28	1509	968	0
61556	28	2177	968	0
107780	28	350	968	0
84791	28	532	968	0
57759	28	509	968	0
127634	28	6442	968	0
58856	28	3226	968	0
59065	28	17363	968	0
32447	28	1105	968	0
121501	28	295	968	0
16390	28	1400	968	0
38491	28	574	968	0
32396	28	380	968	0
88150	28	3064	968	0
64162	28	4047	968	0
41399	28	390	968	0
85930	28	105	968	0
124314	28	816	968	0
114409	28	170	968	0
80402	28	353	968	0
92558	28	1290	968	0
70068	28	253	968	0
49359	28	214	968	0
89297	28	580	968	0
60081	28	2311	968	0
49683	28	1870	968	0
124929	28	2558	968	0
71825	28	179	968	0
187276	28	2241	968	0
9231	28	2162	968	0
39714	28	998	968	0
20954	28	628	968	0
95152	28	1024	968	0
74264	28	126	968	0
19923	28	91	968	0
60849	28	975	968	0
54469	28	77	968	0
22436	28	511	968	0
45368	28	830	968	0
187306	28	1288	968	0
17758	28	1057	968	0
81070	28	15572	968	0
20090	28	2720	968	0
96774	28	897	968	0
87370	28	4331	968	0
45440	28	1766	968	0
45727	28	99	968	0
98532	28	931	968	0
27475	28	193	968	0
25912	28	1216	968	0
72299	28	1988	968	0
116803	28	977	968	0
145246	28	1300	968	0
88793	28	1364	968	0
92424	28	275	968	0
36953	28	767	968	0
35541	28	234	968	0
187397	28	1050	968	0
81268	28	15969	968	0
16263	28	232	968	0
85172	28	1909	968	0
66741	28	1442	968	0
73000	28	2046	968	0
127537	28	3118	968	0
79337	28	18	968	0
95677	28	2104	968	0
34194	28	152	968	0
14825	28	5860	968	0
20486	28	1776	968	0
127769	28	159	968	0
80008	28	1320	968	0
118695	28	4440	968	0
47277	28	607	968	0
27643	28	1282	968	0
91912	28	1210	968	0
95663	28	101	968	0
42187	28	413	968	0
78599	28	612	968	0
39661	28	1715	968	0
94572	28	626	968	0
118293	28	441	968	0
28930	28	1292	968	0
82184	28	5998	968	0
74947	28	781	968	0
99680	28	1611	968	0
10352	28	109	968	0
11810	28	1054	968	0
141887	28	133	968	0
44734	28	304	968	0
54084	28	1824	968	0
66109	28	87081	968	0
81069	28	758	968	0
62404	28	400	968	0
14918	28	206	968	0
103121	28	1325	968	0
46808	28	1192	968	0
33193	28	498	968	0
100997	14	3795	968	0
7884	28	52	968	0
19726	28	3542	968	0
7861	28	1479	968	0
70234	28	1028	968	0
84504	28	72	968	0
33042	28	648	968	0
81991	28	2851	968	0
14060	28	537	968	0
108361	28	178	968	0
98964	28	3321	968	0
57160	28	1027	968	0
102312	28	1363	968	0
15792	28	219	968	0
107276	28	1506	968	0
75074	28	569	968	0
128019	28	1333	968	0
55337	28	328	968	0
88279	28	278	968	0
92266	28	1431	968	0
21169	28	46	968	0
131132	28	1404	968	0
18269	28	971	968	0
75831	28	191	968	0
28481	28	55	968	0
81481	28	1435	968	0
33281	28	48	968	0
72643	28	1600	968	0
11062	28	3524	968	0
38325	28	869	968	0
58293	28	3425	968	0
89897	28	908	968	0
97916	28	262	968	0
13955	28	591	968	0
154204	28	1862	968	0
85241	28	475	968	0
