74504	28	679	968	0
72207	28	120	968	0
16817	28	89	968	0
51841	28	392	968	0
121097	28	4750	968	0
94646	28	5549	968	0
31428	28	726	968	0
82252	28	887	968	0
37924	28	2880	968	0
108989	28	540	968	0
33720	28	6923	968	0
80036	28	1988	968	0
96285	28	1896	968	0
39759	28	1697	968	0
62213	28	104	968	0
145857	28	523	968	0
35890	28	1654	968	0
22303	28	1181	968	0
91050	28	525	968	0
35288	28	2842	968	0
93527	28	24268	968	0
147924	28	436	968	0
25234	28	46	968	0
94359	28	1665	968	0
111085	28	288	968	0
68196	28	18272	968	0
56664	28	1456	968	0
112213	28	2948	968	0
76762	28	816	968	0
44672	28	274	968	0
42118	28	735	968	0
115241	28	5276	968	0
109517	28	1291	968	0
19887	28	1613	968	0
11312	28	6108	968	0
36672	28	256	968	0
24755	28	2589	968	0
15217	28	57	968	0
18039	28	2959	968	0
71482	28	1181	968	0
21441	28	1312	968	0
18260	28	504	968	0
65911	28	22174	968	0
70004	28	1918	968	0
120853	28	3993	968	0
54224	28	214	968	0
30637	28	2720	968	0
41172	28	179	968	0
39725	28	1501	968	0
59624	28	455	968	0
94727	28	2128	968	0
94225	28	3131	968	0
112690	28	101	968	968
83484	28	114	968	968
113265	28	196	968	968
98489	28	112	968	968
114509	28	651	968	968
114655	28	818	968	968
85387	28	45	968	968
82298	28	154	968	968
101190	28	202	968	968
85955	28	159	968	968
76716	28	22	968	968
43169	28	64951	968	968
119005	28	639	968	968
160743	28	1709	968	968
119070	28	2623	968	968
82711	28	5351	968	968
35755	28	605	968	968
100994	28	252	968	968
120862	28	216	968	968
90863	28	503	968	968
139504	28	165	968	968
121446	28	248	968	968
137906	28	63	968	968
100564	28	72	968	968
68633	28	201	968	968
163553	28	179	968	968
50740	28	73	968	968
122838	28	1634	968	968
62392	28	50	968	968
106689	28	45	968	968
96969	28	181	968	968
164224	28	104	968	968
24938	28	4748	968	968
98457	28	86	968	968
143045	28	593	968	968
164930	28	692	968	968
100989	28	3931	968	968
100771	28	193	968	968
116419	28	20	968	968
24938	28	1988	968	968
108032	28	1423	968	968
27693	28	2761	968	968
124920	28	516	968	968
116123	28	156	968	968
107413	28	213	968	968
146139	28	171	968	968
123450	28	598	968	968
67154	28	1159	968	968
10058	28	56	968	968
117848	28	153	968	968
124150	28	522	968	968
11570	28	1635	968	968
128019	28	161	968	968
90563	28	64	968	968
171014	28	220	968	968
7366	28	250	968	968
126006	28	435	968	968
24484	28	3470	968	968
171730	28	191	968	968
97279	28	595	968	968
10616	28	1555	968	968
110872	28	201	968	968
51486	28	1351	968	968
120066	28	586	968	968
110953	28	503	968	968
140316	28	133	968	968
7845	28	126	968	968
99392	28	273	968	968
128727	28	866	968	968
115755	28	383	968	968
12245	28	65	968	968
101696	28	154	968	968
109651	28	52	968	968
95489	28	201	968	968
124490	28	252	968	968
87777	28	73	968	968
102989	28	708	968	968
111537	28	252	968	968
105266	28	46	968	968
152674	28	796	968	968
110973	28	593	968	968
147918	28	424	968	968
77867	28	20	968	968
95321	28	231	968	968
129826	28	310	968	968
180922	28	136	968	968
80716	28	77152	968	968
181190	28	369	968	968
129365	28	310	968	968
30677	28	154	968	968
32042	28	2967	968	968
183141	28	248	968	968
108871	28	1049	968	968
98159	28	1196	968	968
45321	28	635	968	968
72213	28	2131	968	968
152869	28	255	968	968
92137	28	99	968	968
28935	28	1055	968	968
185598	28	191	968	968
114688	28	159	968	968
96298	28	587	968	968
116444	28	73	968	968
149893	28	699	968	968
147707	28	1009	968	968
127119	28	74	968	968
25772	28	3860	968	968
60644	28	57	968	969
16397	28	179	968	969
24884	28	2228	968	969
38904	28	353	968	969
19018	28	4386	968	969
112510	28	121	968	969
45432	28	105	968	969
96451	28	4261	968	969
83126	28	377	968	969
19218	28	882	968	969
25452	28	551	968	969
11630	28	186	968	969
45775	28	1435	968	969
14745	28	537	968	969
112915	28	104	968	969
19346	28	674	968	969
96973	28	13198	968	969
113218	28	7895	968	969
83675	28	219	968	969
29541	28	783	968	969
13276	28	57	968	969
97488	28	1794	968	969
72525	28	421	968	969
11933	28	2259	968	969
5540	28	1848	968	969
84332	28	1044	968	969
19354	28	554	968	969
84413	28	1802	968	969
19876	28	315	968	969
97981	28	1002	968	969
132880	28	168	968	969
54167	28	65	968	969
72840	28	2045	968	969
82976	28	104	968	969
40643	28	1875	968	969
46933	28	961	968	969
63033	28	409	968	969
40752	28	220	968	969
84546	28	198	968	969
20057	28	358	968	969
26591	28	114	968	969
5673	28	1216	968	969
30782	28	907	968	969
8092	28	120	968	969
85173	28	25560	968	969
61681	28	610	968	969
8824	28	2411	968	969
73459	28	583	968	969
63639	28	1734	968	969
15437	28	2240	968	969
12195	28	377	968	969
20353	28	25069	968	969
73788	28	166	968	969
73813	28	614	968	969
11707	28	40	968	969
73600	28	2199	968	969
85257	28	2724	968	969
13759	28	272	968	969
64074	28	1078	968	969
15593	28	13762	968	969
44882	28	1476	968	969
134052	28	87	968	969
86018	28	79	968	969
54730	28	129	968	969
74324	28	2364	968	969
86096	28	1123	968	969
74440	28	2415	968	969
70613	28	6327	968	969
85596	28	92	968	969
74700	28	343	968	969
86548	28	355	968	969
31082	28	693	968	969
22848	28	4723	968	969
134797	28	41	968	969
55395	28	169	968	969
25269	28	756	968	969
12460	28	170	968	969
48746	28	1082	968	969
65163	28	18707	968	969
116553	28	401	968	969
65298	28	1592	968	969
116672	28	201	968	969
56430	28	2816	968	969
48973	28	1222	968	969
48979	28	2347	968	969
14913	28	141	968	969
100892	28	455	968	969
22186	28	152	968	969
135536	28	673	968	969
17145	28	72	968	969
13939	28	647	968	969
87595	28	421	968	969
56718	28	91	968	969
25946	28	1290	968	969
87888	28	56	968	969
37070	28	501	968	969
11475	28	102	968	969
15712	28	120	968	969
32212	28	32031	968	969
9010	28	2177	968	969
20823	28	2982	968	969
26193	28	542	968	969
27603	28	657	968	969
27992	28	78	968	969
12581	28	2822	968	969
66163	28	651	968	969
136293	28	104	968	969
38862	28	146	968	969
49126	28	179	968	969
66198	28	469	968	969
87332	28	78	968	969
101881	28	1547	968	969
117757	28	1618	968	969
98481	28	2315	968	969
84155	28	6369	968	969
42855	28	205	968	969
97626	28	1324	968	969
16327	28	28133	968	969
20756	28	107	968	969
118141	28	54	968	969
118204	28	2062	968	969
118210	28	467	968	969
159641	28	744	968	969
118257	28	273	968	969
77048	28	1222	968	969
29215	28	168	968	969
18795	28	10204	968	969
12992	28	117	968	969
25246	28	215	968	969
102797	28	369	968	969
137184	28	446	968	969
16569	28	12936	968	969
89333	28	37180	968	969
19088	28	841	968	969
19262	28	477	968	969
14613	28	57	968	969
19425	28	40	968	969
7872	28	79	968	969
57952	28	16	968	969
62059	28	953	968	969
100716	28	303	968	969
48579	28	215	968	969
32593	28	88	968	969
46185	28	1658	968	969
19694	28	2165	968	969
77755	28	926	968	969
160600	28	380	968	969
14659	28	2261	968	969
77828	28	710	968	969
67331	28	233	968	969
46583	28	66	968	969
19537	28	6093	968	969
45596	28	401	968	969
85930	28	61	968	969
64960	28	83	968	969
99852	28	13780	968	969
57210	28	431	968	969
73080	28	92	968	969
9140	28	63	968	969
103456	28	962	968	969
17347	28	400	968	969
19909	28	85	968	969
100912	28	138492	968	969
30600	28	44	968	969
11798	28	28	968	969
40911	28	981	968	969
30630	28	1043	968	969
52121	28	104	968	969
58318	28	610	968	969
116727	28	1228	968	969
120179	28	1044	968	969
63401	28	981	968	969
52087	28	694	968	969
55717	28	1122	968	969
19361	28	31	968	969
50469	28	364	968	969
20423	28	2663	968	969
10730	28	1071	968	969
104525	28	395	968	969
67790	28	272	968	969
120592	28	2139	968	969
118949	28	75166	968	969
15519	28	542	968	969
13601	28	2714	968	969
19066	28	48	968	969
104734	28	380	968	969
20575	28	79	968	969
31264	28	18	968	969
100070	28	1436	968	969
23866	28	974	968	969
20508	28	42	968	969
67978	28	174	968	969
23585	28	219	968	969
22642	28	351	968	969
121102	28	332	968	969
64325	28	91	968	969
55683	28	295	968	969
71929	28	455	968	969
72643	28	1052	968	969
105266	28	63	968	969
32757	28	4577	968	969
15447	28	699	968	969
85005	28	45	968	969
43822	28	2317	968	969
88262	28	1080	968	969
15876	28	112	968	969
71294	28	9334	968	969
65228	28	129	968	969
105177	28	3002	968	969
41515	28	511	968	969
67324	28	4261	968	969
105462	28	1120	968	969
91648	28	91	968	969
97850	28	1778	968	969
36479	28	818	968	969
104575	28	1951	968	969
27844	28	799	968	969
56262	28	381	968	969
141018	28	404	968	969
11674	28	557	968	969
17426	28	275	968	969
10662	28	1958	968	969
83992	28	1190	968	969
37114	28	971	968	969
14550	28	558	968	969
23659	28	1382	968	969
106150	28	467	968	969
122371	28	86	968	969
14006	28	295	968	969
12531	28	542	968	969
73647	28	1055	968	969
20499	28	41411	968	969
21154	28	38	968	969
122670	28	266	968	969
16553	28	21902	968	969
34022	28	280	968	969
92149	28	2724	968	969
122744	28	2555	968	969
20168	28	616	968	969
35496	28	769	968	969
59047	28	336	968	969
141786	28	2503	968	969
44001	28	608	968	969
86030	28	105	968	969
62765	28	118	968	969
60683	28	1172	968	969
21439	28	31	968	969
92363	28	1812	968	969
16375	28	53	968	969
29339	28	1874	968	969
46093	28	436	968	969
18418	28	117	968	969
30600	28	241	968	969
68613	28	537	968	969
59299	28	102	968	969
77306	28	91	968	969
11853	28	1201	968	969
84942	28	102	968	969
76232	28	2070	968	969
28564	28	88	968	969
44156	28	589	968	969
72642	28	557	968	969
88279	28	1547	968	969
92743	28	791	968	969
90109	28	439	968	969
134039	28	1082	968	969
27140	28	74	968	969
14133	28	930	968	969
55717	28	188	968	969
61955	28	110	968	969
26968	28	27471	968	969
80285	28	383	968	969
71392	28	963	968	969
33795	28	732	968	969
9761	28	277	968	969
103811	28	1058	968	969
72598	28	102	968	969
61514	28	317	968	969
19701	28	28	968	969
93077	28	10312	968	969
18561	28	4483	968	969
45330	28	370	968	969
15396	28	1314	968	969
97143	28	274	968	969
48518	28	589	968	969
51352	28	344	968	969
114699	28	36244	968	969
30169	28	395	968	969
13968	28	1049	968	969
141172	28	794	968	969
33592	28	1002	968	969
143578	28	993	968	969
18211	28	170	968	969
76151	28	614	968	969
16055	28	86	968	969
36199	28	1608	968	969
17907	28	434	968	969
75395	28	104	968	969
124689	28	12647	968	969
80647	28	366	968	969
16831	28	309	968	969
68661	28	3304	968	969
16138	28	1628	968	969
88606	28	1204	968	969
104364	28	177	968	969
12804	28	98	968	969
63390	28	787	968	969
86460	28	1066	968	969
39996	28	213	968	969
97602	28	124	968	969
124929	28	40	968	969
114778	28	2973	968	969
42970	28	1127	968	969
61970	28	1811	968	969
91077	28	571	968	969
12954	28	1581	968	969
39553	28	1011	968	969
54259	28	1181	968	969
32805	28	1049	968	969
92137	28	1134	968	969
55870	28	627	968	969
24578	28	784	968	969
93793	28	1435	968	969
34143	28	1210	968	969
117396	28	1677	968	969
16171	28	381	968	969
19668	28	749	968	969
36361	28	50	968	969
82347	28	490	968	969
93879	28	802	968	969
19035	28	1875	968	969
23261	28	1324	968	969
76114	28	191	968	969
144845	28	30565	968	969
97802	28	445	968	969
18702	28	41	968	969
48886	28	142	968	969
69354	28	1195	968	969
7679	28	1002	968	969
85143	28	1026	968	969
83564	28	441	968	969
108823	28	1796	968	969
122670	28	3416	968	969
106932	28	1324	968	969
9065	28	89	968	969
7447	28	124	968	969
47970	28	475	968	969
166984	28	2761	968	969
88503	28	150	968	969
39495	28	282	968	969
122132	28	986	968	969
26445	28	52	968	969
14480	28	156	968	969
79081	28	872	968	969
145417	28	2761	968	969
84646	28	1324	968	969
109130	28	2396	968	969
36435	28	353	968	969
13983	28	16	968	969
76112	28	1465	968	969
40938	28	1403	968	969
69914	28	409	968	969
48197	28	1195	968	969
88846	28	153	968	969
21397	28	985	968	969
36314	28	23	968	969
24887	28	345	968	969
80960	28	439	968	969
85572	28	330	968	969
23075	28	995	968	969
14950	28	971	968	969
79818	28	2896	968	969
29177	28	159	968	969
91184	28	1099	968	969
41165	28	319	968	969
14150	28	315	968	969
83368	28	1492	968	969
9319	28	22	968	969
15974	28	282	968	969
120608	28	1058	968	969
82218	28	2967	968	969
19699	28	2567	968	969
120638	28	749	968	969
93311	28	3967	968	969
26315	28	467	968	969
109600	28	86	968	969
72070	28	920	968	969
31539	28	51	968	969
29304	28	452	968	969
26387	28	48	968	969
22780	28	65	968	969
36302	28	2973	968	969
33315	28	679	968	969
53877	28	1049	968	969
19736	28	65	968	969
37168	28	1533	968	969
117242	28	85	968	969
11789	28	2967	968	969
58905	28	628	968	969
32357	28	343	968	969
55899	28	377	968	969
79812	28	607	968	969
6347	28	1776	968	969
16084	28	3379	968	969
94752	28	2967	968	969
18572	28	162	968	969
24946	28	122	968	969
19543	28	185	968	969
21085	28	582	968	969
52487	28	582	968	969
75512	28	280	968	969
53204	28	169	968	969
97619	28	1853	968	969
54430	28	725	968	969
31508	28	272	968	969
5926	28	46	968	969
19579	28	360	968	969
38056	28	63	968	969
9918	28	597	968	969
9516	28	872	968	969
125077	28	2812	968	969
101204	28	147	968	969
23792	28	150	968	969
44851	28	669	968	969
80853	28	1806	968	969
72851	28	2780	968	969
40659	28	1529	968	969
48254	28	1324	968	969
27428	28	783	968	969
62883	28	1559	968	969
30670	28	175	968	969
37220	28	210	968	969
93117	28	447	968	969
7097	28	275	968	969
62810	28	152	968	969
52523	28	52102	968	969
100564	28	1778	968	969
25964	28	735	968	969
9247	28	756	968	969
53850	28	147	968	969
63858	28	51	968	969
118338	28	66390	968	969
67031	28	79	968	969
25533	28	47	968	969
57306	28	330	968	969
108665	28	643	968	969
58859	28	971	968	969
102235	28	101	968	969
103050	28	4632	968	969
31778	28	515	968	969
79716	28	170	968	969
17255	28	215	968	969
26419	28	124	968	969
77075	28	1167	968	969
25982	28	86	968	969
118309	28	841	968	969
67410	28	2967	968	969
115163	28	1917	968	969
52481	28	162	968	969
81418	28	330	968	969
62435	28	3544	968	969
8401	28	712	968	969
54710	28	1635	968	969
21858	28	923	968	969
15594	28	69	968	969
104073	28	1460	968	969
11241	28	118	968	969
104921	28	2228	968	969
44445	28	3862	968	969
65955	28	841	968	969
14830	28	147	968	969
105245	28	1513	968	969
149012	28	1952	968	969
10822	28	64	968	969
49172	28	107	968	969
110788	28	965	968	969
24905	28	841	968	969
13523	28	272	968	969
64791	28	9261	968	969
125737	28	199	968	969
20425	28	1853	968	969
38743	28	166	968	969
10663	28	842	968	969
22407	28	1068	968	969
41320	28	2973	968	969
81756	28	1312	968	969
72295	28	1572	968	969
128724	28	1324	968	969
59700	28	2284	968	969
38111	28	146	968	969
105720	28	280	968	969
74837	28	37459	968	969
11720	28	64	968	969
59847	28	758	968	969
15694	28	78	968	969
21604	28	1314	968	969
36410	28	1426	968	969
109651	28	177	968	969
107302	28	3674	968	969
84022	28	2564	968	969
7645	28	330	968	969
52481	28	1751	968	969
22001	28	88	968	969
81757	28	1403	968	969
27889	28	2973	968	969
21693	28	210	968	969
71264	28	10777	968	969
58283	28	330	968	969
86913	28	890	968	969
106055	28	222	968	969
66478	28	100	968	969
38522	28	1755	968	969
15611	28	52	968	969
122053	28	1552	968	969
37643	28	100	968	969
56709	28	6093	968	969
108826	28	1222	968	969
33566	28	156	968	969
115589	28	920	968	969
10538	28	1923	968	969
101761	28	2203	968	969
10775	28	254	968	969
99960	28	50918	968	969
94381	28	4315	968	969
40980	28	752	968	969
54802	28	22174	968	969
101305	28	87	968	969
127247	28	416	968	969
98927	28	2192	968	969
36554	28	1094	968	969
59606	28	191	968	969
73571	28	628	968	969
9298	28	1351	968	969
34109	28	710	968	969
129327	28	2230	968	969
20716	28	1977	968	969
7719	28	2033	968	969
14048	28	2315	968	969
54022	28	704	968	969
92108	28	749	968	969
37543	28	9194	968	969
53810	28	2724	968	969
61318	28	211	968	969
18419	28	12467	968	969
8815	28	256	968	969
21567	28	542	968	969
103189	28	607	968	969
42843	28	120	968	969
12399	28	2688	968	969
102134	28	674	968	969
105904	28	610	968	969
125647	28	725	968	969
15863	28	6612	968	969
36445	28	51633	968	969
20531	28	16	968	969
69877	28	610	968	969
55010	28	1196	968	969
132303	28	3337	968	969
61087	28	273	968	969
17624	28	710	968	969
42827	28	82	968	969
104363	28	455	968	969
28953	28	5165	968	969
23748	28	89	968	969
140689	28	1324	968	969
95158	28	12647	968	969
75300	28	79629	968	969
18180	28	710	968	969
91886	28	2061	968	969
129344	28	1066	968	969
108498	28	1508	968	969
11244	28	591	968	969
36738	28	325	968	969
51079	28	998	968	969
102284	28	1294	968	969
27799	28	1153	968	969
40481	28	104	968	969
82078	28	394	968	969
14034	28	2292	968	969
32167	28	753	968	969
48037	28	239	968	969
68690	28	29237	968	969
9381	28	48	968	969
8231	28	971	968	969
58083	28	1720	968	969
18136	28	3818	968	969
125384	28	254	968	969
65663	28	756	968	969
56255	28	3265	968	969
32852	28	120	968	969
12931	28	47	968	969
83945	28	343	968	969
176112	28	546	968	969
84316	28	1736	968	969
26309	28	1049	968	969
10875	28	1365	968	969
11431	28	177	968	969
28578	28	152	968	969
13712	28	255	968	969
90948	28	1110	968	969
94247	28	1993	968	969
37239	28	1008	968	969
50904	28	275	968	969
65344	28	7098	968	969
50529	28	1530	968	969
36541	28	10204	968	969
91468	28	3637	968	969
15475	28	1572	968	969
48197	28	56	968	969
91972	28	979	968	969
8322	28	117	968	969
77835	28	6423	968	969
28907	28	387	968	969
54539	28	221	968	969
42523	28	1351	968	969
28369	28	283	968	969
25275	28	152	968	969
19728	28	400	968	969
89481	28	1508	968	969
125306	28	1618	968	969
70178	28	47	968	969
22049	28	2045	968	969
95432	28	972	968	969
27442	28	725	968	969
70600	28	28	968	969
41078	28	133	968	969
110819	28	1324	968	969
130345	28	4809	968	969
18688	28	3074	968	969
7045	28	122	968	969
86548	28	29778	968	969
7656	28	1905	968	969
38922	28	181	968	969
55521	28	971	968	969
128371	28	3584	968	969
19064	28	2240	968	969
89446	28	219	968	969
17255	28	38	968	969
11924	28	1077	968	969
47135	28	625	968	969
20835	28	1110	968	969
128518	28	1312	968	969
19365	28	10204	968	969
17042	28	78	968	969
62496	28	828	968	969
11478	28	1100	968	969
11163	28	710	968	969
32529	28	1239	968	969
83666	28	1736	968	969
117964	28	692	968	969
28710	28	1047	968	969
18228	28	92	968	969
128623	28	6143	968	969
79785	28	671	968	969
19362	28	1055	968	969
23702	28	66	968	969
97553	28	272	968	969
135775	28	2086	968	969
178095	28	455	968	969
94689	28	1988	968	969
39018	28	98	968	969
7848	28	16193	968	969
8184	28	46	968	969
88641	28	406	968	969
17868	28	57	968	969
61392	28	3674	968	969
33251	28	304	968	969
56547	28	617	968	969
45891	28	12647	968	969
29988	28	1634	968	969
86502	28	1747	968	969
82111	28	343	968	969
14914	28	785	968	969
94852	28	166	968	969
119227	28	2486	968	969
23805	28	291	968	969
72399	28	2396	968	969
32865	28	6055	968	969
117625	28	439	968	969
96491	28	343	968	969
103561	28	2567	968	969
69673	28	277	968	969
15094	28	691	968	969
45349	28	778	968	969
126515	28	3931	968	969
47978	28	922	968	969
8196	28	421	968	969
128406	28	4729	968	969
24241	28	1127	968	969
15584	28	840	968	969
54923	28	1592	968	969
110578	28	211	968	969
36195	28	2116	968	969
20660	28	615	968	969
10602	28	49	968	969
35639	28	3815	968	969
80641	28	1466	968	969
63523	28	675	968	969
53452	28	1949	968	969
32767	28	23	968	969
14128	28	345	968	969
82137	28	1665	968	969
81669	28	415	968	969
90300	28	33583	968	969
118477	28	416	968	969
21183	28	885	968	969
105088	28	4480	968	969
110034	28	92391	968	969
39699	28	1523	968	969
143871	28	860	968	969
50477	28	616	968	969
133862	28	1333	968	969
12400	28	1988	968	969
70650	28	366	968	969
68449	28	525	968	969
75388	28	892	968	969
154182	28	1547	968	969
25444	28	2070	968	969
9784	28	803	968	969
63356	28	587	968	969
15004	28	474	968	969
130267	28	33	968	969
23135	28	751	968	969
39500	28	628	968	969
105141	28	1635	968	969
49042	28	280	968	969
34062	28	50	968	969
70021	28	83	968	969
103820	28	343	968	969
31602	28	643	968	969
29402	28	149	968	969
53996	28	170	968	969
19761	28	114	968	969
71740	28	2324	968	969
112255	28	1122	968	969
129703	28	30946	968	969
21576	28	293	968	969
65166	28	1324	968	969
67073	28	1533	968	969
11912	28	1411	968	969
62556	28	7043	968	969
28898	28	442	968	969
35063	28	1181	968	969
31153	28	575	968	969
14708	28	295	968	969
154517	28	1324	968	969
58818	28	708	968	969
76022	28	254	968	969
48307	28	205	968	969
32873	28	627	968	969
16531	28	398	968	969
84489	28	2689	968	969
153483	28	111189	968	969
90172	28	2146	968	969
67141	28	351	968	969
130915	28	2724	968	969
11071	28	369	968	969
19694	28	170	968	969
50145	28	219	968	969
11957	28	1572	968	969
30533	28	69	968	969
43178	28	34289	968	969
75492	28	1025	968	969
66965	28	343	968	969
154726	28	1383	968	969
77659	28	79	968	969
8894	28	597	968	969
76950	28	82	968	969
69062	28	289	968	969
13033	28	158	968	969
24696	28	4764	968	969
18269	28	42	968	969
127694	28	232	968	969
31048	28	1002	968	969
102235	28	490	968	969
98973	28	1053	968	969
32180	28	3221	968	969
28334	28	47	968	969
109993	28	88	968	969
19413	28	91	968	969
71102	28	2415	968	969
51017	28	2967	968	969
18935	28	1006	968	969
92069	28	1403	968	969
33249	28	1359	968	969
13063	28	1747	968	969
44635	28	1195	968	969
61173	28	5136	968	969
20975	28	80	968	969
18900	28	82	968	969
93828	28	1167	968	969
94626	28	186	968	969
60453	28	1023	968	969
16957	28	196	968	969
15932	28	56	968	969
75515	28	2396	968	969
98251	28	608	968	969
28989	28	191	968	969
114956	28	3132	968	969
119635	28	398	968	969
27598	28	739	968	969
44530	28	1572	968	969
77133	28	2785	968	969
22081	28	1806	968	969
67434	28	136	968	969
42955	28	387	968	969
26139	28	753	968	969
74908	28	1324	968	969
13296	28	1049	968	969
12446	28	42	968	969
17873	28	66	968	969
37346	28	1002	968	969
28608	28	1055	968	969
109880	28	1058	968	969
18569	28	65	968	969
88176	28	1617	968	969
14174	28	2593	968	969
46101	28	179	968	969
153768	28	2396	968	969
77867	28	118	968	969
93532	28	263	968	969
31597	28	85	968	969
16003	28	465	968	969
81431	28	796	968	969
14620	28	213	968	969
79730	28	168	968	969
81256	28	109	968	969
110643	28	67018	968	969
136194	28	1404	968	969
44554	28	100	968	969
112915	28	23	968	969
23325	28	42	968	969
96414	28	926	968	969
28538	28	1588	968	969
35155	28	47	968	969
94303	28	1338	968	969
18734	28	347	968	969
97899	28	370	968	969
110748	28	2048	968	969
9285	28	111	968	969
73865	28	1155	968	969
74876	28	1434	968	969
74915	28	39	968	969
21278	28	88	968	969
18904	28	1002	968	969
22454	28	64	968	969
103991	28	4261	968	969
101102	28	111	968	969
8423	28	30	968	969
58767	28	1155	968	969
22862	28	140	968	969
13154	28	42	968	969
19785	28	1691	968	969
72598	28	186	968	969
46050	28	58	968	969
102676	28	2100	968	969
121638	28	1167	968	969
43944	28	954	968	969
59316	28	77	968	969
8505	28	971	968	969
18165	28	49	968	969
6701	28	627	968	969
125192	28	95	968	969
7239	28	248	968	969
24447	28	1523	968	969
106497	28	1618	968	969
77722	28	254	968	969
116012	28	416	968	969
99846	28	133	968	969
39802	28	1921	968	969
29216	28	1853	968	969
91133	28	1035	968	969
24052	28	30	968	969
71979	28	1324	968	969
16222	28	257	968	969
129465	28	1496	968	969
84119	28	1058	968	969
32889	28	558	968	969
79032	28	837	968	969
21188	28	2280	968	969
89374	28	89	968	969
50100	28	515	968	969
77740	28	694	968	969
107755	28	2842	968	969
72233	28	1199	968	969
13991	28	615	968	969
138397	28	1047	968	969
154242	28	2192	968	969
53007	28	1006	968	969
27754	28	1468	968	969
35316	28	4047	968	969
68158	28	476	968	969
15168	28	255	968	969
19476	28	2589	968	969
70894	28	740	968	969
28446	28	1577	968	969
9249	28	1474	968	969
90701	28	3425	968	969
14869	28	328	968	969
41951	28	126	968	969
149665	28	2032	968	969
139994	28	725	968	969
74958	28	1613	968	969
103332	28	280	968	969
79740	28	28573	968	969
28726	28	2347	968	969
7166	28	3051	968	969
22653	28	274	968	969
36422	28	693	968	969
92600	28	1324	968	969
91993	28	81113	968	969
47488	28	646	968	969
44968	28	177	968	969
84068	28	4748	968	969
98489	28	1139	968	969
17419	28	16	968	969
88584	28	1725	968	969
16717	28	626	968	969
21369	28	398	968	969
21455	28	83	968	969
104024	28	1324	968	969
40699	28	38	968	969
50816	28	192	968	969
64523	28	602	968	969
51475	28	632	968	969
11687	28	61	968	969
11429	28	1562	968	969
70473	28	1561	968	969
27536	28	1002	968	969
27688	28	1030	968	969
76077	28	391	968	969
93573	28	1053	968	969
17492	28	198	968	969
35870	28	635	968	969
89857	28	143	968	969
102248	28	571	968	969
6683	28	100	968	969
95769	28	1110	969	0
60500	28	14207	969	0
82225	28	1091	969	0
18561	28	436	969	0
18595	28	21673	969	0
70609	28	89	969	0
95955	28	1238	969	0
11293	28	1576	969	0
82493	28	893	969	0
45034	28	1474	969	0
112214	28	145	969	0
45071	28	1320	969	0
7699	28	120	969	0
45096	28	210	969	0
131350	28	1654	969	0
24993	28	2208	969	0
39011	28	413	969	0
29197	28	3674	969	0
112291	28	145	969	0
45163	28	753	969	0
70997	28	155	969	0
52481	28	986	969	0
82711	28	904	969	0
21979	28	2170	969	0
52523	28	4051	969	0
61047	28	7739	969	0
61048	28	1442	969	0
82792	28	890	969	0
8485	28	196	969	0
19010	28	41	969	0
25200	28	519	969	0
131605	28	1416	969	0
33877	28	3614	969	0
112557	28	2947	969	0
14581	28	56	969	0
61313	28	3551	969	0
71294	28	893	969	0
25328	28	98	969	0
13044	28	670	969	0
29571	1	71378	969	0
83084	28	872	969	0
45596	28	16	969	0
71402	28	2490	969	0
29600	28	941	969	0
131816	28	70823	969	0
112805	28	269	969	0
70613	28	82901	969	0
8581	28	2512	969	0
53067	28	1654	969	0
16841	28	991	969	0
19310	28	85	969	0
83368	28	1358	969	0
112980	28	25626	969	0
11676	28	1161	969	0
71740	28	995	969	0
45891	28	1395	969	0
34334	28	475	969	0
25665	28	174	969	0
83496	28	292	969	0
53245	28	46	969	0
19415	28	42	969	0
97055	28	14850	969	0
13233	28	109	969	0
83609	28	2291	969	0
72001	28	746	969	0
25842	28	1484	969	0
53430	28	431	969	0
72070	28	450	969	0
34567	28	403	969	0
113331	28	483	969	0
34595	28	2967	969	0
11798	28	791	969	0
62194	28	348	969	0
30099	28	4387	969	0
83846	28	1370	969	0
22642	28	691	969	0
72244	28	3340	969	0
46314	28	37	969	0
113170	28	1364	969	0
113581	28	4632	969	0
62392	28	79	969	0
39827	28	381	969	0
53764	28	506	969	0
46480	28	690	969	0
113690	28	2842	969	0
53838	28	1007	969	0
84206	28	24889	969	0
62573	28	2209	969	0
84120	28	433	969	0
132742	28	657	969	0
19843	28	459	969	0
30384	28	31	969	0
97850	28	1633	969	0
35063	28	1017	969	0
22913	28	158	969	0
84513	28	1598	969	0
112117	28	26359	969	0
84566	28	1351	969	0
22785	28	132	969	0
30545	28	5466	969	0
19961	28	4255	969	0
54280	28	2178	969	0
133038	28	63	969	0
63056	28	610	969	0
40750	28	46	969	0
62551	28	3845	969	0
35267	28	925	969	0
10713	28	1553	969	0
23061	28	1030	969	0
63142	28	2165	969	0
14532	28	77	969	0
98289	28	3985	969	0
10161	28	423	969	0
54276	28	523	969	0
13571	28	7901	969	0
54509	28	159	969	0
15323	28	1379	969	0
133228	28	71	969	0
98441	28	147	969	0
11589	28	28	969	0
63340	28	2908	969	0
23139	28	53	969	0
73295	28	336	969	0
85098	28	2096	969	0
60807	28	514	969	0
8815	28	2947	969	0
15210	28	41	969	0
97025	28	696	969	0
85172	28	105	969	0
98596	28	540	969	0
34356	28	1875	969	0
71471	28	1167	969	0
73231	28	167	969	0
62673	28	1147	969	0
20244	28	769	969	0
113780	28	158	969	0
10440	28	78	969	0
35574	28	814	969	0
15426	28	215	969	0
98797	28	140	969	0
19157	28	19181	969	0
97942	28	1975	969	0
19556	28	785	969	0
114891	28	1370	969	0
25026	28	1609	969	0
54989	28	1949	969	0
14479	28	410	969	0
114198	28	55020	969	0
114956	28	2315	969	0
85572	28	1934	969	0
17135	28	56	969	0
26977	28	489	969	0
20435	28	1008	969	0
31150	28	16365	969	0
133862	28	195	969	0
11679	28	789	969	0
85766	28	329	969	0
33494	28	255	969	0
133920	28	15572	969	0
85819	28	1908	969	0
55246	28	251	969	0
115241	28	2257	969	0
99272	28	294	969	0
27061	23	40763	969	0
60912	28	1216	969	0
99329	28	23413	969	0
74167	28	3707	969	0
30410	28	328	969	0
134052	28	219	969	0
16819	28	856	969	0
99444	28	866	969	0
64230	28	572	969	0
115439	28	368	969	0
63685	28	332	969	0
25160	28	4757	969	0
134161	28	1467	969	0
55475	28	329	969	0
48037	28	53	969	0
13790	28	1526	969	0
54635	28	524	969	0
36095	28	2912	969	0
55521	28	86	969	0
15671	28	1008	969	0
19571	28	524	969	0
86257	28	14207	969	0
35870	28	1523	969	0
39500	28	2692	969	0
18875	28	4512	969	0
74527	28	506	969	0
99792	28	803	969	0
31460	28	293	969	0
115755	28	1179	969	0
30042	28	55673	969	0
134430	28	745	969	0
99818	28	1623	969	0
15593	28	415	969	0
82976	28	1043	969	0
64619	28	236	969	0
86464	28	524	969	0
12368	28	26860	969	0
41880	28	42	969	0
20057	28	1055	969	0
19406	28	525	969	0
48423	28	1280	969	0
13820	28	1811	969	0
48440	28	273	969	0
17909	28	88	969	0
8401	28	55887	969	0
86682	28	1154	969	0
74878	28	7317	969	0
74915	28	3176	969	0
9923	28	5584	969	0
116123	28	273	969	0
27475	28	1416	969	0
100209	28	6566	969	0
86750	28	86	969	0
74958	28	1545	969	0
27490	28	745	969	0
56008	28	6569	969	0
25713	28	755	969	0
48045	28	142	969	0
100284	28	421	969	0
29545	28	277	969	0
53445	28	277	969	0
116218	28	23816	969	0
53616	28	329	969	0
73024	28	524	969	0
11665	28	1633	969	0
6731	28	2070	969	0
114661	28	609	969	0
72879	28	609	969	0
75123	28	446	969	0
116324	28	87	969	0
33397	28	3627	969	0
65095	28	1071	969	0
11262	28	660	969	0
116419	28	118	969	0
65159	28	787	969	0
27603	28	866	969	0
48759	28	12054	969	0
20878	28	1147	969	0
100584	28	195	969	0
65252	28	1484	969	0
11440	28	3321	969	0
13441	28	353	969	0
75396	28	2257	969	0
13846	28	181	969	0
71459	28	1497	969	0
100716	28	71	969	0
75442	28	15572	969	0
54802	28	303	969	0
41968	28	1238	969	0
65401	28	1048	969	0
40563	28	3075	969	0
135382	28	179	969	0
24938	28	7284	969	0
84510	28	179	969	0
14273	28	1864	969	0
100921	28	1765	969	0
18072	28	1105	969	0
40669	28	1553	969	0
31993	28	725	969	0
116861	28	7465	969	0
20990	28	1351	969	0
25371	28	3606	969	0
100990	28	988	969	0
27781	28	523	969	0
25872	28	1808	969	0
65114	28	1900	969	0
135618	28	2083	969	0
114238	28	8108	969	0
75822	28	330	969	0
158781	28	3317	969	0
16430	28	1127	969	0
45648	28	1478	969	0
87701	28	184	969	0
101204	28	239	969	0
56759	28	135769	969	0
87754	28	994	969	0
11760	28	180	969	0
17304	28	49	969	0
74608	28	3176	969	0
87802	28	268	969	0
21846	28	334	969	0
117185	28	75967	969	0
15038	28	791	969	0
117238	28	106	969	0
117242	28	445	969	0
101386	28	591	969	0
101411	28	181	969	0
13597	28	527	969	0
15990	28	51	969	0
87971	28	104	969	0
25395	28	758	969	0
83212	28	38	969	0
20796	28	16	969	0
76171	28	961	969	0
64501	28	22983	969	0
14271	28	507	969	0
42836	28	3192	969	0
16003	28	91	969	0
86087	28	427	969	0
76232	28	1085	969	0
13006	28	129	969	0
57041	28	58	969	0
117571	28	1500	969	0
30516	28	170	969	0
136253	28	692	969	0
76356	28	614	969	0
101762	28	211	969	0
117628	28	280	969	0
101775	28	1715	969	0
88262	28	18057	969	0
76429	28	1942	969	0
17112	28	72	969	0
136387	28	1467	969	0
30355	28	1709	969	0
117815	28	23816	969	0
22594	28	1321	969	0
74885	28	509	969	0
53689	28	5412	969	0
37319	28	791	969	0
8394	28	14207	969	0
102019	28	168	969	0
49627	28	39	969	0
117949	28	66390	969	0
100417	28	3985	969	0
117964	28	1949	969	0
47913	28	124	969	0
117985	28	119	969	0
16997	28	31	969	0
16595	28	4751	969	0
136608	28	672	969	0
30389	28	3074	969	0
24219	28	49705	969	0
88577	28	1192	969	0
18042	28	2088	969	0
66512	28	24235	969	0
88767	28	1388	969	0
8365	28	1199	969	0
21264	28	595	969	0
18269	28	147	969	0
24189	28	814	969	0
66564	28	210	969	0
76879	28	1383	969	0
20515	28	967	969	0
102407	28	278	969	0
100564	28	1740	969	0
88882	28	102444	969	0
118293	28	1251	969	0
22561	28	758	969	0
98443	14	207	969	0
102530	28	6143	969	0
28898	28	193	969	0
52015	28	2182	969	0
136935	28	4205	969	0
21668	28	40	969	0
159738	28	2257	969	0
14251	28	693	969	0
102565	28	904	969	0
77026	28	7507	969	0
18832	28	846	969	0
73807	28	3593	969	0
77075	28	1460	969	0
75200	28	1135	969	0
118520	28	1018	969	0
42415	28	893	969	0
14353	28	1654	969	0
29163	28	4512	969	0
33797	28	1572	969	0
22049	28	1077	969	0
118599	28	1785	969	0
118600	28	3615	969	0
86961	16	73992	969	0
76053	28	2923	969	0
18900	28	1444	969	0
33730	28	592	969	0
25140	28	3414	969	0
42827	28	998	969	0
137246	28	198	969	0
82199	28	3194	969	0
34005	28	353	969	0
25356	28	1148	969	0
43331	28	105	969	0
77306	28	239	969	0
45480	28	174	969	0
89332	28	4512	969	0
14613	28	511	969	0
23866	28	255	969	0
75200	28	746	969	0
14775	28	219	969	0
103050	28	4373	969	0
45859	28	5584	969	0
66975	28	26359	969	0
77420	28	4171	969	0
22259	28	78	969	0
52987	28	4998	969	0
57872	28	1760	969	0
39545	28	47	969	0
13119	28	3119	969	0
29697	28	474	969	0
160289	28	23	969	0
11734	28	238	969	0
25650	28	23	969	0
77554	28	142	969	0
32085	28	1334	969	0
55114	28	937	969	0
22420	28	360	969	0
48254	28	1794	969	0
19413	28	511	969	0
137711	28	4764	969	0
34586	28	7901	969	0
119254	28	2945	969	0
29676	28	42	969	0
103416	28	803	969	0
89702	28	682	969	0
119346	28	366	969	0
17023	28	28	969	0
119373	28	1535	969	0
7328	28	13295	969	0
62626	28	2896	969	0
53749	28	2208	969	0
40342	28	37	969	0
75717	28	14850	969	0
53805	28	524	969	0
67230	28	1300	969	0
63390	28	1023	969	0
135536	28	1934	969	0
13125	28	2913	969	0
101970	28	27658	969	0
77790	28	107	969	0
103648	28	2364	969	0
37658	28	34	969	0
119540	28	119	969	0
67293	28	30565	969	0
61608	28	1282	969	0
30369	28	1423	969	0
30411	28	504	969	0
103722	28	1351	969	0
9193	28	14850	969	0
22761	28	1633	969	0
75150	28	266	969	0
119649	28	1053	969	0
34637	28	1613	969	0
160797	28	814	969	0
77913	28	899	969	0
138226	28	2241	969	0
26387	28	30	969	0
22541	28	8036	969	0
15217	28	48	969	0
90040	28	829	969	0
103858	28	1535	969	0
71040	28	13168	969	0
17276	28	78	969	0
14381	28	1026	969	0
19888	28	1581	969	0
11924	28	1633	969	0
103913	28	2983	969	0
119857	28	1710	969	0
8782	28	30	969	0
26529	28	4483	969	0
101567	28	569	969	0
19746	28	114	969	0
90144	28	1047	969	0
17353	28	398	969	0
13517	28	459	969	0
90172	28	9185	969	0
118477	28	64	969	0
54358	28	136	969	0
138576	28	177	969	0
76049	28	774	969	0
104104	28	14850	969	0
37415	28	13975	969	0
104120	28	261	969	0
20145	28	1553	969	0
120051	28	890	969	0
138616	28	1522	969	0
97147	28	1468	969	0
88448	28	3283	969	0
61046	28	15272	969	0
17432	28	481	969	0
78210	28	192	969	0
72643	28	31	969	0
90320	28	9290	969	0
99435	28	7157	969	0
101055	28	1609	969	0
62883	28	1368	969	0
78259	28	78260	969	0
70996	23	90402	969	0
90402	23	70996	969	0
104359	14	4413	969	0
104393	28	1028	969	0
47583	28	211	969	0
62410	28	639	969	0
21995	28	431	969	0
104423	28	620	969	0
56092	28	1320	969	0
47678	28	607	969	0
75985	28	673	969	0
138988	28	507	969	0
104445	28	1290	969	0
17565	28	814	969	0
112915	28	985	969	0
8116	28	28	969	0
17570	28	37	969	0
161383	28	1265	969	0
35833	28	842	969	0
104519	28	15683	969	0
65443	28	293	969	0
39936	28	79	969	0
67494	28	1623	969	0
90568	28	150	969	0
37415	28	1995	969	0
88370	28	1466	969	0
11217	28	3447	969	0
120566	28	217	969	0
120600	28	821	969	0
104575	28	2165	969	0
47859	28	85	969	0
120638	28	537	969	0
19489	28	1882	969	0
23438	28	3071	969	0
120718	28	6566	969	0
67855	28	1122	969	0
36479	28	1253	969	0
90732	28	3251	969	0
73813	28	4794	969	0
161677	28	890	969	0
78583	28	126	969	0
120786	28	49265	969	0
113684	28	720	969	0
78610	28	3176	969	0
50550	28	191	969	0
11182	28	1392	969	0
50552	28	378	969	0
116012	28	43	969	0
120875	28	1810	969	0
19870	28	37	969	0
21369	28	162	969	0
76406	28	64	969	0
77191	28	1652	969	0
139606	28	3446	969	0
161889	14	6882	969	0
11719	28	406	969	0
139640	28	1058	969	0
17411	28	1474	969	0
100600	28	1324	969	0
88488	28	1292	969	0
105035	28	1077	969	0
121097	28	459	969	0
99611	28	825	969	0
21693	28	515	969	0
46694	28	5031	969	0
61283	28	309	969	0
35751	28	1535	969	0
50627	28	691	969	0
101602	28	2895	969	0
114604	28	1541	969	0
105117	28	2088	969	0
105121	28	4757	969	0
61338	28	5412	969	0
139811	28	2947	969	0
121206	28	3194	969	0
74290	28	1758	969	0
162102	28	355	969	0
105141	28	239	969	0
36355	28	140	969	0
139919	28	814	969	0
84180	28	1288	969	0
162186	28	492	969	0
139994	28	923	969	0
27544	28	412	969	0
64724	28	165	969	0
27478	28	519	969	0
76483	28	1616	969	0
64491	28	842	969	0
27488	28	1420	969	0
42070	28	44	969	0
13593	28	336	969	0
115608	28	404	969	0
67320	28	458	969	0
27608	28	681	969	0
29956	28	180	969	0
67214	28	1055	969	0
37447	28	1513	969	0
121559	28	1324	969	0
79032	28	603	969	0
73890	28	92	969	0
48699	28	690	969	0
27577	28	984	969	0
20520	28	3076	969	0
50740	28	86	969	0
140316	28	2503	969	0
105223	28	496	969	0
82450	28	371	969	0
13936	28	346	969	0
140392	28	1412	969	0
25275	28	160	969	0
17734	28	2522	969	0
25768	28	6525	969	0
120682	28	2705	969	0
35770	28	171	969	0
101775	28	30225	969	0
49009	28	4513	969	0
118505	28	262	969	0
71999	28	614	969	0
30393	28	1228	969	0
56467	28	1196	969	0
121843	28	1488	969	0
78897	28	825	969	0
41202	28	32031	969	0
162718	28	1617	969	0
72233	28	2880	969	0
27474	28	532	969	0
97899	28	1949	969	0
68380	28	413	969	0
78686	28	821	969	0
27867	28	1523	969	0
22390	28	524	969	0
24022	28	273	969	0
122053	28	280	969	0
122054	28	2165	969	0
22368	28	735	969	0
76406	28	597	969	0
36953	28	1192	969	0
54949	28	571	969	0
116901	28	808	969	0
105910	28	23816	969	0
58859	28	111	969	0
45219	28	1155	969	0
50830	28	436	969	0
11412	28	574	969	0
40410	28	1320	969	0
13977	28	1155	969	0
25376	28	6571	969	0
105996	28	890	969	0
17506	28	1918	969	0
41820	28	669	969	0
85984	28	1090	969	0
71935	28	3824	969	0
50529	28	773	969	0
106055	28	191	969	0
68468	28	90080	969	0
91865	28	42	969	0
41584	28	948	969	0
62213	28	39	969	0
27615	28	95	969	0
75512	28	7750	969	0
15553	28	1431	969	0
37012	28	1364	969	0
54515	28	203	969	0
12878	28	5420	969	0
10163	28	1081	969	0
89786	28	716	969	0
47458	28	574	969	0
61279	28	5381	969	0
73627	28	4018	969	0
17414	28	2020	969	0
23150	28	177	969	0
64047	28	255	969	0
114712	28	1167	969	0
50890	28	329	969	0
141273	28	14850	969	0
61498	28	608	969	0
163281	28	542	969	0
32344	28	345	969	0
68381	28	14061	969	0
28043	28	132	969	0
12992	28	102	969	0
106329	28	14850	969	0
103820	28	490	969	0
14535	28	852	969	0
20823	28	1411	969	0
43164	28	34	969	0
103991	28	833	969	0
54276	28	1253	969	0
121124	28	3246	969	0
16061	28	7837	969	0
68640	28	41571	969	0
50477	28	6566	969	0
61834	28	1293	969	0
28097	28	442	969	0
28098	28	1066	969	0
102964	28	756	969	0
22454	28	37	969	0
97836	28	167	969	0
68679	28	91	969	0
65504	28	774	969	0
83370	28	4764	969	0
49708	28	11636	969	0
43822	28	516	969	0
141688	28	1692	969	0
59087	28	68706	969	0
122588	28	577	969	0
92224	28	8173	969	0
79702	28	2040	969	0
122871	28	614	969	0
87754	28	255	969	0
55556	28	926	969	0
33712	28	537	969	0
91886	28	1105	969	0
106664	28	1898	969	0
87809	28	1148	969	0
12335	28	4246	969	0
92318	28	1788	969	0
56803	28	926	969	0
92333	28	2415	969	0
32873	28	1321	969	0
97960	28	401	969	0
26849	28	1027	969	0
106728	28	3470	969	0
120179	28	1547	969	0
59217	28	2187	969	0
79850	28	2532	969	0
26601	28	1242	969	0
8130	28	1384	969	0
123115	28	17870	969	0
28865	28	2158	969	0
58285	28	85	969	0
97698	28	2391	969	0
142065	28	1740	969	0
16703	28	124	969	0
40699	28	344	969	0
68871	28	1918	969	0
7132	28	752	969	0
9265	28	1743	969	0
79700	14	12967	969	0
49514	28	441	969	0
72863	28	23413	969	0
78877	28	2170	969	0
14745	28	1523	969	0
97312	28	1291	969	0
73600	28	366	969	0
122070	28	280	969	0
39736	28	671	969	0
12548	28	1118	969	0
35496	28	755	969	0
25269	28	1290	969	0
16696	28	985	969	0
52114	28	4403	969	0
45096	28	753	969	0
27187	28	102444	969	0
140318	28	695	969	0
142369	23	61444	969	0
29608	28	81	969	0
20015	28	882	969	0
112576	28	1462	969	0
44854	28	423	969	0
61913	28	168	969	0
123523	28	2445	969	0
13759	28	433	969	0
10846	28	168	969	0
30662	28	2152	969	0
24536	28	370	969	0
26508	28	1167	969	0
32582	28	348	969	0
107186	28	756	969	0
73571	28	553	969	0
84413	28	789	969	0
17403	28	140	969	0
123611	28	6566	969	0
9140	28	213	969	0
27820	28	1047	969	0
15908	28	40	969	0
114653	28	110	969	0
67351	28	2880	969	0
85235	28	1025	969	0
92790	28	381	969	0
121595	28	179	969	0
26827	28	55673	969	0
86276	28	1002	969	0
24526	28	28614	969	0
24928	28	1151	969	0
99737	28	275	969	0
105761	28	33375	969	0
59483	28	1710	969	0
67201	28	1123	969	0
49377	28	1776	969	0
35913	28	105	969	0
21631	28	516	969	0
118885	28	16779	969	0
107395	28	28031	969	0
20006	28	1263	969	0
63042	28	57	969	0
25007	28	454	969	0
51166	28	141	969	0
23420	28	2004	969	0
50740	28	89	969	0
49146	28	4255	969	0
14571	28	2140	969	0
92916	28	75667	969	0
31474	28	2967	969	0
70894	28	395	969	0
40819	28	260	969	0
19595	14	4266	969	0
74528	28	2216	969	0
20423	28	18145	969	0
59299	28	557	969	0
37037	28	467	969	0
69260	28	523	969	0
124092	28	506	969	0
93034	28	1424	969	0
28049	28	30058	969	0
30628	28	53	969	0
69294	28	3194	969	0
23266	28	1885	969	0
10087	28	1608	969	0
80478	28	48860	969	0
68768	28	323	969	0
24590	28	175	969	0
37998	28	1900	969	0
9381	28	290	969	0
143350	28	1932	969	0
86913	28	10454	969	0
28688	28	6569	969	0
63340	28	3896	969	0
26176	28	319	969	0
15603	28	1875	969	0
61970	28	363	969	0
96298	28	217	969	0
100512	28	7284	969	0
124334	28	8108	969	0
48377	28	1776	969	0
48821	28	1007	969	0
15740	28	215	969	0
37457	28	919	969	0
93242	28	1053	969	0
85005	28	129	969	0
78471	28	505	969	0
18413	28	1342	969	0
89666	28	1864	969	0
60682	28	234	969	0
54212	28	68706	969	0
92363	28	2973	969	0
121137	28	266	969	0
61251	28	107947	969	0
91482	28	26555	969	0
143574	28	4458	969	0
25517	28	2947	969	0
12954	28	1351	969	0
20870	28	2095	969	0
48886	28	64	969	0
28490	28	2519	969	0
10032	28	2170	969	0
27791	28	1460	969	0
16004	28	1785	969	0
23805	28	1654	969	0
20227	28	1015	969	0
124547	28	1179	969	0
47660	28	262	969	0
75509	28	1987	969	0
106668	28	9577	969	0
72247	28	1536	969	0
115641	28	1728	969	0
16553	28	14110	969	0
32929	28	963	969	0
33122	28	698	969	0
27356	28	1816	969	0
39907	28	769	969	0
108052	28	882	969	0
66348	28	222	969	0
46185	28	725	969	0
56342	28	6093	969	0
105712	28	679	969	0
117391	28	2487	969	0
76703	28	399	969	0
48940	28	12557	969	0
123813	28	8173	969	0
91741	28	1682	969	0
28726	28	28133	969	0
42415	28	8918	969	0
38399	28	2456	969	0
88584	28	2139	969	0
93463	28	953	969	0
116413	28	774	969	0
98427	28	769	969	0
51522	28	360	969	0
108172	28	971	969	0
53158	28	691	969	0
37940	28	2692	969	0
29171	28	964	969	0
56937	28	85	969	0
108233	28	2649	969	0
85932	28	469	969	0
13142	28	14850	969	0
14238	28	154	969	0
54280	28	4297	969	0
14791	28	292	969	0
108289	28	58078	969	0
93369	16	8	969	0
38034	28	3304	969	0
104979	28	925	969	0
74779	28	87	969	0
121638	28	673	969	0
33077	28	4255	969	0
85596	28	1122	969	0
24153	28	15272	969	0
69287	28	104	969	0
54980	28	6551	969	0
17158	28	64	969	0
124964	28	192	969	0
31387	28	1556	969	0
25661	28	153	969	0
118066	28	3165	969	0
108361	28	107	969	0
10936	28	20	969	0
40968	28	1903	969	0
79818	28	4171	969	0
51575	28	596	969	0
97093	28	597	969	0
27924	28	28	969	0
31650	28	168	969	0
125077	28	36056	969	0
99680	28	1122	969	0
62496	28	2208	969	0
43099	28	617	969	0
64971	28	7739	969	0
144291	28	11253	969	0
21173	28	587	969	0
76716	28	72	969	0
112255	28	105	969	0
71852	28	2153	969	0
29689	28	885	969	0
122568	28	1299	969	0
83315	28	616	969	0
108498	28	433	969	0
11697	14	1491	969	0
69104	28	500	969	0
108518	28	1388	969	0
57243	28	679	969	0
23673	28	926	969	0
19003	28	384	969	0
34633	28	2347	969	0
132815	28	1675	969	0
66190	28	1052	969	0
51378	28	961	969	0
144546	28	2411	969	0
19858	28	320	969	0
125389	28	1050	969	0
44506	28	27880	969	0
36897	28	1442	969	0
40214	28	578	969	0
81032	28	668	969	0
12725	28	2346	969	0
74981	28	8045	969	0
19782	28	2170	969	0
34975	28	23	969	0
85926	28	217	969	0
75317	28	3476	969	0
15142	28	56784	969	0
144776	28	5412	969	0
16739	14	2431	969	0
108728	28	3172	969	0
81087	28	1004	969	0
54861	28	132	969	0
80641	28	1811	969	0
31330	28	1523	969	0
83081	28	2145	969	0
63799	28	4757	969	0
76077	28	1002	969	0
66796	28	3425	969	0
77103	28	23564	969	0
47297	28	13714	969	0
77938	28	330	969	0
16941	28	1758	969	0
106177	28	14850	969	0
38747	28	1005	969	0
26643	28	4764	969	0
125737	28	158	969	0
21157	28	56456	969	0
51091	28	1416	969	0
11167	28	31	969	0
93828	28	386	969	0
49410	28	126	969	0
40011	28	377	969	0
166944	28	1324	969	0
64776	28	2276	969	0
84551	28	16	969	0
108947	28	357	969	0
96491	28	971	969	0
46710	28	5785	969	0
28655	28	1407	969	0
86410	28	821	969	0
80793	28	377	969	0
108985	28	66390	969	0
94110	28	94111	969	0
30961	28	756	969	0
15981	28	4764	969	0
167090	28	22	969	0
106119	28	1942	969	0
10222	28	4255	969	0
26700	28	6528	969	0
145354	28	903	969	0
114475	28	696	969	0
15088	28	429	969	0
167199	28	622	969	0
167207	28	2948	969	0
71339	28	452	969	0
81256	28	272	969	0
11825	28	6569	969	0
145393	28	348	969	0
145411	28	1985	969	0
38869	28	690	969	0
145422	28	3993	969	0
125971	28	28673	969	0
92297	28	74	969	0
7824	28	3834	969	0
32847	28	347	969	0
73225	28	16779	969	0
59455	28	3064	969	0
126012	28	146	969	0
73295	28	670	969	0
19146	28	1127	969	0
109149	28	767	969	0
37258	28	146	969	0
19131	28	9970	969	0
19509	28	1071	969	0
8053	28	699	969	0
88203	28	33583	969	0
14901	28	433	969	0
126102	28	34	969	0
126111	28	255	969	0
46695	28	699	969	0
27525	28	1358	969	0
90108	28	33375	969	0
10909	28	345	969	0
145603	28	749	969	0
9806	28	369	969	0
21544	28	1885	969	0
54988	28	3985	969	0
19979	28	3051	969	0
145638	28	2170	969	0
94303	28	6981	969	0
44968	28	961	969	0
45440	28	6093	969	0
93879	28	3614	969	0
43451	28	909	969	0
37290	28	98	969	0
86156	28	818	969	0
56463	28	114	969	0
21099	28	191	969	0
97088	28	29899	969	0
112462	28	129	969	0
133170	28	412	969	0
116861	28	904	969	0
15004	28	1195	969	0
83810	28	1873	969	0
32271	28	46	969	0
42791	28	1025	969	0
20928	28	104	969	0
7639	28	4422	969	0
10899	28	889	969	0
74497	28	13844	969	0
63878	28	2020	969	0
120258	28	6566	969	0
81401	28	1654	969	0
104614	28	257	969	0
44624	28	347	969	0
39976	28	48	969	0
42775	28	507	969	0
21013	28	759	969	0
38106	28	293	969	0
94438	28	937	969	0
21153	28	3606	969	0
70600	28	16	969	0
76716	28	38	969	0
74355	28	7739	969	0
78698	28	925	969	0
73267	28	28	969	0
77275	28	843	969	0
125651	28	416	969	0
109486	28	1594	969	0
30838	28	3034	969	0
41399	28	622	969	0
15303	28	3845	969	0
87945	14	7343	969	0
82580	28	168	969	0
69793	28	511	969	0
19399	28	1572	969	0
55717	28	3176	969	0
52352	28	1403	969	0
168260	28	91	969	0
90088	28	1010	969	0
28550	28	51	969	0
24105	28	1335	969	0
7320	28	55	969	0
103189	28	1312	969	0
8429	28	65	969	0
126301	28	4373	969	0
29795	28	109	969	0
137184	28	755	969	0
19651	28	9334	969	0
31658	28	1013	969	0
58833	28	9909	969	0
146335	28	1794	969	0
55423	28	103	969	0
77097	28	7534	969	0
25713	28	794	969	0
88009	28	657	969	0
109476	28	1745	969	0
36709	28	595	969	0
22107	28	2301	969	0
72442	28	6824	969	0
75864	28	1536	969	0
54346	28	36183	969	0
46668	28	832	969	0
18211	28	773	969	0
100897	28	459	969	0
37486	28	550	969	0
103996	28	6327	969	0
67286	28	143	969	0
84885	28	88	969	0
83912	28	14850	969	0
40219	28	394	969	0
60225	28	16	969	0
13101	28	63	969	0
20739	28	363	969	0
5996	28	145	969	0
35028	28	1127	969	0
15188	28	4255	969	0
89777	28	2533	969	0
93369	16	9	969	0
109736	28	535	969	0
94647	28	215	969	0
93772	28	2086	969	0
14764	28	370	969	0
116727	28	469	969	0
15649	28	1684	969	0
16166	28	735	969	0
32946	28	682	969	0
39859	28	769	969	0
92398	28	289	969	0
52403	28	5275	969	0
95816	28	231	969	0
11957	28	791	969	0
47877	28	3707	969	0
48388	28	262	969	0
108681	28	489	969	0
29329	28	1520	969	0
89530	28	70823	969	0
88931	28	770	969	0
76850	28	49705	969	0
21154	28	88	969	0
94689	28	1918	969	0
34109	28	617	969	0
89214	28	119	969	0
101881	28	7043	969	0
39719	28	3403	969	0
100642	28	3317	969	0
67824	28	1736	969	0
96588	28	2204	969	0
79716	28	321	969	0
109864	28	78260	969	0
19961	28	1705	969	0
102356	28	1885	969	0
68011	28	168	969	0
127094	28	334	969	0
71657	28	454	969	0
38146	28	421	969	0
85515	8	72234	969	0
87966	28	122	969	0
94249	28	1559	969	0
6632	28	146	969	0
9817	28	445	969	0
41609	28	18261	969	0
10822	28	515	969	0
68712	28	2464	969	0
73890	28	87	969	0
32990	28	40	969	0
25619	28	2257	969	0
105847	28	409	969	0
15090	28	783	969	0
144053	28	507	969	0
72876	28	2909	969	0
65678	28	355	969	0
104943	28	8318	969	0
132291	28	16779	969	0
109206	28	2724	969	0
95823	28	23	969	0
15518	28	1785	969	0
61695	28	975	969	0
75933	28	1654	969	0
30988	28	1903	969	0
35648	28	3824	969	0
26230	28	4017	969	0
74761	28	995	969	0
25569	28	6569	969	0
127236	28	7901	969	0
22769	28	723	969	0
29892	28	1058	969	0
119636	28	679	969	0
147141	28	33	969	0
121474	28	907	969	0
73665	28	1738	969	0
77313	28	1276	969	0
144361	28	132	969	0
88659	28	2373	969	0
69589	28	1581	969	0
15584	28	542	969	0
42775	28	2170	969	0
24052	28	515	969	0
32945	28	48	969	0
86085	28	2103	969	0
9094	28	1223	969	0
7296	28	63	969	0
92649	28	2291	969	0
90192	28	4018	969	0
127361	28	1522	969	0
31078	28	220	969	0
53543	28	3164	969	0
94837	28	5504	969	0
104364	28	39	969	0
44624	28	433	969	0
35425	28	1568	969	0
65646	28	90080	969	0
22336	28	3679	969	0
169637	28	1632	969	0
59250	28	506	969	0
94852	28	5202	969	0
12531	28	582	969	0
20633	28	551	969	0
9623	28	2708	969	0
67133	28	332	969	0
22780	28	98	969	0
100154	28	767	969	0
69658	28	860	969	0
12931	28	3318	969	0
17758	28	1521	969	0
79523	28	1525	969	0
106688	28	14207	969	0
147498	28	383	969	0
65517	28	686	969	0
20783	28	104	969	0
79413	28	3321	969	0
117027	28	2241	969	0
64565	28	1705	969	0
107536	28	476	969	0
36002	28	1335	969	0
57099	28	7284	969	0
25572	28	10962	969	0
44063	28	971	969	0
110187	28	1918	969	0
16327	28	1710	969	0
98596	28	1251	969	0
36738	28	170	969	0
28604	28	582	969	0
24644	28	14207	969	0
77583	28	3317	969	0
9184	28	79	969	0
38030	28	2020	969	0
24118	28	421	969	0
13596	28	4476	969	0
10495	28	626	969	0
38444	28	1017	969	0
31909	28	105	969	0
147707	28	1000	969	0
127670	28	593	969	0
8815	28	108313	969	0
86548	28	1035	969	0
82241	28	2364	969	0
120113	28	3871	969	0
72980	28	3034	969	0
90863	28	808	969	0
76189	28	3076	969	0
7720	28	7739	969	0
30384	28	615	969	0
59868	28	3219	969	0
98797	28	192	969	0
117805	28	814	969	0
46849	28	691	969	0
56249	28	399	969	0
127727	28	2923	969	0
52981	28	1206	969	0
41567	28	535	969	0
8099	28	112	969	0
27012	28	1525	969	0
75755	28	1228	969	0
40954	28	857	969	0
23575	28	49	969	0
147854	28	605	969	0
54280	28	1158	969	0
63136	28	1783	969	0
81741	28	676	969	0
12033	28	3383	969	0
40695	28	2784	969	0
62556	28	12949	969	0
59983	28	781	969	0
70178	28	51	969	0
13712	28	504	969	0
96146	28	1885	969	0
59847	28	1117	969	0
44650	28	1749	969	0
80776	28	3967	969	0
99998	28	4255	969	0
127876	28	329	969	0
31401	28	2117	969	0
70473	28	27471	969	0
7817	28	24654	969	0
99897	28	422	969	0
66891	28	551	969	0
77960	28	1959	969	0
110391	28	4748	969	0
110398	28	590	969	0
55652	28	4051	969	0
14942	28	78	969	0
121579	28	3993	969	0
7869	28	504	969	0
142259	28	1553	969	0
10841	28	819	969	0
35537	28	583	969	0
108501	28	963	969	0
110438	28	269	969	0
75326	28	3606	969	0
66516	28	459	969	0
44246	28	1049	969	0
33204	28	603	969	0
26284	28	6935	969	0
39446	28	112	969	0
76112	28	7284	969	0
81789	28	107	969	0
22318	28	2165	969	0
26699	28	112	969	0
90137	28	1083	969	0
109655	28	501	969	0
123992	28	2896	969	0
12340	28	818	969	0
16717	28	431	969	0
26649	28	632	969	0
110515	28	475	969	0
94325	28	282	969	0
75906	28	548	969	0
110520	28	2162	969	0
146676	28	794	969	0
104311	28	890	969	0
104568	28	9577	969	0
54668	28	1822	969	0
108535	28	3073	969	0
15093	28	17986	969	0
18451	28	33	969	0
148432	28	170	969	0
102534	28	673	969	0
105088	28	5504	969	0
48037	28	39	969	0
13875	28	2208	969	0
19955	28	220	969	0
60347	28	877	969	0
59413	28	532	969	0
72587	28	1124	969	0
33077	28	504	969	0
64139	28	536	969	0
38979	28	332	969	0
70188	28	370	969	0
76431	28	1497	969	0
64421	28	2066	969	0
95108	28	1497	969	0
110578	28	525	969	0
44567	28	954	969	0
41175	28	2278	969	0
12420	28	63173	969	0
101655	28	1270	969	0
148594	28	2257	969	0
32852	28	104	969	0
12312	28	71	969	0
110597	28	3194	969	0
51384	28	15272	969	0
148637	28	486	969	0
28527	28	2720	969	0
13670	28	1932	969	0
106708	28	2128	969	0
10262	28	22	969	0
49330	28	1444	969	0
124596	28	1394	969	0
32922	28	1739	969	0
84885	28	89	969	0
19328	28	202	969	0
95034	28	42	969	0
28724	28	1848	969	0
51812	28	1435	969	0
78471	28	569	969	0
146139	28	673	969	0
144446	28	792	969	0
17596	28	755	969	0
95139	28	821	969	0
90558	28	3071	969	0
105266	28	38	969	0
61955	28	277	969	0
28090	14	25589	969	0
10261	28	199	969	0
8197	28	630	969	0
127782	28	1535	969	0
77133	28	8498	969	0
38570	28	1613	969	0
32362	28	56	969	0
21083	28	993	969	0
105984	28	5275	969	0
22508	28	5275	969	0
25050	28	2079	969	0
85727	28	141	969	0
99810	28	435	969	0
171474	28	3047	969	0
56546	28	168	969	0
19465	28	23816	969	0
13983	28	39	969	0
28816	28	12557	969	0
32757	28	13328	969	0
15491	28	4678	969	0
126090	28	4092	969	0
26078	28	557	969	0
30976	28	1709	969	0
71183	28	449	969	0
40980	28	1710	969	0
38979	28	239	969	0
126712	28	87	969	0
13546	28	2292	969	0
43947	28	245	969	0
110533	28	4255	969	0
18731	28	79	969	0
122877	28	2241	969	0
32835	28	575	969	0
24345	28	1070	969	0
122744	28	4282	969	0
27975	28	4919	969	0
145537	28	1710	969	0
81669	28	1216	969	0
80992	28	329	969	0
16305	28	1342	969	0
44264	28	2895	969	0
94526	28	617	969	0
94976	28	926	969	0
15752	28	2323	969	0
35012	28	616	969	0
121324	28	2542	969	0
95230	28	282	969	0
60885	28	1048	969	0
63833	28	622	969	0
62610	14	104915	969	0
59336	28	2198	969	0
81898	28	596	969	0
81069	28	1146	969	0
8137	28	203	969	0
44974	28	577	969	0
88773	28	328	969	0
149252	28	1522	969	0
96119	28	101	969	0
49628	28	1179	969	0
12907	28	2982	969	0
94139	28	506	969	0
25668	28	1239	969	0
94798	28	4011	969	0
61324	28	2154	969	0
24193	28	2659	969	0
79915	28	363	969	0
34290	28	1691	969	0
81786	28	344	969	0
38154	28	454	969	0
41202	28	1568	969	0
20279	28	660	969	0
54218	28	13818	969	0
42603	28	213	969	0
19473	28	626	969	0
37070	28	518	969	0
81186	28	32031	969	0
15372	28	2983	969	0
39931	28	586	969	0
95290	28	289	969	0
119131	28	1223	969	0
46128	28	756	969	0
21002	28	1403	969	0
38681	28	2316	969	0
32767	28	79	969	0
94595	28	107	969	0
33825	28	15212	969	0
110913	28	8806	969	0
105177	28	869	969	0
24475	28	490	969	0
109486	28	146	969	0
23805	28	506	969	0
41095	28	769	969	0
69914	28	1403	969	0
23765	28	2158	969	0
20137	28	174	969	0
20294	28	2967	969	0
52018	28	2973	969	0
38505	28	3080	969	0
172453	28	882	969	0
44220	28	1035	969	0
128847	28	791	969	0
84564	28	53	969	0
84125	28	1173	969	0
53287	28	2100	969	0
68080	28	423	969	0
107345	28	924	969	0
149665	28	653	969	0
46123	28	1535	969	0
18644	28	2278	969	0
19602	28	1382	969	0
92608	28	537	969	0
28490	28	6547	969	0
98457	28	421	969	0
143915	28	5412	969	0
120226	28	1559	969	0
10157	28	1431	969	0
92050	28	2364	969	0
110981	28	1665	969	0
26744	28	6902	969	0
101950	28	758	969	0
87589	28	1720	969	0
71392	28	392	969	0
48773	28	210	969	0
9784	28	65	969	0
11912	28	2662	969	0
59512	28	806	969	0
31511	28	1987	969	0
58856	28	1383	969	0
26419	28	220	969	0
44898	28	1614	969	0
25298	28	1216	969	0
71733	28	851	969	0
95283	28	1280	969	0
98075	28	866	969	0
39018	28	142	969	0
43125	28	421	969	0
32829	28	926	969	0
9223	28	1035	969	0
30188	28	5584	969	0
24812	28	530	969	0
50569	28	596	969	0
24719	28	353	969	0
20845	28	2096	969	0
10742	28	1364	969	0
23627	28	5835	969	0
28928	28	168	969	0
51436	28	14207	969	0
15515	28	169	969	0
95114	28	461	969	0
121611	28	260	969	0
43162	28	446	969	0
128530	28	1216	969	0
41095	28	860	969	0
91648	28	1077	969	0
77362	28	3304	969	0
81994	28	1871	969	0
97244	28	1431	969	0
74573	28	1500	969	0
52714	28	1206	969	0
81443	28	421	969	0
129129	28	398	969	0
44938	28	1403	969	0
77755	28	1166	969	0
44321	28	177	969	0
86018	28	571	969	0
72070	28	574	969	0
65333	28	628	969	0
124261	28	3194	969	0
69072	28	882	969	0
17490	28	1827	969	0
81689	28	806	969	0
47663	28	574	969	0
82653	28	4487	969	0
111146	28	953	969	0
44476	28	12557	969	0
88328	28	3246	969	0
106519	28	247	969	0
123784	28	2486	969	0
99228	28	1676	969	0
106518	28	46	969	0
126719	28	239	969	0
140194	28	15272	969	0
118196	28	3679	969	0
20203	28	152	969	0
108440	28	4624	969	0
13280	28	222	969	0
22113	28	622	969	0
53452	28	7530	969	0
105372	28	6227	969	0
122840	28	7098	969	0
46954	28	2162	969	0
91786	28	387	969	0
27514	28	1541	969	0
128886	28	1139	969	0
91710	28	985	969	0
75424	28	199	969	0
10237	28	180	969	0
36410	28	1483	969	0
54768	28	19181	969	0
31898	28	625	969	0
23419	28	2020	969	0
19456	28	833	969	0
117686	28	1811	969	0
73894	28	272	969	0
31885	28	583	969	0
15863	28	2311	969	0
46217	28	28031	969	0
46344	28	671	969	0
75109	28	378	969	0
67068	28	1216	969	0
20872	28	315	969	0
11223	28	57	969	0
81418	28	1370	969	0
68352	28	459	969	0
68416	28	1027	969	0
53862	28	1286	969	0
64173	28	99	969	0
111250	28	1462	969	0
21125	28	962	969	0
64760	28	1718	969	0
11630	28	1034	969	0
62055	28	3425	969	0
20252	28	431	969	0
135787	28	582	969	0
16211	28	1703	969	0
6437	28	56	969	0
11933	28	7993	969	0
86498	28	887	969	0
23884	28	614	969	0
90863	28	388	969	0
74141	28	427	969	0
90863	28	336	969	0
27852	28	63	969	0
9406	28	651	969	0
16509	28	1033	969	0
52125	14	86843	969	0
80069	28	12647	969	0
12209	28	5275	969	0
78143	28	5165	969	0
29425	28	691	969	0
39553	28	214	969	0
14600	28	2077	969	0
126139	28	459	969	0
21041	28	3081	969	0
129445	28	746	969	0
44730	28	969	969	0
106568	28	1018	969	0
129011	28	1002	969	0
108265	28	132	969	0
33201	28	1380	969	0
12565	28	984	969	0
56849	28	13198	969	0
49121	28	147	969	0
54430	28	2096	969	0
11583	28	1697	969	0
81153	28	1210	969	0
24544	28	2445	969	0
43944	28	476	969	0
110981	28	162	969	0
110186	28	6551	969	0
50162	28	3859	969	0
46503	28	2160	969	0
79625	28	5785	969	0
31540	28	2589	969	0
86543	28	1302	969	0
144271	28	492	969	0
51139	28	492	969	0
98726	28	814	969	0
82077	28	2160	969	0
174417	14	129168	969	0
12170	28	632	969	0
60341	28	23564	969	0
141852	28	331	969	0
40752	28	758	969	0
77659	28	852	969	0
16171	28	846	969	0
104446	28	642	969	0
96320	28	2843	969	0
66565	28	56	969	0
93320	28	760	969	0
74193	28	1195	969	0
91618	28	188	969	0
30146	28	1320	969	0
32887	28	1703	969	0
65348	28	524	969	0
108067	28	311	969	0
44005	28	19553	969	0
33566	28	574	969	0
63527	28	2078	969	0
30782	28	803	969	0
59221	28	893	969	0
14841	28	1497	969	0
64075	28	991	969	0
79242	28	1320	969	0
129682	28	1535	969	0
149895	28	794	969	0
91067	28	3213	969	0
66965	28	3176	969	0
129703	28	4919	969	0
19437	28	1536	969	0
15697	28	1407	969	0
42593	28	41	969	0
28842	28	5275	969	0
151321	28	268	969	0
41019	28	2068	969	0
13523	28	42	969	0
15968	28	614	969	0
10935	28	1552	969	0
20152	28	2020	969	0
111449	28	552	969	0
9187	28	147	969	0
33404	28	1728	969	0
84995	28	1988	969	0
55203	28	1120	969	0
63685	28	1905	969	0
148711	28	1862	969	0
76114	28	501	969	0
111471	28	682	969	0
47991	28	609	969	0
51246	28	814	969	0
121820	28	882	969	0
59483	28	7465	969	0
54700	28	4998	969	0
17308	28	1365	969	0
27781	28	691	969	0
59402	28	6581	969	0
107064	28	2373	969	0
7656	28	1899	969	0
123670	28	4180	969	0
102748	28	14850	969	0
175113	28	395	969	0
118143	28	1008	969	0
10640	28	632	969	0
126339	28	2838	969	0
44704	28	19	969	0
90095	28	198	969	0
90379	28	612	969	0
22089	28	58	969	0
65670	28	1151	969	0
108038	28	150	969	0
151507	28	404	969	0
111487	28	119	969	0
55634	28	2257	969	0
32034	28	41411	969	0
120592	28	572	969	0
33933	28	2415	969	0
77411	28	5275	969	0
175222	28	809	969	0
108593	28	1885	969	0
57362	28	614	969	0
97280	28	4205	969	0
22122	28	693	969	0
10970	28	4919	969	0
101503	28	1320	969	0
12531	28	986	969	0
16531	28	616	969	0
92444	28	832	969	0
29304	28	3476	969	0
87897	28	1096	969	0
97333	28	920	969	0
31280	28	552	969	0
21787	28	676	969	0
69614	28	708	969	0
13477	28	4632	969	0
61173	28	1963	969	0
134422	28	2793	969	0
70400	28	2842	969	0
175427	28	616	969	0
40770	28	114	969	0
29597	28	4472	969	0
6632	28	334	969	0
48318	28	1501	969	0
54954	28	5980	969	0
91993	28	1167	969	0
93940	28	753	969	0
111380	28	882	969	0
32889	28	47	969	0
81989	28	882	969	0
111537	28	482	969	0
12836	28	170	969	0
86096	28	58	969	0
118754	28	603	969	0
13491	28	79	969	0
24444	28	598	969	0
34103	28	900	969	0
146060	28	2710	969	0
128406	28	830	969	0
55609	28	159	969	0
85955	28	1404	969	0
13805	28	695	969	0
25162	28	247	969	0
23704	28	394	969	0
89374	28	24	969	0
74483	28	1811	969	0
43178	28	1556	969	0
84437	28	1444	969	0
24651	28	133	969	0
97698	28	1043	969	0
92806	28	280	969	0
20013	28	1314	969	0
27867	28	275	969	0
73800	28	394	969	0
23282	28	2116	969	0
52258	28	442	969	0
103643	28	1167	969	0
21620	28	413	969	0
14188	28	66583	969	0
26174	28	1572	969	0
9623	28	17469	969	0
62435	28	353	969	0
125313	28	262	969	0
33149	28	1642	969	0
10123	14	854	969	0
110000	28	89	969	0
30060	28	842	969	0
90111	28	1522	969	0
111183	28	805	969	0
8137	28	458	969	0
10139	28	1123	969	0
88768	28	657	969	0
60694	28	1380	969	0
91648	28	421	969	0
145398	28	4164	969	0
13922	28	38	969	0
103121	28	231	969	0
176253	28	123	969	0
112690	28	168	969	0
44337	28	860	969	0
105720	28	1179	969	0
62910	28	1614	969	0
94593	28	967	969	0
89481	28	59520	969	0
104742	28	872	969	0
24639	28	718	969	0
95663	28	343	969	0
61271	28	1320	969	0
81789	28	347	969	0
83403	28	4018	969	0
176456	28	953	969	0
76009	28	5136	969	0
12671	28	577	969	0
60829	28	1016	969	0
145140	28	2710	969	0
23961	28	2282	969	0
63969	28	363	969	0
119373	28	394	969	0
54022	28	1810	969	0
17673	28	1829	969	0
152318	16	9343	969	0
127282	28	1181	969	0
74763	28	464	969	0
102855	28	5202	969	0
10405	28	519	969	0
102482	28	269	969	0
42619	28	1008	969	0
24484	28	1565	969	0
11033	28	1691	969	0
39441	28	319	969	0
82711	28	1710	969	0
152365	28	14850	969	0
22715	28	3470	969	0
46832	28	1028	969	0
30586	8	19326	969	0
91112	28	277	969	0
44702	28	5439	969	0
97063	28	725	969	0
28693	28	1692	969	0
27183	28	2160	969	0
143714	28	8108	969	0
129890	28	1553	969	0
12723	28	806	969	0
101305	28	19934	969	0
8505	28	1077	969	0
82137	28	986	969	0
103858	28	394	969	0
52015	28	485	969	0
24712	28	330	969	0
38323	28	1216	969	0
19567	28	1367	969	0
101035	28	470	969	0
38320	28	1312	969	0
20088	28	64	969	0
18238	28	1634	969	0
73748	28	1613	969	0
42680	28	2317	969	0
136735	28	570	969	0
7632	28	1474	969	0
113521	28	1644	969	0
91972	28	802	969	0
56255	28	852	969	0
152593	28	3470	969	0
16453	28	1020	969	0
114241	28	1655	969	0
41151	28	686	969	0
105659	28	1896	969	0
125367	28	5412	969	0
82305	28	22751	969	0
10124	28	304	969	0
109573	28	220	969	0
98481	28	2761	969	0
36453	28	4386	969	0
72928	28	608	969	0
74486	28	1321	969	0
47804	28	132	969	0
98800	28	679	969	0
90948	28	969	969	0
98071	28	1710	969	0
33149	28	2079	969	0
43210	28	2346	969	0
44396	28	449	969	0
15402	28	56	969	0
90030	28	2538	969	0
27904	28	13198	969	0
21455	28	1127	969	0
32498	28	24485	969	0
10049	28	1559	969	0
23337	28	1788	969	0
18636	28	310	969	0
144845	28	5192	969	0
14867	28	1066	969	0
87994	28	969	969	0
137637	28	681	969	0
67031	28	1122	969	0
139534	28	2632	969	0
74651	28	757	969	0
23884	28	770	969	0
9686	28	48	969	0
130171	28	1008	969	0
14119	28	1010	969	0
28801	28	1035	969	0
17791	28	1289	969	0
50192	28	5275	969	0
17162	28	452	969	0
60463	28	105	969	0
12709	28	242	969	0
122670	28	909	969	0
128623	28	1282	969	0
44061	28	1474	969	0
129506	28	3318	969	0
56547	28	6304	969	0
92089	28	774	969	0
25825	28	860	969	0
65819	28	1993	969	0
55523	28	410	969	0
42056	28	1559	969	0
19262	28	833	969	0
48814	28	725	969	0
33535	28	50	969	0
31663	28	447	969	0
153066	28	2032	969	0
53605	28	1937	969	0
80909	28	1460	969	0
51833	28	66	969	0
18428	28	38	969	0
58216	28	2445	969	0
19876	28	259	969	0
91625	28	597	969	0
32042	28	1154	969	0
14229	28	1576	969	0
70699	28	3425	969	0
35356	28	3627	969	0
103811	28	1272	969	0
76151	28	1513	969	0
33047	28	394	969	0
113535	28	2895	969	0
93256	28	623	969	0
28798	28	3933	969	0
111695	28	82	969	0
13593	28	55	969	0
99867	28	632	969	0
12166	28	1253	969	0
17235	28	614	969	0
178148	28	1776	969	0
103385	28	2710	969	0
124092	28	6227	969	0
92801	28	610	969	0
153166	28	1985	969	0
7166	28	922	969	0
20168	28	791	969	0
19090	28	2373	969	0
42973	28	465	969	0
32308	28	74	969	0
87951	28	7043	969	0
40725	28	191	969	0
86460	28	959	969	0
85253	28	696	969	0
12564	28	657	969	0
82157	28	60	969	0
66521	28	7437	969	0
25535	28	1623	969	0
29641	28	260	969	0
87777	28	92	969	0
107603	28	3845	969	0
29156	28	842	969	0
47978	28	38435	969	0
27333	28	91	969	0
14411	28	1155	969	0
18136	28	68706	969	0
81689	28	332	969	0
49973	28	1290	969	0
21687	28	660	969	0
87322	28	1324	969	0
81966	28	360	969	0
51486	28	1988	969	0
86912	28	637	969	0
26962	28	1572	969	0
24010	28	1594	969	0
61087	28	330	969	0
12261	28	99	969	0
84124	28	1864	969	0
105884	28	703	969	0
56747	28	749	969	0
27812	28	175	969	0
22572	28	122	969	0
129365	28	536	969	0
47245	28	105	969	0
94626	28	2208	969	0
25048	28	846	969	0
67790	28	107	969	0
59457	28	6569	969	0
78824	8	126183	969	0
47243	28	769	969	0
17042	28	311	969	0
13973	28	156	969	0
73849	28	170	969	0
18613	28	1709	969	0
15123	28	52	969	0
38056	28	168	969	0
101386	28	5163	969	0
71886	28	1265	969	0
70004	28	2686	969	0
14233	28	621	969	0
151558	28	525	969	0
14797	28	69	969	0
117285	28	91364	969	0
86815	28	23816	969	0
109394	28	892	969	0
75885	28	28	969	0
153416	28	23816	969	0
32357	28	1382	969	0
56004	28	369	969	0
33522	28	1331	969	0
28469	28	920	969	0
33447	28	220	969	0
112842	28	353	969	0
103864	28	969	969	0
178868	28	28	969	0
30288	28	165	969	0
92729	28	2945	969	0
8196	28	7708	969	0
140653	28	1324	969	0
66492	28	909	969	0
24884	28	8318	969	0
64410	28	4998	969	0
14019	28	123	969	0
128227	28	7308	969	0
50816	28	2165	969	0
53268	28	131	969	0
179006	28	842	969	0
19938	28	67	969	0
68743	28	78260	969	0
125566	28	1728	969	0
125197	28	1294	969	0
66001	28	79	969	0
17472	28	539	969	0
60081	28	1177	969	0
22540	28	529	969	0
24705	28	7746	969	0
84489	28	1371	969	0
53700	28	49	969	0
7821	28	1402	969	0
179138	28	1794	969	0
57478	28	1172	969	0
133988	28	4340	969	0
101520	28	2371	969	0
105446	28	7837	969	0
92069	28	1167	969	0
61535	28	1917	969	0
93490	28	31726	969	0
47135	28	171	969	0
127537	28	957	969	0
128847	28	2554	969	0
123609	28	19553	969	0
66556	28	319	969	0
85285	28	3475	969	0
117462	28	108313	969	0
130627	28	1345	969	0
80694	28	1525	969	0
78108	28	774	969	0
88747	28	752	969	0
93793	28	1030	969	0
50496	28	130583	969	0
57308	28	3318	969	0
84063	28	2923	969	0
74699	28	2469	969	0
57463	28	1053	969	0
130636	28	3165	969	0
99452	28	57	969	0
88262	28	1067	969	0
108422	28	2096	969	0
10160	28	582	969	0
63784	28	869	969	0
153760	28	23816	969	0
90872	28	1058	969	0
110695	28	1053	969	0
15507	28	1553	969	0
58897	28	962	969	0
14115	28	28673	969	0
34156	28	23	969	0
39689	28	156	969	0
94646	28	1722	969	0
82139	28	14207	969	0
21503	28	1553	969	0
64074	28	17207	969	0
11236	28	160	969	0
31623	28	379	969	0
87065	28	6571	969	0
28841	28	428	969	0
66172	28	4512	969	0
79996	28	168	969	0
77312	28	535	969	0
81184	28	9970	969	0
100989	28	2189	969	0
30290	28	406	969	0
68213	28	2174	969	0
33042	28	5275	969	0
24696	28	2445	969	0
41807	28	23	969	0
179881	28	436	969	0
51843	28	2103	969	0
13779	28	1139	969	0
34023	28	10552	969	0
68661	28	1061	969	0
123000	28	3679	969	0
26102	28	2241	969	0
116046	28	2041	969	0
16808	28	238	969	0
19354	28	1006	969	0
67722	28	1611	969	0
50100	28	295	969	0
6775	28	275	969	0
19679	28	253	969	0
71087	28	1286	969	0
41650	28	38724	969	0
14784	28	527	969	0
122765	28	9577	969	0
16175	28	627	969	0
22372	28	254	969	0
69741	28	455	969	0
63760	28	423	969	0
111362	28	1776	969	0
48110	28	909	969	0
84003	28	7746	969	0
95311	28	79	969	0
146207	28	7746	969	0
30092	28	8173	969	0
19270	28	455	969	0
124263	28	5115	969	0
59527	28	1276	969	0
50477	28	814	969	0
15347	28	49306	969	0
41165	28	819	969	0
87332	28	985	969	0
18935	28	452	969	0
95114	28	202	969	0
152318	16	3813	969	0
14830	28	1077	969	0
102134	28	486	969	0
110953	28	808	969	0
38395	28	699	969	0
9516	28	1474	969	0
15918	28	796	969	0
91826	28	1050	969	0
89861	28	1573	969	0
44696	28	1705	969	0
98267	28	2512	969	0
105729	28	2208	969	0
63319	28	548	969	0
39325	28	2512	969	0
75263	28	131	969	0
106642	28	692	969	0
26679	28	31	969	0
22905	28	1695	969	0
24658	28	2663	969	0
21600	28	2666	969	0
64407	28	6569	969	0
42892	28	740	969	0
18407	28	1019	969	0
80837	28	2241	969	0
48556	28	1751	969	0
22027	28	16	969	0
96701	28	998	969	0
86656	28	219	969	0
96643	28	50369	969	0
10576	28	56	969	0
18180	28	13912	969	0
115963	28	2948	969	0
83105	28	76	969	0
79053	28	774	969	0
180738	28	5275	969	0
64503	28	1632	969	0
47031	28	1147	969	0
130016	28	1351	969	0
75018	28	1568	969	0
51790	28	1598	969	0
92032	28	605	969	0
25275	28	971	969	0
63448	28	789	969	0
95272	28	614	969	0
19242	28	623	969	0
10730	28	1905	969	0
13337	28	3304	969	0
22650	28	1827	969	0
129826	28	1873	969	0
19579	28	446	969	0
25562	28	217	969	0
83622	28	269	969	0
93117	28	7530	969	0
124011	28	1634	969	0
15106	28	155	969	0
77867	28	215	969	0
154285	28	43	969	0
48124	28	14207	969	0
111245	28	2558	969	0
154297	28	110	969	0
19476	28	2263	969	0
31045	28	292	969	0
75744	28	319	969	0
14305	28	175	969	0
32648	28	1005	969	0
13398	28	6413	969	0
96920	28	1052	969	0
21837	28	459	969	0
92743	28	616	969	0
60044	23	4338	969	0
102408	28	1529	969	0
5099	28	2079	969	0
89254	28	343	969	0
127670	28	1047	969	0
130844	28	103	969	0
44614	28	623	969	0
111701	28	28031	969	0
100989	28	184	969	0
12587	28	91	969	0
37155	28	2982	969	0
139438	28	749	969	0
111362	28	15272	969	0
131850	28	4631	969	0
18539	28	872	969	0
38586	28	1897	969	0
20448	28	3071	969	0
34361	28	1526	969	0
154398	8	82682	969	0
17032	28	49	969	0
32978	28	917	969	0
24172	28	2108	969	0
110089	28	1002	969	0
35806	28	38	969	0
181388	28	1288	969	0
90831	28	3702	969	0
20669	28	43	969	0
120789	28	282	969	0
72181	28	1375	969	0
102855	28	2697	969	0
38598	28	132	969	0
91050	28	1420	969	0
94852	28	3542	969	0
95428	28	1811	969	0
80169	28	65	969	0
32715	28	73	969	0
80792	28	2436	969	0
16276	28	1129	969	0
126719	28	828	969	0
75662	28	1345	969	0
44524	28	1572	969	0
23192	28	83	969	0
120344	28	615	969	0
94353	28	698	969	0
51857	28	5275	969	0
19365	28	787	969	0
73970	28	1319	969	0
36864	28	1720	969	0
74255	28	4234	969	0
40125	28	660	969	0
74193	28	573	969	0
119070	28	3230	969	0
93448	28	16	969	0
27528	28	95	969	0
154506	28	501	969	0
74876	28	843	969	0
8571	28	1077	969	0
29974	28	1118	969	0
69672	28	422	969	0
7867	28	155	969	0
62392	28	91	969	0
107961	28	1101	969	0
68975	28	3449	969	0
79935	28	5584	969	0
70137	28	43	969	0
31082	28	242	969	0
77429	28	957	969	0
24400	28	514	969	0
130819	28	537	969	0
73493	28	586	969	0
60887	28	282	969	0
110047	28	91	969	0
66653	28	1694	969	0
76429	28	4255	969	0
98159	28	1988	969	0
75515	28	3132	969	0
14252	28	798	969	0
8171	28	153	969	0
13468	28	2481	969	0
86760	28	1135	969	0
118421	28	386	969	0
29429	28	153	969	0
64577	28	1988	969	0
28432	28	1047	969	0
67329	28	6113	969	0
125145	28	890	969	0
154643	28	1090	969	0
52527	28	58078	969	0
136491	28	1117	969	0
56439	28	1368	969	0
127525	28	839	969	0
75074	28	1500	969	0
59388	28	1597	969	0
104562	28	41571	969	0
29988	28	1545	969	0
9812	28	553	969	0
89296	28	2079	969	0
48124	28	2291	969	0
28403	28	694	969	0
51906	28	135	969	0
30552	28	1123	969	0
129056	28	327	969	0
44564	28	353	969	0
107388	28	553	969	0
47596	28	785	969	0
51352	28	1182	969	0
26680	28	22191	969	0
78607	28	174	969	0
55898	28	948	969	0
148532	28	1300	969	0
69723	28	618	969	0
40483	28	15272	969	0
20542	28	65	969	0
68661	28	3364	969	0
125077	28	1006	969	0
86760	28	924	969	0
20794	28	1684	969	0
44007	28	8790	969	0
104720	28	347	969	0
82140	28	1293	969	0
60175	28	907	969	0
120718	28	616	969	0
68633	28	816	969	0
78919	28	272	969	0
17762	28	829	969	0
53504	28	214	969	0
127917	28	10204	969	0
88699	28	5275	969	0
124679	28	38502	969	0
57952	28	122	969	0
56034	28	1553	969	0
65844	28	1365	969	0
30630	28	421	969	0
19477	28	126	969	0
74924	28	785	969	0
35744	28	4386	969	0
65344	28	8866	969	0
130298	28	25626	969	0
81991	28	2692	969	0
44395	28	66	969	0
110870	28	169	969	0
95846	28	598	969	0
88584	28	2050	969	0
93524	28	2227	969	0
62021	28	1795	969	0
376	27	43310	969	0
60404	28	2692	969	0
41974	28	328	969	0
82633	28	309	969	0
61091	28	1208	969	0
15377	28	8790	969	0
154590	28	409	969	0
109157	28	408	969	0
40530	28	1776	969	0
45775	28	2347	969	0
11853	28	2088	969	0
109469	28	1759	969	0
75165	28	394	969	0
61421	28	262	969	0
61016	28	4373	969	0
85552	28	2532	969	0
59943	28	348	969	0
75492	28	1382	969	0
85868	28	1488	969	0
80427	28	2490	969	0
12101	28	626	969	0
28033	28	1956	969	0
82642	28	1025	969	0
78636	28	1324	969	0
59489	28	146	969	0
183029	28	1610	969	0
129327	28	14850	969	0
16935	28	272	969	0
55526	28	1066	969	0
129527	28	3431	969	0
95853	28	893	969	0
12603	28	101	969	0
152780	28	1207	969	0
127597	28	14850	969	0
120565	28	920	969	0
86524	28	4852	969	0
43331	28	82	969	0
28773	28	4386	969	0
24557	28	1063	969	0
7828	28	2564	969	0
104945	28	1030	969	0
28786	28	2240	969	0
19359	28	1703	969	0
51924	28	924	969	0
91805	28	2131	969	0
69062	28	153	969	0
34194	28	1501	969	0
60458	28	577	969	0
40041	28	210	969	0
128411	28	1590	969	0
11382	28	901	969	0
18766	28	7746	969	0
15094	28	618	969	0
77645	28	871	969	0
110869	28	10552	969	0
15623	28	948	969	0
44032	28	437	969	0
130991	28	3995	969	0
88780	28	1543	969	0
45788	28	961	969	0
109982	28	1529	969	0
57872	28	643	969	0
37815	28	77	969	0
111358	28	4386	969	0
38430	28	1379	969	0
53528	28	162	969	0
139452	28	330	969	0
21160	28	4513	969	0
108959	28	657	969	0
36114	28	1276	969	0
78436	28	532	969	0
13649	28	152	969	0
28446	28	4472	969	0
123266	28	191	969	0
88924	28	1403	969	0
111045	28	35809	969	0
72219	28	642	969	0
23075	28	203	969	0
16397	28	353	969	0
72930	28	58	969	0
20357	28	82019	969	0
14236	28	993	969	0
61110	28	330	969	0
122720	28	3993	969	0
97822	28	371	969	0
107650	28	661	969	0
98303	28	4497	969	0
118338	28	926	969	0
11411	28	907	969	0
75612	28	1500	969	0
55964	28	1011	969	0
17805	28	643	969	0
20934	28	2096	969	0
25949	28	465	969	0
9187	28	571	969	0
110665	28	153	969	0
23481	28	15862	969	0
93744	28	34	969	0
56217	28	2131	969	0
76392	28	14207	969	0
23455	28	660	969	0
22305	28	73	969	0
7097	28	708	969	0
10640	28	602	969	0
57589	28	2733	969	0
11272	28	178	969	0
70547	28	4748	969	0
110981	28	485	969	0
79850	28	4018	969	0
15377	28	118	969	0
16752	28	2346	969	0
20425	28	608	969	0
47763	28	4255	969	0
9761	28	272	969	0
76056	28	4329	969	0
56567	28	1024	969	0
41927	28	14850	969	0
59610	28	972	969	0
88035	28	132	969	0
52737	28	141	969	0
78267	28	2280	969	0
77706	28	4255	969	0
31958	28	2720	969	0
9103	28	791	969	0
115939	28	975	969	0
12856	28	1327	969	0
82645	28	899	969	0
11957	28	814	969	0
31815	28	1454	969	0
51168	28	2877	969	0
10538	28	465	969	0
113724	28	288	969	0
49126	28	1011	969	0
16231	28	38	969	0
95723	28	882	969	0
40323	28	2693	969	0
13760	28	31	969	0
40535	28	99	969	0
7143	28	1705	969	0
98415	28	191	969	0
37448	28	1634	969	0
88606	28	1871	969	0
96891	28	145	969	0
51799	28	467	969	0
107801	28	319	969	0
58083	28	4947	969	0
20088	28	174	969	0
31940	28	351	969	0
81481	28	1709	969	0
34650	28	68	969	0
77060	28	2923	969	0
28282	28	1023	969	0
58917	28	175	969	0
23107	28	135	969	0
59606	28	146	969	0
12698	28	2478	969	0
34372	28	2235	969	0
8644	28	1237	969	0
11524	28	760	969	0
128597	28	162	969	0
25940	28	469	969	0
109651	28	509	969	0
13939	28	2308	969	0
19602	28	351	969	0
59814	28	2980	969	0
11052	28	791	969	0
62535	28	3845	969	0
6794	28	524	969	0
59640	28	556	969	0
22496	28	2685	969	0
63578	28	577	969	0
86086	28	366	969	0
101035	28	44	969	0
22907	28	598	969	0
65527	28	1755	969	0
58605	28	118	969	0
150089	28	1083	969	0
106881	28	2724	969	0
19680	28	1475	969	0
131032	28	1700	969	0
78776	28	445	969	0
60204	28	2668	969	0
15932	28	175	969	0
124987	28	1592	969	0
23085	28	1359	969	0
23903	28	98	969	0
155264	28	145	969	0
73368	28	581	969	0
54862	28	58	969	0
184983	28	1423	969	0
67324	28	2096	969	0
13926	28	1908	969	0
14237	28	1543	969	0
41237	28	80	969	0
108018	28	2761	969	0
57758	28	24	969	0
93544	28	5553	969	0
103379	28	161	969	0
89333	28	720	969	0
35886	28	2687	969	0
23288	28	4841	969	0
41963	28	325	969	0
41237	28	152	969	0
96071	28	1559	969	0
22757	28	1726	969	0
109585	28	2083	969	0
116123	28	570	969	0
127768	28	1553	969	0
42903	28	2896	969	0
15722	28	3318	969	0
119917	28	2430	969	0
49042	28	1179	969	0
50576	28	309	969	0
25426	28	3317	969	0
42827	28	1778	969	0
79726	28	239	969	0
60376	28	1755	969	0
56137	28	1466	969	0
38215	28	1023	969	0
11590	28	871	969	0
70283	28	1334	969	0
34021	28	920	969	0
74551	28	69	969	0
30521	28	23816	969	0
105177	28	1617	969	0
37109	28	74	969	0
63566	28	1775	969	0
125643	28	4764	969	0
117925	28	3207	969	0
68670	28	58753	969	0
24536	28	1321	969	0
81595	28	1898	969	0
5731	23	16025	969	0
110328	28	3080	969	0
148432	28	1033	969	0
58900	28	431	969	0
31136	28	803	969	0
97889	28	4059	969	0
36829	28	1908	969	0
82793	28	1610	969	0
27286	28	2710	969	0
112085	28	3544	969	0
127427	28	15212	969	0
109622	28	205	969	0
101623	28	195	969	0
97758	28	509	969	0
59047	28	431	969	0
37560	28	234	969	0
35845	28	1641	969	0
15974	28	542	969	0
84885	28	1408	969	0
42210	28	1897	969	0
54983	28	1131	969	0
131032	28	1937	969	0
106222	8	25210	969	0
104722	28	210	969	0
98107	28	1728	969	0
93486	28	2170	969	0
99390	28	78	969	0
33353	28	2895	969	0
8847	28	519	969	0
24928	28	1932	969	0
26037	28	171	969	0
115065	28	4260	969	0
111450	28	15272	969	0
98666	28	1160	969	0
40259	28	1544	969	0
102865	28	217	969	0
134050	28	421	969	0
55683	28	590	969	0
55372	28	598	969	0
36270	28	2980	969	0
17256	28	2086	969	0
9104	28	42	969	0
73752	28	789	969	0
67294	28	427	969	0
71569	28	2177	969	0
51017	28	1073	969	0
154684	28	2597	969	0
65663	28	1290	969	0
79756	28	1528	969	0
109157	28	556	969	0
108264	28	5412	969	0
60863	28	446	969	0
18174	28	1085	969	0
55155	28	494	969	0
24701	28	1211	969	0
126162	28	1320	969	0
21604	28	2983	969	0
102797	28	753	969	0
15475	28	423	969	0
85708	28	961	969	0
37252	28	224	969	0
5996	28	56	969	0
79555	28	4340	969	0
125107	28	5115	969	0
44360	28	43117	969	0
51447	28	3318	969	0
20732	28	919	969	0
62354	28	427	969	0
27970	28	1644	969	0
21037	28	1342	969	0
15989	28	792	969	0
65298	28	2593	969	0
46793	28	1127	969	0
78471	28	292	969	0
85173	28	1562	969	0
16042	28	153	969	0
74264	28	743	969	0
14730	28	1742	969	0
48554	28	1195	969	0
97660	28	310	969	0
20946	28	925	969	0
64865	28	1542	969	0
9313	28	4180	969	0
44122	28	903	969	0
27408	28	10204	969	0
105462	28	1012	969	0
91468	28	4990	969	0
97138	28	923	969	0
110044	28	1466	969	0
130920	28	1776	969	0
18116	28	474	969	0
73622	28	1541	969	0
54675	28	577	969	0
57599	14	47607	969	0
69674	28	679	969	0
52267	28	26755	969	0
34345	28	1887	969	0
89293	28	39	969	0
186574	28	2291	969	0
152326	28	821	969	0
80128	28	4018	969	0
58424	28	4764	969	0
148687	28	330	969	0
131039	28	1314	969	0
89002	28	1010	969	0
5926	28	48	969	0
76981	8	30586	969	0
32767	28	111	969	0
31845	28	222	969	0
60683	28	99	969	0
76087	28	726	969	0
28556	28	23816	969	0
106406	28	1699	969	0
114522	28	920	969	0
103121	28	13762	969	0
7867	28	50	969	0
88666	28	578	969	0
16367	28	7308	969	0
81330	28	1007	969	0
71435	28	814	969	0
108254	28	1290	969	0
65972	28	120	969	0
151936	28	1182	969	0
21812	28	577	969	0
87799	28	2240	969	0
110083	28	949	969	0
51748	28	923	969	0
86333	28	459	969	0
78618	28	1654	969	0
38393	28	2761	969	0
16831	28	57	969	0
95525	28	366	969	0
33870	28	57	969	0
70744	28	1407	969	0
28720	28	4047	969	0
26081	28	899	969	0
70343	28	274	969	0
51544	28	360	969	0
51526	28	1442	969	0
46539	28	12418	969	0
28989	28	95	969	0
17581	28	56	969	0
55358	28	179	969	0
105035	28	166	969	0
67311	28	2478	969	0
18396	28	176	969	0
36896	28	87	969	0
19017	28	1420	969	0
122371	28	10710	969	0
103602	28	14850	969	0
47775	28	4373	969	0
94673	28	3896	969	0
139210	28	746	969	0
87966	28	511	969	0
52921	28	522	969	0
48886	28	175	969	0
84903	28	1710	969	0
120247	28	1199	969	0
187333	28	1290	969	0
120054	28	2710	969	0
35881	28	941	969	0
58225	28	1008	969	0
64056	28	3184	969	0
107027	28	741	969	0
38782	28	842	969	0
24657	28	3714	969	0
8423	28	317	969	0
130915	28	673	969	0
155425	28	1180	969	0
8845	28	394	969	0
80150	28	589	969	0
105446	28	969	969	0
28088	28	2079	969	0
22937	28	2512	969	0
59512	28	2663	969	0
8290	28	1085	969	0
84537	28	1151	969	0
58155	28	79	969	0
9659	28	752	969	0
94456	28	616	969	0
67682	28	14207	969	0
129322	28	143	969	0
34605	28	2561	969	0
54949	28	152	969	0
42324	28	46	969	0
33315	28	330	969	0
99444	28	726	969	0
187595	28	280	969	0
17092	28	152	969	0
27693	28	2315	969	0
70109	28	2376	969	0
130920	28	15272	969	0
111449	28	432	969	0
55323	28	345	969	0
16375	28	126	969	0
100004	28	4577	969	0
114509	28	2829	969	0
97836	28	5584	969	0
14554	28	1151	969	0
79978	28	143	969	0
23291	28	433	969	0
68975	28	1196	969	0
51722	28	1776	969	0
60369	28	255	969	0
70807	28	1300	969	0
26417	28	180	969	0
50861	28	791	969	0
84912	28	370	969	0
20403	28	916	969	0
66640	28	34289	969	0
53810	28	618	969	0
15735	28	383	969	0
37783	28	1006	969	0
44374	28	2914	969	0
29228	28	3076	969	0
53204	28	351	969	0
41951	28	743	969	0
103085	28	1442	969	969
119604	28	275	969	969
162155	28	146	969	969
116553	28	41	969	969
112142	28	198	969	969
117953	28	527	969	969
171263	28	221	969	969
128411	28	431	969	969
141018	28	30	969	969
93448	28	20	969	969
135485	28	467	969	969
80851	28	52	969	969
8171	28	969	969	969
95096	28	178	969	969
142065	28	56	969	969
95649	28	1129	969	969
96028	28	280	969	969
154432	28	587	969	969
97758	28	593	970	0
71049	28	582	970	0
140557	28	71	970	0
