93499	28	4205	962	966
33798	28	175	962	966
76748	28	431	962	966
59294	28	53121	962	966
27820	28	228	962	966
24027	28	1050	962	966
23227	28	43	962	966
81946	28	2649	962	966
17246	28	1144	962	966
57615	28	2394	962	966
36648	28	99	962	966
63721	28	395	962	966
74448	28	956	962	966
59893	28	533	962	966
21785	28	216	962	966
46314	28	286	962	966
13698	28	241	962	966
28626	28	555	962	966
57865	28	224	962	966
37354	28	419	962	966
13063	28	703	962	966
59776	28	924	962	966
55132	28	1777	962	966
92759	28	571	962	966
50529	28	1138	962	966
81597	28	2280	962	966
60086	28	1987	962	966
48057	28	185	962	966
60385	28	1783	962	966
37844	28	864	962	966
115439	28	76	962	966
10088	28	51	962	966
41509	28	769	962	966
7208	28	752	962	966
12882	28	256	962	966
12505	28	586	962	966
88659	28	2011	962	966
65876	28	242	962	966
43039	28	431	962	966
18102	28	435	962	966
108394	28	1390	962	966
81229	28	1816	962	966
75414	28	1234	962	966
20986	28	653	962	966
11196	28	572	962	966
42836	28	564	962	966
16300	28	34	962	966
78599	28	1492	962	966
64848	28	378	962	966
26885	28	103	962	966
27511	28	58	962	966
82332	28	3985	962	966
33159	28	255	962	966
12704	28	69	962	966
7045	28	30	962	966
18554	28	637	962	966
35442	28	118	962	966
42388	28	1144	962	966
120618	28	1610	962	966
16490	28	112	962	966
12298	28	16	962	966
8290	28	256	962	966
99446	28	1148	962	966
12809	28	489	962	966
40858	28	5052	962	966
15595	28	42	962	966
36980	28	1136	962	966
18572	28	241	962	966
88397	28	123	962	966
15189	28	188	962	966
53938	28	692	962	966
152596	23	86133	962	966
33608	28	481	962	966
13524	28	717	962	966
18250	28	531	962	966
129127	28	1650	962	966
28604	28	1124	962	966
12470	28	592	962	966
121574	28	145	962	966
23020	28	298	962	966
42118	28	1199	962	966
68042	28	303	962	966
9855	28	145	962	966
13571	28	252	962	966
13998	28	77	962	966
27783	28	184	962	966
80901	28	1543	962	966
42099	28	2968	962	966
8472	28	572	962	966
25175	28	498	962	966
14165	28	268	962	966
13142	28	616	962	966
127933	28	2011	962	966
21494	28	129	962	966
36220	28	222	962	966
20759	28	1785	962	966
105712	28	156	962	966
21535	28	959	962	966
24579	28	77	962	966
13827	28	582	962	966
65280	28	415	962	966
38485	28	1280	962	966
90044	28	254	962	966
38886	28	456	962	966
27356	28	1124	962	966
29807	28	1551	962	966
31598	28	334	962	966
71067	28	1779	962	966
58945	28	1320	962	966
31626	28	572	962	966
14479	28	394	962	966
14255	28	240	962	966
14352	28	191	962	966
119096	28	2423	962	966
56919	28	1083	962	966
130714	23	90402	962	966
90402	23	130714	962	966
15684	28	43	962	966
34745	28	803	962	966
9346	28	214	962	966
76715	28	825	962	966
14478	28	525	962	966
51342	28	493	962	966
19498	28	1171	962	966
8044	28	55	962	966
62779	28	139	962	966
51008	28	185	962	966
17646	28	253	962	966
41758	28	205	962	966
31924	28	572	962	966
28362	28	154	962	966
70092	28	2577	962	966
97708	28	370	962	966
37438	28	381	962	966
39859	28	106	962	966
181454	28	369	962	966
27210	28	463	962	966
12531	28	586	962	966
54544	28	162	962	966
33481	28	106	962	966
44418	28	1242	962	966
16676	28	170	962	966
20115	28	1847	962	966
29066	28	508	962	966
25752	28	381	962	966
8454	28	554	962	966
24571	28	1691	962	966
113427	28	759	962	966
19923	28	48	962	966
11926	28	98	962	966
108635	28	353	962	966
47619	28	1091	962	966
39812	28	2276	962	966
12430	28	74	962	966
73092	28	52	962	966
95029	28	1492	962	966
27812	28	717	962	966
41516	28	1335	962	966
101383	28	550	962	966
51305	28	2216	962	966
11599	28	527	962	966
27649	28	245	962	966
83869	28	959	962	966
7398	28	178	962	966
18611	28	377	962	966
36468	28	603	962	966
32256	28	71	962	966
60137	28	304	962	966
35208	28	1012	962	966
35513	28	181	962	966
24830	28	1075	962	966
15680	28	436	962	966
39240	28	983	962	966
64583	28	105	962	966
24743	28	140	962	966
17712	28	112	962	966
35223	28	381	962	966
68975	28	695	962	966
21608	28	110	962	966
34551	28	185	962	966
103676	28	4757	962	966
110050	28	147	962	966
34143	28	198	962	966
21834	28	266	962	966
86459	28	238	962	966
27317	28	30	962	966
15901	28	513	962	966
19963	28	681	962	966
14454	28	188	962	966
34463	28	179	962	966
16915	28	165	962	966
53122	28	471	962	966
17891	28	185	962	966
24037	28	1861	962	966
11062	28	65664	962	966
23417	28	1309	962	966
28530	28	211	962	966
76036	28	1317	962	966
56824	28	295	962	966
67751	28	2153	962	966
14865	28	42	962	966
105754	28	133	962	966
31208	28	542	962	966
13926	28	653	962	966
59569	28	2126	962	966
62737	28	4264	962	966
59297	28	1342	962	966
12347	28	222	962	966
20326	28	20	962	966
55421	28	417	962	966
34503	28	224	962	966
63323	28	1101	962	966
17448	28	840	962	966
112091	28	2159	962	966
36161	28	878	962	966
21176	28	110	962	966
41215	28	627	962	966
82077	28	1258	962	966
70275	28	760	962	966
30172	28	291	962	966
28403	28	1345	962	966
15904	28	141	962	966
51461	28	518	962	966
15476	28	24	962	966
15725	28	390	962	966
55341	28	63	962	966
16131	28	573	962	966
7338	28	110	962	966
30748	28	280	962	966
15377	28	52	962	966
34652	28	184	962	966
27183	28	875	962	966
95915	28	784	962	967
52216	28	1633	962	967
39088	28	582	962	967
112615	28	524	962	967
25433	28	752	962	967
29687	28	799	962	967
29926	28	1186	962	967
61364	28	80	962	967
132464	28	392	962	967
22895	28	2274	962	967
72823	28	2346	962	967
35276	28	574	962	967
12912	28	431	962	967
13734	28	112	962	967
63931	28	598	962	967
14227	28	619	962	967
41041	28	131	962	967
46970	28	345	962	967
48214	28	979	962	967
10503	28	1122	962	967
84757	28	1055	962	967
12361	28	102	962	967
74647	28	1753	962	967
86493	28	628	962	967
64731	28	463	962	967
55840	28	286	962	967
30493	28	403	962	967
17390	28	71	962	967
19598	28	368	962	967
48940	28	1170	962	967
49054	28	568	962	967
73047	28	4003	962	967
53810	28	1324	962	967
40422	28	1665	962	967
22583	28	222	962	967
42843	28	63	962	967
136463	28	114	962	967
16059	28	603	962	967
17048	28	1446	962	967
43212	28	910	962	967
21749	28	83	962	967
45160	28	787	962	967
72666	28	463	962	967
34188	28	1664	962	967
22473	28	991	962	967
19725	28	216	962	967
72435	28	345	962	967
46800	28	419	962	967
33839	28	260	962	967
35398	28	282	962	967
84883	28	961	962	967
101894	16	3128	962	967
25816	28	76	962	967
25430	28	2478	962	967
39215	28	92	962	967
17829	28	392	962	967
48110	28	607	962	967
17888	28	47	962	967
120054	28	310	962	967
65194	28	214	962	967
16894	28	910	962	967
35538	28	319	962	967
105847	28	330	962	967
21041	28	559	962	967
54163	28	1363	962	967
132515	28	8523	962	967
83433	28	1383	962	967
18165	28	731	962	967
34907	28	410	962	967
38085	28	1174	962	967
36297	28	41	962	967
26765	28	969	962	967
52736	28	3939	962	967
12129	28	2893	962	967
8626	28	1375	962	967
74449	28	1099	962	967
59489	28	699	962	967
40135	28	145	962	967
20203	28	76	962	967
165014	28	4643	962	967
18072	28	1523	962	967
46808	28	991	962	967
53382	28	255	962	967
48413	28	913	962	967
33965	28	598	962	967
6189	28	53	962	967
21152	28	390	962	967
49040	28	643	962	967
32386	28	2875	962	967
18408	28	598	962	967
113629	28	2768	962	967
61189	28	1075	962	967
34284	28	463	962	967
69575	28	461	962	967
43922	28	1545	962	967
52248	28	532	962	967
9687	28	40	962	967
59915	28	1649	962	967
28785	28	1160	962	967
30002	28	635	962	967
10863	28	906	962	967
106878	28	4180	962	967
92863	28	496	962	967
7023	28	410	962	967
16754	28	560	962	967
22027	28	98	962	967
14723	28	2145	962	967
9337	28	64	962	967
20940	28	2259	962	967
38168	28	391	962	967
102110	28	1180	962	967
17872	16	2833	962	967
62135	28	1144	962	967
3881	28	2876	962	967
59413	28	1309	962	967
124419	28	46284	962	967
14581	28	731	962	967
38887	28	328	962	967
51306	28	288	962	967
40782	28	2276	962	967
36272	28	1221	962	967
121127	28	3583	962	967
29209	28	972	962	967
61675	28	5459	962	967
124359	28	564	962	967
169911	28	2146	962	967
6816	28	1862	962	967
32252	28	286	962	967
89313	28	2100	962	967
5689	28	36	962	967
65786	28	198	962	967
26979	28	64	962	967
17294	28	46	962	967
81291	28	406	962	967
60164	28	383	962	967
30471	28	159	962	967
61867	28	1766	962	967
12181	28	71	962	967
15384	28	573	962	967
84180	28	181	962	967
11578	28	51	962	967
38444	28	489	962	967
20899	28	4689	962	967
59432	28	51	962	967
39792	28	156	962	967
37114	28	86	962	967
50852	28	518	962	967
24953	28	30	962	967
69736	28	1375	962	967
76994	28	628	962	967
25340	28	1056	962	967
17078	28	328	962	967
21743	28	408	962	967
24098	28	398	962	967
17941	28	277	962	967
36918	28	603	962	967
50348	28	19	962	967
11439	28	2929	962	967
56128	28	1117	962	967
41597	28	33	962	967
45368	28	752	962	967
35544	28	170	962	967
35985	28	390	962	967
35761	28	735	962	967
67526	28	1649	962	967
89862	28	1138	962	967
79679	28	832	962	967
127553	28	956	962	967
21592	28	152	962	967
28865	28	154	962	967
7180	28	4429	962	967
11171	28	145	962	967
9488	28	3574	962	967
93240	28	1053	962	967
67275	28	1613	962	967
59825	28	972	962	967
69267	28	574	962	967
30439	28	292	962	967
21604	28	109	962	967
22424	28	583	962	967
91066	28	40	962	967
44264	28	818	962	967
81762	28	449	962	967
66396	28	1840	962	967
21127	28	3269	962	967
20870	28	431	962	967
107656	28	1155	962	967
42307	28	842	962	967
61680	28	507	962	967
28765	28	162	962	967
103402	28	2563	962	967
38060	28	49	962	967
69602	28	2478	962	967
11217	28	42	962	967
14792	28	1056	962	967
10684	28	22	962	967
102240	28	1442	962	967
60153	28	1020	962	967
69672	28	469	962	967
38583	28	910	962	967
89212	28	6413	962	967
139760	28	179	962	967
89060	28	454	962	967
9057	28	29	962	967
79816	28	975	962	967
25382	28	16	962	967
60460	28	1178	962	967
23653	28	383	962	967
33112	28	17516	962	967
13936	28	1222	962	967
33258	28	723	962	967
92230	28	1056	962	967
33058	28	185	962	967
55612	28	199	962	967
18731	28	126	962	967
33654	28	430	962	967
31910	28	1796	962	967
44773	28	809	962	967
21054	28	214	962	967
49694	28	972	962	967
29426	28	310	962	967
11878	28	370	962	967
86183	28	592	962	967
28861	28	304	962	967
31941	28	931	962	967
106780	28	2528	962	967
27452	28	180	962	967
29938	28	50	962	967
31568	28	840	962	967
23762	28	199	962	967
28641	28	582	962	967
102173	28	410	962	967
31275	28	145	962	967
8116	28	33	962	967
62866	28	53	962	967
59963	28	228	962	967
64393	28	2257	962	967
33113	28	1094	962	967
21864	28	78	962	967
20035	28	180	962	967
33684	28	1081	962	967
59225	28	596	962	967
10827	28	22	962	967
22721	28	76	962	967
20706	28	136	962	967
40265	28	458	962	967
69527	28	235	962	967
21065	28	379	962	967
20928	28	465	962	967
91989	28	647	962	967
66920	28	4051	962	967
88974	28	1171	962	967
61865	28	95763	962	967
143615	28	882	962	967
88337	28	255	962	967
7431	28	470	962	967
12378	28	245	962	967
14535	28	571	962	967
35308	28	158	962	967
107165	28	250	962	967
22521	28	432	962	967
36096	28	41	962	967
12840	28	141	962	967
28838	28	1048	962	967
27145	28	1917	962	967
12748	28	152	962	967
15790	28	245	962	967
140033	28	1542	962	967
30552	28	746	962	967
69754	28	811	962	967
49012	28	615	962	967
37220	28	99	962	967
65143	28	1288	962	967
38105	28	76	962	967
108377	28	9577	962	967
32875	28	626	962	967
83878	28	2389	962	967
41408	28	516	962	967
13711	28	387	962	967
54020	28	971	962	967
56678	28	630	962	967
51057	28	1828	962	967
55597	14	2460	962	967
30108	28	975	962	967
32015	28	102	962	967
18246	28	149	962	967
71067	28	696	962	967
82211	28	286	962	968
24746	28	635	962	968
61711	28	222	962	968
34652	28	753	962	968
72487	28	1292	962	968
63144	28	392	962	968
73090	28	614	962	968
85932	28	675	962	968
15525	28	1528	962	968
9822	28	12506	962	968
29170	28	406	962	968
17836	28	363	962	968
74106	28	3230	962	968
36942	28	152	962	968
8046	28	291	962	968
88196	28	154	962	968
25940	28	1897	962	968
12992	28	64	962	968
60577	28	1882	962	968
71729	28	995	962	968
53563	28	403	962	968
118204	28	612	962	968
35318	28	1335	962	968
161139	28	145	962	968
26078	28	126	962	968
88714	28	2280	962	968
41165	28	437	962	968
35932	28	2033	962	968
78803	28	2317	962	968
29538	28	36	962	968
26285	28	1345	962	968
11181	28	129	962	968
49443	28	380	962	968
8727	28	1920	962	968
123016	28	830	962	968
14789	28	1785	962	968
36864	28	489	962	968
38227	28	812	962	968
18905	28	123	962	968
27874	28	28	962	968
34981	28	114	962	968
32888	28	506	962	968
51545	28	260	962	968
101055	28	621	962	968
81043	28	2816	962	968
41005	28	1239	962	968
23192	28	292	962	968
104479	28	1181	962	968
57255	28	293	962	968
34034	28	2276	962	968
54199	16	45070	962	968
51093	28	3364	962	968
59221	28	489	962	968
12273	28	228	962	968
36740	28	423	962	968
26732	28	832	962	968
53805	28	159	962	968
38084	28	45	962	968
136176	28	1239	962	968
42968	28	41	962	968
15851	28	1734	962	968
7875	28	91	962	968
69398	28	429	962	968
44387	28	542	962	968
14942	28	80	962	968
51544	28	136	962	968
76232	28	1899	962	968
93579	28	2390	962	968
56137	28	1811	962	968
75505	28	491	962	968
59975	28	170	962	968
25401	28	1508	962	968
49377	28	616	962	968
56845	28	524	962	968
36953	28	228	962	968
73860	28	1731	962	968
9620	28	180	962	968
28469	28	383	962	968
17078	28	170	962	968
26927	28	161	962	968
64565	28	805	962	968
42019	28	860	962	968
15509	28	205	962	968
19150	28	1231	962	968
19529	28	715	962	968
14525	28	516	962	968
22368	28	1020	962	968
36314	28	73	962	968
90624	28	1395	962	968
82078	28	507	962	968
10311	28	909	962	968
151326	28	1662	962	968
23006	28	475	962	968
111478	28	289	962	968
129963	14	3170	962	968
99337	28	1468	962	968
17107	28	181	962	968
72088	28	273	962	968
34591	28	198	962	968
16861	28	117	962	968
108770	16	106494	962	968
70267	28	379	962	968
19399	28	681	962	968
55935	28	36916	962	968
125151	28	211	962	968
47053	28	574	962	968
71767	28	2165	962	968
76006	28	275	962	968
66176	28	702	962	968
11426	28	145	962	968
26926	28	437	962	968
46205	28	489	962	968
153988	16	8	962	968
28028	28	51	962	968
9828	28	106	962	968
11588	28	286	962	968
51722	28	814	962	968
154336	28	398	962	968
82888	28	1120	962	968
36834	28	857	962	968
93405	28	6452	962	968
21995	28	37	962	968
70217	28	498	962	968
25048	28	1034	962	968
17854	28	363	962	968
55072	28	515	962	968
29520	28	1107	962	968
27964	28	266	962	968
21585	28	674	962	968
36458	28	586	962	968
67622	28	524	962	968
21133	28	832	962	968
21153	28	746	962	968
45031	28	646	962	968
104667	28	303	962	968
31387	28	587	962	968
153988	16	9	962	968
20737	28	110	962	968
105886	28	1396	962	968
51820	28	1023	962	968
16753	28	1666	962	968
33639	28	959	962	968
12273	28	702	962	968
50942	28	1394	962	968
9918	28	30	962	969
48485	28	76	962	969
10124	28	140	962	969
40954	28	1159	962	969
48377	28	967	962	969
122689	28	2116	962	969
26448	28	18	962	969
32994	28	1552	962	969
51302	28	199	962	969
89333	28	458	962	969
27812	28	30	962	969
13072	28	5552	962	969
52070	28	1368	962	969
42935	23	111330	962	969
111330	23	42935	962	969
30808	28	380	962	969
96540	28	1340	962	969
125197	28	949	962	969
23584	28	105	962	969
40750	28	64	962	969
25026	28	708	962	969
30976	28	228	962	969
32182	28	524	962	969
37917	28	199	962	969
43162	28	755	962	969
21278	28	147	962	969
22863	28	159	962	969
44704	28	22	962	969
27867	28	19	962	969
60513	28	6621	963	0
8338	28	7634	963	0
16305	28	505	963	0
111949	28	233	963	0
131096	28	1012	963	0
51993	28	492	963	0
95833	28	5180	963	0
44803	28	1374	963	0
70512	28	574	963	0
82281	28	713	963	0
82296	28	21697	963	0
38747	28	1655	963	0
60639	28	3284	963	0
82337	28	1528	963	0
29003	28	1963	963	0
38849	28	9138	963	0
33486	28	437	963	0
70690	28	24889	963	0
21790	28	5202	963	0
5915	28	65	963	0
38902	28	1642	963	0
52232	28	866	963	0
14365	28	3105	963	0
24954	28	3345	963	0
38949	28	10190	963	0
112221	28	45076	963	0
14320	28	2575	963	0
38979	28	2135	963	0
16481	28	1022	963	0
5209	28	1505	963	0
39016	28	4244	963	0
14419	28	3106	963	0
60926	14	33634	963	0
29203	28	397	963	0
45177	28	603	963	0
16531	28	1141	963	0
33654	28	3676	963	0
10242	28	18	963	0
14467	28	134	963	0
21985	28	2614	963	0
39147	28	1921	963	0
21998	28	470	963	0
14504	28	1092	963	0
7197	28	206	963	0
9184	28	120	963	0
14516	28	79	963	0
22027	28	73	963	0
11445	28	3282	963	0
9263	28	821	963	0
45348	28	131561	963	0
112514	28	2668	963	0
14568	28	2114	963	0
9279	28	554	963	0
14237	28	2059	963	0
61281	28	7224	963	0
82957	28	400	963	0
45331	28	412	963	0
52756	28	6726	963	0
61308	28	1260	963	0
61318	28	196	963	0
61338	28	3155	963	0
45480	28	1218	963	0
11534	28	217	963	0
71363	28	1162	963	0
29554	28	4268	963	0
29576	28	3872	963	0
19172	28	720	963	0
71490	28	1628	963	0
33607	28	145	963	0
25435	28	1457	963	0
52949	28	786	963	0
19224	28	2003	963	0
45679	28	1528	963	0
34140	28	1365	963	0
83232	28	1956	963	0
83243	28	565	963	0
45727	28	145	963	0
29689	28	259	963	0
12809	28	907	963	0
71597	28	416	963	0
71603	28	2893	963	0
45796	28	988	963	0
7835	28	6376	963	0
39666	28	67	963	0
29764	28	135	963	0
11654	28	412	963	0
39689	28	236	963	0
29781	28	1018	963	0
7845	28	2786	963	0
96901	28	1220	963	0
83442	28	25627	963	0
34325	28	2430	963	0
34332	28	6388	963	0
9437	28	917	963	0
11690	28	726	963	0
10467	28	2660	963	0
45929	28	11695	963	0
45930	28	1083	963	0
29882	28	3606	963	0
61869	28	447	963	0
22424	28	2093	963	0
14236	28	1075	963	0
29415	28	1308	963	0
71821	28	1980	963	0
29921	28	906	963	0
71893	28	1462	963	0
156249	14	34273	963	0
28928	28	4682	963	0
113201	28	702	963	0
34472	28	348	963	0
11748	14	3473	963	0
9140	28	91	963	0
97194	28	162	963	0
46113	28	4422	963	0
33927	28	1292	963	0
30027	28	282	963	0
13044	28	626	963	0
97244	28	927	963	0
19499	28	1214	963	0
83791	28	1216	963	0
72096	28	3172	963	0
34591	28	5243	963	0
62168	28	3345	963	0
83832	16	113384	963	0
14252	28	4157	963	0
72177	28	268	963	0
72181	28	8678	963	0
25979	28	872	963	0
11264	28	289	963	0
52816	28	998	963	0
26017	28	1085	963	0
11847	28	442	963	0
40135	28	254	963	0
33653	28	184	963	0
34072	28	145	963	0
132515	28	2694	963	0
9279	28	489	963	0
25101	28	881	963	0
8398	28	872	963	0
30248	28	872	963	0
84104	28	6452	963	0
7764	28	63	963	0
33825	28	1329	963	0
40251	28	5211	963	0
62488	28	3433	963	0
15078	28	714	963	0
62502	28	184	963	0
40147	28	152	963	0
46345	28	3524	963	0
62607	28	1995	963	0
53905	28	2003	963	0
46636	28	2916	963	0
34369	28	4720	963	0
53015	28	71	963	0
19331	28	337	963	0
97826	1	52321	963	0
45731	28	2526	963	0
18799	28	1035	963	0
97837	28	35020	963	0
17274	28	2150	963	0
54107	28	4037	963	0
8432	28	623	963	0
54114	28	1289	963	0
46775	28	54121	963	0
22919	28	9646	963	0
72736	28	2753	963	0
113987	28	1528	963	0
22926	28	454	963	0
40563	28	510	963	0
17309	28	3092	963	0
26374	28	1013	963	0
30522	28	852	963	0
72851	28	1559	963	0
19955	28	1375	963	0
46099	28	410	963	0
40030	28	1831	963	0
114144	28	1380	963	0
44992	28	2189	963	0
21620	28	3777	963	0
114164	28	2956	963	0
18794	28	1036	963	0
63069	28	282	963	0
63080	28	1898	963	0
35289	28	1331	963	0
60551	28	1270	963	0
98117	23	133169	963	0
10668	28	1147	963	0
11271	28	936	963	0
40914	28	511	963	0
98437	28	2105	963	0
9730	28	239	963	0
9738	28	405	963	0
63353	28	2526	963	0
40980	28	397	963	0
15359	28	1417	963	0
7276	28	597	963	0
26695	28	3277	963	0
114545	28	4458	963	0
35478	28	2753	963	0
23185	28	41	963	0
47303	28	348	963	0
11630	28	161	963	0
73387	28	1504	963	0
10763	28	1290	963	0
35508	28	3530	963	0
98602	28	1898	963	0
25050	28	836	963	0
41095	28	268	963	0
85257	28	565	963	0
23225	28	3016	963	0
6474	28	4515	963	0
85271	28	1132	963	0
17537	28	629	963	0
20252	28	227	963	0
30948	28	919	963	0
85322	28	1097	963	0
98761	28	6076	963	0
63630	28	47463	963	0
20130	28	346	963	0
73595	28	2837	963	0
7236	28	150	963	0
11387	28	1474	963	0
38673	28	1090	963	0
17605	28	2205	963	0
26866	28	635	963	0
47484	28	261	963	0
62600	28	526	963	0
23338	28	1431	963	0
25922	28	668	963	0
41288	28	247	963	0
63811	28	742	963	0
8708	28	2785	963	0
13638	28	1122	963	0
73860	28	808	963	0
99055	28	6529	963	0
95901	28	19092	963	0
47684	28	2526	963	0
7824	28	840	963	0
14376	28	499	963	0
73970	28	1684	963	0
16529	28	120	963	0
99183	28	4174	963	0
20089	28	632	963	0
34699	28	1139	963	0
46240	28	421	963	0
12262	28	5197	963	0
84646	28	8531	963	0
27053	28	360	963	0
12764	28	337	963	0
134001	28	526	963	0
115341	28	809	963	0
28980	28	126	963	0
25569	28	668	963	0
134035	28	2162	963	0
64158	28	1218	963	0
20009	28	333	963	0
7338	28	111	963	0
34404	28	3123	963	0
64224	28	7113	963	0
13790	28	319	963	0
4587	28	81	963	0
64280	28	11253	963	0
20574	28	313	963	0
71796	28	1839	963	0
48036	28	4726	963	0
10621	28	1120	963	0
40251	28	3193	963	0
113231	28	1314	963	0
55517	28	7791	963	0
9789	28	484	963	0
8042	28	280	963	0
41748	28	3469	963	0
19499	28	2288	963	0
74461	28	1576	963	0
17504	28	22	963	0
13241	28	3016	963	0
55658	28	1132	963	0
86329	28	12348	963	0
23653	28	2608	963	0
9484	28	716	963	0
48277	28	4605	963	0
41846	28	1112	963	0
20687	28	195	963	0
86459	28	5211	963	0
27366	28	2997	963	0
55769	28	690	963	0
48317	28	8115	963	0
86524	28	5211	963	0
83059	28	7898	963	0
64701	28	941	963	0
74724	28	19092	963	0
64703	28	4155	963	0
20723	28	251	963	0
7037	28	1170	963	0
15405	28	2442	963	0
31253	28	1754	963	0
23745	28	3690	963	0
9624	28	4525	963	0
6785	28	1744	963	0
10944	28	936	963	0
86639	28	809	963	0
72550	14	13870	963	0
8020	28	907	963	0
14963	28	1474	963	0
12393	28	158	963	0
13873	28	72	963	0
86663	28	2204	963	0
25468	28	4767	963	0
13421	28	280	963	0
85186	28	2467	963	0
74885	28	13881	963	0
15156	28	313	963	0
16845	28	1655	963	0
11384	28	7113	963	0
45471	28	662	963	0
19952	28	630	963	0
74947	28	1066	963	0
48528	28	282	963	0
72859	28	3425	963	0
72776	28	7898	963	0
34981	28	129	963	0
11445	28	609	963	0
27509	28	808	963	0
64959	28	1703	963	0
86183	28	2907	963	0
48579	28	3793	963	0
33913	28	992	963	0
64984	28	2289	963	0
99123	28	1277	963	0
134912	28	4458	963	0
23756	28	491	963	0
8231	28	1640	963	0
116305	28	3157	963	0
40643	28	2480	963	0
13913	28	180	963	0
48684	28	1107	963	0
63457	28	881	963	0
23592	28	267	963	0
56197	28	4696	963	0
10989	28	241	963	0
23484	28	1245	963	0
22218	28	2753	963	0
71349	28	3084	963	0
97470	28	578	963	0
116451	28	2189	963	0
5156	28	239	963	0
13929	28	2060	963	0
23889	28	259	963	0
10653	28	635	963	0
31835	28	2100	963	0
56314	28	3475	963	0
135209	28	1442	963	0
31516	28	896	963	0
35136	28	1531	963	0
27648	28	427	963	0
65278	28	1070	963	0
55738	28	3977	963	0
23585	28	65	963	0
17309	28	56352	963	0
20796	28	186	963	0
22341	28	3637	963	0
18794	28	1650	963	0
75440	28	1536	963	0
73927	28	19451	963	0
13616	28	1476	963	0
16308	28	901	963	0
63730	28	4809	963	0
18043	28	558	963	0
31937	28	347	963	0
45476	28	268	963	0
135415	28	17227	963	0
13358	28	629	963	0
48995	14	5000	963	0
12230	28	3469	963	0
27753	28	496	963	0
28945	28	323	963	0
12779	28	1006	963	0
12409	28	1410	963	0
44931	28	259	963	0
15217	28	478	963	0
3747	23	71196	963	0
42496	28	4563	963	0
65542	28	1945	963	0
10325	28	435	963	0
61819	28	1132	963	0
34304	28	15634	963	0
32015	28	836	963	0
36889	28	29086	963	0
14203	28	2895	963	0
75759	28	605	963	0
21649	28	1900	963	0
75786	28	722	963	0
65656	28	540	963	0
22962	28	459	963	0
15948	28	135	963	0
101183	28	1468	963	0
27853	28	2018	963	0
101200	28	3544	963	0
10715	28	139	963	0
40965	28	535	963	0
75932	28	2242	963	0
20141	28	347	963	0
25914	28	1151	963	0
65642	28	23269	963	0
29666	28	1074	963	0
65646	28	2373	963	0
10909	28	1022	963	0
24986	28	54	963	0
26851	28	1775	963	0
34624	28	3574	963	0
7485	28	893	963	0
34722	28	803	963	0
15981	28	25477	963	0
10345	28	2180	963	0
22862	28	112	963	0
13791	28	122	963	0
101408	28	409	963	0
49275	28	5469	963	0
76086	28	12982	963	0
87958	28	5765	963	0
26219	28	180	963	0
20844	28	573	963	0
22589	28	659	963	0
31799	28	2585	963	0
136034	28	24824	963	0
44778	28	184	963	0
34530	28	122	963	0
8214	28	91	963	0
65972	28	2082	963	0
56982	28	2876	963	0
7185	28	415	963	0
21120	28	995	963	0
17302	28	89	963	0
49009	28	2583	963	0
88127	28	57022	963	0
12264	28	1176	963	0
63144	28	1112	963	0
10001	28	811	963	0
74800	28	1944	963	0
57052	28	1359	963	0
27255	28	2050	963	0
54343	28	1036	963	0
76296	28	3059	963	0
52865	28	526	963	0
26893	28	523	963	0
12141	28	743	963	0
48069	28	1715	963	0
37155	28	1164	963	0
21168	28	1523	963	0
56934	28	273	963	0
13357	28	748	963	0
10843	28	405	963	0
14999	28	2534	963	0
27640	28	720	963	0
56640	28	2479	963	0
12516	28	1367	963	0
15238	28	261	963	0
42983	28	7268	963	0
74881	28	11633	963	0
6599	28	72	963	0
57230	28	8354	963	0
6358	28	1640	963	0
17674	28	899	963	0
41624	28	2859	963	0
28019	28	509	963	0
19751	28	1523	963	0
13444	28	694	963	0
14044	28	73	963	0
19066	28	478	963	0
25134	28	1773	963	0
5967	28	74	963	0
74894	28	924	963	0
102112	28	11500	963	0
48756	28	1519	963	0
102195	28	1345	963	0
25740	28	112	963	0
6182	28	559	963	0
43139	28	1570	963	0
16069	28	205	963	0
11271	28	864	963	0
52068	28	1024	963	0
66521	28	9334	963	0
85363	28	2142	963	0
19124	28	64	963	0
66542	28	4407	963	0
12748	28	371	963	0
76868	28	66560	963	0
98266	28	4048	963	0
24248	28	3553	963	0
8365	28	269	963	0
7655	28	1081	963	0
57075	14	25618	963	0
38805	28	1414	963	0
39463	28	4117	963	0
44932	28	422	963	0
8394	28	33477	963	0
12734	28	2203	963	0
136893	28	607	963	0
76969	28	303	963	0
11223	28	2575	963	0
14237	28	8354	963	0
3831	28	86	963	0
53689	28	33477	963	0
11363	28	2346	963	0
12890	28	120	963	0
10168	28	56	963	0
16529	28	311	963	0
66704	28	79	963	0
18842	28	821	963	0
6690	28	690	963	0
137005	28	565	963	0
118466	28	4581	963	0
45207	28	14446	963	0
159806	23	21825	963	0
29243	28	2255	963	0
12840	28	2392	963	0
63673	28	102670	963	0
18757	28	1009	963	0
21846	28	510	963	0
57674	28	2772	963	0
11241	28	195	963	0
77139	28	7267	963	0
70699	28	4308	963	0
87261	28	102749	963	0
14546	28	6726	963	0
22078	28	478	963	0
16640	28	671	963	0
74575	28	989	963	0
19036	28	681	963	0
118640	28	1672	963	0
13009	28	2895	963	0
25105	28	529	963	0
25109	28	1650	963	0
95861	28	233	963	0
61036	28	135	963	0
39142	28	850	963	0
21993	28	5444	963	0
22004	28	577	963	0
29319	28	462	963	0
7748	28	405	963	0
7201	28	7113	963	0
39215	28	1508	963	0
57753	28	2880	963	0
13068	28	14426	963	0
10374	28	72	963	0
22230	28	2686	963	0
63033	28	565	963	0
29256	28	942	963	0
29641	28	471	963	0
12871	28	682	963	0
77310	28	2152	963	0
13011	28	415	963	0
102957	28	1882	963	0
33979	28	840	963	0
40148	28	3425	963	0
55057	28	49583	963	0
7795	28	1077	963	0
16832	28	371	963	0
16837	28	310	963	0
45863	28	394	963	0
53169	28	1178	963	0
89454	28	14358	963	0
34127	28	2135	963	0
57878	28	2802	963	0
18695	28	276	963	0
112367	28	3080	963	0
14719	28	1034	963	0
53037	28	4823	963	0
9380	28	2984	963	0
71600	28	722	963	0
61604	28	170	963	0
45777	28	1260	963	0
89516	28	1512	963	0
53287	28	3690	963	0
87868	28	3824	963	0
83305	28	397	963	0
25789	28	1257	963	0
29951	28	1666	963	0
25193	28	694	963	0
16861	28	215	963	0
19492	28	145	963	0
14812	28	670	963	0
83079	28	1282	963	0
10469	28	1048	963	0
19424	28	178	963	0
21822	28	3172	963	0
67133	28	294	963	0
19537	28	3123	963	0
30108	28	2653	963	0
14972	28	1046	963	0
57980	28	1269	963	0
39193	28	1163	963	0
19627	28	281	963	0
46286	28	995	963	0
137715	28	2456	963	0
19500	28	3016	963	0
67172	28	6376	963	0
10427	28	1915	963	0
89744	28	357	963	0
58010	28	7224	963	0
13294	28	500	963	0
119393	28	496	963	0
67198	28	1306	963	0
45492	28	5757	963	0
67211	28	1552	963	0
13386	28	261	963	0
11568	28	250	963	0
28918	28	1122	963	0
26006	28	143	963	0
22651	28	47	963	0
67256	28	2532	963	0
17115	28	1423	963	0
43495	28	1666	963	0
46395	28	250	963	0
67275	28	8437	963	0
11938	28	4179	963	0
6021	28	1867	963	0
6411	28	32	963	0
29845	28	1727	963	0
10623	28	36	963	0
86694	28	4003	963	0
30375	28	614	963	0
9255	28	451	963	0
6679	28	3681	963	0
58101	28	4620	963	0
30394	28	1368	963	0
13142	28	1141	963	0
10592	28	757	963	0
6709	28	662	963	0
57210	28	2992	963	0
45957	28	1127	963	0
50224	28	416	963	0
61996	28	384	963	0
11923	28	2893	963	0
19783	28	24	963	0
72737	28	17469	963	0
160793	28	1504	963	0
65252	28	261	963	0
90003	28	14358	963	0
7415	28	526	963	0
43546	28	511	963	0
35136	28	2004	963	0
61255	28	2062	963	0
15223	28	811	963	0
22962	28	394	963	0
26206	28	5043	963	0
23017	28	263	963	0
64377	28	449	963	0
8429	28	24	963	0
5273	28	61	963	0
30681	28	1779	963	0
25758	28	2624	963	0
47031	28	1528	963	0
40294	28	1053	963	0
58225	28	1267	963	0
6820	28	6113	963	0
22520	28	9280	963	0
86663	28	3824	963	0
49781	28	1400	963	0
10638	28	550	963	0
72348	28	104023	963	0
138474	23	132369	963	0
24804	28	2205	963	0
60902	28	2660	963	0
13526	28	2548	963	0
19845	28	866	963	0
67496	28	3946	963	0
67500	28	595	963	0
49815	28	629	963	0
54573	28	43587	963	0
6844	28	142	963	0
39066	14	943	963	0
118640	28	399	963	0
90196	28	1595	963	0
63303	28	1136	963	0
98427	28	755	963	0
67535	28	421	963	0
50347	14	34273	963	0
25872	28	510	963	0
54624	28	2632	963	0
24854	28	2060	963	0
20061	28	2323	963	0
90244	28	1403	963	0
7436	28	27	963	0
97477	28	1196	963	0
14731	28	273	963	0
78205	28	3425	963	0
41072	28	4845	963	0
30759	28	397	963	0
20239	28	1917	963	0
47386	28	883	963	0
26767	28	2816	963	0
58338	28	6989	963	0
29023	28	808	963	0
47254	28	2475	963	0
20170	28	1871	963	0
76205	28	940	963	0
86106	28	536	963	0
23139	28	2418	963	0
90380	28	1120	963	0
90391	28	539	963	0
35507	28	484	963	0
17515	28	386	963	0
47536	28	2838	963	0
19128	28	73	963	0
75200	28	1831	963	0
12210	28	120	963	0
40669	28	2829	963	0
35738	28	348	963	0
45500	28	598	963	0
7476	28	61	963	0
5132	28	139	963	0
102235	28	744	963	0
5689	28	118	963	0
15433	28	981	963	0
78363	28	2423	963	0
78367	28	23269	963	0
5119	28	3230	963	0
39905	28	1642	963	0
84003	28	3155	963	0
19810	28	383	963	0
98415	28	2105	963	0
52527	28	4057	963	0
15540	28	881	963	0
19218	28	1413	963	0
78435	28	486	963	0
10841	28	628	963	0
12790	28	9814	963	0
120521	28	2551	963	0
19398	28	924	963	0
4360	28	69	963	0
11654	28	450	963	0
66704	28	10786	963	0
14952	28	150	963	0
12862	28	1778	963	0
9202	28	706	963	0
58492	28	864	963	0
67829	28	2388	963	0
134005	28	894	963	0
50497	28	713	963	0
20532	28	720	963	0
9836	28	1755	963	0
11486	28	2196	963	0
31186	28	32	963	0
41453	28	1304	963	0
78557	28	7898	963	0
13095	28	548	963	0
30428	28	3165	963	0
90658	28	37803	963	0
84344	28	2526	963	0
23576	28	12310	963	0
64930	28	1163	963	0
9862	28	780	963	0
29871	28	936	963	0
23523	28	467	963	0
30972	28	265	963	0
15639	28	8449	963	0
39370	28	2075	963	0
6722	28	648	963	0
89615	28	6783	963	0
43736	28	2807	963	0
64195	28	3277	963	0
104882	28	614	963	0
27207	28	282	963	0
17801	28	3299	963	0
64367	28	133	963	0
104590	28	1404	963	0
12202	28	5246	963	0
64402	28	319	963	0
52257	28	1028	963	0
10808	28	391	963	0
72601	28	103	963	0
5300	28	871	963	0
66437	28	1760	963	0
48351	28	53	963	0
68033	28	2583	963	0
17605	28	459	963	0
55812	28	1162	963	0
60590	28	236	963	0
54737	28	835	963	0
63682	28	19092	963	0
98915	28	930	963	0
62339	28	3168	963	0
66704	28	2697	963	0
11724	28	360	963	0
86454	28	1260	963	0
17090	28	63	963	0
19864	28	2977	963	0
75388	28	2105	963	0
15528	28	570	963	0
55024	28	1360	963	0
121228	28	2336	963	0
75424	28	2802	963	0
12259	28	17890	963	0
88766	28	12027	963	0
23730	28	2614	963	0
65768	28	2261	963	0
58049	28	787	963	0
31597	28	1712	963	0
26613	28	485	963	0
11650	28	89	963	0
15807	28	855	963	0
57826	28	2772	963	0
10979	28	940	963	0
18766	28	3155	963	0
26545	28	358	963	0
53367	28	537	963	0
36465	28	883	963	0
16840	28	8842	963	0
121451	28	2199	963	0
35454	28	1400	963	0
56034	28	2871	963	0
24887	28	556	963	0
22696	28	3508	963	0
65156	28	5048	963	0
12279	28	988	963	0
100514	28	7897	963	0
5847	28	41	963	0
58765	28	49583	963	0
91321	28	2956	963	0
5119	28	435	963	0
5827	28	723	963	0
78448	28	2875	963	0
48682	28	6151	963	0
49739	28	5089	963	0
105460	28	4975	963	0
121595	28	17227	963	0
79046	28	809	963	0
79049	28	238	963	0
98718	28	2288	963	0
90299	28	7898	963	0
18016	28	4017	963	0
27673	28	22	963	0
9108	28	211	963	0
45588	23	121632	963	0
121632	23	45588	963	0
27692	28	891	963	0
131613	28	2829	963	0
48256	28	623	963	0
65196	28	492	963	0
13758	28	323	963	0
100247	14	308	963	0
57193	28	348	963	0
26478	28	1329	963	0
76969	28	2467	963	0
90624	28	486	963	0
12481	28	2974	963	0
54164	28	1345	963	0
13939	28	363	963	0
15863	28	540	963	0
11320	28	118	963	0
27364	28	1643	963	0
14766	28	4990	963	0
27655	28	1144	963	0
27739	28	988	963	0
25825	28	268	963	0
37195	28	416	963	0
25715	28	1831	963	0
101165	28	4480	963	0
20940	28	2041	963	0
10111	28	42	963	0
10055	14	47607	963	0
86757	28	3778	963	0
9386	28	1141	963	0
140622	23	121924	963	0
68352	28	9333	963	0
7711	28	923	963	0
11772	28	4031	963	0
49039	28	459	963	0
31169	28	2024	963	0
116231	23	30329	963	0
48100	28	6726	963	0
36884	28	427	963	0
6206	28	160	963	0
24700	28	893	963	0
61648	28	2972	963	0
14973	28	961	963	0
27367	28	106	963	0
16949	28	2880	963	0
6187	28	1254	963	0
11841	28	1182	963	0
83221	28	9520	963	0
56693	28	146	963	0
36968	28	7190	963	0
16797	28	753	963	0
41878	28	19256	963	0
79345	28	1033	963	0
76056	28	4558	963	0
56884	28	4472	963	0
101409	28	755	963	0
14996	28	617	963	0
10354	28	4384	963	0
72419	28	49221	963	0
13045	28	571	963	0
112221	28	36916	963	0
74699	28	1909	963	0
29704	28	162	963	0
37153	28	21137	963	0
17715	28	145	963	0
12471	28	161	963	0
25144	28	906	963	0
47703	28	2153	963	0
20472	28	1228	963	0
141086	28	32808	963	0
21100	28	139	963	0
112484	28	1234	963	0
5214	28	87	963	0
42824	28	1151	963	0
25715	28	1135	963	0
48037	28	416	963	0
63230	28	135	963	0
12050	28	1434	963	0
86059	28	1660	963	0
67068	28	2218	963	0
12753	28	384	963	0
47134	28	1012	963	0
7081	28	410	963	0
28038	28	1876	963	0
21862	28	2082	963	0
9123	28	661	963	0
51993	28	1650	963	0
18684	28	25626	963	0
96898	28	1002	963	0
18569	28	178	963	0
11078	28	1365	963	0
57091	28	7161	963	0
42907	28	3125	963	0
15518	28	1265	963	0
15809	28	102	963	0
122505	28	4407	963	0
13053	28	2525	963	0
22407	28	1215	963	0
34611	28	412	963	0
11337	28	82	963	0
66333	28	3425	963	0
47407	28	1036	963	0
66225	28	4429	963	0
19363	28	917	963	0
5251	28	3016	963	0
79582	28	784	963	0
88396	28	217	963	0
49691	28	2264	963	0
17541	28	406	963	0
65915	28	266	963	0
46657	28	5793	963	0
102173	28	1408	963	0
40643	28	453	963	0
18250	28	610	963	0
97270	28	1380	963	0
12446	28	597	963	0
62818	28	1619	963	0
32829	28	1060	963	0
64578	28	1660	963	0
106431	28	261	963	0
68651	28	3593	963	0
28092	28	1149	963	0
122765	28	3129	963	0
54244	28	397	963	0
57230	28	2059	963	0
61984	28	1608	963	0
77314	28	1623	963	0
43210	28	471	963	0
20061	28	3975	963	0
58101	28	4605	963	0
79686	28	792	963	0
13697	28	3422	963	0
37638	28	4051	963	0
52171	28	5372	963	0
43736	28	2740	963	0
28047	28	253	963	0
76495	28	3194	963	0
11992	28	348	963	0
24428	28	3886	963	0
16039	28	1067	963	0
32846	28	2753	963	0
55810	28	2154	963	0
20918	28	484	963	0
38026	28	2022	963	0
37044	28	227	963	0
106022	28	43704	963	0
87590	28	2218	963	0
55109	28	49583	963	0
29037	28	941	963	0
31204	28	220	963	0
22006	28	781	963	0
53572	28	1311	963	0
85285	28	1980	963	0
9299	28	44	963	0
9051	28	4574	963	0
56187	28	2376	963	0
47409	28	2834	963	0
79830	28	1132	963	0
123061	28	5765	963	0
48977	28	1316	963	0
26624	28	6073	963	0
8619	28	38	963	0
28494	28	883	963	0
121373	28	4724	963	0
59068	28	572	963	0
17888	28	31	963	0
36261	28	1221	963	0
31573	28	118	963	0
14659	28	1839	963	0
163907	14	17751	963	0
35980	28	1321	963	0
19628	28	48	963	0
70998	28	11253	963	0
10427	28	852	963	0
79046	28	4440	963	0
17107	28	1567	963	0
78285	28	8368	963	0
19248	28	453	963	0
45841	28	2373	963	0
31075	28	2264	963	0
70739	28	2503	963	0
47905	28	1632	963	0
59297	28	1368	963	0
8315	28	40	963	0
8754	28	95	963	0
67782	28	2991	963	0
32842	28	2109	963	0
23404	28	548	963	0
72835	28	1725	963	0
123279	28	1874	963	0
85285	28	3645	963	0
80013	14	1428	963	0
15662	28	2639	963	0
68921	28	6880	963	0
23653	28	1230	963	0
11412	28	668	963	0
14867	28	159	963	0
20205	28	1634	963	0
59344	28	1570	963	0
17943	28	303	963	0
9326	28	1874	963	0
39089	28	2301	963	0
7893	28	126	963	0
41453	28	1105	963	0
101503	28	1096	963	0
49789	28	32943	963	0
55290	28	7624	963	0
13638	28	1161	963	0
9875	28	107	963	0
72663	28	1466	963	0
75932	28	1532	963	0
11214	28	65	963	0
49285	28	703	963	0
24121	28	48	963	0
66796	28	1484	963	0
123458	28	8706	963	0
57952	28	416	963	0
50241	28	605	963	0
14211	28	1676	963	0
59388	28	532	963	0
22506	28	986	963	0
19752	28	1744	963	0
6144	28	484	963	0
13581	28	416	963	0
107140	28	661	963	0
15770	28	1160	963	0
36158	28	236	963	0
45862	28	781	963	0
57686	28	3425	963	0
38182	28	1836	963	0
6582	28	42	963	0
14973	28	630	963	0
86889	28	2614	963	0
77399	28	547	963	0
80150	28	643	963	0
42459	28	1265	963	0
32975	28	428	963	0
69030	28	1000	963	0
42415	28	10099	963	0
11157	28	78	963	0
68933	28	123591	963	0
14162	28	215	963	0
9009	28	505	963	0
107234	14	36557	963	0
77151	28	542	963	0
49346	28	16162	963	0
32846	28	3139	963	0
43043	28	1115	963	0
23951	28	2929	963	0
28604	28	368	963	0
31352	28	1950	963	0
34576	28	244	963	0
26193	28	486	963	0
16336	28	6939	963	0
86552	28	1083	963	0
76501	28	1324	963	0
49423	28	87	963	0
20679	28	394	963	0
24975	23	92799	963	0
92799	23	24975	963	0
19733	28	452	963	0
12198	28	51255	963	0
70646	28	565	963	0
26033	28	98	963	0
71929	28	483	963	0
12016	28	56	963	0
31734	28	1231	963	0
80296	28	115741	963	0
59508	28	9814	963	0
64697	14	13416	963	0
10801	28	123	963	0
39589	28	9970	963	0
101942	28	516	963	0
72616	28	2317	963	0
90814	28	478	963	0
16361	28	1830	963	0
86479	28	75801	963	0
8791	28	781	963	0
15948	28	1243	963	0
38262	28	450	963	0
23542	28	9941	963	0
59562	28	1210	963	0
56489	28	632	963	0
18809	28	596	963	0
57476	28	1898	963	0
60765	28	416	963	0
71799	28	398	963	0
80387	28	3317	963	0
102048	28	809	963	0
57210	28	6113	963	0
19379	28	27	963	0
72610	14	1667	963	0
48937	28	268	963	0
12479	28	540	963	0
84573	28	6018	963	0
112640	28	25057	963	0
24082	28	848	963	0
45542	14	5376	963	0
12336	28	4249	963	0
59236	28	259	963	0
40225	28	6726	963	0
18470	28	67	963	0
38288	28	459	963	0
66005	28	1576	963	0
49815	28	1506	963	0
21169	28	142	963	0
79798	28	19092	963	0
72187	28	1134	963	0
72640	28	635	963	0
22836	28	489	963	0
63095	28	2227	963	0
17570	28	350	963	0
80472	28	1632	963	0
25600	28	2033	963	0
61913	28	416	963	0
60579	28	14358	963	0
28432	28	1214	963	0
17770	28	4319	963	0
39721	28	523	963	0
68841	28	869	963	0
21508	28	437	963	0
57738	28	10557	963	0
16322	28	796	963	0
15908	28	24	963	0
60912	28	167	963	0
20990	28	787	963	0
39025	28	57489	963	0
107829	28	756	963	0
86278	28	59686	963	0
62807	28	774	963	0
74815	28	605	963	0
74204	28	860	963	0
124259	28	1030	963	0
33092	28	505	963	0
6975	28	484	963	0
48780	28	726	963	0
39011	28	722	963	0
43169	28	4689	963	0
38254	28	2255	963	0
7192	28	852	963	0
15877	28	454	963	0
107866	28	3118	963	0
54358	28	288	963	0
38212	28	184	963	0
18480	28	971	963	0
10124	28	34	963	0
28693	28	350	963	0
12228	28	9362	963	0
5272	28	23841	963	0
21430	28	155	963	0
55815	28	25024	963	0
31321	28	799	963	0
6855	28	272	963	0
35799	28	459	963	0
124371	28	2300	963	0
59532	28	267	963	0
79964	28	19408	963	0
28097	28	378	963	0
80581	28	622	963	0
55294	28	2151	963	0
38363	28	491	963	0
49721	28	2972	963	0
11744	28	1022	963	0
13437	28	445	963	0
9608	28	811	963	0
20597	28	29	963	0
35066	28	3488	963	0
20090	28	303	963	0
6514	28	390	963	0
41288	28	158	963	0
14303	28	360	963	0
41890	28	1675	963	0
91067	28	3681	963	0
33062	28	195	963	0
68578	28	1002	963	0
15213	28	574	963	0
69104	28	136	963	0
26895	28	2116	963	0
4995	28	2397	963	0
106787	28	2467	963	0
11880	28	675	963	0
20872	28	32	963	0
93360	28	622	963	0
93365	28	2154	963	0
54831	28	13676	963	0
108047	28	59686	963	0
124602	28	397	963	0
80284	28	723	963	0
29378	28	307	963	0
64200	28	817	963	0
19659	28	20	963	0
39996	28	2802	963	0
99544	28	5442	963	0
117010	28	124648	963	0
59773	28	1559	963	0
76748	28	18873	963	0
90104	28	3193	963	0
17100	28	307	963	0
11071	28	318	963	0
9351	28	74	963	0
6488	28	244	963	0
53686	28	46	963	0
143828	28	1504	963	0
26087	28	4574	963	0
65659	28	415	963	0
25966	28	427	963	0
28038	28	1998	963	0
19128	28	223	963	0
69527	28	1501	963	0
10538	28	92	963	0
19424	28	4574	963	0
18016	28	8239	963	0
13258	28	17523	963	0
16458	28	25100	963	0
45929	28	11512	963	0
38858	28	1365	963	0
87666	28	6894	963	0
17581	28	986	963	0
93429	28	8531	963	0
108231	14	4374	963	0
42209	28	1172	963	0
40968	28	1816	963	0
79075	28	2526	963	0
9655	28	1935	963	0
12809	28	670	963	0
69558	28	4340	963	0
69559	28	1613	963	0
24379	28	2735	963	0
59834	28	6939	963	0
124837	14	7210	963	0
68981	28	890	963	0
36654	28	348	963	0
33651	28	791	963	0
19824	28	532	963	0
79400	28	1650	963	0
39771	28	83	963	0
28433	28	757	963	0
61557	28	4605	963	0
28748	28	5504	963	0
68424	28	348	963	0
72915	28	5211	963	0
17670	28	360	963	0
31065	28	4143	963	0
31121	28	92	963	0
28757	28	4809	963	0
26106	28	1783	963	0
6328	28	1864	963	0
13929	28	5461	963	0
26810	28	1655	963	0
48579	28	92128	963	0
77399	28	275	963	0
16524	28	605	963	0
24400	28	520	963	0
32387	28	712	963	0
53089	28	1921	963	0
37271	28	5525	963	0
123178	28	742	963	0
35563	28	33830	963	0
22111	28	1814	963	0
11486	28	10315	963	0
41064	28	3403	963	0
62976	28	227	963	0
78265	28	33477	963	0
31901	14	854	963	0
9181	28	4823	963	0
22988	28	817	963	0
32958	28	337	963	0
61046	28	2970	963	0
26851	28	77870	963	0
44803	28	13676	963	0
21368	28	348	963	0
44149	28	565	963	0
25756	28	959	963	0
12393	28	104	963	0
17909	28	520	963	0
19543	28	911	963	0
27567	28	462	963	0
38505	28	2624	963	0
27886	28	19167	963	0
82368	28	1528	963	0
106146	28	3425	963	0
9883	28	402	963	0
24027	28	2288	963	0
12874	28	1760	963	0
22988	28	735	963	0
26709	28	11132	963	0
19595	14	1491	963	0
108649	28	2381	963	0
62383	28	2122	963	0
69417	28	26984	963	0
29285	28	44	963	0
14942	28	215	963	0
68598	28	1330	963	0
19622	28	2458	963	0
85576	28	1234	963	0
19223	28	125500	963	0
20052	28	445	963	0
27673	28	247	963	0
45490	28	266	963	0
69545	28	2083	963	0
108275	28	2957	963	0
11676	28	1333	963	0
71662	28	3700	963	0
19500	28	1077	963	0
6215	28	57	963	0
75167	28	14358	963	0
69754	28	423	963	0
34073	28	548	963	0
28885	28	7113	963	0
69764	28	792	963	0
55789	28	3155	963	0
9925	28	900	963	0
12078	28	528	963	0
136264	16	38511	963	0
27273	28	3936	963	0
23884	28	413	963	0
28535	28	1075	963	0
12364	28	83	963	0
42535	28	397	963	0
31082	28	850	963	0
17703	28	1008	963	0
14583	28	247	963	0
108778	28	1741	963	0
15818	28	1050	963	0
21995	28	276	963	0
72399	28	565	963	0
37057	28	1053	963	0
16214	28	357	963	0
42659	28	1075	963	0
31172	28	205	963	0
24195	28	1215	963	0
4776	28	28	963	0
15732	28	395	963	0
15662	28	3269	963	0
108870	28	21697	963	0
40368	28	1158	963	0
108881	28	1282	963	0
36286	28	1410	963	0
20932	28	2614	963	0
50187	28	124	963	0
31119	14	3622	963	0
42876	28	1834	963	0
21397	28	445	963	0
27442	28	4589	963	0
20507	28	971	963	0
12462	28	27	963	0
36300	28	411	963	0
44246	28	397	963	0
86287	28	14358	963	0
27244	28	2865	963	0
85300	28	16938	963	0
125830	28	3155	963	0
42337	28	5163	963	0
74693	28	4200	963	0
23160	28	478	963	0
30248	28	1959	963	0
12954	28	1410	963	0
71854	14	902	963	0
21916	28	416	963	0
93150	14	49097	963	0
9065	28	451	963	0
26446	28	2863	963	0
25805	28	1742	963	0
94137	28	1775	963	0
51717	28	1944	963	0
27416	28	726	963	0
106532	28	94141	963	0
77288	28	483	963	0
28290	28	347	963	0
48064	28	2593	963	0
102523	14	2911	963	0
20486	28	3277	963	0
74699	28	1034	963	0
25770	28	6015	963	0
59336	28	1966	963	0
28432	28	2288	963	0
47820	28	3277	963	0
12734	28	61	963	0
24660	28	1295	963	0
94185	28	2050	963	0
20962	28	378	963	0
51227	28	269	963	0
30682	26	59017	963	0
12360	28	391	963	0
13006	28	570	963	0
25717	28	407	963	0
12015	28	1088	963	0
39658	28	427	963	0
60866	28	31240	963	0
81302	28	1458	963	0
145531	28	1302	963	0
102638	28	1557	963	0
90771	28	1032	963	0
12514	28	53	963	0
21470	28	1998	963	0
44610	28	95	963	0
42775	28	46	963	0
8561	28	91	963	0
57764	28	245	963	0
23950	28	27	963	0
26927	28	1032	963	0
12582	28	789	963	0
9803	28	78	963	0
24220	28	7612	963	0
9687	28	166	963	0
15101	28	871	963	0
35563	28	1311	963	0
19461	28	82	963	0
15597	28	114	963	0
40914	28	215	963	0
39777	28	462	963	0
23337	28	145	963	0
48693	28	539	963	0
8467	28	1785	963	0
126160	28	1544	963	0
24535	28	732	963	0
108774	28	453	963	0
73221	14	2417	963	0
33176	28	1873	963	0
10670	28	186	963	0
9968	28	2153	963	0
11214	28	63	963	0
30163	28	7177	963	0
56968	14	902	963	0
12228	28	3626	963	0
16807	28	6113	963	0
11707	28	236	963	0
59373	28	1879	963	0
37263	28	1110	963	0
11568	28	215	963	0
8887	28	975	963	0
50477	28	27067	963	0
31734	28	660	963	0
79774	28	1384	963	0
22342	28	1150	963	0
38039	28	1380	963	0
59189	28	1098	963	0
103811	28	2067	963	0
68746	28	2088	963	0
24168	28	3155	963	0
32863	28	4696	963	0
43982	28	510	963	0
27540	28	21359	963	0
38024	28	651	963	0
114302	28	1345	963	0
116249	28	6442	963	0
10374	28	87	963	0
18701	28	179	963	0
61917	28	37121	963	0
8315	28	28	963	0
37106	28	217	963	0
13468	28	817	963	0
12592	28	427	963	0
63042	28	272	963	0
80823	28	4092	963	0
89896	28	2853	963	0
126447	28	3194	963	0
79953	28	16189	963	0
75560	28	1196	963	0
12308	28	47	963	0
77861	14	93790	963	0
36446	28	195	963	0
36377	28	2893	963	0
22882	28	10385	963	0
70646	28	1660	963	0
4943	28	74	963	0
51092	28	1698	963	0
38024	28	1141	963	0
58663	28	146138	963	0
20573	28	1600	963	0
18832	28	294	963	0
21909	28	1611	963	0
79989	28	32	963	0
67495	28	2802	963	0
66163	28	2984	963	0
39888	28	607	963	0
32922	28	698	963	0
38125	28	3172	963	0
14952	28	597	963	0
58608	28	605	963	0
126597	28	842	963	0
6146	28	626	963	0
32958	28	126	963	0
92630	28	622	963	0
77542	28	195	963	0
10747	14	25589	963	0
10424	28	1661	963	0
71052	28	328	963	0
47053	28	357	963	0
10877	28	429	963	0
99960	28	25404	963	0
81349	28	1075	963	0
12226	28	1179	963	0
94543	28	773	963	0
21391	28	1700	963	0
12188	28	311	963	0
24441	28	61	963	0
67722	28	1830	963	0
29593	28	890	963	0
59437	28	1177	963	0
24114	28	315	963	0
19789	28	3686	963	0
10989	28	295	963	0
10487	28	484	963	0
53445	28	3345	963	0
12431	28	1141	963	0
12773	28	1740	963	0
126747	28	1316	963	0
32422	28	20258	963	0
28557	28	17469	963	0
19830	28	1803	963	0
87108	14	2792	963	0
24554	28	1950	963	0
7096	28	625	963	0
89735	28	76867	963	0
13951	28	7113	963	0
69520	28	18464	963	0
72219	28	1458	963	0
16520	28	176	963	0
14340	28	118	963	0
7978	28	8779	963	0
29376	28	1088	963	0
16177	28	3105	963	0
34791	28	14	963	0
10723	28	1506	963	0
30099	28	1276	963	0
18885	28	1460	963	0
20653	28	803	963	0
44213	28	368	963	0
81531	28	4407	963	0
26746	28	910	963	0
47223	28	2859	963	0
30333	28	2851	963	0
36528	28	2234	963	0
84678	28	416	963	0
32886	28	3681	963	0
109720	28	1660	963	0
70061	14	12787	963	0
8528	28	1812	963	0
10085	28	1308	963	0
26437	28	1257	963	0
44274	28	984	963	0
14805	28	2705	963	0
52756	28	3027	963	0
37242	28	19113	963	0
84433	28	252	963	0
12119	28	1577	963	0
11272	28	1909	963	0
81557	28	344	963	0
43063	28	61	963	0
68871	28	3884	963	0
27812	28	247	963	0
26721	28	162	963	0
44928	23	126987	963	0
13663	28	79	963	0
75380	28	413	963	0
119513	28	2956	963	0
10503	28	5740	963	0
49662	28	2107	963	0
68999	28	7391	963	0
34255	28	267	963	0
27949	28	1828	963	0
11299	28	28	963	0
59636	28	31	963	0
77350	28	536	963	0
57674	28	1071	963	0
28302	28	1013	963	0
27154	28	1008	963	0
14703	28	622	963	0
48852	28	2411	963	0
33061	28	268	963	0
87420	28	1839	963	0
59613	28	1121	963	0
69980	28	3230	963	0
53506	28	13263	963	0
7078	28	1196	963	0
109880	28	12755	963	0
109882	28	1944	963	0
78746	28	2526	963	0
18746	28	5246	963	0
54780	28	2442	963	0
38322	28	391	963	0
16808	28	548	963	0
17052	28	3551	963	0
21078	28	31	963	0
40877	28	434	963	0
7827	28	391	963	0
36297	28	717	963	0
45796	28	1141	963	0
30609	28	3277	963	0
29492	28	1345	963	0
56162	28	622	963	0
25733	28	6581	963	0
36978	28	4841	963	0
37122	14	37414	963	0
59710	28	423	963	0
94767	28	2442	963	0
93534	28	1132	963	0
59689	28	1020	963	0
169271	28	809	963	0
20361	28	1129	963	0
57315	28	2197	963	0
85774	28	3193	963	0
12235	28	247	963	0
14171	28	1505	963	0
94628	28	960	963	0
38296	28	1030	963	0
70762	28	92128	963	0
110011	28	2264	963	0
52998	28	901	963	0
35996	28	6015	963	0
36700	28	470	963	0
62597	28	5075	963	0
77852	28	14358	963	0
8794	28	28	963	0
38325	28	911	963	0
7160	28	1474	963	0
28061	28	61	963	0
57293	28	1840	963	0
28334	28	478	963	0
94827	28	2050	963	0
30451	28	1307	963	0
9365	28	52	963	0
7328	28	168	963	0
26969	28	66	963	0
75044	28	1513	963	0
29716	28	502	963	0
30056	28	574	963	0
53007	28	693	963	0
9533	28	159	963	0
26258	28	1204	963	0
42943	28	1542	963	0
77683	28	1020	963	0
117439	28	3872	963	0
8909	28	65	963	0
19876	28	623	963	0
65249	28	1921	963	0
48579	28	108292	963	0
56717	28	12982	963	0
20651	28	1097	963	0
71291	28	2485	963	0
19853	28	22	963	0
4985	28	1354	963	0
54014	28	1036	963	0
37155	28	864	963	0
55406	28	2442	963	0
16202	28	1519	963	0
18046	28	911	963	0
8605	28	3156	963	0
50243	28	3508	963	0
10447	14	59155	963	0
14778	28	1380	963	0
33110	28	304	963	0
46470	28	193	963	0
25733	28	4845	963	0
110138	28	1304	963	0
90205	14	902	963	0
88231	28	3632	963	0
78529	28	2543	963	0
77616	28	1659	963	0
104423	28	1056	963	0
73448	28	1002	963	0
49033	28	3016	963	0
36938	28	3936	963	0
76046	28	381	963	0
22447	28	17856	963	0
25677	28	3597	963	0
102576	28	1477	963	0
56031	28	1598	963	0
8201	28	445	963	0
30497	28	883	963	0
34071	28	1358	963	0
79988	28	486	963	0
127553	28	55311	963	0
12393	28	1519	963	0
51032	28	2914	963	0
90669	28	273	963	0
7977	28	13143	963	0
38428	28	690	963	0
26883	28	337	963	0
30610	28	625	963	0
13681	28	3975	963	0
79679	28	3530	963	0
16817	28	120	963	0
12890	28	168	963	0
26123	28	722	963	0
27898	28	904	963	0
29711	28	850	963	0
97706	28	5075	963	0
147671	28	722	963	0
65218	28	1066	963	0
99379	28	129	963	0
19074	28	796	963	0
12696	28	3242	963	0
14630	28	471	963	0
14283	28	726	963	0
7398	28	61	963	0
13759	28	120	963	0
77998	28	1475	963	0
80841	28	757	963	0
125757	28	5630	963	0
19342	28	739	963	0
69626	28	30565	963	0
73003	28	9734	963	0
31734	28	315	963	0
47581	28	1404	963	0
38925	28	25627	963	0
13103	28	40	963	0
5273	28	597	963	0
34286	28	1562	963	0
12090	28	2485	963	0
78170	28	1060	963	0
19682	28	660	963	0
101916	28	1250	963	0
22111	28	3892	963	0
94962	14	4314	963	0
10685	28	1299	963	0
33251	28	1074	963	0
63343	28	1059	963	0
61236	28	1623	963	0
127768	28	8449	963	0
20986	28	890	963	0
18572	28	176	963	0
13637	28	937	963	0
170292	28	386	963	0
7330	28	272	963	0
66352	28	1474	963	0
35797	28	2014	963	0
84658	28	1014	963	0
44481	28	1642	963	0
9915	28	1545	963	0
15948	28	2024	963	0
100799	28	3806	963	0
64579	28	6547	963	0
65513	28	2475	963	0
68267	28	2371	963	0
14918	28	422	963	0
127881	28	6657	963	0
22542	28	255	963	0
14778	28	3648	963	0
42938	28	286	963	0
65401	28	505	963	0
55273	28	406	963	0
20604	28	791	963	0
86752	28	4331	963	0
26277	28	11211	963	0
106701	28	3447	963	0
69575	28	1351	963	0
27117	28	7474	963	0
4322	28	451	963	0
90553	28	2808	963	0
11196	28	4574	963	0
23188	28	2162	963	0
96901	28	152	963	0
9761	28	92	963	0
21726	28	1950	963	0
75312	28	1542	963	0
35003	28	716	963	0
144623	28	1708	963	0
12593	28	1519	963	0
121303	28	83646	963	0
9956	28	4978	963	0
26584	28	23863	963	0
12789	28	68	963	0
84461	28	1563	963	0
73728	28	31104	963	0
51284	28	742	963	0
9180	28	1302	963	0
13789	28	885	963	0
10250	28	120548	963	0
13207	28	1238	963	0
51571	28	911	963	0
24941	28	623	963	0
24431	28	2724	963	0
56518	28	4745	963	0
20057	28	836	963	0
108612	28	1141	963	0
9345	28	413	963	0
11035	28	726	963	0
38527	28	411	963	0
10400	28	1506	963	0
24553	28	350	963	0
60030	28	453	963	0
40425	14	1217	963	0
128111	28	2724	963	0
10455	28	311	963	0
28634	28	580	963	0
4901	28	166	963	0
66451	28	5971	963	0
50509	28	18266	963	0
19074	28	917	963	0
60344	28	23269	963	0
102638	28	2218	963	0
85317	28	3325	963	0
73092	28	462	963	0
10284	28	388	963	0
33019	28	47	963	0
47820	28	410	963	0
39714	28	72	963	0
78877	28	536	963	0
78240	28	1650	963	0
39645	28	2539	963	0
57033	28	4620	963	0
47994	28	2689	963	0
85532	28	809	963	0
13817	28	20692	963	0
13829	28	1367	963	0
79982	28	968	963	0
16481	28	1775	963	0
7504	28	2526	963	0
23550	28	333	963	0
20453	28	31393	963	0
8043	28	4525	963	0
110570	23	10412	963	0
171101	28	65072	963	0
43125	28	122	963	0
46465	28	5177	963	0
21592	28	126	963	0
16840	28	3059	963	0
10730	28	337	963	0
29994	14	49097	963	0
44032	28	1046	963	0
8091	28	7895	963	0
25667	28	2938	963	0
20353	28	1255	963	0
37138	28	1141	963	0
22709	28	1506	963	0
19266	28	2033	963	0
33225	28	957	963	0
51607	28	821	963	0
42785	28	22755	963	0
18043	28	1506	963	0
68196	28	1559	963	0
38156	28	106	963	0
9991	28	51	963	0
5689	28	44	963	0
8500	28	1542	963	0
46877	28	1250	963	0
5216	28	1374	963	0
14060	28	391	963	0
14435	28	92	963	0
13846	28	808	963	0
27494	28	3975	963	0
61318	28	131	963	0
49252	28	415	963	0
5727	28	451	963	0
16376	28	850	963	0
171412	28	1632	963	0
28570	28	913	963	0
6196	28	77	963	0
33164	28	461	963	0
16448	28	31992	963	0
100306	28	2829	963	0
10408	28	357	963	0
8170	28	3896	963	0
83084	28	2189	963	0
63802	28	410	963	0
11847	28	471	963	0
21015	28	1000	963	0
120294	28	32808	963	0
28561	28	435	963	0
29934	28	27284	963	0
26120	28	1000	963	0
54669	28	1116	963	0
25305	28	453	963	0
9583	28	419	963	0
75040	28	1464	963	0
108816	28	33477	963	0
79471	28	1664	963	0
11568	28	401	963	0
42025	28	2526	963	0
16580	28	5090	963	0
33100	28	394	963	0
87901	28	1563	963	0
52036	28	2371	963	0
51711	14	5700	963	0
27526	28	1015	963	0
128470	28	27048	963	0
7763	28	811	963	0
99883	28	9101	963	0
37406	28	2257	963	0
7280	28	637	963	0
60177	28	1282	963	0
22187	28	363	963	0
102438	28	2282	963	0
85351	28	2288	963	0
63732	14	5305	963	0
50068	28	1153	963	0
74263	28	612	963	0
24423	28	511	963	0
10899	28	458	963	0
22085	28	625	963	0
60546	28	799	963	0
41584	28	3034	963	0
5573	28	31	963	0
10723	28	571	963	0
12706	28	1028	963	0
78936	28	4308	963	0
7466	28	3193	963	0
117893	14	93548	963	0
34014	28	1613	963	0
31403	28	1650	963	0
27888	28	1475	963	0
54418	28	64214	963	0
127634	28	9629	963	0
128607	28	14947	963	0
68033	28	1163	963	0
79529	28	8057	963	0
48368	28	2816	963	0
93807	28	1672	963	0
57215	28	2853	963	0
17692	28	31	963	0
21557	28	888	963	0
14159	28	401	963	0
90486	28	3129	963	0
45484	28	5355	963	0
70523	28	2180	963	0
10356	28	877	963	0
9208	28	199	963	0
65362	28	732	963	0
80128	28	1898	963	0
16865	28	451	963	0
82782	28	1745	963	0
16943	28	2701	963	0
15958	28	228	963	0
28724	28	1935	963	0
110858	28	41240	963	0
110860	28	2941	963	0
38782	28	323	963	0
59353	28	2391	963	0
99952	28	1061	963	0
48351	28	239	963	0
27762	28	4179	963	0
29521	28	1280	963	0
16793	28	1660	963	0
95151	28	167	963	0
14721	28	2965	963	0
27999	28	334	963	0
24962	28	276	963	0
20708	28	185	963	0
65243	28	4407	963	0
18186	28	50	963	0
16518	28	3193	963	0
9790	28	43	963	0
54114	28	1041	963	0
15706	28	391	963	0
56922	28	629	963	0
108820	28	1136	963	0
104416	28	5048	963	0
76383	28	10357	963	0
8930	28	1342	963	0
29849	28	261	963	0
15711	28	1744	963	0
69688	14	49097	963	0
23566	28	42838	963	0
36724	28	514	963	0
58689	28	4337	963	0
26374	28	806	963	0
59038	28	8490	963	0
41925	28	9909	963	0
64224	28	2702	963	0
25450	28	2086	963	0
12671	28	1983	963	0
40840	28	459	963	0
31053	28	4363	963	0
11462	28	232	963	0
70285	14	6094	963	0
72290	28	1650	963	0
5705	28	92	963	0
12333	28	1368	963	0
48756	28	558	963	0
12655	28	408	963	0
12259	28	178	963	0
24695	28	673	963	0
13542	28	1136	963	0
46345	28	1364	963	0
149710	28	69229	963	0
50176	28	836	963	0
24545	28	347	963	0
86463	28	409	963	0
117425	14	207	963	0
61078	28	2702	963	0
11373	14	1491	963	0
51567	28	405	963	0
10547	28	394	963	0
24248	28	3867	963	0
21626	28	2624	963	0
33646	28	104	963	0
11892	28	169	963	0
11763	28	839	963	0
27969	28	1900	963	0
38049	28	221	963	0
72811	14	149814	963	0
30346	28	1595	963	0
172709	28	3990	963	0
26010	28	2624	963	0
25614	28	890	963	0
44554	28	973	963	0
37996	28	5074	963	0
16830	28	911	963	0
29556	28	528	963	0
52683	28	1542	963	0
12972	28	574	963	0
40652	28	503	963	0
15231	28	2434	963	0
148352	28	145	963	0
81883	28	179	963	0
78698	28	1532	963	0
14193	28	2786	963	0
16898	28	1456	963	0
75696	14	25938	963	0
44669	28	135	963	0
80901	28	720	963	0
13403	28	6359	963	0
36672	28	482	963	0
42148	28	2875	963	0
51430	28	268	963	0
12120	28	451	963	0
49815	28	122	963	0
24831	28	9689	963	0
16215	28	1020	963	0
6977	28	553	963	0
44411	28	593	963	0
129037	23	125962	963	0
28505	28	850	963	0
12460	28	281	963	0
7811	28	1306	963	0
51887	28	523	963	0
38420	28	2197	963	0
51889	28	817	963	0
26511	28	520	963	0
65527	28	2965	963	0
129053	28	1060	963	0
121766	28	95	963	0
28520	28	1896	963	0
42187	28	3129	963	0
35511	28	703	963	0
21145	28	60	963	0
13941	28	1141	963	0
85616	28	3277	963	0
36867	28	1961	963	0
42582	28	1014	963	0
13072	28	837	963	0
58129	28	748	963	0
100892	28	141	963	0
64896	28	2608	963	0
28464	28	179	963	0
15593	28	413	963	0
93049	28	2371	963	0
40910	28	1728	963	0
9947	28	1091	963	0
16305	28	1056	963	0
49691	28	526	963	0
45560	28	327	963	0
12016	28	109	963	0
20708	28	778	963	0
33055	28	54	963	0
24603	28	88	963	0
10653	28	2853	963	0
59299	28	416	963	0
92499	28	7474	963	0
59828	28	3282	963	0
16671	28	4650	963	0
51669	28	7151	963	0
118407	28	2456	963	0
30858	28	1324	963	0
86644	28	8924	963	0
29134	28	1431	963	0
81112	28	2442	963	0
92722	28	5163	963	0
26560	28	1229	963	0
49953	28	13676	963	0
15667	28	558	963	0
21947	28	2880	963	0
54980	28	2373	963	0
10130	28	24131	963	0
6675	28	272	963	0
23684	28	885	963	0
61200	28	1995	963	0
27256	28	1199	963	0
8941	28	605	963	0
86014	28	83	963	0
14115	28	1177	963	0
23282	28	391	963	0
13973	28	505	963	0
12748	28	250	963	0
46981	28	4797	963	0
4360	28	1099	963	0
5006	28	1295	963	0
14503	28	1075	963	0
144957	14	22103	963	0
64876	16	20852	963	0
21538	28	7002	963	0
43145	28	1528	963	0
51487	14	4266	963	0
34222	28	273	963	0
34284	28	961	963	0
17715	28	3688	963	0
7840	28	4203	963	0
30609	28	2205	963	0
25212	28	132	963	0
19328	28	4978	963	0
18738	28	333	963	0
74830	28	244	963	0
51549	28	435	963	0
23465	28	8678	963	0
13045	28	511	963	0
81550	28	2712	963	0
24429	28	1267	963	0
69723	28	409	963	0
46343	28	21359	963	0
6688	28	149	963	0
61352	28	2442	963	0
98811	28	1975	963	0
92921	28	14358	963	0
15425	28	470	963	0
50996	28	31818	963	0
88241	28	1831	963	0
32360	28	244	963	0
81782	28	4152	963	0
101631	28	1019	963	0
9038	28	2614	963	0
48249	28	2753	963	0
9406	28	1141	963	0
15086	28	1808	963	0
31204	28	716	963	0
68228	28	570	963	0
7532	28	1368	963	0
74740	28	1167	963	0
69985	28	1307	963	0
65136	28	6989	963	0
7102	28	1619	963	0
71763	28	3035	963	0
88167	28	2956	963	0
27519	28	1185	963	0
45695	14	3622	963	0
16909	28	269	963	0
6013	28	223	963	0
51915	28	14027	963	0
92883	28	881	963	0
14981	28	4480	963	0
15589	28	2695	963	0
80342	28	1169	963	0
20687	28	73	963	0
51216	28	4979	963	0
29892	28	1123	963	0
78746	28	3985	963	0
31772	28	2984	963	0
12813	28	122	963	0
83172	28	11132	963	0
72930	28	486	963	0
51771	28	2608	963	0
51632	28	1504	963	0
37319	28	17677	963	0
15339	28	2522	963	0
40094	28	2875	963	0
16675	28	1158	963	0
25803	28	1659	963	0
47782	28	2115	963	0
89808	28	2442	963	0
60599	28	337	963	0
47837	28	7898	963	0
52869	28	1158	963	0
10839	28	403	963	0
14882	28	1275	963	0
72430	28	1195	963	0
28474	28	1300	963	0
13839	28	19934	963	0
65994	28	1549	963	0
34063	28	450	963	0
69210	28	526	963	0
52005	28	2330	963	0
34278	28	83	963	0
13442	28	1533	963	0
28815	28	315	963	0
13116	28	470	963	0
114632	28	462	963	0
31836	28	1325	963	0
37290	28	486	963	0
44891	28	660	963	0
38088	28	1998	963	0
30260	28	1644	963	0
7297	28	1186	963	0
51316	28	401	963	0
8547	28	406	963	0
23762	28	351	963	0
8502	28	1420	963	0
16346	28	484	963	0
100481	28	245	963	0
19249	28	504	963	0
34140	28	1611	963	0
5727	28	3016	963	0
10186	28	5048	963	0
128703	28	1468	963	0
81462	28	2853	963	0
47715	28	206	963	0
10963	28	3422	963	0
60938	28	526	963	0
70486	28	936	963	0
32958	28	347	963	0
69956	28	1501	963	0
70461	14	2188	963	0
36978	28	1446	963	0
16275	28	143	963	0
27364	28	1962	963	0
40457	28	1822	963	0
42440	28	156	963	0
11759	28	405	963	0
47838	28	1760	963	0
59703	28	277	963	0
49360	28	907	963	0
10010	28	839	963	0
69757	28	1830	963	0
15892	28	45	963	0
15743	28	73	963	0
64501	28	2442	963	0
18842	28	1000	963	0
94980	28	2956	963	0
68589	28	2956	963	0
5625	28	28	963	0
151138	28	3834	963	0
47854	28	268	963	0
44699	28	454	963	0
14376	28	795	963	0
15101	28	451	963	0
128755	28	4152	963	0
81010	28	605	963	0
18969	28	1965	963	0
80167	28	483	963	0
100365	28	3460	963	0
17585	28	16	963	0
18398	28	1014	963	0
78599	28	2482	963	0
20311	28	1745	963	0
67726	28	1078	963	0
45998	28	514	963	0
45824	28	350	963	0
73728	28	8094	963	0
14419	28	2232	963	0
129668	28	146138	963	0
20508	28	122	963	0
14472	28	4574	963	0
84803	28	2311	963	0
46582	28	2834	963	0
12100	28	150	963	0
111416	28	4227	963	0
17419	28	416	963	0
111417	28	123	963	0
22122	28	550	963	0
51183	28	2392	963	0
60283	28	1658	963	0
68811	14	1217	963	0
94273	28	132	963	0
92640	28	1127	963	0
9600	28	214	963	0
110089	28	3949	963	0
8041	28	6224	963	0
11047	28	1862	963	0
35427	28	18363	963	0
8973	28	445	963	0
44315	28	5504	963	0
71435	28	2829	963	0
16580	28	152	963	0
92713	28	1651	963	0
61106	28	981	963	0
61195	28	1998	963	0
12340	28	368	963	0
9199	28	635	963	0
53039	28	142	963	0
13546	28	79	963	0
33381	28	484	963	0
61553	28	4605	963	0
24428	28	4942	963	0
126350	14	174979	963	0
54534	14	149814	963	0
51921	28	547	963	0
70444	28	2041	963	0
59514	28	4200	963	0
55354	28	1112	963	0
61893	28	1542	963	0
4943	28	40	963	0
21507	28	957	963	0
43331	28	48	963	0
18051	28	840	963	0
16658	28	735	963	0
14171	28	1633	963	0
9908	28	1370	963	0
55418	28	260	963	0
10049	28	889	963	0
9763	28	354	963	0
5910	28	57	963	0
31754	28	493	963	0
83786	28	16162	963	0
8905	28	28	963	0
91852	28	968	963	0
7456	28	105	963	0
63185	28	9420	963	0
41792	28	1105	963	0
9231	28	107	963	0
11004	28	56	963	0
13270	28	156	963	0
47496	28	6726	963	0
57098	28	505	963	0
65513	28	2526	963	0
27286	28	791	963	0
21583	28	1537	963	0
19587	28	294	963	0
103600	28	1775	963	0
55672	28	1120	963	0
115020	28	5855	963	0
30662	28	475	963	0
69860	28	13412	963	0
52914	28	33	963	0
69937	28	1141	963	0
11384	28	9733	963	0
78240	28	931	963	0
51284	28	780	963	0
44458	28	1048	963	0
38241	28	1075	963	0
19273	28	1054	963	0
12571	28	160	963	0
51839	28	1623	963	0
81254	28	76864	963	0
30295	28	2185	963	0
36834	28	1277	963	0
128864	28	210	963	0
19790	28	1329	963	0
9166	28	1056	963	0
41136	28	1700	963	0
69284	14	128751	963	0
23465	28	4002	963	0
34671	28	1092	963	0
12691	28	292	963	0
24756	28	1500	963	0
47674	28	2649	963	0
27761	28	1141	963	0
100006	28	3345	963	0
8348	28	215	963	0
13825	28	917	963	0
38875	28	2929	963	0
11618	28	744	963	0
27012	28	1059	963	0
65364	28	976	963	0
95217	28	1632	963	0
54543	28	1099	963	0
51639	28	3871	963	0
20344	28	453	963	0
129994	28	2282	963	0
7795	28	1365	963	0
60251	28	1135	963	0
23580	28	2392	963	0
20300	28	394	963	0
147994	28	1028	963	0
13740	28	3798	963	0
45193	28	470	963	0
16232	28	4955	963	0
28025	28	6726	963	0
12862	28	852	963	0
16007	28	1066	963	0
33446	28	2125	963	0
14226	28	1983	963	0
16156	28	740	963	0
125711	28	2156	963	0
30600	28	713	963	0
10902	28	1022	963	0
21297	28	1010	963	0
87417	28	3439	963	0
18976	28	2753	963	0
7764	28	152	963	0
77433	28	357	963	0
23798	28	126	963	0
8843	28	2408	963	0
24428	28	277	963	0
21365	28	1813	963	0
25838	28	54	963	0
54449	28	7083	963	0
107723	28	2957	963	0
17650	28	910	963	0
39143	28	647	963	0
52816	28	5740	963	0
19069	28	983	963	0
12773	28	2702	963	0
27750	28	504	963	0
72635	28	1302	963	0
68604	28	1147	963	0
152038	28	3155	963	0
37144	28	3243	963	0
59087	28	59686	963	0
36215	28	1057	963	0
38836	28	2288	963	0
42558	28	2853	963	0
44434	28	976	963	0
28758	28	72	963	0
54079	28	809	963	0
15372	28	595	963	0
9412	28	261	963	0
23145	28	661	963	0
13733	28	135	963	0
56550	28	2151	963	0
70277	28	3977	963	0
152141	28	57022	963	0
64644	28	507	963	0
93927	28	1840	963	0
75147	28	3193	963	0
115734	28	6110	963	0
22883	28	668	963	0
47605	28	4407	963	0
18483	28	409	963	0
105984	28	79742	963	0
33151	28	2720	963	0
62218	28	2974	963	0
16382	28	494	963	0
131425	28	2632	963	0
15203	28	195	963	0
111473	28	261	963	0
72606	28	713	963	0
9796	28	95	963	0
56759	28	1597	963	0
87769	28	36628	963	0
79804	28	268	963	0
10032	28	1141	963	0
21941	28	388	963	0
19844	28	2992	963	0
7079	28	3997	963	0
79943	28	3319	963	0
12100	28	122	963	0
103091	28	1266	963	0
5069	28	723	963	0
25990	28	494	963	0
93762	28	2204	963	0
10109	28	596	963	0
53242	28	2863	963	0
18453	28	131	963	0
6466	28	4978	963	0
9249	28	920	963	0
8274	28	1923	963	0
12931	28	1501	963	0
16997	28	19	963	0
29995	28	568	963	0
36911	28	2724	963	0
12829	14	5700	963	0
72974	28	32626	963	0
81953	28	1708	963	0
59320	28	3155	963	0
57968	23	38326	963	0
63496	28	11174	963	0
67295	28	2536	963	0
20093	28	2687	963	0
10112	28	100	963	0
22985	28	461	963	0
34113	28	754	963	0
7645	28	44	963	0
54151	28	1254	963	0
8958	28	1141	963	0
10554	28	571	963	0
114344	28	1086	963	0
69984	28	1075	963	0
6562	28	2611	963	0
10784	28	626	963	0
31256	28	2908	963	0
11487	28	612	963	0
5851	28	39	963	0
92853	28	2968	963	0
61913	28	478	963	0
17130	28	109	963	0
13646	28	1308	963	0
39011	28	3777	963	0
36875	28	6915	963	0
79953	28	2189	963	0
61508	28	5123	963	0
21998	28	2753	963	0
109535	23	24247	963	0
24247	23	109535	963	0
6144	28	168	963	0
24126	28	1918	963	0
36467	28	346	963	0
40679	28	839	963	0
30261	28	430	963	0
38211	28	672	963	0
57273	28	1356	963	0
21743	28	2334	963	0
71603	28	2614	963	0
130257	28	28949	963	0
44940	28	3016	963	0
92583	28	152	963	0
106318	28	835	963	0
37693	28	46726	963	0
38908	28	550	963	0
94323	28	2712	963	0
32715	28	43	963	0
51845	28	427	963	0
17881	28	795	963	0
36801	28	4037	963	0
40888	28	505	963	0
61048	28	2456	963	0
122619	28	526	963	0
75128	28	1655	963	0
89635	28	2151	963	0
6141	28	2082	963	0
61472	28	3431	963	0
75440	28	2543	963	0
11355	28	313	963	0
15575	28	186	963	0
36673	28	4976	963	0
9883	28	949	963	0
23478	28	484	963	0
64074	28	527	963	0
121125	14	177195	963	0
125655	28	1088	963	0
13638	28	1506	963	0
8281	28	27	963	0
13918	28	2179	963	0
35906	28	34	963	0
26991	28	3242	963	0
21603	28	122	963	0
29187	28	1920	963	0
15866	28	2373	963	0
86615	28	994	963	0
26977	28	132	963	0
60861	28	1632	963	0
9204	28	87	963	0
6722	28	2644	963	0
19212	28	2876	963	0
24762	28	1070	963	0
19906	28	1154	963	0
6582	28	48	963	0
126779	14	8683	963	0
73884	28	483	963	0
46954	28	125500	963	0
7706	28	923	963	0
53921	28	23	963	0
45171	28	121917	963	0
38346	28	368	963	0
70053	28	3841	963	0
39172	28	1351	963	0
13164	28	548	963	0
76741	28	5211	963	0
106767	28	2851	963	0
108564	28	1912	963	0
56578	28	66560	963	0
24887	28	1920	963	0
73807	28	4195	963	0
15735	28	808	963	0
76628	28	9520	963	0
14844	28	141	963	0
19003	28	1897	963	0
9190	28	878	963	0
81131	28	532	963	0
95302	28	4048	963	0
55672	28	1920	963	0
59236	28	64214	963	0
15482	28	894	963	0
35969	28	2467	963	0
50833	28	9646	963	0
92900	28	5525	963	0
149949	28	33883	963	0
129314	28	1314	963	0
37921	28	453	963	0
53245	28	478	963	0
44202	28	695	963	0
61917	28	130335	963	0
7155	28	60	963	0
48274	16	47848	963	0
19041	28	198	963	0
51437	28	184	963	0
35145	28	6423	963	0
41815	28	82279	963	0
58293	28	5211	963	0
70584	28	171	963	0
81288	28	6783	963	0
80430	28	712	963	0
31253	28	121	963	0
19011	28	4121	963	0
26702	28	1328	963	0
13501	28	136	963	0
51684	14	79887	963	0
48509	28	140	963	0
20031	28	1150	963	0
92993	28	2875	963	0
45960	28	742	963	0
92035	28	2838	963	0
50697	28	833	963	0
38848	28	2261	963	0
42943	28	1339	963	0
47352	28	1675	963	0
104826	28	536	963	0
15222	28	694	963	0
84803	28	2081	963	0
69845	28	2977	963	0
13906	28	1190	963	0
25804	28	334	963	0
78229	28	2853	963	0
28730	28	931	963	0
5099	28	31	963	0
61017	28	3872	963	0
37836	28	1061	963	0
21595	28	327	963	0
21592	28	120	963	0
153115	28	595	963	0
21368	28	4845	963	0
44816	28	510	963	0
92108	28	781	963	0
85862	28	49583	963	0
9634	28	3016	963	0
48841	28	2227	963	0
77418	28	2154	963	0
72217	28	3690	963	0
150833	28	5044	963	0
32738	28	2326	963	0
74136	14	1746	963	0
52515	28	2753	963	0
24603	28	147	963	0
64838	28	1154	963	0
63837	28	1501	963	0
36314	28	274	963	0
51936	28	3985	963	0
125482	28	572	963	0
44890	28	510	963	0
26969	28	195	963	0
87923	28	1920	963	0
29673	28	2045	963	0
82557	28	6110	963	0
53239	28	505	963	0
38836	28	1214	963	0
60035	28	1276	963	0
36437	28	431	963	0
94896	28	2713	963	0
38699	28	2175	963	0
62930	28	3425	963	0
10237	28	317	963	0
67829	28	2837	963	0
67058	28	9909	963	0
21548	28	193	963	0
124785	16	47848	963	0
70472	28	1921	963	0
69151	28	605	963	0
86401	14	1217	963	0
29023	28	1461	963	0
11431	28	81	963	0
47344	28	622	963	0
16577	28	7634	963	0
25200	28	814	963	0
153246	28	386	963	0
89240	28	1484	963	0
81442	28	821	963	0
10239	28	2876	963	0
35081	28	215	963	0
76963	28	2150	963	0
7544	28	451	963	0
46056	28	206	963	0
111119	28	3871	963	0
20756	28	250	963	0
24301	28	2399	963	0
20807	28	1023	963	0
11306	28	126	963	0
27207	28	227	963	0
8894	28	166	963	0
30369	28	523	963	0
18259	28	922	963	0
33858	28	668	963	0
28519	28	1475	963	0
27644	28	4854	963	0
62818	28	5476	963	0
17000	28	27	963	0
59954	28	72	963	0
111156	28	713	963	0
21222	23	109711	963	0
63020	28	4179	963	0
8234	28	3157	963	0
8037	28	48	963	0
28555	28	931	963	0
8783	28	213	963	0
109272	28	180	963	0
44739	28	10357	963	0
89797	28	8368	963	0
99284	28	478	963	0
21476	28	333	963	0
63199	28	216	963	0
5705	28	277	963	0
6088	28	79	963	0
69386	28	2984	963	0
22288	28	348	963	0
48674	28	5028	963	0
10193	28	1295	963	0
86689	28	1176	963	0
46867	28	1610	963	0
39223	28	2605	963	0
16800	28	2853	963	0
9317	28	1543	963	0
64311	28	467	963	0
38220	28	5123	963	0
6650	28	1091	963	0
86075	28	486	963	0
48510	28	3212	963	0
57803	28	793	963	0
58412	28	2997	963	0
114144	28	3681	963	0
36754	28	547	963	0
81255	28	486	963	0
9803	28	82	963	0
95422	23	85008	963	0
85008	23	95422	963	0
26031	28	713	963	0
7831	28	743	963	0
90760	28	357	963	0
46503	28	1634	963	0
13437	28	111	963	0
34369	28	744	963	0
59364	28	159	963	0
54509	28	548	963	0
7941	28	2577	963	0
51725	28	25626	963	0
15370	28	1744	963	0
40417	28	1242	963	0
21888	28	1985	963	0
110473	28	565	963	0
31527	28	1456	963	0
41063	28	694	963	0
12138	28	4031	963	0
10146	28	66	963	0
101611	28	805	963	0
69658	28	1512	963	0
6856	28	72	963	0
40634	28	2712	963	0
54965	28	2151	963	0
16514	28	181	963	0
12655	28	135	963	0
19767	28	694	963	0
93862	28	907	963	0
25238	28	1583	963	0
55589	28	227	963	0
72915	28	1339	963	0
18555	28	223	963	0
121922	28	2467	963	0
10088	28	73	963	0
6559	28	2912	963	0
16375	28	63	963	0
35117	28	996	963	0
82672	28	897	963	0
55273	28	397	963	0
21142	28	1163	963	0
96026	28	409	963	0
58900	28	1151	963	0
90116	28	3681	963	0
7640	28	2614	963	0
126734	28	14358	963	0
31632	28	8291	963	0
78919	28	401	963	0
16956	28	13676	963	0
34863	28	2151	963	0
8990	28	147	963	0
38184	28	46100	963	0
88078	28	10888	963	0
16807	28	1500	963	0
9240	28	42	963	0
12078	28	1813	963	0
90214	28	937	963	0
41134	14	126444	963	0
65489	28	2148	963	0
103460	28	2865	963	0
9428	28	14190	963	0
72315	28	2336	963	0
10163	28	715	963	0
79818	28	1282	963	0
74123	28	542	963	0
32371	28	983	963	0
31255	28	1331	963	0
106770	28	2151	963	0
39664	28	900	963	0
36525	28	394	963	0
7699	28	597	963	0
21414	28	15006	963	0
26797	28	6113	963	0
31595	28	496	963	0
26057	28	2974	963	0
26166	28	167	963	0
81620	28	1210	963	0
68011	28	704	963	0
94303	28	3469	963	0
57674	28	1505	963	0
31596	28	81	963	0
37063	28	3936	963	0
14162	28	28	963	0
70484	28	494	963	0
38621	28	1319	963	0
15714	28	445	963	0
17574	28	1998	963	0
92283	28	33946	963	0
27536	28	184	963	0
51705	28	267	963	0
67963	28	357	963	0
31765	28	257	963	0
51209	28	22005	963	0
39833	14	1491	963	0
153892	28	3526	963	0
32925	28	6143	963	0
12138	28	2776	963	0
69143	28	315	963	0
18258	28	917	963	0
117656	16	113384	963	0
11540	28	1295	963	0
16055	28	36	963	0
5847	28	1293	963	0
38522	28	453	963	0
56227	28	261	963	0
30190	28	28528	963	0
103182	28	11965	963	0
54520	28	1709	963	0
46709	28	45697	963	0
38525	28	1141	963	0
11748	14	7980	963	0
127985	28	4429	963	0
23977	28	1855	963	0
52423	28	459	963	0
111586	28	2140	963	0
24825	28	2174	963	0
4222	28	87	963	0
33256	28	85	963	0
39382	28	1664	963	0
67294	28	11500	963	0
10503	28	1505	963	0
38699	28	43973	963	0
105825	28	1898	963	0
8276	28	43	963	0
33517	28	1364	963	0
79988	28	121	963	0
110785	28	2165	963	0
11630	28	72	963	0
126625	28	2720	963	0
44564	28	2434	963	0
15065	28	78	963	0
75561	28	94111	963	0
54868	28	595	963	0
13050	28	111	963	0
47439	28	1659	963	0
61819	28	1014	963	0
12874	28	1254	963	0
71504	28	1497	963	0
22988	28	1945	963	0
9121	28	1819	963	0
26584	28	30703	963	0
70339	28	2762	963	0
58821	28	2151	963	0
91363	28	605	963	0
19595	14	180364	963	0
7435	28	310	963	0
29075	28	1943	963	0
108099	28	3503	963	0
8476	28	1105	963	0
20486	28	616	963	0
14951	28	850	963	0
60344	28	31083	963	0
139572	14	3501	963	0
24560	28	371	963	0
23452	28	135	963	0
54160	28	368	963	0
80511	28	510	963	0
94622	28	15031	963	0
9440	28	56	963	0
44203	28	3777	963	0
78572	28	1005	963	0
180519	16	870	963	0
17388	28	558	963	0
126375	28	3157	963	0
49302	28	526	963	0
24458	28	2277	963	0
64046	28	33477	963	0
130783	28	930	963	0
12398	28	2785	963	0
11704	28	837	963	0
47407	28	931	963	0
38525	28	55	963	0
81249	28	1484	963	0
54356	28	21697	963	0
96392	28	1304	963	0
47186	28	2376	963	0
27478	28	459	963	0
23747	28	166	963	0
9229	28	1506	963	0
81288	28	65072	963	0
14141	28	48	963	0
29132	28	1135	963	0
51517	28	514	963	0
66968	28	675	963	0
51923	28	881	963	0
33534	28	2072	963	0
119142	14	117866	963	0
18043	28	219	963	0
55056	28	1052	963	0
126963	28	364	963	0
56133	28	3287	963	0
44145	28	1306	963	0
91744	28	32121	963	0
13955	28	1061	963	0
100601	28	16070	963	0
93020	28	1266	963	0
12375	28	21358	963	0
51881	28	2984	963	0
56696	28	5354	963	0
8909	28	23	963	0
4827	28	107	963	0
14584	28	415	963	0
28047	28	252	963	0
75096	28	82	963	0
27156	28	2422	963	0
11910	28	28	963	0
84573	28	1390	963	0
38156	28	1141	963	0
38537	28	1610	963	0
11990	28	936	963	0
17148	28	2876	963	0
110684	28	9041	963	0
27432	28	2288	963	0
29070	28	333	963	0
20493	28	222	963	0
20246	28	642	963	0
25548	28	2373	963	0
80204	28	1642	963	0
49197	28	2301	963	0
17537	28	1122	963	0
33113	28	3808	963	0
53367	28	1528	963	0
24172	28	869	963	0
8079	28	1411	963	0
34126	28	574	963	0
83835	28	805	963	0
19616	28	310	963	0
42907	28	1632	963	0
33092	28	2088	963	0
12573	28	227	963	0
10713	28	1141	963	0
11275	28	453	963	0
42249	28	850	963	0
137658	14	42872	963	0
96576	28	1944	963	0
46268	28	4031	963	0
18035	28	2198	963	0
63979	28	6388	963	0
8561	28	186	963	0
64311	28	5372	963	0
26532	28	483	963	0
83822	28	37861	963	0
9950	28	147	963	0
27614	28	591	963	0
20106	28	537	963	0
51300	28	2218	963	0
13441	28	179	963	0
49321	28	55285	963	0
15838	28	548	963	0
31686	28	2614	963	0
99595	28	310	963	0
19878	28	770	963	0
45924	28	437	963	0
79073	28	462	963	0
11381	28	81	963	0
12259	28	120	963	0
29597	28	1862	963	0
75903	28	10099	963	0
44241	28	486	963	0
32170	28	1898	963	0
8949	28	40	963	0
37411	28	176	963	0
41094	28	2177	963	0
80559	28	540	963	0
59307	28	1185	963	0
16577	28	855	963	0
42816	28	1907	963	0
154416	28	1623	963	0
73012	28	662	963	0
111478	28	1496	963	0
25366	28	537	963	0
105410	28	661	963	0
21587	28	1368	963	0
79529	28	7308	963	0
82119	28	1613	963	0
44231	28	1008	963	0
61663	28	216	963	0
43983	28	547	963	0
22557	28	47	963	0
14852	28	78	963	0
9840	28	70175	963	0
93334	28	31083	963	0
63543	28	1442	963	0
83912	28	536	963	0
26374	28	160	963	0
12548	28	2024	963	0
25773	28	2190	963	0
79150	28	1370	963	0
98360	28	417	963	0
11161	28	2688	963	0
130885	28	927	963	0
51909	28	2015	963	0
7366	28	1519	963	0
10002	28	1268	963	0
20641	28	817	963	0
81011	28	2218	963	0
28941	28	3681	963	0
40200	28	1824	963	0
10001	28	348	963	0
48601	28	1935	963	0
74440	28	397	963	0
115037	28	1677	963	0
145129	14	143973	963	0
92192	28	1882	963	0
81313	28	168	963	0
60175	28	2851	963	0
14730	28	552	963	0
24199	28	1046	963	0
20687	28	27	963	0
121102	28	16	963	0
77626	28	104023	963	0
15976	28	79	963	0
37986	28	923	963	0
57391	28	2859	963	0
11079	28	223	963	0
26166	28	1150	963	0
107366	28	3987	963	0
31597	28	160	963	0
69240	28	1173	963	0
17675	28	1601	963	0
56747	28	4011	963	0
25858	28	520	963	0
6215	28	166	963	0
131816	28	6657	963	0
26757	28	3871	963	0
67592	28	694	963	0
26208	28	2753	963	0
83460	28	726	963	0
44965	28	441	963	0
73318	28	4407	963	0
48069	28	2912	963	0
21246	28	1041	963	0
44862	14	308	963	0
25927	28	27335	963	0
56169	28	2311	963	0
18355	28	846	963	0
11445	28	6113	963	0
8865	28	1312	963	0
33697	28	498	963	0
53287	28	957	963	0
23164	28	2198	963	0
44162	28	135	963	0
25366	28	1147	963	0
14006	28	1762	963	0
26517	28	514	963	0
28076	28	2288	963	0
64249	28	1512	963	0
33838	28	814	963	0
5216	28	298	963	0
37425	28	3422	963	0
60405	28	1440	963	0
88299	28	1075	963	0
17086	28	471	963	0
30790	28	1900	963	0
66730	28	2151	963	0
38078	28	7654	963	0
44736	28	510	963	0
73493	28	16704	963	0
12568	28	539	963	0
79400	28	411	963	0
67025	28	4533	963	0
53367	28	3671	963	0
30163	28	1763	963	0
17349	28	4845	963	0
28881	28	1268	963	0
22971	28	1531	963	0
111156	28	462	963	0
67763	28	8240	963	0
70571	28	4407	963	0
10031	28	1302	963	0
75717	28	1962	963	0
25970	28	551	963	0
23575	28	215	963	0
26206	28	990	963	0
8137	28	69	963	0
49252	28	1484	963	0
18416	28	354	963	0
43495	28	1466	963	0
21790	28	1924	963	0
40724	28	622	963	0
39434	28	2257	963	0
48473	14	8174	963	0
11430	28	315	963	0
39847	28	14823	963	0
75701	28	4407	963	0
20659	28	2485	963	0
51687	28	2107	963	0
42367	28	1834	963	0
77139	28	4316	963	0
9439	28	518	963	0
23922	28	211	963	0
12375	28	960	963	0
44944	28	2223	963	0
26372	28	510	963	0
10840	28	337	963	0
34409	28	4235	963	0
44534	28	3047	963	0
11840	28	1417	963	0
14568	28	8632	963	0
23452	28	1332	963	0
18980	28	1519	963	0
34925	28	1700	963	0
38803	28	2887	963	0
60035	28	4696	963	0
119297	28	2774	963	0
18399	28	1161	963	0
72890	28	13286	963	0
5975	28	1055	963	0
92488	28	1816	963	0
13374	28	698	963	0
35894	28	3277	963	0
32900	28	2093	963	0
68381	28	920	963	0
102915	28	3489	963	0
86184	28	1254	963	0
38598	28	2608	963	0
27156	28	19333	963	0
77857	28	37861	963	0
13834	28	629	963	0
76697	28	462	963	0
30323	28	46	963	0
29385	28	891	963	0
81291	28	1169	963	0
94955	28	1290	963	0
82911	28	1059	963	0
10902	28	380	963	0
53693	28	10913	963	0
88505	28	1167	963	0
19110	28	570	963	0
45543	28	1834	963	0
19693	28	91	963	0
130538	28	1181	963	0
23310	28	547	963	0
26551	28	394	963	0
126350	14	24317	963	0
37116	28	713	963	0
19770	28	241	963	0
9866	28	2624	963	0
16880	28	1025	963	0
44044	28	1116	963	0
20420	28	215	963	0
23232	28	486	963	0
60037	28	1074	963	0
69383	28	1549	963	0
19041	28	1112	963	0
10574	28	1676	963	0
16622	28	486	963	0
50352	28	3071	963	0
63378	28	808	963	0
70545	28	2475	963	0
64865	28	2526	963	0
14606	28	1032	963	0
70121	28	681	963	0
28683	28	9879	963	0
55555	28	6549	963	0
6184	28	1077	963	0
61648	28	1260	963	0
28758	28	89	963	0
16956	28	2697	963	0
11661	28	791	963	0
72737	28	3282	963	0
183143	28	32808	963	0
33418	28	703	963	0
54713	28	3172	963	0
78255	28	2876	963	0
29591	28	1162	963	0
18071	28	525	963	0
42583	28	4823	963	0
31913	28	2916	963	0
57751	28	9689	963	0
13717	28	1002	963	0
38839	28	1023	963	0
50641	14	943	963	0
68972	28	1500	963	0
11905	28	48	963	0
75923	28	647	963	0
18459	28	1070	963	0
30010	28	1251	963	0
26337	28	331	963	0
38542	28	2373	963	0
138659	28	1747	963	0
10658	28	255	963	0
8140	28	1544	963	0
46710	28	1576	963	0
7615	28	629	963	0
24558	28	520	963	0
18511	28	1766	963	0
20970	28	236	963	0
6181	28	28	963	0
18246	28	3886	963	0
12393	28	2608	963	0
105533	14	2792	963	0
22709	28	723	963	0
14211	28	1158	963	0
38025	28	255	963	0
91590	28	2154	963	0
36367	28	900	963	0
17678	28	2226	963	0
148036	28	6657	963	0
100648	28	16405	963	0
20357	28	510	963	0
22379	28	73	963	0
5829	28	1056	963	0
11941	14	52922	963	0
4776	28	44	963	0
20872	28	336	963	0
5592	28	160	963	0
97127	28	2526	963	0
31474	28	526	963	0
60384	28	423	963	0
8930	28	1254	963	0
109445	28	985	963	0
46344	28	32	963	0
26258	28	186	963	0
131001	28	1825	963	0
9428	28	1483	963	0
94843	28	3284	963	0
22728	28	4809	963	0
38217	28	2234	963	0
9289	28	363	963	0
46737	28	1022	963	0
51594	28	2075	963	0
15162	28	450	963	0
23608	28	769	963	0
86760	28	1831	963	0
65172	28	2381	963	0
12659	28	378	963	0
15655	28	912	963	0
12316	28	28	963	0
17721	28	453	963	0
88257	28	1468	963	0
155057	28	1708	963	0
50788	28	1277	963	0
88043	28	2097	963	0
110971	28	989	963	0
31413	28	71	963	0
34232	28	715	963	0
95580	28	2802	963	0
15912	28	11132	963	0
35289	28	622	963	0
77117	28	1243	963	0
30234	28	1270	963	0
5780	28	69	963	0
73098	28	2605	963	0
22385	28	920	963	0
58768	28	2569	963	0
79100	28	5765	963	0
37822	28	32	963	0
155092	14	2384	963	0
13853	28	954	963	0
77183	28	3939	963	0
57690	28	18873	963	0
38118	28	2863	963	0
69607	28	1321	963	0
86694	28	5211	963	0
53235	28	2053	963	0
29317	28	864	963	0
9050	28	337	963	0
16999	28	548	963	0
20783	28	3786	963	0
35717	28	1744	963	0
40704	28	668	963	0
109515	28	2802	963	0
12445	28	2204	963	0
37110	28	298	963	0
84116	28	1677	963	0
23860	28	1811	963	0
23524	28	357	963	0
69536	28	2059	963	0
5132	28	265	963	0
110149	28	5247	963	0
20864	28	875	963	0
41925	28	1364	963	0
104914	28	1551	963	0
42858	28	510	963	0
38743	28	478	963	0
39037	28	917	963	0
83609	28	6076	963	0
32675	28	1135	963	0
84934	28	411	963	0
25995	1	131633	963	0
74955	28	22922	963	0
9264	28	364	963	0
36981	28	720	963	0
52406	28	1672	963	0
42979	28	470	963	0
7626	28	1346	963	0
88852	28	1260	963	0
15370	28	290	963	0
37354	28	1296	963	0
18976	28	1221	963	0
7546	28	971	963	0
31460	28	2059	963	0
23251	28	1028	963	0
51705	28	582	963	0
85479	28	4834	963	0
77026	28	1083	963	0
58682	28	1474	963	0
102908	28	5211	963	0
48712	28	1423	963	0
26673	28	1513	963	0
9053	28	2050	963	0
18603	28	2786	963	0
20975	28	2335	963	0
42042	28	7267	963	0
10538	28	416	963	0
80019	28	1504	963	0
41310	28	74	963	0
104446	28	1909	963	0
58932	28	3584	963	0
23225	28	451	963	0
40530	28	17677	963	0
10084	28	716	963	0
10856	28	2908	963	0
