121463	28	1058	904	906
120019	28	2404	904	906
77836	28	118	904	906
18120	28	529	904	906
17857	28	381	904	906
22535	28	494	904	906
38825	28	120	904	906
71401	28	56	904	906
3511	6	1037	904	906
97150	28	52	904	906
11973	28	290	904	906
92564	28	2069	904	906
65497	28	164	904	906
23080	28	109	904	906
55663	28	98	904	906
4376	23	73177	904	906
128434	28	2404	904	906
111154	28	19	904	906
81535	23	2905	904	906
110928	28	48	904	906
53548	28	71	904	906
142560	28	453	904	906
68870	28	101	904	906
122304	28	117	904	906
59418	28	475	904	906
102334	28	71	904	906
132016	28	160	904	906
94505	28	56	904	906
38349	28	248	904	906
27030	28	28	904	906
41730	28	353	904	906
69008	28	164	904	906
33900	28	152	904	906
9350	28	82118	904	906
46459	28	20	904	906
38278	28	494	904	906
105289	28	82	904	906
95064	28	522	904	906
80370	28	621	904	906
17214	28	5801	904	906
13071	28	86	904	907
113685	28	331	904	907
98774	28	42	904	907
73943	28	248	904	907
41488	28	478	904	907
27638	28	79	904	907
41145	28	44	904	907
76590	28	118	904	907
61386	28	176	904	907
63557	28	224	904	907
118707	28	210	904	907
25645	28	44	904	907
34267	28	856	904	907
87265	28	52	904	907
99606	28	133	904	907
31086	28	550	904	907
20625	28	6384	904	907
66800	28	91	904	907
56788	28	60	904	907
116502	28	150	904	907
33069	28	91	904	907
36223	28	4716	904	907
166313	28	460	904	907
44916	28	4560	904	907
64386	28	57	904	907
44447	28	312	904	907
33137	28	47	904	907
94637	28	141	904	907
39184	28	105	904	907
30986	28	22784	904	907
14742	28	51244	904	907
89066	28	175	904	907
16889	28	39937	904	907
30041	28	58	904	907
104313	28	265	904	907
148608	28	53	904	907
25413	28	1349	904	907
84372	28	215	904	907
2731	23	73263	904	907
107434	28	27	904	907
14874	28	557	904	907
75181	28	8586	904	907
70342	28	875	904	907
44245	28	72	904	907
10976	28	2542	904	907
27039	28	378	904	907
130982	28	91	904	907
102918	28	99	904	907
29099	28	156	904	908
22535	28	16	904	908
97334	28	57	904	908
73854	28	739	904	908
98067	28	89	904	908
99985	28	354	904	908
35034	28	318	904	908
20517	28	45	904	908
72787	28	27	904	908
54255	28	133	904	908
40983	28	417	904	908
75996	28	1234	904	908
87321	28	71	904	908
53985	28	78	904	908
24785	28	274	904	908
67914	28	45	904	908
43421	28	141	904	908
23328	28	36	904	908
25206	28	930	904	908
150174	28	39	904	908
58389	28	16385	904	908
38304	28	77	904	908
51710	28	2438	904	908
21074	28	80	904	908
88113	28	156	904	908
21803	28	31	904	908
52074	28	164	904	908
66374	28	256	904	908
123937	28	71	904	908
118624	28	131	904	908
21149	28	420	904	909
54569	28	45	904	909
15153	28	346	904	909
27291	28	245	904	909
108125	28	82	904	909
11882	28	699	904	909
60496	28	60	904	909
106448	28	63	904	909
89173	23	2937	904	909
28179	23	45415	904	909
76634	28	162	904	909
59401	28	180	904	909
69681	28	274	904	909
74738	28	176	904	909
69352	28	65	904	909
123942	28	1102	904	909
18175	28	13327	904	909
38117	28	60	904	909
67341	28	51	904	909
57010	28	500	904	909
20402	28	14	904	910
101833	28	79	904	910
86696	28	102	904	910
118580	28	494	904	910
95771	28	102	904	910
56485	28	325	904	910
25427	28	1818	904	910
21930	28	169	904	910
51058	28	176	904	910
27281	28	38	904	910
77186	28	31	904	910
63654	28	520	904	910
13586	28	217	904	910
37062	28	50	904	910
61883	28	217	904	911
97048	28	41	904	911
91467	16	36363	904	911
92275	28	176	904	911
7250	28	217	904	911
108365	23	55065	904	911
125427	28	82	904	911
25765	28	37	904	911
127955	28	10512	904	911
89579	28	347	904	911
111713	28	82	904	911
127955	28	661	904	911
13127	23	99837	904	911
66277	28	158	904	911
80886	28	240	904	911
46117	30	3273	904	911
61268	28	36	904	912
30698	28	233	904	912
30267	28	176	904	912
41279	28	969	904	912
84318	28	274	904	912
41697	23	4857	904	912
33212	28	53	904	912
15336	23	97567	904	912
147686	14	2815	904	912
23368	28	92	904	912
16634	28	50	904	912
92678	28	106	904	912
60188	28	244	904	912
12437	28	69	904	913
16395	28	20	904	913
88664	28	244	904	913
92334	28	269	904	913
48202	28	50	904	913
127740	28	53	904	913
12183	28	101	904	913
44450	28	80	904	913
64308	28	102	904	913
121319	28	67	904	913
24433	28	269	904	913
125246	28	318	904	913
17961	28	165	904	913
96067	23	38940	904	914
46196	28	327	904	914
133103	28	37	904	914
46339	28	76	904	914
52286	28	217	904	914
60989	28	165	904	914
42689	28	114	904	914
95603	23	93833	904	914
44334	28	82	904	914
16257	28	223	904	914
16257	28	98	904	914
33738	28	37	904	914
30805	28	206	904	915
61250	28	156	904	915
133937	28	47	904	915
72539	28	123	904	915
72787	28	283	904	915
41366	28	37	904	916
56328	28	1321	904	916
30319	28	101	904	916
70851	28	661	904	916
75480	28	546	904	916
30319	28	494	904	916
79005	28	420	904	916
146030	28	74	904	916
45286	28	28	904	917
76607	28	276	904	917
88701	28	321	904	917
96844	28	184	904	917
84867	28	165	904	917
2531	23	71524	904	917
47920	28	346	904	918
18732	28	494	904	918
83585	28	217	904	919
37927	28	19	904	919
49390	28	121	904	919
93431	28	142	904	920
53248	28	675	904	921
51365	28	74	904	921
46871	28	165	904	921
88023	23	149969	904	924
50295	23	127367	904	926
36985	23	34374	904	931
11219	23	19632	904	931
144133	14	4374	904	933
118285	23	76948	904	941
68043	23	37960	904	948
64927	23	78025	904	954
50806	23	74051	904	955
110291	23	99171	904	964
83537	6	12834	905	0
35746	28	268	905	0
65018	28	216	905	0
158388	28	268	905	0
112717	28	347	905	0
100852	28	559	905	0
19972	28	131	905	0
10264	14	3741	905	0
104788	28	29	905	0
42334	14	106015	905	0
141323	14	538	905	0
14031	28	178	905	0
57994	6	3166	905	0
101379	23	4882	905	0
164851	14	2922	905	0
58636	28	269	905	0
86290	28	180	905	0
80719	6	3643	905	0
22387	28	11579	905	0
27391	14	943	905	0
9472	23	50349	905	0
92299	28	34	905	0
58071	6	389	905	0
19034	28	180	905	0
108597	28	88	905	0
10918	14	2384	905	0
23914	28	505	905	0
113101	28	46	905	0
10521	6	3907	905	0
19137	28	9864	905	0
13952	23	42399	905	0
63414	14	1217	905	0
3961	23	5999	905	0
16649	28	797	905	0
59919	28	106	905	0
15853	28	325	905	0
24807	14	3111	905	0
125732	28	186	905	0
38210	6	393	905	0
51697	28	1588	905	0
67877	30	284	905	0
114169	14	2417	905	0
88876	28	431	905	0
152066	14	137	905	0
81379	6	874	905	0
130124	16	151	905	0
2573	14	1706	905	0
140430	6	15333	905	0
56087	14	2964	905	0
51094	28	211	905	0
17209	28	1565	905	0
107589	28	80	905	0
85164	28	559	905	0
92207	14	902	905	0
19034	28	330	905	0
38303	28	106	905	0
12192	28	1179	905	0
29480	6	59	905	0
84459	28	784	905	0
29826	23	124219	905	0
124219	23	29826	905	0
100711	28	1832	905	0
46994	14	5310	905	0
7250	28	3308	905	0
31646	14	2797	905	0
47236	28	505	905	0
59238	28	41	905	0
48574	28	247	905	0
78034	28	494	905	0
84177	28	13336	905	906
73350	28	88	905	906
54495	28	383	905	906
22297	28	248	905	906
74086	28	265	905	906
86073	28	69	905	906
55670	28	156	905	906
134890	28	158	905	906
31166	28	3435	905	906
39637	28	43	905	906
116898	28	166	905	906
20628	28	156	905	906
28142	28	378	905	906
52308	28	72	905	906
73820	28	117	905	906
54050	28	609	905	906
119701	28	111	905	906
101850	28	51	905	906
84203	28	89	905	906
11485	28	252	905	906
75790	28	27	905	906
8556	28	70	905	906
60571	28	155	905	906
13567	28	48	905	906
37200	28	100	905	906
91855	28	1676	905	906
80028	28	78	905	906
25124	28	704	905	906
24707	28	793	905	906
12794	28	104	905	906
96344	28	2404	905	906
24968	28	289	905	906
66466	28	31	905	906
115944	28	744	905	906
36611	28	70	905	906
20358	28	141	905	906
145143	28	662	905	906
55872	28	160	905	906
10104	28	205	905	906
146043	28	346	905	906
45313	28	86	905	906
89416	28	1129	905	906
107873	23	9040	905	906
34880	28	174	905	906
99671	28	99	905	906
48208	28	856	905	906
56788	28	286	905	906
21594	28	347	905	906
21444	28	1102	905	906
111209	28	92	905	906
82227	28	455	905	906
16777	28	83	905	906
114765	28	56	905	906
60753	28	5478	905	906
175223	14	2815	905	906
39808	28	120	905	906
37408	28	252	905	906
110123	28	1740	905	906
16168	28	1818	905	906
29090	28	31	905	906
22764	28	134	905	906
48798	28	573	905	906
14220	28	337	905	906
94078	28	34	905	906
41830	28	477	905	906
42960	28	40	905	906
68700	28	39	905	906
94341	28	92	905	906
95279	28	2232	905	906
103359	28	2409	905	906
45530	28	110	905	906
23637	28	2517	905	906
57226	28	235	905	906
110501	28	92	905	906
14041	28	626	905	906
153923	28	53	905	906
16716	28	213	905	906
83758	6	1637	905	906
47734	28	117	905	906
154971	28	166	905	906
107368	28	158	905	906
74828	28	32	905	906
74632	28	111	905	906
35036	28	554	905	906
68304	28	122	905	906
111399	28	221	905	906
121683	28	52	905	906
59130	28	136	905	906
89761	28	65	905	906
83205	28	111	905	906
85160	28	66	905	906
104695	28	39	905	906
102041	28	13336	905	906
36920	28	14	905	906
105702	28	177	905	906
19714	28	38	905	906
61007	28	78	905	907
61388	28	378	905	907
22238	28	380	905	907
83929	28	51	905	907
74719	28	706	905	907
86685	28	383	905	907
76198	28	120	905	907
26592	28	27	905	907
136589	28	277	905	907
61178	28	383	905	907
160884	14	2815	905	907
33876	28	213	905	907
41167	28	22784	905	907
139208	28	110	905	907
120902	28	45	905	907
41427	28	254	905	907
10955	28	5386	905	907
56529	28	378	905	907
105803	28	126	905	907
27887	28	1149	905	907
36028	28	159	905	907
114697	28	37	905	907
31753	28	1076	905	907
89874	28	41	905	907
20271	28	445	905	907
81182	28	105	905	907
28900	28	2343	905	907
24024	28	232	905	907
92505	28	56448	905	907
39438	28	79	905	907
33268	28	5312	905	907
41359	28	85	905	907
111372	28	2331	905	907
44359	28	959	905	907
26444	28	121	905	907
36742	28	81	905	907
51330	28	609	905	907
103987	28	256	905	907
90532	28	98	905	907
78854	28	150	905	907
94754	28	5312	905	907
24433	28	83	905	907
18841	28	38	905	907
54572	28	77	905	907
104938	28	56	905	907
29685	28	58	905	907
94558	28	1167	905	907
48574	28	38	905	907
29560	28	73	905	907
79433	28	27	905	907
59545	28	33	905	907
23698	28	73841	905	907
22829	28	49	905	907
61489	28	56	905	908
31723	28	211	905	908
40004	28	1023	905	908
39703	28	439	905	908
83153	28	61	905	908
17060	28	49	905	908
139700	28	413	905	908
122153	28	325	905	908
106895	28	550	905	908
28035	28	477	905	908
79060	28	141	905	908
41065	28	39	905	908
19658	28	121	905	908
52477	28	78	905	908
19103	28	64	905	908
28517	28	789	905	908
74374	28	166	905	908
127505	28	550	905	908
36520	28	793	905	908
16591	28	27	905	908
28807	28	9864	905	908
26747	28	286	905	908
137374	28	58	905	908
34604	28	102	905	908
111674	28	277	905	908
129346	28	217	905	908
111408	28	122	905	908
40902	28	1531	905	908
15380	28	4716	905	908
92121	28	71	905	908
130061	28	277	905	908
51874	28	141	905	908
116491	28	31	905	908
147006	23	152455	905	908
35127	28	81	905	908
54072	28	171	905	908
119502	28	380	905	908
112338	28	42	905	908
36427	28	210	905	908
26668	28	240	905	908
30814	28	333	905	908
103048	28	139	905	908
18178	28	2533	905	908
82662	28	232	905	908
34819	28	153	905	909
55302	28	206	905	909
71296	28	67	905	909
76636	28	34	905	909
77759	28	168	905	909
55735	28	57	905	909
41675	28	3914	905	909
48113	28	29	905	909
25802	28	252	905	909
30805	28	132	905	909
132685	28	100	905	909
145551	28	255	905	909
69814	28	19	905	909
23623	28	34	905	909
42584	28	44	905	909
114166	28	1227	905	909
78574	6	8242	905	909
35871	28	235	905	909
33109	28	402	905	909
113741	28	255	905	909
14928	28	20	905	909
110123	28	166	905	909
56820	28	73	905	909
114182	28	80	905	909
52747	28	65	905	909
43644	23	81667	905	909
25379	28	58	905	909
13234	28	16	905	909
51997	28	402	905	909
44090	28	167	905	909
89234	28	962	905	909
127386	28	255	905	909
44718	28	67	905	909
25493	28	223	905	910
63688	28	22	905	910
15463	28	66	905	910
74262	23	113342	905	910
37125	28	38	905	910
7762	28	55	905	910
17242	28	136	905	910
50995	28	45	905	910
51398	28	57	905	910
7522	23	22356	905	910
22356	23	7522	905	910
81497	28	177	905	910
33643	28	58	905	910
43005	28	3668	905	910
61388	28	206	905	910
15394	28	74	905	910
97411	28	169	905	910
128645	28	111280	905	910
145115	28	33833	905	910
143143	28	61	905	910
37408	28	269	905	910
41898	28	87	905	910
44426	28	34	905	910
111196	28	20	905	910
126611	28	37	905	910
48253	28	797	905	910
53622	28	176	905	910
70952	28	969	905	911
23623	28	214	905	911
55811	28	16452	905	911
29125	28	505	905	911
41730	28	33833	905	911
73539	28	217	905	911
12985	28	30	905	911
31038	28	64	905	911
109590	28	71	905	911
94885	28	80	905	911
109347	30	2437	905	911
14344	28	336	905	911
39017	28	112	905	911
102189	28	217	905	911
20524	28	291	905	911
40442	28	76	905	911
46717	28	69	905	911
54255	28	164	905	911
26428	28	38	905	911
70503	28	420	905	911
44176	28	286	905	911
51627	28	63	905	911
38690	28	1223	905	912
6399	23	4073	905	912
4073	23	6399	905	912
20125	28	527	905	912
36135	28	573	905	912
122828	28	244	905	912
69242	28	88	905	912
37999	28	527	905	912
109423	28	71	905	912
32457	28	58	905	912
23521	28	164	905	912
26778	28	16	905	912
21969	23	31684	905	912
124520	28	192	905	912
54357	28	5386	905	912
20625	28	323	905	912
23064	28	48	905	913
42387	28	29	905	913
50981	28	44	905	913
25493	28	101	905	913
126060	28	1102	905	913
58636	28	70	905	913
110814	28	14	905	913
36702	28	114	905	913
127644	28	675	905	913
70342	28	269	905	913
29200	28	164	905	914
3828	23	66722	905	914
60507	28	23	905	914
42457	28	31	905	914
76327	28	397	905	914
73620	28	34	905	914
50349	23	9472	905	914
122828	28	1119	905	914
66517	28	22	905	914
81495	28	91	905	914
60735	28	16	905	914
122659	28	1077	905	914
27878	28	64	905	914
29983	28	33	905	914
66043	23	101637	905	915
21156	23	68509	905	915
68509	23	21156	905	915
42967	28	531	905	915
100852	28	48	905	915
65151	28	3283	905	915
52376	28	413	905	916
12934	28	176	905	916
48463	28	55	905	916
50877	28	158	905	916
82539	28	244	905	917
48288	28	66	905	917
43090	28	280	905	917
72289	23	107381	905	917
107381	23	72289	905	917
44517	28	102	905	917
33357	28	1795	905	917
56494	28	675	905	917
124498	28	46	905	918
51852	28	64	905	918
59354	28	251	905	918
71641	28	295	905	919
29528	28	531	905	919
112106	28	675	905	919
112400	28	755	905	919
18157	28	247	905	920
12183	28	29	905	920
61470	28	690	905	921
42049	28	247	905	921
61470	28	268	905	921
70402	28	371	905	921
26210	14	12967	905	923
66283	28	167	905	925
84018	23	17132	905	933
49418	23	91418	905	942
142582	16	8	905	945
52486	23	128812	905	948
140634	23	105774	905	950
108896	23	73352	905	961
73352	23	108896	905	961
33908	6	3166	906	0
98054	28	14	906	0
114392	28	34	906	0
53703	28	281	906	0
86171	28	126	906	0
65151	28	766	906	0
100986	6	59	906	0
18077	28	53	906	0
101237	28	3265	906	0
30073	28	41	906	0
65894	28	136	906	0
136859	14	4374	906	0
29480	6	367	906	0
17209	28	494	906	0
46508	28	460	906	0
105137	6	6378	906	0
12192	28	65363	906	0
24232	23	7773	906	0
66466	28	215	906	0
14041	28	10833	906	0
116898	28	339	906	0
63688	28	14	906	0
62772	28	3376	906	0
72966	6	2021	906	0
93415	14	943	906	0
144590	14	11216	906	0
125228	16	1419	906	0
85209	14	87661	906	0
79793	6	3719	906	0
72557	28	19	906	0
94306	28	247	906	0
144920	23	91490	906	0
66956	14	782	906	0
116308	14	18354	906	0
74632	28	339	906	0
32670	1	168995	906	0
55676	28	10833	906	0
77253	14	5000	906	0
12192	28	2422	906	0
69570	28	85265	906	0
50272	23	105328	906	0
53773	28	247	906	0
104634	6	1109	906	0
78914	28	2033	906	0
26248	28	159	906	0
15244	23	127524	906	0
62475	14	10459	906	0
101539	23	17503	906	0
24295	14	444	906	0
52035	14	106015	906	0
95279	28	33	906	0
85062	28	18395	906	0
56836	14	2384	906	0
91063	14	1706	906	0
30041	28	105	906	0
86923	28	3283	906	0
72727	28	14	906	0
36169	14	1217	906	0
59648	6	59	906	0
38580	28	133	906	0
44717	28	6617	906	0
150354	14	7183	906	0
152752	28	9837	906	0
12234	28	213	906	0
110998	23	27667	906	0
27667	23	110998	906	0
178331	28	350	906	0
17826	14	6456	906	0
30854	28	3283	906	0
65894	28	99	906	0
66078	6	497	906	0
48990	14	943	906	0
23785	28	396	906	0
70876	28	1676	906	0
126611	28	68	906	0
92375	14	764	906	0
107126	14	538	906	0
91175	14	902	906	0
130931	28	58	906	0
48581	14	3568	906	0
11973	28	938	906	0
65708	14	12276	906	0
128434	28	1223	906	0
94607	14	139383	906	0
15853	28	3283	906	0
32700	28	136	906	0
15336	14	94787	906	0
185067	14	2815	906	0
119962	28	34	906	0
40671	28	81	906	0
130843	14	94	906	0
94989	14	229	906	0
68620	6	8427	906	0
45313	28	629	906	0
88876	28	662	906	0
7281	28	2438	906	0
92203	23	71468	906	0
64315	28	313	906	0
48621	28	786	906	906
11280	28	698	906	907
39808	28	98	906	907
53548	28	145	906	907
19714	28	16	906	907
46603	28	132	906	907
53978	28	149	906	907
17857	28	139	906	907
36928	28	180	906	907
83318	28	83	906	907
29971	28	252	906	907
102334	28	145	906	907
89101	28	37	906	907
90170	28	347	906	907
54448	28	101	906	907
104476	28	100	906	907
68304	28	39	906	907
70876	28	347	906	907
66546	28	653	906	907
19034	28	3283	906	907
88566	28	99	906	907
35959	28	1164	906	907
11485	28	99	906	907
97623	28	797	906	907
91661	28	79899	906	907
101850	28	91	906	907
35210	28	28141	906	907
144742	28	99	906	907
42960	28	56	906	907
67435	28	695	906	907
25108	23	32939	906	907
32939	23	25108	906	907
23614	28	205	906	907
85197	28	266	906	907
30277	28	60	906	907
36175	28	40	906	907
92564	28	347	906	907
78914	28	134	906	907
82233	28	5222	906	907
116815	28	930	906	907
4686	23	67197	906	907
67197	23	4686	906	907
97150	28	800	906	907
109438	28	5527	906	907
62187	28	63	906	907
56788	28	252	906	907
89761	28	61	906	907
120472	28	996	906	907
21594	28	104	906	907
15853	28	253	906	907
41830	28	556	906	907
16296	28	4924	906	907
105289	28	88	906	907
45936	28	706	906	907
72557	28	81	906	907
111644	28	126	906	907
110501	28	1102	906	907
33900	28	178	906	907
20628	28	145	906	907
74086	28	2069	906	907
44908	28	55665	906	907
110928	28	265	906	907
29469	28	315	906	907
27030	28	72	906	907
83205	28	118	906	907
123635	28	111	906	907
71806	28	168	906	907
54050	28	621	906	907
51387	28	277	906	907
45313	28	998	906	907
130130	28	248	906	907
75225	28	56	906	907
57226	28	2438	906	907
45530	28	283	906	907
115600	28	104	906	907
25006	28	1570	906	907
61574	28	2069	906	907
24968	28	51	906	908
25124	28	30	906	908
19880	28	621	906	908
41730	28	5386	906	908
31662	28	78	906	908
44747	28	14	906	908
41844	28	2438	906	908
38964	28	951	906	908
47236	28	1254	906	908
47734	28	79	906	908
38825	28	53	906	908
47774	28	180	906	908
85160	28	134	906	908
102041	28	145	906	908
86191	28	180	906	908
122911	28	380	906	908
123983	28	39	906	908
8508	28	3169	906	908
23637	28	159	906	908
12794	28	109	906	908
109132	28	31	906	908
43886	28	150	906	908
38285	28	2027	906	908
9350	28	109	906	908
68700	28	122	906	908
31381	28	830	906	908
85062	28	72	906	908
32918	28	351	906	908
63921	23	23986	906	908
59948	28	167	906	908
59464	28	166	906	908
110069	28	34	906	908
139793	28	88	906	908
15799	28	72	906	908
35036	28	378	906	908
12192	28	516	906	908
22782	28	313	906	908
95519	28	153	906	908
51809	28	102	906	908
25802	28	60	906	908
86150	28	358	906	908
46459	28	347	906	908
24589	28	16	906	908
21890	28	98	906	908
94341	28	298	906	908
152752	28	49074	906	908
45918	28	150	906	908
139141	28	83	906	908
75751	28	3331	906	908
20032	28	31	906	908
107368	28	117	906	908
25911	28	158	906	908
86416	28	478	906	908
102656	28	460	906	908
111154	28	158	906	908
59130	28	560	906	908
95279	28	1697	906	908
69814	28	494	906	908
94505	28	18395	906	908
38998	28	107	906	908
59366	28	235	906	908
109854	28	56	906	908
82237	28	132	906	908
20921	28	18982	906	908
14220	28	1810	906	908
50920	28	1977	906	908
12234	28	27	906	908
13567	28	2411	906	908
20274	28	129	906	908
71401	28	57	906	909
61442	28	122	906	909
132263	28	188	906	909
17234	28	14	906	909
65446	28	171	906	909
84352	28	164	906	909
26484	28	223	906	909
36611	28	248	906	909
114316	28	166	906	909
90778	28	213	906	909
11129	23	93481	906	909
93481	23	11129	906	909
55619	28	38	906	909
61953	28	89	906	909
167761	28	350	906	909
55663	28	63	906	909
77447	28	153	906	909
68870	28	23	906	909
84203	28	166	906	909
19077	28	14	906	909
38266	28	52	906	909
175837	28	350	906	909
65295	28	38	906	909
16716	28	289	906	909
101237	28	88	906	909
90646	28	716	906	909
60714	28	99	906	909
18732	28	55	906	909
44261	28	1073	906	909
53773	28	142	906	910
22764	28	40	906	910
60753	28	67	906	910
48208	28	64	906	910
5035	23	57716	906	910
57716	23	5035	906	910
77836	28	347	906	910
36102	28	121	906	910
41776	28	251	906	910
42329	28	49	906	910
55872	28	117	906	910
73820	28	30	906	910
54459	28	34	906	910
69938	28	57	906	910
73544	6	2618	906	910
80028	28	61	906	910
18404	28	1023	906	910
85269	28	529	906	910
24140	28	50	906	910
47098	28	247	906	910
101014	28	1321	906	910
94054	28	455	906	910
30831	28	343	906	910
86073	28	79	906	910
29863	28	311	906	910
81149	28	41	906	910
58250	16	183447	906	910
21930	28	29	906	911
96383	28	33833	906	911
25796	28	87	906	911
113356	28	2694	906	911
124173	28	83	906	911
96344	28	177	906	911
108532	28	71	906	911
23080	28	19	906	911
7250	28	527	906	911
8508	28	33833	906	911
48502	28	105	906	911
11973	28	27	906	911
29090	28	53	906	911
113982	28	498	906	911
86171	28	629	906	911
17531	28	109	906	911
65894	28	155	906	911
13586	28	527	906	911
30801	28	77	906	911
34678	28	699	906	912
13105	28	66	906	912
4208	23	3215	906	912
21404	14	1217	906	912
30689	23	46637	906	912
46637	23	30689	906	912
24518	28	30	906	912
48621	28	2326	906	912
111296	28	66	906	912
114392	28	95	906	912
21590	28	552	906	912
84911	28	50	906	913
34285	28	969	906	913
115944	28	309	906	913
86391	28	92	906	913
45199	28	2060	906	913
13071	28	494	906	913
71243	28	20	906	913
66201	28	2088	906	913
88701	28	34	906	913
53726	28	34	906	913
76834	28	20	906	913
78098	28	351	906	913
44450	28	494	906	913
43090	28	164	906	913
74847	28	45	906	914
87924	28	350	906	914
119542	28	213	906	914
64315	28	248	906	914
12437	28	29	906	914
52619	28	286	906	914
71841	28	184	906	914
94816	28	85	906	914
60507	28	223	906	914
27843	28	321	906	914
70029	28	304	906	914
64353	28	304	906	914
15428	28	159	906	914
155469	28	452	906	914
32700	28	32	906	914
27843	28	34	906	915
74946	28	1754	906	915
7773	23	24232	906	915
20524	28	244	906	915
27959	28	252	906	915
50707	28	133	906	915
35000	28	290	906	915
180114	14	2815	906	915
61178	28	135	906	915
81067	28	34	906	915
57161	28	520	906	915
16168	28	43	906	915
38669	28	68	906	915
52286	28	527	906	916
54495	28	630	906	916
43050	28	133	906	916
15428	28	164	906	916
127216	28	309	906	916
72534	28	424	906	916
5883	28	121	906	916
72404	28	269	906	916
63557	28	460	906	916
85877	28	3350	906	916
101053	28	269	906	916
4411	23	3764	906	917
80608	28	33	906	917
93176	28	134	906	917
87821	28	184	906	917
146218	28	453	906	917
64353	28	323	906	917
59356	28	244	906	917
48531	28	280	906	917
84182	23	113721	906	918
113721	23	84182	906	918
38401	28	269	906	918
27959	28	2838	906	919
109687	28	42	906	919
19137	28	2483	906	920
44517	28	494	906	920
100578	28	298	906	920
72404	28	975	906	921
173553	28	531	906	921
83210	28	926	906	922
4194	23	90606	906	923
90606	23	4194	906	923
45200	23	48085	906	924
173705	14	4374	906	924
32825	28	20	906	925
17324	14	80481	906	929
3077	14	7134	906	931
12162	23	44847	906	936
44847	23	12162	906	936
4395	23	50525	906	938
50525	23	4395	906	939
6038	23	6404	906	940
6404	23	6038	906	940
81191	23	3775	906	945
40149	23	81385	906	945
81385	23	40149	906	945
88053	16	8	906	945
72162	23	62220	906	946
37001	23	77052	906	947
77052	23	37001	906	947
71468	23	92203	906	957
44876	14	38774	907	0
96419	28	34	907	0
39715	14	1869	907	0
53316	14	1428	907	0
17024	28	3119	907	0
5749	28	216	907	0
22782	28	4716	907	0
97702	28	6617	907	0
28859	14	7271	907	0
19607	28	19	907	0
84292	6	3223	907	0
30698	28	32	907	0
62386	28	267	907	0
7303	14	3741	907	0
112054	28	996	907	0
34898	28	22784	907	0
17205	14	58242	907	0
104313	28	111	907	0
30986	28	216	907	0
11485	28	155	907	0
104938	28	298	907	0
21314	6	3843	907	0
114617	6	284	907	0
47508	28	25057	907	0
90651	28	10650	907	0
68446	28	828	907	0
24547	28	4726	907	0
123633	28	122	907	0
48048	14	5310	907	0
74086	28	1349	907	0
123687	28	2283	907	0
80886	28	60	907	0
28310	14	5000	907	0
78651	14	3568	907	0
99240	23	43147	907	0
7303	14	782	907	0
29008	14	444	907	0
53300	14	2417	907	0
118012	14	7588	907	0
78361	6	4054	907	0
33900	28	1149	907	0
39808	28	107	907	0
6274	23	11121	907	0
50253	28	6878	907	0
42426	23	111218	907	0
26225	28	346	907	0
112054	28	768	907	0
15242	28	33	907	0
23698	28	164	907	0
50325	28	57	907	0
25015	28	57	907	0
66553	28	361	907	0
25002	28	913	907	0
66650	6	3719	907	0
72138	28	7290	907	0
62720	28	216	907	0
46711	14	58242	907	0
17857	28	63	907	0
78854	28	63	907	0
82174	28	29	907	0
27030	28	6617	907	0
18194	28	380	907	0
66553	28	67664	907	0
62187	28	1349	907	0
50253	28	1633	907	0
92273	14	1217	907	0
56198	28	176	907	0
42584	28	247	907	0
127437	14	13152	907	0
46526	14	14397	907	0
60387	28	5796	907	0
84759	28	29	907	0
23322	28	2232	907	0
51809	28	14	907	0
72173	6	3719	907	0
35400	14	4443	907	0
50503	28	133	907	907
112054	28	255	907	908
131304	28	89	907	908
25413	28	175	907	908
61574	28	1483	907	908
39774	28	2069	907	908
97150	28	139	907	908
83929	28	109	907	908
54448	28	1818	907	908
18841	28	58	907	908
45936	28	282	907	908
121683	28	107	907	908
45313	28	1071	907	908
33657	23	141036	907	908
21843	28	48657	907	908
88560	28	175	907	908
32897	28	126	907	908
24433	28	2438	907	908
92564	28	111	907	908
69167	28	1066	907	908
46724	28	1481	907	908
96240	28	83	907	908
76198	28	178	907	908
84372	28	88	907	908
83318	28	37	907	908
104848	28	330	907	908
89913	28	35488	907	908
14041	28	3593	907	908
50325	28	3367	907	908
89066	28	28	907	908
36572	28	577	907	908
45530	28	178	907	908
16296	28	19907	907	908
53978	28	43235	907	908
169585	28	19	907	908
25002	28	132	907	908
36688	28	550	907	908
16812	28	327	907	908
42977	28	1496	907	908
128440	28	83	907	908
66800	28	58	907	908
56788	28	155	907	908
53548	28	171	907	908
100499	28	91	907	908
79433	28	188	907	908
35210	28	292	907	908
55670	28	205	907	908
56624	28	56	907	908
44908	28	1923	907	908
42701	30	4653	907	908
125109	28	67664	907	908
88566	28	282	907	908
68304	28	704	907	908
25006	28	1229	907	908
107434	28	188	907	908
123635	28	134	907	908
79811	28	439	907	908
81079	28	289	907	908
48574	28	1971	907	908
118721	28	1149	907	908
35987	28	192	907	908
26444	28	1101	907	908
88291	28	53137	907	908
56328	28	34	907	908
69570	28	135	907	908
79122	28	45	907	908
77045	28	180	907	908
33069	28	81	907	908
56529	28	797	907	908
122296	28	1206	907	908
111429	28	806	907	908
112974	28	177	907	908
35959	28	333	907	908
76590	28	126	907	908
21594	28	93810	907	908
111372	28	942	907	908
155469	28	167	907	908
71753	28	56	907	909
114697	28	71	907	909
36028	28	133	907	909
98782	28	177	907	909
65497	28	198	907	909
76634	28	206	907	909
103305	28	532	907	909
8646	28	259	907	909
48284	28	293	907	909
78854	28	134	907	909
102334	28	205	907	909
92264	28	303	907	909
36223	28	60	907	909
21505	28	92	907	909
80457	28	36492	907	909
78914	28	552	907	909
98922	28	166	907	909
89189	28	63	907	909
73350	28	30	907	909
19104	28	4716	907	909
27736	28	72	907	909
32700	28	211	907	909
71499	28	3030	907	909
14424	28	290	907	909
18077	28	39	907	909
47006	28	378	907	909
8804	28	12765	907	909
89101	28	71	907	909
127386	28	768	907	909
26592	28	38	907	909
36223	28	155	907	909
25645	28	166	907	909
24645	28	619	907	909
72557	28	111	907	909
67435	28	1101	907	909
23614	28	79899	907	909
139208	28	139	907	909
29650	28	176	907	909
60387	28	109	907	909
111644	28	188	907	909
104476	28	56	907	909
55871	28	937	907	909
29640	28	71	907	909
17857	28	73	907	909
124589	28	156	907	909
124657	28	19	907	909
121194	28	254	907	909
68446	28	2033	907	909
4097	23	3485	907	909
14151	28	91	907	909
61007	28	150	907	909
130982	28	828	907	909
102778	28	40	907	909
22238	28	830	907	909
95725	28	67	907	909
27039	28	248	907	909
20884	28	698	907	909
27638	28	43	907	909
115600	28	1483	907	909
71806	28	42	907	909
30041	28	66	907	910
64386	28	1931	907	910
75143	28	73	907	910
10955	28	235	907	910
29560	28	45567	907	910
34972	28	131	907	910
104313	28	175	907	910
48661	28	13655	907	910
15242	28	67	907	910
33876	28	63	907	910
36431	28	2232	907	910
44245	28	41	907	910
59545	28	87	907	910
39438	28	405	907	910
69818	28	402	907	910
51700	28	228	907	910
50975	28	4716	907	910
50707	28	164	907	910
12036	28	4548	907	910
39184	28	58	907	910
19420	28	875	907	910
20628	28	114	907	910
54572	28	69	907	910
50253	28	88	907	910
30035	28	830	907	910
23322	28	629	907	910
83294	28	1069	907	910
46574	28	224	907	910
81922	28	145	907	910
9557	28	3308	907	911
71057	28	269	907	911
101105	28	169	907	911
159094	23	101560	907	911
24523	28	20	907	911
58928	28	464	907	911
115460	28	37	907	911
46969	28	28393	907	911
107503	28	4924	907	911
81182	28	74	907	911
90651	28	269	907	911
43642	28	71	907	911
20540	28	76	907	911
49563	28	66	907	911
21444	28	87	907	911
13223	28	539	907	911
98774	28	40	907	911
80457	28	1213	907	911
15853	28	121	907	911
130738	28	969	907	911
90651	28	593	907	911
30073	28	117	907	911
51697	28	105	907	911
109438	28	330	907	911
3685	23	86585	907	912
47768	28	5238	907	912
101757	28	20	907	912
27112	28	60	907	912
40283	28	420	907	912
105953	28	102	907	912
23865	28	80	907	912
123687	28	30	907	912
24530	28	55	907	912
94313	28	91	907	912
46889	28	248	907	912
45199	28	520	907	912
59583	28	267	907	912
170569	14	2815	907	912
49278	28	78	907	912
32911	28	230	907	912
13061	28	99	907	912
60083	28	320	907	912
16236	28	133	907	912
111578	28	540	907	912
51877	28	649	907	912
59730	28	2433	907	912
145551	28	768	907	912
47508	28	2060	907	912
19714	28	51	907	912
26413	28	41	907	913
72937	28	2438	907	913
101557	23	2905	907	913
85435	28	159	907	913
72539	28	34	907	913
54395	28	60	907	913
15291	28	199	907	913
54999	28	78	907	913
105803	28	168	907	913
27606	28	290	907	913
129263	28	371	907	913
29685	28	20	907	913
55871	28	460	907	913
94523	28	164	907	913
41500	28	43	907	913
43486	23	21290	907	913
21290	23	43486	907	913
123277	28	74	907	913
33137	28	44	907	913
24633	28	159	907	913
83692	28	45	907	914
40720	23	40721	907	914
56190	28	32	907	914
12586	28	158	907	914
40447	28	29	907	914
46166	28	32	907	914
111218	23	42426	907	914
42620	28	60	907	914
13071	28	42	907	914
113685	28	381	907	914
56494	28	217	907	914
18330	23	106232	907	914
46174	28	223	907	914
149388	28	107	907	914
35243	28	256	907	914
93012	28	44	907	914
102592	28	726	907	915
63066	28	2438	907	915
87265	28	178	907	915
46166	28	131	907	915
94523	28	159	907	915
33453	28	164	907	915
55702	28	460	907	915
28035	28	60	907	915
21413	28	141	907	915
51192	28	30	907	915
31753	28	114	907	915
102963	28	460	907	915
50503	28	303	907	915
66553	28	531	907	916
164717	28	510	907	916
54357	28	60	907	916
5505	23	60474	907	916
26477	28	290	907	916
48345	28	29	907	916
70402	28	217	907	916
101051	28	364	907	916
123209	28	321	907	916
86187	28	34	907	917
31894	28	184	907	917
137569	28	768	907	917
41991	28	206	907	917
11280	28	55	907	917
37690	23	69508	907	917
80370	28	60	907	917
27030	28	33	907	918
108792	28	354	907	918
46724	28	269	907	918
34726	28	49	907	918
62312	28	1156	907	918
62020	28	303	907	918
39339	28	66	907	919
69315	28	58	907	919
50570	23	84473	907	919
43926	28	55	907	919
111971	28	1459	907	919
26393	28	50	907	919
24547	28	52	907	919
155210	23	59769	907	919
4385	23	45366	907	920
45366	23	4385	907	920
46603	28	321	907	920
38964	28	244	907	920
87161	28	244	907	920
63557	28	1156	907	921
19114	23	121018	907	921
37241	28	460	907	921
74946	28	121	907	921
18344	23	60392	907	921
152949	16	226	907	921
89761	28	188	907	921
37241	28	1156	907	921
38884	28	33	907	922
54150	28	276	907	923
47855	28	290	907	923
49472	28	1156	907	923
32477	23	95656	907	923
54566	14	6882	907	924
44359	28	135	907	924
36083	28	10384	907	925
89543	23	137602	907	925
137602	23	89543	907	925
23785	28	64	907	925
147014	28	924	907	926
3772	23	99076	907	935
91189	23	130806	907	945
76869	23	53177	907	948
52890	23	94987	907	957
52007	6	3159	908	0
71724	28	81	908	0
84258	6	3719	908	0
85822	14	3844	908	0
45713	6	59	908	0
29079	14	444	908	0
54365	14	7183	908	0
48574	28	186	908	0
75530	23	87373	908	0
101474	14	444	908	0
117798	28	83	908	0
36102	28	176	908	0
76761	14	9403	908	0
45313	28	7340	908	0
48519	14	2188	908	0
30178	28	3379	908	0
49590	6	270	908	0
42569	14	3473	908	0
40442	28	312	908	0
61377	27	66550	908	0
52811	14	13261	908	0
73100	28	141	908	0
85891	28	261	908	0
58089	14	5000	908	0
64121	14	9717	908	0
55885	14	3741	908	0
15463	28	14	908	0
166730	16	1256	908	0
32457	28	247	908	0
52752	23	86237	908	0
98338	14	3844	908	0
120133	14	3348	908	0
123298	28	1456	908	0
39808	28	72	908	0
23272	28	88	908	0
41167	28	165	908	0
97009	28	139	908	0
72937	28	60	908	0
42977	28	1818	908	0
18673	28	20	908	0
22855	28	361	908	0
136859	14	2815	908	0
53132	28	60	908	0
128920	23	81882	908	0
81882	23	128920	908	0
5358	14	43240	908	0
150201	28	1426	908	0
14424	28	223	908	0
44717	28	29	908	0
44034	28	333	908	0
120084	6	3102	908	0
52470	28	333	908	0
46843	14	764	908	0
109132	28	100	908	0
50827	23	17049	908	0
38999	14	7271	908	0
61760	14	902	908	0
59919	28	2984	908	0
75751	28	32744	908	0
68304	28	265	908	0
42569	14	24005	908	0
116941	14	782	908	0
38396	28	460	908	0
89410	28	16	908	0
80428	6	1003	908	0
49178	28	165	908	0
75333	28	60	908	0
94505	28	39	908	0
9360	28	323	908	0
112974	28	4146	908	0
19607	28	1077	908	0
25870	23	30853	908	0
55143	28	33163	908	0
59594	28	2341	908	0
21413	28	68	908	0
5749	28	165	908	0
34267	28	893	908	0
30986	28	238	908	0
114501	14	3844	908	0
59749	14	4523	908	0
34604	28	188	908	0
5844	6	3620	908	0
32008	14	29949	908	0
2825	14	2431	908	0
91846	23	50925	908	908
33776	28	1149	908	909
19658	28	798	908	909
46459	28	43	908	909
72787	28	89	908	909
35210	28	251	908	909
53978	28	46	908	909
85053	28	42	908	909
41065	28	139	908	909
53548	28	114	908	909
74374	28	142	908	909
38998	28	2069	908	909
42562	28	161	908	909
56788	28	378	908	909
88113	28	210	908	909
54448	28	332	908	909
102910	28	41	908	909
89874	28	56	908	909
74632	28	40	908	909
82227	28	386	908	909
139793	28	166	908	909
24968	28	107	908	909
14874	28	2469	908	909
79060	28	99	908	909
121955	28	39	908	909
122441	28	58	908	909
26467	28	797	908	909
59210	23	141903	908	909
34915	28	36	908	909
92564	28	175	908	909
79122	28	930	908	909
107368	28	3269	908	909
7281	28	556	908	909
25002	28	3350	908	909
81079	28	750	908	909
41893	23	94365	908	909
41488	28	512	908	909
99985	28	741	908	909
40020	28	252	908	909
33546	28	164	908	909
82237	28	20950	908	909
21843	28	793	908	909
78593	28	99	908	909
28653	28	72	908	909
12234	28	51	908	909
105739	28	2069	908	909
131627	28	134	908	909
16810	28	475	908	909
79063	28	277	908	909
111429	28	63	908	909
25911	28	126	908	909
111087	28	386	908	909
57128	28	165	908	909
85788	28	46	908	909
114495	28	168	908	909
37056	28	242	908	909
94341	28	1129	908	909
111408	28	166	908	909
76590	28	806	908	909
22535	28	806	908	909
75996	28	205	908	909
14424	28	938	908	909
7301	28	888	908	909
128903	28	68	908	909
38285	28	4700	908	909
25124	28	46	908	909
34319	28	83	908	909
82233	28	206	908	909
99671	28	621	908	909
90006	28	1688	908	909
84177	28	45	908	909
42353	28	361	908	909
21594	28	221	908	909
111674	28	3100	908	909
77045	28	232	908	909
87321	28	210	908	909
85338	28	161	908	909
106895	28	542	908	909
79226	28	175	908	909
45530	28	1483	908	909
102592	28	2438	908	909
21803	28	168	908	909
130807	28	16	908	909
121683	28	2069	908	909
53132	28	2438	908	909
82662	28	930	908	910
83318	28	71	908	910
97009	28	2069	908	910
20274	28	71	908	910
23397	28	152	908	910
10807	28	332	908	910
99150	28	429	908	910
25006	28	313	908	910
55143	28	61	908	910
15799	28	22	908	910
18065	28	7072	908	910
42946	28	49	908	910
100193	28	188	908	910
38219	28	3906	908	910
143811	28	86	908	910
86074	28	1127	908	910
83153	28	98	908	910
51710	28	313	908	910
22079	28	1238	908	910
49390	28	176	908	910
58389	28	13564	908	910
23328	28	117	908	910
110399	28	79899	908	910
59418	28	176	908	910
44997	28	88	908	910
18673	28	1165	908	910
68127	28	39	908	910
61637	28	2438	908	910
47734	28	188	908	910
73160	28	351	908	910
55584	28	101	908	910
82132	28	277	908	910
117429	28	48	908	910
40020	28	60	908	910
24589	28	78	908	910
35959	28	68	908	910
40283	28	60	908	910
18194	28	618	908	910
33038	28	153	908	910
123937	28	386	908	910
24785	28	836	908	910
73343	28	42	908	910
46360	28	552	908	910
100135	28	42	908	910
20032	28	52	908	910
26747	28	248	908	910
61489	28	73	908	910
30382	28	133	908	911
48621	28	281	908	911
46724	28	2438	908	911
12192	28	4147	908	911
55547	28	164	908	911
31506	28	14	908	911
122304	28	56	908	911
58266	28	256	908	911
43319	28	333	908	911
71756	28	2433	908	911
48567	28	60	908	911
106698	28	83	908	911
51058	28	699	908	911
45367	28	252	908	911
20517	28	129	908	911
25206	28	129	908	911
8508	28	353	908	911
103582	28	1149	908	911
81369	28	330	908	911
91277	28	327	908	911
51874	28	330	908	911
28807	28	626	908	911
38396	28	1283	908	911
81593	28	83	908	911
17060	28	58	908	911
150174	28	111	908	911
118707	28	1234	908	911
71641	28	176	908	911
18841	28	49	908	911
55670	28	210	908	911
28054	28	2454	908	911
86191	28	99	908	911
97334	28	88	908	911
66546	28	417	908	911
25268	28	19	908	911
69646	28	800	908	911
86150	28	31	908	911
47774	28	83	908	911
97702	28	56	908	911
106513	28	22	908	911
48567	28	240	908	911
13448	28	83	908	912
85114	28	558	908	912
83929	28	1354	908	912
86645	28	331	908	912
161777	23	139462	908	912
19880	28	2542	908	912
25108	23	4492	908	912
38349	28	230	908	912
19103	28	3554	908	912
11645	28	1835	908	912
108155	28	120	908	912
87658	28	156	908	912
52477	28	80	908	912
31060	28	23	908	912
65566	28	143	908	912
119189	28	215	908	912
42652	28	289	908	912
74494	23	3693	908	912
36688	28	474	908	912
36572	28	893	908	912
103048	28	120	908	912
70700	28	4387	908	912
45084	28	57	908	912
33069	28	2069	908	912
15380	28	2438	908	912
53985	28	14	908	912
134946	28	15676	908	912
39167	28	29	908	913
63269	28	217	908	913
71724	28	2069	908	913
32324	28	22	908	913
18527	28	213	908	913
17499	23	84056	908	913
84056	23	17499	908	913
52410	28	165	908	913
67914	28	180	908	913
112338	28	122	908	913
47098	28	16	908	913
28035	28	252	908	913
24633	28	164	908	913
53985	28	20	908	913
68674	28	20	908	913
92659	28	73	908	913
66630	28	16	908	913
38512	28	277	908	913
30347	28	60	908	913
114308	28	37	908	913
89410	28	52	908	913
66800	28	57	908	913
41488	28	20	908	913
118260	28	74	908	913
44686	28	156	908	913
40902	28	1698	908	914
71779	28	327	908	914
137374	28	27	908	914
35871	28	60	908	914
90709	23	104681	908	914
35034	28	214	908	914
11417	28	199	908	914
39637	28	107	908	914
28422	28	247	908	914
40983	28	228	908	914
89423	28	78	908	914
60028	28	540	908	914
33313	28	34	908	914
40171	28	542	908	914
69005	28	460	908	914
51809	28	49	908	914
109920	28	421	908	914
86416	28	27	908	914
69881	28	43	908	914
44105	28	594	908	914
155642	28	593	908	915
74839	28	17561	908	915
36427	28	171	908	915
102041	28	45	908	915
67035	28	126	908	915
86033	28	460	908	915
34898	28	238	908	915
56190	28	131	908	915
9350	28	19	908	915
42419	28	22	908	915
72653	23	89437	908	915
87552	28	1091	908	915
45367	28	60	908	915
32918	28	213	908	915
110778	28	20	908	915
24024	28	114	908	915
21890	28	101	908	915
88560	28	69	908	915
29468	28	149	908	916
85062	28	117	908	916
62720	28	167	908	916
76786	28	140	908	916
62312	28	460	908	916
94505	28	1071	908	916
92678	28	17561	908	916
44422	28	41	908	916
52619	28	60	908	916
56831	28	167	908	916
64982	28	7052	908	916
65018	28	167	908	916
44176	28	60	908	916
31456	28	72	908	916
43440	28	323	908	916
21786	28	112	908	916
5883	28	176	908	916
133655	28	1697	908	917
19676	28	20	908	917
59278	28	34	908	917
93476	28	460	908	917
23698	28	133	908	917
95279	28	2454	908	917
16591	28	41	908	917
47400	28	784	908	917
37336	28	213	908	917
121607	28	368	908	917
7438	28	66	908	918
48395	28	2438	908	918
66277	28	247	908	918
107608	28	45	908	918
45918	28	41	908	919
74891	28	167	908	919
81713	23	11221	908	919
38611	28	87	908	919
60377	28	228	908	919
59594	28	420	908	919
42926	28	133	908	920
85197	28	3169	908	920
18175	28	2838	908	920
41886	28	460	908	920
125109	28	531	908	921
81067	28	132	908	921
4067	23	94711	908	921
132066	28	124	908	922
116144	28	174	908	922
51192	28	223	908	922
107560	28	492	908	923
70700	28	1193	908	924
52448	28	671	908	924
63383	28	527	908	926
79626	23	109257	908	929
85878	23	93721	908	931
74886	23	3922	908	936
17049	23	50827	908	938
30853	23	25870	908	949
93047	23	111795	908	955
95331	23	46027	908	962
34820	23	44904	908	964
43795	23	126044	908	967
82086	23	70088	908	967
25015	28	72	909	0
4382	23	61407	909	0
71541	6	1191	909	0
45827	14	9403	909	0
46384	28	714	909	0
72557	28	265	909	0
115118	28	751	909	0
31221	23	115278	909	0
23611	14	3111	909	0
74632	28	150	909	0
74828	28	967	909	0
35034	28	34	909	0
20921	28	65363	909	0
36347	14	782	909	0
13841	14	1217	909	0
113741	28	768	909	0
42880	23	18277	909	0
7729	14	16647	909	0
97155	23	103307	909	0
87658	28	68	909	0
22635	14	138327	909	0
138764	6	4369	909	0
38832	28	1307	909	0
90984	23	76126	909	0
76126	23	90984	909	0
39017	28	34	909	0
50276	23	34843	909	0
23709	28	592	909	0
37338	14	4658	909	0
31723	28	333	909	0
76981	14	854	909	0
79063	28	44897	909	0
32825	28	14	909	0
107589	28	87	909	0
9587	14	80481	909	0
32334	28	29	909	0
8455	28	529	909	0
108107	6	1103	909	0
116104	6	853	909	0
19607	28	88	909	0
51202	28	12452	909	0
28653	28	2409	909	0
104075	23	85015	909	0
100880	28	333	909	0
108028	6	22271	909	0
20921	28	383	909	0
13105	28	14	909	0
22105	14	2297	909	0
33776	28	298	909	0
88617	23	86015	909	0
4799	23	128726	909	0
83537	6	7858	909	0
128247	14	17751	909	0
17205	14	3473	909	0
29283	14	3111	909	0
32315	23	6421	909	0
2825	14	1706	909	0
38349	28	60	909	0
76263	28	323	909	0
10918	14	943	909	0
65715	14	1310	909	0
44518	28	14	909	0
39486	28	1414	909	0
41427	28	68	909	0
32817	6	6666	909	0
104476	28	2409	909	0
81079	28	1565	909	0
42562	28	1565	909	0
14098	14	115401	909	0
85053	28	44362	909	0
77751	14	902	909	0
30814	28	211	909	0
27935	6	122983	909	0
43260	14	181672	909	0
111357	14	902	909	0
30801	28	14	909	0
109107	23	11567	909	0
42417	14	2384	909	0
57260	14	854	909	0
125246	28	34	909	0
82770	14	902	909	0
60754	28	14	909	0
80919	23	18115	909	0
133826	14	90	909	0
16395	28	24	909	0
26694	6	2441	909	0
48990	14	444	909	0
21890	28	29	909	0
53684	6	393	909	0
5358	14	3741	909	0
111408	28	2045	909	0
68620	6	338	909	0
5533	23	63548	909	909
52788	28	455	909	910
71315	28	164	909	910
71499	28	1080	909	910
132685	28	432	909	910
15354	28	188	909	910
85933	28	110	909	910
41675	28	145	909	910
26243	28	19	909	910
87368	28	458	909	910
100970	28	39	909	910
88566	28	848	909	910
77195	28	65	909	910
29640	28	45	909	910
9527	28	1697	909	910
54068	28	180	909	910
98782	28	39	909	910
31149	28	100	909	910
78914	28	126	909	910
25124	28	445	909	910
105739	28	2045	909	910
103037	28	1195	909	910
89234	28	558	909	910
59130	28	333	909	910
106775	28	52	909	910
68700	28	107	909	910
107434	28	161	909	910
23080	28	14	909	910
10326	28	77	909	910
34319	28	5386	909	910
11882	28	121	909	910
37056	28	248	909	910
69775	28	575	909	910
23064	28	14	909	910
110003	28	45	909	910
27039	28	556	909	910
107608	28	83	909	910
65295	28	58	909	910
44035	28	65	909	910
65497	28	649	909	910
14151	28	47	909	910
114182	28	107	909	910
69814	28	166	909	910
14928	28	63	909	910
28807	28	276	909	910
34915	28	3554	909	910
60714	28	848	909	910
86073	28	57	909	910
80107	28	1317	909	910
67341	28	142	909	910
105482	28	439	909	910
50972	28	110	909	910
43290	28	14	909	910
45821	28	10690	909	910
106448	28	91	909	910
54569	28	71	909	910
88113	28	1234	909	910
55663	28	2469	909	910
71296	28	44	909	910
39808	28	347	909	910
102778	28	1071	909	910
11433	28	1805	909	910
102910	28	40	909	910
69352	28	38	909	910
34686	28	210	909	910
115055	28	65	909	910
111087	28	99	909	910
82511	28	358	909	910
53132	28	248	909	910
34604	28	150	909	910
68304	28	1032	909	910
7301	28	380	909	910
76590	28	150	909	910
28653	28	147	909	910
50325	28	4924	909	910
132263	28	39	909	910
130807	28	39	909	910
78593	28	71	909	910
50920	28	552	909	910
60067	28	30	909	910
16716	28	846	909	910
57884	28	962	909	910
114495	28	56	909	910
65151	28	936	909	910
69681	28	1129	909	910
73630	28	205	909	910
15153	28	69	909	910
21540	28	1805	909	910
24283	28	14	909	910
51997	28	129	909	911
17121	28	346	909	911
22855	28	2649	909	911
26236	28	967	909	911
115907	28	298	909	911
45969	28	180	909	911
119502	28	610	909	911
90112	23	36529	909	911
68446	28	100	909	911
56820	28	57	909	911
18178	28	660	909	911
89189	28	265	909	911
18817	28	253	909	911
85877	28	34	909	911
61386	28	3030	909	911
89874	28	79	909	911
71959	28	158	909	911
71806	28	73	909	911
20884	28	63	909	911
24645	28	293	909	911
94936	28	9215	909	911
19972	28	936	909	911
105690	28	1317	909	911
45758	28	967	909	911
90743	28	455	909	911
75504	28	848	909	911
46459	28	120	909	911
17857	28	277	909	911
69126	28	8710	909	911
30456	28	33	909	911
38028	28	19907	909	911
105795	28	289	909	911
51048	28	253	909	911
107891	28	232	909	911
44718	28	1149	909	911
127644	28	217	909	911
77759	28	1043	909	911
45918	28	14	909	911
29105	28	1349	909	911
65446	28	45	909	911
67435	28	121	909	911
96149	28	175	909	911
127055	28	71	909	911
95725	28	110	909	911
77451	23	64428	909	911
109694	28	29754	909	911
16395	28	14	909	911
55702	28	492	909	911
82227	28	254	909	911
26910	28	670	909	911
26248	28	4472	909	911
61007	28	126	909	911
39646	28	1581	909	911
42353	28	8710	909	911
77447	28	381	909	911
60479	28	4716	909	911
85338	28	1488	909	911
52747	28	38	909	911
130864	28	114	909	911
44723	28	109	909	911
90827	28	43	909	911
113741	28	1495	909	912
8804	28	55	909	912
55619	28	100	909	912
76834	28	14	909	912
89101	28	99	909	912
48202	28	223	909	912
47236	28	936	909	912
28961	28	136	909	912
38036	28	145	909	912
61953	28	17070	909	912
61442	28	1102	909	912
13234	28	49	909	912
58445	28	768	909	912
79005	28	60	909	912
38278	28	28	909	912
169261	28	311	909	912
25379	28	142	909	912
30805	28	965	909	912
144754	28	41	909	912
21505	28	47	909	912
47006	28	420	909	912
124657	28	126	909	912
15380	28	60	909	912
42584	28	277	909	912
75990	28	167	909	912
11567	23	109107	909	912
35871	28	293	909	912
48284	28	621	909	912
123827	28	80	909	912
80462	28	2625	909	912
9881	28	256	909	912
24968	28	2069	909	912
17470	28	111	909	913
52082	28	41	909	913
31284	28	155	909	913
104501	28	158	909	913
36427	28	68	909	913
44107	28	797	909	913
73350	28	40	909	913
107281	28	244	909	913
18175	28	192	909	913
40264	28	846	909	913
10473	28	89	909	913
42001	28	216	909	913
127386	28	1495	909	913
101237	28	57	909	913
64088	28	30	909	913
6175	23	95264	909	913
95264	23	6175	909	913
15024	28	29	909	913
71243	28	494	909	913
82001	28	48	909	913
46603	28	34	909	913
126320	28	350	909	913
44715	28	49	909	913
27311	28	169	909	913
71401	28	88	909	913
85215	28	122	909	913
38285	28	216	909	913
28439	28	240	909	913
40189	23	33267	909	913
23907	28	104	909	913
83516	28	289	909	913
49390	28	1754	909	913
31151	23	63587	909	913
47920	28	29	909	913
53548	28	99	909	913
54495	28	135	909	913
7939	23	35567	909	914
115278	23	31221	909	914
36348	28	205	909	914
45208	28	527	909	914
82349	28	768	909	914
90778	28	102	909	914
15598	28	227	909	914
90646	28	768	909	914
65018	28	183	909	914
74453	28	164	909	914
44105	28	34	909	914
147219	28	55	909	914
32324	28	247	909	914
26592	28	16	909	914
70830	28	20	909	914
44578	28	64	909	914
74839	28	106	909	914
15633	28	259	909	914
51289	28	315	909	914
34931	28	20	909	914
84336	28	167	909	914
32878	28	28	909	914
22916	28	240	909	914
66517	28	247	909	914
88515	28	240	909	914
23270	28	29	909	914
41463	28	42	909	914
10589	28	1805	909	915
134704	28	5386	909	915
27736	28	22	909	915
75583	28	60	909	915
14041	28	431	909	915
74817	28	169	909	915
104788	28	153	909	915
43015	28	20	909	915
111070	28	164	909	915
40074	28	60	909	915
31392	23	32939	909	915
32939	23	31392	909	915
92264	28	198	909	915
41097	28	244	909	915
48621	28	267	909	915
21922	28	244	909	915
27030	28	14	909	915
21484	28	211	909	915
18570	28	16	909	915
38266	28	168	909	915
55719	28	124	909	915
114166	28	309	909	916
9350	28	223	909	916
59478	28	82	909	916
41086	28	68	909	916
80100	28	85	909	916
52082	28	714	909	916
21786	28	34	909	916
17214	28	280	909	916
11368	28	149	909	916
95335	28	1327	909	916
25690	28	46	909	916
20786	28	167	909	916
58389	28	350	909	916
68870	28	381	909	917
49244	28	144	909	917
59765	28	33	909	917
11280	28	494	909	917
11368	28	58	909	917
20625	28	424	909	917
25226	28	259	909	917
69938	28	223	909	917
76315	16	41960	909	917
27638	28	27	909	917
23785	28	14	909	917
122441	28	72	909	917
183234	28	768	909	917
110865	28	350	909	917
34467	28	41	909	917
130146	28	71	909	917
84878	28	768	909	917
48477	28	477	909	918
69119	28	114	909	918
69952	28	280	909	918
44378	28	1223	909	918
110245	28	121	909	918
16889	28	323	909	918
105546	28	31	909	918
69338	28	259	909	918
55459	28	165	909	918
48374	28	143	909	918
100420	28	169	909	919
62548	28	98	909	919
47855	28	938	909	919
163126	28	72	909	919
18732	28	36	909	919
23865	28	494	909	919
130279	28	102	909	919
130982	28	100	909	919
156015	28	1260	909	920
35000	28	938	909	920
48288	28	247	909	920
124589	28	129	909	920
18164	28	76	909	920
80708	28	240	909	920
49472	28	460	909	921
6148	23	80116	909	921
80116	23	6148	909	921
3749	23	112150	909	921
38926	28	37	909	921
60387	28	104	909	921
87336	28	167	909	921
59488	28	280	909	921
85758	28	233	909	921
43539	28	492	909	921
74683	28	1495	909	921
87852	28	16319	909	922
21843	28	256	909	923
119370	28	726	909	923
71222	28	452	909	924
31400	28	247	909	924
88327	23	78450	909	924
66283	28	183	909	925
55871	28	1156	909	925
46511	28	181	909	925
82588	28	28	909	926
69636	28	23	909	926
4076	23	108828	909	926
108828	23	4076	909	926
119471	28	354	909	926
115232	23	57941	909	938
102094	23	71265	909	943
6876	23	4456	909	944
4456	23	6876	909	944
92448	23	50630	909	944
61407	23	4382	909	946
14014	23	99459	909	953
3660	23	90981	909	961
60611	16	1376	909	964
75823	23	64120	909	965
64120	23	75823	909	965
86015	23	88617	909	968
82844	14	902	910	0
64478	14	1126	910	0
64717	14	1574	910	0
100510	28	350	910	0
86093	14	6882	910	0
85891	28	183	910	0
19153	28	1129	910	0
24733	28	1316	910	0
14344	28	176	910	0
73343	28	528	910	0
7829	14	7134	910	0
16591	28	14	910	0
103704	14	2922	910	0
85165	6	393	910	0
131954	28	217	910	0
44949	14	4611	910	0
44949	14	13261	910	0
123298	28	835	910	0
59730	28	34	910	0
59505	28	38	910	0
40780	14	2951	910	0
21170	28	1754	910	0
69005	28	1156	910	0
17776	28	311	910	0
36102	28	1213	910	0
69814	28	3033	910	0
30319	28	6617	910	0
109200	6	3719	910	0
36572	28	276	910	0
86662	6	1681	910	0
92060	6	3166	910	0
59545	28	117	910	0
41191	28	1002	910	0
8422	28	289	910	0
10910	14	782	910	0
82789	14	2258	910	0
76786	28	34	910	0
20614	28	55	910	0
86173	6	3643	910	0
94159	28	368	910	0
20815	28	660	910	0
95363	14	94	910	0
110466	14	1706	910	0
24785	28	358	910	0
23424	14	943	910	0
76761	14	4413	910	0
44715	28	29	910	0
41898	28	7340	910	0
14031	28	1043	910	0
80028	28	1354	910	0
19630	14	7980	910	0
9557	28	217	910	0
180212	14	2815	910	0
67877	30	1473	910	0
130807	28	215	910	0
154608	16	1376	910	0
109454	6	2594	910	0
127764	14	73915	910	0
107589	28	2409	910	0
102910	28	339	910	0
24785	28	1025	910	0
10747	6	284	910	0
33689	28	4049	910	911
30267	28	1213	910	911
19420	28	593	910	911
100135	28	1102	910	911
87399	28	8779	910	911
86696	28	49	910	911
33876	28	1153	910	911
89066	28	63	910	911
21843	28	475	910	911
14874	28	1616	910	911
45286	28	14	910	911
73343	28	27	910	911
90532	28	120	910	911
78593	28	232	910	911
104938	28	806	910	911
63688	28	85	910	911
140419	28	23	910	911
102910	28	139	910	911
23328	28	38	910	911
15242	28	283	910	911
36102	28	830	910	911
105457	14	4052	910	911
39808	28	432	910	911
72458	28	1806	910	911
7762	28	100	910	911
69681	28	1616	910	911
18673	28	1697	910	911
42946	28	1818	910	911
8422	28	502	910	911
24450	28	150	910	911
126611	28	210	910	911
28593	28	238	910	911
23709	28	635	910	911
20951	28	74	910	911
22764	28	1071	910	911
26484	28	51	910	911
7301	28	475	910	911
7621	28	41	910	911
22387	28	360	910	911
8556	28	256	910	911
109637	28	6025	910	911
27097	28	126	910	911
51652	28	216	910	911
94054	28	45	910	911
100880	28	1544	910	911
64386	28	3353	910	911
67341	28	6896	910	911
128645	28	71	910	911
20287	28	1213	910	911
103533	28	71	910	911
85933	28	168	910	911
147269	28	99	910	911
28085	28	330	910	911
44245	28	64	910	911
52757	28	33833	910	911
103037	28	387	910	911
10955	28	1693	910	911
79698	28	114	910	911
27125	28	1805	910	911
77045	28	1547	910	911
56821	28	171	910	911
11882	28	295	910	911
20274	28	210	910	911
39601	28	660	910	911
72138	28	89	910	911
69352	28	265	910	911
36920	28	107	910	911
50325	28	18395	910	911
110003	28	848	910	911
115055	28	67	910	911
57901	23	5753	910	911
68700	28	5478	910	911
29528	28	176	910	911
46270	28	39	910	911
32302	28	20	910	911
60735	28	14	910	912
55872	28	73	910	912
37062	28	188	910	912
117429	28	81	910	912
49713	28	82	910	912
60753	28	110	910	912
26088	28	46	910	912
61489	28	105	910	912
100142	28	1234	910	912
106275	28	45	910	912
25002	28	206	910	912
106448	28	347	910	912
36447	28	55	910	912
55143	28	48	910	912
24589	28	39374	910	912
25802	28	171	910	912
26243	28	87	910	912
95771	28	51	910	912
20032	28	3353	910	912
13329	28	109	910	912
25602	28	50	910	912
101014	28	34	910	912
34972	28	742	910	912
80421	28	395	910	912
46928	28	232	910	912
32277	28	797	910	912
106775	28	56	910	912
42329	28	58	910	912
82447	28	628	910	912
77836	28	1977	910	912
39281	28	142	910	912
104848	28	145	910	912
21540	28	82118	910	912
86074	28	455	910	912
71296	28	31	910	912
63072	28	330	910	912
95173	28	65	910	912
66553	28	176	910	912
10807	28	58	910	912
130889	28	439	910	912
127403	28	40	910	912
24140	28	2411	910	912
77186	28	16	910	912
111560	28	104	910	912
90006	28	288	910	912
23397	28	188	910	912
83153	28	38	910	913
34708	28	47	910	913
34686	28	330	910	913
100578	28	79	910	913
33643	28	22	910	913
84127	28	331	910	913
61637	28	155	910	913
34429	28	573	910	913
34604	28	39	910	913
18683	28	1317	910	913
10326	28	2627	910	913
41500	28	494	910	913
43061	28	29	910	913
83292	28	91	910	913
44035	28	142	910	913
20628	28	37	910	913
25002	28	965	910	913
33109	28	32	910	913
27281	28	47	910	913
8646	28	176	910	913
121463	28	869	910	913
101613	28	23	910	913
56485	28	896	910	913
14222	28	29	910	913
41675	28	180	910	913
97411	28	44	910	913
39184	28	67	910	913
103987	28	610	910	913
51223	28	166	910	913
15394	28	129	910	913
42974	28	2098	910	913
44841	28	634	910	913
54572	28	65	910	913
42353	28	176	910	913
20733	28	38	910	913
48208	28	120	910	913
102568	28	88	910	913
44261	28	3205	910	913
36677	28	167	910	913
90049	28	646	910	913
11433	28	20	910	913
50253	28	22	910	913
69126	28	176	910	913
11761	28	132	910	913
25006	28	248	910	913
27112	28	155	910	913
16015	28	28393	910	913
24492	28	55	910	913
44717	28	49	910	913
112046	28	16	910	914
95958	28	785	910	914
21930	28	19	910	914
41896	28	82	910	914
87818	28	88	910	914
89476	28	16	910	914
12036	28	896	910	914
41893	23	105349	910	914
97737	28	333	910	914
42746	28	1874	910	914
75085	28	169	910	914
166586	30	284	910	914
79717	28	60	910	914
33109	28	136	910	914
26477	28	938	910	914
31149	28	55	910	914
33546	28	649	910	914
94417	28	101	910	914
91602	28	321	910	914
2309	23	110137	910	914
110137	23	2309	910	914
51710	28	248	910	914
53773	28	714	910	914
151542	28	350	910	914
52107	28	41	910	914
50975	28	25582	910	914
29295	23	32482	910	914
44518	28	48	910	914
42274	28	304	910	914
123404	28	114	910	914
101014	28	123	910	915
97572	28	37	910	915
48531	28	164	910	915
57128	28	216	910	915
15463	28	3033	910	915
15354	28	66	910	915
41993	28	152	910	915
95112	23	92163	910	915
92163	23	95112	910	915
20815	28	141	910	915
23187	28	51	910	915
30528	28	261	910	915
15153	28	76	910	915
65295	28	22	910	915
36739	28	951	910	915
14151	28	65	910	915
29200	28	133	910	915
19804	28	101	910	916
83294	28	395	910	916
20136	28	71	910	916
20959	28	159	910	916
37125	28	98	910	916
116801	28	71	910	916
41768	28	240	910	916
33038	28	58	910	916
111087	28	930	910	916
18404	28	1767	910	916
88664	28	3667	910	916
81149	28	199	910	916
18065	28	98	910	916
69938	28	55	910	916
69775	28	206	910	916
132227	28	520	910	917
71436	28	181	910	917
19153	28	274	910	917
69338	28	227	910	917
18964	28	256	910	917
12586	28	247	910	917
37772	23	105862	910	917
124961	28	350	910	917
110448	23	85632	910	917
85632	23	110448	910	917
42274	28	323	910	917
19137	28	276	910	917
72651	28	520	910	917
83130	28	56	910	917
40619	14	2754	910	917
99859	28	169	910	917
73160	28	199	910	917
28297	28	158	910	917
43005	28	292	910	917
42967	28	176	910	917
45208	28	217	910	918
58250	16	120722	910	918
107987	28	1556	910	918
2570	14	2431	910	918
22591	28	1146	910	918
32700	28	131	910	918
50877	28	247	910	918
34957	28	33	910	918
33829	28	101	910	919
29863	28	76	910	920
60927	28	453	910	920
4714	23	61095	910	920
35000	28	223	910	920
28596	28	37	910	920
111998	28	159	910	920
41886	28	492	910	920
91061	28	153	910	920
111021	28	413	910	920
33420	28	244	910	920
19420	28	269	910	920
93290	28	269	910	920
72556	28	159	910	921
22079	28	133	910	921
38884	28	14	910	921
34092	28	55	910	921
94723	28	608	910	921
75143	28	36	910	921
92174	28	227	910	921
38978	28	76	910	922
28610	28	14167	910	922
181891	28	1525	910	922
94067	16	8	910	922
52448	28	397	910	923
46511	28	464	910	923
45821	28	323	910	923
66967	28	452	910	923
87552	28	269	910	923
70510	23	95858	910	924
27350	28	244	910	924
67419	16	8	910	924
47717	28	492	910	924
95536	28	171	910	924
69487	23	91785	910	924
85012	28	370	910	926
63383	28	217	910	926
95979	23	95978	910	932
91213	23	23986	910	933
143916	23	38029	910	942
88412	23	102220	910	945
102220	23	88412	910	945
52876	23	137289	910	958
84378	23	38688	910	965
5035	23	54583	910	968
70779	14	902	911	0
82789	14	2417	911	0
33876	28	1496	911	0
83210	28	164	911	0
39882	28	276	911	0
62029	14	1706	911	0
52935	14	1343	911	0
54128	28	211	911	0
85197	28	33833	911	0
46711	14	943	911	0
85788	28	7340	911	0
55719	28	34	911	0
20757	28	2745	911	0
77141	28	9014	911	0
39476	28	333	911	0
34055	28	428	911	0
100537	14	902	911	0
86391	28	29	911	0
117669	14	3280	911	0
71081	28	478	911	0
91499	14	3473	911	0
61211	14	3568	911	0
7780	14	22811	911	0
122659	28	6617	911	0
86492	28	164	911	0
42569	14	943	911	0
62444	14	2797	911	0
59238	28	72	911	0
104634	6	3620	911	0
59576	28	494	911	0
50614	23	74813	911	0
44426	28	594	911	0
165849	14	3348	911	0
89066	28	6617	911	0
62020	28	164	911	0
35414	14	827	911	0
145733	14	3055	911	0
14948	14	4167	911	0
48555	28	2649	911	0
42673	28	428	911	0
21314	6	306	911	0
18673	28	290	911	0
21741	14	7271	911	0
69352	28	9832	911	0
50503	28	164	911	0
89196	6	853	911	0
14031	28	150	911	0
66528	6	96249	911	0
150476	6	1615	911	0
109147	14	854	911	0
60451	28	428	911	0
51740	23	96297	911	0
96297	23	51740	911	0
12925	28	17969	911	0
129184	28	428	911	0
59505	28	52	911	0
67833	23	152693	911	0
19638	28	192	911	0
73820	28	2409	911	0
66366	14	444	911	0
7250	28	71	911	0
71756	28	34	911	0
65151	28	1456	911	0
98586	28	136	911	0
74828	28	1068	911	0
92264	28	164	911	0
12633	14	2297	911	0
46053	28	1323	911	0
26428	28	14	911	0
69646	28	86	911	0
85996	28	675	911	0
81894	6	3709	911	0
7036	14	3741	911	0
81047	23	90139	911	0
17205	14	943	911	0
25015	28	2409	911	0
31659	28	1294	911	0
100986	6	4455	911	0
58659	23	103448	911	911
60714	28	45	911	912
96344	28	1025	911	912
11882	28	8710	911	912
14424	28	2454	911	912
30456	28	85	911	912
22387	28	682	911	912
115055	28	177	911	912
86191	28	45	911	912
12112	28	1718	911	912
134611	28	120	911	912
27606	28	938	911	912
65845	28	169	911	912
101641	28	1364	911	912
39017	28	245	911	912
77045	28	439	911	912
86300	28	800	911	912
28961	28	32	911	912
89579	28	63	911	912
7762	28	806	911	912
70503	28	253	911	912
90503	14	3844	911	912
50533	28	649	911	912
55055	28	1818	911	912
49556	28	87016	911	912
51058	28	1195	911	912
16716	28	2949	911	912
46459	28	1426	911	912
106698	28	71	911	912
142090	28	205	911	912
26916	28	6010	911	912
61270	28	28141	911	912
51048	28	242	911	912
125427	28	188	911	912
124173	28	848	911	912
109438	28	129	911	912
6325	28	1531	911	912
44080	28	2975	911	912
28439	28	60	911	912
109663	28	386	911	912
38304	28	2454	911	912
67435	28	336	911	912
65894	28	45	911	912
20951	28	50	911	912
84177	28	83	911	912
40537	28	153	911	912
25268	28	53	911	912
127055	28	282	911	912
7301	28	1195	911	912
106513	28	23	911	912
23914	28	230	911	912
68674	28	223	911	912
65497	28	103	911	912
17531	28	150	911	912
19804	28	750	911	912
26484	28	177	911	912
94885	28	1354	911	912
61386	28	515	911	912
20287	28	8710	911	912
17121	28	169	911	912
13223	28	938	911	912
30041	28	347	911	912
103582	28	557	911	912
12985	28	33	911	912
15853	28	8710	911	912
31060	28	14	911	912
67341	28	63	911	912
22469	28	1488	911	912
30009	28	6010	911	912
21422	28	33	911	912
115907	28	79	911	912
29842	28	5238	911	912
40428	28	131	911	912
105482	28	71	911	912
81182	28	86	911	912
84424	28	265	911	912
39808	28	177	911	912
144747	28	45	911	912
28085	28	83	911	912
72138	28	27	911	912
111713	28	188	911	912
23623	28	144	911	912
154328	28	71	911	912
8455	28	121	911	912
65446	28	232	911	912
26236	28	32	911	912
52725	28	330	911	912
108532	28	282	911	912
36940	28	276	911	912
44718	28	126	911	912
24850	28	381	911	912
27660	28	45	911	912
36240	28	551	911	912
110604	28	930	911	912
24433	28	293	911	912
89874	28	166	911	912
146091	28	134	911	912
72589	28	78	911	912
107891	28	455	911	912
98201	28	28	911	912
97009	28	4267	911	912
78820	28	78	911	912
18673	28	120	911	913
7281	28	2341	911	913
11973	28	215	911	913
25442	28	1805	911	913
55676	28	276	911	913
65580	28	111	911	913
56800	28	2438	911	913
23080	28	49	911	913
21672	28	969	911	913
29623	28	50	911	913
19420	28	145	911	913
78597	28	2092	911	913
48374	28	34	911	913
25765	28	71	911	913
87519	28	257	911	913
15291	28	74	911	913
46717	28	118	911	913
12925	28	289	911	913
59505	28	51	911	913
15242	28	432	911	913
18817	28	378	911	913
21444	28	558	911	913
15916	28	1805	911	913
68446	28	55	911	913
23581	28	29	911	913
98774	28	46	911	913
24645	28	3599	911	913
21843	28	515	911	913
109637	28	21770	911	913
9557	28	192	911	913
72260	28	19	911	913
8556	28	321	911	913
44723	28	147	911	913
36102	28	380	911	913
26747	28	70	911	913
43005	28	520	911	913
34915	28	265	911	913
21746	28	546	911	913
14344	28	474	911	913
51877	28	164	911	913
71756	28	214	911	913
13223	28	85	911	913
73854	28	936	911	913
95519	28	126	911	913
49640	28	357	911	913
16459	28	57	911	913
97048	28	88	911	913
44747	28	23	911	913
17857	28	88	911	913
22859	28	626	911	913
44447	28	289	911	913
7621	28	274	911	913
15153	28	29	911	913
21170	28	70	911	913
77759	28	5612	911	913
95725	28	432	911	913
8508	28	192	911	913
15394	28	68	911	913
68700	28	139	911	913
11716	23	23057	911	914
23057	23	11716	911	914
13978	28	169	911	914
56821	28	232	911	914
77600	28	20827	911	914
71081	28	30	911	914
114988	28	159	911	914
27097	28	47	911	914
48555	28	21770	911	914
19077	28	3033	911	914
24450	28	1222	911	914
86696	28	81	911	914
103037	28	922	911	914
105197	28	211	911	914
14222	28	52	911	914
99757	28	205	911	914
46724	28	293	911	914
27405	28	540	911	914
78593	28	330	911	914
40442	28	289	911	914
36742	28	80	911	914
52788	28	71	911	914
32411	28	540	911	914
38565	28	313	911	914
18964	28	176	911	914
46270	28	50	911	914
68757	28	248	911	914
94133	28	19	911	914
20540	28	289	911	914
82233	28	162	911	915
18527	28	29	911	915
112400	28	268	911	915
26307	28	704	911	915
35567	23	7939	911	915
115460	28	930	911	915
100545	28	232	911	915
11353	28	69	911	915
102335	28	18	911	915
134286	28	460	911	915
16680	28	30	911	915
20402	28	64	911	915
32302	28	126	911	915
44927	28	572	911	915
81063	23	10883	911	915
28054	28	43	911	915
60079	28	695	911	915
51365	28	29	911	915
101105	28	1818	911	915
94754	28	141	911	915
75865	28	43	911	915
60903	28	85265	911	915
18404	28	164	911	915
48845	28	56	911	915
28807	28	180	911	915
106554	28	77	911	915
96419	28	5304	911	915
27125	28	20	911	915
21924	28	156	911	915
73059	28	205	911	915
45803	28	171	911	915
64279	28	41	911	915
100652	28	262	911	915
26910	28	660	911	915
32091	28	74	911	915
73674	28	30	911	915
2942	23	61944	911	915
61944	23	2942	911	915
30073	28	85	911	915
150728	28	206	911	915
72224	23	155423	911	915
25206	28	330	911	915
20517	28	330	911	915
22764	28	4924	911	915
51071	28	311	911	915
112106	28	217	911	916
25427	28	51	911	916
61007	28	39	911	916
75480	28	32	911	916
22345	23	14704	911	916
56820	28	74	911	916
5533	23	17848	911	916
68916	28	621	911	916
72458	28	121	911	916
126116	28	28393	911	916
26428	28	41	911	916
39268	28	2060	911	916
16236	28	164	911	916
44000	28	277	911	916
80886	28	252	911	916
48567	28	252	911	916
51997	28	330	911	916
46174	28	69	911	916
34268	28	1390	911	916
38401	28	156	911	916
31659	28	550	911	916
27864	28	257	911	916
81651	28	107	911	916
80457	28	121	911	916
39646	28	461	911	916
35498	28	20	911	916
69078	28	1581	911	916
113982	28	365	911	917
29105	28	16	911	917
22722	28	40	911	917
64750	28	261	911	917
81369	28	45	911	917
47855	28	223	911	917
31038	28	66	911	917
86616	28	800	911	917
33357	28	164	911	917
41191	28	261	911	917
74946	28	176	911	917
73343	28	105	911	917
80211	28	124	911	917
49563	28	55	911	917
5794	23	12088	911	918
12088	23	5794	911	918
30801	28	52	911	918
33458	28	261	911	918
30814	28	32	911	918
22855	28	531	911	918
46969	28	95	911	918
66277	28	36	911	918
27606	28	223	911	918
48456	28	413	911	918
23710	23	14815	911	918
20884	28	290	911	918
81593	28	71	911	918
59366	28	621	911	918
55811	28	6662	911	918
53732	28	2098	911	918
13223	28	223	911	918
24523	28	107	911	918
80687	28	244	911	918
109694	28	2525	911	918
76327	28	406	911	918
103654	23	90376	911	918
70952	28	76	911	919
44176	28	420	911	919
55547	28	198	911	919
85933	28	1102	911	919
63269	28	675	911	919
60059	28	55	911	919
80421	28	34	911	919
43050	28	164	911	919
84538	23	86058	911	920
86058	23	84538	911	920
85338	28	274	911	920
88781	28	168	911	920
105690	28	336	911	920
56910	28	167	911	920
112074	28	550	911	920
80512	28	495	911	920
12036	28	594	911	920
22493	28	460	911	920
42926	28	164	911	920
53248	28	217	911	920
48456	28	263	911	921
12036	28	34	911	921
69005	28	224	911	921
69126	28	121	911	921
54155	28	159	911	921
148915	23	171598	911	922
27931	28	76	911	922
73106	28	350	911	923
147014	28	368	911	923
86202	28	64	911	924
42353	28	121	911	924
126043	28	345	911	926
115552	28	124	911	926
5723	23	150933	911	927
150933	23	5723	911	927
13688	23	35441	911	929
35441	23	13688	911	929
81928	28	467	911	929
83283	23	70384	911	933
3618	23	77049	911	935
77049	23	3618	911	935
124839	23	105879	911	951
80437	23	93038	911	951
23410	23	150855	911	954
14178	23	92512	911	956
92512	23	14178	911	956
46117	30	113267	911	964
95778	14	2797	912	0
53842	28	216	912	0
86585	23	3685	912	0
14386	28	19	912	0
76070	6	3643	912	0
42934	23	61909	912	0
76677	6	3719	912	0
74828	28	626	912	0
37338	14	20600	912	0
63066	28	60	912	0
23272	28	277	912	0
86290	28	145	912	0
15586	14	4167	912	0
36688	28	70	912	0
32091	28	247	912	0
16015	28	54	912	0
51258	28	1156	912	0
8364	28	153	912	0
78361	6	284	912	0
2573	14	7271	912	0
59892	28	406	912	0
60107	28	50	912	0
64055	14	80481	912	0
50325	28	4232	912	0
56800	28	60	912	0
22297	28	648	912	0
102592	28	53126	912	0
97613	28	6878	912	0
26956	28	156	912	0
79793	6	367	912	0
108516	28	167	912	0
59993	28	46	912	0
35243	28	176	912	0
145128	28	460	912	0
78104	28	6878	912	0
52936	28	2642	912	0
80084	14	2964	912	0
21678	14	49846	912	0
11753	6	92979	912	0
94885	28	1818	912	0
72263	14	2258	912	0
8804	28	8650	912	0
13105	28	58	912	0
94607	14	19895	912	0
24239	28	50090	912	0
57994	6	1003	912	0
101885	28	404	912	0
14031	28	1354	912	0
43931	14	444	912	0
84318	28	311	912	0
32672	14	3741	912	0
20135	6	104786	912	0
105690	28	176	912	0
46459	28	177	912	0
85114	28	4267	912	0
74206	28	1700	912	0
64055	14	943	912	0
20670	28	381	912	0
74668	14	2188	912	0
21229	23	36985	912	0
53009	28	675	912	0
24295	14	782	912	0
108956	14	2995	912	0
66417	28	8809	912	0
66078	6	1003	912	0
51465	28	1354	912	0
63064	14	207	912	0
78104	28	1668	912	0
14985	28	4890	912	913
72261	28	3047	912	913
97572	28	68	912	913
72458	28	8710	912	913
29685	28	247	912	913
62351	28	311	912	913
86645	28	153	912	913
36447	28	61	912	913
71296	28	283	912	913
24140	28	87	912	913
101691	28	57	912	913
103048	28	63	912	913
74111	28	387	912	913
22859	28	276	912	913
67341	28	111	912	913
86150	28	87	912	913
105308	28	12231	912	913
65497	28	572	912	913
36611	28	6796	912	913
17531	28	250	912	913
104848	28	71	912	913
140419	28	347	912	913
89066	28	65	912	913
89874	28	46	912	913
106698	28	156	912	913
124657	28	81	912	913
106180	28	1076	912	913
26835	28	216	912	913
20670	28	1565	912	913
26243	28	89	912	913
12794	28	150	912	913
46614	28	68151	912	913
15970	28	846	912	913
39646	28	217	912	913
13234	28	1149	912	913
23366	28	10220	912	913
118580	28	177	912	913
20125	28	2343	912	913
86191	28	232	912	913
16015	28	34	912	913
32457	28	806	912	913
24547	28	14	912	913
116511	28	930	912	913
61268	28	232	912	913
52477	28	150	912	913
92866	28	210	912	913
84399	28	848	912	913
34678	28	387	912	913
14424	28	85	912	913
36688	28	2341	912	913
13329	28	347	912	913
38138	28	2627	912	913
47857	28	71	912	913
65845	28	215	912	913
107862	14	175574	912	913
111560	28	1149	912	913
38278	28	347	912	913
152206	28	8318	912	913
80463	28	7340	912	913
53622	28	830	912	913
128903	28	848	912	913
15677	28	42	912	913
89579	28	175	912	913
121361	28	4387	912	913
130503	28	1262	912	913
100880	28	1254	912	913
123827	28	39	912	913
109423	28	145	912	913
25023	28	76	912	913
33093	28	63	912	913
44683	28	81	912	913
77186	28	46	912	913
154328	28	930	912	913
94313	28	80	912	913
106775	28	147	912	913
37062	28	175	912	913
21590	28	828	912	913
125106	28	848	912	913
38036	28	71	912	913
9881	28	515	912	913
78820	28	23	912	913
36940	28	210	912	913
111209	28	100	912	913
15380	28	253	912	913
39776	28	364	912	913
35871	28	230	912	913
65894	28	156	912	913
27864	28	29	912	913
61953	28	2391	912	913
81182	28	160	912	913
8422	28	56	912	913
110604	28	71	912	913
31284	28	60	912	913
39281	28	38	912	913
90091	28	6384	912	913
37720	28	3769	912	913
89101	28	205	912	913
23328	28	120	912	913
76590	28	1676	912	913
78787	28	120	912	913
18683	28	2607	912	913
14386	28	51	912	914
19104	28	913	912	914
45767	28	2438	912	914
34312	23	61779	912	914
61779	23	34312	912	914
84759	28	161	912	914
8364	28	1496	912	914
56198	28	542	912	914
42283	28	143	912	914
54459	28	1278	912	914
66417	28	28	912	914
63072	28	129	912	914
41279	28	153	912	914
74073	28	170	912	914
41776	28	930	912	914
26778	28	19	912	914
15633	28	227	912	914
106513	28	53	912	914
55345	28	61	912	914
5187	23	45878	912	914
45878	23	5187	912	914
13105	28	188	912	914
50533	28	504	912	914
86300	28	27	912	914
46024	28	836	912	914
8804	28	48	912	914
13061	28	2343	912	914
124400	28	5796	912	914
40171	28	176	912	914
60753	28	557	912	914
44571	28	766	912	914
38569	28	53	912	914
39339	28	14	912	914
109134	28	1195	912	914
3601	23	85023	912	914
40283	28	155	912	914
44080	28	1984	912	914
103533	28	141	912	914
69774	28	1316	912	914
20951	28	82	912	914
7293	28	42	912	914
20921	28	959	912	914
51094	28	1006	912	914
71724	28	557	912	914
17121	28	87	912	914
40110	28	379	912	914
92356	28	979	912	914
102656	28	937	912	914
23334	28	59836	912	914
24610	28	452	912	914
21543	28	540	912	914
32277	28	286	912	914
89196	6	338	912	914
46459	28	1668	912	914
26236	28	136	912	914
11485	28	70	912	914
41430	28	1021	912	914
106448	28	432	912	914
61489	28	40	912	914
60107	28	2627	912	914
67074	28	357	912	914
68182	28	400	912	914
49556	28	124	912	914
55143	28	152	912	914
117429	28	126	912	914
86074	28	679	912	914
23637	28	164	912	914
11613	28	642	912	914
93004	28	13336	912	914
25636	28	152	912	914
72589	28	2069	912	914
62811	28	2438	912	914
70503	28	5386	912	915
53825	28	74	912	915
116491	28	142	912	915
135414	6	209	912	915
76520	28	3505	912	915
49625	28	1223	912	915
26484	28	2439	912	915
14539	28	83	912	915
25268	28	2069	912	915
25802	28	99	912	915
72574	28	630	912	915
26668	28	185	912	915
120323	28	20	912	915
112401	28	475	912	915
35099	28	351	912	915
57312	28	129	912	915
108155	28	47	912	915
49278	28	81	912	915
109663	28	848	912	915
38425	28	351	912	915
77045	28	6984	912	915
80457	28	1754	912	915
10645	23	3485	912	915
109438	28	232	912	915
69315	28	247	912	915
69480	28	251	912	915
62772	28	315	912	915
40537	28	44	912	915
109705	28	37	912	915
59730	28	95	912	915
16810	28	176	912	915
21422	28	58	912	915
130068	28	71	912	915
101757	28	82	912	915
12985	28	16	912	915
57597	28	330	912	915
69636	28	14	912	915
27517	28	33	912	915
33212	28	283	912	915
13914	28	1488	912	915
100368	28	82	912	915
107046	28	460	912	915
67161	28	122	912	915
32947	28	177	912	915
27744	28	153	912	915
17060	28	231	912	915
31060	28	49	912	915
30456	28	44	912	915
83206	28	141	912	916
23377	28	58	912	916
46957	28	381	912	916
8951	23	47468	912	916
47468	23	8951	912	916
10807	28	55	912	916
25457	28	20	912	916
48395	28	60	912	916
62160	28	102	912	916
32011	28	231	912	916
85044	28	1818	912	916
14130	28	533	912	916
39971	28	104	912	916
42329	28	277	912	916
7438	28	14	912	916
24530	28	67	912	916
7985	28	233	912	916
103452	28	88	912	916
40891	14	92416	912	916
101403	28	1698	912	916
18001	28	169	912	916
31603	28	1032	912	916
101443	6	17577	912	916
20959	28	164	912	916
22469	28	346	912	916
20428	28	169	912	916
53703	28	267	912	916
21871	28	177	912	916
31506	28	31	912	916
94885	28	1129	912	916
49957	28	45	912	916
24226	28	176	912	916
111367	28	122	912	916
11394	28	161	912	916
81019	23	4027	912	916
105953	28	139	912	916
133991	28	1752	912	917
38690	28	494	912	917
31038	28	14	912	917
85408	28	1690	912	917
18157	28	45	912	917
15986	28	32	912	917
29093	28	261	912	917
94005	28	706	912	917
6527	23	7527	912	917
80421	28	95	912	917
37999	28	1556	912	917
51652	28	165	912	917
81944	28	2887	912	917
129184	28	392	912	917
51733	28	60	912	917
35758	28	800	912	917
51263	28	16704	912	917
61769	28	238	912	917
47847	28	170	912	917
80524	28	63	912	917
81463	23	3358	912	917
9741	28	66	912	917
36028	28	164	912	917
66546	28	2027	912	917
38576	28	102	912	917
26014	28	82118	912	917
50360	23	8279	912	917
52725	28	45	912	918
26301	28	146	912	918
134946	28	395	912	918
11645	28	198	912	918
114392	28	1357	912	918
16634	28	51	912	918
42273	28	140	912	918
69033	28	252	912	918
64315	28	60	912	918
98637	28	179	912	918
78104	28	23	912	918
21540	28	57	912	918
54095	28	20	912	918
67435	28	542	912	919
65566	28	3350	912	919
48284	28	155	912	919
22493	28	956	912	919
46889	28	2438	912	919
39737	28	44	912	919
23709	28	216	912	919
25893	28	71	912	919
30974	28	102	912	919
51733	28	621	912	919
65805	28	420	912	919
51849	28	101	912	919
54816	28	22	912	919
81927	6	1003	912	919
28593	28	216	912	919
24937	28	153	912	919
111296	28	82	912	919
38690	28	43	912	919
26088	28	16	912	920
55125	28	65	912	920
21172	28	6848	912	920
105795	28	56	912	920
28961	28	45	912	920
49156	28	4873	912	920
32011	28	206	912	920
124899	28	833	912	920
171479	28	768	912	920
36135	28	625	912	920
95335	28	227	912	920
27660	28	114	912	920
55872	28	56	912	920
11417	28	29	912	920
14041	28	276	912	921
66310	28	276	912	921
29842	28	193	912	921
8303	23	10122	912	921
47197	28	132	912	921
23865	28	20	912	921
54409	28	159	912	921
63565	28	964	912	921
94723	28	453	912	921
65701	16	59755	912	921
47006	28	155	912	921
53939	28	165	912	922
21505	28	3331	912	922
28184	23	71521	912	922
80613	28	228	912	922
46987	28	34	912	922
111971	28	244	912	923
85996	28	529	912	923
34609	28	66	912	923
61824	28	274	912	923
16907	28	244	912	923
123718	28	309	912	923
52936	28	19	912	923
23187	28	247	912	923
40313	28	136	912	923
96760	28	417	912	924
45084	28	49	912	924
57358	28	675	912	924
45084	28	223	912	924
44359	28	1243	912	924
92636	23	19317	912	925
88945	23	4761	912	926
88130	28	996	912	926
36985	23	21229	912	926
182716	14	2815	912	926
81928	28	276	912	926
47247	28	52	912	926
65731	28	240	912	927
91577	23	30913	912	928
38028	28	27	912	929
24239	28	101	912	930
69217	23	3359	912	932
123310	14	1313	912	936
13005	23	43323	912	940
9220	23	102609	912	941
102609	23	9220	912	941
29418	14	2460	912	944
17502	16	65097	912	945
6020	23	70127	912	948
32315	23	30916	912	949
30916	23	32315	912	949
48269	23	128043	912	960
53684	6	270	913	0
46526	14	6094	913	0
98295	28	2551	913	0
53842	28	4700	913	0
157155	14	2815	913	0
157497	14	2384	913	0
36572	28	1364	913	0
26225	28	153	913	0
53358	28	176	913	0
137621	14	5310	913	0
137623	23	160318	913	0
90006	28	2701	913	0
14098	14	943	913	0
119851	30	71258	913	0
42610	23	138666	913	0
34458	14	9717	913	0
139567	14	2922	913	0
23914	28	797	913	0
100819	28	20	913	0
106426	14	1126	913	0
26477	28	223	913	0
14424	28	178	913	0
20136	28	68	913	0
142021	6	367	913	0
24492	28	20	913	0
29775	28	500	913	0
24523	28	494	913	0
78903	6	118494	913	0
93347	28	48605	913	0
62351	28	836	913	0
32334	28	1300	913	0
14031	28	551	913	0
53358	28	361	913	0
19027	6	2618	913	0
100420	28	29	913	0
116144	28	34	913	0
21232	28	1565	913	0
85197	28	34	913	0
41830	28	60	913	0
101294	6	1003	913	0
27764	14	3473	913	0
20609	28	8779	913	0
37062	28	21673	913	0
20484	14	827	913	0
7121	23	50921	913	0
171978	28	11352	913	0
92563	6	2194	913	0
70305	14	237	913	0
68870	28	29	913	0
108933	6	59	913	0
29583	28	60	913	0
123687	28	714	913	0
6274	23	49835	913	0
173629	14	17343	913	0
59366	28	60	913	0
72263	14	3568	913	0
32672	14	13416	913	0
40040	14	1217	913	0
55086	28	1459	913	0
40454	14	902	913	0
13625	14	782	913	0
59262	28	260	913	0
50969	28	786	913	0
10059	14	9093	913	0
85488	14	2297	913	0
27213	14	1706	913	0
16236	28	280	913	0
25006	28	74354	913	0
64982	28	217	913	0
0	27	112623	913	0
59130	28	1688	913	0
65566	28	34	913	0
55858	23	128943	913	0
111255	6	22271	913	0
27281	28	150	913	0
14151	28	29	913	0
98424	6	59	913	0
51258	28	460	913	0
50330	6	2760	913	0
5907	14	4167	913	0
46115	14	3111	913	0
78744	23	77491	913	0
42050	14	32441	913	0
180466	28	13336	913	0
152042	14	827	913	0
113381	14	3858	913	0
95725	28	150	913	0
51710	28	60	913	0
23189	28	10893	913	0
9881	28	377	913	0
66630	28	42	913	0
117798	28	1456	913	0
7780	14	3741	913	0
80848	28	46284	913	0
57116	28	2411	913	0
77021	14	943	913	0
61637	28	60	913	0
39020	1	14697	913	0
6506	14	5310	913	0
12586	28	717	913	0
40264	28	2469	913	0
14031	28	339	913	0
83341	14	2922	913	0
126950	14	7055	913	0
56485	28	429	913	0
29624	28	298	913	0
38611	28	277	913	0
98741	14	7588	913	0
52035	14	130449	913	0
34604	28	81	913	914
62351	28	1488	913	914
41086	28	83	913	914
39230	28	81	913	914
17470	28	347	913	914
100395	28	1316	913	914
18175	28	292	913	914
48689	28	587	913	914
27559	28	5247	913	914
66800	28	3554	913	914
7301	28	793	913	914
54572	28	80	913	914
103987	28	2607	913	914
40264	28	85	913	914
41500	28	42	913	914
118260	28	122	913	914
104848	28	156	913	914
61268	28	99	913	914
89508	28	169	913	914
88180	28	111	913	914
114697	28	706	913	914
85215	28	50	913	914
13234	28	432	913	914
75990	28	228	913	914
13051	28	505	913	914
65845	28	432	913	914
14424	28	2232	913	914
143264	28	71	913	914
49713	28	158	913	914
124758	28	3267	913	914
105733	28	5956	913	914
72792	28	4164	913	914
78820	28	1149	913	914
13051	28	784	913	914
80264	28	5597	913	914
38138	28	250	913	914
44107	28	242	913	914
9424	28	1055	913	914
16860	28	120	913	914
67914	28	205	913	914
26916	28	695	913	914
127055	28	145	913	914
62845	28	556	913	914
33093	28	551	913	914
88947	28	169	913	914
17316	6	59	913	914
23914	28	556	913	914
9321	28	21770	913	914
62047	28	546	913	914
20628	28	330	913	914
38278	28	3331	913	914
109694	28	34	913	914
20733	28	1035	913	914
63565	28	350	913	914
12469	28	829	913	914
105803	28	79	913	914
79223	28	76	913	914
97729	28	1644	913	914
34763	28	750	913	914
39486	28	2341	913	914
70935	28	1367	913	914
10473	28	79	913	914
17857	28	51	913	914
84911	28	27	913	914
23907	28	43	913	914
126736	28	1294	913	914
37994	28	412	913	914
21590	28	1676	913	914
40428	28	1688	913	914
9557	28	2060	913	914
44450	28	105	913	914
15380	28	621	913	914
29105	28	247	913	914
16257	28	67	913	914
66667	28	121	913	914
101237	28	1102	913	914
54412	28	71	913	914
69455	28	3750	913	914
126060	28	88	913	914
68446	28	120	913	914
95173	28	557	913	914
31659	28	176	913	914
109534	28	439	913	914
124942	28	768	913	914
127403	28	86	913	914
12925	28	39	913	914
125106	28	930	913	914
45199	28	529	913	914
94313	28	81	913	914
78098	28	44	913	914
77186	28	111	913	914
111560	28	150	913	914
67341	28	150	913	914
29583	28	253	913	914
8422	28	46	913	914
59478	28	717	913	914
95173	28	122	913	914
98295	28	924	913	914
44747	28	175	913	914
73854	28	752	913	914
15071	28	126	913	914
27113	28	1286	913	914
20524	28	429	913	914
71401	28	6568	913	914
66667	28	361	913	914
98774	28	2776	913	914
24850	28	1129	913	915
112338	28	1102	913	915
83292	28	158	913	915
34285	28	76	913	915
17202	28	132	913	915
85435	28	303	913	915
64086	28	101	913	915
48798	28	626	913	915
27403	28	315	913	915
22417	28	145	913	915
104501	28	89	913	915
121319	28	118	913	915
90743	28	71	913	915
78914	28	188	913	915
87519	28	63	913	915
78597	28	554	913	915
15242	28	188	913	915
123277	28	117	913	915
22469	28	29	913	915
34467	28	14	913	915
74009	30	31920	913	915
65580	28	178	913	915
77759	28	2391	913	915
100193	28	40	913	915
14344	28	798	913	915
23278	28	260	913	915
52689	28	9785	913	915
68700	28	67	913	915
11402	28	52	913	915
11433	28	1349	913	915
28484	28	1488	913	915
86645	28	969	913	915
102568	28	57	913	915
8508	28	103	913	915
36702	28	83	913	915
46655	28	1488	913	915
36447	28	53	913	915
11761	28	825	913	915
30347	28	70	913	915
68306	28	42	913	915
18118	28	50	913	915
49835	23	6274	913	915
49447	28	46	913	915
20609	28	88	913	915
15970	28	16	913	915
48621	28	1340	913	915
69250	28	1031	913	915
72727	28	109	913	915
44718	28	339	913	915
83516	28	800	913	915
52082	28	82	913	915
84127	28	16	913	915
82631	28	65	913	915
80848	28	989	913	915
86150	28	57	913	915
19982	28	303	913	915
74066	28	219	913	915
68164	28	51	913	915
15024	28	98	913	915
24633	28	303	913	915
13083	28	893	913	915
82001	28	67	913	915
29623	28	150	913	915
33660	28	67664	913	915
53548	28	37	913	915
95279	28	494	913	915
75707	28	3997	913	915
74111	28	2593	913	915
80457	28	176	913	915
32457	28	134	913	915
33313	28	103	913	916
30024	28	843	913	916
19420	28	18	913	916
34678	28	1195	913	916
47098	28	53	913	916
35431	28	1149	913	916
29620	28	2019	913	916
83153	28	277	913	916
11392	28	49	913	916
61270	28	251	913	916
119045	28	288	913	916
30009	28	554	913	916
26243	28	73	913	916
54999	28	134	913	916
73350	28	142	913	916
10887	28	256	913	916
22739	28	23	913	916
12437	28	22	913	916
106698	28	848	913	916
48972	28	52	913	916
91531	28	66	913	916
105308	28	422	913	916
33137	28	1483	913	916
125246	28	321	913	916
78787	28	43	913	916
18683	28	336	913	916
18673	28	42	913	916
7250	28	121	913	916
46275	28	2027	913	916
27311	28	52	913	916
96974	28	768	913	916
24492	28	41	913	916
105182	28	1682	913	916
61027	28	910	913	916
28085	28	830	913	916
99176	28	31	913	916
37119	28	1036	913	916
53358	28	695	913	916
50374	28	222	913	916
68052	28	1101	913	916
41675	28	71	913	916
34972	28	690	913	916
20670	28	20	913	916
29620	28	267	913	916
38117	28	378	913	916
80463	28	40	913	916
15916	28	22	913	916
74887	28	203	913	916
25442	28	69	913	916
89410	28	177	913	916
121895	28	1627	913	916
95248	28	40	913	916
59111	28	1059	913	916
36572	28	602	913	916
91823	28	104	913	916
20236	28	31	913	917
86391	28	107	913	917
27576	28	36	913	917
65573	28	37	913	917
88901	14	918	913	917
27112	28	74354	913	917
64568	28	1032	913	917
55963	28	265	913	917
140424	16	32696	913	917
98181	28	100	913	917
84174	23	50414	913	917
50414	23	84174	913	917
33643	28	122	913	917
12183	28	50	913	917
50969	28	281	913	917
28439	28	74354	913	917
23189	28	1818	913	917
127740	28	100	913	917
126401	28	28	913	917
50921	23	7121	913	917
97307	28	10579	913	917
48742	28	1874	913	917
53783	28	11857	913	917
42049	28	43	913	917
34429	28	626	913	917
93264	28	3884	913	917
39281	28	1742	913	917
16015	28	143	913	917
69205	28	76	913	917
14439	28	76	913	917
16236	28	303	913	917
44142	28	244	913	917
10326	28	20	913	917
19554	28	159	913	918
101613	28	31	913	918
73837	28	107	913	918
46869	28	70	913	918
63573	28	1978	913	918
9737	28	61	913	918
29685	28	158	913	918
39912	28	153	913	918
43926	28	247	913	918
15677	28	142	913	918
92659	28	47	913	918
42760	28	1262	913	918
59130	28	1101	913	918
26413	28	40	913	918
87852	28	217	913	918
25023	28	1149	913	918
78721	6	1037	913	918
42465	28	101	913	918
9535	28	508	913	918
13223	28	142	913	918
71910	28	191	913	918
52915	28	885	913	918
34124	28	64	913	919
61577	28	211	913	919
114308	28	129	913	919
66201	28	784	913	919
25002	28	155	913	919
25611	28	53	913	919
35505	28	22	913	919
10816	28	159	913	919
121361	28	1407	913	919
79515	23	28920	913	919
68131	28	276	913	919
48202	28	107	913	919
72260	28	152	913	919
116511	28	848	913	919
49688	28	126	913	919
24140	28	42	913	919
55086	28	542	913	919
102228	28	152	913	919
23064	28	20	913	919
59506	28	1199	913	919
80708	28	60	913	919
37926	28	22	913	919
74683	28	768	913	919
125062	28	406	913	919
48345	28	76	913	919
53302	28	460	913	919
44894	28	140	913	920
27660	28	68	913	920
21746	28	32	913	920
12816	28	331	913	920
16459	28	87	913	920
20125	28	121	913	920
72261	28	699	913	920
50981	28	168	913	920
35210	28	429	913	920
51451	28	1156	913	920
93641	28	73	913	920
95562	23	35118	913	920
22859	28	37	913	920
68131	28	660	913	920
23366	28	253	913	920
41403	6	11692	913	920
32324	28	58	913	920
32712	28	140	913	920
44717	28	704	913	920
65575	28	143	913	920
121964	28	99	913	920
65139	28	6543	913	920
51191	28	253	913	920
119863	28	3269	913	921
21232	28	22	913	921
14539	28	68	913	921
37403	28	248	913	921
31938	28	74	913	921
14130	28	520	913	921
18527	28	64	913	921
42974	28	159	913	921
93636	28	198	913	921
93347	28	40	913	921
