14225	28	792	952	953
25864	28	387	952	953
30829	28	263	952	953
23355	28	3431	952	953
7018	28	1048	952	953
9580	28	560	952	953
23357	28	8436	952	953
106572	28	447	952	953
15892	28	141	952	953
22803	28	100	952	953
41558	28	429	952	953
9809	28	1151	952	953
59203	28	568	952	953
65242	28	965	952	953
23963	28	39	952	953
14199	28	109	952	953
18050	28	623	952	953
5806	28	2386	952	953
18203	28	16625	952	953
20210	28	408	952	953
50291	28	610	952	953
58253	28	3367	952	953
22627	28	132	952	953
23463	28	1115	952	953
35207	28	524	952	953
14715	28	568	952	953
14232	28	989	952	953
8596	28	38	952	953
26994	28	1653	952	953
10445	28	369	952	953
14268	28	202	952	953
13519	28	572	952	953
28590	28	333	952	953
26015	28	54209	952	953
57438	28	70	952	953
26147	28	386	952	953
8268	28	111	952	953
11016	28	435	952	953
17373	28	45	952	953
9693	28	228	952	953
58390	28	3737	952	953
11078	28	110	952	953
8530	28	4778	952	953
51282	28	1035	952	953
10732	28	2840	952	953
17400	28	2840	952	953
24823	28	2593	952	953
98695	28	3443	952	953
27274	28	1124	952	953
143020	28	439	952	953
17425	28	147	952	953
83310	28	4860	952	953
20330	28	22	952	953
33993	28	336	952	953
32172	28	1091	952	953
15309	28	848	952	953
68279	28	983	952	953
64703	28	1055	952	953
74691	28	4379	952	953
11380	28	330	952	953
59678	28	1264	952	953
14895	28	381	952	953
9561	28	395	952	953
13291	28	546	952	953
7706	28	3174	952	953
9154	28	968	952	953
143409	28	69371	952	953
43152	28	834	952	953
14915	28	546	952	953
27553	28	789	952	953
46547	28	899	952	953
21410	28	118	952	953
11883	28	169	952	953
33116	28	2467	952	953
15698	28	184	952	953
17981	28	770	952	953
17457	28	42188	952	953
68221	28	1286	952	953
69485	28	1537	952	953
108058	28	1156	952	953
16791	28	1949	952	953
26614	28	184	952	953
15945	28	141	952	953
5948	28	669	952	953
82995	28	1018	952	953
67154	28	660	952	953
19427	28	903	952	953
36456	28	1098	952	953
27006	28	923	952	953
59305	28	2436	952	953
78746	28	1462	952	953
9371	28	53	952	953
13457	28	1753	952	953
5829	28	18401	952	953
13945	28	11364	952	953
98842	28	210	952	953
18388	28	1412	952	953
24611	28	490	952	953
46580	28	171	952	953
31878	28	336	952	953
25903	28	2449	952	953
66137	28	2097	952	953
7846	28	105	952	953
44033	28	1228	952	953
15527	28	410	952	953
61786	28	3284	952	953
31373	28	1182	952	953
12262	28	557	952	953
20153	28	784	952	953
46963	28	1949	952	953
65699	28	25582	952	953
21199	28	221	952	953
9651	28	2435	952	953
17017	28	1221	952	953
21524	28	1076	952	953
9707	28	462	952	953
14584	28	450	952	953
57389	28	5621	952	953
12958	28	105	952	953
9866	28	2878	952	953
21554	28	377	952	953
81134	28	165	952	953
60065	28	39	952	953
21750	28	43	952	953
106933	28	110	952	953
8184	28	819	952	953
22284	28	1213	952	953
46230	28	1041	952	953
10673	28	121	952	953
9157	28	4400	952	953
20539	28	123	952	953
39161	28	1085	952	953
107272	28	1671	952	953
27616	28	492	952	953
22565	28	65	952	953
80580	28	446	952	953
11967	28	89	952	953
24163	28	2088	952	953
6846	28	540	952	953
93956	28	89	952	953
45022	28	4164	952	953
9111	28	252	952	953
4754	28	32784	952	953
20187	28	1910	952	953
6242	28	343	952	953
24529	28	80	952	953
46458	28	4400	952	953
14056	28	109	952	953
67860	28	358	952	953
8386	28	265	952	953
6277	28	54	952	953
83124	28	366	952	953
5904	28	52	952	953
20263	28	222	952	953
8793	28	181	952	953
90292	28	1360	952	953
6153	28	58	952	953
41693	28	602	952	953
9663	28	288	952	953
5517	28	657	952	953
6156	28	447	952	953
21633	28	2349	952	953
7248	28	646	952	953
8747	28	19	952	953
69424	28	145	952	953
46952	28	405	952	953
74254	28	2271	952	953
17816	28	1293	952	953
6350	28	286	952	953
10185	28	1088	952	953
18117	28	11364	952	953
21111	28	976	952	953
8342	28	24	952	953
31463	28	408	952	953
7755	28	3385	952	953
23172	28	956	952	953
23645	28	60	952	953
22729	28	1023	952	953
9706	28	6880	952	953
33407	28	960	952	953
60712	28	275	952	953
7007	28	2468	952	953
69426	28	875	952	953
70045	28	31	952	953
16154	28	2320	952	953
44199	28	525	952	953
20838	28	1779	952	953
17674	28	159	952	953
29719	28	313	952	953
15917	28	28	952	953
26759	28	1933	952	953
13875	28	404	952	953
69130	28	408	952	953
26982	28	191	952	953
13856	28	507	952	953
20451	28	99	952	953
47474	28	610	952	953
91870	28	574	952	953
76321	28	1179	952	953
7365	28	230	952	953
11202	28	431	952	953
29851	28	933	952	953
59373	28	1186	952	953
15430	28	141	952	953
8382	28	117	952	953
62284	28	3413	952	953
19474	28	888	952	953
13190	28	360	952	953
82830	28	605	952	953
44748	28	2023	952	953
24477	28	181	952	953
80182	28	1193	952	953
7772	28	1174	952	953
10844	28	30	952	953
7823	28	53	952	953
127306	28	17698	952	953
15155	28	222	952	953
28429	28	455	952	953
30036	28	3386	952	953
8448	28	846	952	953
12821	28	3868	952	953
10667	28	1273	952	953
16893	28	1324	952	953
9647	28	5200	952	953
27275	28	304	952	953
86783	28	1296	952	953
19544	28	1936	952	953
15624	28	30	952	953
13772	28	3862	952	953
14766	28	1021	952	953
8748	28	122	952	953
16713	28	1478	952	953
14881	28	198	952	953
23902	28	1839	952	953
7846	28	33	952	953
15277	28	666	952	953
73757	28	2223	952	953
41604	28	675	952	953
11905	28	118	952	953
23336	28	4844	952	953
11338	28	292	952	953
32992	28	101	952	953
31705	28	1360	952	953
24983	28	490	952	953
39650	28	716	952	953
8685	28	404	952	953
74715	28	643	952	953
69662	28	774	952	953
8085	28	1118	952	953
20593	28	713	952	953
70090	28	1567	952	953
9463	28	195	952	953
60910	28	2843	952	953
13670	28	18758	952	953
17777	28	615	952	953
76329	28	2835	952	953
34269	28	1047	952	953
10617	28	43	952	953
36859	28	330	952	953
8193	28	214	952	953
10210	28	203	952	953
41889	28	22365	952	953
33515	28	37	952	953
80695	28	377	952	953
10583	28	516	952	953
17740	28	1211	952	953
38386	28	796	952	953
59879	28	1926	952	953
6957	28	67	952	953
92559	28	1167	952	953
11795	28	633	952	953
9316	28	609	952	953
17140	28	646	952	953
18478	28	1067	952	953
7640	28	4379	952	953
8679	28	180	952	953
5601	28	1644	952	953
12319	28	1034	952	953
9227	28	848	952	953
30390	28	2454	952	953
23835	28	1834	952	953
76156	28	1948	952	953
12744	28	922	952	953
33515	28	368	952	953
7382	28	1478	952	953
97053	28	45	952	953
62936	28	933	952	953
19407	28	3469	952	953
22804	28	3141	952	953
16741	28	263	952	953
68162	28	154	952	953
31057	28	3122	952	953
70120	28	222	952	953
85655	28	1442	952	953
18429	28	178	952	953
39069	28	1932	952	953
27009	28	23	952	953
41760	28	1025	952	953
31860	28	146	952	953
11890	28	60	952	953
58694	28	221	952	953
19750	28	114	952	953
59764	28	4078	952	953
21789	28	71	952	953
12485	28	1227	952	953
11279	28	452	952	953
34998	28	1777	952	953
8755	28	969	952	953
96352	28	828	952	953
8035	28	610	952	953
9770	28	1833	952	953
119288	28	27430	952	953
81903	28	202	952	953
10132	28	819	952	953
92868	28	1264	952	953
53442	28	3407	952	953
21885	28	1960	952	953
23661	28	701	952	953
85527	28	523	952	953
14595	28	27	952	953
51354	28	832	952	953
19968	28	1229	952	953
66182	28	1772	952	953
63470	28	1758	952	953
51106	28	926	952	953
27163	28	437	952	953
70281	28	327	952	953
3789	28	828	952	953
9120	28	1080	952	953
40675	28	143	952	953
58255	28	2136	952	953
13500	28	292	952	953
18176	28	29	952	953
22728	28	3051	952	953
25053	28	916	952	953
59584	28	1462	952	953
18858	28	254	952	953
79687	28	254	952	953
78186	28	789	952	953
26992	28	1277	952	953
23552	28	386	952	953
72641	28	841	952	953
41621	28	836	952	953
22382	28	1703	952	953
16227	28	496	952	953
50577	28	4068	952	953
26735	28	785	952	953
30341	28	3926	952	953
28729	28	4682	952	953
6844	28	111	952	953
36117	28	621	952	953
6744	28	141	952	953
12607	28	490	952	953
53995	28	3207	952	953
65019	28	866	952	953
86110	28	195	952	953
5777	28	1021	952	953
8226	28	186	952	953
95210	28	2548	952	953
91480	28	63	952	953
70910	28	2435	952	953
27996	28	506	952	953
86783	28	1304	952	953
111119	28	2022	952	953
101048	28	22	952	953
20452	28	124	952	953
30197	28	361	952	953
34139	28	253	952	953
27032	28	8223	952	953
25141	28	178	952	953
24632	28	257	952	953
105911	28	195	952	953
19761	28	232	952	953
72805	28	177	952	953
114122	28	1497	952	953
16058	28	732	952	953
7702	28	313	952	953
10577	28	439	952	953
61185	28	1304	952	953
17463	28	383	952	953
62703	28	1238	952	953
91797	28	21766	952	953
26730	28	2023	952	953
11437	28	83	952	953
35947	28	4643	952	953
92036	28	170	952	953
23872	28	330	952	953
19075	28	516	952	953
44041	28	252	952	953
11316	28	1653	952	953
13108	28	3177	952	953
14757	28	67795	952	953
94992	28	1291	952	953
90064	28	37	952	953
85426	28	369	952	953
20610	28	1076	952	953
19702	28	469	952	953
12331	28	81	952	953
12434	28	2812	952	953
5473	28	121	952	953
32199	28	614	952	953
7747	28	51018	952	953
43882	28	61	952	953
53972	28	5165	952	953
91479	28	1080	952	953
98816	28	587	952	953
30204	28	365	952	953
10429	28	122	952	953
55244	28	628	952	953
91889	28	155	952	953
10865	28	462	952	953
45498	28	1395	952	953
9920	28	1330	952	953
12019	28	402	952	953
10804	28	3016	952	953
109577	28	22365	952	953
15002	28	83	952	953
19184	28	1354	952	953
11159	28	719	952	953
77783	28	1703	952	953
15947	28	40878	952	953
8280	28	98	952	953
11107	28	583	952	953
67426	28	633	952	953
8308	28	603	952	953
84039	28	836	952	953
10553	28	2853	952	953
15699	28	361	952	953
20948	28	70	952	953
32932	28	6433	952	953
9467	28	637	952	953
38168	28	167	952	953
83117	28	171	952	953
5013	28	19	952	953
12707	28	1129	952	953
12562	28	559	952	953
48350	28	161	952	953
9273	28	783	952	953
55276	28	346	952	953
30543	28	1416	952	953
9201	28	30	952	953
3240	28	160	952	953
18398	28	1201	952	953
92931	28	99	952	953
41772	28	564	952	953
12386	28	959	952	953
77468	28	1324	952	953
27767	28	83	952	953
44461	28	69	952	953
8260	28	19	952	953
50926	28	2975	952	953
30904	28	1467	952	953
41265	28	247	952	953
10685	28	4767	952	953
105762	28	1076	952	953
48504	28	1740	952	953
44586	28	408	952	953
13392	28	233	952	953
5924	28	377	952	953
20676	28	1384	952	953
16238	28	4143	952	953
15133	28	2201	952	953
51043	28	95	952	953
108885	28	1828	952	953
7768	28	1432	952	953
10567	28	57	952	953
64884	28	390	952	953
58501	28	38010	952	953
71928	28	1436	952	953
20696	28	1677	952	953
50872	28	894	952	953
83449	28	979	952	953
5699	28	110	952	953
35878	28	2062	952	953
12297	28	325	952	953
12197	28	234	952	953
30922	28	1153	952	953
15723	28	1023	952	953
23718	28	3973	952	953
26448	28	2189	952	953
33191	28	4147	952	953
20971	28	315	952	953
7354	28	506	952	953
109529	28	430	952	953
92847	28	3284	952	953
55234	28	4128	952	953
14664	28	1036	952	953
40432	28	1738	952	953
15381	28	48	952	953
36837	28	455	952	953
6642	28	449	952	953
97493	28	897	952	953
33548	28	1405	952	953
4629	28	408	952	953
10794	28	2127	952	953
11193	28	42	952	953
92171	28	4189	952	953
88106	28	3868	952	953
57459	28	3663	952	953
7570	28	156	952	953
48196	28	64542	952	953
27659	28	38	952	953
58766	28	621	952	953
6429	28	166	952	953
6881	28	3122	952	953
13551	28	3304	952	953
6719	28	1022	952	953
21530	28	72	952	953
37321	28	49	952	953
4618	28	80	952	953
46042	28	3100	952	953
107153	28	280	952	953
33931	28	37274	952	953
80925	28	391	952	953
18968	28	319	952	953
14514	28	564	952	953
14341	28	7519	952	953
37495	28	221	952	953
9603	28	315	952	953
15995	28	1159	952	953
10413	28	2449	952	953
12792	28	646	952	953
5280	28	256	952	953
77990	28	695	952	953
24029	28	58	952	953
56874	28	2841	952	953
23646	28	498	952	953
54193	28	741	952	953
50440	28	250	952	953
109490	28	1012	952	953
11820	28	1499	952	953
12384	28	693	952	953
27316	28	1541	952	953
56481	28	525	952	953
18124	28	30811	952	953
14454	28	85	952	953
21321	28	5480	952	953
16288	28	732	952	953
11643	28	423	952	953
106284	28	1023	952	953
16000	28	959	952	953
32985	28	45	952	953
7614	28	361	952	953
16029	28	343	952	953
87456	28	3309	952	953
16781	28	333	952	953
9790	28	288	952	953
6336	28	2672	952	953
12129	28	40	952	953
19174	28	386	952	953
10011	28	439	952	953
15133	28	417	952	953
6128	28	174	952	953
11686	28	41	952	953
79725	28	1320	952	953
80490	28	1531	952	953
6936	28	129	952	953
41707	28	370	952	953
76868	28	5440	952	953
21815	28	446	952	953
9971	28	627	952	953
84649	28	2840	952	953
86560	28	3407	952	953
75754	28	913	952	953
35609	28	103	952	953
26071	28	83	952	953
12336	28	1389	952	953
59617	28	353	952	953
78186	28	2267	952	953
6483	28	129	952	953
10931	28	358	952	953
65256	28	266	952	953
6178	28	31	952	953
60007	28	903	952	953
32005	28	1571	952	953
38641	28	508	952	953
34801	28	447	952	953
48243	28	3491	952	953
29332	28	559	952	953
44753	28	71	952	953
10915	28	1123	952	953
21218	28	1405	952	953
19032	28	418	952	953
12793	28	1173	952	953
59147	14	136536	952	953
96938	28	33239	952	953
9358	28	88	952	953
19713	28	1919	952	953
23098	28	741	952	953
51966	28	1304	952	953
15405	28	28327	952	953
11068	28	4917	952	953
27659	28	247	952	953
19863	28	144	952	953
87522	28	272	952	953
70047	28	4549	952	953
38211	28	145	952	953
9021	28	528	952	953
7413	28	1112	952	953
10919	28	6518	952	953
68114	28	144	952	953
75083	28	129	952	953
16013	28	63	952	953
45804	28	79	952	953
17387	28	241	952	953
90178	28	937	952	953
14208	28	291	952	953
16310	28	612	952	953
13775	28	363	952	953
109237	28	42	952	953
59757	28	2300	952	953
73430	28	1035	952	953
18008	28	261	952	953
7310	28	3207	952	953
37320	28	100	952	953
13064	28	211	952	953
44249	28	591	952	953
58000	28	1559	952	953
15271	28	2096	952	953
34953	28	180	952	953
14623	28	1015	952	953
6203	28	716	952	953
75864	28	9960	952	953
81837	28	1897	952	953
9896	28	625	952	953
7994	28	203	952	953
22423	28	1611	952	953
17741	28	1938	952	953
44537	28	3061	952	953
69694	28	2598	952	953
20039	28	888	952	953
15335	28	1004	952	953
25310	28	615	952	953
15172	28	154	952	953
5470	28	46	952	953
9974	28	3491	952	953
9465	28	857	952	953
20491	28	975	952	953
96171	28	1264	952	953
81150	28	4844	952	953
27897	28	3177	952	953
9830	28	40	952	953
9192	28	989	952	953
59932	28	4349	952	953
23994	28	719	952	953
48800	28	339	952	953
4221	28	56	952	953
17387	28	377	952	953
73066	28	409	952	953
6636	28	72	952	953
10572	28	186	952	953
21104	28	396	952	953
18426	28	623	952	953
6967	28	23	952	953
16225	28	1138	952	953
60556	28	167	952	953
22388	28	368	952	953
22246	28	274	952	953
61374	28	1499	952	953
6391	28	315	952	953
28516	28	147	952	953
14010	28	336	952	953
13784	28	260	952	953
12081	28	3195	952	953
31593	28	1213	952	953
12229	28	11118	952	953
45648	28	27792	952	953
23806	28	103	952	953
10665	28	630	952	953
12007	28	72	952	953
8030	28	37	952	953
18503	28	232	952	953
8818	28	1841	952	953
9259	28	50	952	953
99625	28	71	952	953
19435	28	1325	952	953
44144	28	120	952	953
9638	28	56321	952	953
47281	28	1499	952	953
6438	28	280	952	953
60606	28	9602	952	953
5162	28	121	952	953
76071	28	1016	952	953
6281	28	1641	952	953
6032	28	186	952	953
94529	28	602	952	953
52012	28	358	952	953
21223	28	1330	952	953
42416	28	963	952	953
10170	28	1436	952	953
11903	28	266	952	953
7745	28	1423	952	953
8818	28	325	952	953
42133	28	2105	952	953
12475	28	429	952	953
38069	28	154	952	953
4526	28	41	952	953
15193	28	1945	952	953
23888	28	494	952	953
11172	28	546	952	953
63860	28	474	952	953
5920	28	19	952	953
9931	28	45	952	953
12681	28	439	952	953
13046	28	1057	952	953
28588	28	1190	952	953
13777	28	234	952	953
13200	28	181	952	953
21476	28	546	952	953
59876	28	325	952	953
58559	28	54277	952	953
9085	28	3492	952	953
54104	28	1227	952	953
6695	28	251	952	953
44729	28	13819	952	953
11472	28	66	952	953
18773	28	1100	952	953
75575	28	240	952	953
20267	28	627	952	953
39729	28	22734	952	953
16174	28	99	952	953
52605	28	23582	952	953
101860	28	857	952	953
17584	28	481	952	953
13647	28	292	952	953
7614	28	3047	952	953
10556	28	2035	952	953
9500	28	87	952	953
13668	28	1022	952	953
38437	28	502	952	953
23853	28	43	952	953
24685	28	2791	952	953
8268	28	557	952	953
8338	28	33946	952	953
11659	28	240	952	953
35178	28	1471	952	953
102759	28	1816	952	953
104865	28	1949	952	953
11812	28	2418	952	953
6226	28	554	952	953
13988	28	786	952	953
117033	28	3339	952	953
63092	28	1743	952	953
10571	28	1412	952	953
19413	28	2349	952	953
5554	28	5797	952	953
46204	28	141	952	953
30197	28	121	952	953
111394	28	1703	952	953
59416	28	159	952	953
42477	28	57	952	953
78288	28	990	952	953
111864	28	3443	952	953
92390	28	1446	952	953
10726	28	1397	952	953
89950	28	746	952	953
12369	28	1223	952	953
62929	28	1812	952	953
20885	28	1949	952	953
6014	28	358	952	953
38368	28	1897	952	953
88189	28	641	952	953
99395	28	449	952	953
15175	28	1475	952	953
46853	28	386	952	953
6868	28	112	952	953
7311	28	828	952	953
7191	28	1269	952	953
42164	28	292	952	953
14971	28	42	952	953
94895	28	2331	952	953
44505	28	112	952	953
61101	28	610	952	953
102060	28	1142	952	953
38720	28	964	952	953
67996	28	515	952	953
29141	28	572	952	953
75894	28	1199	952	953
37760	28	1616	952	953
28891	28	698	952	953
66296	28	524	952	953
10262	28	11015	952	953
9418	28	68	952	953
12752	28	11424	952	953
18243	28	288	952	953
23790	28	82	952	953
7200	28	64	952	953
7029	28	693	952	953
46356	28	554	952	953
31530	28	169	952	953
17410	28	555	952	953
9371	28	19	952	953
30142	28	298	952	953
33901	28	649	952	953
67611	28	2469	952	953
80574	28	143	952	953
7461	28	67	952	953
69289	28	4116	952	953
13141	28	2449	952	953
4001	28	259	952	953
27017	28	134	952	953
60073	28	628	952	953
7441	28	565	952	953
13804	28	408	952	953
59538	28	2705	952	953
71703	28	2040	952	953
6121	28	91	952	953
17345	28	3630	952	953
7512	28	295	952	953
30960	28	603	952	953
17939	28	176	952	953
12909	28	232	952	953
26317	28	311	952	953
11655	28	231	952	953
10271	28	132	952	953
13611	28	398	952	953
43021	28	626	952	953
15048	28	2447	952	953
20154	28	398	952	953
73509	28	3465	952	953
20109	28	273	952	953
6207	28	66	952	953
6408	28	2127	952	953
95052	28	556	952	953
111854	28	1692	952	953
53570	28	695	952	953
57241	28	22347	952	953
31786	28	387	952	953
10971	28	27	952	953
17194	28	40	952	953
82480	28	1919	952	953
16240	28	1088	952	953
9352	28	475	952	953
47088	28	30	952	953
27126	28	3331	952	953
71778	28	71	952	953
25199	28	8223	952	953
69968	28	7895	952	953
38707	28	745	952	953
22590	28	1034	952	953
11560	28	139	952	953
103200	28	467	952	953
42082	28	274	952	953
5368	28	150	952	953
17640	28	596	952	953
17152	28	241	952	953
20306	28	99	952	953
23392	28	1649	952	953
53918	28	649	952	953
36775	28	184	952	953
39274	28	261	952	953
93487	28	72	952	953
4508	28	28	952	953
32363	28	476	952	953
10865	28	713	952	953
9574	28	572	952	953
25013	28	214	952	953
95133	28	837	952	953
10436	28	146	952	953
61865	28	465	952	953
53524	28	1172	952	953
34861	28	252	952	953
60483	28	2114	952	953
23808	28	1031	952	953
5468	28	87	952	953
12601	28	232	952	953
10153	28	930	952	953
76647	28	752	952	953
31251	28	266	952	953
66307	28	1392	952	953
18530	28	8420	952	953
13467	28	109	952	953
7900	28	386	952	953
7373	28	1841	952	953
32905	28	371	952	953
102614	28	2616	952	953
24627	28	2522	952	953
15686	28	54	952	953
81068	28	710	952	953
31448	28	1640	952	953
6519	28	185	952	953
29452	28	471	952	953
31455	28	186	952	953
5911	28	82	952	953
27919	28	1394	952	953
31303	28	406	952	953
94369	28	54277	952	953
13679	28	10760	952	953
7678	28	37	952	953
10085	28	1095	952	953
104273	28	2138	952	953
10984	28	883	952	953
12533	28	478	952	953
11390	28	508	952	953
13689	28	1258	952	953
108996	28	4164	952	953
20469	28	557	952	953
26079	28	523	952	953
5822	28	2150	952	953
14161	28	250	952	953
17548	28	313	952	953
76585	28	455	952	953
10259	28	236	952	953
49998	28	2649	952	953
26941	28	4674	952	953
77560	28	1010	952	953
11921	28	610	952	953
61166	28	2870	952	953
13613	28	1269	952	953
18704	28	121	952	953
9722	28	4589	952	953
33033	28	339	952	953
21265	28	2066	952	953
80691	28	2826	952	953
10242	28	388	952	953
34777	28	434	952	953
30063	28	5444	952	953
93069	28	261	952	953
18917	28	257	952	953
68331	28	1145	952	953
13734	28	422	952	953
82370	28	214	952	954
12897	28	1159	952	954
52456	28	888	952	954
7732	28	54	952	954
96365	28	1261	952	954
12977	28	484	952	954
14653	28	469	952	954
16778	28	431	952	954
16796	28	380	952	954
29668	28	140	952	954
14489	28	70	952	954
14768	28	40	952	954
16996	28	54	952	954
61634	28	73	952	954
17066	28	82	952	954
34654	28	98	952	954
11823	28	985	952	954
5992	28	1743	952	954
17147	28	2685	952	954
7294	28	294	952	954
84169	28	1000	952	954
14601	28	410	952	954
15160	28	257	952	954
26332	28	781	952	954
34827	28	132	952	954
9670	28	836	952	954
16299	28	120	952	954
54470	28	146	952	954
26588	28	408	952	954
30779	28	692	952	954
85108	28	964	952	954
12171	28	51	952	954
15435	28	3681	952	954
82581	28	2435	952	954
70903	28	76	952	954
4867	23	31182	952	954
31182	23	4867	952	954
24939	28	1139	952	954
74097	28	1077	952	954
27122	28	5808	952	954
64292	28	1320	952	954
64310	28	180	952	954
20085	28	365	952	954
29405	28	3656	952	954
8487	28	91	952	954
8621	28	76	952	954
99977	28	15637	952	954
26805	28	1860	952	954
7802	28	3737	952	954
17440	28	3000	952	954
6426	28	355	952	954
33387	28	2605	952	954
27598	28	233	952	954
10350	28	82	952	954
31874	28	281	952	954
14892	28	740	952	954
63161	28	214	952	954
56477	28	2271	952	954
83568	28	365	952	954
4911	28	878	952	954
75627	28	749	952	954
9762	28	1227	952	954
65604	28	239	952	954
87642	28	2997	952	954
36980	28	248	952	954
20695	28	202	952	954
25948	28	560	952	954
15625	28	76	952	954
21134	28	481	952	954
11785	28	5444	952	954
8882	28	250	952	954
20910	28	3918	952	954
14480	28	532	952	954
56374	28	8373	952	954
11831	28	5185	952	954
101948	28	363	952	954
12039	28	101	952	954
8772	28	30	952	954
6086	28	740	952	954
12396	28	235	952	954
52636	28	240	952	954
88695	28	783	952	954
52231	28	58	952	954
76830	28	21187	952	954
70636	28	245	952	954
10160	28	1266	952	954
33482	28	145	952	954
5933	28	170	952	954
16533	28	231	952	954
33525	28	214	952	954
12849	28	43	952	954
16465	28	185	952	954
18991	28	781	952	954
16624	28	1464	952	954
16671	28	319	952	954
14243	28	960	952	954
70798	28	1023	952	954
16584	28	325	952	954
61654	28	245	952	954
27026	28	626	952	954
25367	28	491	952	954
6827	28	830	952	954
9448	28	202	952	954
6395	28	107	952	954
46141	28	365	952	954
34842	28	751	952	954
53074	28	235	952	954
18924	28	2575	952	954
58073	28	72	952	954
9214	28	37	952	954
40346	28	387	952	954
7128	28	70	952	954
48652	28	87	952	954
30459	28	10196	952	954
14353	28	1951	952	954
9677	28	52	952	954
8676	28	1395	952	954
23011	28	281	952	954
35435	28	1165	952	954
6932	28	432	952	954
54716	28	693	952	954
46803	28	114	952	954
32675	28	103	952	954
8101	28	100	952	954
19353	28	1057	952	954
23286	28	30	952	954
16697	28	325	952	954
20422	28	195	952	954
8666	28	20437	952	954
70896	28	2519	952	954
22308	28	22	952	954
7496	28	36	952	954
20463	28	875	952	954
31164	28	754	952	954
19670	28	114	952	954
41452	28	446	952	954
23237	28	1960	952	954
6462	28	22	952	954
30118	28	321	952	954
18626	28	124	952	954
34153	28	888	952	954
9725	28	45	952	954
9640	28	410	952	954
10875	28	120	952	954
121215	28	309	952	954
54436	28	1291	952	954
23230	28	1031	952	954
36366	28	230	952	954
23752	28	313	952	954
25803	28	363	952	954
12433	28	378	952	954
15785	28	418	952	954
20793	28	413	952	954
20655	28	3174	952	954
36191	28	417	952	954
15480	28	37	952	954
79088	28	201	952	954
8768	28	1968	952	954
101065	28	50717	952	954
48305	28	233	952	954
6436	28	124	952	954
22824	28	5527	952	954
60764	28	175	952	954
13988	28	799	952	954
30926	28	2517	952	954
14959	28	411	952	954
36490	28	220	952	954
18170	28	288	952	954
91993	28	1076	952	954
17241	28	568	952	954
122574	28	3428	952	954
16060	28	1461	952	954
7839	28	37	952	954
15270	28	503	952	954
39455	28	1177	952	954
82970	28	975	952	954
37352	28	1263	952	954
58222	28	998	952	954
46209	28	642	952	954
16506	28	628	952	954
31442	28	51	952	954
58925	28	17491	952	954
45098	28	1959	952	954
9801	28	1499	952	954
106797	28	3167	952	954
9986	28	339	952	954
10782	28	520	952	954
51153	28	192	952	954
11124	28	112	952	954
19706	28	20	952	954
7882	28	167	952	954
45016	28	530	952	954
38185	28	508	952	954
5670	28	111	952	954
12490	28	239	952	954
31391	28	141	952	954
123649	28	2793	952	954
11362	28	55	952	954
84130	28	5331	952	954
7561	28	162	952	954
59347	28	475	952	954
20264	28	79	952	954
7025	28	18	952	954
9682	28	98	952	954
56829	28	391	952	954
7960	28	280	952	954
23594	28	1279	952	954
14586	28	110	952	954
27995	28	1671	952	954
70455	28	560	952	954
9069	28	66	952	954
5342	28	1048	952	954
24000	28	345	952	954
38076	28	1837	952	954
47501	28	101	952	954
8438	28	132	952	954
59715	28	977	952	954
107394	28	593	952	954
17937	28	520	952	954
10276	28	81	952	954
51473	28	578	952	954
41713	28	602	952	954
19683	28	11558	952	954
14415	28	141	952	954
10133	28	61	952	954
15399	28	219	952	954
16636	28	1081	952	954
9868	28	495	952	954
10937	28	1960	952	954
14241	28	1640	952	954
39021	28	691	952	954
27580	28	104	952	954
49477	28	722	952	954
24092	28	964	952	954
28552	28	54	952	954
92592	28	139	952	954
10490	28	2189	952	954
71619	28	303	952	954
12171	28	294	952	954
8961	28	4921	952	954
24018	28	6818	952	954
45499	28	85	952	954
55957	28	1960	952	954
85317	28	2488	952	954
115372	28	3818	952	954
85216	28	581	952	954
19757	28	7345	952	954
16051	28	423	952	954
13374	28	294	952	954
37980	28	1261	952	954
75417	28	449	952	954
9192	28	164	952	954
6870	28	1501	952	954
11346	28	371	952	954
19069	28	281	952	954
6371	28	274	952	954
92443	28	268	952	954
62807	28	1346	952	954
7376	28	3265	952	954
65247	28	2452	952	954
78417	28	956	952	954
36503	28	926	952	954
76170	28	661	952	954
78741	28	3432	952	954
27868	28	462	952	954
15520	28	643	952	954
15663	28	523	952	954
77884	23	76423	952	954
6800	28	1464	952	954
36927	28	232	952	954
9871	28	202	952	954
12003	28	251	952	954
18717	28	233	952	954
22388	28	38	952	954
4836	28	50	952	954
66828	28	188	952	954
16418	28	179	952	954
89566	28	133	952	954
20712	28	210	952	954
41089	28	112	952	954
46341	28	608	952	954
62226	28	40690	952	954
4842	28	23	952	954
16604	28	503	952	954
10405	28	11015	952	954
45448	28	70	952	954
24825	28	1360	952	954
18453	28	418	952	954
22716	28	101	952	954
21798	28	496	952	954
18438	28	192	952	954
21064	28	1704	952	954
12608	28	1094	952	954
68141	28	605	952	954
16877	28	503	952	954
12712	28	124	952	954
8034	28	4068	952	954
12670	28	112	952	954
28569	28	44218	952	954
5903	28	722	952	954
6725	28	395	952	954
49336	28	144	952	954
9091	28	484	952	954
13181	28	436	952	954
4884	28	477	952	954
43544	28	365	952	954
49069	28	546	952	954
75153	28	210	952	954
13765	28	784	952	954
79725	28	1075	952	954
74670	28	309	952	954
13029	28	45	952	954
58196	28	766	952	954
22116	28	7909	952	954
14599	28	647	952	954
17489	28	253	952	954
12018	28	2452	952	954
49275	28	3131	952	954
11333	28	1263	952	954
110225	28	1554	952	954
74104	28	235	952	954
16026	28	67	952	954
15755	28	996	952	954
7870	28	48	952	954
44390	28	3836	952	954
30070	28	883	952	954
17246	28	193	952	954
92776	28	252	952	954
44584	28	963	952	954
94355	28	643	952	954
46124	28	3433	952	954
40646	28	100	952	954
69676	28	800	952	954
30619	28	995	952	954
16387	28	569	952	954
20183	28	1112	952	954
12303	28	1360	952	954
56333	28	11427	952	954
8875	28	223	952	954
4807	28	674	952	954
54317	28	752	952	954
69042	28	156	952	954
87831	28	513	952	954
9228	28	333	952	954
27793	28	251	952	954
23908	28	1594	952	954
12217	28	251	952	954
29276	28	294	952	954
11505	28	71	952	954
86329	28	155	952	954
33170	28	695	952	954
7060	28	478	952	954
12881	28	24	952	954
12369	28	122	952	954
9612	28	109	952	954
7184	28	13793	952	954
64992	28	492	952	954
15622	28	633	952	954
6859	28	102	952	954
18034	28	222	952	954
53650	28	871	952	954
15260	23	5617	952	954
81734	28	1968	952	954
18510	28	2114	952	954
78484	28	1413	952	954
15538	28	117	952	954
24457	28	72	952	954
9694	28	507	952	954
15285	28	95	952	954
8661	28	2713	952	954
11213	28	910	952	954
29420	28	2435	952	954
43001	28	73	952	954
64972	28	535	952	954
26224	28	231	952	954
81671	28	105	952	954
94490	28	1394	952	954
23115	28	63	952	954
21178	28	516	952	954
7777	28	160	952	954
16047	28	428	952	954
12116	28	37	952	954
46691	28	71	952	954
9558	28	169	952	954
32204	28	161	952	954
7842	28	625	952	954
10740	28	155	952	954
36212	28	1286	952	954
6342	28	784	952	954
100984	28	692	952	954
9123	28	825	952	954
8000	28	1329	952	954
12729	28	195	952	954
52794	28	3386	952	954
38494	28	1444	952	954
6112	28	3148	952	954
15471	28	291	952	954
11878	28	54	952	954
5164	28	213	952	954
25686	28	2693	952	954
30362	28	135	952	954
26833	28	369	952	954
17113	28	192	952	954
14067	28	288	952	954
12723	28	38	952	954
19992	28	1841	952	954
72349	28	745	952	954
9482	28	33	952	954
19247	28	364	952	954
101684	28	3761	952	954
129354	28	1299	952	954
22278	28	646	952	954
19335	28	1033	952	954
6526	28	47	952	954
9898	28	81	952	954
18721	28	1288	952	954
13271	28	33	952	954
32621	28	3051	952	954
8083	28	358	952	954
57212	28	735	952	954
74118	28	1258	952	954
6977	28	2682	952	954
8237	28	121	952	954
29195	28	20	952	954
49958	28	1139	952	954
52242	28	614	952	954
23793	28	3960	952	954
60693	28	1850	952	954
18071	28	406	952	954
60942	28	325	952	954
14295	28	436	952	954
30211	28	142	952	954
44585	28	669	952	954
12346	28	54	952	954
66180	28	29726	952	954
10820	28	54	952	954
38523	28	321	952	954
13794	28	54	952	954
34399	28	30093	952	954
47342	28	360	952	954
66420	28	2680	952	954
8865	28	633	952	954
24350	28	2812	952	954
18028	28	1005	952	954
56672	28	5165	952	954
30828	28	228	952	954
28613	28	796	952	954
51666	28	193	952	954
26620	28	1488	952	954
32046	28	2701	952	954
6508	28	1354	952	954
5804	28	16	952	954
44160	28	86	952	954
28707	28	428	952	954
10787	28	410	952	954
14171	28	64	952	954
15893	28	633	952	954
77956	28	2963	952	954
21537	28	303	952	954
36192	28	273	952	954
52667	28	1034	952	954
4962	28	57	952	954
18481	28	11015	952	954
64334	28	568	952	954
62471	28	2447	952	954
12727	28	748	952	954
24591	28	494	952	954
60256	28	219	952	954
18223	28	564	952	954
8769	28	405	952	954
26842	28	1357	952	954
19542	28	175	952	954
37202	28	5158	952	954
14547	28	745	952	954
87454	28	81403	952	954
4948	28	85	952	954
23845	28	1283	952	954
15430	28	32	952	954
36397	28	1095	952	954
5041	28	132	952	954
9633	28	406	952	954
12412	28	690	952	954
9441	28	418	952	954
16185	28	1360	952	954
22982	28	701	952	954
23600	28	603	952	954
19914	28	313	952	954
15953	28	1440	952	954
30023	28	253	952	954
14476	28	435	952	954
15788	28	3106	952	954
14590	28	546	952	954
17215	28	1018	952	954
52612	28	2433	952	954
7891	28	938	952	954
18079	28	500	952	954
23140	28	51	952	954
8044	28	746	952	954
10394	28	907	952	954
78094	28	1016	952	954
14512	28	260	952	954
31639	28	195	952	954
23827	28	783	952	954
82075	28	1013	952	954
17841	28	317	952	954
14350	28	166	952	954
18230	28	811	952	954
17175	28	233	952	954
29355	28	289	952	954
6684	28	27	952	954
4635	28	1959	952	954
58754	28	2145	952	954
17707	28	95	952	954
51120	28	51	952	954
19351	28	1853	952	954
6117	28	1758	952	954
78734	28	250	952	954
24549	28	780	952	954
13493	28	311	952	954
5902	28	87	952	954
8147	28	158	952	954
12287	28	328	952	954
14062	28	786	952	954
11623	28	916	952	954
7516	28	509	952	954
32300	28	387	952	954
8396	28	121	952	954
41810	28	505	952	954
93743	28	10187	952	954
33213	28	23	952	954
11872	28	117	952	954
24465	28	489	952	954
10028	28	1825	952	954
19994	28	319	952	954
17603	28	1317	952	954
11642	28	14120	952	954
77613	28	1933	952	954
28166	28	1013	952	954
29969	28	1919	952	954
11809	28	328	952	954
24825	28	702	952	954
15364	28	54	952	954
29869	28	3276	952	954
11232	28	1196	952	954
4800	28	1555	952	954
5747	28	811	952	954
5826	28	100	952	954
59097	28	339	952	954
33408	28	391	952	954
17431	28	531	952	954
21710	28	533	952	954
13807	28	150	952	954
32257	28	378	952	954
35742	28	114	952	954
32389	28	27	952	954
25022	28	698	952	954
20915	28	456	952	954
10898	28	2019	952	954
29559	28	1218	952	954
29031	28	23	952	954
8179	28	58	952	954
51870	28	2413	952	954
67907	28	643	952	954
18004	28	228	952	954
66167	28	37	952	954
17808	28	155	952	954
6439	28	178	952	954
95401	28	71	952	954
5175	28	166	952	954
16208	28	907	952	954
22799	28	143	952	954
28049	28	214	952	954
11529	28	572	952	954
44423	28	71	952	954
11240	28	174	952	954
22899	28	58	952	954
8693	28	16	952	954
60539	28	19370	952	954
38506	28	1259	952	954
54404	28	1223	952	954
30756	28	701	952	954
73784	28	1738	952	954
17822	28	105	952	954
14891	28	266	952	954
58439	28	52102	952	954
18692	28	390	952	954
6101	28	120	952	954
30578	28	395	952	954
14977	28	56	952	954
7099	28	405	952	954
111733	28	41240	952	954
29118	28	181	952	954
11164	28	30	952	954
8046	28	1700	952	954
32443	28	339	952	954
9953	28	105	952	954
18930	28	38	952	954
16196	28	1388	952	954
15513	28	852	952	954
12379	28	168	952	954
9870	28	238	952	954
33180	28	168	952	954
51044	28	40	952	954
15839	28	74	952	954
23179	28	1036	952	954
19468	28	313	952	954
14442	28	232	952	954
44202	28	1231	952	954
22942	28	336	952	954
12021	28	16	952	954
81620	28	555	952	954
101936	28	1541	952	954
151249	28	2263	952	954
8963	28	1228	952	954
13420	28	975	952	954
49288	28	1850	952	954
40485	28	830	952	954
17576	28	1530	952	954
57284	28	363	952	954
26018	28	960	952	954
24026	28	68175	952	954
82176	28	678	952	954
39431	28	754	952	954
14096	28	463	952	954
12203	28	214	952	954
68202	28	36056	952	954
51366	28	4259	952	954
13672	28	169	952	954
61781	28	1139	952	954
8164	28	1945	952	954
15680	28	54	952	954
18947	28	2449	952	954
20127	28	162	952	954
29005	28	205	952	954
14866	28	336	952	954
20407	28	1159	952	954
10820	28	43	952	954
15914	28	1384	952	954
67026	28	506	952	954
7992	28	230	952	954
17761	28	54	952	954
11313	28	162	952	954
66412	28	161	952	954
6121	28	43	952	954
16545	28	633	952	954
14709	28	1864	952	954
36607	28	3206	952	954
17245	28	281	952	954
13046	28	350	952	954
13307	28	162	952	954
36009	28	348	952	954
44544	28	458	952	954
12218	28	177	952	954
94047	28	1625	952	954
10025	28	469	952	954
18759	28	1092	952	954
18684	28	504	952	954
9993	28	778	952	954
28629	28	386	952	954
34960	28	1625	952	954
10355	28	388	952	954
46173	28	332	952	954
9091	28	1159	952	954
28998	28	855	952	954
11206	28	195	952	954
9989	28	198	952	954
33533	28	1601	952	954
37273	28	153	952	954
18402	28	227	952	954
12478	28	39	952	954
34520	28	1948	952	954
51785	28	1420	952	954
30381	28	132	952	954
6658	28	22	952	954
73043	28	295	952	954
107556	28	5075	952	954
21122	28	2514	952	954
18457	28	739	952	954
38615	28	1095	952	954
26396	28	3918	952	954
7914	28	181	952	954
79381	28	166	952	954
11454	28	408	952	954
24775	28	927	952	954
21246	28	1448	952	954
32221	28	231	952	954
57132	28	593	952	954
8754	28	222	952	954
66572	28	469	952	954
19461	28	195	952	954
78767	28	365	952	954
20897	28	85	952	954
42989	28	3761	952	954
8647	28	16	952	954
78840	28	718	952	954
47928	28	318	952	954
15038	28	74	952	954
48055	28	924	952	954
14042	28	754	952	954
25479	28	188	952	954
54188	28	1956	952	954
47045	28	101	952	954
60156	28	7051	952	954
7414	28	581	952	954
38111	28	674	952	954
17636	28	365	952	954
42083	28	888	952	954
13778	28	214	952	954
65229	28	2341	952	954
9007	28	177	952	954
20431	28	1077	952	954
7016	28	117	952	954
76738	28	219	952	954
9490	28	129	952	954
9492	28	560	952	954
21260	28	64	952	954
51814	28	124	952	954
12879	28	740	952	954
35028	28	180	952	954
18536	28	123	952	954
31352	28	2201	952	954
17753	28	963	952	954
38053	28	23	952	954
8122	28	61	952	954
122571	28	572	952	954
11387	28	2201	952	954
19922	28	220	952	954
69493	28	433	952	954
26349	28	477	952	954
7022	28	48	952	954
5878	28	864	952	954
19619	28	9864	952	954
13459	28	73	952	954
36140	28	16602	952	954
11811	28	699	952	954
25381	28	1328	952	954
23746	28	614	952	954
50846	28	293	952	954
14324	28	1223	952	954
21524	28	45	952	954
9221	28	2086	952	954
70000	28	330	952	954
66370	28	869	952	954
6960	28	1309	952	954
70415	28	439	952	954
51864	28	327	952	954
17943	28	8373	952	954
21560	28	28	952	954
70423	28	162	952	954
7516	28	875	952	954
24716	28	193	952	954
21214	28	832	952	954
10089	28	140	952	954
30753	28	1199	952	954
8169	28	1436	952	954
38969	28	1307	952	954
24939	28	112	952	954
9165	28	626	952	954
17724	28	1100	952	954
10096	28	88	952	955
6619	28	251	952	955
33455	28	1964	952	955
12825	28	3522	952	955
24950	28	431	952	955
45159	28	240	952	955
11377	28	972	952	955
25046	28	364	952	955
25170	28	27	952	955
18967	28	66	952	955
4808	28	230	952	955
8550	28	150	952	955
25527	28	692	952	955
21690	28	159	952	955
53075	28	188	952	955
53277	28	293	952	955
97338	28	937	952	955
7956	28	1119	952	955
9337	28	24	952	955
40455	28	826	952	955
8468	28	78	952	955
62868	28	1677	952	955
15228	28	996	952	955
7679	28	238	952	955
54449	28	591	952	955
19520	28	58	952	955
20156	28	888	952	955
35587	28	1097	952	955
26900	28	327	952	955
47614	28	121	952	955
47641	28	273	952	955
85553	28	977	952	955
8123	28	50	952	955
45235	28	99	952	955
27050	28	11473	952	955
28995	28	894	952	955
9570	28	347	952	955
9893	28	1099	952	955
27028	28	70	952	955
56117	28	363	952	955
56124	28	408	952	955
30226	28	160	952	955
16571	28	616	952	955
87228	28	430	952	955
65376	28	1075	952	955
45198	28	1328	952	955
12525	28	825	952	955
22255	28	291	952	955
101250	28	564	952	955
17950	28	2327	952	955
21098	28	19	952	955
8164	28	452	952	955
83093	28	1264	952	955
35882	28	230	952	955
71341	28	7756	952	955
11180	28	70	952	955
76394	28	379	952	955
57205	28	798	952	955
35183	28	282	952	955
63751	28	156	952	955
9672	28	36	952	955
65338	28	99	952	955
57460	28	798	952	955
14770	28	47	952	955
11303	28	153	952	955
21909	28	41	952	955
11341	28	986	952	955
77129	28	1097	952	955
63708	28	354	952	955
25030	28	3119	952	955
39468	28	33	952	955
19105	28	578	952	955
75057	28	286	952	955
29647	28	1331	952	955
22306	28	268	952	955
14872	28	1405	952	955
76967	28	14445	952	955
30140	28	2234	952	955
83235	28	317	952	955
22560	28	2680	952	955
46077	28	133	952	955
21772	28	20	952	955
19724	28	825	952	955
77768	28	83	952	955
95882	28	156	952	955
11999	28	132	952	955
46835	28	394	952	955
13550	28	350	952	955
17509	28	439	952	955
35121	28	222	952	955
10366	28	1960	952	955
85163	28	749	952	955
139100	28	2263	952	955
14596	28	2768	952	955
98327	28	133	952	955
6540	28	250	952	955
9736	28	463	952	955
6860	28	150	952	955
12303	28	228	952	955
20593	28	693	952	955
36185	28	593	952	955
70730	28	132	952	955
17804	28	20	952	955
25613	28	4729	952	955
45229	28	166	952	955
13840	28	2580	952	955
33491	28	1556	952	955
64857	28	365	952	955
36369	28	455	952	955
41975	28	610	952	955
71429	28	3443	952	955
64889	28	383	952	955
42209	28	292	952	955
31362	28	2051	952	955
23935	28	1835	952	955
45842	28	1156	952	955
20942	28	2568	952	955
79024	28	147	952	955
27873	28	4854	952	955
5477	28	1413	952	955
8143	28	501	952	955
15977	28	174	952	955
37147	28	1279	952	955
25329	28	24	952	955
15992	28	69	952	955
7893	28	642	952	955
54809	28	168	952	955
29085	28	1521	952	955
56048	28	4921	952	955
5667	28	5160	952	955
7173	28	169	952	955
26682	28	112	952	955
123181	28	596	952	955
11566	28	40	952	955
123274	28	470	952	955
75464	28	3059	952	955
26598	28	1277	952	955
80075	28	345	952	955
19447	28	101	952	955
14743	28	535	952	955
33981	28	1697	952	955
51193	28	4162	952	955
14089	28	248	952	955
17612	28	89	952	955
65485	28	866	952	955
5118	28	177	952	955
29395	28	1006	952	955
8320	28	153	952	955
80356	28	1752	952	955
46371	28	471	952	955
107606	28	1167	952	955
19233	28	868	952	955
18468	28	499	952	955
60592	28	265	952	955
14240	28	977	952	955
80501	28	1708	952	955
14161	28	337	952	955
8294	28	165	952	955
7696	28	778	952	955
44388	28	1283	952	955
19158	28	292	952	955
53442	28	1757	952	955
80006	28	643	952	955
41180	28	878	952	955
18081	28	178	952	955
89843	28	976	952	955
14961	28	422	952	955
38457	28	2446	952	955
102013	28	141	952	955
67601	28	1122	952	955
13508	28	378	952	955
9947	28	251	952	955
5979	28	57	952	955
14769	28	158	952	955
15054	28	22	952	955
12449	28	44	952	955
12026	28	103	952	955
24470	28	743	952	955
16276	28	195	952	955
75031	28	318	952	955
30143	28	1932	952	955
54943	28	117	952	955
32856	28	917	952	955
7680	28	88	952	955
85124	28	22365	952	955
32128	28	390	952	955
51644	28	355	952	955
22552	28	131	952	955
48343	28	877	952	955
27990	28	181	952	955
29191	28	502	952	955
28445	28	2975	952	955
59515	28	245	952	955
17081	28	174	952	955
14803	28	205	952	955
14602	28	76	952	955
66089	28	179	952	955
60230	23	76653	952	955
69066	28	1949	952	955
37429	28	74	952	955
28619	28	145	952	955
86291	28	58	952	955
39852	28	2568	952	955
37996	28	4379	952	955
40548	28	44307	952	955
22754	28	155	952	955
5965	28	620	952	955
62832	28	501	952	955
16037	28	179	952	955
74239	28	1476	952	955
57187	28	465	952	955
20502	28	1639	952	955
63721	28	192	952	955
12026	28	456	952	955
26756	28	962	952	955
10657	28	145	952	955
25653	28	76	952	955
71786	28	2172	952	955
32017	28	1371	952	955
38433	28	586	952	955
5923	28	51	952	955
35549	28	5147	952	955
12771	28	2259	952	955
26662	28	1222	952	955
87390	28	387	952	955
71486	28	3075	952	955
8212	28	3762	952	955
9906	28	168	952	955
15297	28	616	952	955
7827	28	1094	952	955
12361	28	28	952	955
11371	28	210	952	955
16960	28	542	952	955
6990	28	22	952	955
47943	28	1408	952	955
117240	28	82	952	955
16683	28	192	952	955
12453	28	456	952	955
32578	28	234	952	955
27422	28	71	952	955
9902	28	436	952	955
91348	28	5765	952	955
11782	28	30	952	955
43210	28	662	952	955
53628	28	2447	952	955
25314	28	48	952	955
9547	28	964	952	955
58903	28	47	952	955
20812	28	37	952	955
42245	28	1788	952	955
32997	28	550	952	955
12508	28	170	952	955
38876	28	972	952	955
6996	28	66	952	955
44140	28	1718	952	955
51394	28	529	952	955
22833	28	22	952	955
11206	28	351	952	955
7796	28	289	952	955
11493	28	388	952	955
44369	28	2963	952	955
12034	28	423	952	955
41476	28	602	952	955
27617	28	608	952	955
10036	28	181	952	955
36219	28	572	952	955
38853	28	1206	952	955
16844	28	119	952	955
16544	28	64	952	955
12911	28	57	952	955
12887	28	471	952	955
62075	28	133	952	955
5961	28	348	952	955
11746	28	885	952	955
16340	28	493	952	955
9324	28	963	952	955
44010	28	5643	952	955
66570	28	71	952	955
10971	28	24	952	955
55556	28	196	952	955
28755	28	69	952	955
19403	28	234	952	955
47859	28	5558	952	955
29605	28	4650	952	955
91147	28	1850	952	955
21648	28	16	952	955
18939	28	45	952	955
12165	28	1549	952	955
9789	28	408	952	955
27582	28	171	952	955
80962	28	2442	952	955
26605	28	121	952	955
27589	28	131	952	955
17247	28	186	952	955
95616	28	1600	952	955
20519	28	515	952	955
56581	28	266	952	955
6352	28	55	952	955
25750	28	131	952	955
39327	28	1379	952	955
9661	28	19	952	955
38240	28	50	952	955
23766	28	411	952	955
10098	28	230	952	955
23948	28	784	952	955
13823	28	1286	952	955
92803	28	906	952	955
15457	28	178	952	955
36008	28	5048	952	955
58030	28	1216	952	955
32869	28	627	952	955
20155	28	1969	952	955
22060	28	34	952	955
21059	28	676	952	955
10058	28	30	952	955
26228	28	552	952	955
12533	28	110	952	955
12757	28	388	952	955
22691	28	394	952	955
80122	28	72	952	955
30683	28	24	952	955
80811	28	3836	952	955
8660	28	44	952	955
11696	28	649	952	955
20982	28	14120	952	955
42657	28	447	952	955
78417	28	523	952	955
28725	28	174	952	955
21446	28	603	952	955
36876	28	2066	952	955
7770	28	437	952	955
35235	28	965	952	955
59493	28	471	952	955
33141	28	77	952	955
16753	28	2517	952	955
11768	28	1242	952	955
6364	28	387	952	955
23015	28	868	952	955
86769	28	2452	952	955
69796	28	742	952	955
23604	28	2209	952	955
7911	28	167	952	955
16678	28	145	952	955
14186	28	428	952	955
21609	28	669	952	955
36661	28	156	952	955
17080	28	70399	952	955
24899	28	6994	952	955
18218	28	244	952	955
24775	28	3522	952	955
23273	28	461	952	955
12137	28	179	952	955
12327	28	365	952	955
25758	28	1036	952	955
29263	28	542	952	955
9634	28	46	952	955
8881	28	76	952	955
24572	28	1036	952	955
45866	28	43188	952	955
69113	28	86	952	955
18390	28	456	952	955
5138	28	4860	952	955
6090	28	51	952	955
16804	28	363	952	955
28040	28	1204	952	955
18784	28	51	952	955
11423	28	144	952	955
6247	28	748	952	955
22955	28	423	952	955
22746	28	499	952	955
46769	28	235	952	955
19893	28	1405	952	955
25939	28	119	952	955
20172	28	1031	952	955
5709	28	49	952	955
42941	28	280	952	955
15868	28	3106	952	955
21480	28	1259	952	955
26087	28	185	952	955
12103	28	106	952	955
5209	28	64	952	955
19868	28	180	952	955
14533	28	690	952	955
15287	28	639	952	955
8109	28	893	952	955
31334	28	9848	952	955
21990	28	110	952	955
14033	28	233	952	955
28302	28	69	952	955
26212	28	657	952	955
127033	28	131	952	955
11468	28	1124	952	955
37711	28	1949	952	955
78288	28	589	952	955
60477	28	1170	952	955
31417	28	1204	952	955
23394	28	1167	952	955
16896	28	20	952	955
58764	28	298	952	955
8281	28	24	952	955
46713	28	1752	952	955
28782	28	1207	952	955
53640	28	406	952	955
147261	28	469	952	955
11178	28	1100	952	955
92045	28	459	952	955
16147	28	1020	952	955
16691	28	159	952	955
95766	28	398	952	955
29327	28	365	952	955
20937	28	475	952	955
24565	28	136	952	955
80995	28	533	952	955
21527	28	123	952	955
44522	28	365	952	955
41438	28	745	952	955
39559	28	3167	952	955
27702	28	6584	952	955
17735	28	354	952	955
34113	28	387	952	955
81824	28	198	952	955
15897	28	89	952	955
28759	28	423	952	955
20167	28	167	952	955
32229	28	43	952	955
23988	28	43	952	955
21003	28	67	952	955
30722	28	92	952	955
42930	28	129	952	955
58076	28	1000	952	955
15331	28	40	952	955
58668	28	2733	952	955
16829	28	1413	952	955
25884	28	275	952	955
11249	28	499	952	955
23806	28	456	952	955
17851	28	968	952	955
59375	28	124	952	955
5928	28	78	952	955
8381	28	143	952	955
4855	28	431	952	955
25556	28	2680	952	955
11460	28	3139	952	955
20620	28	152	952	955
17792	28	608	952	955
40677	28	220	952	955
14588	28	168	952	955
16369	28	65	952	955
12997	28	55	952	955
78228	28	1078	952	955
32916	28	3000	952	955
71947	28	255	952	955
187422	28	673	952	955
108431	28	37	952	955
22588	28	36	952	955
7738	28	235	952	955
19741	28	612	952	955
38200	28	1611	952	955
23245	28	3251	952	955
31782	28	216	952	955
24715	28	1100	952	956
12781	28	990	952	956
25063	28	95	952	956
18929	28	587	952	956
71171	28	121	952	956
22099	28	2703	952	956
33941	28	205	952	956
16780	28	87	952	956
39608	28	323	952	956
22390	28	1767	952	956
33835	28	70	952	956
29988	28	181	952	956
53569	28	77	952	956
5947	28	471	952	956
6444	28	2677	952	956
156983	28	8562	952	956
85280	28	447	952	956
13741	28	69	952	956
6169	28	50	952	956
23527	28	1180	952	956
20637	28	722	952	956
41810	28	573	952	956
48416	28	1703	952	956
36456	28	345	952	956
6293	28	1400	952	956
25012	28	214	952	956
48738	28	1260	952	956
17661	28	387	952	956
25106	28	825	952	956
56423	28	3997	952	956
65743	28	2449	952	956
13015	28	230	952	956
42629	28	529	952	956
25633	28	554	952	956
10958	28	56	952	956
8290	28	233	952	956
24864	28	1312	952	956
12856	28	885	952	956
21827	28	254	952	956
52629	28	2083	952	956
137574	28	17129	952	956
14529	28	184	952	956
11214	28	28	952	956
6324	28	46	952	956
34128	28	154	952	956
9610	28	1390	952	956
56314	28	76	952	956
9456	28	146	952	956
30455	28	40520	952	956
10743	28	178	952	956
26187	28	71	952	956
4984	28	64	952	956
54946	28	221	952	956
34463	28	2093	952	956
6387	28	582	952	956
17746	28	162	952	956
42696	28	30	952	956
31039	28	350	952	956
62019	28	282	952	956
6855	28	56	952	956
15443	28	170	952	956
6129	28	41	952	956
31845	28	8064	952	956
6207	28	1013	952	956
58064	28	2148	952	956
65749	28	1270	952	956
10116	28	162	952	956
102333	28	1282	952	956
74775	28	1300	952	956
37214	28	216	952	956
23070	28	188	952	956
65149	28	3153	952	956
74372	28	430	952	956
36053	28	455	952	956
15179	28	175	952	956
43183	28	1095	952	956
5093	28	91	952	956
20876	28	400	952	956
10868	28	77	952	956
57277	28	1338	952	956
9665	28	402	952	956
13752	28	406	952	956
39304	28	69	952	956
68331	28	2871	952	956
113727	28	53635	952	956
21256	28	160	952	956
69474	28	5031	952	956
8850	28	61	952	956
41935	28	1384	952	956
29978	28	968	952	956
13997	28	31	952	956
10661	28	33	952	956
31834	28	596	952	956
61553	28	2853	952	956
14395	28	989	952	956
59975	28	103	952	956
14589	28	484	952	956
20577	28	331	952	956
19793	28	46	952	956
13943	28	1628	952	956
15769	28	5440	952	956
33904	28	530	952	956
36562	28	213	952	956
7819	28	245	952	956
8359	28	198	952	956
48290	28	47	952	956
38406	28	402	952	956
45658	28	315	952	956
74387	28	1080	952	956
17405	28	136	952	956
126455	23	126456	952	956
126456	23	126455	952	956
16991	28	261	952	956
7432	28	178	952	956
9279	28	1730	952	956
17588	28	2563	952	956
41955	28	1628	952	956
65835	28	642	952	956
23233	28	179	952	956
20962	28	22	952	956
24588	28	248	952	956
11271	28	131	952	956
27208	28	49	952	956
38312	28	386	952	956
33433	28	224	952	956
52810	28	219	952	956
59820	28	291	952	956
14557	28	4729	952	956
24612	28	1328	952	956
94821	28	2768	952	956
94924	28	841	952	956
32802	28	504	952	956
33160	28	245	952	956
5589	28	50	952	956
19927	28	36	952	956
22601	28	102	952	956
15055	28	227	952	956
22332	28	221	952	956
17039	28	294	952	956
37407	28	235	952	956
30861	28	95	952	956
32199	28	164	952	956
24748	28	111	952	956
31628	28	2085	952	956
14153	28	1000	952	956
16353	28	28	952	956
39903	28	369	952	956
34221	28	1010	952	956
22590	28	69	952	956
11233	28	18	952	956
80394	28	666	952	956
55252	28	798	952	956
10507	28	49	952	956
14263	28	136	952	956
21464	28	675	952	956
36605	28	1671	952	956
19496	28	107	952	956
17022	28	492	952	956
16165	28	245	952	956
21808	28	136	952	956
10259	28	70	952	956
12325	28	1101	952	956
21380	28	230	952	956
93090	28	5165	952	956
76838	28	989	952	956
7086	28	303	952	956
7705	28	49	952	956
33899	28	680	952	956
51913	28	437	952	956
14816	28	940	952	956
21898	28	14388	952	956
12673	28	27	952	956
49054	28	1307	952	956
37164	28	811	952	956
5419	28	748	952	956
12103	28	507	952	956
30543	28	648	952	956
68917	28	222	952	956
38164	28	2605	952	956
34010	28	318	952	956
51624	28	1744	952	956
26490	28	1100	952	956
9702	28	589	952	956
13246	28	619	952	956
28729	28	101	952	956
21013	28	390	952	956
47981	28	141	952	956
65866	28	1641	952	956
128803	28	280	952	956
26401	28	1704	952	956
71761	28	1307	952	956
12668	28	82	952	956
56751	28	112	952	956
39927	28	235	952	956
99620	28	1763	952	956
30072	28	619	952	956
17739	28	1338	952	956
65521	28	153	952	956
38275	28	760	952	956
74695	28	328	952	956
20255	28	232	952	956
14594	28	19	952	956
48317	28	447	952	956
52267	28	350	952	956
6802	28	691	952	956
21845	28	184	952	956
21643	28	112	952	956
12121	28	165	952	956
17098	28	29	952	956
16259	28	325	952	956
110737	28	71	952	956
42462	28	365	952	956
61502	28	1162	952	956
23576	28	1825	952	956
25828	28	195	952	956
11375	28	390	952	956
20462	28	675	952	956
56521	28	510	952	956
16261	28	328	952	956
9276	28	760	952	956
12468	28	1847	952	956
35386	28	2022	952	956
16217	28	269	952	956
85770	28	710	952	956
7166	28	336	952	956
16316	28	58	952	956
29581	28	1780	952	956
8396	28	276	952	956
42035	28	1625	952	956
4981	28	126	952	956
30482	28	1169	952	956
6201	28	61	952	956
12025	28	155	952	956
37087	28	60	952	956
17413	28	7187	952	956
34800	28	1777	952	956
20107	28	76	952	956
21028	28	76	952	956
11017	28	619	952	956
44452	28	1860	952	956
40434	28	619	952	956
19097	28	1375	952	956
10951	28	131	952	956
64469	28	140	952	956
67506	28	572	952	956
99406	28	1196	952	956
41549	28	91	952	956
21925	28	152	952	956
28145	28	41	952	956
79135	28	446	952	956
130923	28	937	952	956
11109	28	501	952	956
57456	28	933	952	956
20701	28	1570	952	956
60480	28	2685	952	956
7321	28	535	952	956
70369	28	596	952	956
31703	28	1010	952	956
6318	28	81	952	956
44746	28	506	952	956
53450	28	400	952	956
5452	28	1165	952	956
59411	28	699	952	956
108293	28	141	952	956
28776	28	347	952	956
14921	28	615	952	956
4744	28	65	952	956
6648	28	39	952	956
10895	28	135	952	956
5405	28	76	952	956
12289	28	43	952	956
23778	28	325	952	956
19411	28	245	952	956
30732	28	976	952	956
15667	28	3039	952	956
18734	28	50	952	956
9431	28	99	952	956
16061	28	195	952	956
13250	28	564	952	956
20882	28	45	952	956
81969	28	16	952	956
11348	28	962	952	956
33948	28	69	952	956
18484	28	379	952	956
6314	28	20	952	956
7532	28	564	952	956
26991	28	798	952	956
6406	28	219	952	956
38112	28	474	952	956
37445	28	1345	952	956
9940	28	175	952	956
9399	28	242	952	956
36121	28	98	952	956
36734	28	205	952	956
34290	28	649	952	956
27438	28	199	952	956
13682	28	179	952	956
108754	28	492	952	956
39932	28	1279	952	956
28690	28	253	952	956
5937	28	126	952	957
13106	28	39	952	957
9064	28	185	952	957
54192	28	661	952	957
15302	28	436	952	957
41206	28	453	952	957
25091	28	428	952	957
11698	28	377	952	957
100285	28	2046	952	957
17727	28	252	952	957
44976	28	889	952	957
20627	28	20	952	957
29844	28	60	952	957
10183	28	2098	952	957
37052	28	397	952	957
13262	28	150	952	957
12924	28	114	952	957
49655	28	2150	952	957
31936	28	133	952	957
17047	28	202	952	957
15502	28	40	952	957
8358	28	18	952	957
25031	28	86	952	957
159850	28	3217	952	957
14858	28	379	952	957
5937	28	110	952	957
12813	28	44	952	957
17286	28	557	952	957
30590	28	58	952	957
7663	28	16	952	957
29406	28	1895	952	957
13633	28	175	952	957
26177	28	400	952	957
47726	28	133	952	957
19026	28	199	952	957
23025	28	1258	952	957
74415	28	1260	952	957
26522	28	428	952	957
121327	28	3236	952	957
4897	28	1408	952	957
79061	28	825	952	957
121625	28	240	952	957
29180	28	531	952	957
11469	28	917	952	957
9160	28	1360	952	957
16020	28	256	952	957
5294	28	47	952	957
33392	28	1623	952	957
21257	28	280	952	957
29928	28	136	952	957
27892	28	99	952	957
7251	28	855	952	957
13997	28	5207	952	957
25205	28	760	952	957
13623	28	33	952	957
112450	28	780	952	957
9637	28	1354	952	957
13704	28	158	952	957
29663	28	38	952	957
20083	28	199	952	957
23895	28	86	952	957
11603	28	22	952	957
36640	28	63	952	957
33972	28	101	952	957
27694	28	616	952	957
33801	28	980	952	957
103789	28	381	952	957
41929	28	34	952	957
63069	28	1403	952	957
46698	28	380	952	957
17939	28	256	952	957
17930	28	266	952	957
12118	28	178	952	957
19385	28	500	952	957
27349	28	147	952	957
32999	28	1004	952	957
6056	28	380	952	957
22232	28	280	952	957
21128	28	506	952	957
79809	28	1021	952	957
89040	28	145	952	957
68884	28	756	952	957
19229	28	251	952	957
62863	28	1400	952	957
44823	28	3038	952	957
19142	28	99	952	957
88630	28	109	952	957
15066	28	64	952	957
28514	28	754	952	957
14795	28	951	952	957
59552	28	219	952	957
11406	28	63	952	957
17510	28	348	952	957
19918	28	39	952	957
33063	28	785	952	957
21967	28	268	952	957
63067	28	22	952	957
34504	28	917	952	957
118596	28	171	952	957
17279	28	65	952	957
31165	28	98	952	957
5273	28	170	952	957
12981	28	699	952	957
8210	28	38	952	957
6891	28	126	952	957
64280	28	7898	952	957
13411	28	336	952	957
35446	28	292	952	957
12847	28	436	952	957
35228	28	63	952	957
9643	28	95	952	957
73410	28	98	952	957
28423	28	1383	952	957
5804	28	215	952	957
51284	28	315	952	957
26804	28	1010	952	957
14884	28	3530	952	957
38930	28	1317	952	957
111475	28	1763	952	957
21598	28	64	952	957
110831	28	1763	952	957
95205	28	1000	952	957
27466	28	235	952	957
31828	28	131	952	957
14876	28	78	952	957
27798	28	1330	952	957
7713	28	162	952	957
45106	28	170	952	957
21584	28	276	952	957
37436	28	961	952	957
91820	28	2388	952	957
16262	28	3656	952	957
26886	28	739	952	957
59377	28	1397	952	957
22334	28	28	952	957
27057	28	523	952	957
19345	28	780	952	957
22246	28	1135	952	957
27188	28	968	952	957
51008	28	162	952	957
38414	28	135	952	957
70023	28	95	952	957
22313	28	690	952	957
110368	28	7224	952	957
24647	28	2563	952	957
9205	28	64	952	957
14183	28	648	952	957
6843	28	76	952	957
24671	28	69	952	957
22252	28	211	952	957
30166	28	1276	952	957
23536	28	532	952	957
128794	28	1549	952	957
26363	28	123	952	957
9250	28	52	952	957
14398	28	515	952	957
93160	28	2371	952	957
15699	28	2768	952	957
19636	28	383	952	957
30447	28	3207	952	957
33176	28	446	952	957
7448	28	69	952	957
11239	28	493	952	957
51676	28	1779	952	957
49310	28	325	952	957
39147	28	1216	952	957
23812	28	22	952	957
29529	28	381	952	957
24630	28	495	952	957
18698	28	40	952	957
6078	28	67	952	957
19576	28	107	952	957
11657	28	754	952	957
37148	28	268	952	957
60144	28	254	952	957
103593	28	4184	952	957
10703	28	1204	952	957
18268	28	158	952	957
111829	28	2703	952	957
4312	28	121	952	957
14601	28	1408	952	957
26570	28	894	952	957
17378	28	2015	952	957
34112	28	518	952	957
16226	28	3743	952	957
19342	28	546	952	958
40530	28	22	952	958
62907	28	1745	952	958
41147	28	1004	952	958
12259	28	19	952	958
64429	28	1291	952	958
31700	28	1801	952	958
42180	28	1117	952	958
39707	28	3316	952	958
28134	28	111	952	958
11420	28	146	952	958
39363	28	368	952	958
25835	28	233	952	958
40176	28	15031	952	958
34929	28	632	952	958
33507	28	77	952	958
41115	28	3035	952	958
47301	28	770	952	958
29494	28	211	952	958
19847	28	161	952	958
13794	28	112	952	958
71192	28	266	952	958
48772	28	70	952	958
26591	28	259	952	958
90528	28	1682	952	958
9306	28	628	952	958
118526	28	454	952	958
17183	28	185	952	958
76564	28	88462	952	958
21248	28	745	952	958
15705	28	47	952	958
19516	28	162	952	958
4544	28	77	952	958
11892	28	2713	952	958
9293	28	492	952	958
19048	28	161	952	958
121550	28	1424	952	958
51507	28	643	952	958
7145	28	1408	952	958
14547	28	35167	952	958
31685	28	178	952	958
16543	28	505	952	958
46177	28	266	952	958
25738	28	1139	952	958
24796	28	71	952	958
69690	28	507	952	958
30405	28	297	952	958
52854	28	142	952	958
42523	28	2096	952	958
14619	28	493	952	958
21048	28	126	952	958
44191	28	396	952	958
89452	28	3530	952	958
110026	28	551	952	958
62920	28	445	952	958
11723	28	1408	952	958
17125	28	41	952	958
22282	28	202	952	958
30308	28	1137	952	958
22785	28	354	952	958
33180	28	1021	952	958
14778	28	484	952	958
25319	28	4418	952	958
34152	28	159	952	958
54552	28	1420	952	958
40033	28	926	952	958
19915	28	231	952	958
25092	28	145	952	958
28574	28	959	952	958
8580	28	1173	952	958
16380	28	248	952	958
49335	28	222	952	958
19782	28	73	952	958
34694	28	63	952	958
46268	28	219	952	958
44604	28	70	952	958
12371	28	64	952	958
54245	28	907	952	958
45271	28	518	952	958
57339	28	529	952	958
7075	28	38	952	958
24909	28	180	952	958
15355	28	234	952	958
16852	28	99	952	958
44611	28	167	952	958
25889	28	185	952	958
32054	28	523	952	958
9205	28	247	952	958
39608	28	501	952	958
22619	28	144	952	958
15901	28	4251	952	958
22778	28	29	952	958
44617	28	87	952	958
18144	28	239	952	958
15646	28	1117	952	958
54454	28	572	952	958
8259	28	554	952	958
29967	28	103	952	958
36110	28	57	952	958
46389	28	857	952	958
33740	28	76	952	958
47885	28	318	952	958
19980	28	336	952	958
130786	16	1419	952	958
11890	28	37	952	958
56888	23	6837	952	958
18221	28	88	952	958
9829	28	177	952	958
71483	28	147	952	958
19882	28	142	952	958
84999	28	977	952	958
7045	28	22	952	958
85779	28	954	952	958
6583	28	66	952	958
49724	28	752	952	958
62894	28	261	952	958
73990	28	1101	952	958
38309	28	990	952	958
46181	28	1050	952	958
11934	28	498	952	958
41570	28	1088	952	958
11861	28	103	952	958
14679	28	210	952	958
14379	28	1117	952	958
23465	28	1000	952	958
19479	28	2680	952	958
59431	28	1370	952	958
9057	28	1204	952	958
27574	28	447	952	958
9551	28	1000	952	958
11286	28	1193	952	959
6697	28	523	952	959
13035	28	888	952	959
25662	28	145	952	959
25731	28	856	952	959
132143	28	809	952	959
62689	28	471	952	959
19917	28	332	952	959
115037	28	210	952	959
55337	28	23510	952	959
20089	28	452	952	959
75709	28	10772	952	959
54444	28	3658	952	959
9799	28	98	952	959
61194	28	617	952	959
16726	28	81	952	959
16985	28	1345	952	959
25712	28	92	952	959
46197	28	993	952	959
35624	28	103	952	959
47681	28	269	952	959
87533	28	159	952	959
41449	28	2705	952	959
7259	28	247	952	959
47492	28	211	952	959
13827	28	832	952	959
17995	28	749	952	959
63845	28	379	952	959
32838	28	248	952	959
13156	28	796	952	959
59624	28	156	952	959
36180	28	153	952	959
44239	28	1743	952	959
95830	28	1383	952	959
27874	28	101	952	959
86439	28	3663	952	959
67313	28	1919	952	959
10716	28	484	952	959
59973	28	123	952	959
30232	28	413	952	959
9782	28	64	952	959
13729	28	2234	952	959
33121	28	262	952	959
93365	28	749	952	959
7107	28	159	952	959
9085	28	348	952	959
9971	28	231	952	959
44348	28	242	952	959
44350	28	634	952	959
7489	28	1174	952	959
87851	28	647	952	959
12621	28	174	952	959
21920	28	615	952	959
51349	28	34	952	959
8799	28	170	952	959
29663	28	269	952	959
32152	28	668	952	959
9284	28	494	952	959
66459	28	501	952	959
8263	28	45	952	959
22427	28	34	952	959
38365	28	899	952	959
21517	28	150	952	959
32034	28	615	952	959
8822	28	463	952	959
9624	28	332	952	959
16921	28	784	952	959
53086	28	159	952	959
81658	28	3465	952	959
10720	28	51	952	959
15531	28	101	952	959
11889	28	206	952	959
83628	28	5444	952	959
23242	28	1944	952	959
83034	28	749	952	959
39572	28	1525	952	959
18681	28	1895	952	959
60612	28	110	952	959
178702	28	1282	952	959
6808	28	135	952	959
34831	28	518	952	959
65853	28	901	952	959
6872	28	27	952	959
38032	28	1436	952	959
27661	28	699	952	959
27635	28	510	952	959
34730	28	903	952	959
82181	28	327	952	959
62353	28	4184	952	959
14968	28	121	952	959
12442	28	53	952	959
51088	28	159	952	959
17891	28	422	952	959
42092	28	83	952	959
17000	28	30	952	959
33095	28	14672	952	959
5641	28	494	952	959
81987	28	303	952	959
69622	28	141	952	959
41354	28	648	952	959
17164	28	293	952	959
24674	28	162	952	959
26952	28	725	952	959
32941	28	49	952	959
38421	28	481	952	959
20266	28	387	952	959
20513	28	73	952	959
9337	28	52	952	959
23150	28	110	952	959
7710	28	161	952	959
51318	28	885	952	959
24063	28	378	952	959
53710	28	492	952	959
14584	28	749	952	959
10482	28	27	952	959
81224	28	14	952	959
9468	28	227	952	960
17098	28	44	952	960
15700	28	609	952	960
27337	28	41	952	960
19186	28	99	952	960
39138	28	328	952	960
22023	28	2737	952	960
83885	28	1178	952	960
12828	28	65	952	960
38137	28	135	952	960
28220	28	334	952	960
26329	28	30	952	960
5626	28	22	952	960
32968	28	71	952	960
6241	28	169	952	960
74706	23	50777	952	960
49610	28	1383	952	960
39457	28	1642	952	960
55456	28	1004	952	960
103844	28	1592	952	960
15325	28	540	952	960
40750	28	43	952	960
93278	28	1270	952	960
8110	28	106	952	960
33338	28	622	952	960
29204	28	1324	952	960
119335	28	1535	952	960
29500	28	1920	952	960
6903	28	133	952	960
20140	28	540	952	960
106072	28	1131	952	960
5280	28	68	952	960
10866	28	34	952	960
37395	28	383	952	960
9885	28	74	952	960
54404	28	2454	952	960
38087	28	469	952	960
40200	28	260	952	960
26004	28	866	952	960
44306	28	390	952	960
151818	28	1816	952	960
38111	28	336	952	960
18046	28	10650	952	960
77612	28	1257	952	960
8908	28	390	952	960
11524	28	181	952	960
28552	28	328	952	960
9412	28	1075	952	960
48446	28	1764	952	960
18391	28	121	952	960
24496	28	525	952	960
28588	28	554	952	960
68030	28	571	952	960
72369	28	240	952	961
26258	28	213	952	961
26455	28	523	952	961
15776	28	531	952	961
42183	28	956	952	961
117006	28	25404	952	961
82309	28	956	952	961
136772	28	1468	952	961
159947	28	2371	952	961
25482	28	916	952	961
6885	28	1565	952	961
20541	28	526	952	961
38849	28	951	952	961
59593	28	968	952	961
26229	28	231	952	961
37161	28	956	952	961
42644	28	235	952	961
90386	28	4412	952	961
20029	28	162	952	961
10482	28	247	952	961
32889	28	33	952	961
29943	28	751	952	961
65185	28	2621	952	961
27895	28	304	952	961
51580	28	135	952	961
8467	28	1549	952	961
10144	28	464	952	961
44339	28	34	952	961
54764	28	1464	952	961
59942	28	383	952	961
106355	28	3452	952	961
19351	28	453	952	961
128936	28	2694	952	961
36845	28	210	952	961
21131	28	3574	952	961
9874	28	135	952	961
20432	28	336	952	961
9774	28	178	952	961
60971	28	3172	952	962
47252	28	275	952	962
85538	28	1504	952	962
20882	28	68	952	962
18143	28	496	952	962
49666	28	106	952	962
46119	28	131	952	962
11524	28	3205	952	962
15819	28	1704	952	962
54868	28	360	952	962
87179	28	4802	952	962
23336	28	1282	952	962
10679	28	166	952	962
52538	28	319	952	962
15239	28	550	952	962
8912	28	1944	952	962
18719	28	1178	952	962
56824	28	86011	952	962
43598	28	415	952	962
87175	23	34182	952	962
10659	28	835	952	962
48108	28	238	952	962
29262	28	1265	952	962
82029	28	185	952	962
14066	23	81274	952	962
81274	23	14066	952	962
9468	28	45	952	962
14620	28	19	952	962
12731	28	1308	952	962
69485	28	3081	952	962
44691	28	661	952	962
69164	28	1282	952	962
49382	28	174	952	962
47821	28	2685	952	962
53065	28	653	952	962
31365	28	417	952	962
44267	28	11189	952	962
19032	28	32	952	963
29189	28	1265	952	963
25245	28	547	952	963
34793	28	248	952	963
100256	28	1708	952	963
44082	28	1282	952	963
43142	28	1178	952	963
30056	28	423	952	963
61314	28	2371	952	963
18702	28	98	952	963
77938	28	1656	952	963
41988	28	103	952	963
75656	28	937	952	963
38971	28	1276	952	963
53919	28	3035	952	963
31583	28	1734	952	963
12871	28	268	952	963
74237	28	2540	952	963
38495	28	1436	952	963
141569	28	3661	952	963
29559	28	964	952	963
28704	28	223	952	963
36847	28	937	952	963
10270	28	1135	952	963
33632	28	217	952	964
14409	28	1408	952	964
10116	28	835	952	964
5294	28	1408	952	964
36801	28	2004	952	964
12804	28	43	952	964
40401	28	1812	952	964
38216	28	39	952	964
8080	28	1135	952	964
64390	28	857	952	964
36887	28	1632	952	964
39363	28	924	952	964
12694	28	60	952	964
25353	28	726	952	964
22226	28	450	952	965
40010	28	1263	952	965
93667	28	1139	952	965
8942	28	60	952	965
31736	28	68	952	965
83126	28	121	952	965
55880	28	495	952	965
42708	28	1059	952	965
10105	28	510	952	965
19926	28	1935	952	965
7278	28	295	952	965
21525	28	268	952	965
22721	28	29	952	965
4685	23	91164	952	966
91164	23	4685	952	966
51124	28	230	952	966
54959	28	1734	952	966
61320	28	174	952	966
9069	28	223	952	966
30683	28	14	952	966
75571	28	37310	952	966
19552	23	111648	952	966
111648	23	19552	952	966
9842	28	239	952	966
117635	28	131	952	966
51390	28	1504	952	966
12999	23	33666	952	966
106031	28	2991	952	967
82176	28	745	952	967
59614	28	704	952	967
17180	28	1178	952	968
39113	16	9343	952	969
65506	23	127871	952	969
127871	23	65506	952	969
108064	16	1376	952	969
11222	28	1514	953	0
21677	28	160	953	0
12811	28	3339	953	0
38823	28	510	953	0
21816	28	386	953	0
24961	14	155696	953	0
29174	28	713	953	0
11380	28	141	953	0
39220	28	18982	953	0
25196	28	135	953	0
61209	28	1774	953	0
6332	28	19	953	0
25359	28	612	953	0
83150	16	29615	953	0
14302	28	2214	953	0
12823	28	64	953	0
45770	28	1688	953	0
14766	28	2625	953	0
29829	28	699	953	0
7676	28	57	953	0
6647	28	1122	953	0
9482	28	223	953	0
19514	28	1375	953	0
72045	28	2991	953	0
25878	28	4549	953	0
53514	28	3864	953	0
5730	28	1831	953	0
72174	28	2433	953	0
5518	28	507	953	0
46321	28	1691	953	0
30173	14	3111	953	0
53690	28	1346	953	0
9561	28	622	953	0
4191	28	719	953	0
46431	28	1134	953	0
84053	28	1066	953	0
9575	28	1074	953	0
72400	28	2046	953	0
13390	28	537	953	0
6287	28	1703	953	0
62483	28	410	953	0
7984	28	524	953	0
61865	28	2035	953	0
3789	28	215	953	0
4077	28	16365	953	0
10303	28	1394	953	0
4318	28	102	953	0
62890	28	216	953	0
34269	28	323	953	0
9688	28	713	953	0
73019	14	98227	953	0
30707	28	1711	953	0
10720	28	404	953	0
9388	28	386	953	0
26614	28	1170	953	0
26325	28	548	953	0
6957	28	64	953	0
62345	28	3022	953	0
9244	28	612	953	0
7466	28	427	953	0
12160	28	28	953	0
9782	28	973	953	0
84593	28	104	953	0
85527	28	6824	953	0
73902	28	1774	953	0
85683	28	450	953	0
46861	28	185	953	0
64064	28	5761	953	0
20521	28	31245	953	0
85942	28	3432	953	0
15638	28	5113	953	0
14454	28	161	953	0
25680	28	1259	953	0
6431	28	41	953	0
10299	28	361	953	0
64479	14	444	953	0
18931	28	11298	953	0
82372	28	1258	953	0
19517	28	1334	953	0
30839	28	1077	953	0
31608	14	308	953	0
15680	28	1323	953	0
14421	28	450	953	0
100188	28	23789	953	0
46117	14	902	953	0
18899	28	30	953	0
56010	14	158152	953	0
100256	28	2872	953	0
100407	28	1541	953	0
87004	28	5030	953	0
15141	28	211	953	0
24870	28	82	953	0
15232	28	1049	953	0
82466	28	415	953	0
87335	28	501	953	0
7772	28	18062	953	0
27184	28	391	953	0
100971	23	100972	953	0
100972	23	100971	953	0
7075	28	195	953	0
55693	28	358	953	0
7080	28	79	953	0
8912	28	605	953	0
13067	28	175	953	0
11919	28	79	953	0
7294	28	88	953	0
9508	28	402	953	0
76197	28	31245	953	0
7394	28	177	953	0
17405	28	798	953	0
3240	28	1446	953	0
49407	28	2748	953	0
88132	28	117	953	0
42902	28	462	953	0
25669	28	61	953	0
8412	28	1983	953	0
17511	28	33	953	0
9959	28	907	953	0
115248	14	76444	953	0
101913	28	1234	953	0
5294	28	78	953	0
117893	6	853	953	0
6740	23	22851	953	0
8593	28	435	953	0
24211	28	206	953	0
3689	28	86	953	0
12319	28	332	953	0
71653	28	532	953	0
86311	28	3465	953	0
11782	28	142	953	0
66467	28	574	953	0
7394	28	118	953	0
49742	28	1440	953	0
17743	28	510	953	0
88751	28	4189	953	0
17761	28	1323	953	0
63752	28	2467	953	0
44905	28	1559	953	0
82513	28	3407	953	0
52045	28	350	953	0
21891	28	2447	953	0
21877	28	564	953	0
5013	28	31	953	0
46431	28	483	953	0
16544	28	39	953	0
84593	28	72	953	0
57765	14	943	953	0
64755	28	1774	953	0
4271	28	1478	953	0
113186	28	3325	953	0
16707	28	2945	953	0
71503	28	6768	953	0
48792	28	250	953	0
103062	28	2957	953	0
55232	28	904	953	0
103206	28	661	953	0
13186	28	176	953	0
11795	28	323	953	0
89452	28	44	953	0
103451	28	394	953	0
53751	28	2644	953	0
22746	28	2185	953	0
52073	28	46329	953	0
53568	28	214	953	0
63653	28	1360	953	0
33813	28	61	953	0
83809	28	392	953	0
22248	28	1764	953	0
26158	28	88	953	0
17192	28	637	953	0
26405	28	2032	953	0
12892	28	19451	953	0
29098	28	565	953	0
28973	28	3760	953	0
17345	28	674	953	0
46784	28	712	953	0
103931	28	2003	953	0
74227	28	4549	953	0
6925	28	1346	953	0
4842	28	404	953	0
40981	28	901	953	0
12057	28	856	953	0
15109	28	31	953	0
8799	28	1323	953	0
24259	14	23525	953	0
19314	28	89	953	0
12011	28	1397	953	0
23174	28	178	953	0
13624	28	3469	953	0
9388	28	439	953	0
67671	14	29565	953	0
20326	28	1830	953	0
53057	28	1093	953	0
6515	28	79	953	0
20285	28	7480	953	0
60711	28	674	953	0
15537	28	1060	953	0
120529	14	120530	953	0
16549	28	7876	953	0
55053	28	1070	953	0
20387	28	1085	953	0
9156	28	400	953	0
16664	28	1056	953	0
15563	28	307	953	0
3854	28	72	953	0
90772	28	499	953	0
42696	28	1909	953	0
27184	28	216	953	0
9128	28	1264	953	0
104442	14	13870	953	0
5037	28	150	953	0
15686	28	1323	953	0
25978	28	3443	953	0
12319	28	1021	953	0
25329	28	512	953	0
17806	28	319	953	0
15068	28	1440	953	0
44822	28	281	953	0
105027	28	1374	953	0
17039	28	1909	953	0
47948	28	530	953	0
61853	28	537	953	0
5297	28	126	953	0
48652	28	528	953	0
11493	28	464	953	0
8596	28	64	953	0
68103	23	91176	953	0
17944	28	1763	953	0
42082	28	175	953	0
27502	28	496	953	0
14454	28	4674	953	0
7668	28	452	953	0
8818	28	3443	953	0
8773	28	798	953	0
53210	14	2911	953	0
7827	28	1375	953	0
23174	28	168	953	0
53097	28	1174	953	0
89502	28	1016	953	0
27725	28	490	953	0
7786	28	1409	953	0
65435	28	2623	953	0
65959	14	2964	953	0
68328	28	817	953	0
21016	28	616	953	0
34135	23	76256	953	0
79088	28	31992	953	0
77929	28	11742	953	0
14419	28	973	953	0
47998	28	565	953	0
56314	28	2802	953	0
12777	28	132	953	0
6017	28	1426	953	0
36958	28	1293	953	0
56851	28	2271	953	0
7955	28	1100	953	0
16341	28	883	953	0
30668	28	4834	953	0
10917	28	76	953	0
26573	28	1408	953	0
6526	28	142	953	0
8275	28	760	953	0
56695	28	3325	953	0
15381	28	230	953	0
9548	28	893	953	0
79513	28	427	953	0
29994	14	2995	953	0
18123	28	1995	953	0
33459	14	47607	953	0
15756	28	836	953	0
5141	14	2368	953	0
13232	28	168	953	0
5084	28	371	953	0
22766	28	1831	953	0
92270	28	165	953	0
12620	28	450	953	0
53620	28	2395	953	0
23802	28	1774	953	0
15193	28	817	953	0
83697	28	77775	953	0
31860	28	144	953	0
12680	28	351	953	0
12445	28	749	953	0
8067	28	46	953	0
105186	28	7480	953	0
92465	28	16457	953	0
25482	28	1112	953	0
30340	28	1084	953	0
18542	28	2271	953	0
5712	28	118	953	0
71077	23	92579	953	0
92579	23	71077	953	0
7277	28	2127	953	0
37418	14	1217	953	0
10340	28	213	953	0
8215	28	74	953	0
18195	28	8915	953	0
8343	28	956	953	0
61644	28	91	953	0
7175	28	552	953	0
6895	28	1164	953	0
34861	28	484	953	0
42528	28	67	953	0
4065	28	67	953	0
19863	28	676	953	0
57953	14	9720	953	0
40726	28	1597	953	0
13228	28	250	953	0
9984	28	1085	953	0
15512	28	51	953	0
59584	28	1261	953	0
49253	28	1196	953	0
12289	28	23	953	0
11685	28	922	953	0
69289	28	1094	953	0
53496	28	261	953	0
10077	28	257	953	0
65259	28	4003	953	0
51341	28	774	953	0
9518	28	1458	953	0
10499	28	412	953	0
23946	28	1496	953	0
105198	28	537	953	0
14056	28	274	953	0
12621	28	217	953	0
43757	14	9717	953	0
17745	28	387	953	0
49225	28	206	953	0
29435	28	6939	953	0
12716	28	80644	953	0
10663	28	2105	953	0
13726	28	81	953	0
6275	28	1780	953	0
7364	28	4185	953	0
80177	23	31922	953	0
24581	28	261	953	0
29420	28	904	953	0
13203	28	4331	953	0
31667	28	63	953	0
36178	28	40	953	0
44198	28	1464	953	0
4776	28	14	953	0
69211	28	1261	953	0
52099	14	27157	953	0
17014	28	660	953	0
67933	28	42	953	0
17790	28	388	953	0
44460	28	691	953	0
50040	14	9717	953	0
68859	28	350	953	0
15205	28	6902	953	0
19837	28	1912	953	0
27294	28	31	953	0
10572	28	2733	953	0
12688	28	548	953	0
18804	28	693	953	0
10851	28	565	953	0
92931	28	27	953	0
44499	28	2271	953	0
4925	28	361	953	0
31770	28	30327	953	0
44505	28	192	953	0
78566	28	459	953	0
4615	28	2884	953	0
28070	28	3432	953	0
24943	28	114	953	0
93864	28	35020	953	0
27981	28	2680	953	0
7579	28	1323	953	0
10020	28	1497	953	0
93995	28	641	953	0
14234	28	72	953	0
10090	28	1432	953	0
29373	28	69	953	0
19542	28	298	953	0
46923	28	228	953	0
51539	28	1497	953	0
7124	28	339	953	0
19896	28	72	953	0
10820	28	1323	953	0
13755	28	2611	953	0
3689	28	87	953	0
12729	28	147	953	0
8747	28	73	953	0
24983	28	1025	953	0
15202	28	400	953	0
10077	28	289	953	0
59989	28	195	953	0
19460	28	178	953	0
46984	28	91	953	0
88829	28	16457	953	0
33952	28	842	953	0
74227	28	1625	953	0
82783	14	4266	953	0
13687	28	1091	953	0
56885	28	19451	953	0
33695	28	41	953	0
6203	28	1094	953	0
18031	28	799	953	0
15612	28	40	953	0
56073	14	775	953	0
28542	28	904	953	0
68929	28	640	953	0
59757	28	1136	953	0
61761	28	80	953	0
18393	28	2274	953	0
11454	28	100	953	0
66453	28	30	953	0
48283	28	1467	953	0
70910	28	904	953	0
48975	28	1983	953	0
11148	28	459	953	0
10515	28	1292	953	0
48227	28	2115	953	0
73707	28	995	953	0
68806	28	24	953	0
64446	28	1070	953	0
11151	28	1311	953	0
22236	28	1408	953	0
16438	28	1080	953	0
28933	28	4696	953	0
5587	28	117	953	0
52218	28	1041	953	0
109428	28	920	953	0
6235	28	1074	953	0
15003	28	515	953	0
5682	28	8562	953	0
14107	28	5048	953	0
70678	28	331	953	0
142382	28	5733	953	0
93141	28	1261	953	0
16800	28	450	953	0
66307	28	1908	953	0
6990	28	142	953	0
9647	28	6124	953	0
31385	28	1180	953	0
37122	14	15100	953	0
10844	28	55	953	0
11905	28	81	953	0
20634	28	48	953	0
23933	28	1119	953	0
17973	28	1249	953	0
80246	28	52	953	0
9143	28	2097	953	0
5368	28	31	953	0
17169	28	1753	953	0
14315	28	85	953	0
68707	28	4315	953	0
24150	28	2087	953	0
15825	28	154	953	0
168622	28	4778	953	0
33036	28	9101	953	0
10273	28	22	953	0
33778	14	943	953	0
82674	28	1440	953	0
8908	28	726	953	0
9877	28	4033	953	0
30877	28	4098	953	0
39766	28	1182	953	0
5291	28	33830	953	0
17742	28	462	953	0
99276	28	2435	953	0
6034	28	405	953	0
6978	28	904	953	0
7362	28	319	953	0
83826	28	24	953	0
63828	28	333	953	0
96352	28	3553	953	0
10024	28	24392	953	0
18181	28	1085	953	0
13029	28	119	953	0
12377	28	126	953	0
92577	28	168	953	0
109945	28	5200	953	0
94620	28	1193	953	0
56360	28	169	953	0
9812	28	1995	953	0
73822	14	2783	953	0
9688	28	462	953	0
93385	28	542	953	0
40750	28	494	953	0
40629	14	3721	953	0
91480	28	79	953	0
64952	28	31992	953	0
12222	28	89	953	0
88636	14	902	953	0
9316	28	1304	953	0
12650	28	160	953	0
38421	28	564	953	0
64582	28	1774	953	0
21388	28	1964	953	0
28755	28	152	953	0
17816	28	57434	953	0
6102	28	713	953	0
53514	28	3465	953	0
64853	28	139	953	0
48370	28	648	953	0
5559	28	82	953	0
82363	28	507	953	0
11741	28	2250	953	0
28542	28	1625	953	0
51178	28	95	953	0
56453	14	2297	953	0
20275	28	740	953	0
82953	28	548	953	0
74227	28	904	953	0
7294	28	73	953	0
7500	28	23	953	0
85418	28	3113	953	0
94550	14	11216	953	0
7310	28	661	953	0
15102	28	53	953	0
20583	28	361	953	0
49168	28	694	953	0
21177	28	161	953	0
42433	28	153	953	0
11829	28	294	953	0
106720	28	415	953	0
44557	28	1384	953	0
24647	28	640	953	0
38147	28	2250	953	0
17065	28	1273	953	0
76914	28	2747	953	0
61795	28	266	953	0
6190	28	371	953	0
12946	28	634	953	0
60104	28	1601	953	0
7885	28	1025	953	0
7741	28	3842	953	0
19419	28	1060	953	0
58874	14	1786	953	0
23853	28	23	953	0
59335	28	2632	953	0
5523	28	88	953	0
7294	28	86	953	0
81712	28	781	953	0
29647	28	1300	953	0
171636	14	8497	953	0
4001	28	1698	953	0
57799	14	3055	953	0
58939	28	142	953	0
7178	28	178	953	0
41083	28	682	953	0
12336	28	58	953	0
33089	28	60	953	0
94729	28	869	953	0
23181	28	261	953	0
12165	28	1261	953	0
69138	28	1346	953	0
42505	28	640	953	0
4575	28	261	953	0
7175	28	79	953	0
9371	28	66	953	0
18083	28	159	953	0
51044	28	1971	953	0
104976	28	7480	953	0
63908	16	6747	953	0
127227	28	1193	953	0
16291	28	100	953	0
97703	23	46606	953	0
27960	28	904	953	0
25370	28	570	953	0
17913	23	86598	953	0
67255	28	537	953	0
14866	28	241	953	0
12992	28	1931	953	0
21579	28	1629	953	0
31028	28	501	953	0
48698	28	1346	953	0
23774	28	1082	953	0
11684	28	6110	953	0
28702	28	2447	953	0
30136	14	1217	953	0
70945	28	4549	953	0
37508	28	903	953	0
18629	28	129	953	0
27971	28	6152	953	0
80671	28	397	953	0
59806	28	4483	953	0
71503	28	2135	953	0
81008	28	391	953	0
6391	28	515	953	0
41558	28	2214	953	0
93533	14	2417	953	0
71932	28	1041	953	0
64853	28	221	953	0
5020	28	105	953	0
78734	28	1013	953	0
7912	28	1112	953	0
15159	28	80	953	0
23360	28	2022	953	0
17022	28	826	953	0
12716	28	1359	953	0
7461	28	2389	953	0
16289	28	3432	953	0
72400	28	1346	953	0
16220	28	423	953	0
12832	28	1565	953	0
13186	28	377	953	0
19780	28	294	953	0
4464	28	117	953	0
8623	28	1727	953	0
27716	28	2623	953	0
10726	28	323	953	0
38084	28	330	953	0
16217	28	1671	953	0
6957	28	1446	953	0
12295	28	1910	953	0
73757	28	3145	953	0
63392	28	670	953	0
34840	28	1495	953	0
25921	28	404	953	0
16952	28	3443	953	0
12126	28	236	953	0
10588	28	1196	953	0
7220	28	712	953	0
8577	28	1180	953	0
13997	28	1831	953	0
84168	28	17227	953	0
31615	28	2250	953	0
12913	28	386	953	0
20765	28	450	953	0
34505	28	21338	953	0
40164	28	174	953	0
8357	28	181	953	0
23797	28	1774	953	0
48901	16	61928	953	0
11222	28	1354	953	0
57557	28	4778	953	0
67128	28	1261	953	0
13434	28	856	953	0
35562	28	3061	953	0
81817	28	817	953	0
76193	28	1093	953	0
19244	28	109	953	0
15183	28	292	953	0
82513	28	507	953	0
102326	28	19729	953	0
108806	28	2957	953	0
22592	28	321	953	0
24000	28	413	953	0
11471	28	660	953	0
5911	28	142	953	0
20876	28	31992	953	0
28436	28	29	953	0
68485	28	447	953	0
63957	28	1346	953	0
33801	28	1014	953	0
24569	28	678	953	0
8080	28	746	953	0
81776	28	558	953	0
7254	28	2250	953	0
10911	28	43	953	0
86165	28	6824	953	0
23542	28	1277	953	0
16683	28	1323	953	0
76728	28	1658	953	0
49482	14	308	953	0
81002	28	415	953	0
10661	28	247	953	0
15102	28	153	953	0
6647	28	105	953	0
10273	28	907	953	0
26233	28	1379	953	0
38490	28	817	953	0
38386	28	198	953	0
7200	28	800	953	0
19255	28	37	953	0
12377	28	161	953	0
5949	28	1342	953	0
12609	28	1446	953	0
22815	28	135	953	0
9423	28	1446	953	0
6978	28	3443	953	0
19787	28	239	953	0
15235	28	507	953	0
15137	28	132	953	0
31884	28	612	953	0
17195	14	1491	953	0
34066	28	2250	953	0
12700	28	980	953	0
76489	28	42153	953	0
51006	28	3799	953	0
34813	28	371	953	0
134599	28	1215	953	0
17454	28	31	953	0
57585	28	3926	953	0
23198	28	1703	953	0
42851	28	976	953	0
10823	28	720	953	0
31119	14	3111	953	0
33017	28	649	953	0
175830	14	3055	953	0
88236	28	3325	953	0
8467	28	1261	953	0
96511	28	1462	953	0
107657	28	415	953	0
9769	28	38	953	0
77603	14	3055	953	0
68551	28	4854	953	0
12131	28	109	953	0
47055	28	11189	953	0
18563	28	102	953	0
50149	28	80	953	0
10915	28	818	953	0
4223	28	80	953	0
22648	28	2122	953	0
105990	28	537	953	0
6293	28	1074	953	0
7500	28	61	953	0
64363	28	518	953	0
8412	28	10099	953	0
35337	28	384	953	0
61757	28	24392	953	0
17637	28	6902	953	0
17736	28	674	953	0
103451	28	1535	953	0
130188	14	95275	953	0
110986	28	2694	953	0
20456	28	145	953	0
59197	14	3111	953	0
66315	28	1879	953	0
27521	28	3737	953	0
19174	28	83	953	0
6607	28	2449	953	0
80068	28	391	953	0
114228	14	26402	953	0
38564	28	1841	953	0
22590	28	973	953	0
14719	28	78	953	0
36939	28	295	953	0
81712	28	1346	953	0
25871	28	195	953	0
4065	28	152	953	0
89474	28	481	953	0
21909	28	82	953	0
14160	28	1995	953	0
66864	14	3348	953	0
32882	28	446	953	0
35601	28	1458	953	0
6573	28	811	953	0
20285	28	904	953	0
59587	28	3864	953	0
91085	28	904	953	0
70297	28	3251	953	0
13519	28	1764	953	0
3240	28	100	953	0
23966	28	166	953	0
4271	28	1446	953	0
60097	28	1711	953	0
10012	28	38	953	0
5830	28	82	953	0
95652	28	3443	953	0
8387	28	344	953	0
16699	28	1342	953	0
9830	28	458	953	0
38592	28	2543	953	0
53252	28	2153	953	0
71152	28	4048	953	0
15865	28	179	953	0
78015	28	3686	953	0
89502	28	1346	953	0
51868	28	7791	953	0
71895	23	153013	953	0
153013	23	71895	953	0
67933	28	547	953	0
24529	28	67	953	0
15966	28	1340	953	0
38090	28	153	953	0
18776	28	1162	953	0
6667	28	91	953	0
52211	14	151761	953	0
43324	28	82	953	0
7353	28	3819	953	0
5067	28	213	953	0
51122	28	217	953	0
5923	28	46	953	0
56589	28	1467	953	0
25624	28	391	953	0
4464	28	64	953	0
32684	28	462	953	0
44461	28	61	953	0
7626	28	450	953	0
19460	28	221	953	0
9268	28	363	953	0
24855	28	1055	953	0
7259	28	57	953	0
5162	28	462	953	0
11983	28	907	953	0
57715	28	749	953	0
103062	28	1462	953	0
13577	28	3640	953	0
24457	28	67	953	0
42785	28	470	953	0
44959	28	283	953	0
7116	28	1935	953	0
39008	28	263	953	0
35527	28	118	953	0
35733	28	406	953	0
111424	28	430	953	0
11148	28	2100	953	0
11222	28	1640	953	0
7935	23	92404	953	0
10815	28	818	953	0
7959	28	80	953	0
17169	28	1261	953	0
26438	28	1816	953	0
40090	28	1879	953	0
12650	28	31	953	0
90285	28	3443	953	0
5932	28	2841	953	0
59614	28	12667	953	0
5730	28	2752	953	0
27353	28	1164	953	0
14428	28	3420	953	0
75575	28	2719	953	0
13697	28	161	953	0
9505	28	573	953	0
15710	28	40	953	0
11335	28	1033	953	0
18031	28	786	953	0
15819	28	411	953	0
69699	28	2136	953	0
32913	28	450	953	0
4727	28	998	953	0
96812	14	87072	953	0
9059	28	254	953	0
75899	28	1774	953	0
68775	28	436	953	0
54193	28	348	953	0
57246	14	4413	953	0
98327	28	548	953	0
12116	28	565	953	0
20407	28	1277	953	0
15404	28	906	953	0
10249	28	2910	953	0
57818	28	415	953	0
66651	28	565	953	0
82363	28	3407	953	0
33044	28	370	953	0
100083	28	1839	953	0
85430	28	415	953	0
32837	28	396	953	0
77756	28	1088	953	0
11870	28	68	953	0
7265	28	38	953	0
45562	28	817	953	0
42655	28	1085	953	0
11866	28	37	953	0
7668	28	11364	953	0
7711	28	1969	953	0
7732	28	1323	953	0
101434	28	4778	953	0
61641	28	1559	953	0
10706	28	450	953	0
39158	28	568	953	0
24625	28	1456	953	0
11472	28	87	953	0
12074	28	2338	953	0
69543	28	22685	953	0
12018	28	1774	953	0
10299	28	640	953	0
33118	28	635	953	0
32870	28	21338	953	0
70542	28	439	953	0
89950	28	2748	953	0
24696	28	2774	953	0
27666	28	2822	953	0
75689	28	641	953	0
40831	28	507	953	0
6235	28	103	953	0
72986	28	781	953	0
58196	28	471	953	0
46077	28	548	953	0
17362	23	125778	953	0
27010	28	4189	953	0
32111	28	143	953	0
18117	28	817	953	0
7178	28	120	953	0
5555	28	24	953	0
95171	28	1138	953	0
7614	28	1190	953	0
6978	28	3432	953	0
6502	28	131	953	0
29747	14	32634	953	0
38653	28	615	953	0
72133	28	3864	953	0
88829	28	7480	953	0
26122	28	1148	953	0
6575	28	221	953	0
10429	28	88	953	0
40344	14	2754	953	0
20592	28	63	953	0
33121	28	2267	953	0
58939	28	1129	953	0
21255	28	1404	953	0
87958	28	216	953	0
53526	28	1497	953	0
27429	28	564	953	0
5894	28	1682	953	0
20267	28	1041	953	0
13603	28	295	953	0
35562	28	4549	953	0
7445	28	2218	953	0
5368	28	122	953	0
56039	14	37414	953	0
24642	28	1655	953	0
66469	28	1976	953	0
94716	28	73955	953	0
14778	28	784	953	0
31215	28	234	953	0
11477	28	616	953	0
40829	6	59	953	0
60337	28	6053	953	0
45453	28	682	953	0
104709	28	415	953	0
59932	28	9892	953	0
59960	28	1944	953	0
50958	28	238	953	0
15512	28	3431	953	0
10850	28	800	953	0
8783	28	294	953	0
30038	28	450	953	0
38603	28	713	953	0
6967	28	78	953	0
34353	14	54589	953	0
10850	28	69	953	0
44274	28	311	953	0
25669	28	152	953	0
58500	28	1231	953	0
5289	28	1682	953	0
22246	28	1481	953	0
16027	28	156	953	0
18409	28	612	953	0
43168	28	1356	953	0
8343	28	1704	953	0
8080	28	2066	953	0
37626	28	241	953	0
104289	28	2485	953	0
28741	28	3760	953	0
32169	28	9689	953	0
88474	28	11461	953	0
13953	28	358	953	0
10194	28	33	953	0
12618	28	1969	953	0
46698	28	176	953	0
30239	28	13720	953	0
5776	28	147	953	0
6647	28	79	953	0
28158	28	760	953	0
95559	28	413	953	0
22246	28	8562	953	0
81277	28	2870	953	0
31963	28	2301	953	0
80691	28	6606	953	0
29524	28	619	953	0
5067	28	117	953	0
92320	28	119	953	0
24621	28	4549	953	0
47088	28	72	953	0
61761	28	528	953	0
82029	28	526	953	0
34621	14	12873	953	0
14036	28	388	953	0
15444	28	61	953	0
93129	28	622	953	0
58076	28	574	953	0
74989	28	261	953	0
