43294	28	1264	955	957
17300	28	498	955	957
17973	28	2791	955	957
7770	28	830	955	957
15859	28	234	955	957
65474	28	1379	955	957
19939	28	3000	955	957
25980	28	24	955	957
5958	28	142	955	957
20948	28	313	955	957
46034	28	612	955	957
27709	28	1025	955	957
49090	28	171	955	957
58903	28	160	955	957
7691	28	2098	955	957
14844	28	570	955	957
19148	28	442	955	957
58925	28	693	955	957
27790	28	992	955	957
13694	28	396	955	957
56760	28	228	955	957
14519	28	330	955	957
13824	28	3990	955	957
122082	28	553	955	957
17225	28	1091	955	957
35194	28	715	955	957
91837	28	2709	955	957
101369	28	38	955	957
5434	28	103	955	957
11031	28	85	955	957
33839	28	2835	955	957
45077	28	881	955	957
10987	28	67	955	957
60653	28	583	955	957
26343	28	1063	955	957
11079	28	44	955	957
21202	28	64	955	957
90722	28	88	955	957
18666	28	203	955	957
27267	28	3429	955	957
26893	28	1283	955	957
68075	28	2737	955	957
19665	28	625	955	957
11309	28	8554	955	957
10292	28	220	955	957
5918	28	484	955	957
38052	28	900	955	957
8648	28	3926	955	957
18051	28	424	955	957
35676	28	56	955	957
23174	28	118	955	957
5162	28	617	955	957
14766	28	1819	955	957
76967	28	669	955	957
90917	28	751	955	957
17811	28	411	955	957
22766	28	1228	955	957
65256	28	2516	955	957
32953	28	76	955	957
11790	28	796	955	957
28018	28	222	955	957
80006	28	627	955	957
12743	28	436	955	957
16063	28	491	955	957
25086	28	169	955	957
107295	28	1174	955	957
15529	28	370	955	957
24572	28	956	955	957
9310	28	286	955	957
8314	28	23	955	957
9508	28	695	955	957
72430	28	1968	955	957
10815	28	31	955	957
42764	28	141	955	957
52004	28	77	955	957
9452	28	161	955	957
21352	28	388	955	957
71490	28	524	955	957
19409	28	77	955	957
19233	28	633	955	957
80476	28	2088	955	957
18634	28	1259	955	957
9318	28	65	955	957
27119	28	76	955	957
7666	28	198	955	957
8197	28	390	955	957
26923	28	419	955	957
18433	28	132	955	957
71637	28	255	955	957
14062	28	281	955	957
49958	28	498	955	957
22588	28	55	955	957
11081	28	1824	955	957
9148	28	43	955	957
28445	28	612	955	957
12081	28	3728	955	957
8865	28	436	955	957
92114	28	500	955	957
4755	28	92	955	957
75529	28	83	955	957
15691	28	144	955	957
5473	28	1968	955	957
8605	28	120	955	957
19353	28	968	955	957
30904	28	992	955	957
39795	28	1227	955	957
11789	28	1960	955	957
26869	28	319	955	957
15536	28	161	955	957
25076	28	313	955	957
31168	28	4347	955	957
56076	28	1752	955	957
16135	28	2349	955	957
59996	28	348	955	957
17416	28	370	955	957
13932	28	16	955	957
57009	28	1477	955	957
72349	28	924	955	957
26892	28	388	955	957
14567	28	48	955	957
83246	28	4232	955	957
33144	28	901	955	957
31884	28	2449	955	957
54923	28	2593	955	957
18718	28	748	955	957
14514	28	1041	955	957
14194	28	46	955	957
42177	28	411	955	957
59584	28	7898	955	957
7894	28	351	955	957
31385	28	719	955	957
6960	28	662	955	957
21888	28	901	955	957
17574	28	930	955	957
6402	28	672	955	957
28986	28	66	955	957
18083	28	174	955	957
32158	28	220	955	957
61703	28	881	955	957
12327	28	369	955	957
22255	28	124	955	957
70444	28	5665	955	957
19105	28	2705	955	957
62700	28	5165	955	957
26233	28	1932	955	957
50411	28	570	955	957
27422	28	83	955	957
80348	28	1375	955	957
76970	28	3039	955	957
32895	28	624	955	957
42510	28	1094	955	957
23226	28	140	955	957
6102	28	554	955	957
13649	28	65	955	957
18949	28	142	955	957
27722	28	676	955	957
9419	28	2335	955	957
45967	28	1195	955	957
35842	28	50	955	957
12262	28	502	955	957
14145	28	754	955	957
31554	28	3299	955	957
12702	28	134	955	957
73805	28	141	955	957
36503	28	537	955	957
9070	28	124	955	957
59493	28	616	955	957
20076	28	1669	955	957
56360	28	63	955	957
65685	28	122	955	957
20403	28	3762	955	957
17813	28	388	955	957
7038	28	793	955	957
46042	28	465	955	957
49381	28	1671	955	957
16582	28	965	955	957
6996	28	178	955	957
51178	28	398	955	957
46713	28	550	955	957
5119	28	2571	955	957
41236	28	2310	955	957
20247	28	1860	955	957
20167	28	458	955	957
27228	28	1050	955	957
5382	28	605	955	957
16073	28	2897	955	957
18050	28	1251	955	957
64952	28	556	955	957
30922	28	1055	955	957
20422	28	161	955	957
70818	28	741	955	957
24632	28	1025	955	957
44418	28	842	955	957
10350	28	4103	955	957
11412	28	6062	955	957
24767	28	469	955	957
49241	28	205	955	957
74481	28	4233	955	957
58145	28	490	955	957
65321	28	869	955	957
12152	28	975	955	957
55218	28	6779	955	957
11196	28	1258	955	957
22273	28	720	955	957
13439	28	228	955	957
28515	28	1331	955	957
47063	28	30	955	957
12032	28	1354	955	957
12406	28	363	955	957
77129	28	596	955	957
13585	28	303	955	957
25984	28	24	955	957
59093	28	1388	955	957
82480	28	666	955	957
25310	28	1879	955	957
80967	28	1276	955	957
73585	28	1779	955	957
14566	28	1328	955	957
23124	28	100	955	957
24301	28	1777	955	957
12465	28	758	955	957
17878	28	110	955	957
100531	28	866	955	957
9627	28	180	955	957
13613	28	281	955	957
6190	28	1556	955	957
27151	28	40	955	957
9706	28	2282	955	957
16776	28	507	955	957
91342	28	1399	955	957
18466	28	498	955	957
22024	28	313	955	957
55736	28	112	955	957
56117	28	1294	955	957
50537	28	196	955	957
37129	28	778	955	957
95996	28	4315	955	957
94143	28	1529	955	957
7056	28	1067	955	957
11443	28	158	955	957
65019	28	3545	955	957
14624	28	453	955	957
11971	28	41	955	957
37153	28	883	955	957
30804	28	864	955	957
93719	28	1788	955	957
51751	28	672	955	957
24855	28	1100	955	957
43326	28	2085	955	957
48091	28	1653	955	957
8176	28	275	955	957
10343	28	1004	955	957
6466	28	489	955	957
110797	28	1264	955	957
27187	28	1610	955	957
56578	28	1530	955	957
57737	28	4311	955	957
7684	28	4092	955	957
81498	28	605	955	957
35882	28	686	955	957
10931	28	23	955	957
60034	28	2580	955	957
104978	28	278	955	957
94529	28	437	955	957
32104	28	2480	955	957
13840	28	672	955	957
14586	28	551	955	957
81824	28	649	955	957
11582	28	481	955	957
38230	28	60	955	957
81949	28	318	955	957
35477	28	42615	955	957
35549	28	408	955	957
109559	28	1403	955	957
12579	28	5227	955	957
78894	28	1101	955	957
9707	28	380	955	957
76795	28	461	955	957
6242	28	750	955	957
76819	28	319	955	957
8141	28	43	955	957
11979	28	3119	955	957
42336	28	826	955	957
96963	28	1388	955	957
35160	28	291	955	957
60417	28	294	955	957
20740	28	144	955	957
35448	28	1335	955	957
37191	28	132	955	957
22074	28	234	955	957
108353	28	2957	955	957
29521	28	1639	955	957
9188	28	307	955	957
10273	28	797	955	957
14632	28	1063	955	957
15909	28	286	955	957
32054	28	1283	955	957
30628	28	1606	955	957
119130	28	1408	955	957
12531	28	2349	955	957
52653	28	3642	955	957
11025	28	49	955	957
56225	28	1295	955	957
28722	28	3926	955	957
37711	28	2516	955	957
16753	28	3212	955	957
15758	28	614	955	957
42955	28	2719	955	957
25820	28	742	955	957
23550	28	233	955	957
19610	28	78	955	957
20122	28	144	955	957
24242	28	13180	955	957
13542	28	470	955	957
16544	28	147	955	957
25825	28	233	955	957
12059	28	1095	955	957
4887	28	91	955	957
32997	28	222	955	957
122571	28	643	955	957
51053	28	1596	955	957
9228	28	70	955	957
61312	28	371	955	957
41865	28	124	955	957
29085	28	1070	955	957
22043	28	120	955	957
39617	28	388	955	957
59715	28	1116	955	957
51793	28	3425	955	957
33513	28	4541	955	957
9263	28	3692	955	957
83093	28	2516	955	957
87773	28	153	955	957
11206	28	358	955	957
21057	28	447	955	957
28801	28	437	955	957
88482	28	614	955	957
12535	28	639	955	957
81734	28	612	955	957
44194	28	456	955	957
70883	28	681	955	957
51927	28	16597	955	957
18915	28	2348	955	957
13024	28	293	955	957
12958	28	72	955	957
33379	28	1085	955	957
9150	28	253	955	957
28936	28	328	955	957
104238	28	456	955	957
18843	28	1460	955	957
110035	28	1076	955	957
5641	28	16	955	957
8016	28	1100	955	957
39647	28	740	955	957
17811	28	1018	955	957
104827	28	45	955	957
23951	28	379	955	957
7676	28	188	955	957
27938	28	5227	955	957
61443	28	288	955	957
94266	28	746	955	957
22463	28	276	955	957
76647	28	153	955	957
23030	28	388	955	957
32908	28	410	955	957
36152	28	119	955	957
28725	28	436	955	957
13572	28	6025	955	957
95345	28	1639	955	957
10583	28	491	955	957
11642	28	848	955	957
29157	28	417	955	957
23315	28	760	955	957
41669	28	435	955	957
18719	28	818	955	957
6861	28	44	955	957
10721	28	2878	955	957
36384	28	675	955	957
21006	28	531	955	957
26915	28	741	955	957
35090	28	637	955	957
81941	28	3123	955	957
11615	28	591	955	957
27923	28	13706	955	957
28704	28	38	955	957
76411	28	126	955	957
17726	28	147	955	957
18005	28	992	955	957
16524	28	19370	955	957
9674	28	1731	955	957
130216	28	960	955	957
13794	28	34	955	957
39931	28	162	955	957
81053	28	712	955	957
86291	28	247	955	957
4010	28	149	955	957
60283	28	452	955	957
11566	28	161	955	957
93620	28	434	955	957
18924	28	290	955	957
41765	28	454	955	957
16534	28	111	955	957
12033	28	1942	955	957
10588	28	1312	955	957
78205	28	749	955	957
79465	28	248	955	957
18092	28	135	955	957
29189	28	881	955	957
8755	28	1496	955	957
67025	28	203	955	957
11620	28	253	955	957
27886	28	1942	955	957
105921	28	770	955	957
9986	28	3553	955	957
9227	28	210	955	957
48154	28	3900	955	957
51932	28	992	955	957
14728	28	51	955	957
13948	28	292	955	957
7219	28	250	955	957
11033	28	198	955	957
12793	28	411	955	957
24040	28	303	955	957
7297	28	573	955	957
130283	28	3818	955	957
108004	28	2051	955	957
30707	28	1041	955	957
58000	28	1788	955	957
35601	28	2335	955	957
7189	28	1177	955	957
153196	28	1944	955	957
48424	28	1617	955	957
10456	28	4269	955	957
27582	28	156	955	957
68618	28	1367	955	957
13226	28	961	955	957
34365	28	124	955	957
10231	28	129	955	957
8050	28	304	955	957
108752	28	515	955	957
18481	28	3530	955	957
7447	28	198	955	957
23085	28	1296	955	957
48512	28	95	955	957
15176	28	555	955	957
23017	28	6062	955	957
27209	28	252	955	957
18349	28	3914	955	957
68589	28	1320	955	957
11804	28	266	955	957
110035	28	386	955	957
11059	28	627	955	957
11107	28	436	955	957
67769	28	1582	955	957
38647	28	1731	955	957
42722	28	24331	955	957
10299	28	531	955	957
6632	28	740	955	957
24465	28	855	955	957
52346	28	1698	955	957
57351	28	387	955	957
39005	28	593	955	957
14431	28	132	955	957
39158	28	321	955	957
48198	28	4696	955	957
35651	28	291	955	957
12482	28	893	955	957
27708	28	56556	955	957
77768	28	679	955	957
17952	28	811	955	957
45337	28	1777	955	957
81181	28	1345	955	957
5392	28	20	955	957
15178	28	107	955	957
6299	28	1159	955	957
21602	28	3933	955	957
78097	28	2446	955	957
5518	28	410	955	957
9120	28	793	955	957
52456	28	830	955	957
11293	28	821	955	957
51896	28	1436	955	957
12299	28	386	955	957
26756	28	149	955	957
69256	28	353	955	957
11396	28	74810	955	957
47825	28	214	955	957
130771	28	1609	955	957
24150	28	1227	955	957
65435	28	591	955	957
19683	28	2214	955	957
18959	28	960	955	957
42065	28	102	955	957
69321	28	537	955	957
55910	28	1010	955	957
26994	28	387	955	957
32331	28	1299	955	957
22968	28	1041	955	957
5145	28	112	955	957
8088	28	1606	955	957
30610	28	573	955	957
32226	28	1118	955	957
11220	28	52	955	957
7596	28	166	955	957
73784	28	2702	955	957
5712	28	331	955	957
22962	28	38	955	957
25873	28	14137	955	957
13867	28	30	955	957
11668	28	121	955	957
20435	28	626	955	957
103894	28	1399	955	957
79921	28	11857	955	957
21494	28	449	955	957
93998	28	303	955	957
27923	28	274	955	957
23675	28	27	955	957
22218	28	3656	955	957
30303	28	503	955	957
8283	28	110	955	957
11702	28	52	955	957
28759	28	842	955	957
91046	28	1556	955	957
62452	28	58	955	957
60004	28	1589	955	957
33476	28	124	955	957
30160	28	2483	955	957
45177	28	1524	955	957
8227	28	1174	955	957
96945	28	3235	955	957
17268	28	674	955	957
95710	28	1092	955	957
13326	28	358	955	957
15548	28	134	955	957
41445	28	6062	955	957
21188	28	643	955	957
12412	28	360	955	957
5996	28	1968	955	957
8001	28	67	955	957
124152	28	2180	955	957
32684	28	475	955	957
27479	28	9101	955	957
72459	28	1018	955	957
6954	28	467	955	957
44155	28	1969	955	957
16089	28	181	955	957
25487	28	6935	955	957
78228	28	461	955	957
107348	28	303	955	957
16255	28	62675	955	957
37410	28	275	955	957
59855	28	369	955	957
8560	28	384	955	957
15401	28	44	955	957
19520	28	188	955	957
10455	28	100	955	957
21633	28	786	955	957
10036	28	114	955	957
12073	28	318	955	957
110108	28	252	955	957
6537	28	933	955	957
10851	28	119	955	957
5884	28	23	955	957
22457	28	505	955	957
13429	28	66	955	957
82075	28	111	955	957
32905	28	2849	955	957
57872	28	513	955	957
30779	28	716	955	957
22046	28	1608	955	957
9915	28	12373	955	957
8133	28	39	955	957
110143	28	88	955	957
44210	28	2519	955	957
108816	28	16162	955	957
9738	28	53	955	957
19196	28	1688	955	957
6428	28	242	955	957
27353	28	2737	955	957
4508	28	274	955	957
27152	28	1524	955	957
68598	28	630	955	957
93875	28	10190	955	957
126007	28	1794	955	957
8707	28	437	955	957
18784	28	77	955	957
51269	28	2234	955	957
17442	28	672	955	957
34647	28	10531	955	957
13519	28	1336	955	957
9463	28	1100	955	957
92663	28	745	955	957
11052	28	712	955	957
7801	28	383	955	957
22955	28	842	955	957
42295	28	2234	955	957
26242	28	1119	955	957
32186	28	1619	955	957
58860	28	1968	955	957
22072	28	188	955	957
6112	28	85	955	957
8335	28	51	955	957
17006	28	180	955	957
7141	28	43	955	957
7941	28	531	955	957
56455	28	3959	955	957
66698	28	1969	955	957
58421	28	924	955	957
61330	28	2784	955	957
15273	28	967	955	957
8550	28	149	955	957
38876	28	666	955	957
55640	28	1985	955	957
20955	28	970	955	957
30341	28	256	955	957
19509	28	46	955	957
23645	28	622	955	957
5620	28	550	955	957
97942	28	31237	955	957
8972	28	508	955	957
18463	28	10064	955	957
12756	28	996	955	957
44978	28	14879	955	957
16369	28	48	955	957
25181	28	899	955	957
17047	28	526	955	957
43356	28	552	955	957
11196	28	485	955	957
21748	28	934	955	957
9906	28	122	955	957
25026	28	420	955	957
28429	28	706	955	957
4916	28	27	955	957
12708	28	411	955	957
20431	28	759	955	957
150898	28	69815	955	957
92144	28	339	955	957
14192	28	8415	955	957
11798	28	50	955	957
19030	28	304	955	957
126466	28	1948	955	957
10310	28	2389	955	957
12562	28	79	955	957
28888	28	548	955	957
13450	28	18266	955	957
17787	28	390	955	957
14969	28	490	955	957
17386	28	210	955	957
6903	28	2467	955	957
32903	28	1082	955	957
44461	28	221	955	957
29688	28	1172	955	957
53971	28	1874	955	957
24966	28	3125	955	957
55930	28	56843	955	957
27598	28	967	955	957
10194	28	161	955	957
12600	28	141	955	957
22480	28	2867	955	957
26398	28	242	955	957
27073	28	1757	955	957
13298	28	2036	955	957
17020	28	546	955	957
8194	28	390	955	957
20218	28	1557	955	957
27856	28	3144	955	957
30182	28	31237	955	957
14640	28	422	955	957
18038	28	9785	955	957
40350	28	118	955	957
15255	28	211	955	957
20443	28	742	955	957
22858	28	48	955	957
44104	28	917	955	957
9704	28	1671	955	957
36800	28	2956	955	957
7365	28	154	955	957
107996	28	390	955	957
92931	28	673	955	957
39814	28	144	955	957
14301	28	126	955	957
49596	28	5619	955	957
33272	28	321	955	957
130290	28	756	955	957
12730	28	405	955	957
15299	28	31	955	957
33046	28	100	955	957
5918	28	758	955	957
36545	28	3167	955	957
65710	28	471	955	957
30802	28	2093	955	957
63813	28	268	955	957
6181	28	1100	955	957
84369	28	9785	955	957
12213	28	1727	955	957
41693	28	2436	955	957
16058	28	464	955	957
49477	28	618	955	957
16558	28	1836	955	957
7863	28	232	955	957
38619	28	254	955	957
8878	28	2226	955	957
51689	28	50	955	957
26470	28	18	955	957
21646	28	248	955	958
60664	28	16	955	958
9062	28	811	955	958
24997	28	133	955	958
11423	28	334	955	958
25142	28	129	955	958
22028	28	3760	955	958
22039	28	742	955	958
8516	28	799	955	958
71606	28	1704	955	958
13203	28	1652	955	958
25576	28	792	955	958
7884	28	38	955	958
22778	28	36	955	958
5099	28	38	955	958
22724	28	417	955	958
6887	28	286	955	958
10209	28	39	955	958
12034	28	2175	955	958
40765	28	146	955	958
35334	28	1022	955	958
15340	28	239	955	958
18883	28	675	955	958
19598	28	678	955	958
54654	28	1641	955	958
11425	28	73	955	958
63516	28	295	955	958
62664	28	1099	955	958
21951	28	136	955	958
26965	28	1384	955	958
33473	28	106	955	958
27071	28	1743	955	958
22743	28	2568	955	958
23617	28	1201	955	958
36219	28	132	955	958
5435	28	153	955	958
22204	28	1959	955	958
20709	28	617	955	958
3837	28	396	955	958
47966	28	1067	955	958
5781	28	64	955	958
75250	28	1336	955	958
75456	28	1170	955	958
8381	28	526	955	958
10255	28	205	955	958
20438	28	23952	955	958
53924	28	2096	955	958
5362	28	152	955	958
9278	28	547	955	958
56602	28	1059	955	958
56661	28	591	955	958
5454	28	16	955	958
83993	28	515	955	958
87625	28	415	955	958
49336	28	868	955	958
44918	28	1330	955	958
18207	28	868	955	958
8241	28	78	955	958
16034	28	787	955	958
53359	28	1088	955	958
22248	28	875	955	958
23007	28	397	955	958
9128	28	325	955	958
102071	28	13277	955	958
12362	28	81	955	958
102298	28	5748	955	958
35717	28	332	955	958
10144	28	230	955	958
5902	28	118	955	958
18560	28	38	955	958
18575	28	1101	955	958
38726	28	758	955	958
10128	28	1356	955	958
66688	28	1088	955	958
7715	28	64	955	958
10222	28	2343	955	958
45193	28	5432	955	958
16425	28	1300	955	958
38908	28	754	955	958
18961	28	325	955	958
52583	28	4379	955	958
14669	28	169	955	958
10383	28	501	955	958
14595	28	111	955	958
7787	28	48	955	958
7236	28	166	955	958
13052	28	866	955	958
39673	28	1075	955	958
53075	28	1161	955	958
53198	28	2150	955	958
7861	28	461	955	958
10481	28	531	955	958
9239	28	124	955	958
8681	28	704	955	958
25983	28	2477	955	958
39978	28	783	955	958
19543	28	1718	955	958
46425	28	991	955	958
53817	28	37	955	958
19660	28	19	955	958
19914	28	718	955	958
40579	28	936	955	958
11806	28	122	955	958
30226	28	89	955	958
88102	28	1572	955	958
30558	28	449	955	958
12026	28	191	955	958
40326	28	803	955	958
54591	28	257	955	958
8763	28	228	955	958
17422	28	159	955	958
29293	28	696	955	958
60513	28	1135	955	958
11587	28	325	955	958
78351	28	62084	955	958
9123	28	5257	955	958
20280	28	263	955	958
58501	28	829	955	958
45996	28	556	955	958
27250	28	4418	955	958
77333	28	3429	955	958
58660	28	336	955	958
36034	28	2607	955	958
31434	28	556	955	958
7956	28	49	955	958
55556	28	1965	955	958
13863	28	307	955	958
45030	28	429	955	958
31800	28	55	955	958
60556	28	391	955	958
22837	28	417	955	958
31815	28	146	955	958
22677	28	405	955	958
9771	28	386	955	958
17920	28	57	955	958
24002	28	251	955	958
40289	28	104	955	958
91492	28	1918	955	958
50027	28	1572	955	958
65605	28	261	955	958
24029	28	63	955	958
12533	28	36	955	958
61833	28	1614	955	958
42930	28	171	955	958
27990	28	27	955	958
23898	28	266	955	958
22545	28	2048	955	958
28873	28	202	955	958
15098	28	490	955	958
20196	28	461	955	958
76156	28	956	955	958
15603	28	1796	955	958
68596	28	1296	955	958
43003	28	46	955	958
14904	28	71	955	958
9484	28	315	955	958
31139	28	1679	955	958
12618	28	18	955	958
7922	28	234	955	958
49753	28	1270	955	958
27617	28	783	955	958
32869	28	355	955	958
123078	28	2534	955	958
13629	28	439	955	958
26217	28	875	955	958
16200	28	146	955	958
22610	28	532	955	958
68172	28	1245	955	958
18760	28	937	955	958
18125	28	1589	955	958
26332	28	1016	955	958
26434	28	484	955	958
15435	28	889	955	958
7286	28	390	955	958
40677	28	234	955	958
76509	28	1075	955	958
66920	28	34282	955	958
12693	28	555	955	958
36999	28	1229	955	958
9573	28	405	955	958
27769	28	206	955	958
14693	28	424	955	958
15750	28	678	955	958
50688	28	5520	955	958
10102	28	1328	955	958
124305	28	648	955	958
17897	28	266	955	958
18806	28	145	955	958
12508	28	140	955	958
17720	28	1828	955	958
13906	28	754	955	958
41207	28	742	955	958
124435	28	22057	955	958
93327	28	1431	955	958
5503	28	1772	955	958
7558	28	793	955	958
31356	28	741	955	958
113582	28	676	955	958
7911	28	501	955	958
20249	28	19	955	958
23234	28	1956	955	958
124821	28	4037	955	958
7870	28	49	955	958
99311	28	836	955	958
34923	28	686	955	958
7397	28	139	955	958
31258	28	1222	955	958
21214	28	758	955	958
27436	28	3778	955	958
80949	28	156	955	958
87642	28	21358	955	958
40908	28	2485	955	958
14866	28	176	955	958
102013	28	171	955	958
102187	28	2957	955	958
47978	28	288	955	958
20598	28	44	955	958
5350	28	134	955	958
18498	28	1095	955	958
27767	28	1175	955	958
13529	28	746	955	958
24586	28	748	955	958
58873	28	333	955	958
28576	28	221	955	958
14175	28	2426	955	958
12909	28	99	955	958
36149	28	649	955	958
87692	28	1745	955	958
45081	28	36056	955	958
13503	28	745	955	958
46835	28	616	955	958
8709	28	217	955	958
38363	28	760	955	958
71887	28	1117	955	958
17246	28	202	955	958
11176	28	139	955	958
21176	28	871	955	958
17861	28	1312	955	958
15679	28	1070	955	958
64960	28	278	955	958
16781	28	86	955	958
7108	28	64	955	958
90285	28	2841	955	958
79088	28	490	955	958
45517	28	7218	955	958
9634	28	219	955	958
44003	28	332	955	958
19071	28	355	955	958
17944	28	132	955	958
29626	28	1338	955	958
14844	28	232	955	958
94546	28	71	955	958
18609	28	355	955	958
33978	28	691	955	958
32321	28	37	955	958
33603	28	102	955	958
56876	28	348	955	958
14141	28	516	955	958
15449	28	230	955	958
75176	28	1403	955	958
7025	28	275	955	958
17355	28	244	955	958
17510	28	222	955	958
33341	28	86	955	958
63081	28	675	955	958
33089	28	52	955	958
36725	28	516	955	958
17353	28	456	955	958
33079	28	392	955	958
10028	28	321	955	958
6881	28	319	955	958
147055	28	2910	955	958
127211	28	5147	955	958
26085	28	319	955	958
11808	28	1011	955	958
19519	28	583	955	958
44394	28	83	955	958
5397	28	528	955	958
17355	28	951	955	958
20942	28	167	955	958
14484	28	245	955	958
9273	28	442	955	958
18140	28	43	955	958
11217	28	142	955	958
44423	28	282	955	958
26078	28	65	955	958
7321	28	135	955	958
61708	28	936	955	958
20844	28	136	955	958
39226	28	3621	955	958
92639	28	1299	955	958
15304	28	289	955	958
35544	28	593	955	958
33981	28	290	955	958
7259	28	98	955	958
21168	28	310	955	958
10340	28	51	955	958
12566	28	617	955	958
15990	28	14190	955	958
21690	28	2479	955	958
18117	28	3815	955	958
9428	28	44	955	958
45087	28	1007	955	958
6675	28	48	955	958
18068	28	30	955	958
38250	28	288	955	958
25091	28	317	955	958
14369	28	160	955	958
90299	28	56843	955	958
7265	28	242	955	958
58101	28	357	955	958
10262	28	509	955	958
14310	28	47	955	958
9609	28	1138	955	958
10911	28	85	955	958
7106	28	74	955	958
53756	28	1478	955	958
7820	28	55	955	958
19422	28	3879	955	958
100170	28	10488	955	958
30181	28	3901	955	958
60866	28	248	955	958
7097	28	240	955	958
66702	28	18584	955	958
19870	28	400	955	958
90428	28	1948	955	958
38042	28	185	955	958
33184	28	27	955	958
31424	28	625	955	958
67601	28	998	955	958
10917	28	490	955	958
36518	28	230	955	958
15329	28	41	955	958
24537	28	992	955	958
6911	28	117	955	958
27387	28	1131	955	958
15400	28	2363	955	958
24899	28	508	955	958
19660	28	717	955	958
26304	28	1590	955	958
33570	28	358	955	958
21486	28	44626	955	958
11016	28	2177	955	958
12341	28	1129	955	958
49777	28	1617	955	958
55925	28	3109	955	958
26270	28	5331	955	958
109190	28	330	955	958
88692	28	311	955	958
21474	28	615	955	958
61786	28	81403	955	958
44075	28	102	955	958
118936	28	449	955	958
53277	28	686	955	958
7386	28	177	955	958
16975	28	31	955	958
9946	28	449	955	958
17109	28	235	955	958
27585	28	392	955	958
47747	28	1336	955	958
9902	28	95	955	958
44220	28	1399	955	958
69866	28	40	955	958
28763	28	36092	955	958
5209	28	396	955	958
6712	28	2982	955	958
94900	28	869	955	958
55775	28	695	955	958
94628	28	477	955	958
52005	28	1056	955	958
12732	28	51	955	958
6870	28	2685	955	958
52667	28	1565	955	958
44323	28	109	955	958
10097	28	292	955	958
28112	28	5011	955	958
23718	28	1339	955	958
51715	28	623	955	958
9448	28	140	955	958
18497	28	3416	955	958
14469	28	32	955	958
54716	28	2719	955	958
93388	28	378	955	958
42199	28	1642	955	958
8122	28	48	955	958
16217	28	74	955	958
34428	28	1816	955	958
19598	28	2066	955	958
41551	28	1801	955	958
38445	28	274	955	958
26936	28	343	955	958
47687	28	554	955	958
20814	28	609	955	958
10351	28	44	955	958
38179	28	1853	955	958
8882	28	150	955	958
38960	28	217	955	958
7929	28	235	955	958
12285	28	868	955	958
75560	28	275	955	958
18717	28	201	955	958
7744	28	369	955	958
79090	28	3447	955	958
69607	28	353	955	958
5904	28	743	955	958
53198	28	653	955	958
18577	28	1983	955	958
33408	28	605	955	958
44409	28	402	955	958
28743	28	453	955	958
11414	28	41	955	958
76394	28	841	955	958
59894	28	1962	955	958
59989	28	257	955	958
65934	28	3946	955	958
21515	28	192	955	958
67277	28	498	955	958
31667	28	1295	955	958
37678	28	86	955	958
109699	28	171	955	958
12769	28	55	955	958
40929	28	275	955	958
34602	28	8442	955	958
16984	28	345	955	958
40058	28	231	955	958
88919	28	1016	955	958
6640	28	49	955	958
91665	28	2768	955	958
71553	28	7898	955	958
21749	28	45	955	958
11343	28	159	955	958
15882	28	1900	955	958
12170	28	303	955	958
64573	28	1794	955	958
49787	28	866	955	958
52871	28	3213	955	958
14892	28	95	955	958
18561	28	456	955	958
44890	28	47962	955	958
52896	28	3522	955	958
43854	28	41	955	958
93986	28	265	955	958
17624	28	793	955	958
9359	28	104	955	958
90528	28	11473	955	958
8624	28	161	955	958
11303	28	358	955	958
13228	28	642	955	958
61867	28	842	955	958
14334	28	92	955	958
6616	28	78	955	958
66811	28	266	955	958
6464	28	132	955	958
15335	28	748	955	958
56330	28	370	955	958
85037	28	99	955	958
34399	28	2319	955	958
10383	28	307	955	958
29274	28	670	955	958
22030	28	51	955	958
16009	28	24	955	958
8061	28	230	955	958
38240	28	78	955	958
65057	28	1171	955	958
96481	28	153	955	958
95616	28	1283	955	958
23236	28	79	955	958
78673	28	386	955	958
16683	28	2048	955	958
10530	28	46	955	958
19837	28	564	955	958
35875	28	255	955	958
34863	28	165	955	958
77012	28	3099	955	958
19355	28	2534	955	958
21373	28	233	955	958
21059	28	162	955	958
8815	28	241	955	958
24949	28	2733	955	958
15023	28	1379	955	958
34072	28	1234	955	958
78395	28	313	955	958
12488	28	19	955	958
6260	28	72	955	958
25314	28	50	955	958
10927	28	550	955	958
20675	28	926	955	958
16683	28	144	955	958
17763	28	52	955	958
17684	28	98	955	958
21841	28	533	955	958
23659	28	257	955	958
10210	28	995	955	958
84031	28	2644	955	958
6090	28	104	955	958
42785	28	2713	955	958
14601	28	507	955	958
59636	28	24	955	958
21271	28	1139	955	958
34196	28	2325	955	958
30460	28	1879	955	958
19566	28	4274	955	958
17439	28	396	955	958
13672	28	117	955	958
16073	28	748	955	958
35178	28	98	955	958
15596	28	2125	955	958
8208	28	1426	955	958
26566	28	345	955	958
91479	28	793	955	958
44188	28	5994	955	958
15513	28	80	955	958
15514	28	228	955	958
24686	28	6633	955	958
14429	28	162	955	958
17081	28	170	955	958
31261	28	470	955	958
5450	28	101	955	958
49737	28	46	955	958
101949	28	27430	955	958
6303	28	1400	955	958
66137	28	1551	955	958
11959	28	36	955	958
12828	28	195	955	958
21971	28	2732	955	958
33695	28	19	955	958
16212	28	3736	955	958
66231	28	131	955	958
15658	28	503	955	958
22728	28	2680	955	958
51293	28	1403	955	958
130257	28	1275	955	958
19906	28	3848	955	958
31873	28	1331	955	958
26850	28	49851	955	958
19413	28	66	955	958
42798	28	381	955	958
84477	28	756	955	958
28303	28	3901	955	958
8320	28	358	955	958
9947	28	145	955	958
69301	28	1363	955	958
82584	28	222	955	958
13739	28	778	955	958
22540	28	522	955	958
72387	28	3503	955	958
31671	28	1132	955	958
10863	28	582	955	958
20282	28	70	955	958
54033	28	201	955	958
13945	28	4116	955	958
30029	28	369	955	958
26372	28	927	955	958
33101	28	446	955	958
10670	28	117	955	958
8258	28	87	955	958
17745	28	500	955	958
14739	28	280	955	958
14609	28	931	955	958
26135	28	5525	955	958
35673	28	1335	955	958
87631	28	363	955	958
6189	28	51	955	958
9802	28	40	955	958
36420	28	5018	955	958
110195	28	755	955	958
18453	28	180	955	958
15743	28	253	955	958
67618	28	4068	955	958
43495	28	933	955	958
6638	28	381	955	958
58010	28	101643	955	958
9661	28	65	955	958
12701	28	161	955	958
19343	28	458	955	958
18011	28	109	955	958
76030	28	27778	955	958
9812	28	907	955	958
28708	28	2100	955	958
80746	28	3456	955	958
74984	28	5010	955	958
16710	28	1400	955	958
37358	28	28	955	958
70486	28	131	955	958
28468	28	328	955	958
34830	28	555	955	958
11856	28	52	955	958
38126	28	979	955	958
19376	28	5030	955	958
30925	28	2343	955	958
15706	28	1273	955	958
23216	28	234	955	958
67338	28	3193	955	958
11047	28	1910	955	958
18064	28	131	955	958
13446	28	1204	955	958
128455	14	4374	955	958
8644	28	1653	955	958
18399	28	122	955	958
61498	28	125766	955	958
6439	28	79	955	958
51497	28	1632	955	958
42179	28	1282	955	958
20585	28	47849	955	958
66935	28	474	955	958
50846	28	556	955	958
10141	28	3251	955	958
19609	28	44	955	958
16231	28	24	955	958
44333	28	1356	955	958
8720	28	188	955	958
37314	28	43	955	958
21626	28	523	955	959
33886	28	64	955	959
11504	28	52	955	959
61314	28	3452	955	959
52842	28	315	955	959
52865	28	162	955	959
25000	28	41	955	959
24870	28	104	955	959
45706	28	1477	955	959
6382	28	205	955	959
33632	28	572	955	959
83679	28	379	955	959
14898	28	7641	955	959
25889	28	206	955	959
5923	28	221	955	959
13355	28	126	955	959
13366	28	142	955	959
17155	28	286	955	959
46455	28	44	955	959
5644	28	176	955	959
25750	28	71	955	959
9127	28	117	955	959
72814	28	99	955	959
23058	28	4810	955	959
85317	28	13415	955	959
18537	28	2255	955	959
63730	28	380	955	959
20344	28	3144	955	959
47571	28	71	955	959
7215	28	31	955	959
41350	28	4380	955	959
10098	28	22	955	959
13754	28	40	955	959
74160	28	722	955	959
14574	28	962	955	959
36049	28	1275	955	959
20563	28	572	955	959
99022	28	1132	955	959
23553	28	317	955	959
27169	28	74	955	959
15679	28	731	955	959
31061	28	546	955	959
9789	28	292	955	959
86385	28	492	955	959
8882	28	348	955	959
15746	28	991	955	959
100033	28	2022	955	959
25565	28	161	955	959
31693	28	292	955	959
20826	28	55	955	959
15334	28	319	955	959
14959	28	112	955	959
13508	28	390	955	959
14636	28	263	955	959
15925	28	453	955	959
42603	28	20	955	959
34712	28	76	955	959
27949	28	4281	955	959
17366	28	1330	955	959
32177	28	669	955	959
117758	28	974	955	959
47598	28	67	955	959
88505	28	1012	955	959
16429	28	28	955	959
71113	28	1016	955	959
44773	28	634	955	959
9106	28	740	955	959
10223	28	348	955	959
11313	28	143	955	959
29094	28	180	955	959
45337	28	1028	955	959
38928	28	133	955	959
39384	28	95	955	959
11641	28	147	955	959
25763	28	47	955	959
29829	28	176	955	959
8342	28	43	955	959
7936	28	431	955	959
19842	28	22	955	959
17251	28	413	955	959
30421	28	348	955	959
26382	28	520	955	959
7733	28	231	955	959
20106	28	2488	955	959
26605	28	474	955	959
7364	28	1335	955	959
85330	28	1201	955	959
47856	28	155	955	959
62686	28	87	955	959
31353	28	20	955	959
55855	28	214	955	959
105211	28	4347	955	959
12429	28	44	955	959
26813	28	248	955	959
40457	28	1524	955	959
78247	28	649	955	959
20793	28	179	955	959
42434	28	3153	955	959
25499	28	1723	955	959
21003	28	58	955	959
9326	28	1276	955	959
32013	28	132	955	959
12383	28	1960	955	959
35066	28	1356	955	959
46516	28	192	955	959
11426	28	141	955	959
11337	28	390	955	959
20272	28	1110	955	959
18205	28	617	955	959
99904	28	529	955	959
13231	28	77	955	959
24213	28	396	955	959
106489	28	391	955	959
35319	28	57	955	959
10096	28	637	955	959
27819	28	98	955	959
74461	28	749	955	959
10808	28	22	955	959
51023	28	1407	955	959
24742	28	235	955	959
37170	28	261	955	959
10922	28	29	955	959
16077	28	499	955	959
29498	28	626	955	959
107519	23	17744	955	959
17744	23	107519	955	959
30668	28	1124	955	959
37429	28	1611	955	959
48510	28	133	955	959
30194	28	529	955	959
6088	28	100	955	959
16248	28	33	955	959
65718	28	1151	955	959
16147	28	1340	955	959
26640	28	910	955	959
67331	28	7253	955	959
8044	28	336	955	959
5588	28	231	955	959
19477	28	168	955	959
26228	28	250	955	959
12969	28	162	955	959
108290	28	379	955	959
66514	28	235	955	959
16438	28	2426	955	959
43998	28	739	955	959
80889	28	2023	955	959
39514	28	111	955	959
16600	28	230	955	959
42167	28	377	955	959
62343	28	1524	955	959
20940	28	2109	955	959
19189	28	649	955	959
37216	28	379	955	959
37296	28	825	955	959
8034	28	674	955	959
14268	28	159	955	959
29271	28	303	955	959
17968	28	4649	955	959
8547	28	532	955	959
59913	28	1193	955	959
69450	28	2878	955	959
28024	28	47	955	959
69307	28	1178	955	959
109307	28	1270	955	959
8717	28	2676	955	959
8939	28	160	955	959
7914	28	388	955	959
20730	28	82	955	959
86463	28	1460	955	959
46636	28	177	955	959
20279	28	577	955	959
19284	28	5621	955	959
44180	28	384	955	959
38181	28	358	955	959
20183	28	392	955	959
66909	28	358	955	959
15977	28	746	955	959
17754	28	490	955	959
12653	28	162	955	959
26595	28	676	955	959
70498	28	1345	955	959
12024	28	1340	955	959
6931	28	45	955	959
147076	28	1260	955	959
9703	28	64	955	959
18779	28	119	955	959
21909	28	215	955	959
24569	28	818	955	959
35823	28	678	955	959
59809	28	1549	955	959
25397	28	1796	955	959
24026	28	802	955	959
38352	28	435	955	959
77053	28	694	955	959
75881	28	749	955	959
15196	28	231	955	959
45513	28	1190	955	959
59757	28	883	955	959
21425	28	818	955	959
63860	28	752	955	959
26843	28	220	955	959
69085	28	430	955	959
51460	28	9151	955	959
30722	28	36	955	959
11931	28	850	955	959
47604	28	2910	955	959
126879	28	3761	955	959
21480	28	1258	955	959
6594	28	87	955	959
28126	28	245	955	959
28782	28	371	955	959
45198	28	529	955	959
39274	28	605	955	959
19178	28	254	955	959
33122	28	38	955	959
17039	28	53	955	959
31811	28	44365	955	959
21085	28	2748	955	959
19302	28	289	955	959
12435	28	60	955	959
74168	28	360	955	959
13080	28	1141	955	959
19919	28	437	955	959
8707	28	348	955	959
67113	28	6135	955	959
52262	28	1228	955	959
18692	28	476	955	959
125693	28	1559	955	959
60075	28	417	955	959
38634	28	198	955	959
10453	28	79	955	959
16300	28	970	955	959
12361	28	46	955	959
18426	28	974	955	959
16191	28	22	955	959
49998	28	474	955	959
19941	28	169	955	959
30569	28	140	955	959
84116	28	1234	955	959
17645	28	435	955	959
25927	28	586	955	959
30182	28	1682	955	959
32753	28	1124	955	959
14453	28	154	955	959
41723	28	1342	955	959
48458	28	205	955	959
74239	28	602	955	959
38571	28	144	955	959
20664	28	379	955	959
29134	28	1170	955	959
15357	28	71	955	959
12882	28	387	955	959
22933	28	1675	955	959
21108	28	363	955	959
60337	28	1898	955	959
103567	28	42	955	959
15452	28	205	955	959
16898	28	662	955	959
12691	28	123	955	959
24062	28	175	955	959
57467	28	1497	955	959
41635	28	835	955	959
30150	28	176	955	959
23917	28	474	955	959
7732	28	594	955	959
8330	28	649	955	959
59097	28	88	955	959
29347	28	795	955	959
36115	28	140	955	959
16971	28	506	955	959
84649	28	22922	955	959
18506	28	686	955	959
61675	28	1148	955	959
70252	28	12392	955	959
9518	28	101	955	959
25888	28	47	955	959
55038	28	1181	955	959
24211	28	142	955	959
26923	28	348	955	959
21485	28	530	955	959
14689	28	1093	955	959
27827	28	496	955	959
36740	28	384	955	959
35235	28	231	955	959
25900	28	2172	955	959
10875	28	85	955	959
9175	28	461	955	959
34224	28	520	955	959
60657	28	12027	955	959
17386	28	119	955	959
28993	28	303	955	959
5979	28	87	955	959
14875	28	170	955	959
51145	28	9151	955	959
48900	28	396	955	959
33203	28	2865	955	959
37469	28	732	955	959
11438	28	41	955	959
11247	28	19	955	959
19820	28	872	955	959
6990	28	56	955	959
27908	28	171	955	959
11746	28	45	955	959
13913	28	156	955	959
19180	28	591	955	959
63642	28	780	955	959
7846	28	66	955	959
51922	28	323	955	959
47714	28	129	955	959
6147	28	358	955	959
55514	28	1107	955	959
36665	28	77	955	959
109427	28	1708	955	959
11696	28	245	955	959
34152	28	548	955	959
25341	28	1070	955	959
128533	28	72	955	959
63473	28	4743	955	959
7738	28	64	955	959
15618	28	56	955	959
10301	28	470	955	959
14723	28	1570	955	959
59227	28	2871	955	959
30844	28	76	955	959
125449	28	427	955	959
22976	28	2162	955	959
44624	28	153	955	959
21130	28	205	955	959
11464	28	469	955	959
8543	28	41	955	959
154605	28	809	955	959
21537	28	529	955	959
16797	28	509	955	959
15135	28	1311	955	959
94621	28	27	955	959
45964	28	286	955	959
27848	28	1283	955	959
18991	28	1094	955	959
19631	28	215	955	959
63318	28	1018	955	959
30938	28	1173	955	959
26204	28	1871	955	959
13734	28	575	955	959
14962	28	230	955	959
14619	28	112	955	959
106004	28	4480	955	959
18508	28	180	955	959
20554	28	627	955	959
76791	28	905	955	959
76701	28	1338	955	959
82157	28	1609	955	959
12300	28	572	955	959
26034	28	135	955	959
37360	28	242	955	959
13722	28	68	955	959
64710	28	8436	955	959
14778	28	555	955	959
17888	28	274	955	959
18713	28	1525	955	959
12726	28	475	955	959
26025	28	787	955	959
12569	28	142	955	959
16891	28	19	955	959
82218	28	232	955	959
51468	28	1117	955	959
9136	28	222	955	959
33216	28	1345	955	959
18259	28	578	955	959
6788	28	2791	955	959
44919	28	233	955	959
137574	28	2540	955	959
21005	28	222	955	959
56223	28	267	955	959
4428	28	31	955	959
14281	28	99	955	959
17753	28	1383	955	959
3409	28	46	955	959
17840	28	476	955	959
33143	28	263	955	959
23989	28	131	955	959
88351	28	742	955	959
45835	28	1346	955	959
47996	28	78	955	959
98944	28	1211	955	959
60400	28	396	955	959
12253	28	86	955	959
36549	28	2399	955	959
20389	28	956	955	959
33668	28	8074	955	959
74332	28	144	955	959
70444	28	2109	955	959
78767	28	680	955	959
19381	28	1270	955	959
23670	28	2048	955	959
31671	28	1177	955	959
16924	28	437	955	959
16314	28	150	955	960
82599	28	2490	955	960
6342	28	153	955	960
34155	28	459	955	960
71616	28	2066	955	960
46437	28	3456	955	960
84093	28	1400	955	960
6871	28	20	955	960
54196	28	1076	955	960
84757	28	358	955	960
30140	28	263	955	960
44797	28	6022	955	960
22747	28	1394	955	960
41518	28	1160	955	960
29141	28	1035	955	960
11388	28	1250	955	960
20769	28	560	955	960
35913	28	42	955	960
27812	28	147	955	960
15518	28	60538	955	960
5645	28	42	955	960
38865	28	1033	955	960
11218	28	518	955	960
60930	28	910	955	960
18906	28	931	955	960
61077	28	1763	955	960
14666	28	1088	955	960
29637	28	1345	955	960
34253	28	778	955	960
25578	28	162	955	960
7263	28	42	955	960
8686	28	1752	955	960
8805	28	85	955	960
25734	28	55	955	960
35425	28	446	955	960
71229	28	145	955	960
12120	28	74	955	960
67824	28	10707	955	960
17796	28	50	955	960
104878	28	1847	955	960
15111	28	2085	955	960
15686	28	191	955	960
21878	28	702	955	960
17512	28	4669	955	960
53625	28	889	955	960
22014	28	2458	955	960
14056	28	331	955	960
122705	28	869	955	960
37325	28	400	955	960
39762	28	470	955	960
47688	28	21243	955	960
32661	28	390	955	960
12037	28	245	955	960
15221	28	155	955	960
43796	28	4162	955	960
36167	28	43	955	960
15044	28	20	955	960
17912	28	783	955	960
15309	28	386	955	960
40769	28	336	955	960
32192	28	1259	955	960
18461	28	3395	955	960
89951	28	1576	955	960
50099	28	145	955	960
35996	28	19716	955	960
19990	28	1665	955	960
26485	28	3125	955	960
15330	28	357	955	960
33141	28	74	955	960
80075	28	614	955	960
17270	28	387	955	960
31669	28	46467	955	960
79107	28	161	955	960
26361	28	117	955	960
15607	28	245	955	960
8753	28	79	955	960
34196	28	726	955	960
16007	28	167	955	960
51427	28	3425	955	960
39540	28	235	955	960
11267	28	188	955	960
42130	28	23789	955	960
8505	28	247	955	960
67295	28	111	955	960
12700	28	1006	955	960
27806	28	452	955	960
37148	28	794	955	960
15657	28	357	955	960
69377	28	1275	955	960
25512	28	28	955	960
17705	28	51	955	960
36342	28	185	955	960
12579	28	262	955	960
80179	28	2078	955	960
44815	28	345	955	960
35519	28	759	955	960
23781	28	484	955	960
22584	28	180	955	960
23791	28	470	955	960
40261	28	9000	955	960
16053	28	1531	955	960
106314	28	530	955	960
32650	28	715	955	960
35725	28	19038	955	960
27785	28	330	955	960
7906	28	76	955	960
92551	28	406	955	960
49657	28	5261	955	960
20658	28	61	955	960
18486	28	346	955	960
30232	28	366	955	960
94403	28	1267	955	960
25204	28	4669	955	960
36445	28	1879	955	960
26808	28	202	955	960
21648	28	551	955	960
81959	28	1178	955	960
30722	28	223	955	960
19879	28	291	955	960
48401	28	1059	955	960
30745	28	176	955	960
42482	28	989	955	960
16678	28	45	955	960
16569	28	199	955	960
17623	28	147	955	960
13665	28	500	955	960
111019	28	2685	955	960
14263	28	32	955	960
46480	28	755	955	960
30003	28	58	955	960
26427	28	5147	955	960
13838	28	1938	955	960
17599	28	244	955	960
9893	28	481	955	960
10755	28	817	955	960
28014	28	910	955	960
40655	28	56	955	960
28918	28	74	955	960
25046	28	634	955	960
94391	28	288	955	960
44391	28	1356	955	960
106218	28	1124	955	960
11466	28	178	955	960
63708	28	1495	955	960
4245	28	4639	955	960
75087	28	2319	955	960
76908	28	3135	955	960
90977	28	504	955	960
31919	28	1795	955	960
12029	28	91	955	960
22746	28	52	955	960
96237	28	16092	955	960
12734	28	120	955	960
12864	28	321	955	960
7882	28	391	955	960
16804	28	554	955	960
15090	28	1853	955	960
21352	28	181	955	960
13060	28	91	955	960
21366	28	323	955	960
15129	28	147	955	960
72835	28	3400	955	960
6906	28	699	955	960
42025	28	1088	955	960
19247	28	32	955	960
8875	28	52	955	960
50829	28	2489	955	960
22257	28	58	955	960
5455	23	4278	955	960
4278	23	5455	955	960
26759	28	593	955	960
40570	28	1524	955	960
16288	28	894	955	960
8643	28	72	955	960
74714	28	1903	955	960
54449	28	45	955	960
11431	28	168	955	960
32910	28	155	955	960
45815	28	470	955	960
47407	28	2456	955	960
20741	28	559	955	960
18453	28	32	955	960
23887	28	303	955	960
56428	28	4281	955	960
52768	28	1176	955	960
96708	28	673	955	960
106593	28	673	955	960
108517	28	484	955	960
9491	28	42	955	960
28619	28	171	955	960
23636	28	37279	955	960
110516	28	920	955	960
14412	28	122	955	960
39050	28	140	955	960
52614	28	399	955	960
33018	28	437	955	960
67834	28	397	955	960
89816	28	608	955	960
2919	28	44	955	960
62832	28	11298	955	960
44476	28	1070	955	960
27163	28	344	955	960
14205	28	217	955	960
8000	28	726	955	960
12229	28	95	955	960
18031	28	231	955	960
7918	28	348	955	960
36983	28	280	955	960
28061	28	31	955	960
28051	28	1058	955	960
38200	28	215	955	960
29950	28	1528	955	960
25175	28	994	955	960
22067	28	3860	955	960
26898	28	780	955	960
28739	28	615	955	960
23764	28	355	955	960
88170	28	2122	955	960
44691	28	458	955	960
7242	28	123	955	960
45802	28	811	955	960
31291	28	2762	955	960
96643	28	25404	955	961
19194	28	101	955	961
34207	28	184	955	961
21879	28	72	955	961
53517	28	1371	955	961
9293	28	523	955	961
5382	28	1528	955	961
15402	28	66	955	961
55100	28	230	955	961
11929	28	193	955	961
9869	28	20	955	961
52970	28	756	955	961
19018	28	799	955	961
10330	28	22	955	961
12298	28	169	955	961
34070	28	188	955	961
75207	28	27618	955	961
33534	28	2611	955	961
12897	28	1277	955	961
75550	28	1083	955	961
10934	28	699	955	961
42694	28	222	955	961
23181	28	238	955	961
32188	28	170	955	961
136565	23	6600	955	961
66545	28	809	955	961
33608	28	1099	955	961
88102	28	435	955	961
52612	28	504	955	961
47025	28	2442	955	961
62027	28	596	955	961
34964	28	161	955	961
8405	28	101	955	961
30832	28	632	955	961
23085	28	1962	955	961
114743	28	369	955	961
47669	28	150	955	961
26387	28	239	955	961
11945	28	1164	955	961
90997	28	201	955	961
36445	28	2107	955	961
162524	14	86351	955	961
17076	28	2838	955	961
35767	28	170	955	961
42811	28	612	955	961
37222	28	469	955	961
47382	28	1185	955	961
11078	28	571	955	961
44009	28	470	955	961
36307	28	227	955	961
54504	28	1263	955	961
49430	28	2059	955	961
11329	28	381	955	961
55706	28	957	955	961
20860	28	417	955	961
7647	28	1349	955	961
102532	28	44365	955	961
93267	28	398	955	961
21511	28	32	955	961
46623	28	758	955	961
98489	28	5946	955	961
21110	28	33	955	961
41996	28	254	955	961
99741	28	1788	955	961
44495	28	587	955	961
42100	28	1162	955	961
7060	28	43	955	961
69741	28	171	955	961
30211	28	2085	955	961
34058	28	2146	955	961
20119	28	5962	955	961
38045	28	234	955	961
24114	28	784	955	961
20318	28	210	955	961
43065	28	1263	955	961
41917	28	199	955	961
33072	28	2019	955	961
20457	28	87	955	961
59214	28	1215	955	961
49600	28	234	955	961
22326	28	614	955	961
23713	28	74	955	961
51586	28	106	955	961
21265	28	368	955	961
5145	28	493	955	961
26947	28	112	955	961
34992	28	135	955	961
12079	28	506	955	961
10073	28	98	955	961
32332	28	72	955	961
50379	28	363	955	961
145353	28	716	955	961
27969	28	1020	955	961
20085	28	407	955	961
5289	28	41	955	961
16586	28	1867	955	961
9106	28	95	955	961
91363	28	821	955	961
32138	28	193	955	961
47186	28	1444	955	961
50364	28	196	955	961
37087	28	154	955	961
19506	28	76	955	961
19942	28	1216	955	961
70220	28	391	955	961
6319	28	217	955	961
57472	28	268	955	961
28302	28	63	955	961
9513	28	518	955	961
75205	28	936	955	961
11583	28	57	955	961
11410	28	602	955	961
26566	28	1764	955	961
27016	28	680	955	961
22560	28	699	955	961
41574	28	37	955	961
23722	28	53	955	961
8505	28	58	955	961
14602	28	74	955	961
60398	28	622	955	961
30668	28	726	955	961
27769	28	76	955	961
49002	28	184	955	961
38535	28	71	955	961
51306	28	9879	955	961
33446	28	3125	955	961
45493	28	192	955	961
105632	28	446	955	961
23949	28	215	955	961
11840	28	29	955	961
51656	28	35912	955	961
28585	28	46	955	961
44675	28	231	955	961
51836	28	37	955	961
35181	28	676	955	961
46616	28	49	955	961
20519	28	615	955	961
35235	28	206	955	961
27750	28	1117	955	961
13716	28	1099	955	961
21485	28	850	955	961
23237	28	1213	955	961
89467	28	1067	955	961
57517	28	1962	955	961
48055	28	818	955	961
33228	28	106	955	961
34342	28	850	955	961
26108	28	4810	955	961
16703	28	1335	955	961
24950	28	336	955	961
153446	28	171	955	961
28088	28	1070	955	961
130833	28	363	955	961
17464	28	95	955	961
28390	28	365	955	961
51753	28	2319	955	961
44005	28	22781	955	961
15724	28	53	955	961
45813	28	881	955	961
38124	28	474	955	961
35572	28	1211	955	961
10529	28	198	955	961
17357	28	387	955	961
80356	28	550	955	961
15812	28	957	955	961
19230	28	162	955	961
14869	28	1093	955	961
69793	28	30	955	961
61571	28	350	955	961
94664	28	409	955	961
46494	28	234	955	961
70243	28	4546	955	961
26892	28	894	955	961
31142	28	20	955	961
42851	28	2180	955	961
52491	28	1432	955	961
13398	28	280	955	961
82769	28	1195	955	962
131629	28	1421	955	962
52921	28	5247	955	962
62054	28	2197	955	962
9306	28	661	955	962
17246	28	368	955	962
19736	28	150	955	962
30645	28	572	955	962
30704	28	371	955	962
15482	28	2023	955	962
53086	28	548	955	962
11929	28	869	955	962
18919	28	2984	955	962
17023	28	743	955	962
12825	28	510	955	962
48382	28	1024	955	962
87763	28	634	955	962
18831	28	87	955	962
34047	28	691	955	962
33975	28	1656	955	962
11926	28	42	955	962
26654	28	1277	955	962
58290	28	1211	955	962
48108	28	450	955	962
42114	28	437	955	962
27580	28	221	955	962
36750	28	620	955	962
21012	28	180	955	962
9730	28	101	955	962
30493	28	303	955	962
11623	28	146	955	962
36783	28	331	955	962
38084	28	145	955	962
70894	28	124	955	962
27169	28	267	955	962
51090	28	1444	955	962
27122	28	135	955	962
21218	28	674	955	962
46429	28	1275	955	962
70648	28	3109	955	962
23988	28	50	955	962
91811	28	622	955	962
9603	28	699	955	962
42438	28	18464	955	962
38060	28	199	955	962
17192	28	1300	955	962
38092	28	140	955	962
23983	28	268	955	962
93158	28	45	955	962
59159	28	1400	955	962
13697	28	539	955	962
39865	28	143	955	962
12055	28	74	955	962
27132	28	3099	955	962
40107	28	268	955	962
11316	28	699	955	962
23845	28	523	955	962
31835	28	1780	955	962
62166	28	22	955	962
93643	28	437	955	962
42846	28	957	955	962
72567	28	1779	955	962
12258	28	32	955	962
39147	28	1549	955	962
18701	28	184	955	962
49468	28	232	955	962
27452	28	205	955	962
45745	28	261	955	962
16522	28	1601	955	962
34791	28	23	955	962
79774	28	976	955	962
39102	28	1020	955	962
18444	28	397	955	962
25030	28	1165	955	962
83725	28	956	955	962
43736	28	916	955	962
23749	28	674	955	962
13520	28	336	955	962
57014	28	98	955	962
69580	28	202	955	962
127676	28	1180	955	962
28611	28	73	955	962
18470	28	178	955	962
7510	28	46	955	962
19628	28	47	955	962
32356	28	101	955	962
20838	28	412	955	962
20130	28	274	955	962
12411	28	98	955	962
44010	28	159	955	962
40903	28	1265	955	962
39620	28	2146	955	962
48875	28	910	955	962
6502	28	1504	955	962
51491	28	1282	955	962
33097	28	85	955	962
55968	28	350	955	962
15770	28	1164	955	962
39080	28	387	955	962
20326	28	103	955	962
19621	28	161	955	962
19132	28	903	955	962
74243	28	439	955	962
13330	28	2871	955	962
17588	28	695	955	962
109195	23	11234	955	962
11234	23	109195	955	962
11853	28	288	955	962
33283	28	829	955	962
61929	28	725	955	963
34587	28	622	955	963
40375	28	936	955	963
41064	28	1174	955	963
47638	28	1059	955	963
33590	28	2205	955	963
100579	28	1120	955	963
29358	28	88	955	963
117656	16	88277	955	963
32321	28	626	955	963
12757	28	464	955	963
39032	28	25024	955	963
25186	28	1004	955	963
54778	28	121	955	963
35580	28	507	955	963
30262	28	201	955	963
9810	28	274	955	963
17301	28	668	955	963
67676	28	4937	955	963
31963	28	2107	955	963
49574	28	470	955	963
18692	28	622	955	963
19521	28	1075	955	963
15268	28	154	955	963
109045	28	1097	955	963
10130	28	6783	955	963
27622	28	1554	955	963
80738	28	1679	955	963
29581	28	957	955	963
79889	28	1918	955	963
7286	28	850	955	963
61142	28	1607	955	963
23011	28	267	955	963
25540	28	95	955	963
4754	28	1075	955	963
17911	28	726	955	963
19223	28	146	955	963
120685	28	515	955	963
36883	28	716	955	963
51615	28	2109	955	963
33170	28	693	955	963
28790	28	89	955	963
12063	28	223	955	963
20429	28	1282	955	963
22754	28	60	955	963
112514	28	2338	955	963
8276	28	850	955	963
14613	28	82	955	963
14379	28	493	955	963
24736	28	170	955	963
69097	28	1411	955	963
18186	28	36	955	963
49119	28	234	955	963
9441	28	260	955	963
56003	28	288	955	963
31365	28	668	955	963
18881	28	253	955	963
28467	28	381	955	963
28722	28	515	955	963
29053	28	1718	955	963
33164	28	1030	955	963
23894	28	1628	955	963
93209	28	13107	955	963
95164	28	481	955	963
58260	28	1216	955	963
44413	28	1263	955	963
49832	28	165	955	963
31483	28	1767	955	963
75831	28	395	955	963
24619	28	245	955	963
22754	28	103	955	964
131411	28	1708	955	964
19201	28	275	955	964
40897	28	205	955	964
17880	28	196	955	964
34992	28	518	955	964
37202	28	1641	955	964
17632	28	174	955	964
51016	28	244	955	964
32162	28	533	955	964
24220	28	165	955	964
26546	28	19	955	964
65779	28	1525	955	964
44040	28	520	955	964
74132	28	960	955	964
31307	28	622	955	964
59217	28	295	955	964
19731	28	2004	955	964
27849	28	484	955	964
28876	28	542	955	964
25799	28	206	955	964
33169	28	1690	955	964
11039	28	484	955	964
25845	28	2004	955	964
81489	28	531	955	964
64071	28	888	955	964
44559	28	1289	955	964
28342	28	1223	955	964
11440	28	417	955	964
60417	28	846	955	964
35072	28	510	955	964
30092	28	712	955	964
8180	28	184	955	964
88285	28	523	955	964
56281	28	681	955	964
28140	28	2834	955	964
6589	28	493	955	964
13171	28	2004	955	964
9150	28	850	955	964
83100	23	124236	955	964
33121	28	184	955	964
24966	28	1632	955	965
98248	28	6442	955	965
20114	28	520	955	965
22067	28	787	955	965
30745	28	336	955	965
48991	28	1565	955	965
21643	28	34	955	965
8042	28	10376	955	965
26808	28	548	955	965
19201	28	547	955	965
28929	28	1780	955	965
36871	28	1070	955	965
11213	28	184	955	965
33797	28	397	955	965
40077	28	136	955	965
17810	28	1408	955	965
13466	28	217	955	965
51241	28	648	955	965
48780	28	1432	955	965
40133	28	184	955	965
23392	28	1265	955	965
17585	28	77	955	965
40603	28	1642	955	965
39350	28	288	955	965
24738	28	917	955	965
33091	28	293	955	965
15792	28	122	955	965
68355	28	143	955	965
31966	28	526	955	965
38650	28	2381	955	965
78781	28	1267	955	965
21335	28	484	955	965
11463	28	817	955	965
7037	28	510	955	965
17130	28	66	955	965
16432	28	726	955	965
27188	28	350	955	965
74444	28	350	955	965
74014	28	268	955	965
38726	28	484	955	965
21178	28	518	955	965
27184	28	238	955	965
24061	28	2059	955	965
18664	28	1262	955	965
60880	28	1052	955	966
25835	28	32	955	966
48571	28	975	955	966
49289	28	2325	955	966
12101	28	276	955	966
14543	28	217	955	966
66411	28	560	955	966
41789	28	542	955	966
33217	28	510	955	966
6070	28	869	955	966
51145	28	2793	955	966
51452	28	399	955	966
47460	28	1665	955	966
11031	28	433	955	966
29869	28	680	955	966
15785	28	32	955	966
49092	28	546	955	966
3240	28	19934	955	966
65084	28	1080	955	966
20076	28	234	955	966
20593	28	336	955	966
50329	28	1632	955	966
47301	28	1270	955	966
34062	28	14	955	967
23472	28	206	955	967
11005	28	269	955	967
11481	28	1277	955	967
54119	28	510	955	967
138483	28	292	955	967
9818	28	2871	955	967
31840	28	256	955	967
13597	28	1046	955	967
33005	28	180	955	967
24365	28	571	955	967
16343	28	251	955	967
95025	28	1005	955	967
12867	28	531	955	967
18393	28	1228	955	967
33072	28	1107	955	967
33543	28	23	955	967
7291	28	1944	955	967
35181	28	368	955	968
17387	28	699	955	968
30459	28	1177	955	968
38586	28	11298	955	968
21476	28	792	955	968
59636	28	43	955	969
12653	28	1956	955	969
95829	14	3280	956	0
11220	28	150	956	0
8352	28	916	956	0
38715	28	24747	956	0
21713	14	2368	956	0
21733	28	86	956	0
82483	28	2276	956	0
6282	28	177	956	0
12885	28	1276	956	0
16532	28	54	956	0
82674	28	3407	956	0
71060	16	8	956	0
45323	28	1568	956	0
12964	28	1779	956	0
10300	28	784	956	0
5968	28	44	956	0
16646	28	1214	956	0
25232	28	1290	956	0
14606	28	161	956	0
14609	28	2105	956	0
7741	28	188	956	0
13149	28	893	956	0
83356	28	22339	956	0
83385	28	281	956	0
16876	28	333	956	0
71796	28	71797	956	0
53285	28	1601	956	0
13262	28	92	956	0
62149	28	216	956	0
34661	28	507	956	0
53625	28	2236	956	0
10553	28	774	956	0
9324	28	26013	956	0
53089	28	26039	956	0
46371	28	4189	956	0
62377	28	22685	956	0
11740	28	1944	956	0
12768	28	462	956	0
14564	28	408	956	0
97611	28	19729	956	0
14588	28	1772	956	0
40376	28	540	956	0
46616	28	418	956	0
71031	28	809	956	0
84511	28	1112	956	0
8763	28	819	956	0
30543	28	2430	956	0
19569	28	54253	956	0
19091	28	2910	956	0
98114	28	1535	956	0
8772	28	51	956	0
5464	28	169	956	0
12997	28	433	956	0
12049	28	1532	956	0
12811	28	653	956	0
45454	28	2897	956	0
14572	28	755	956	0
61927	28	4165	956	0
82697	28	47032	956	0
4535	28	18758	956	0
53406	28	238	956	0
4529	23	63162	956	0
84908	28	215	956	0
26261	28	1071	956	0
30753	28	6367	956	0
13589	28	715	956	0
84053	28	454	956	0
5626	28	110	956	0
47281	28	695	956	0
11686	28	73	956	0
4744	28	36	956	0
15407	28	462	956	0
29558	28	2970	956	0
62704	28	1839	956	0
12083	28	76	956	0
63682	28	5508	956	0
70647	28	368	956	0
29926	28	133695	956	0
12074	28	256	956	0
29014	28	410	956	0
16751	28	4059	956	0
30236	28	118	956	0
15508	28	2394	956	0
20120	28	1640	956	0
20450	28	640	956	0
99165	28	1134	956	0
6785	28	177	956	0
9656	28	126	956	0
55297	28	1251	956	0
12285	28	2288	956	0
70919	28	54427	956	0
17765	14	23525	956	0
86035	28	1632	956	0
7466	28	1005	956	0
10781	28	327	956	0
60823	28	6783	956	0
29309	28	365	956	0
17251	28	811	956	0
20589	28	769	956	0
7674	28	774	956	0
11387	28	653	956	0
8659	28	230	956	0
27248	28	45300	956	0
55640	28	1600	956	0
27306	28	106	956	0
17843	28	30	956	0
95798	28	3788	956	0
19353	28	1289	956	0
12110	28	784	956	0
35291	28	1056	956	0
64737	28	3157	956	0
15072	28	4002	956	0
13788	28	1501	956	0
4732	28	239	956	0
56003	28	418	956	0
74970	28	8415	956	0
9609	28	1210	956	0
15086	28	703	956	0
36507	28	1617	956	0
9917	28	175	956	0
48628	28	418	956	0
134918	28	8229	956	0
8923	28	41	956	0
75091	28	42153	956	0
42186	28	262	956	0
100474	28	27588	956	0
73726	23	87050	956	0
87050	23	73726	956	0
33537	28	266	956	0
39196	28	3061	956	0
65229	28	3061	956	0
8002	28	1830	956	0
13433	28	2416	956	0
65257	28	1625	956	0
27535	28	337	956	0
19419	28	2185	956	0
15867	28	1048	956	0
11003	28	269	956	0
31878	28	2719	956	0
20920	28	2189	956	0
26885	28	34	956	0
8959	28	889	956	0
22950	28	180	956	0
27803	28	540	956	0
12103	28	1774	956	0
101101	28	1370	956	0
7154	28	33	956	0
65688	28	34784	956	0
84096	28	835	956	0
87709	28	1238	956	0
4901	28	478	956	0
5903	28	548	956	0
87765	28	1261	956	0
25302	28	60	956	0
17632	28	428	956	0
51989	28	533	956	0
87840	28	7206	956	0
30296	28	4201	956	0
5928	28	67	956	0
14686	28	565	956	0
15999	28	2602	956	0
15467	28	3488	956	0
49376	28	701	956	0
4289	28	4316	956	0
19312	28	547	956	0
48299	28	31	956	0
88239	28	1346	956	0
28021	28	454	956	0
24767	28	1937	956	0
53751	28	1078	956	0
88267	28	871	956	0
5879	28	2004	956	0
9124	28	1855	956	0
42964	28	573	956	0
11194	28	2759	956	0
22646	28	1816	956	0
43001	28	2468	956	0
6776	28	973	956	0
9417	28	494	956	0
17565	28	418	956	0
4928	28	142	956	0
29178	28	450	956	0
7547	28	2282	956	0
66306	28	391	956	0
10300	28	350	956	0
88514	28	882	956	0
6350	28	88	956	0
52218	28	1477	956	0
7697	28	227	956	0
72931	28	6053	956	0
43123	28	348	956	0
66452	28	565	956	0
66468	28	2803	956	0
112180	14	23525	956	0
102253	14	37414	956	0
24231	28	1115	956	0
53406	28	14061	956	0
48691	28	3222	956	0
36541	28	1060	956	0
8367	28	2737	956	0
8369	28	410	956	0
88889	28	1266	956	0
64375	28	1613	956	0
6638	28	29	956	0
88976	14	308	956	0
33649	28	8449	956	0
29232	28	215	956	0
46130	28	2607	956	0
89040	28	129	956	0
16442	28	2389	956	0
5204	28	33530	956	0
25183	28	508	956	0
16664	28	2088	956	0
29457	28	291	956	0
8467	28	261	956	0
10254	28	106	956	0
6308	28	1532	956	0
77252	28	4281	956	0
3689	28	82	956	0
17513	28	963	956	0
37577	28	462	956	0
11655	28	64	956	0
19112	28	4641	956	0
86590	28	704	956	0
22266	28	304	956	0
29658	28	2978	956	0
96705	28	14604	956	0
14733	28	617	956	0
29729	28	2802	956	0
77494	28	2271	956	0
119077	23	137598	956	0
137598	23	119077	956	0
22489	28	124	956	0
22524	28	702	956	0
77496	28	1345	956	0
89233	28	470	956	0
18968	28	2283	956	0
10418	28	169	956	0
9518	28	735	956	0
4708	28	418	956	0
75527	28	415	956	0
19622	28	5283	956	0
30003	28	1830	956	0
32590	28	2527	956	0
30038	28	427	956	0
34823	28	68	956	0
10585	28	178	956	0
77756	28	3021	956	0
67255	28	1497	956	0
89834	28	1261	956	0
22691	28	1774	956	0
4707	28	134	956	0
53935	28	2236	956	0
21853	28	2803	956	0
22305	28	754	956	0
30294	28	77	956	0
63235	28	2271	956	0
38683	28	635	956	0
11477	28	904	956	0
35168	28	2737	956	0
103855	28	662	956	0
13474	28	2446	956	0
11983	28	964	956	0
89429	28	165	956	0
57520	28	160940	956	0
30680	28	1288	956	0
96204	28	3810	956	0
43576	28	14061	956	0
18650	28	2483	956	0
104096	14	1217	956	0
45666	28	2705	956	0
17457	28	498	956	0
66898	23	104127	956	0
60630	28	4676	956	0
13605	28	1048	956	0
87071	23	138623	956	0
29054	28	703	956	0
90292	28	1497	956	0
20214	28	10633	956	0
8109	28	276	956	0
8109	28	489	956	0
33824	28	3407	956	0
10755	28	1094	956	0
22824	28	565	956	0
24846	28	195	956	0
17560	28	4594	956	0
61985	28	774	956	0
14428	28	1311	956	0
104495	28	56843	956	0
85649	14	4658	956	0
67763	28	54024	956	0
35761	28	281	956	0
5673	28	2803	956	0
18582	28	3994	956	0
53097	28	1057	956	0
7960	28	1764	956	0
30553	28	418	956	0
47866	28	1152	956	0
17304	28	462	956	0
31228	28	410	956	0
7983	28	388	956	0
12258	28	418	956	0
14449	28	891	956	0
46713	28	1294	956	0
6785	28	175	956	0
22797	28	470	956	0
22084	28	2336	956	0
5896	28	507	956	0
120874	28	1933	956	0
15129	28	139	956	0
31424	28	573	956	0
40760	28	15683	956	0
16615	28	1512	956	0
11240	28	252	956	0
36118	28	2977	956	0
64992	28	523	956	0
78708	28	394	956	0
43757	14	943	956	0
5601	28	509	956	0
63874	28	2301	956	0
20149	28	648	956	0
41815	28	33992	956	0
14459	28	3488	956	0
15188	28	1123	956	0
72886	14	12802	956	0
13880	28	1099	956	0
13854	28	1549	956	0
121002	28	1692	956	0
104830	28	7232	956	0
91207	23	53424	956	0
17924	28	15526	956	0
34807	28	79	956	0
8751	28	1150	956	0
9949	28	227	956	0
42201	28	2156	956	0
65086	28	221	956	0
48890	28	1632	956	0
10882	28	462	956	0
15040	28	175	956	0
12046	28	405	956	0
31826	28	1056	956	0
7011	28	1871	956	0
40547	28	3870	956	0
41180	28	1432	956	0
11513	28	1129	956	0
35898	28	418	956	0
12229	28	1075	956	0
54352	14	775	956	0
28356	14	3608	956	0
40078	28	2629	956	0
90292	28	1346	956	0
23945	28	1910	956	0
42416	28	1273	956	0
33605	28	1356	956	0
27073	28	3407	956	0
41574	28	1195	956	0
11853	28	418	956	0
7851	28	2270	956	0
19853	28	92	956	0
91681	28	3035	956	0
24714	28	2289	956	0
16614	28	1060	956	0
91728	28	641	956	0
12538	28	139	956	0
12362	28	149	956	0
22960	28	8253	956	0
45237	28	647	956	0
15988	28	462	956	0
26963	28	4883	956	0
17219	28	2363	956	0
79381	28	714	956	0
41789	28	640	956	0
18717	28	830	956	0
122236	28	3433	956	0
76930	28	1793	956	0
27970	28	1266	956	0
27123	28	418	956	0
8104	28	160	956	0
24844	28	4549	956	0
32195	28	158	956	0
7639	28	1507	956	0
32215	28	574	956	0
30727	28	462	956	0
6002	28	147	956	0
6772	28	539	956	0
10675	28	46	956	0
7500	28	20	956	0
59042	28	2426	956	0
76321	28	1232	956	0
15597	28	483	956	0
14459	28	712	956	0
11041	28	1431	956	0
74831	28	310	956	0
11831	28	1311	956	0
11283	28	602	956	0
85118	28	24747	956	0
43001	28	2223	956	0
14867	28	280	956	0
55449	28	1556	956	0
52769	28	537	956	0
32373	28	7051	956	0
17014	28	1048	956	0
8063	28	1288	956	0
16441	28	1734	956	0
36889	28	3760	956	0
10852	28	1071	956	0
104724	28	7876	956	0
68699	28	216	956	0
6554	28	2464	956	0
79050	28	2236	956	0
42209	28	2327	956	0
6991	28	81	956	0
48649	28	1956	956	0
13092	28	70	956	0
6607	28	1118	956	0
59196	28	17019	956	0
2919	28	24	956	0
33972	28	1032	956	0
17880	28	2185	956	0
59264	28	616	956	0
14519	28	565	956	0
12964	28	696	956	0
42108	28	1860	956	0
10128	28	1477	956	0
7666	28	916	956	0
11740	28	216	956	0
7714	28	244	956	0
51096	28	1920	956	0
59097	28	272	956	0
123273	28	30093	956	0
20080	28	484	956	0
7752	28	2475	956	0
6146	28	1590	956	0
7116	28	220	956	0
28309	28	1152	956	0
48901	16	116126	956	0
22864	28	3443	956	0
107083	28	2442	956	0
10388	28	363	956	0
85400	28	9210	956	0
40538	28	1545	956	0
5457	28	4316	956	0
62471	28	24342	956	0
11471	28	2857	956	0
23518	28	2128	956	0
5503	28	405	956	0
84338	28	641	956	0
80220	28	1218	956	0
56041	28	1266	956	0
78566	28	23789	956	0
80087	28	1142	956	0
54744	28	1261	956	0
24558	28	1093	956	0
20103	28	493	956	0
16685	28	462	956	0
7919	28	603	956	0
22090	28	10537	956	0
30335	28	1161	956	0
41063	28	417	956	0
8760	28	462	956	0
6641	28	85	956	0
69181	28	1057	956	0
69188	28	605	956	0
22203	28	489	956	0
16207	28	1774	956	0
20843	28	1282	956	0
107556	28	216	956	0
88437	28	2180	956	0
16026	28	337	956	0
72541	14	3622	956	0
10254	28	459	956	0
12624	28	2264	956	0
77576	28	1093	956	0
107657	28	1785	956	0
26356	28	412	956	0
40769	28	1063	956	0
8624	28	29	956	0
6275	28	4524	956	0
36948	28	962	956	0
6059	28	81	956	0
6209	28	319	956	0
10342	28	53	956	0
37746	28	5508	956	0
8234	28	1711	956	0
62471	28	610	956	0
11247	28	250	956	0
44350	28	739	956	0
51421	28	16187	956	0
40282	28	304	956	0
31122	28	4549	956	0
78708	28	3443	956	0
35008	28	3765	956	0
67566	14	134437	956	0
165324	14	165325	956	0
143567	16	43877	956	0
64201	28	22685	956	0
17541	28	662	956	0
93334	28	574	956	0
11279	28	1945	956	0
6281	28	968	956	0
12401	28	61	956	0
36302	28	2205	956	0
20323	28	180	956	0
93420	28	288	956	0
7875	28	828	956	0
21988	28	507	956	0
12433	28	715	956	0
38416	28	1956	956	0
10154	28	147	956	0
21514	28	1695	956	0
7639	28	893	956	0
80795	28	903	956	0
31586	28	2214	956	0
59838	28	348	956	0
32068	28	119	956	0
25852	28	720	956	0
7390	28	1778	956	0
68604	28	261	956	0
27686	28	3488	956	0
29975	28	529	956	0
32204	28	1032	956	0
19166	28	800	956	0
7353	28	1048	956	0
14607	28	48	956	0
108380	28	565	956	0
22970	28	224	956	0
49961	28	253	956	0
43021	28	131	956	0
54141	14	902	956	0
38474	28	344	956	0
144326	28	622	956	0
78581	14	19633	956	0
8566	28	348	956	0
18919	28	4549	956	0
45658	28	83	956	0
2739	23	125239	956	0
125239	23	2739	956	0
73757	28	50626	956	0
88267	28	714	956	0
11227	28	1803	956	0
46069	28	9210	956	0
16259	28	499	956	0
7990	28	16	956	0
12485	28	770	956	0
27088	28	529	956	0
29354	28	1763	956	0
20865	28	1774	956	0
35843	28	486	956	0
54193	28	1936	956	0
42983	28	250	956	0
33593	28	2004	956	0
12719	28	1793	956	0
14957	28	3681	956	0
36664	28	1032	956	0
6599	28	478	956	0
6282	28	53	956	0
26686	28	1497	956	0
58107	28	732	956	0
42167	28	640	956	0
19545	28	1601	956	0
6967	28	1228	956	0
71451	28	2271	956	0
7463	28	2236	956	0
11003	28	509	956	0
7462	28	786	956	0
56503	28	616	956	0
18415	28	1508	956	0
72616	28	1671	956	0
22305	28	348	956	0
54466	28	565	956	0
12533	28	39	956	0
15921	28	816	956	0
42861	28	216	956	0
13080	28	536	956	0
28063	28	462	956	0
21143	28	486	956	0
48769	28	206	956	0
79348	28	2957	956	0
167182	28	809	956	0
38363	28	3219	956	0
13392	28	673	956	0
12338	28	2956	956	0
57738	28	40664	956	0
10430	28	27	956	0
59425	28	368	956	0
32996	28	1816	956	0
35144	28	1345	956	0
15117	28	167	956	0
49275	28	2264	956	0
6396	28	1266	956	0
95968	14	3608	956	0
12468	28	1693	956	0
44324	28	889	956	0
29106	28	483	956	0
11556	28	77	956	0
11890	28	70	956	0
82784	28	3627	956	0
14890	28	221	956	0
24478	28	160	956	0
6460	28	1022	956	0
38956	28	607	956	0
87963	28	1070	956	0
14253	28	53	956	0
87828	28	555	956	0
92317	28	881	956	0
18071	28	211	956	0
85076	28	1057	956	0
21859	28	1879	956	0
14374	28	60	956	0
17635	28	27588	956	0
73318	28	26039	956	0
22183	28	248	956	0
15914	28	3151	956	0
8458	28	2663	956	0
79970	28	272	956	0
34023	28	486	956	0
38113	28	1532	956	0
10149	28	662	956	0
35200	28	1025	956	0
55232	28	410	956	0
25701	28	623	956	0
93069	28	3949	956	0
7155	28	659	956	0
4428	28	445	956	0
12401	28	82	956	0
5926	28	536	956	0
4732	28	219	956	0
12604	28	3206	956	0
4360	28	961	956	0
10076	28	19267	956	0
24133	28	848	956	0
100818	14	4413	956	0
66062	28	8415	956	0
52739	28	2319	956	0
5004	28	283	956	0
24223	28	2602	956	0
35791	28	903	956	0
11976	28	1048	956	0
18445	28	2264	956	0
34170	28	394	956	0
10679	28	396	956	0
6521	28	105	956	0
44160	28	23	956	0
51180	28	1625	956	0
42919	14	42872	956	0
11109	28	323	956	0
54004	28	774	956	0
168457	28	809	956	0
12629	28	565	956	0
44184	28	1711	956	0
53326	28	1860	956	0
70047	28	507	956	0
69662	28	1346	956	0
92318	28	4057	956	0
74727	28	1013	956	0
81514	1	65912	956	0
44239	28	548	956	0
57543	28	1497	956	0
24571	28	8913	956	0
43272	28	361	956	0
16022	28	439	956	0
44243	28	4387	956	0
38236	28	1112	956	0
66296	28	1643	956	0
5054	28	418	956	0
10228	28	1074	956	0
28336	28	591	956	0
58799	28	7876	956	0
9718	28	227	956	0
91923	28	238	956	0
35918	28	760	956	0
12835	28	24	956	0
70069	28	749	956	0
28342	28	18084	956	0
11294	28	525	956	0
21234	28	141	956	0
21143	28	640	956	0
9038	28	53	956	0
9048	28	4033	956	0
60923	28	565	956	0
143567	16	27116	956	0
26183	28	69	956	0
12394	28	1616	956	0
42861	28	605	956	0
8131	28	4412	956	0
38055	28	1594	956	0
74970	28	3876	956	0
11362	28	61	956	0
14907	28	2546	956	0
9180	28	20303	956	0
25432	28	3447	956	0
18186	28	24	956	0
102197	28	455	956	0
62885	28	536	956	0
14669	28	29	956	0
21498	28	855	956	0
77379	28	1000	956	0
101048	28	511	956	0
75759	28	261	956	0
13680	28	462	956	0
80528	28	5444	956	0
36048	28	828	956	0
15472	28	1160	956	0
15995	28	9941	956	0
8021	28	203	956	0
7500	28	311	956	0
61352	28	216	956	0
8763	28	1360	956	0
50499	28	660	956	0
22897	28	11174	956	0
32621	28	1395	956	0
47974	14	444	956	0
21819	28	1640	956	0
6312	28	2105	956	0
24567	28	1532	956	0
8038	28	1232	956	0
11549	28	746	956	0
11654	28	216	956	0
12938	28	418	956	0
16519	28	1261	956	0
9208	28	1370	956	0
19529	28	171	956	0
9326	28	1164	956	0
53198	28	14418	956	0
31329	28	1094	956	0
32237	28	605	956	0
29394	28	1474	956	0
127596	14	104915	956	0
30296	28	7190	956	0
12347	28	1715	956	0
7390	28	158	956	0
51721	28	4033	956	0
52904	28	54024	956	0
127645	23	115626	956	0
115626	23	127645	956	0
17293	28	2105	956	0
18362	28	11015	956	0
33439	28	745	956	0
55624	28	16	956	0
8458	28	7791	956	0
34521	28	14	956	0
10661	28	105	956	0
28702	28	548	956	0
66137	28	1020	956	0
15311	28	165	956	0
13420	28	509	956	0
37309	28	2629	956	0
144447	28	6824	956	0
14419	28	147	956	0
45489	28	713	956	0
22810	28	210	956	0
16458	28	170	956	0
65019	28	4331	956	0
82784	28	4059	956	0
38202	28	668	956	0
8596	28	86	956	0
21062	28	1774	956	0
79798	28	5508	956	0
59768	28	5508	956	0
66182	28	2678	956	0
53806	28	646	956	0
88011	28	2263	956	0
11670	28	227	956	0
23205	14	3795	956	0
36495	28	41	956	0
69718	28	450	956	0
26058	28	147	956	0
7419	28	483	956	0
30380	28	1330	956	0
17848	14	1667	956	0
134272	14	2141	956	0
27189	28	2422	956	0
102987	28	1367	956	0
148186	28	239	956	0
6074	28	224	956	0
27014	28	139	956	0
37795	30	209	956	0
58101	28	1945	956	0
63298	28	1083	956	0
64762	28	2978	956	0
56599	28	1708	956	0
49141	28	232	956	0
92573	28	673	956	0
4732	28	405	956	0
58790	28	7890	956	0
90219	28	7385	956	0
24916	28	1261	956	0
38535	28	483	956	0
108521	28	904	956	0
60019	28	120	956	0
27664	28	2095	956	0
74165	28	4549	956	0
53620	28	889	956	0
14089	28	49	956	0
35587	28	633	956	0
144983	28	3526	956	0
7378	28	81	956	0
32118	28	274	956	0
7007	28	272	956	0
93921	28	1228	956	0
11841	28	66	956	0
90285	28	3407	956	0
17213	28	265	956	0
12449	28	57	956	0
10333	28	1254	956	0
17731	28	339	956	0
61209	28	6902	956	0
58682	28	165	956	0
60155	28	91	956	0
79768	28	1743	956	0
14713	28	2957	956	0
28748	28	2175	956	0
8596	28	1091	956	0
9075	28	2135	956	0
5127	28	4098	956	0
23877	28	904	956	0
97315	28	1690	956	0
58260	28	357	956	0
109049	28	1083	956	0
6207	28	186	956	0
63375	28	364	956	0
19737	28	969	956	0
76455	28	415	956	0
7988	28	1041	956	0
91172	23	109479	956	0
13809	28	1597	956	0
39706	28	251	956	0
67788	28	1302	956	0
44390	28	394	956	0
15765	28	760	956	0
90946	28	167	956	0
45132	28	64444	956	0
58338	28	4976	956	0
15064	28	911	956	0
20942	28	1000	956	0
7923	28	307	956	0
109753	28	1715	956	0
9866	28	345	956	0
14924	28	760	956	0
21470	28	5227	956	0
44396	28	1471	956	0
7291	28	391	956	0
42165	28	564	956	0
10020	28	238	956	0
29232	28	3172	956	0
149253	28	261	956	0
58660	28	713	956	0
68699	28	2271	956	0
7914	28	808	956	0
63333	28	957	956	0
71638	28	5165	956	0
80980	28	1201	956	0
59802	28	1625	956	0
6487	28	20	956	0
116140	14	95275	956	0
67886	28	54024	956	0
7617	28	79	956	0
15871	28	2007	956	0
8089	28	1180	956	0
6287	28	1261	956	0
13298	28	2288	956	0
27167	28	5165	956	0
44340	28	2544	956	0
67168	28	4083	956	0
8041	28	507	956	0
66539	28	418	956	0
4948	28	91	956	0
36167	28	139	956	0
39214	28	808	956	0
51721	28	1163	956	0
74989	28	920	956	0
61711	28	1814	956	0
17505	28	2485	956	0
8336	28	4459	956	0
13434	28	936	956	0
125259	28	651	956	0
10075	28	1000	956	0
8248	28	346	956	0
9272	28	3323	956	0
24141	28	2041	956	0
53285	28	505	956	0
6610	28	1831	956	0
8158	28	17985	956	0
4855	28	489	956	0
57890	28	4767	956	0
4855	28	276	956	0
58670	28	1497	956	0
4397	28	1186	956	0
73315	28	7624	956	0
93378	28	2791	956	0
9889	28	100	956	0
52004	28	111	956	0
26332	28	450	956	0
20441	28	1325	956	0
56503	28	13515	956	0
27189	28	1562	956	0
65900	28	319	956	0
9239	28	484	956	0
38085	28	1218	956	0
40288	28	85	956	0
13611	28	434	956	0
77333	28	2050	956	0
58500	28	546	956	0
5477	28	427	956	0
23417	28	1512	956	0
65362	28	1186	956	0
59764	28	30862	956	0
150029	28	2540	956	0
30459	28	1014	956	0
47257	28	268	956	0
7778	28	168	956	0
5402	28	1214	956	0
44186	28	537	956	0
72946	28	1779	956	0
33605	28	1170	956	0
6846	28	4033	956	0
20558	28	259	956	0
7461	28	528	956	0
38753	28	532	956	0
11994	28	1568	956	0
9759	28	346	956	0
104099	14	44164	956	0
30294	28	295	956	0
129150	23	102561	956	0
109904	28	257	956	0
26183	28	1628	956	0
35066	28	1174	956	0
11202	28	532	956	0
16353	28	298	956	0
12186	28	623	956	0
94904	28	565	956	0
6234	28	178	956	0
111140	28	1841	956	0
17044	28	1085	956	0
12429	28	69	956	0
12811	28	165	956	0
9331	28	364	956	0
32237	28	507	956	0
41574	28	1592	956	0
69411	28	52342	956	0
27023	28	1356	956	0
129174	28	2105	956	0
28800	28	2803	956	0
11004	28	401	956	0
77433	28	605	956	0
6084	28	662	956	0
108996	28	1944	956	0
7894	28	82	956	0
51672	28	3870	956	0
21425	28	678	956	0
13360	28	7187	956	0
12672	28	28	956	0
92551	28	889	956	0
18423	28	1286	956	0
27850	28	6433	956	0
64118	28	547	956	0
63653	28	568	956	0
81785	28	454	956	0
19014	28	165	956	0
25115	28	273	956	0
11859	28	1074	956	0
12585	28	363	956	0
18362	28	1266	956	0
17496	28	2004	956	0
6211	28	710	956	0
22205	28	3836	956	0
43796	28	1814	956	0
39114	14	35392	956	0
15077	28	1356	956	0
37229	28	1178	956	0
36703	28	29	956	0
17984	28	19729	956	0
8686	28	361	956	0
48652	28	714	956	0
12650	28	1374	956	0
9238	28	5508	956	0
52193	28	540	956	0
61612	28	1186	956	0
25686	28	506	956	0
47955	28	1774	956	0
55595	28	1708	956	0
11941	14	2431	956	0
19678	28	411	956	0
4397	28	2623	956	0
15129	28	1640	956	0
27946	28	343	956	0
15400	28	719	956	0
17851	28	1085	956	0
21534	28	1600	956	0
7617	28	42	956	0
61043	30	6317	956	0
8452	28	471	956	0
73344	28	1632	956	0
52325	28	1006	956	0
14926	28	106	956	0
54002	28	1501	956	0
7462	28	906	956	0
6667	28	100	956	0
64390	28	1277	956	0
25316	28	1619	956	0
9429	28	864	956	0
6895	28	968	956	0
37996	28	1879	956	0
27151	28	16	956	0
8034	28	176	956	0
22222	28	167	956	0
26686	28	1261	956	0
76135	28	315	956	0
6477	28	1507	956	0
8596	28	58	956	0
69738	28	165	956	0
8371	28	227	956	0
29057	28	745	956	0
27803	28	1302	956	0
24961	14	97125	956	0
74691	28	289	956	0
21459	28	266	956	0
21692	28	30327	956	0
89197	28	4033	956	0
14519	28	483	956	0
49655	28	1861	956	0
17066	28	168	956	0
65779	28	1059	956	0
16038	28	1965	956	0
109904	28	289	956	0
69207	14	7090	956	0
59729	28	1132	956	0
6844	28	33	956	0
8881	28	406	956	0
8916	28	1715	956	0
41621	28	2468	956	0
14629	28	1774	956	0
5838	28	445	956	0
34221	28	707	956	0
14051	28	1402	956	0
51151	14	1445	956	0
10656	28	406	956	0
94771	28	7890	956	0
15090	28	453	956	0
35630	28	1154	956	0
64146	28	4781	956	0
11677	28	713	956	0
30147	28	532	956	0
87101	14	32634	956	0
10679	28	46	956	0
123024	23	3718	956	0
77613	28	12418	956	0
69037	28	1711	956	0
83643	28	427	956	0
23091	28	781	956	0
39193	28	20303	956	0
11770	28	1625	956	0
151818	28	368	956	0
37003	28	442	956	0
15684	28	713	956	0
9514	28	1041	956	0
40220	28	835	956	0
57792	28	713	956	0
70624	28	714	956	0
130020	14	2406	956	0
11519	28	1513	956	0
14980	28	107	956	0
17442	28	4594	956	0
95652	28	4277	956	0
25476	28	1052	956	0
48738	28	318	956	0
97315	28	397	956	0
9318	28	404	956	0
31786	28	23	956	0
14594	28	77	956	0
53412	28	165	956	0
21886	28	7177	956	0
59764	28	1788	956	0
7393	28	1346	956	0
94387	28	1261	956	0
110143	28	571	956	0
65666	28	1059	956	0
27119	28	1329	956	0
6690	28	484	956	0
13716	28	1532	956	0
8634	28	56	956	0
109897	28	1261	956	0
48198	28	2207	956	0
110511	28	518	956	0
26628	28	835	956	0
6888	28	1559	956	0
95652	28	2326	956	0
104830	28	2107	956	0
23219	28	2984	956	0
50829	28	1814	956	0
55534	28	1703	956	0
50532	14	854	956	0
69957	28	62084	956	0
10852	28	105	956	0
12109	28	278	956	0
12659	28	70	956	0
34539	28	821	956	0
45014	28	344	956	0
34633	28	4083	956	0
17425	28	1514	956	0
16853	28	6555	956	0
14402	28	817	956	0
10407	28	963	956	0
51639	28	2205	956	0
7189	28	1132	956	0
7772	28	40	956	0
10063	28	1597	956	0
87435	28	901	956	0
28717	28	2887	956	0
24402	28	391	956	0
7023	28	536	956	0
116388	28	1130	956	0
12984	28	1151	956	0
34023	28	462	956	0
50735	14	2911	956	0
11685	28	1164	956	0
19728	28	60	956	0
20300	28	540	956	0
12862	28	3793	956	0
28313	28	885	956	0
15783	28	1152	956	0
16314	28	416	956	0
66098	28	459	956	0
25036	28	570	956	0
81119	28	348	956	0
12808	28	532	956	0
28507	28	816	956	0
87765	28	2416	956	0
34105	28	1440	956	0
27967	28	3061	956	0
25885	28	3410	956	0
9344	28	2319	956	0
101940	28	694	956	0
13871	28	972	956	0
9740	28	550	956	0
32941	28	24	956	0
10720	28	24	956	0
57153	28	4549	956	0
18129	28	742	956	0
9268	28	257	956	0
87962	28	2488	956	0
11624	28	1607	956	0
39879	28	267	956	0
18055	28	523	956	0
80342	28	8439	956	0
19992	28	914	956	0
38474	28	223	956	0
11758	28	580	956	0
6546	28	126	956	0
4984	28	23	956	0
7108	28	199	956	0
33924	14	308	956	0
51106	28	515	956	0
8653	28	82	956	0
177690	28	2694	956	0
25901	28	640	956	0
6908	28	885	956	0
11780	28	2910	956	0
18207	28	2288	956	0
56423	28	828	956	0
94782	28	1583	956	0
7783	28	510	956	0
8644	28	361	956	0
111684	28	919	956	0
73744	28	2717	956	0
90265	28	565	956	0
24486	28	4831	956	0
87522	28	998	956	0
38319	28	805	956	0
69662	28	5062	956	0
80594	28	5962	956	0
61868	28	78116	956	0
39095	28	9081	956	0
75674	28	7284	956	0
48964	28	1590	956	0
30008	28	44	956	0
51044	28	528	956	0
8959	28	1367	956	0
106039	28	605	956	0
70809	28	280	956	0
7045	28	40	956	0
6189	28	63	956	0
108932	14	15888	956	0
12892	28	678	956	0
56919	28	165	956	0
84377	28	23269	956	0
10983	28	1715	956	0
57205	28	351	956	0
19519	28	2334	956	0
17028	28	3810	956	0
4962	28	178	956	0
4334	28	7944	956	0
57331	14	57720	956	0
50422	28	1772	956	0
20429	28	919	956	0
35207	28	548	956	0
6599	28	416	956	0
66855	28	415	956	0
14238	28	1084	956	0
45862	28	605	956	0
24477	28	625	956	0
16075	28	1468	956	0
18466	28	214	956	0
11138	28	126	956	0
37889	28	2004	956	0
11418	28	211	956	0
39114	14	25228	956	0
105886	28	605	956	0
31830	28	1132	956	0
87201	28	3765	956	0
27026	28	1186	956	0
65710	28	936	956	0
19847	28	343	956	0
130389	28	595	956	0
46114	28	16319	956	0
15867	28	3630	956	0
9745	28	269	956	0
34105	28	519	956	0
20339	28	44	956	0
68733	28	2822	956	0
76687	28	413	956	0
9177	28	557	956	0
56031	28	1331	956	0
31016	28	105	956	0
50241	28	574	956	0
23984	28	446	956	0
62890	28	427	956	0
36432	28	5243	956	0
26680	28	3987	956	0
60766	28	88	956	0
15855	28	3879	956	0
11616	28	1431	956	0
13132	28	1760	956	0
65501	28	774	956	0
79571	28	6708	956	0
19965	28	5471	956	0
6460	28	1177	956	0
99358	28	3574	956	0
26135	28	2371	956	0
12659	28	76	956	0
57543	28	415	956	0
14973	28	1230	956	0
4271	28	2178	956	0
12629	28	483	956	0
28534	28	368	956	0
52123	28	462	956	0
17661	28	1138	956	0
39021	28	274	956	0
83007	28	720	956	0
11362	28	81	956	0
38122	28	1837	956	0
8686	28	462	956	0
48571	28	2834	956	0
15850	28	1772	956	0
39597	28	3765	956	0
4061	28	58	956	0
21034	28	254	956	0
44348	28	60	956	0
9038	28	1300	956	0
27523	28	1531	956	0
8289	28	5770	956	0
153167	28	1076	956	0
8029	28	353	956	0
8912	28	165	956	0
13044	28	4098	956	0
5554	28	181	956	0
19586	14	308	956	0
93170	28	1774	956	0
20059	28	483	956	0
9259	28	16	956	0
26472	28	1709	956	0
6772	28	215	956	0
40224	28	2601	956	0
62836	28	4078	956	0
13434	28	471	956	0
22179	28	1559	956	0
76586	14	902	956	0
8183	28	48	956	0
18349	28	1266	956	0
63180	28	1762	956	0
106107	28	2373	956	0
28741	28	1144	956	0
29196	28	500	956	0
24690	28	23	956	0
41800	28	835	956	0
5156	28	46	956	0
74311	28	397	956	0
65448	28	2803	956	0
24248	28	219	956	0
29046	28	107	956	0
23891	28	2088	956	0
57792	28	462	956	0
33588	28	703	956	0
22457	28	784	956	0
93170	28	904	956	0
104470	14	26070	956	0
12570	28	6935	956	0
3837	28	161	956	0
20314	28	2569	956	0
23617	28	1132	956	0
23305	28	2098	956	0
27294	28	692	956	0
53311	28	2185	956	0
16383	28	17143	956	0
6722	28	95	956	0
12347	28	4513	956	0
15141	28	1176	956	0
60378	28	471	956	0
19454	28	395	956	0
6189	28	150	956	0
5138	28	3226	956	0
11164	28	38	956	0
23212	28	1611	956	0
11869	28	605	956	0
49769	28	940	956	0
33007	28	2871	956	0
92045	28	23789	956	0
30140	28	423	956	0
23887	28	2098	956	0
11772	28	346	956	0
71088	28	499	956	0
12371	28	107	956	0
36357	28	1627	956	0
27256	28	2632	956	0
8082	28	2004	956	0
5414	28	828	956	0
15871	28	2334	956	0
7551	28	793	956	0
8691	28	39	956	0
68551	28	2416	956	0
13694	28	1055	956	0
88817	28	449	956	0
5127	28	2394	956	0
37930	28	1005	956	0
56124	28	715	956	0
87807	28	83	956	0
7894	28	257	956	0
60876	28	1245	956	0
148186	28	134	956	0
10523	28	659	956	0
44828	28	1943	956	0
109431	28	1679	956	0
9414	28	595	956	0
70340	28	2467	956	0
5244	28	30	956	0
22536	28	263	956	0
85400	28	34208	956	0
9311	28	1100	956	0
33545	28	1497	956	0
69308	28	537	956	0
14395	28	548	956	0
17365	14	5376	956	0
24191	28	1178	956	0
14891	28	692	956	0
59624	28	119	956	0
12811	28	668	956	0
8131	28	806	956	0
4397	28	620	956	0
116772	28	679	956	0
13947	28	307	956	0
78064	28	415	956	0
29975	28	70	956	0
9326	28	227	956	0
11654	28	2271	956	0
21115	28	1107	956	0
92880	28	2271	956	0
16237	28	717	956	0
35851	28	10633	956	0
43001	28	2389	956	0
30932	28	835	956	0
7815	28	1222	956	0
8739	28	1131	956	0
11224	28	9081	956	0
103408	28	2136	956	0
7496	28	704	956	0
33745	16	2578	956	0
8219	28	1990	956	0
43864	28	1097	956	0
65029	28	1253	956	0
59860	28	396	956	0
15551	28	3425	956	0
11990	28	1254	956	0
16242	28	526	956	0
67315	14	25574	956	0
31317	28	1356	956	0
45648	28	998	956	0
28507	28	158	956	0
23770	28	23125	956	0
64992	28	537	956	0
5726	28	792	956	0
35796	28	552	956	0
29243	28	3810	956	0
13313	28	37	956	0
22667	28	350	956	0
7772	28	142	956	0
6632	28	1060	956	0
30832	28	605	956	0
105576	28	7071	956	0
14229	28	3949	956	0
4491	28	1499	956	0
6333	28	1041	956	0
36275	28	857	956	0
25487	28	348	956	0
7689	28	478	956	0
11028	28	403	956	0
55894	28	5070	956	0
14692	28	1607	956	0
5244	28	51	956	0
93170	28	3061	956	0
40127	23	54909	956	0
54909	23	40127	956	0
4271	28	871	956	0
11697	14	35392	956	0
16419	28	1201	956	0
13028	28	1214	956	0
29407	28	850	956	0
13292	28	1032	956	0
72191	28	13957	956	0
9127	28	511	956	0
13106	28	67	956	0
59515	28	256	956	0
25681	28	1346	956	0
52307	28	1014	956	0
45081	28	1006	956	0
19641	28	998	956	0
155012	28	809	956	0
8892	28	178	956	0
7466	28	961	956	0
42292	28	489	956	0
117450	28	4524	956	0
32137	28	199	956	0
47424	28	2330	956	0
77857	28	1462	956	0
32137	28	871	956	0
46069	28	34208	956	0
4222	28	723	956	0
78484	28	2518	956	0
61634	28	815	956	0
9640	28	111	956	0
16898	28	471	956	0
20429	28	722	956	0
43040	28	757	956	0
6235	28	307	956	0
6534	28	63	956	0
11528	28	1266	956	0
15999	28	1898	956	0
37407	28	1935	956	0
6712	28	227	956	0
49555	28	3157	956	0
19223	28	193	956	0
7547	28	397	956	0
7741	28	3997	956	0
111822	28	4676	956	0
57008	28	486	956	0
52431	28	2156	956	0
8082	28	4588	956	0
60228	28	1024	956	0
78247	28	499	956	0
19974	28	2733	956	0
12592	28	2870	956	0
138510	6	3444	956	0
8708	28	963	956	0
14146	28	1060	956	0
33429	28	507	956	0
26685	28	1163	956	0
21385	28	1682	956	0
71761	28	635	956	0
13550	28	1384	956	0
13393	28	2709	956	0
15597	28	565	956	0
23380	28	1132	956	0
41869	28	2140	956	0
39023	28	3323	956	0
78581	14	23821	956	0
9669	28	40	956	0
42696	28	149	956	0
12674	28	1279	956	0
72322	28	3443	956	0
19125	28	3400	956	0
78851	28	1542	956	0
8875	28	149	956	0
9880	28	800	956	0
10411	28	2156	956	0
5122	28	445	956	0
40376	28	2737	956	0
67205	28	573	956	0
81288	28	16162	956	0
84169	28	900	956	0
27666	28	269	956	0
30147	28	1057	956	0
58076	28	1261	956	0
5291	28	2095	956	0
80691	28	2761	956	0
140935	14	32577	956	0
37733	28	1665	956	0
83007	28	553	956	0
8289	28	54427	956	0
8961	28	19	956	0
6352	28	1101	956	0
6788	28	1774	956	0
7041	28	92	956	0
33745	16	92187	956	0
51873	28	2984	956	0
6457	28	478	956	0
54504	28	350	956	0
60855	28	260	956	0
93936	28	715	956	0
82887	28	605	956	0
8131	28	1819	956	0
14268	28	548	956	0
60482	28	976	956	0
30089	28	1625	956	0
54463	28	16437	956	0
14792	28	2347	956	0
15036	28	907	956	0
85108	28	2263	956	0
6709	28	227	956	0
32215	28	4778	956	0
30989	28	1074	956	0
16200	28	54	956	0
8365	28	1266	956	0
57804	28	2389	956	0
15992	28	2639	956	0
89093	28	1956	956	0
42991	28	1477	956	0
14140	28	6066	956	0
35145	28	165	956	0
21545	28	816	956	0
20095	28	1085	956	0
125674	28	4588	956	0
93864	28	310	956	0
13417	28	269	956	0
24754	28	289	956	0
35887	28	670	956	0
17742	28	241	956	0
11657	28	50	956	0
23584	28	79	956	0
15987	28	1531	956	0
58064	28	397	956	0
85310	28	565	956	0
57599	14	12802	956	0
7668	28	925	956	0
18079	28	732	956	0
13368	28	907	956	0
7705	28	77	956	0
26536	28	2602	956	0
48736	28	574	956	0
15692	28	749	956	0
14926	28	536	956	0
60937	28	79291	956	0
154835	1	86827	956	0
9268	28	1100	956	0
115368	28	596	956	0
11151	28	1048	956	0
14348	28	2709	956	0
34008	28	1423	956	0
79623	28	1600	956	0
44146	28	74	956	0
130389	28	4549	956	0
7185	28	228	956	0
71451	28	1346	956	0
74513	28	3447	956	0
17638	28	836	956	0
15988	28	486	956	0
5156	28	815	956	0
10342	28	651	956	0
55449	28	1238	956	0
42093	28	2296	956	0
44603	28	422	956	0
80295	28	42153	956	0
11400	28	2910	956	0
68578	28	7624	956	0
4289	28	2623	956	0
44399	28	23582	956	0
43576	28	1346	956	0
46786	28	2128	956	0
9878	28	76745	956	0
47088	28	4327	956	0
16678	28	232	956	0
15382	28	109	956	0
6908	28	406	956	0
63734	28	1162	956	0
13356	28	848	956	0
63476	28	232	956	0
70971	28	261	956	0
76279	28	1692	956	0
54632	28	774	956	0
41169	28	785	956	0
46099	28	536	956	0
14139	28	42	956	0
7635	28	620	956	0
16102	28	303	956	0
11028	28	1942	956	0
7984	28	548	956	0
14404	28	42914	956	0
22524	28	1360	956	0
22099	28	165	956	0
89087	28	483	956	0
13782	28	540	956	0
54573	28	1124	956	0
7777	28	82	956	0
7248	28	145	956	0
11677	28	462	956	0
58694	28	118	956	0
74243	28	175	956	0
12167	28	1245	956	0
39793	28	739	956	0
42998	28	2486	956	0
15732	28	3648	956	0
7138	28	195	956	0
8808	28	478	956	0
15536	28	1565	956	0
34353	14	7343	956	0
92161	28	1765	956	0
19699	28	1414	956	0
23335	14	5000	956	0
63431	28	449	956	0
