53016	277	58393	-4000000.0	-4000000.0
73956	277	85865	-398.01	-398.01
55995	262	85836	-329.01	-319.01
55994	272	70242	-327.01	-322.01
55995	262	84067	-311.01	-304.01
84067	299	70455	-304.01	-239.01
84067	299	85826	-239.01	-63.01
55995	262	69627	-149.01	116.0101
46923	272	61001	-50.01	-46.01
78514	272	46923	-49.01	-45.01
46923	272	78514	-46.01	-43.01
61001	272	46923	-45.01	-42.01
73398	272	73397	-37.01	14.0817
73397	272	73398	-36.01	14.0817
69626	299	43911	-26.01	395.0101
61671	272	67206	-18.01	-10.01
61671	272	61672	-10.01	-1.01
61672	272	61671	-10.01	-1.01
81632	259	61360	16.1108	16.1113
79129	259	43704	17.0101	2018.0308
76806	265	44587	18.0101	19.0101
65549	272	53327	30.0101	48.0101
65549	272	70280	49.0101	54.0101
63711	272	59895	53.0101	62.0101
59895	272	63711	53.0101	62.0101
59895	272	59896	62.0101	65.0101
59896	272	59895	62.0101	65.0101
60143	259	52050	195.0101	1962.0101
55995	262	70456	226.0101	637.0101
84739	299	58242	330.0511	1453.0607
56381	272	56382	385.0101	385.0101
56382	272	56381	385.0101	385.0101
58242	262	69626	395.0101	395.0101
69626	299	43787	395.0101	402.0101
58242	262	84739	395.0101	1453.0606
69626	299	72210	402.0101	476.0101
72983	272	72984	493.0101	511.1129
72984	272	72983	493.0101	511.1129
46173	273	47545	570.0101	622.0101
46173	272	51641	595.0101	619.0101
51641	272	46173	595.0901	619.0503
46173	272	59128	619.0101	632.0101
59128	272	46173	620.0101	632.0101
46173	273	46174	622.0101	632.0101
46173	272	57754	624.0101	632.0101
57754	272	46173	625.0101	632.0611
70683	272	46173	629.0101	632.0611
46173	272	70683	630.0101	632.0101
69187	299	46174	632.0101	656.0101
69187	268	59127	632.0609	634.0825
69187	268	58043	634.0826	644.1105
55995	262	69187	637.0101	661.0101
69187	268	64941	644.1123	656.0625
69187	299	85364	656.0101	661.0101
69187	268	83761	661.0127	661.0731
58109	262	84739	736.0101	778.0101
85374	299	85364	750.0101	766.0101
80737	272	67132	771.0101	783.0101
67132	272	80737	771.0101	783.0101
84082	299	45572	810.0101	1797.0101
85374	299	84425	836.0101	892.0101
72284	268	74159	843.0101	876.0901
83070	262	78712	862.0101	1790.0101
78712	262	85849	864.0101	1529.0101
72284	268	74160	882.0101	887.1101
72284	268	80796	887.0101	899.0101
85374	299	51717	892.0101	1258.0101
66841	272	85663	903.0101	945.0101
72284	268	81589	919.0101	936.0101
66727	272	66728	929.0101	946.0101
66728	272	66727	929.0101	946.0101
72284	268	66727	936.0101	962.0101
85663	272	66841	945.0101	945.0101
74707	272	74708	947.0101	950.0101
74708	272	74707	947.0101	950.0101
74708	272	66727	951.0101	973.0501
83681	262	43987	962.0101	1806.0101
48787	272	46760	978.0101	986.0101
46760	272	48787	979.0101	987.0101
46760	272	46761	988.0101	1011.0101
57737	268	81863	1035.0101	1063.0101
54894	272	67233	1044.0129	1060.0101
67233	272	54894	1044.0129	1060.0101
85310	299	50555	1100.0101	1100.0101
68686	262	85862	1118.051	1715.0101
59420	262	85552	1125.0101	1314.0101
85200	299	50299	1130.0101	1266.0101
47249	272	67558	1146.0101	1157.1101
67558	272	47249	1146.0101	1157.1104
49684	265	43655	1167.0101	1185.0101
49684	265	45350	1167.0101	1185.0101
62694	272	62695	1174.0101	1198.0901
62695	272	62694	1174.0101	1198.0901
76164	272	54639	1180.0428	1190.0322
54639	272	76164	1180.0505	1190.0322
67559	272	77932	1184.0801	1191.0801
59408	272	71583	1186.0113	1204.0101
71583	272	59408	1186.0113	1204.0809
68531	276	68381	1189.0101	1219.0101
50232	272	50233	1190.0101	1196.0101
50233	272	50232	1190.0101	1196.0101
54640	272	54639	1193.0814	1193.1112
54639	272	54640	1193.0821	1193.1112
83370	272	54639	1196.0101	1201.0726
54639	272	83370	1196.0608	1201.0726
50232	272	70357	1198.0101	1230.0924
57956	272	57957	1200.053	1226.1115
57957	272	57956	1200.053	1226.1115
51837	272	51838	1205.0101	1212.0524
82594	272	73040	1206.0101	1220.1102
73040	272	82594	1206.0101	1220.1102
72138	268	72139	1206.0101	1227.0101
54119	272	65735	1209.0815	1222.063
65735	272	54119	1209.0815	1222.063
51837	272	63729	1213.0101	1221.0327
63729	272	51837	1213.0101	1221.0327
68531	276	62626	1219.0101	1231.0101
72138	268	76670	1229.0101	1241.0101
77861	272	74980	1229.0624	1231.0828
74980	272	77861	1229.0624	1231.0828
68531	276	68382	1231.0101	1234.0101
68531	276	68530	1234.0101	1241.0101
53954	272	53955	1234.0101	1270.0901
53955	272	53954	1234.0603	1270.0901
82481	272	73041	1235.0101	1253.0101
73041	272	82481	1235.0101	1253.0101
54119	272	82898	1235.072	1241.1208
82898	272	54119	1235.072	1241.1208
68531	276	73098	1241.0101	1245.0101
71199	276	71200	1246.0101	1268.0522
72138	268	85708	1251.0101	1259.0101
73834	272	44318	1251.1226	1275.0101
73041	272	65894	1253.0101	1279.0216
72138	268	84579	1260.0101	1294.0101
85374	299	43895	1261.0101	1517.0101
47166	272	56621	1262.0528	1271.0204
56621	272	47166	1262.0528	1271.0204
68531	276	81650	1265.0101	1296.0101
85200	299	44207	1266.0101	1282.0101
47166	272	78849	1274.0828	1285.1012
78849	272	47166	1274.0828	1285.1012
75690	272	78782	1282.0101	1325.0107
85200	299	47481	1282.0101	1401.0101
78782	272	75690	1282.0211	1325.0107
68944	262	43651	1284.0101	1768.0101
66469	272	47167	1284.0823	1305.041
47167	272	66469	1284.0823	1305.041
79835	272	65413	1305.1001	1315.0508
65413	272	79835	1305.1001	1315.0508
69021	272	60728	1309.0101	1357.0528
60728	272	69021	1309.0912	1357.0528
77618	272	82061	1313.0701	1349.1201
82061	272	77618	1313.0701	1349.122
72647	272	65413	1315.0801	1316.0613
65413	272	72647	1315.0801	1316.0613
83734	272	67913	1322.0929	1324.0329
67913	272	83734	1322.0929	1324.0329
77271	272	48759	1323.0515	1348.0801
48759	272	77271	1323.0515	1348.0801
67913	272	67914	1324.0721	1328.0209
67914	272	67913	1324.0721	1328.0209
57685	272	63703	1332.0728	1349.0919
63703	272	57685	1332.0728	1349.0919
56148	272	56147	1347.1115	1348.1029
56147	272	56148	1347.1123	1348.1106
79261	272	82061	1350.0127	1350.083
82061	272	79261	1350.0127	1350.083
63703	272	56872	1350.0219	1360.1007
44327	272	44328	1350.0416	1378.0214
44328	272	44327	1350.0416	1378.0214
74221	272	48759	1353.0101	1362.0619
48759	272	74221	1353.0604	1362.0619
49604	272	49605	1355.0101	1361.0101
52429	272	56031	1360.0601	1372.0911
56031	272	52429	1360.0601	1372.0911
59711	272	48759	1363.0529	1378.1207
48759	272	59711	1363.0529	1378.1207
76952	272	69196	1366.0101	1379.0101
69196	272	76952	1366.0101	1379.0101
49604	272	72911	1366.0101	1384.0101
50635	272	50634	1380.0804	1394.0101
50634	272	50635	1381.0101	1394.0101
70939	272	60021	1382.0128	1394.0615
83828	273	85173	1384.0101	1389.0101
85615	265	57919	1385.0101	1385.0101
63943	272	47029	1385.0717	1422.103
47029	272	63943	1385.0717	1422.103
63118	272	82537	1385.1119	1395.0525
49604	272	70069	1386.0919	1399.1109
70069	272	49604	1386.0919	1399.1109
82727	299	80480	1388.0101	1564.0101
49604	267	58273	1389.0101	1389.0101
49604	267	78369	1393.0101	1393.0101
49604	267	64794	1395.0101	1395.0101
70939	272	69449	1396.1108	1400.0101
69449	272	70939	1396.1112	1400.0201
50635	272	70069	1403.0216	1413.0101
70069	272	50635	1403.0216	1413.0101
63118	272	80520	1408.0101	1437.1218
78129	272	73381	1411.0101	1417.0101
73381	272	78129	1411.0101	1417.0801
63118	261	46259	1415.0101	1415.0101
85435	299	49939	1416.0101	1563.0101
70685	272	70684	1420.0101	1441.0101
78128	272	78129	1421.0128	1426.0801
77171	272	53267	1422.0201	1434.061
58430	272	46128	1422.1218	1461.0731
46128	272	58430	1422.1218	1461.0731
61607	265	46522	1423.0101	1423.0101
47117	272	47118	1436.0624	1445.0825
47118	272	47117	1436.0624	1445.0825
47117	272	48864	1451.0318	1483.0908
48864	272	47117	1451.0318	1483.0908
71861	299	58242	1453.0101	1922.0101
58242	262	71861	1453.0607	1923.1028
58676	272	59549	1466.0101	1467.0429
59549	272	58676	1466.0101	1467.0429
58676	272	70361	1468.0715	1477.0104
64885	272	64884	1469.1014	1504.1126
64884	272	64885	1469.1028	1504.1126
64023	272	61617	1474.0426	1501.0204
60138	272	69305	1475.0101	1490.0406
69305	272	60138	1475.0101	1490.0406
74244	272	78926	1476.082	1500.0403
78926	272	74244	1476.082	1500.0417
73455	294	73454	1480.0101	1480.0101
81157	277	43676	1482.0101	1482.0101
73455	273	43787	1482.0101	1500.0101
74069	265	46522	1488.0101	1495.0101
74069	265	50904	1488.0101	1495.0101
74244	272	60138	1490.1004	1500.0403
60138	272	74244	1490.1004	1500.0403
49146	265	46410	1491.0101	1495.0101
69244	272	83149	1491.1206	1498.0407
83149	272	69244	1491.1206	1498.0416
64884	261	46259	1493.0101	1493.0101
49146	265	45350	1496.0101	1500.0101
75982	272	68444	1496.113	1534.0225
68444	272	75982	1496.113	1534.0225
69244	272	76590	1499.0108	1514.0109
76590	272	69244	1499.0117	1514.0119
75060	262	73382	1500.0101	1547.0101
49146	265	46522	1501.0101	1503.0101
83302	272	67025	1502.041	1535.0721
67025	272	83302	1502.041	1535.0721
64736	272	74244	1502.1006	1506.0726
74244	272	64736	1502.1006	1506.0726
49146	265	59670	1503.0101	1503.0101
57747	272	51146	1509.0621	1533.0602
51146	272	57747	1509.0621	1533.0612
76658	272	72661	1514.0528	1524.073
72661	272	76658	1514.0528	1547.041
76590	272	83031	1514.1009	1515.0111
83031	272	76590	1514.1009	1515.0111
58651	262	71861	1516.0101	1917.1201
77458	272	78525	1518.0726	1521.1223
78525	272	77458	1519.0101	1521.0101
66119	272	66120	1521.1211	1526.0829
66120	272	66119	1521.1211	1526.0829
83903	265	63385	1525.0101	1530.0101
46865	262	77389	1525.0101	1918.0101
85257	299	57177	1526.0101	1540.0101
61069	272	80196	1526.0711	1547.0421
80196	272	61069	1526.0711	1547.0421
66394	273	43787	1527.0101	1562.0101
76658	272	77458	1530.0701	1547.041
77458	272	76658	1530.0714	1547.041
71630	272	71631	1531.0101	1558.0415
71631	272	71630	1531.0101	1558.0415
60563	272	46178	1533.0101	1559.072
59347	272	57747	1533.0125	1536.0529
57747	272	59347	1533.0204	1536.0527
46178	272	60563	1533.1028	1559.072
64404	272	57747	1536.053	1537.1103
57747	272	64404	1536.0609	1537.1103
75120	272	69835	1538.0101	1550.0101
69835	272	75120	1538.0101	1550.0101
79716	272	55382	1539.0329	1562.1227
55382	272	79716	1539.0329	1562.1227
57747	272	44909	1540.0116	1540.0719
44909	272	57747	1540.0116	1540.0719
54059	272	57747	1540.0728	1542.0223
57747	272	54059	1540.0807	1542.0223
43891	272	43892	1543.0101	1545.0722
57747	272	57746	1543.0722	1547.0207
57746	272	57747	1543.0722	1547.0217
43892	272	43891	1543.1122	1545.0722
46465	272	65139	1544.0305	1569.0621
76339	263	46631	1546.0101	1570.0101
67815	299	43743	1547.0101	1712.0101
75060	262	67815	1547.0101	1721.1102
77815	262	67815	1547.0101	1727.0101
71050	272	71051	1547.0201	1560.0817
71051	272	71050	1547.0201	1560.0817
49668	273	53528	1548.0101	1548.0101
49668	273	43676	1548.0101	1561.0101
63405	272	61069	1550.0101	1568.033
61069	272	63405	1550.0101	1568.033
73727	265	46522	1552.0101	1555.0101
85198	272	66460	1553.0521	1554.0101
66460	272	85198	1553.0521	1554.0222
51147	272	43892	1554.0725	1558.1127
43892	272	51147	1554.0804	1558.1127
73727	265	61068	1555.0101	1556.0101
58109	262	71861	1555.0608	1810.0301
78712	262	75621	1556.0101	1795.0101
49668	272	46179	1558.0504	1560.0101
46179	272	49668	1558.0504	1560.1215
82018	265	48013	1559.0101	1562.0101
62599	272	43892	1559.0101	1568.0101
43892	272	62599	1559.0101	1568.1013
51434	272	51435	1559.0606	1579.0716
51435	272	51434	1559.0606	1579.0716
47454	284	49758	1560.0101	1560.0101
57072	277	47121	1562.0101	1562.0101
57072	277	66461	1562.0101	1562.0101
82018	265	45367	1562.0101	1565.0101
70478	265	70479	1563.0101	1563.0101
70478	265	51474	1563.0101	1566.0101
47855	273	47856	1564.0101	1616.0101
82727	299	51659	1564.0101	1859.0101
49668	272	55132	1565.0729	1567.0101
55132	272	49668	1565.0729	1567.0101
58828	299	57232	1569.0101	1596.0101
58828	299	44398	1569.0101	1596.0101
85173	262	58828	1569.0711	1795.0101
70052	262	58828	1569.0711	1795.1024
66546	272	64347	1570.0101	1574.0609
43892	272	59508	1570.1124	1580.1105
64347	272	66546	1570.1206	1574.0609
85257	299	83422	1571.0101	1585.0101
79365	272	71051	1572.0101	1575.0101
71051	272	79365	1572.0509	1575.0101
73727	273	79533	1575.0101	1584.0101
68705	272	79329	1575.0101	1589.0802
70478	263	47454	1575.0101	1597.0101
79329	272	68705	1575.0215	1589.0802
77770	272	59605	1576.0511	1586.1212
59605	272	77770	1576.0511	1586.1212
51435	292	85147	1577.0101	1577.0101
74777	272	52443	1579.0513	1603.0425
52443	272	74777	1579.0513	1603.0425
71645	272	78073	1592.0827	1611.103
44510	272	44511	1594.0101	1619.1223
44511	272	44510	1594.0101	1619.1223
58828	299	45909	1596.0101	1795.0101
45177	262	63454	1597.1027	1859.0101
65527	272	60029	1599.0418	1621.0713
82375	273	66461	1605.1101	1621.0101
51387	284	51388	1608.0101	1608.0101
82442	272	65673	1609.0101	1628.0718
65673	272	82442	1609.0101	1628.0718
85175	272	57176	1612.043	1631.0617
57176	272	85175	1612.043	1631.0617
56801	292	85147	1613.0101	1613.0101
44510	292	85147	1613.0101	1613.0101
83926	265	53887	1614.0101	1615.0101
66736	272	77055	1615.1018	1643.0514
77055	272	66736	1615.1124	1643.0514
47697	272	56801	1616.0724	1640.1201
56801	272	47697	1616.0724	1640.1201
50790	263	44218	1618.0101	1643.0101
46865	262	85864	1618.0101	1701.0101
55580	272	68920	1620.1125	1632.1106
68920	272	55580	1620.1125	1632.1106
62066	265	45257	1623.0101	1631.0101
83170	265	45367	1628.0101	1633.0101
62066	265	50943	1631.0101	1632.0101
65312	272	77649	1631.1204	1655.0108
77649	272	65312	1631.1204	1655.0108
62066	265	45203	1632.0101	1639.0101
77551	263	46631	1634.0101	1675.0101
70225	273	44491	1635.0101	1660.0101
85739	265	55911	1642.0101	1642.0101
71266	299	79874	1642.0101	1642.0101
66349	263	46631	1643.0101	1655.0101
58876	272	53460	1643.1001	1670.0209
53460	272	58876	1643.1011	1670.0219
85540	259	45198	1648.0101	1660.0101
63280	273	63281	1650.0101	1653.0101
52905	263	45350	1650.0101	1669.0101
66551	265	43664	1652.0101	1675.0101
71923	272	62818	1653.1009	1665.0315
62818	272	71923	1653.1009	1665.0315
82053	265	57919	1656.0101	1660.0101
71827	259	43704	1656.0331	1714.1208
70225	273	43676	1660.0101	1670.1126
44502	272	65188	1660.0609	1683.073
65188	272	44502	1660.0609	1683.073
47103	265	45367	1661.0101	1666.0101
84449	264	43879	1661.0101	1743.0101
47245	265	44130	1661.0601	1665.0801
82572	265	85687	1662.0501	1662.0501
47103	265	53136	1663.0101	1663.0101
44192	259	43898	1663.052	1666.1029
71618	259	43898	1663.052	1685.0722
71643	272	78663	1665.0101	1696.0101
78663	272	71643	1665.0705	1696.0617
47103	265	78222	1666.0101	1667.0101
47103	300	85232	1666.1101	1666.1101
62066	259	43898	1667.0324	1686.0726
62818	272	62819	1668.0613	1688.0429
62819	272	62818	1668.0613	1688.0429
53255	284	44502	1669.0628	1669.0628
62088	272	57846	1669.1114	1681.0107
65966	263	46631	1670.0101	1710.0101
82053	272	48919	1670.0227	1673.111
48919	272	82053	1670.0227	1673.111
57517	272	74767	1670.1023	1690.1216
68819	265	45198	1671.0101	1671.0101
58720	272	67422	1671.0208	1702.1003
67422	272	58720	1671.0208	1702.1003
70857	259	43704	1672.1205	1699.0422
75928	259	43704	1672.1205	1707.0409
80473	272	70333	1676.0101	1687.0101
70333	272	80473	1676.0101	1687.0101
82572	259	43898	1677.0208	1709.1109
71508	272	79610	1679.0813	1683.0627
62087	272	62088	1681.0101	1691.0802
62088	272	62087	1681.0101	1691.0802
84449	265	44156	1682.0101	1682.0101
66215	263	46631	1682.0101	1706.0101
70857	259	43877	1683.0101	1699.0101
68632	272	62611	1683.1126	1696.0325
71508	272	79066	1684.0908	1705.0121
50320	265	46701	1685.0101	1689.0101
75928	263	46631	1686.0101	1707.0101
68819	273	66855	1687.0101	1694.0101
47103	259	45005	1689.0101	1689.0101
76630	259	45198	1690.0101	1695.0101
69451	272	57816	1693.012	1727.0904
56635	272	82149	1694.0101	1694.0101
82149	272	56635	1694.0101	1694.0101
68819	273	66653	1695.0101	1698.0101
71032	259	43877	1695.0101	1722.0101
53393	272	52606	1695.1215	1721.0315
52606	272	53393	1695.1215	1721.0315
60836	272	60835	1698.0101	1747.0319
68819	273	48281	1699.0101	1712.0513
47103	259	52870	1700.0313	1700.0313
60037	272	51561	1700.0531	1705.1223
51561	272	60037	1700.0531	1705.1223
53981	259	43877	1701.0101	1714.0101
58078	259	43877	1701.0101	1749.0101
77389	299	45568	1701.0101	1947.0101
64608	261	44428	1702.011	1702.011
50286	268	50287	1702.0319	1707.0512
69451	261	85481	1703.0101	1703.0101
60384	272	58720	1703.033	1712.051
58720	272	60384	1703.033	1712.051
71760	261	44428	1703.051	1703.051
58078	259	43704	1703.063	1749.0719
53981	259	43704	1705.0212	1714.112
64891	272	64892	1705.0822	1737.112
64892	272	64891	1705.0822	1737.112
71760	261	43869	1705.1101	1705.1101
67216	263	46631	1706.0101	1726.0101
45060	262	85310	1707.0101	1707.0101
71501	263	46631	1707.0101	1722.0101
80465	272	80466	1707.1017	1720.0101
80466	272	80465	1707.1017	1720.0101
75060	262	77968	1708.0101	1713.0728
63172	272	63173	1708.0101	1778.0101
63173	272	63172	1708.0101	1778.0101
71508	272	69292	1708.1128	1713.0225
69292	272	71508	1708.1128	1713.0225
55969	262	67815	1708.1229	1721.1101
49250	262	67815	1708.1229	1721.1101
73365	261	43971	1709.0101	1709.0101
71760	261	43971	1710.0101	1710.0101
72133	265	45083	1710.0101	1717.0101
64287	262	67815	1710.0101	1721.1101
58250	259	43704	1710.0602	1732.1128
60975	272	73601	1710.1122	1711.0121
71501	259	43877	1711.0101	1722.0101
69451	261	44428	1712.0101	1712.0101
67815	299	44561	1712.0101	1721.0101
71760	261	46184	1713.0101	1713.0101
73365	261	85481	1713.0101	1713.0101
75060	262	55969	1713.0728	1719.0609
60384	272	68556	1714.0603	1724.1124
68556	272	60384	1714.0603	1724.1124
71501	259	43704	1714.1119	1722.1001
77524	265	46527	1715.0101	1717.0101
59331	263	46631	1715.0101	1745.0101
60037	272	72483	1715.0404	1741.1124
72483	272	60037	1715.0404	1741.1124
82862	272	72400	1716.0419	1722.0101
72400	272	82862	1716.0419	1733.0614
72133	263	84082	1717.0101	1717.0101
71142	261	85481	1717.0101	1717.0101
84512	259	43704	1717.0422	1743.0129
80391	272	80183	1717.0927	1743.0317
56606	262	67815	1717.1203	1721.1101
44540	265	74909	1718.0101	1718.0101
75666	263	46631	1718.0101	1761.0101
85197	262	67815	1719.0609	1721.1101
85197	262	55969	1719.0609	1775.1118
75060	262	85197	1719.0609	1776.0904
77400	263	46631	1720.0101	1750.0101
64034	259	45198	1720.0727	1720.0727
72133	263	46522	1721.0101	1721.0101
67216	259	43704	1721.0227	1726.1024
52696	262	67815	1721.1101	1721.1101
85197	262	44343	1721.1102	1775.1118
56606	262	44343	1721.1102	1917.0913
64287	262	44343	1721.1102	1917.0913
49250	262	44343	1721.1102	1917.0913
55969	262	44343	1721.1102	1917.0914
52696	262	44343	1721.1102	1917.0914
75060	262	44343	1721.1102	1917.0914
72133	263	46245	1722.0101	1722.0101
69400	261	43971	1723.0101	1723.0101
84512	259	43877	1723.0101	1743.0101
67216	259	43877	1724.0101	1726.0101
64348	272	76971	1725.0905	1768.0624
76971	272	64348	1725.0905	1768.0624
72400	261	53832	1726.0101	1726.0101
58250	259	43877	1726.0101	1732.0101
81592	259	43704	1726.0822	1760.0624
50218	273	85801	1727.0101	1765.0101
77815	262	44343	1727.0101	1917.0913
71761	261	46184	1727.0205	1727.0205
71761	261	53832	1727.0205	1727.0205
71761	261	44428	1727.0525	1727.0525
69451	261	46184	1728.0101	1728.0101
79248	259	43877	1728.0101	1766.0101
67812	265	75065	1728.1031	1731.0101
83312	259	43704	1730.0225	1731.0711
54491	265	43655	1732.0101	1732.0101
81583	272	79778	1732.031	1786.0817
77400	259	43704	1732.0322	1750.0915
79778	272	81583	1733.0612	1786.0817
51382	272	51383	1734.0325	1751.1022
51383	272	51382	1734.0325	1751.1022
58391	265	66181	1735.0101	1735.0101
59331	259	43877	1735.0101	1745.0101
73365	261	46184	1736.0101	1736.0101
73365	261	49012	1736.0101	1736.0101
73365	261	44428	1736.0101	1736.0101
75152	273	48656	1736.0101	1738.0101
45197	259	45198	1737.0101	1737.0101
78336	261	58030	1738.0101	1738.0101
65157	261	45021	1739.0101	1739.0101
81583	261	46184	1740.0101	1786.0101
48741	261	44428	1741.0101	1741.0101
75666	259	43877	1741.0101	1761.0101
48061	273	45568	1741.0101	1766.0101
46378	259	43704	1741.0715	1756.0628
76085	259	43877	1742.0101	1765.0101
69092	261	44033	1742.0205	1742.0205
75509	259	43704	1742.1108	1798.0225
68109	265	44218	1743.0101	1750.0101
54616	259	43704	1743.0216	1771.022
52000	259	43704	1743.0608	1759.0727
75509	259	43877	1744.0101	1798.0101
64654	259	43704	1744.1126	1794.1102
59051	265	76927	1745.0101	1751.0101
82707	261	44022	1746.0101	1746.0101
71074	259	43704	1746.0922	1772.0326
50058	259	43704	1748.0328	1777.0616
44907	261	44105	1748.0417	1748.0417
60037	261	44105	1748.0417	1748.0417
71369	261	46184	1749.0101	1749.0101
62902	276	54857	1749.0101	1754.0101
72562	259	43877	1750.0101	1755.0101
77474	263	46631	1750.0101	1773.0101
52258	259	52870	1751.0101	1761.092
69400	261	44105	1752.1123	1752.1123
51671	261	44022	1753.0101	1753.0101
69092	261	44428	1753.1218	1753.1218
61952	265	55911	1754.0101	1754.0101
76434	259	55790	1754.0222	1785.0101
58391	259	43704	1754.1128	1783.1029
84512	273	52851	1755.0101	1755.0101
69771	261	85481	1755.0101	1755.0101
50425	259	43877	1755.0101	1770.0101
78407	259	55790	1755.0101	1792.0101
59916	263	46245	1756.0101	1756.0101
51549	261	85481	1756.0101	1756.0101
70372	263	46631	1757.0101	1773.0101
65157	261	85481	1757.0803	1757.0803
70697	261	43869	1758.0101	1758.0101
43703	265	57594	1758.0101	1760.0101
61303	265	49095	1759.0101	1766.0527
73272	259	55790	1759.0123	1786.0101
67646	261	44022	1760.0101	1760.0101
83642	259	43704	1760.1129	1786.0112
77474	259	43704	1761.0214	1780.0714
51478	259	55790	1761.1124	1810.0101
79107	265	46753	1762.0101	1762.0101
78023	261	44033	1762.0201	1762.0201
69771	261	44428	1763.0101	1763.0101
66864	265	47356	1763.0101	1764.0101
77098	259	43704	1763.0314	1789.042
54301	261	44105	1763.1121	1763.1121
51549	261	46184	1764.0101	1764.0101
51549	261	44428	1764.0101	1764.0101
71663	265	44080	1764.0101	1768.0101
80587	265	44416	1764.0101	1773.0101
81583	259	44871	1764.0101	1786.0101
50609	262	44343	1764.0101	1917.0914
79552	261	46980	1765.0101	1765.0101
50219	273	85801	1765.0101	1803.0101
78537	261	44022	1766.0101	1766.0101
58158	265	45367	1766.0101	1771.0101
57479	273	45175	1766.0101	1782.0801
80294	272	49578	1766.0906	1805.0825
49578	272	80294	1766.0906	1805.0825
57772	272	57773	1766.1108	1772.0401
57772	261	44105	1766.1124	1766.1124
78809	265	46753	1767.0101	1767.0101
65157	261	44428	1767.0101	1767.0101
82885	261	44022	1767.0101	1767.0101
72824	259	80981	1767.0101	1793.0801
52180	265	46474	1768.0101	1768.0101
68506	263	46631	1768.0101	1807.0101
79552	261	43869	1768.0508	1768.0508
75324	272	75325	1768.0512	1814.0908
75325	272	75324	1768.0512	1814.0908
49682	265	44416	1769.0101	1769.0101
62910	273	78448	1769.0101	1779.0101
78039	292	85147	1769.0625	1825.1024
44032	261	44033	1770.0101	1770.0101
73396	261	44022	1770.0101	1770.0101
64654	259	43877	1770.0101	1794.0101
74046	259	43704	1770.0426	1803.0209
60970	272	49719	1770.0516	1792.081
49719	272	60970	1770.0516	1792.081
65989	261	44033	1770.0901	1770.0901
51669	265	45198	1771.0101	1776.0101
72824	259	45198	1771.0101	1793.0801
65879	272	65880	1771.0514	1810.1113
65880	272	65879	1771.0514	1810.1113
64907	261	44022	1772.0101	1772.0101
77474	259	43877	1772.0101	1780.0714
78407	259	43877	1772.0101	1792.0101
70372	259	43877	1772.0101	1800.0101
83504	262	44343	1772.0602	1777.0814
78023	261	44428	1773.0101	1773.0101
50669	273	50505	1773.0101	1773.0101
46865	262	46866	1773.0101	1829.0101
51992	272	51993	1773.1116	1805.0602
51993	272	51992	1773.1116	1805.0602
44032	261	60557	1774.0101	1774.0101
55714	273	45572	1774.0101	1779.1201
71839	259	43704	1774.0317	1813.0502
44032	261	44428	1774.1225	1774.1225
50669	273	43580	1775.0101	1775.0101
68985	261	44022	1775.0101	1775.0101
65989	261	60557	1775.0101	1775.0101
50669	273	50670	1776.0101	1776.0101
81583	259	44979	1776.0101	1786.0101
73676	259	43704	1776.0115	1804.0822
45252	261	54459	1776.0325	1776.0325
44032	261	44105	1776.0429	1776.0429
45077	272	44862	1776.1007	1801.0324
76187	265	49095	1777.0101	1779.0101
73021	263	61669	1778.0101	1779.0101
61303	273	43676	1778.0101	1785.0101
77771	263	46631	1778.0101	1800.0101
71839	263	46631	1778.0101	1813.0101
60211	261	44428	1779.0101	1779.0101
60211	261	44033	1779.0101	1779.0101
43893	273	43592	1779.0101	1785.0101
71448	272	71449	1779.0523	1824.0203
85231	261	44022	1780.0101	1780.0101
44476	259	43877	1780.0101	1817.0101
57479	261	44022	1781.0101	1781.0101
55714	273	44410	1781.0101	1791.0101
62085	262	44343	1781.0101	1917.0914
63492	261	44022	1782.0101	1782.0101
57479	273	76304	1782.0101	1785.0101
57195	265	48261	1782.0101	1786.0101
53704	273	59120	1782.0701	1782.0801
48886	272	76753	1782.0804	1791.1205
76753	272	48886	1782.0804	1791.1205
65557	272	65558	1783.0101	1821.0101
65558	272	65557	1783.0101	1821.0101
50234	263	46631	1783.0101	1833.0101
46753	268	79107	1784.0101	1796.0101
57479	273	72295	1785.0101	1786.0101
54723	265	58379	1785.0101	1787.0101
43893	273	75286	1785.0101	1789.0101
69424	259	43704	1785.0428	1819.0112
57195	265	51889	1786.0101	1786.0101
65594	265	44130	1786.0101	1793.0101
45781	259	43877	1786.0101	1811.0101
60284	262	44343	1786.0101	1917.0913
65989	261	44428	1787.0101	1787.0101
52001	261	43971	1787.0101	1787.0101
79900	265	44130	1787.0101	1790.0101
78426	273	44207	1787.0101	1799.0101
76752	265	47356	1787.1012	1791.0101
69284	293	43897	1788.0101	1788.0101
78771	273	43651	1788.0101	1841.0101
78771	264	43651	1788.0101	1842.0101
82345	259	47437	1788.0128	1788.0128
81941	261	44022	1789.0101	1789.0101
51328	262	43815	1789.0101	1919.0101
52001	261	44908	1790.0101	1790.0101
48690	266	44783	1790.0304	1852.0302
48690	266	77104	1790.0304	1852.0302
43985	262	43612	1790.0304	1871.0101
45422	266	45423	1790.0304	1871.0101
45569	266	45570	1790.0304	1871.0101
45652	262	43612	1790.0304	1871.0101
45900	262	45569	1790.0304	1871.0101
46293	262	43612	1790.0304	1871.0101
46399	262	43612	1790.0304	1871.0101
45569	266	48015	1790.0304	1871.0101
44279	266	48469	1790.0304	1871.0101
44297	262	43612	1790.0304	1871.0101
51203	262	45569	1790.0304	1871.0101
44654	262	45569	1790.0304	1871.0101
52550	262	45422	1790.0304	1871.0101
52692	262	43612	1790.0304	1871.0101
52908	262	44279	1790.0304	1871.0101
53291	262	43612	1790.0304	1871.0101
46730	262	45569	1790.0304	1871.0101
45569	266	47937	1790.0304	1871.0101
45422	266	55739	1790.0304	1871.0101
56144	262	43612	1790.0304	1871.0101
52417	262	43612	1790.0304	1871.0101
57259	262	43612	1790.0304	1871.0101
44279	266	56140	1790.0304	1871.0101
58702	262	43612	1790.0304	1871.0101
44007	262	43612	1790.0304	1871.0101
58825	262	43612	1790.0304	1871.0101
59017	262	44279	1790.0304	1871.0101
59077	262	43612	1790.0304	1871.0101
45569	266	53336	1790.0304	1871.0101
45422	266	59164	1790.0304	1871.0101
59504	262	45422	1790.0304	1871.0101
45422	266	60520	1790.0304	1871.0101
45569	266	46730	1790.0304	1871.0101
53188	262	45569	1790.0304	1871.0101
44362	262	44279	1790.0304	1871.0101
51673	262	44279	1790.0304	1871.0101
56648	262	45569	1790.0304	1871.0101
45422	266	62198	1790.0304	1871.0101
43597	262	43612	1790.0304	1871.0101
62285	262	45422	1790.0304	1871.0101
62740	262	45422	1790.0304	1871.0101
44279	266	47165	1790.0304	1871.0101
45569	266	45748	1790.0304	1871.0101
44279	266	63153	1790.0304	1871.0101
50521	262	45569	1790.0304	1871.0101
63161	262	45569	1790.0304	1871.0101
49265	262	43612	1790.0304	1871.0101
45569	266	64241	1790.0304	1871.0101
64283	262	44279	1790.0304	1871.0101
51325	262	43612	1790.0304	1871.0101
45569	266	54865	1790.0304	1871.0101
60159	262	43612	1790.0304	1871.0101
45569	266	59698	1790.0304	1871.0101
44279	266	65238	1790.0304	1871.0101
45809	262	43612	1790.0304	1871.0101
45569	266	51203	1790.0304	1871.0101
44279	266	65416	1790.0304	1871.0101
44279	266	58104	1790.0304	1871.0101
44392	262	45569	1790.0304	1871.0101
45569	266	44654	1790.0304	1871.0101
45716	262	43612	1790.0304	1871.0101
45422	266	66556	1790.0304	1871.0101
65520	262	44279	1790.0304	1871.0101
57389	262	43612	1790.0304	1871.0101
45422	266	67343	1790.0304	1871.0101
44279	266	67732	1790.0304	1871.0101
45569	266	54046	1790.0304	1871.0101
45422	266	61830	1790.0304	1871.0101
45422	266	68754	1790.0304	1871.0101
58901	262	43612	1790.0304	1871.0101
64045	262	43612	1790.0304	1871.0101
50907	262	45569	1790.0304	1871.0101
44279	266	65520	1790.0304	1871.0101
45422	266	63085	1790.0304	1871.0101
69185	262	43612	1790.0304	1871.0101
64628	262	45569	1790.0304	1871.0101
50764	262	43612	1790.0304	1871.0101
44279	266	54256	1790.0304	1871.0101
45422	266	58423	1790.0304	1871.0101
53949	262	43612	1790.0304	1871.0101
45569	266	56771	1790.0304	1871.0101
58511	262	45569	1790.0304	1871.0101
44097	262	45569	1790.0304	1871.0101
63749	262	43612	1790.0304	1871.0101
45569	266	70978	1790.0304	1871.0101
65416	262	44279	1790.0304	1871.0101
51784	262	43612	1790.0304	1871.0101
43993	262	43612	1790.0304	1871.0101
55959	262	43612	1790.0304	1871.0101
44279	266	47678	1790.0304	1871.0101
45569	266	71669	1790.0304	1871.0101
58512	262	45422	1790.0304	1871.0101
44279	266	64283	1790.0304	1871.0101
45569	266	72418	1790.0304	1871.0101
59155	262	43612	1790.0304	1871.0101
63124	262	43612	1790.0304	1871.0101
72954	262	44279	1790.0304	1871.0101
71550	262	45422	1790.0304	1871.0101
44279	266	60110	1790.0304	1871.0101
45422	266	66355	1790.0304	1871.0101
73460	262	45422	1790.0304	1871.0101
53997	262	43612	1790.0304	1871.0101
61929	262	43612	1790.0304	1871.0101
44279	266	53855	1790.0304	1871.0101
46986	262	43612	1790.0304	1871.0101
46617	262	43612	1790.0304	1871.0101
45422	266	48668	1790.0304	1871.0101
51447	262	44279	1790.0304	1871.0101
51580	262	43612	1790.0304	1871.0101
63650	262	45569	1790.0304	1871.0101
45569	266	45900	1790.0304	1871.0101
54886	262	43612	1790.0304	1871.0101
45569	266	52585	1790.0304	1871.0101
45422	266	48669	1790.0304	1871.0101
44279	266	45017	1790.0304	1871.0101
45422	266	58512	1790.0304	1871.0101
58345	262	45569	1790.0304	1871.0101
69186	262	43612	1790.0304	1871.0101
45569	266	44915	1790.0304	1871.0101
43691	262	43612	1790.0304	1871.0101
51559	262	45569	1790.0304	1871.0101
45422	266	52837	1790.0304	1871.0101
74522	262	43612	1790.0304	1871.0101
44279	266	69582	1790.0304	1871.0101
63253	262	43612	1790.0304	1871.0101
44279	266	73674	1790.0304	1871.0101
46307	262	43612	1790.0304	1871.0101
47342	262	43612	1790.0304	1871.0101
50066	262	43612	1790.0304	1871.0101
66355	262	45422	1790.0304	1871.0101
54341	262	43612	1790.0304	1871.0101
76657	262	44279	1790.0304	1871.0101
44279	266	51477	1790.0304	1871.0101
43690	262	43612	1790.0304	1871.0101
45569	266	44392	1790.0304	1871.0101
44279	266	69559	1790.0304	1871.0101
56135	262	43612	1790.0304	1871.0101
52057	262	43612	1790.0304	1871.0101
59698	262	45569	1790.0304	1871.0101
45569	266	54571	1790.0304	1871.0101
55922	262	43612	1790.0304	1871.0101
44279	266	53224	1790.0304	1871.0101
47165	262	44279	1790.0304	1871.0101
46535	262	45569	1790.0304	1871.0101
45422	266	62074	1790.0304	1871.0101
57651	262	43612	1790.0304	1871.0101
75019	262	45422	1790.0304	1871.0101
44279	266	50288	1790.0304	1871.0101
75683	262	45569	1790.0304	1871.0101
72630	262	44279	1790.0304	1871.0101
45748	262	45569	1790.0304	1871.0101
45422	266	47467	1790.0304	1871.0101
75987	262	45569	1790.0304	1871.0101
58902	262	43612	1790.0304	1871.0101
44279	266	72630	1790.0304	1871.0101
45422	266	78725	1790.0304	1871.0101
68515	262	45422	1790.0304	1871.0101
61847	262	43612	1790.0304	1871.0101
60245	262	44279	1790.0304	1871.0101
76310	262	44279	1790.0304	1871.0101
45422	266	43944	1790.0304	1871.0101
60701	262	43612	1790.0304	1871.0101
60687	262	43612	1790.0304	1871.0101
45569	266	61803	1790.0304	1871.0101
49357	262	43612	1790.0304	1871.0101
45816	262	43612	1790.0304	1871.0101
71669	262	45569	1790.0304	1871.0101
47687	262	43612	1790.0304	1871.0101
49417	262	43612	1790.0304	1871.0101
45569	266	49860	1790.0304	1871.0101
45422	266	45512	1790.0304	1871.0101
45422	266	63124	1790.0304	1871.0101
61830	262	45422	1790.0304	1871.0101
52584	262	45569	1790.0304	1871.0101
65238	262	44279	1790.0304	1871.0101
44279	266	70842	1790.0304	1871.0101
45569	266	52500	1790.0304	1871.0101
50156	262	43612	1790.0304	1871.0101
74631	262	43612	1790.0304	1871.0101
53144	262	43612	1790.0304	1871.0101
45495	262	43612	1790.0304	1871.0101
60520	262	45422	1790.0304	1871.0101
45422	266	76019	1790.0304	1871.0101
63153	262	44279	1790.0304	1871.0101
53224	262	44279	1790.0304	1871.0101
44279	266	80660	1790.0304	1871.0101
64364	262	43612	1790.0304	1871.0101
44279	266	59017	1790.0304	1871.0101
67343	262	45422	1790.0304	1871.0101
68328	262	43612	1790.0304	1871.0101
44279	266	51447	1790.0304	1871.0101
44915	262	45569	1790.0304	1871.0101
45422	266	75019	1790.0304	1871.0101
67899	262	43612	1790.0304	1871.0101
58601	262	43612	1790.0304	1871.0101
44296	262	43612	1790.0304	1871.0101
80660	262	44279	1790.0304	1871.0101
65367	262	43612	1790.0304	1871.0101
58795	262	43612	1790.0304	1871.0101
51477	262	44279	1790.0304	1871.0101
45422	266	51580	1790.0304	1871.0101
46829	262	43612	1790.0304	1871.0101
50002	262	43612	1790.0304	1871.0101
44279	266	47310	1790.0304	1871.0101
45068	262	43612	1790.0304	1871.0101
52218	262	43612	1790.0304	1871.0101
44279	266	44997	1790.0304	1871.0101
45569	266	56648	1790.0304	1871.0101
45422	266	57563	1790.0304	1871.0101
44279	266	68277	1790.0304	1871.0101
68754	262	45422	1790.0304	1871.0101
61467	262	43612	1790.0304	1871.0101
45569	266	46309	1790.0304	1871.0101
53140	262	43612	1790.0304	1871.0101
45422	266	68715	1790.0304	1871.0101
45569	266	46899	1790.0304	1871.0101
74265	262	45569	1790.0304	1871.0101
45569	266	46535	1790.0304	1871.0101
45569	266	62936	1790.0304	1871.0101
43598	262	43612	1790.0304	1871.0101
44279	266	62655	1790.0304	1871.0101
45422	266	67324	1790.0304	1871.0101
45569	266	74033	1790.0304	1871.0101
45569	266	57101	1790.0304	1871.0101
44279	266	78826	1790.0304	1871.0101
44576	262	45569	1790.0304	1871.0101
56219	262	44279	1790.0304	1871.0101
55743	262	45569	1790.0304	1871.0101
48699	262	45569	1790.0304	1871.0101
44356	262	43612	1790.0304	1871.0101
55869	262	43612	1790.0304	1871.0101
56140	262	44279	1790.0304	1871.0101
45512	262	43612	1790.0304	1871.0101
45569	266	68073	1790.0304	1871.0101
44279	266	75576	1790.0304	1871.0101
65294	262	44279	1790.0304	1871.0101
60854	262	43612	1790.0304	1871.0101
44279	266	61320	1790.0304	1871.0101
44279	266	72954	1790.0304	1871.0101
48407	262	43612	1790.0304	1871.0101
62475	262	43612	1790.0304	1871.0101
45569	266	53188	1790.0304	1871.0101
45569	266	54019	1790.0304	1871.0101
45422	266	47542	1790.0304	1871.0101
45422	266	45385	1790.0304	1871.0101
45422	266	83128	1790.0304	1871.0101
52735	262	43612	1790.0304	1871.0101
44279	266	64297	1790.0304	1871.0101
69314	262	43612	1790.0304	1871.0101
64241	262	45569	1790.0304	1871.0101
44279	266	75536	1790.0304	1871.0101
45273	262	45569	1790.0304	1871.0101
48015	262	45569	1790.0304	1871.0101
68073	262	45569	1790.0304	1871.0101
50429	262	43612	1790.0304	1871.0101
62233	262	43612	1790.0304	1871.0101
45569	266	52584	1790.0304	1871.0101
56452	262	43612	1790.0304	1871.0101
45569	266	48205	1790.0304	1871.0101
45569	266	62608	1790.0304	1871.0101
45422	266	80278	1790.0304	1871.0101
44279	266	76657	1790.0304	1871.0101
49263	262	43612	1790.0304	1871.0101
45569	266	52591	1790.0304	1871.0101
44279	266	60245	1790.0304	1871.0101
55156	262	43612	1790.0304	1871.0101
47485	262	43612	1790.0304	1871.0101
45569	266	50521	1790.0304	1871.0101
55405	262	43612	1790.0304	1871.0101
45569	266	68102	1790.0304	1871.0101
45422	266	59504	1790.0304	1871.0101
73458	262	44279	1790.0304	1871.0101
78826	262	44279	1790.0304	1871.0101
53143	262	43612	1790.0304	1871.0101
45569	266	44576	1790.0304	1871.0101
45569	266	45272	1790.0304	1871.0101
67946	262	43612	1790.0304	1871.0101
63891	262	43612	1790.0304	1871.0101
45422	266	64626	1790.0304	1871.0101
63278	262	43612	1790.0304	1871.0101
45569	266	62609	1790.0304	1871.0101
44279	266	51673	1790.0304	1871.0101
45644	262	43612	1790.0304	1871.0101
44279	266	70262	1790.0304	1871.0101
61803	262	45569	1790.0304	1871.0101
44279	266	44998	1790.0304	1871.0101
74121	262	43612	1790.0304	1871.0101
44279	266	44362	1790.0304	1871.0101
44279	266	47673	1790.0304	1871.0101
45569	266	51559	1790.0304	1871.0101
61320	262	44279	1790.0304	1871.0101
44279	266	53856	1790.0304	1871.0101
52585	262	45569	1790.0304	1871.0101
70262	262	44279	1790.0304	1871.0101
45422	266	68515	1790.0304	1871.0101
44279	266	70694	1790.0304	1871.0101
55443	262	43612	1790.0304	1871.0101
56139	262	43612	1790.0304	1871.0101
54865	262	45569	1790.0304	1871.0101
72418	262	45569	1790.0304	1871.0101
47937	262	45569	1790.0304	1871.0101
52981	262	45569	1790.0304	1871.0101
55247	262	45422	1790.0304	1871.0101
55068	262	43612	1790.0304	1871.0101
57563	262	45422	1790.0304	1871.0101
80334	262	44279	1790.0304	1871.0101
52852	262	43612	1790.0304	1871.0101
59487	262	43612	1790.0304	1871.0101
45422	266	71550	1790.0304	1871.0101
44279	266	49797	1790.0304	1871.0101
60600	262	45569	1790.0304	1871.0101
45569	266	48699	1790.0304	1871.0101
53336	262	45569	1790.0304	1871.0101
58467	262	43612	1790.0304	1871.0101
45569	266	47728	1790.0304	1871.0101
67129	262	43612	1790.0304	1871.0101
52103	262	45422	1790.0304	1871.0101
48868	262	43612	1790.0304	1871.0101
44279	266	50816	1790.0304	1871.0101
44942	262	43612	1790.0304	1871.0101
44279	266	43588	1790.0304	1871.0101
44367	262	43612	1790.0304	1871.0101
52166	262	43612	1790.0304	1871.0101
44575	262	45569	1790.0304	1871.0101
45181	262	43612	1790.0304	1871.0101
54046	262	45569	1790.0304	1871.0101
45569	266	63650	1790.0304	1871.0101
44279	266	47014	1790.0304	1871.0101
45422	266	60917	1790.0304	1871.0101
49707	262	45569	1790.0304	1871.0101
45422	266	73709	1790.0304	1871.0101
44048	262	45569	1790.0304	1871.0101
70694	262	44279	1790.0304	1871.0101
44279	266	70704	1790.0304	1871.0101
44279	266	52908	1790.0304	1871.0101
44488	262	43612	1790.0304	1871.0101
45422	266	57654	1790.0304	1871.0101
45422	266	62740	1790.0304	1871.0101
44806	262	43612	1790.0304	1871.0101
64626	262	43612	1790.0304	1871.0101
46345	262	43612	1790.0304	1871.0101
54750	262	43612	1790.0304	1871.0101
74353	262	43612	1790.0304	1871.0101
52838	262	43612	1790.0304	1871.0101
44391	262	45569	1790.0304	1871.0101
52500	262	45569	1790.0304	1871.0101
45569	266	52981	1790.0304	1871.0101
45569	266	58511	1790.0304	1871.0101
45569	266	55743	1790.0304	1871.0101
45569	266	44391	1790.0304	1871.0101
45569	266	47085	1790.0304	1871.0101
45569	266	55742	1790.0304	1871.0101
45569	266	50907	1790.0304	1871.0101
62936	262	45569	1790.0304	1871.0101
47085	262	45569	1790.0304	1871.0101
55742	262	45569	1790.0304	1871.0101
44279	266	63894	1790.0304	1871.0101
51695	262	43612	1790.0304	1871.0101
73674	262	44279	1790.0304	1871.0101
48205	262	45569	1790.0304	1871.0101
67860	262	44279	1790.0304	1871.0101
75576	262	44279	1790.0304	1871.0101
60938	262	43612	1790.0304	1871.0101
59949	262	43612	1790.0304	1871.0101
74845	262	43612	1790.0304	1871.0101
52401	262	44279	1790.0304	1871.0101
59905	262	43612	1790.0304	1871.0101
60917	262	45422	1790.0304	1871.0101
47747	262	43612	1790.0304	1871.0101
43587	262	44279	1790.0304	1871.0101
69926	262	44279	1790.0304	1871.0101
45496	262	43612	1790.0304	1871.0101
70704	262	44279	1790.0304	1871.0101
57010	262	43612	1790.0304	1871.0101
54543	262	43612	1790.0304	1871.0101
51569	262	44279	1790.0304	1871.0101
49679	262	45422	1790.0304	1871.0101
48186	262	43612	1790.0304	1871.0101
44357	262	43612	1790.0304	1871.0101
56771	262	45569	1790.0304	1871.0101
47466	262	45422	1790.0304	1871.0101
74033	262	45569	1790.0304	1871.0101
52591	262	45569	1790.0304	1871.0101
65036	262	45569	1790.0304	1871.0101
49418	262	43612	1790.0304	1871.0101
54571	262	45569	1790.0304	1871.0101
43899	262	43612	1790.0304	1871.0101
72609	262	43612	1790.0304	1871.0101
55739	262	45422	1790.0304	1871.0101
44955	262	43612	1790.0304	1871.0101
48873	262	43612	1790.0304	1871.0101
47467	262	45422	1790.0304	1871.0101
79925	262	43612	1790.0304	1871.0101
62609	262	45569	1790.0304	1871.0101
68277	262	44279	1790.0304	1871.0101
45886	262	43612	1790.0304	1871.0101
50352	262	43612	1790.0304	1871.0101
52328	262	43612	1790.0304	1871.0101
47678	262	44279	1790.0304	1871.0101
47674	262	44279	1790.0304	1871.0101
48974	262	45569	1790.0304	1871.0101
59510	262	43612	1790.0304	1871.0101
57101	262	45569	1790.0304	1871.0101
62312	262	43612	1790.0304	1871.0101
47086	262	43612	1790.0304	1871.0101
45570	262	45569	1790.0304	1871.0101
46731	262	45569	1790.0304	1871.0101
68673	262	43612	1790.0304	1871.0101
60386	262	43612	1790.0304	1871.0101
56415	262	43612	1790.0304	1871.0101
43944	262	45422	1790.0304	1871.0101
48708	262	45569	1790.0304	1871.0101
54019	262	45569	1790.0304	1871.0101
58407	262	43612	1790.0304	1871.0101
55900	262	43612	1790.0304	1871.0101
46309	262	45569	1790.0304	1871.0101
52116	262	43612	1790.0304	1871.0101
70978	262	45569	1790.0304	1871.0101
67706	262	43612	1790.0304	1871.0101
62608	262	45569	1790.0304	1871.0101
68709	262	43612	1790.0304	1871.0101
47025	262	43612	1790.0304	1871.0101
68264	262	43612	1790.0304	1871.0101
45008	262	45569	1790.0304	1871.0101
46899	262	45569	1790.0304	1871.0101
54925	262	43612	1790.0304	1871.0101
57893	262	43612	1790.0304	1871.0101
52793	262	43612	1790.0304	1871.0101
44573	262	43612	1790.0304	1871.0101
48668	262	45422	1790.0304	1871.0101
52839	262	43612	1790.0304	1871.0101
48206	262	45569	1790.0304	1871.0101
50449	262	45569	1790.0304	1871.0101
45272	262	45569	1790.0304	1871.0101
49706	262	45569	1790.0304	1871.0101
62198	262	45422	1790.0304	1871.0101
44279	266	67860	1790.0304	1871.0101
44279	266	70971	1790.0304	1871.0101
45569	266	44097	1790.0304	1871.0101
44279	266	43587	1790.0304	1871.0101
44279	266	52401	1790.0304	1871.0101
44279	266	69926	1790.0304	1871.0101
44279	266	73458	1790.0304	1871.0101
45422	266	53658	1790.0304	1871.0101
45569	266	74265	1790.0304	1871.0101
44279	266	51569	1790.0304	1871.0101
44279	266	76310	1790.0304	1871.0101
45422	266	60539	1790.0304	1871.0101
44279	266	56219	1790.0304	1871.0101
45422	266	49679	1790.0304	1871.0101
45569	266	65036	1790.0304	1871.0101
45422	266	58930	1790.0304	1871.0101
45569	266	49707	1790.0304	1871.0101
45569	266	44575	1790.0304	1871.0101
45569	266	75987	1790.0304	1871.0101
45422	266	78490	1790.0304	1871.0101
45422	266	52550	1790.0304	1871.0101
45569	266	48974	1790.0304	1871.0101
45569	266	58345	1790.0304	1871.0101
45569	266	75683	1790.0304	1871.0101
44279	266	65294	1790.0304	1871.0101
44279	266	47674	1790.0304	1871.0101
45422	266	52788	1790.0304	1871.0101
45569	266	46731	1790.0304	1871.0101
45569	266	60600	1790.0304	1871.0101
44279	266	79495	1790.0304	1871.0101
45569	266	48708	1790.0304	1871.0101
45422	266	74522	1790.0304	1871.0101
45569	266	45273	1790.0304	1871.0101
45569	266	64628	1790.0304	1871.0101
45569	266	63161	1790.0304	1871.0101
44279	266	76558	1790.0304	1871.0101
45422	266	76038	1790.0304	1871.0101
45569	266	54047	1790.0304	1871.0101
45569	266	45008	1790.0304	1871.0101
44279	266	63052	1790.0304	1871.0101
45422	266	78239	1790.0304	1871.0101
45422	266	73460	1790.0304	1871.0101
45422	266	73245	1790.0304	1871.0101
45569	266	48206	1790.0304	1871.0101
45569	266	50449	1790.0304	1871.0101
45569	266	49706	1790.0304	1871.0101
44279	266	62974	1790.0304	1871.0101
44279	266	80334	1790.0304	1871.0101
45422	266	82104	1790.0304	1871.0101
45422	266	52502	1790.0304	1871.0101
44279	266	72340	1790.0304	1871.0101
45584	262	45569	1790.0304	1871.0518
45955	262	45569	1790.0304	1871.0518
47878	262	45569	1790.0304	1871.0518
49727	262	45569	1790.0304	1871.0518
45569	266	45584	1790.0304	1871.0518
50882	262	45569	1790.0304	1871.0518
51265	266	51142	1790.0304	1871.0518
52831	262	45569	1790.0304	1871.0518
53094	262	45569	1790.0304	1871.0518
45569	266	47999	1790.0304	1871.0518
45569	266	45955	1790.0304	1871.0518
45569	266	59124	1790.0304	1871.0518
45569	266	52831	1790.0304	1871.0518
45569	266	46991	1790.0304	1871.0518
51265	266	43624	1790.0304	1871.0518
45569	266	62915	1790.0304	1871.0518
63464	262	45569	1790.0304	1871.0518
45569	266	50279	1790.0304	1871.0518
45569	266	50019	1790.0304	1871.0518
50961	262	45569	1790.0304	1871.0518
45569	266	46990	1790.0304	1871.0518
66805	262	45569	1790.0304	1871.0518
44106	262	45569	1790.0304	1871.0518
58310	262	45569	1790.0304	1871.0518
44280	262	45569	1790.0304	1871.0518
45569	266	50882	1790.0304	1871.0518
72000	262	45569	1790.0304	1871.0518
45569	266	58310	1790.0304	1871.0518
65568	262	45569	1790.0304	1871.0518
45569	266	66764	1790.0304	1871.0518
62915	262	45569	1790.0304	1871.0518
45569	266	53864	1790.0304	1871.0518
45569	266	55726	1790.0304	1871.0518
47998	262	45569	1790.0304	1871.0518
48707	262	45569	1790.0304	1871.0518
51265	266	49178	1790.0304	1871.0518
61702	262	45569	1790.0304	1871.0518
45569	266	56925	1790.0304	1871.0518
53710	262	45569	1790.0304	1871.0518
60947	262	45569	1790.0304	1871.0518
45569	266	49242	1790.0304	1871.0518
59613	262	45569	1790.0304	1871.0518
45569	266	58725	1790.0304	1871.0518
65923	262	45569	1790.0304	1871.0518
61816	262	45569	1790.0304	1871.0518
45771	262	45569	1790.0304	1871.0518
45569	266	59876	1790.0304	1871.0518
45569	266	54157	1790.0304	1871.0518
60404	262	45569	1790.0304	1871.0518
46990	262	45569	1790.0304	1871.0518
45569	266	63464	1790.0304	1871.0518
51265	266	67555	1790.0304	1871.0518
54157	262	45569	1790.0304	1871.0518
55195	262	45569	1790.0304	1871.0518
71853	262	45569	1790.0304	1871.0518
45569	266	65042	1790.0304	1871.0518
51265	266	45721	1790.0304	1871.0518
73512	262	45569	1790.0304	1871.0518
50722	262	45569	1790.0304	1871.0518
45569	266	54008	1790.0304	1871.0518
45569	266	53094	1790.0304	1871.0518
51265	266	57157	1790.0304	1871.0518
45569	266	45772	1790.0304	1871.0518
51265	266	48182	1790.0304	1871.0518
51265	266	57538	1790.0304	1871.0518
45569	266	64619	1790.0304	1871.0518
45569	266	55195	1790.0304	1871.0518
45569	266	61816	1790.0304	1871.0518
55321	262	45569	1790.0304	1871.0518
45721	262	51265	1790.0304	1871.0518
67170	262	45569	1790.0304	1871.0518
47999	262	45569	1790.0304	1871.0518
51265	266	53252	1790.0304	1871.0518
45569	266	48707	1790.0304	1871.0518
58725	262	45569	1790.0304	1871.0518
62965	262	45569	1790.0304	1871.0518
47938	262	45569	1790.0304	1871.0518
45772	262	45569	1790.0304	1871.0518
56660	262	45569	1790.0304	1871.0518
56925	262	45569	1790.0304	1871.0518
52501	262	45569	1790.0304	1871.0518
45569	266	62238	1790.0304	1871.0518
50962	262	45569	1790.0304	1871.0518
45569	266	48833	1790.0304	1871.0518
64489	262	45569	1790.0304	1871.0518
47883	262	45569	1790.0304	1871.0518
46991	262	45569	1790.0304	1871.0518
46308	262	45569	1790.0304	1871.0518
45569	266	62965	1790.0304	1871.0518
45569	266	60404	1790.0304	1871.0518
45569	266	61702	1790.0304	1871.0518
45569	266	45243	1790.0304	1871.0518
62741	262	45569	1790.0304	1871.0518
45569	266	47938	1790.0304	1871.0518
59124	262	45569	1790.0304	1871.0518
45569	266	50961	1790.0304	1871.0518
54008	262	45569	1790.0304	1871.0518
55658	262	45569	1790.0304	1871.0518
69854	262	51265	1790.0304	1871.0518
50520	262	45569	1790.0304	1871.0518
45569	266	49727	1790.0304	1871.0518
45569	266	64489	1790.0304	1871.0518
45569	266	45771	1790.0304	1871.0518
67096	262	45569	1790.0304	1871.0518
45569	266	49243	1790.0304	1871.0518
45569	266	50962	1790.0304	1871.0518
59876	262	45569	1790.0304	1871.0518
58863	262	45569	1790.0304	1871.0518
45569	266	44106	1790.0304	1871.0518
51265	266	46020	1790.0304	1871.0518
45569	266	58510	1790.0304	1871.0518
45569	266	52501	1790.0304	1871.0518
51265	266	45722	1790.0304	1871.0518
45569	266	50722	1790.0304	1871.0518
48832	262	45569	1790.0304	1871.0518
45569	266	71853	1790.0304	1871.0518
45569	266	72000	1790.0304	1871.0518
45569	266	67096	1790.0304	1871.0518
45569	266	47878	1790.0304	1871.0518
45569	266	55658	1790.0304	1871.0518
45569	266	50723	1790.0304	1871.0518
45569	266	53710	1790.0304	1871.0518
67555	262	51265	1790.0304	1871.0518
55726	262	45569	1790.0304	1871.0518
45569	266	56931	1790.0304	1871.0518
53864	262	45569	1790.0304	1871.0518
50419	262	45569	1790.0304	1871.0518
45569	266	51464	1790.0304	1871.0518
45569	266	50419	1790.0304	1871.0518
45569	266	56660	1790.0304	1871.0518
45569	266	47998	1790.0304	1871.0518
45569	266	55548	1790.0304	1871.0518
45569	266	66267	1790.0304	1871.0518
45569	266	65568	1790.0304	1871.0518
55548	262	45569	1790.0304	1871.0518
51265	266	43623	1790.0304	1871.0518
51265	266	61735	1790.0304	1871.0518
48833	262	45569	1790.0304	1871.0518
49242	262	45569	1790.0304	1871.0518
55854	262	45569	1790.0304	1871.0518
62238	262	45569	1790.0304	1871.0518
45243	262	45569	1790.0304	1871.0518
58510	262	45569	1790.0304	1871.0518
47775	262	45569	1790.0304	1871.0518
52778	262	45569	1790.0304	1871.0518
49243	262	45569	1790.0304	1871.0518
50019	262	45569	1790.0304	1871.0518
65042	262	45569	1790.0304	1871.0518
66764	262	45569	1790.0304	1871.0518
57294	262	45569	1790.0304	1871.0518
50723	262	45569	1790.0304	1871.0518
45722	262	51265	1790.0304	1871.0518
56931	262	45569	1790.0304	1871.0518
60587	262	45569	1790.0304	1871.0518
51464	262	45569	1790.0304	1871.0518
45569	266	55854	1790.0304	1871.0518
45569	266	48832	1790.0304	1871.0518
45569	266	47883	1790.0304	1871.0518
45569	266	60947	1790.0304	1871.0518
45569	266	73512	1790.0304	1871.0518
45569	266	47775	1790.0304	1871.0518
45569	266	50520	1790.0304	1871.0518
45569	266	44280	1790.0304	1871.0518
45569	266	65923	1790.0304	1871.0518
45569	266	52778	1790.0304	1871.0518
45569	266	66805	1790.0304	1871.0518
45569	266	55321	1790.0304	1871.0518
51265	266	69854	1790.0304	1871.0518
45569	266	46308	1790.0304	1871.0518
45569	266	59613	1790.0304	1871.0518
51265	266	54500	1790.0304	1871.0518
45569	266	57294	1790.0304	1871.0518
45569	266	60587	1790.0304	1871.0518
45569	266	58863	1790.0304	1871.0518
45569	266	62741	1790.0304	1871.0518
51265	266	57181	1790.0304	1871.0518
51265	266	53248	1790.0304	1871.0518
45569	266	74717	1790.0304	1871.0518
45569	266	67170	1790.0304	1871.0518
53193	262	45569	1790.0304	1871.0906
47511	262	45569	1790.0304	1871.0907
45569	266	49056	1790.0304	1871.0907
45569	266	49973	1790.0304	1871.0907
50303	262	45569	1790.0304	1871.0907
53757	262	45569	1790.0304	1871.0907
56602	262	45569	1790.0304	1871.0907
45569	266	60003	1790.0304	1871.0907
45569	266	47511	1790.0304	1871.0907
64400	262	45569	1790.0304	1871.0907
65847	262	45569	1790.0304	1871.0907
67419	262	45569	1790.0304	1871.0907
56936	262	45569	1790.0304	1871.0907
45569	266	64523	1790.0304	1871.0907
45569	266	43643	1790.0304	1871.0907
60771	262	45569	1790.0304	1871.0907
45569	266	59186	1790.0304	1871.0907
45569	266	52784	1790.0304	1871.0907
45569	266	53757	1790.0304	1871.0907
67456	262	45569	1790.0304	1871.0907
45569	266	56602	1790.0304	1871.0907
45569	266	50303	1790.0304	1871.0907
45569	266	45970	1790.0304	1871.0907
45569	266	59070	1790.0304	1871.0907
45569	266	67456	1790.0304	1871.0907
79776	262	44279	1790.0304	1871.0907
59058	262	45569	1790.0304	1871.0907
45569	266	76651	1790.0304	1871.0907
45569	266	59058	1790.0304	1871.0907
45569	266	81674	1790.0304	1871.0907
44764	262	45569	1790.0304	1871.0907
49973	262	45569	1790.0304	1871.0907
44279	266	62844	1790.0304	1871.0907
49056	262	45569	1790.0304	1871.0907
44279	266	71776	1790.0304	1871.0907
83777	262	45569	1790.0304	1871.0907
77193	262	45569	1790.0304	1871.0907
45569	266	84040	1790.0304	1871.0907
71776	262	44279	1790.0304	1871.0907
43643	262	45569	1790.0304	1871.0907
54283	262	45569	1790.0304	1871.0907
45569	266	83777	1790.0304	1871.0907
76651	262	45569	1790.0304	1871.0907
45569	266	57991	1790.0304	1871.0907
45569	266	55356	1790.0304	1871.0907
55356	262	45569	1790.0304	1871.0907
85113	262	45569	1790.0304	1871.0907
59176	262	45569	1790.0304	1871.0907
81674	262	45569	1790.0304	1871.0907
64523	262	45569	1790.0304	1871.0907
60003	262	45569	1790.0304	1871.0907
59186	262	45569	1790.0304	1871.0907
57991	262	45569	1790.0304	1871.0907
84040	262	45569	1790.0304	1871.0907
45569	266	85113	1790.0304	1871.0907
45569	266	54283	1790.0304	1871.0907
45569	266	77193	1790.0304	1871.0907
44279	266	83334	1790.0304	1871.0907
45569	266	69711	1790.0304	1871.0907
44279	266	79776	1790.0304	1871.0907
45569	266	64247	1790.0304	1871.0907
45569	266	64400	1790.0304	1871.0907
45569	266	44764	1790.0304	1871.0907
45569	266	56936	1790.0304	1871.0907
45569	266	67419	1790.0304	1871.0907
45569	266	60771	1790.0304	1871.0907
45569	266	65847	1790.0304	1871.0907
55611	262	47094	1790.0304	1967.072
48690	266	45868	1790.0304	1967.1231
48690	266	72804	1790.0304	1967.1231
45219	266	52812	1790.0304	1967.1231
45219	266	55089	1790.0304	1967.1231
48690	266	81635	1790.0304	1967.1231
61640	262	44584	1790.0304	1967.1231
63577	262	47094	1790.0304	1967.1231
48690	266	76472	1790.0304	1967.1231
48690	266	45308	1790.0304	1967.1231
45219	266	57324	1790.0304	1967.1231
44583	262	44584	1790.0304	1968.0101
45775	262	44584	1790.0304	1968.0101
45860	262	44584	1790.0304	1968.0101
44584	266	45903	1790.0304	1968.0101
44584	266	46949	1790.0304	1968.0101
47094	266	47095	1790.0304	1968.0101
47094	266	45528	1790.0304	1968.0101
47989	262	44584	1790.0304	1968.0101
48685	262	44584	1790.0304	1968.0101
49695	262	44584	1790.0304	1968.0101
44584	266	49986	1790.0304	1968.0101
47094	266	50053	1790.0304	1968.0101
50322	262	47094	1790.0304	1968.0101
44584	266	51025	1790.0304	1968.0101
44584	266	51108	1790.0304	1968.0101
51223	262	47094	1790.0304	1968.0101
44584	266	52691	1790.0304	1968.0101
52939	262	44584	1790.0304	1968.0101
44584	266	53729	1790.0304	1968.0101
44584	266	55343	1790.0304	1968.0101
44779	262	47094	1790.0304	1968.0101
51437	262	47094	1790.0304	1968.0101
44584	266	45223	1790.0304	1968.0101
47094	266	56522	1790.0304	1968.0101
57493	262	47094	1790.0304	1968.0101
56547	262	44584	1790.0304	1968.0101
58803	262	44584	1790.0304	1968.0101
47094	266	56341	1790.0304	1968.0101
59446	262	44584	1790.0304	1968.0101
47094	266	59640	1790.0304	1968.0101
47094	266	44722	1790.0304	1968.0101
44584	266	59078	1790.0304	1968.0101
60073	262	44584	1790.0304	1968.0101
44584	266	43679	1790.0304	1968.0101
60449	262	47094	1790.0304	1968.0101
47094	266	55335	1790.0304	1968.0101
44584	266	54998	1790.0304	1968.0101
61771	262	44584	1790.0304	1968.0101
44584	266	62006	1790.0304	1968.0101
44584	266	62621	1790.0304	1968.0101
54998	262	44584	1790.0304	1968.0101
47094	266	46580	1790.0304	1968.0101
44584	266	63026	1790.0304	1968.0101
63157	262	44584	1790.0304	1968.0101
63174	262	44584	1790.0304	1968.0101
56730	262	44584	1790.0304	1968.0101
44139	262	44584	1790.0304	1968.0101
44584	266	63944	1790.0304	1968.0101
44584	266	49129	1790.0304	1968.0101
44584	266	43680	1790.0304	1968.0101
44584	266	51617	1790.0304	1968.0101
49211	262	44584	1790.0304	1968.0101
44584	266	64804	1790.0304	1968.0101
64870	262	44584	1790.0304	1968.0101
44949	262	44584	1790.0304	1968.0101
44584	266	54965	1790.0304	1968.0101
44584	266	65359	1790.0304	1968.0101
65380	262	44584	1790.0304	1968.0101
56687	262	44584	1790.0304	1968.0101
44584	266	65508	1790.0304	1968.0101
44584	266	49211	1790.0304	1968.0101
44584	266	50672	1790.0304	1968.0101
47094	266	48559	1790.0304	1968.0101
66116	262	44584	1790.0304	1968.0101
44584	266	59079	1790.0304	1968.0101
62705	262	44584	1790.0304	1968.0101
58996	262	44584	1790.0304	1968.0101
47094	266	51437	1790.0304	1968.0101
56729	262	44584	1790.0304	1968.0101
47094	266	50976	1790.0304	1968.0101
44584	266	65680	1790.0304	1968.0101
47094	266	52488	1790.0304	1968.0101
46949	262	44584	1790.0304	1968.0101
44584	266	49210	1790.0304	1968.0101
67868	262	44584	1790.0304	1968.0101
67436	262	44584	1790.0304	1968.0101
44584	266	45775	1790.0304	1968.0101
50012	262	44584	1790.0304	1968.0101
51025	262	44584	1790.0304	1968.0101
61264	262	47094	1790.0304	1968.0101
44584	266	44642	1790.0304	1968.0101
44584	266	51007	1790.0304	1968.0101
70257	262	44584	1790.0304	1968.0101
47094	266	49977	1790.0304	1968.0101
52129	262	44584	1790.0304	1968.0101
44584	266	57795	1790.0304	1968.0101
47094	266	56384	1790.0304	1968.0101
56294	262	44584	1790.0304	1968.0101
44584	266	49134	1790.0304	1968.0101
44584	266	60135	1790.0304	1968.0101
44584	266	71240	1790.0304	1968.0101
63618	262	44584	1790.0304	1968.0101
44584	266	43851	1790.0304	1968.0101
44584	266	65545	1790.0304	1968.0101
44584	266	50773	1790.0304	1968.0101
44584	266	72794	1790.0304	1968.0101
44584	266	67436	1790.0304	1968.0101
47094	266	45043	1790.0304	1968.0101
44584	266	66116	1790.0304	1968.0101
47094	266	57739	1790.0304	1968.0101
73708	262	44584	1790.0304	1968.0101
58464	262	47094	1790.0304	1968.0101
44584	266	71126	1790.0304	1968.0101
49134	262	44584	1790.0304	1968.0101
44584	266	55393	1790.0304	1968.0101
54907	262	44584	1790.0304	1968.0101
44584	266	68882	1790.0304	1968.0101
47094	266	46581	1790.0304	1968.0101
44584	266	66816	1790.0304	1968.0101
49222	262	44584	1790.0304	1968.0101
55006	262	44584	1790.0304	1968.0101
44584	266	58789	1790.0304	1968.0101
47094	266	53201	1790.0304	1968.0101
44584	266	52129	1790.0304	1968.0101
44584	266	57796	1790.0304	1968.0101
47094	266	52489	1790.0304	1968.0101
44584	266	61828	1790.0304	1968.0101
44584	266	50553	1790.0304	1968.0101
44584	266	69363	1790.0304	1968.0101
44584	266	75631	1790.0304	1968.0101
44584	266	63612	1790.0304	1968.0101
44584	266	64118	1790.0304	1968.0101
44584	266	49845	1790.0304	1968.0101
44584	266	68167	1790.0304	1968.0101
47325	262	44584	1790.0304	1968.0101
50976	262	47094	1790.0304	1968.0101
75631	262	44584	1790.0304	1968.0101
74788	262	44584	1790.0304	1968.0101
44584	266	56060	1790.0304	1968.0101
76116	262	44584	1790.0304	1968.0101
44584	266	51424	1790.0304	1968.0101
47094	266	47537	1790.0304	1968.0101
76200	262	44584	1790.0304	1968.0101
71533	262	44584	1790.0304	1968.0101
48347	262	44584	1790.0304	1968.0101
44584	266	69703	1790.0304	1968.0101
44584	266	58812	1790.0304	1968.0101
44584	266	52939	1790.0304	1968.0101
56341	262	47094	1790.0304	1968.0101
47094	266	50977	1790.0304	1968.0101
53304	262	44584	1790.0304	1968.0101
44584	266	50012	1790.0304	1968.0101
44584	266	76200	1790.0304	1968.0101
50217	262	47094	1790.0304	1968.0101
49845	262	44584	1790.0304	1968.0101
48429	262	47094	1790.0304	1968.0101
44584	266	70690	1790.0304	1968.0101
50414	262	44584	1790.0304	1968.0101
71126	262	44584	1790.0304	1968.0101
57386	262	47094	1790.0304	1968.0101
47094	266	43710	1790.0304	1968.0101
44584	266	66676	1790.0304	1968.0101
44584	266	50375	1790.0304	1968.0101
43679	262	44584	1790.0304	1968.0101
54596	262	44584	1790.0304	1968.0101
47094	266	48168	1790.0304	1968.0101
72638	262	44584	1790.0304	1968.0101
47094	266	57620	1790.0304	1968.0101
52832	262	44584	1790.0304	1968.0101
75876	262	44584	1790.0304	1968.0101
64804	262	44584	1790.0304	1968.0101
72651	262	44584	1790.0304	1968.0101
47049	262	47094	1790.0304	1968.0101
44584	266	79375	1790.0304	1968.0101
47094	266	47049	1790.0304	1968.0101
64119	262	44584	1790.0304	1968.0101
56522	262	47094	1790.0304	1968.0101
44584	266	60063	1790.0304	1968.0101
44584	266	70257	1790.0304	1968.0101
61828	262	44584	1790.0304	1968.0101
44584	266	59446	1790.0304	1968.0101
44584	266	45013	1790.0304	1968.0101
44584	266	58044	1790.0304	1968.0101
48004	262	44584	1790.0304	1968.0101
44584	266	63174	1790.0304	1968.0101
44584	266	58465	1790.0304	1968.0101
44584	266	46042	1790.0304	1968.0101
44584	266	52610	1790.0304	1968.0101
59486	262	47094	1790.0304	1968.0101
80404	262	44584	1790.0304	1968.0101
70719	262	44584	1790.0304	1968.0101
44584	266	70719	1790.0304	1968.0101
56643	262	44584	1790.0304	1968.0101
44584	266	45128	1790.0304	1968.0101
44584	266	46696	1790.0304	1968.0101
44584	266	50973	1790.0304	1968.0101
48272	262	44584	1790.0304	1968.0101
48559	262	47094	1790.0304	1968.0101
44584	266	49130	1790.0304	1968.0101
44584	266	79652	1790.0304	1968.0101
46481	262	44584	1790.0304	1968.0101
47094	266	43676	1790.0304	1968.0101
44584	266	44799	1790.0304	1968.0101
79652	262	44584	1790.0304	1968.0101
44584	266	80257	1790.0304	1968.0101
47094	266	56195	1790.0304	1968.0101
45013	262	44584	1790.0304	1968.0101
44584	266	54121	1790.0304	1968.0101
56293	262	44584	1790.0304	1968.0101
49210	262	44584	1790.0304	1968.0101
44584	266	45012	1790.0304	1968.0101
44584	266	49222	1790.0304	1968.0101
44584	266	61035	1790.0304	1968.0101
53477	262	47094	1790.0304	1968.0101
77999	262	44584	1790.0304	1968.0101
44584	266	75431	1790.0304	1968.0101
44584	266	73708	1790.0304	1968.0101
61035	262	44584	1790.0304	1968.0101
59317	262	44584	1790.0304	1968.0101
57070	262	44584	1790.0304	1968.0101
47095	262	47094	1790.0304	1968.0101
58812	262	44584	1790.0304	1968.0101
47094	266	58464	1790.0304	1968.0101
72178	262	44584	1790.0304	1968.0101
66676	262	44584	1790.0304	1968.0101
47094	266	51223	1790.0304	1968.0101
47094	266	55227	1790.0304	1968.0101
48005	262	44584	1790.0304	1968.0101
73000	262	44584	1790.0304	1968.0101
53413	262	44584	1790.0304	1968.0101
44584	266	64377	1790.0304	1968.0101
50421	262	44584	1790.0304	1968.0101
44584	266	77753	1790.0304	1968.0101
47094	266	48677	1790.0304	1968.0101
47094	266	67876	1790.0304	1968.0101
47094	266	48698	1790.0304	1968.0101
44584	266	45860	1790.0304	1968.0101
44584	266	64475	1790.0304	1968.0101
44584	266	54617	1790.0304	1968.0101
58789	262	44584	1790.0304	1968.0101
82273	262	44584	1790.0304	1968.0101
44584	266	66019	1790.0304	1968.0101
78322	262	44584	1790.0304	1968.0101
44584	266	71533	1790.0304	1968.0101
44584	266	59317	1790.0304	1968.0101
69363	262	44584	1790.0304	1968.0101
44584	266	54596	1790.0304	1968.0101
47094	266	47610	1790.0304	1968.0101
47094	266	47536	1790.0304	1968.0101
44584	266	63618	1790.0304	1968.0101
47094	266	47763	1790.0304	1968.0101
64118	262	44584	1790.0304	1968.0101
47094	266	57493	1790.0304	1968.0101
47094	266	55611	1790.0304	1968.0101
45012	262	44584	1790.0304	1968.0101
44584	266	65430	1790.0304	1968.0101
44584	266	79246	1790.0304	1968.0101
55035	262	44584	1790.0304	1968.0101
68167	262	44584	1790.0304	1968.0101
44584	266	64016	1790.0304	1968.0101
44584	266	62705	1790.0304	1968.0101
52488	262	47094	1790.0304	1968.0101
44584	266	44643	1790.0304	1968.0101
51007	262	44584	1790.0304	1968.0101
43851	262	44584	1790.0304	1968.0101
47094	266	50322	1790.0304	1968.0101
44584	266	54907	1790.0304	1968.0101
47094	266	61264	1790.0304	1968.0101
44584	266	70019	1790.0304	1968.0101
44237	262	47094	1790.0304	1968.0101
48807	262	47094	1790.0304	1968.0101
44584	266	58803	1790.0304	1968.0101
47537	262	47094	1790.0304	1968.0101
47094	266	50217	1790.0304	1968.0101
44584	266	63157	1790.0304	1968.0101
72439	262	44584	1790.0304	1968.0101
44584	266	48005	1790.0304	1968.0101
45222	262	44584	1790.0304	1968.0101
50973	262	44584	1790.0304	1968.0101
75375	262	44584	1790.0304	1968.0101
65576	262	44584	1790.0304	1968.0101
47094	266	49768	1790.0304	1968.0101
50554	262	44584	1790.0304	1968.0101
44584	266	47038	1790.0304	1968.0101
71240	262	44584	1790.0304	1968.0101
44584	266	47195	1790.0304	1968.0101
44584	266	60073	1790.0304	1968.0101
44584	266	50772	1790.0304	1968.0101
44584	266	56687	1790.0304	1968.0101
51617	262	44584	1790.0304	1968.0101
79375	262	44584	1790.0304	1968.0101
44584	266	71507	1790.0304	1968.0101
44584	266	67629	1790.0304	1968.0101
47094	266	71292	1790.0304	1968.0101
44584	266	43852	1790.0304	1968.0101
44584	266	49375	1790.0304	1968.0101
47094	266	43798	1790.0304	1968.0101
57796	262	44584	1790.0304	1968.0101
50053	262	47094	1790.0304	1968.0101
44584	266	52832	1790.0304	1968.0101
47094	266	57386	1790.0304	1968.0101
63612	262	44584	1790.0304	1968.0101
58884	262	47094	1790.0304	1968.0101
44584	266	48004	1790.0304	1968.0101
44642	262	44584	1790.0304	1968.0101
47195	262	44584	1790.0304	1968.0101
47094	266	60530	1790.0304	1968.0101
44584	266	80404	1790.0304	1968.0101
44584	266	56729	1790.0304	1968.0101
44584	266	45195	1790.0304	1968.0101
47094	266	60449	1790.0304	1968.0101
44584	266	66941	1790.0304	1968.0101
45129	262	44584	1790.0304	1968.0101
55394	262	44584	1790.0304	1968.0101
44584	266	48347	1790.0304	1968.0101
44584	266	68980	1790.0304	1968.0101
44584	266	64630	1790.0304	1968.0101
77753	262	44584	1790.0304	1968.0101
70690	262	44584	1790.0304	1968.0101
44584	266	57476	1790.0304	1968.0101
65152	262	44584	1790.0304	1968.0101
73595	262	44584	1790.0304	1968.0101
54965	262	44584	1790.0304	1968.0101
56060	262	44584	1790.0304	1968.0101
47094	266	44779	1790.0304	1968.0101
71994	262	44584	1790.0304	1968.0101
53800	262	44584	1790.0304	1968.0101
44584	266	49787	1790.0304	1968.0101
44584	266	48685	1790.0304	1968.0101
62621	262	44584	1790.0304	1968.0101
47094	266	66411	1790.0304	1968.0101
84554	262	44584	1790.0304	1968.0101
44584	266	72651	1790.0304	1968.0101
44584	266	47324	1790.0304	1968.0101
44584	266	48272	1790.0304	1968.0101
44584	266	53197	1790.0304	1968.0101
60487	262	44584	1790.0304	1968.0101
44584	266	43854	1790.0304	1968.0101
44584	266	47989	1790.0304	1968.0101
52691	262	44584	1790.0304	1968.0101
47094	266	59486	1790.0304	1968.0101
48168	262	47094	1790.0304	1968.0101
43710	262	47094	1790.0304	1968.0101
47094	266	51937	1790.0304	1968.0101
47094	266	66285	1790.0304	1968.0101
47094	266	53477	1790.0304	1968.0101
59078	262	44584	1790.0304	1968.0101
44584	266	65380	1790.0304	1968.0101
44584	266	71994	1790.0304	1968.0101
44584	266	50414	1790.0304	1968.0101
44584	266	56293	1790.0304	1968.0101
44584	266	50054	1790.0304	1968.0101
44584	266	56643	1790.0304	1968.0101
44584	266	74669	1790.0304	1968.0101
44584	266	53303	1790.0304	1968.0101
44584	266	62280	1790.0304	1968.0101
49375	262	44584	1790.0304	1968.0101
74669	262	44584	1790.0304	1968.0101
82578	262	44584	1790.0304	1968.0101
71507	262	44584	1790.0304	1968.0101
85112	262	44584	1790.0304	1968.0101
49787	262	44584	1790.0304	1968.0101
50706	262	44584	1790.0304	1968.0101
62280	262	44584	1790.0304	1968.0101
63026	262	44584	1790.0304	1968.0101
49786	262	44584	1790.0304	1968.0101
63266	262	44584	1790.0304	1968.0101
79748	262	44584	1790.0304	1968.0101
60063	262	44584	1790.0304	1968.0101
52610	262	44584	1790.0304	1968.0101
50974	262	44584	1790.0304	1968.0101
45903	262	44584	1790.0304	1968.0101
65359	262	44584	1790.0304	1968.0101
64377	262	44584	1790.0304	1968.0101
57476	262	44584	1790.0304	1968.0101
68882	262	44584	1790.0304	1968.0101
60135	262	44584	1790.0304	1968.0101
55087	262	44584	1790.0304	1968.0101
62006	262	44584	1790.0304	1968.0101
66411	262	47094	1790.0304	1968.0101
53476	262	47094	1790.0304	1968.0101
50772	262	44584	1790.0304	1968.0101
66816	262	44584	1790.0304	1968.0101
50672	262	44584	1790.0304	1968.0101
75431	262	44584	1790.0304	1968.0101
64630	262	44584	1790.0304	1968.0101
58465	262	44584	1790.0304	1968.0101
57739	262	47094	1790.0304	1968.0101
61477	262	47094	1790.0304	1968.0101
56195	262	47094	1790.0304	1968.0101
66941	262	44584	1790.0304	1968.0101
53180	262	44584	1790.0304	1968.0101
47610	262	47094	1790.0304	1968.0101
82577	262	44584	1790.0304	1968.0101
57795	262	44584	1790.0304	1968.0101
59079	262	44584	1790.0304	1968.0101
83915	262	44584	1790.0304	1968.0101
43680	262	44584	1790.0304	1968.0101
44187	262	47094	1790.0304	1968.0101
50977	262	47094	1790.0304	1968.0101
48698	262	47094	1790.0304	1968.0101
53201	262	47094	1790.0304	1968.0101
50773	262	44584	1790.0304	1968.0101
44140	262	44584	1790.0304	1968.0101
72794	262	44584	1790.0304	1968.0101
65430	262	44584	1790.0304	1968.0101
80257	262	44584	1790.0304	1968.0101
46042	262	44584	1790.0304	1968.0101
67629	262	44584	1790.0304	1968.0101
49511	262	44584	1790.0304	1968.0101
70019	262	44584	1790.0304	1968.0101
48273	262	44584	1790.0304	1968.0101
65508	262	44584	1790.0304	1968.0101
68980	262	44584	1790.0304	1968.0101
79246	262	44584	1790.0304	1968.0101
69703	262	44584	1790.0304	1968.0101
73182	262	44584	1790.0304	1968.0101
44584	266	55394	1790.0304	1968.0101
44584	266	85112	1790.0304	1968.0101
44584	266	82578	1790.0304	1968.0101
44584	266	73595	1790.0304	1968.0101
44584	266	65576	1790.0304	1968.0101
44584	266	50706	1790.0304	1968.0101
44584	266	44949	1790.0304	1968.0101
47094	266	48807	1790.0304	1968.0101
47094	266	66888	1790.0304	1968.0101
44584	266	45129	1790.0304	1968.0101
44584	266	49786	1790.0304	1968.0101
44584	266	46481	1790.0304	1968.0101
44584	266	75375	1790.0304	1968.0101
44584	266	73000	1790.0304	1968.0101
44584	266	79748	1790.0304	1968.0101
44584	266	56294	1790.0304	1968.0101
44584	266	53304	1790.0304	1968.0101
44584	266	53800	1790.0304	1968.0101
44584	266	75876	1790.0304	1968.0101
44584	266	63266	1790.0304	1968.0101
44584	266	43853	1790.0304	1968.0101
44584	266	74788	1790.0304	1968.0101
44584	266	50974	1790.0304	1968.0101
44584	266	84554	1790.0304	1968.0101
47094	266	53476	1790.0304	1968.0101
44584	266	45222	1790.0304	1968.0101
44584	266	72439	1790.0304	1968.0101
44584	266	55087	1790.0304	1968.0101
44584	266	55035	1790.0304	1968.0101
47094	266	48429	1790.0304	1968.0101
44584	266	44583	1790.0304	1968.0101
44584	266	64870	1790.0304	1968.0101
44584	266	64119	1790.0304	1968.0101
47094	266	47730	1790.0304	1968.0101
44584	266	47325	1790.0304	1968.0101
44584	266	72638	1790.0304	1968.0101
47094	266	61477	1790.0304	1968.0101
47094	266	44237	1790.0304	1968.0101
47094	266	53558	1790.0304	1968.0101
44584	266	78322	1790.0304	1968.0101
44584	266	82273	1790.0304	1968.0101
44584	266	56730	1790.0304	1968.0101
47094	266	58884	1790.0304	1968.0101
44584	266	60487	1790.0304	1968.0101
44584	266	49695	1790.0304	1968.0101
44584	266	53180	1790.0304	1968.0101
44584	266	65152	1790.0304	1968.0101
47094	266	49676	1790.0304	1968.0101
44584	266	82577	1790.0304	1968.0101
44584	266	55006	1790.0304	1968.0101
44584	266	67868	1790.0304	1968.0101
44584	266	72178	1790.0304	1968.0101
44584	266	50374	1790.0304	1968.0101
44584	266	58996	1790.0304	1968.0101
44584	266	83915	1790.0304	1968.0101
44584	266	45194	1790.0304	1968.0101
44584	266	56547	1790.0304	1968.0101
47094	266	44187	1790.0304	1968.0101
44584	266	53413	1790.0304	1968.0101
44584	266	50421	1790.0304	1968.0101
44584	266	50671	1790.0304	1968.0101
44584	266	57885	1790.0304	1968.0101
47094	266	50633	1790.0304	1968.0101
44584	266	44140	1790.0304	1968.0101
44584	266	55036	1790.0304	1968.0101
44584	266	44798	1790.0304	1968.0101
44584	266	44139	1790.0304	1968.0101
44584	266	50554	1790.0304	1968.0101
44584	266	61640	1790.0304	1968.0101
44584	266	76116	1790.0304	1968.0101
44584	266	77999	1790.0304	1968.0101
44584	266	48273	1790.0304	1968.0101
44584	266	57536	1790.0304	1968.0101
44584	266	49511	1790.0304	1968.0101
44584	266	57070	1790.0304	1968.0101
44584	266	73182	1790.0304	1968.0101
44584	266	61771	1790.0304	1968.0101
59420	262	59419	1790.0304	2015.0322
55480	266	48359	1790.0716	1846.0709
79287	261	44105	1790.1122	1790.1122
65157	261	46184	1791.0101	1791.0101
62405	261	44022	1791.0101	1791.0101
69771	261	46184	1791.0101	1791.0101
69771	261	49982	1791.0101	1791.0101
83626	265	45257	1791.0101	1798.0101
60921	259	43877	1791.0101	1805.0101
58552	263	53255	1791.0101	1817.0101
57476	262	47094	1791.0101	1968.0101
47094	266	57476	1791.0101	1968.0101
59393	272	59394	1791.0929	1820.0806
59394	272	59393	1791.0929	1820.0806
52222	272	49526	1791.1001	1837.1012
49526	272	52222	1791.1001	1837.1012
62137	261	44022	1792.0101	1792.0101
55714	273	43580	1792.0101	1805.0101
62910	273	43676	1792.0101	1814.0101
68707	261	85282	1792.0628	1792.0628
48225	272	48226	1793.0404	1794.0101
48226	272	48225	1793.0404	1794.0101
44782	266	57444	1793.0812	2015.0101
44782	266	51022	1793.0812	2015.0101
51022	262	44782	1793.0812	2015.0101
45179	272	71712	1793.1009	1825.1201
71712	272	45179	1793.1009	1825.1201
61692	272	70252	1793.1224	1810.0719
70252	272	61692	1793.1224	1810.0719
70653	273	57686	1794.0101	1794.0101
65989	261	46184	1794.0101	1794.0101
49894	265	70148	1794.0101	1794.0101
65989	261	49982	1794.0101	1794.0101
76881	273	45668	1794.0101	1794.0101
70349	265	45200	1794.0101	1797.0101
63262	263	45200	1794.0101	1798.0101
58960	261	44105	1794.1124	1794.1124
66864	261	44105	1794.1124	1794.1124
44343	260	58828	1795.0101	1795.0101
50566	259	53289	1795.0101	1795.0101
74909	262	43651	1795.0101	1797.0101
57428	264	43651	1795.0101	1815.0101
66732	263	58979	1795.0101	1820.0101
58552	263	50362	1795.0101	1824.0101
46078	259	43877	1795.0101	1838.0101
54679	259	43877	1795.0101	1838.0101
70391	259	43877	1795.0101	1840.0101
67529	259	43877	1795.0101	1840.0101
61556	272	55563	1795.1122	1841.0404
55563	272	61556	1795.1125	1841.0404
50566	259	53421	1796.0101	1796.0101
69365	265	57919	1796.0101	1819.0101
59062	262	44343	1796.0101	1917.0101
44644	262	44343	1796.0101	1917.0913
65032	266	65031	1796.0101	1929.0101
65032	266	82471	1796.0101	1929.0101
45037	272	60211	1796.0226	1820.032
60211	272	45037	1796.0226	1820.032
45078	261	44428	1796.0706	1796.0706
45078	261	44033	1796.0706	1796.0706
75495	262	44343	1796.1023	1917.0914
75060	262	50018	1796.1111	1927.0101
57807	262	44343	1796.1112	1917.0914
50018	262	44343	1796.1223	1917.0913
50930	262	44343	1796.1223	1917.0913
77377	262	44343	1796.1223	1917.0913
78773	262	44343	1796.1223	1917.0914
70043	262	44343	1796.1223	1917.0914
65032	262	44343	1796.1223	1917.1107
79434	262	44343	1797.0103	1917.112
56402	262	44343	1797.0104	1917.0914
65031	262	65032	1797.0111	1929.0114
44782	266	45839	1797.0505	2015.0101
83626	265	45203	1798.0101	1802.0101
48391	262	76784	1798.0101	1804.0101
56988	263	45200	1798.0101	1835.0101
45422	266	47172	1798.0104	1871.0101
45422	266	45384	1798.0104	1871.0101
45384	262	45422	1798.0104	1871.0101
76692	265	43739	1799.0101	1799.0101
60211	261	49895	1799.0101	1799.0101
65989	261	44466	1799.0101	1799.0101
61224	272	55806	1799.0101	1799.0101
65989	261	53554	1799.0101	1799.0101
56616	265	50108	1799.1001	1801.0101
62137	261	50434	1800.0101	1800.0101
83416	261	44105	1800.0101	1800.0101
60211	261	44105	1800.0101	1800.0101
83416	261	44428	1800.0101	1800.0101
65989	261	45021	1800.0101	1800.0101
65883	264	44170	1800.0101	1819.0101
51051	272	75859	1800.012	1815.1013
66864	261	44428	1801.0101	1801.0101
63179	261	44022	1801.0101	1801.0101
53947	263	46631	1801.0101	1804.0101
53047	263	46631	1801.0101	1862.0101
55480	266	61777	1801.0101	1871.0221
58167	262	50735	1801.0101	1927.0101
52128	262	44343	1801.0909	1917.0913
43716	261	44022	1802.0101	1802.0101
65609	259	43877	1802.0101	1803.0101
65417	265	45257	1802.0101	1805.0101
84217	265	67550	1802.0101	1805.0101
62405	259	43877	1802.0101	1830.0101
46233	262	44343	1802.0311	1917.0913
75347	262	44343	1802.0311	1917.0913
62477	272	83999	1802.1001	1802.1001
48435	261	85286	1802.1005	1802.1005
83999	272	62477	1802.1006	1802.1006
64196	262	44343	1802.102	1917.0913
58960	272	85461	1802.1029	1824.0101
85461	272	58960	1802.1029	1824.0101
58944	259	55790	1802.1206	1836.061
48891	261	56817	1803.0101	1803.0101
46753	268	78809	1803.0101	1805.0101
54935	259	43877	1803.0101	1818.0101
47976	263	85610	1803.0101	1832.0101
43703	259	43704	1803.0128	1814.0121
76701	259	43704	1803.0128	1819.0318
83556	259	43704	1803.0128	1830.0827
69351	259	43704	1803.0128	1841.0614
56546	262	44343	1803.0527	1917.0101
69005	272	59792	1803.1224	1803.1224
60921	263	46631	1804.0101	1805.0101
56053	265	46701	1804.0101	1806.0101
63290	265	51787	1804.0101	1808.0101
48391	262	49948	1804.0101	1813.0101
70391	263	46631	1804.0101	1821.0101
58944	263	45200	1804.0101	1828.0101
56988	263	46631	1804.0101	1845.0101
60667	262	44285	1804.0101	1867.0101
68776	299	80331	1804.0101	1925.0101
76949	272	74040	1804.0112	1846.0414
74040	272	76949	1804.0112	1846.0414
46298	265	59815	1804.0301	1807.0801
69323	262	44343	1804.0309	1917.0913
49948	268	62910	1804.0518	1814.0404
46726	261	56878	1804.0519	1804.0519
60211	261	46184	1805.0101	1805.0101
62910	261	46184	1805.0101	1805.0101
55502	272	62137	1805.0101	1805.0101
72807	265	64894	1805.0101	1805.0101
62137	272	55502	1805.0101	1805.0101
46257	261	44022	1805.0101	1805.0101
57428	265	46701	1805.0101	1810.0101
71138	265	46701	1805.0101	1810.0101
54078	263	50108	1805.0101	1829.0101
55714	273	44152	1805.0101	1838.0101
74996	259	43877	1805.0101	1842.0101
62910	261	45021	1805.0405	1805.0405
81598	261	44022	1806.0101	1806.0101
71694	261	56817	1806.0101	1806.0101
70709	265	44742	1806.0101	1808.0101
56616	265	46701	1806.0101	1810.0101
56117	262	56118	1806.0101	1813.0101
56117	299	51264	1806.0101	1816.0101
57195	259	44871	1806.0101	1829.0101
54679	263	46631	1806.0101	1838.0101
63637	262	77389	1806.0101	1871.0101
55697	261	46964	1806.062	1806.062
85823	259	43704	1806.1022	1817.0511
65830	261	60557	1807.0101	1807.0101
50289	263	46631	1807.0101	1822.0101
58960	261	46184	1807.0407	1807.0407
47895	272	69005	1807.0812	1807.0812
69005	272	47895	1807.0822	1807.0822
61544	264	43651	1807.103	1814.053
48564	261	44022	1808.0101	1808.0101
59916	259	52870	1808.0101	1808.0101
61821	265	61822	1808.0101	1808.0101
83030	265	44130	1808.0101	1808.0101
46678	261	60557	1808.0101	1808.0101
60724	272	49317	1808.0608	1816.0112
83029	272	83030	1808.0808	1808.0808
83030	272	83029	1808.0808	1857.0703
80184	259	43877	1809.0101	1817.0101
76753	272	73257	1809.0101	1826.0101
73257	272	76753	1809.0101	1826.0101
50234	259	43877	1809.0101	1835.0101
45078	261	49982	1809.0113	1809.0113
45078	261	46184	1809.0113	1809.0113
67656	261	44105	1809.0703	1809.0703
66831	262	44343	1809.0905	1917.0914
70112	272	70314	1809.1125	1850.0826
70314	272	70112	1809.1125	1850.0826
68707	261	60557	1810.0101	1810.0101
65830	261	85282	1810.0101	1810.0101
49788	264	43651	1810.0101	1810.0101
48885	273	45909	1810.0101	1829.0101
70709	263	48391	1810.0101	1835.0101
58109	262	44343	1810.0301	1917.0914
62910	272	74374	1810.0401	1821.0505
74374	272	62910	1810.0401	1821.0505
46457	261	53718	1810.0821	1810.0821
69005	261	43971	1811.0101	1811.0101
52001	264	43657	1811.0101	1811.0101
71102	264	44170	1811.0101	1811.0101
51542	265	46701	1811.0101	1812.0101
56065	265	45200	1811.0101	1813.0101
48006	265	45257	1811.0101	1817.0101
66358	263	50108	1811.0101	1837.0101
85792	272	76932	1811.0505	1811.0505
76932	272	85792	1811.0505	1811.0505
54882	261	44105	1811.1125	1811.1125
50586	259	46483	1812.0101	1812.0101
48323	265	46701	1812.0101	1815.0101
47102	265	59571	1812.0101	1816.0101
80184	263	46631	1812.0101	1817.0101
66831	299	46553	1812.0101	1917.0101
49985	262	64902	1812.0101	1918.0101
78232	262	73169	1812.0101	1918.0101
60310	264	43596	1812.0211	1861.0211
47671	261	47363	1812.0807	1812.0807
45078	261	53718	1812.0916	1812.0916
45078	261	44908	1812.0916	1812.0916
45078	261	44105	1812.0916	1812.0916
68114	261	44022	1813.0101	1813.0101
60211	261	60557	1813.0101	1813.0101
83567	259	62823	1813.0101	1813.0101
46678	261	85282	1813.0101	1813.0101
46678	261	82992	1813.0101	1813.0101
49364	262	49948	1813.0101	1815.0101
51669	263	45621	1813.0101	1817.0101
80824	265	46701	1813.0101	1817.0101
60649	265	50108	1813.0101	1824.0101
65487	259	43877	1813.0101	1852.0101
68336	259	43877	1813.0101	1857.0101
49894	261	46184	1813.0913	1813.0913
58334	264	43596	1813.1009	1861.0329
54882	261	46184	1814.0101	1814.0101
46678	261	46079	1814.0101	1814.0101
46678	261	67648	1814.0101	1814.0101
60211	261	44908	1814.0101	1814.0101
66864	261	46184	1814.0101	1814.0101
54882	261	49982	1814.0101	1814.0101
60211	261	44466	1814.0101	1814.0101
81027	265	46701	1814.0101	1817.0101
82137	265	44947	1814.0101	1817.0101
48000	263	46631	1814.0101	1832.0101
74371	299	46066	1814.0101	1861.0101
65793	262	79042	1814.0101	1866.0101
47671	261	67763	1814.0304	1814.0304
63351	261	60557	1814.0402	1814.0402
62527	265	45200	1814.1007	1816.0414
43657	259	84305	1814.1104	1905.0607
50435	261	45086	1815.0101	1815.0101
75324	261	44459	1815.0101	1815.0101
83366	261	54936	1815.0101	1815.0101
60211	261	43869	1815.0101	1815.0101
57930	261	56817	1815.0101	1815.0101
62910	273	80661	1815.0101	1821.0101
63637	299	43763	1815.0101	1827.0101
49364	262	80755	1815.0101	1830.0101
73947	263	46631	1815.0101	1832.0101
46712	259	44639	1815.0101	1840.0101
47726	259	43877	1815.0101	1857.0101
44285	259	80631	1815.0101	1866.0101
45411	259	80631	1815.0101	1866.0101
60722	272	60723	1815.0102	1816.0101
60723	272	60722	1815.0102	1816.0101
45078	261	43869	1815.0227	1815.0227
72212	272	47246	1815.0501	1815.0501
47246	272	72212	1815.0501	1815.0501
78771	259	46544	1815.052	1842.0315
83088	299	43787	1815.0609	1859.111
44935	262	43651	1815.0707	1940.0622
47202	261	49012	1815.1204	1815.1204
47202	261	44428	1815.1204	1815.1204
46257	261	50434	1816.0101	1816.0101
72749	259	49336	1816.0101	1820.0101
48000	259	43877	1816.0101	1832.0101
73947	259	43877	1816.0101	1832.0101
77425	273	47341	1816.0101	1837.0101
43893	259	43877	1816.0101	1837.0101
64516	259	43877	1816.0101	1848.0101
44666	259	46544	1816.0101	1857.0216
56117	299	60308	1816.0101	1866.0101
60724	272	50687	1816.0124	1819.0109
44476	259	43704	1816.0321	1817.0622
61958	272	54359	1816.0502	1817.1106
54359	272	61958	1816.0502	1817.1106
47202	272	79344	1816.053	1816.053
68393	272	79900	1816.0722	1834.113
79900	272	68393	1816.0722	1834.113
62477	272	71999	1816.0901	1816.0901
71999	272	62477	1816.0929	1818.1226
58945	261	56817	1817.0101	1817.0101
85830	265	50904	1817.0101	1817.0101
46861	265	45200	1817.0101	1819.0101
52536	265	46701	1817.0101	1822.0101
66199	263	46631	1817.0101	1844.0101
43876	259	43877	1817.0101	1878.0101
45078	261	49432	1817.0523	1817.0523
45078	272	78441	1817.0702	1855.0302
78441	272	45078	1817.0713	1855.0302
47671	261	62478	1817.0716	1817.0716
57050	261	57051	1818.0101	1818.0101
69128	265	47454	1818.0101	1818.0101
60559	261	44908	1818.0101	1818.0101
52424	265	62012	1818.0101	1825.0101
67566	259	44611	1818.0101	1839.0101
77336	273	83420	1818.0101	1840.0101
75582	272	59804	1818.0529	1818.0529
59804	272	75582	1818.0529	1820.0123
56617	265	64326	1818.0824	1822.0906
71102	264	45356	1819.0101	1819.0101
46861	265	46337	1819.0101	1820.0101
79613	265	50108	1819.0101	1824.0101
67529	263	46631	1819.0101	1830.0101
63597	268	71102	1819.0101	1830.0101
47726	263	46631	1819.0101	1857.0101
55430	272	75983	1819.1007	1819.1007
59501	265	44218	1820.0101	1820.0101
82345	259	45248	1820.0101	1820.0101
85340	261	61993	1820.0101	1820.0101
73620	272	60724	1820.0415	1820.0415
60724	272	73620	1820.0415	1864.0625
70391	259	43704	1820.0608	1840.0928
43618	261	44022	1821.0101	1821.0101
56816	261	44022	1821.0101	1821.0101
85772	261	62478	1821.0101	1821.0101
79122	265	44416	1821.0101	1821.0101
81638	265	44706	1821.0101	1823.0101
66331	265	46701	1821.0101	1826.0101
57465	265	45257	1821.0101	1827.0101
43876	263	46631	1821.0101	1830.0101
80097	299	68863	1821.0101	1833.1014
47446	259	43704	1821.0424	1870.0508
66892	265	44130	1821.1001	1825.0101
76633	285	50380	1822.0101	1822.0101
61821	261	44022	1822.0101	1822.0101
45901	263	46631	1822.0101	1826.0101
56053	263	46701	1822.0101	1828.0101
46805	259	46544	1822.0101	1844.0803
45063	272	58717	1822.0316	1837.0101
58717	272	45063	1822.0316	1837.0101
71201	272	74822	1822.1012	1868.0827
74822	272	71201	1822.1012	1868.0827
64325	265	64326	1823.0101	1823.0101
58945	261	44022	1823.0101	1823.0101
55272	261	56817	1823.0101	1823.0101
85496	262	79042	1823.0418	1866.0101
79042	266	85496	1823.0418	1866.0101
49788	272	57900	1823.0619	1859.0708
52846	272	58427	1823.1129	1861.0102
58427	272	52846	1823.1129	1861.0102
54205	262	48083	1824.0101	1824.0101
69128	265	43664	1824.0101	1824.0101
57593	261	50434	1824.0101	1824.0101
54205	262	59886	1824.0101	1824.0101
46700	265	46701	1824.0101	1828.0101
67694	265	45621	1824.0101	1828.0101
58944	263	46631	1824.0101	1836.0101
70833	273	44491	1824.0101	1853.0101
68846	259	43877	1824.0101	1864.0101
50337	262	45569	1824.0101	1871.0101
47799	262	45422	1824.0101	1871.0101
55633	262	45569	1824.0101	1871.0101
48172	262	49456	1824.0101	1949.0101
48172	262	63071	1824.0101	1949.0101
48172	262	44584	1824.0101	1968.0101
54205	262	44584	1824.0101	1968.0101
48172	262	47094	1824.0101	1968.0101
47799	262	47094	1824.0101	1968.0101
67975	262	47094	1824.0101	1968.0101
54205	262	47094	1824.0101	1968.0101
68282	262	44584	1824.0101	1968.0101
52747	262	44584	1824.0101	1968.0101
67975	262	44584	1824.0101	1968.0101
56778	262	44584	1824.0101	1968.0101
65335	262	47094	1824.0101	1968.0101
78766	262	44584	1824.0101	1968.0101
78766	262	47094	1824.0101	1968.0101
68282	262	47094	1824.0101	1968.0101
70878	262	44584	1824.0101	1968.0101
47799	262	44584	1824.0101	1968.0101
52747	262	47094	1824.0101	1968.0101
55485	262	44584	1824.0101	1968.0101
56778	262	47094	1824.0101	1968.0101
65335	262	44584	1824.0101	1968.0101
55633	262	50338	1824.0101	1973.0101
56778	262	48328	1824.0101	1973.0101
55633	262	65299	1824.0101	1973.0101
56778	262	46126	1824.0101	1978.0101
57144	262	56557	1824.0101	1978.0101
55485	262	51856	1824.0101	1978.0101
67975	262	74991	1824.0101	1978.0101
67975	262	71057	1824.0101	1978.0101
55485	262	74991	1824.0101	1978.0101
57144	262	45046	1824.0101	1978.0101
57144	262	46430	1824.0101	1978.0101
56778	262	46127	1824.0101	1978.0101
55633	262	48328	1824.0101	2006.0101
54205	262	56881	1824.0101	2006.0101
57144	262	59271	1824.0101	2006.0101
54205	262	53941	1824.0101	2006.0101
57144	262	48449	1824.0101	2006.0101
54205	262	53940	1824.0101	2006.0101
55485	262	71057	1824.0101	2006.0101
48172	262	50692	1824.0101	2006.0101
63409	262	46127	1824.0101	2006.0101
52747	262	48449	1824.0101	2006.0101
54205	262	56208	1824.0101	2006.0101
65335	262	56881	1824.0101	2006.0101
56778	262	53373	1824.0101	2006.0101
56778	262	45219	1824.0101	2006.0101
52747	262	47150	1824.0101	2006.0101
63409	262	48690	1824.0101	2006.0101
54205	262	62110	1824.0101	2006.0101
65335	262	46126	1824.0101	2006.0101
54943	262	50945	1824.0101	2006.0101
54205	262	58864	1824.0101	2006.0101
54943	262	56940	1824.0101	2006.0101
65335	262	50891	1824.0101	2006.0101
54205	262	57987	1824.0101	2006.0101
55633	262	56881	1824.0101	2006.0101
63409	262	53373	1824.0101	2006.0101
54943	262	51898	1824.0101	2006.0101
54943	262	60294	1824.0101	2006.0101
54943	262	55897	1824.0101	2006.0101
47799	262	48328	1824.0101	2006.0101
54205	262	46818	1824.0101	2006.0101
54943	262	47303	1824.0101	2006.0101
55633	262	46127	1824.0101	2006.0101
65335	262	77174	1824.0101	2006.0101
54205	262	46828	1824.0101	2006.0101
63409	262	52102	1824.0101	2006.0101
57080	272	74446	1824.022	1824.022
74446	272	57080	1824.022	1824.022
63569	272	58862	1824.0619	1824.0619
77532	263	75629	1824.1204	1825.0114
65326	265	77821	1825.0101	1825.0101
65326	259	46842	1825.0101	1825.0101
85772	261	53716	1825.0101	1825.0101
60649	265	46701	1825.0101	1829.0101
52953	265	45621	1825.0101	1829.0101
72626	265	50362	1825.0101	1838.0101
75221	272	85670	1825.081	1825.081
75361	272	85841	1825.0903	1825.0903
59561	265	44706	1825.1023	1827.1001
47569	259	43704	1825.1103	1826.0324
52242	272	48435	1825.1107	1825.1107
48435	272	52242	1825.1107	1838.0103
71102	264	45183	1825.1229	1825.1229
56816	261	56817	1826.0101	1826.0101
74411	265	44706	1826.0101	1828.0101
70064	263	58979	1826.0101	1830.0101
66892	263	44130	1826.0101	1831.0101
45078	261	53716	1826.0212	1826.0212
45078	261	43971	1826.0228	1826.0228
45078	261	45021	1826.0301	1826.0301
45078	261	44466	1826.0407	1826.0407
45078	261	44863	1826.0511	1826.0511
45078	261	68342	1826.0511	1826.0511
45078	261	68488	1826.0511	1826.0511
45078	261	54709	1826.1022	1826.1022
45078	261	81035	1826.1022	1826.1022
45078	261	46639	1826.1115	1826.1115
67395	261	44022	1827.0101	1827.0101
71102	264	52951	1827.0101	1827.0101
53062	265	45200	1827.0101	1827.0101
45559	265	45836	1827.0101	1830.0101
63637	299	45568	1827.0101	1843.0101
45078	261	53157	1827.0228	1827.0228
45078	261	49689	1827.0228	1827.0228
75158	272	60439	1827.0526	1877.0118
60439	272	75158	1827.0526	1877.0118
80526	272	85722	1827.0824	1827.0824
43716	261	43905	1828.0101	1828.0101
58941	261	48962	1828.0101	1828.0101
47759	261	48962	1828.0101	1828.0101
65118	265	48413	1828.0101	1830.0101
66670	265	46701	1828.0101	1832.0101
57465	259	46483	1828.0101	1834.0101
47373	273	51967	1828.0208	1848.0101
70714	265	45399	1828.0901	1832.0401
65830	261	46184	1829.0101	1829.0101
57709	261	60885	1829.0101	1829.0101
48885	273	44410	1829.0101	1831.0101
85245	265	64326	1829.0101	1837.0101
83222	259	43877	1829.0101	1853.0101
68336	263	46631	1829.0101	1855.0101
56972	259	43704	1829.0205	1834.0916
80193	265	50362	1829.041	1832.1001
57709	272	44516	1829.0806	1829.0806
57050	261	44105	1829.0831	1829.0831
81745	259	43704	1829.1105	1869.0228
62477	272	59614	1829.1201	1829.1201
59614	272	62477	1829.1211	1833.0929
49960	261	43905	1830.0101	1830.0101
65830	261	43869	1830.0101	1830.0101
81133	261	53297	1830.0101	1830.0101
61405	259	46483	1830.0101	1830.0101
46678	261	53716	1830.0101	1830.0101
46298	259	43877	1830.0101	1832.0101
63572	265	45200	1830.0101	1833.0101
45667	300	85735	1830.0101	1835.0101
77695	259	43877	1830.0101	1847.0101
65118	263	55494	1830.0101	1848.0101
61405	259	44828	1830.0101	1859.0101
49364	262	43919	1830.0101	1967.0101
61076	272	85550	1830.0318	1830.0318
84616	259	43704	1830.0325	1873.0225
60046	272	65679	1830.0523	1877.1125
65679	272	60046	1830.0523	1877.1125
45078	261	67378	1830.0819	1830.0819
44258	273	63995	1830.1219	1840.0101
65830	261	73633	1831.0101	1831.0101
83154	265	71608	1831.0101	1831.0101
55472	260	63597	1831.0101	1831.0101
46298	263	46631	1831.0101	1832.0101
79864	265	46701	1831.0101	1835.0101
69407	259	43877	1831.0101	1837.0101
64516	263	46631	1831.0101	1848.0101
48885	273	43676	1831.0101	1849.0101
70064	263	46631	1831.0101	1855.0101
73866	259	46544	1831.0129	1839.0305
73631	272	74491	1831.0227	1875.0619
74491	272	73631	1831.0227	1875.0619
73631	261	46259	1831.0422	1831.0422
71516	272	51839	1831.0819	1831.0819
51839	272	71516	1831.0819	1831.0819
60309	259	55790	1831.122	1858.0101
54841	261	44022	1832.0101	1832.0101
54841	300	53153	1832.0101	1832.0101
58972	265	46701	1832.0101	1834.0101
82166	265	47949	1832.0101	1837.0101
53972	263	46631	1832.0101	1852.0101
53972	259	43877	1832.0101	1852.0101
75416	263	46631	1832.0101	1873.0101
46861	263	46631	1832.0101	1874.0101
77440	272	85630	1832.0426	1833.0301
85630	272	77440	1832.0426	1833.0301
60163	265	48261	1832.051	1833.0911
61958	272	64141	1832.0809	1850.1011
64141	272	61958	1832.0809	1850.1011
72807	261	43630	1833.0101	1833.0101
77459	273	43743	1833.0101	1833.0101
43618	261	56817	1833.0101	1833.0101
77409	265	56351	1833.0101	1833.0101
63572	265	57594	1833.0101	1835.0101
57940	265	48413	1833.0101	1836.0101
51236	265	44416	1833.0101	1837.0101
63111	265	46701	1833.0101	1837.0101
75416	259	43877	1833.0101	1873.0101
47168	259	43877	1833.0101	1874.0101
55430	272	75782	1833.0424	1833.0424
47850	272	58802	1833.0729	1852.0101
58802	272	47850	1833.0729	1852.0101
77459	273	45428	1833.1002	1833.1002
47671	259	46483	1834.0101	1834.0101
48219	261	43905	1834.0101	1834.0101
80097	299	61199	1834.0101	1838.0101
54139	265	46701	1834.0101	1839.0101
79681	273	43821	1834.0101	1840.0101
60046	273	43821	1834.0101	1840.0101
57465	259	43638	1834.0101	1846.0101
63027	276	63028	1834.0101	1862.0101
47192	272	47193	1834.0722	1855.0305
70714	265	43664	1834.1023	1840.0101
46678	261	46184	1835.0101	1835.0101
79396	261	46142	1835.0101	1835.0101
72669	265	50362	1835.0101	1842.0101
56029	263	50362	1835.0101	1847.0101
52121	259	43877	1835.0101	1856.0101
70708	263	46631	1835.0101	1867.0101
55887	259	46159	1835.0103	1851.1026
56051	259	43704	1835.0219	1856.1215
65851	261	52470	1835.0501	1835.0501
47202	261	54892	1835.1203	1835.1203
47202	261	54709	1835.1203	1835.1203
45078	261	55998	1836.0101	1836.0101
45078	261	54892	1836.0101	1836.0101
43618	261	48962	1836.0101	1836.0101
68736	263	46631	1836.0101	1841.0101
73453	265	75546	1836.0101	1841.0101
48219	263	44889	1836.0101	1842.0101
59990	265	50108	1836.0101	1843.0101
64937	259	43877	1836.0101	1844.0101
66199	259	43877	1836.0101	1844.0101
62711	272	47523	1836.0409	1853.1115
47523	272	62711	1836.0409	1853.1115
44856	272	43986	1836.0615	1836.0615
81930	265	51694	1836.0729	1840.0622
71688	272	58435	1836.1122	1836.1122
58435	272	71688	1836.1122	1836.1122
46455	265	46337	1836.1124	1838.0901
79150	261	54631	1837.0101	1837.0101
54723	261	43630	1837.0101	1837.0101
54497	273	44152	1837.0101	1837.0101
83154	265	48293	1837.0101	1837.0101
47799	297	44722	1837.0101	1837.0101
85235	299	45793	1837.0101	1839.0101
82166	265	74833	1837.0101	1841.0101
60451	273	45140	1837.0101	1843.0101
85842	265	74833	1837.0101	1844.0101
68596	273	47008	1837.0101	1850.0101
77425	273	43580	1837.0101	1869.0101
47799	297	43676	1837.0101	2006.0101
69101	273	54690	1837.0102	1855.0101
74468	265	50108	1837.0327	1839.0518
46678	261	54709	1838.0101	1838.0101
46678	261	45021	1838.0101	1838.0101
50433	261	43905	1838.0101	1838.0101
46678	261	46639	1838.0101	1838.0101
62781	265	43664	1838.0101	1838.0101
45078	261	61875	1838.0101	1838.0101
72240	265	45621	1838.0101	1838.0101
45840	261	46142	1838.0101	1838.0101
67856	265	51787	1838.0101	1838.0101
83567	259	43877	1838.0101	1838.0101
62921	265	45200	1838.0101	1840.0101
48390	263	48391	1838.0101	1844.0101
77695	263	46631	1838.0101	1847.0101
47193	263	46631	1838.0101	1852.0101
48435	273	85576	1838.0101	1856.0101
56080	259	43877	1838.0101	1860.0101
47102	263	46631	1838.0423	1852.0401
46678	261	44105	1838.0612	1838.0612
46678	261	49689	1839.0101	1839.0101
63351	261	44428	1839.0101	1839.0101
45373	261	48962	1839.0101	1839.0101
46678	261	44428	1839.0101	1839.0101
73996	261	45333	1839.0101	1839.0101
59618	261	44022	1839.0101	1839.0101
56043	265	57919	1839.0101	1839.0101
46678	261	53157	1839.0101	1839.0101
45987	265	67287	1839.0101	1841.0101
75229	265	46701	1839.0101	1843.0101
85235	299	50004	1839.0101	1846.0101
76542	259	43877	1839.0101	1859.0101
71479	259	43877	1839.0101	1873.0101
59616	259	43877	1839.0101	1881.0101
73681	262	43596	1839.0108	1861.0506
79205	272	52424	1839.0129	1882.0419
52424	272	79205	1839.0129	1882.0419
61405	272	80831	1839.1216	1839.1216
46678	261	55998	1840.0101	1840.0101
58325	261	46142	1840.0101	1840.0101
43618	261	43905	1840.0101	1840.0101
53047	261	50434	1840.0101	1840.0101
44157	261	43905	1840.0101	1840.0101
73996	261	58409	1840.0101	1840.0101
72181	265	50726	1840.0101	1844.0101
72633	265	46701	1840.0101	1844.0101
49869	273	43774	1840.0101	1849.0301
77336	273	43676	1840.0101	1853.0101
81560	259	70294	1840.0101	1856.0514
45085	272	43889	1840.021	1861.1214
43889	272	45085	1840.021	1861.1214
60046	273	54113	1840.0401	1843.0601
79681	273	54113	1840.0401	1843.0601
47523	261	43971	1841.0101	1841.0101
45078	261	50183	1841.0101	1841.0101
45078	261	52848	1841.0101	1841.0101
65830	261	46639	1841.0101	1841.0101
72212	261	53297	1841.0101	1841.0101
46040	263	44742	1841.0101	1843.0101
76145	265	44706	1841.0101	1843.0101
74834	299	60259	1841.0101	1844.0101
53047	259	43877	1841.0101	1862.0101
73768	259	44639	1841.0101	1862.0101
47446	259	43877	1841.0101	1870.0101
55694	259	43877	1841.0101	1886.0101
76206	259	43704	1841.0107	1854.1113
74822	259	43704	1841.0107	1885.0522
46624	262	49475	1841.0126	1997.063
48210	273	47578	1841.0225	1844.0101
53646	272	58079	1841.0428	1841.0428
58079	272	53646	1841.0428	1880.0603
81642	261	44105	1841.0624	1841.0624
47202	261	46184	1841.0714	1841.0714
80456	259	70294	1841.1101	1856.0101
49055	259	43704	1841.1223	1859.0416
50433	261	50434	1842.0101	1842.0101
64773	261	56817	1842.0101	1842.0101
45503	262	48237	1842.0101	1842.0101
70911	273	48656	1842.0101	1844.0101
62984	265	63020	1842.0101	1846.0101
64899	265	57970	1842.0101	1846.0101
52909	265	61068	1842.0101	1846.0101
51255	263	45155	1842.0101	1851.0101
56049	259	43877	1842.0101	1864.0327
76672	259	43877	1842.0101	1880.0101
84666	265	51694	1842.0318	1842.0318
47805	259	43704	1842.0504	1876.0219
47930	272	53475	1842.0526	1898.0929
45020	272	56033	1842.1012	1864.031
56033	272	45020	1842.1012	1864.031
70906	259	46544	1842.1119	1853.031
56065	261	54631	1843.0101	1843.0101
51763	259	51550	1843.0101	1843.0101
47930	261	43971	1843.0101	1843.0101
46861	261	54631	1843.0101	1843.0101
73577	265	57641	1843.0101	1843.0101
73485	265	46701	1843.0101	1847.0101
82762	265	74853	1843.0101	1849.0101
75546	262	44561	1843.0101	1917.0101
53271	265	72153	1843.0402	1846.0101
58001	272	55252	1843.0628	1904.053
55252	272	58001	1843.0628	1904.053
84740	262	44343	1843.0701	1918.0216
62410	272	60109	1843.0904	1843.0904
60109	272	62410	1843.0904	1889.1228
54497	273	45770	1844.0101	1844.0101
55623	265	49364	1844.0101	1844.0101
51636	261	43630	1844.0101	1844.0101
65830	261	45086	1844.0101	1844.0101
45349	261	44022	1844.0101	1844.0101
77440	261	46142	1844.0101	1844.0101
47373	265	51966	1844.0101	1846.0101
62578	265	45836	1844.0101	1848.0101
74834	299	45048	1844.0101	1849.0101
46543	265	50108	1844.0101	1850.0101
58509	263	46631	1844.0101	1852.0101
62958	259	43877	1844.0101	1876.0101
44427	272	55702	1844.0501	1844.0501
73034	273	52152	1844.0501	1844.0501
52484	261	43971	1844.0723	1844.0723
44258	265	85412	1844.0801	1850.0101
55623	265	50362	1845.0101	1845.0101
58941	261	51734	1845.0101	1845.0101
62943	261	54631	1845.0101	1845.0101
46678	261	44466	1845.0101	1845.0101
46678	261	62478	1845.0101	1845.0101
48260	265	48261	1845.0101	1846.0101
65679	273	54113	1845.0101	1848.0101
62911	265	48413	1845.0101	1848.0101
85629	265	74833	1845.0101	1848.0101
45146	265	46701	1845.0101	1849.0101
55656	263	46631	1845.0101	1850.0101
85451	299	66760	1845.0101	1893.0101
82091	259	76070	1845.0222	1854.1211
47503	261	44428	1845.0329	1845.0329
47503	261	46705	1845.0329	1845.0329
50209	259	55790	1845.1202	1899.0101
51001	263	46245	1846.0101	1846.0101
47054	273	43743	1846.0101	1846.0101
54841	261	50434	1846.0101	1846.0101
54841	261	43905	1846.0101	1846.0101
63576	265	46701	1846.0101	1850.0101
60204	265	50108	1846.0101	1850.0101
49041	265	44364	1846.0101	1850.0101
69113	265	50108	1846.0101	1855.0101
61887	273	44343	1846.0101	1917.0101
62976	262	44343	1846.0101	1917.0914
46196	265	45931	1846.0701	1846.0701
46966	263	46967	1846.0801	1887.0101
49532	272	59615	1846.101	1902.0101
59615	272	49532	1846.101	1902.0101
73996	261	48756	1847.0101	1847.0101
69601	261	46142	1847.0101	1847.0101
66100	261	54631	1847.0101	1847.0101
54497	273	74327	1847.0101	1848.0101
66236	265	60813	1847.0101	1848.0325
45987	265	45019	1847.0101	1849.0101
46196	265	43591	1847.0101	1850.0406
56049	259	43704	1847.0422	1864.0327
72361	273	85753	1847.1102	1848.0411
51225	265	50108	1848.0101	1848.0101
47930	261	44105	1848.0101	1848.0101
48382	261	43905	1848.0101	1848.0101
61821	261	54631	1848.0101	1848.0101
84354	261	46142	1848.0101	1848.0101
53062	259	60062	1848.0101	1849.0101
56586	263	52221	1848.0101	1849.0101
60451	273	43676	1848.0101	1853.0101
65679	273	43821	1848.0101	1855.0101
73768	259	52024	1848.0101	1858.0101
47373	273	43676	1848.0101	1871.0101
56029	263	57505	1848.0101	1895.0101
84463	264	43987	1848.0328	1848.0328
71147	259	55790	1848.062	1885.0101
50179	272	50180	1848.0822	1885.0723
50180	272	50179	1848.0822	1885.0723
55429	265	46555	1848.0904	1849.0526
52484	272	81936	1848.0911	1848.0911
81936	272	52484	1848.0911	1892.0125
78707	259	55790	1848.1205	1855.051
54102	261	44022	1849.0101	1849.0101
61421	261	43630	1849.0101	1849.0101
60559	261	44105	1849.0101	1849.0101
60015	261	54631	1849.0101	1849.0101
70328	261	48962	1849.0101	1849.0101
65830	261	49895	1849.0101	1849.0101
60542	265	49373	1849.0101	1849.0101
65830	261	68488	1849.0101	1849.0101
56816	261	43905	1849.0101	1849.0101
65118	265	53067	1849.0101	1849.0101
65830	261	67648	1849.0101	1849.0101
76805	261	46142	1849.0101	1849.0101
79726	265	44080	1849.0101	1849.0101
71614	265	49373	1849.0101	1849.0101
82661	265	43776	1849.0101	1852.0101
74834	299	45770	1849.0101	1852.0101
73811	265	46701	1849.0101	1853.0101
54497	273	45048	1849.0101	1854.0101
57372	265	72153	1849.0101	1859.0101
76542	263	46631	1849.0101	1859.0101
66807	259	43877	1849.0101	1860.0101
57213	262	46553	1849.0101	1966.0101
71882	259	43704	1849.0111	1885.0529
55110	259	55790	1849.0605	1873.0602
61958	261	44105	1849.103	1849.103
47100	261	45841	1850.0101	1850.0101
77867	265	44889	1850.0101	1850.0101
74012	265	75065	1850.0101	1850.0101
68596	273	81619	1850.0101	1850.0101
53342	261	44022	1850.0101	1850.0101
80088	261	54631	1850.0101	1850.0101
69831	259	55564	1850.0101	1850.0101
65830	261	43971	1850.0101	1850.0101
65830	261	81035	1850.0101	1850.0101
68596	273	72436	1850.0101	1850.0101
44258	273	45428	1850.0101	1851.0101
44258	265	45427	1850.0101	1851.0101
53271	273	45690	1850.0101	1852.0101
56435	265	48413	1850.0101	1853.0101
49751	265	46701	1850.0101	1854.0101
52909	263	46425	1850.0101	1854.0101
53062	263	46631	1850.0101	1882.0101
70909	272	85208	1850.0319	1895.0316
85208	272	70909	1850.0319	1895.0316
61685	272	74745	1850.0619	1850.0619
74745	272	61685	1850.0619	1850.0619
47681	261	52848	1851.0101	1851.0101
44178	261	54631	1851.0101	1851.0101
47116	265	44045	1851.0101	1851.0101
83837	261	43905	1851.0101	1851.0101
60204	265	46701	1851.0101	1853.0101
76734	265	49464	1851.0101	1853.0101
77974	265	72153	1851.0101	1853.0101
73556	265	48413	1851.0101	1854.0101
44258	265	44364	1851.0101	1854.0101
46543	265	46701	1851.0101	1855.0101
64274	265	44947	1851.0101	1857.0101
72355	273	47760	1851.0101	1870.0101
49960	263	46631	1851.0101	1876.0101
83092	262	44343	1851.0113	1917.0101
79793	265	49373	1852.0101	1852.0101
54139	259	46544	1852.0101	1852.0101
60451	265	43655	1852.0101	1852.0101
70460	265	44706	1852.0101	1854.0101
53271	273	45668	1852.0101	1855.0101
55082	265	73531	1852.0101	1857.0101
47004	259	44639	1852.0101	1861.0101
68846	263	53067	1852.0101	1864.0101
51903	259	43704	1852.0212	1857.0502
44782	266	44783	1852.0302	2015.0101
63449	262	44782	1852.0302	2015.0101
44782	266	48691	1852.0302	2015.0101
44782	266	77104	1852.0302	2015.0101
44782	266	63449	1852.0302	2015.0101
47102	273	51967	1852.0601	1853.1001
56225	265	51694	1852.0915	1858.0618
