54466	28	455	965	966
79812	28	191	965	966
59624	28	282	965	966
19011	28	3221	965	966
121887	28	3337	965	966
39659	28	568	965	966
121867	28	1547	965	966
36297	28	150	965	966
120616	28	168	965	966
13258	28	2003	965	966
38644	28	82	965	966
32757	28	181	965	966
11429	28	1567	965	966
125960	28	186727	965	966
104808	28	564	965	966
67796	28	565	965	966
42312	28	159	965	966
15477	28	803	965	966
5807	28	272	965	966
41016	28	2089	965	966
10082	28	11174	965	966
26613	28	377	965	966
127321	28	3414	965	966
17881	28	140	965	966
51881	28	5160	965	966
11109	28	680	965	966
65826	28	41412	965	966
22326	28	481	965	966
92737	28	7190	965	966
10571	28	476	965	966
6181	28	274	965	966
47598	28	2178	965	966
58977	28	1533	965	966
49802	28	578	965	966
21441	28	802	965	966
117593	28	5079	965	966
28817	28	891	965	966
74480	28	620	965	966
32661	28	897	965	966
47538	28	334	965	966
11060	28	977	965	966
25449	28	949	965	966
56869	28	121	965	966
23442	28	4117	965	966
18378	28	1522	965	966
13627	28	1942	965	966
101931	28	1998	965	966
58746	28	910	965	966
44559	28	2434	965	966
77506	28	1684	965	966
43419	28	2062	965	966
49346	28	2814	965	966
17844	28	384	965	966
16282	28	558	965	966
25186	28	1592	965	966
60439	28	1058	965	966
112187	28	23416	965	966
12248	28	336	965	966
35406	28	1840	965	966
61913	28	110	965	966
84207	28	483	965	966
30485	28	386	965	966
20559	28	16279	965	966
83564	28	1980	965	966
11026	28	912	965	966
23889	28	380	965	966
9803	28	48	965	966
111011	28	1467	965	966
33100	28	259	965	966
12694	28	19	965	966
16995	28	44	965	966
10801	28	1321	965	966
24157	28	4577	965	966
94250	28	1305	965	966
114475	28	2218	965	966
59936	28	111	965	966
110640	28	17415	965	966
82568	28	6904	965	966
60694	28	1294	965	966
17369	28	778	965	966
82016	28	2923	965	966
24405	28	1643	965	966
14468	28	741	965	966
72301	28	1499	965	966
36897	28	892	965	966
33353	28	406	965	966
68265	28	2604	965	966
7135	28	977	965	966
58767	28	808	965	966
27685	28	1230	965	966
107358	28	4757	965	966
44262	28	319	965	966
9053	28	1653	965	966
38107	28	259	965	966
9293	28	2848	965	966
86377	28	532	965	966
57611	28	303	965	966
36381	28	1639	965	966
28709	28	686	965	966
98588	28	756	965	966
6454	28	1268	965	966
12378	28	554	965	966
89252	28	4375	965	966
86256	28	927	965	966
81393	28	311	965	966
87290	28	2054	965	966
121821	28	1118	965	966
46465	28	1874	965	966
95299	28	1182	965	966
16942	28	680	965	966
47089	28	535	965	966
80559	28	402	965	966
20492	28	912	965	966
37447	28	1147	965	966
37506	28	27	965	966
62686	28	1505	965	966
77503	28	1672	965	966
89525	28	79	965	966
33257	28	1172	965	966
59887	28	4227	965	966
44131	28	6568	965	966
20289	28	596	965	966
17055	28	795	965	966
64854	28	325	965	966
48518	28	3002	965	966
38131	28	843	965	966
109482	28	416	965	966
44078	28	3230	965	966
53402	28	1753	965	966
34595	28	740	965	966
32170	28	2280	965	966
22083	28	2689	965	966
60902	28	2166	965	966
11192	28	1043	965	966
56080	28	564	965	966
35895	28	2334	965	966
17047	28	1233	965	966
50100	28	888	965	966
46066	28	178	965	966
21322	28	288	965	966
44702	28	522	965	966
48808	28	1412	965	966
85180	28	716	965	966
15687	28	490	965	966
130634	28	400	965	966
95789	28	5630	965	967
16338	28	332	965	967
9106	28	123	965	967
60693	28	888	965	967
70646	28	37	965	967
112117	28	454	965	967
44982	28	107	965	967
24928	28	732	965	967
21820	28	3671	965	967
33539	28	167	965	967
18797	28	725	965	967
29202	28	266	965	967
21918	28	1561	965	967
82697	28	1302	965	967
29257	28	692	965	967
33725	28	177	965	967
71040	28	620	965	967
12950	28	70	965	967
52555	28	294	965	967
25171	28	132	965	967
25213	28	712	965	967
39273	28	132	965	967
61195	28	789	965	967
39397	28	215	965	967
16753	28	1522	965	967
34093	28	623	965	967
71500	28	1171	965	967
34148	28	591	965	967
96774	28	686	965	967
39597	28	1755	965	967
60722	28	1286	965	967
25562	28	887	965	967
39699	28	992	965	967
61807	28	731	965	967
71821	28	1751	965	967
83525	28	202	965	967
113132	28	2196	965	967
83622	28	1266	965	967
39282	28	456	965	967
11763	28	423	965	967
97228	28	1127	965	967
10523	28	390	965	967
53489	28	3132	965	967
72088	28	232	965	967
62179	28	388	965	967
72247	28	882	965	967
22675	28	1154	965	967
14658	28	2914	965	967
34835	28	423	965	967
84155	28	3658	965	967
25159	28	202	965	967
15098	28	2949	965	967
19785	28	881	965	967
30341	28	793	965	967
45115	28	612	965	967
113903	23	113904	965	967
72712	28	1392	965	967
84508	28	122	965	967
17171	28	787	965	967
22849	28	72	965	967
97587	28	56	965	967
26469	28	30	965	967
7969	28	828	965	967
20017	28	529	965	967
23030	28	196	965	967
63081	28	371	965	967
46514	28	355	965	967
133170	28	216	965	967
73153	28	77	965	967
47141	28	1091	965	967
8800	28	275	965	967
17466	28	676	965	967
34906	28	2109	965	967
41006	28	123	965	967
41052	28	52	965	967
33574	28	214	965	967
25974	28	11457	965	967
54791	28	1243	965	967
73511	28	1840	965	967
52112	28	757	965	967
23289	28	224	965	967
15397	28	1583	965	967
10111	28	420	965	967
17645	28	1091	965	967
47653	28	400	965	967
73892	28	58	965	967
99111	28	948	965	967
46112	28	4386	965	967
15549	28	286	965	967
19814	28	1654	965	967
12261	28	1296	965	967
17640	28	34728	965	967
35904	28	3039	965	967
41540	28	504	965	967
99458	28	1117	965	967
29820	28	627	965	967
157691	28	2480	965	967
63090	28	131	965	967
115520	28	2762	965	967
99558	28	1794	965	967
134257	28	1722	965	967
55556	28	319	965	967
7956	28	441	965	967
31428	28	2083	965	967
99741	28	26274	965	967
27274	28	4386	965	967
31308	28	254	965	967
19189	28	1008	965	967
55683	28	1770	965	967
64547	28	292	965	967
74575	28	2412	965	967
99849	28	8931	965	967
31511	28	133	965	967
60518	28	979	965	967
71966	28	1522	965	967
27333	28	111	965	967
48424	28	2131	965	967
72295	28	245	965	967
41747	28	1316	965	967
70739	28	7043	965	967
30384	28	310	965	967
55964	28	3416	965	967
55993	28	3418	965	967
30200	28	254	965	967
86978	28	459	965	967
35224	28	2687	965	967
56255	28	89	965	967
11679	28	328	965	967
87169	28	1887	965	967
60915	28	354	965	967
40125	28	620	965	967
27688	28	887	965	967
16352	28	272	965	967
87389	28	1145	965	967
54576	28	87	965	967
29501	28	1085	965	967
20976	28	2277	965	967
17465	28	174	965	967
49029	28	1567	965	967
27468	28	752	965	967
19340	28	437	965	967
87672	28	1873	965	967
27781	28	1600	965	967
48632	28	940	965	967
61119	28	7636	965	967
75918	28	248	965	967
65751	28	408	965	967
33381	28	633	965	967
101298	28	16	965	967
19208	28	496	965	967
39729	28	2324	965	967
15539	28	539	965	967
17631	28	2324	965	967
23501	28	161	965	967
35943	28	2317	965	967
22696	28	787	965	967
66071	28	1296	965	967
101739	28	984	965	967
73600	28	1296	965	967
42148	28	3476	965	967
37245	28	979	965	967
16708	28	1364	965	967
22305	28	424	965	967
29506	28	568	965	967
136354	28	675	965	967
76486	28	1016	965	967
41445	28	1921	965	967
12346	28	13492	965	967
49574	28	76526	965	967
30866	28	989	965	967
9256	28	16	965	967
17943	28	280	965	967
76622	28	1085	965	967
29622	28	160	965	967
54164	28	1536	965	967
41533	28	2020	965	967
43126	28	843	965	967
88647	28	9970	965	967
49703	28	491	965	967
87810	28	16414	965	967
60765	28	47	965	967
20864	28	619	965	967
42467	28	533	965	967
20911	28	4937	965	967
12623	28	178	965	967
88850	28	1208	965	967
44898	28	1082	965	967
88890	28	3671	965	967
12737	28	386	965	967
33339	28	1654	965	967
29177	28	524	965	967
118422	28	1617	965	967
70965	28	909	965	967
118509	28	3476	965	967
24958	28	256	965	967
77151	28	1067	965	967
57684	28	162	965	967
118606	28	1131	965	967
22088	28	672	965	967
102826	28	830	965	967
10265	28	923	965	967
102890	28	2128	965	967
118802	28	1173	965	967
28856	28	1499	965	967
77350	28	814	965	967
39031	28	483	965	967
34294	28	9420	965	967
29423	28	625	965	967
77471	28	710	965	967
45788	28	1179	965	967
103182	28	4088	965	967
103189	28	1801	965	967
14884	28	1124	965	967
14830	28	72	965	967
19416	28	143	965	967
52509	28	219	965	967
30004	28	971	965	967
14333	28	572	965	967
160465	14	17928	965	967
67175	28	530	965	967
64614	28	83	965	967
84040	28	860	965	967
103542	28	230	965	967
22638	28	833	965	967
34685	28	537	965	967
13339	28	1394	965	967
13233	28	76	965	967
34739	28	210	965	967
40147	28	111	965	967
46832	28	529	965	967
26211	28	983	965	967
22813	28	4243	965	967
70980	28	6547	965	967
58095	28	201	965	967
8505	28	153	965	967
62522	28	651	965	967
37673	23	77874	965	967
77874	23	37673	965	967
89989	28	1137	965	967
45290	28	1232	965	967
17326	28	627	965	967
62914	28	1595	965	967
11581	28	1201	965	967
29866	28	79	965	967
103944	28	366	965	967
20004	28	83	965	967
13543	28	61	965	967
119917	28	746	965	967
40659	28	198	965	967
40665	28	2058	965	967
30355	28	568	965	967
104054	28	3282	965	967
30802	28	292	965	967
47209	28	410	965	967
10749	28	145	965	967
84888	28	1035	965	967
30722	28	74	965	967
19499	28	681	965	967
30765	28	979	965	967
41090	28	46	965	967
12931	28	85	965	967
20171	28	1567	965	967
17490	28	136	965	967
12916	28	47	965	967
90392	28	2480	965	967
22421	28	19181	965	967
16615	28	1169	965	967
97888	28	3544	965	967
17585	28	85	965	967
104479	28	3671	965	967
15535	28	1035	965	967
41372	28	1465	965	967
47688	28	54	965	967
9817	28	160	965	967
73800	28	1009	965	967
78473	28	4260	965	967
65984	28	890	965	967
22737	28	45	965	967
41542	28	1289	965	967
55219	28	1457	965	967
54812	28	821	965	967
35901	28	770	965	967
26572	28	213	965	967
104725	28	2131	965	967
9104	28	66	965	967
19965	28	304	965	967
31356	28	354	965	967
83378	28	445	965	967
11488	28	48	965	967
14571	28	1302	965	967
31422	28	152	965	967
55634	28	410	965	967
32722	28	740	965	967
60539	28	605	965	967
104950	28	37459	965	967
61787	28	2849	965	967
85455	28	407	965	967
104988	28	7425	965	967
62406	28	1105	965	967
86669	28	3383	965	967
36448	28	1088	965	967
11670	28	360	965	967
27407	28	85	965	967
50145	28	139895	965	967
50657	28	969	965	967
19509	28	239	965	967
31508	28	118	965	967
27549	28	1475	965	967
56004	28	309	965	967
36483	28	992	965	967
32767	28	1909	965	967
14636	28	1181	965	967
23820	28	123	965	967
105371	28	1030	965	967
9853	28	1158	965	967
27385	28	897	965	967
31365	28	592	965	967
36562	28	169	965	967
116985	28	639	965	967
37037	28	431	965	967
43331	28	177	965	967
121579	28	8240	965	967
99761	28	605	965	967
28945	28	336	965	967
39540	28	5238	965	967
21911	28	2083	965	967
56372	28	214	965	967
67553	28	3769	965	967
7236	28	126	965	967
48806	28	117	965	967
36322	28	496	965	967
56540	28	1115	965	967
31649	28	1811	965	967
58129	28	3711	965	967
68324	28	1694	965	967
58891	28	975	965	967
79202	28	537	965	967
10374	28	19907	965	967
65545	28	112	965	967
17388	28	289	965	967
42645	28	1022	965	967
117103	28	192	965	967
91383	28	496	965	967
15088	28	303	965	967
112096	28	12408	965	967
79315	28	28	965	967
25901	28	2324	965	967
90320	28	496	965	967
83639	28	1002	965	967
71728	28	274	965	967
28878	28	219	965	967
40439	28	954	965	967
32146	28	51	965	967
78686	28	1396	965	967
106042	28	967	965	967
62186	28	475	965	967
26955	28	3366	965	967
106119	28	1551	965	967
63891	28	718	965	967
13821	28	949	965	967
115338	28	758	965	967
21610	28	49	965	967
88262	28	2766	965	967
29513	28	681	965	967
122578	28	107	965	967
79589	28	7739	965	967
34567	28	155	965	967
75063	28	1210	965	967
83675	28	89	965	967
49628	28	900	965	967
85477	28	616	965	967
92169	28	1020	965	967
24234	28	242	965	967
29619	28	122	965	967
38025	28	1654	965	967
40819	28	1464	965	967
24439	28	626	965	967
102300	28	930	965	967
48721	28	1883	965	967
18024	28	263	965	967
14555	28	1011	965	967
28493	28	69	965	967
106799	28	260	965	967
12612	28	900	965	967
106815	28	360	965	967
44844	28	2138	965	967
60698	28	1163	965	967
30915	28	506	965	967
142077	28	38991	965	967
44073	28	235	965	967
92461	28	1400	965	967
35322	28	224	965	967
92114	28	12467	965	967
39672	28	3416	965	967
17421	28	6763	965	967
62825	28	386	965	967
27677	28	358	965	967
32220	28	1351	965	967
40637	28	618	965	967
53966	28	692	965	967
9240	28	2959	965	967
79602	28	3707	965	967
44161	28	369	965	967
16212	28	459	965	967
51201	28	456	965	967
23133	28	573	965	967
14261	28	1138	965	967
31898	28	162	965	967
28609	28	956	965	967
35831	28	2625	965	967
45182	28	1655	965	967
55203	28	37	965	967
84503	28	1900	965	967
65764	28	1752	965	967
39886	28	1004	965	967
45036	28	449	965	967
9956	28	525	965	967
38274	28	514	965	967
14065	28	1659	965	967
51164	28	40	965	967
29848	28	1048	965	967
96194	28	1096	965	967
17322	28	98	965	967
106231	28	1727	965	967
15776	28	2577	965	967
55738	28	812	965	967
69313	28	890	965	967
65344	28	303	965	967
59047	28	766	965	967
70692	28	5381	965	967
115338	28	304	965	967
76086	28	1083	965	967
107780	28	1961	965	967
44328	28	1380	965	967
32971	28	1412	965	967
104943	28	887	965	967
41170	28	30141	965	967
6987	28	681	965	967
16996	28	214	965	967
33749	28	3337	965	967
37282	28	1949	965	967
22281	28	1002	965	967
59704	28	3815	965	967
21998	28	3484	965	967
34417	28	73	965	967
18463	28	578	965	967
87785	28	242	965	967
68346	28	222	965	967
24564	28	908	965	967
36856	28	431	965	967
34150	28	2519	965	967
53238	28	1509	965	967
31973	28	131	965	967
14631	28	940	965	967
36547	28	533	965	967
50491	28	842	965	967
26699	28	355	965	967
16995	28	19	965	967
115903	28	2782	965	967
70638	28	203	965	967
75492	28	76	965	967
79836	28	923	965	967
49471	28	49	965	967
10751	28	1766	965	967
93206	28	8108	965	967
58663	28	1961	965	967
15818	28	170	965	967
53957	28	231	965	967
36893	28	504	965	967
20615	28	1722	965	967
13531	28	647	965	967
24749	28	242	965	967
15914	28	328	965	967
26315	28	620	965	967
124860	28	676	965	967
24110	28	4175	965	967
16541	28	69	965	967
87947	28	38	965	967
108353	28	261	965	967
28700	28	673	965	967
49319	28	1096	965	967
98372	28	14004	965	967
96836	28	2563	965	967
79702	28	3267	965	967
80861	28	240	965	967
67472	28	805	965	967
33172	28	2126	965	967
67366	28	74	965	967
9865	28	114	965	967
39964	28	887	965	967
19918	28	77	965	967
14170	28	92	965	967
13465	28	798	965	967
78454	28	1572	965	967
50133	28	535	965	967
118669	28	8033	965	967
53400	28	3750	965	967
59954	28	149	965	967
46710	28	8108	965	967
68469	28	670	965	967
35318	28	318	965	967
144711	28	7425	965	967
125482	28	1399	965	967
12712	28	143	965	967
56227	28	415	965	967
117517	28	2456	965	967
28766	28	214	965	967
42686	28	756	965	967
30710	28	1121	965	967
19131	28	78869	965	967
27781	28	492	965	967
23740	28	469	965	967
13458	28	1951	965	967
25135	28	2807	965	967
14775	28	109	965	967
80767	28	5479	965	967
47808	28	715	965	967
48123	28	1005	965	967
98030	28	3317	965	967
88241	28	1551	965	967
80482	28	1395	965	967
108921	28	395	965	967
25712	28	88	965	967
20122	28	607	965	967
65517	28	1137	965	967
93953	28	971	965	967
78471	28	3084	965	967
122016	28	8663	965	967
17274	28	757	965	967
56845	28	707	965	967
10139	28	1551	965	967
92558	28	1098	965	967
39164	28	924	965	967
25842	28	920	965	967
19263	28	5549	965	967
60139	28	877	965	967
29035	28	394	965	967
43099	28	377	965	967
71290	28	1542	965	967
17067	28	44	965	967
17432	28	1208	965	967
61498	28	1853	965	967
45209	28	1542	965	967
18539	28	1120	965	967
34209	28	192	965	967
30739	28	211	965	967
14553	28	1694	965	967
126171	28	10438	965	967
38115	28	1302	965	967
131068	28	1096	965	967
29732	28	4384	965	967
118448	28	37	965	967
14019	28	498	965	967
117249	28	11144	965	967
17623	28	465	965	967
79721	28	291	965	967
59159	28	407	965	967
120904	28	248	965	967
74608	28	911	965	967
38075	28	325	965	967
20137	28	191	965	967
68820	28	621	965	967
136117	28	1572	965	967
98080	28	366	965	967
92397	28	250	965	967
26489	28	252	965	967
16341	28	789	965	967
45227	28	280	965	967
21103	28	1237	965	967
113963	28	2058	965	967
94258	28	1985	965	967
14453	28	242	965	967
24842	28	174	965	967
16333	28	469	965	967
47991	28	1420	965	967
120032	28	3707	965	967
7120	28	89	965	967
31778	28	256	965	967
79614	28	334	965	967
27123	28	52	965	967
49577	28	6548	965	967
67337	28	233	965	967
31909	28	177	965	967
14722	28	602	965	967
86520	28	30	965	967
62028	28	1280	965	967
35030	28	61154	965	967
19013	28	92	965	967
74157	28	2136	965	967
115241	28	507	965	967
103816	28	235	965	967
118520	28	2904	965	967
68712	28	364	965	967
10217	28	239	965	967
38241	28	516	965	967
41807	28	65	965	967
76114	28	2317	965	967
59549	28	1179	965	967
41106	28	607	965	967
121843	28	750	965	967
146660	28	614	965	967
53301	28	1552	965	967
111979	28	718	965	967
68500	28	170	965	967
120608	28	1617	965	967
26176	28	942	965	967
48947	28	1759	965	967
63049	28	789	965	967
9123	28	19	965	967
123609	28	343	965	967
43947	28	2768	965	967
11676	28	89	965	967
29607	28	795	965	967
62673	28	415	965	967
57589	28	691	965	967
53245	28	20	965	967
8256	28	186	965	967
47220	28	463	965	967
75300	28	2261	965	967
38207	28	1171	965	967
92367	28	1167	965	967
20717	28	4512	965	967
30227	28	1966	965	967
32271	28	293	965	967
36399	28	291	965	967
71553	28	3993	965	967
9887	28	219	965	967
7838	28	3039	965	967
127214	28	1745	965	967
36451	28	1832	965	967
32907	28	674	965	967
59384	28	179	965	967
24626	28	1257	965	967
39337	28	1068	965	967
29427	28	2390	965	967
17762	28	202	965	967
55565	28	518	965	967
10183	28	133	965	967
36477	28	13295	965	967
18228	28	74	965	967
52103	28	2909	965	967
80814	28	716	965	967
59829	28	1097	965	967
33154	28	1264	965	967
52737	28	235	965	967
110262	28	1167	965	967
20184	28	501	965	967
55694	28	598	965	967
71458	28	860	965	967
13637	28	493	965	967
36723	28	155	965	967
93030	28	436	965	967
23536	28	936	965	967
10720	28	56	965	967
93077	28	1048	965	967
35075	28	435	965	967
69100	28	4643	965	967
78312	28	1582	965	967
82978	28	2480	965	967
22897	28	343	965	967
30395	28	1431	965	967
35596	28	319	965	967
69922	28	92	965	967
127917	28	196	965	967
97619	28	1796	965	967
91972	28	1951	965	967
109285	28	749	965	967
146990	28	2430	965	967
14192	28	592	965	967
70648	28	10879	965	967
18265	28	298	965	967
57826	28	27	965	967
49150	28	855	965	967
27754	28	2539	965	967
11666	28	66	965	967
110489	28	273	965	967
21368	28	1099	965	967
80776	28	933	965	967
80510	28	2277	965	967
148406	28	2773	965	967
44001	28	2943	965	967
105121	28	1547	965	967
9306	28	925	965	967
65911	28	1522	965	967
71825	28	2087	965	967
27303	28	836	965	967
31596	28	101	965	967
100389	28	295	965	967
94543	28	942	965	967
128272	28	48657	965	967
78189	28	630	965	967
54811	28	1120	965	967
91433	28	294	965	967
11547	28	598	965	967
102377	28	1835	965	967
48955	28	887	965	967
86564	28	634	965	967
97127	28	1216	965	967
139640	28	128314	965	967
30882	28	1055	965	967
79978	28	1388	965	967
52555	28	101	965	967
6958	28	4146	965	967
13067	28	558	965	967
49730	28	235	965	967
12625	28	160	965	967
77975	28	5046	965	967
28815	28	233	965	967
97983	28	378	965	967
25929	28	857	965	967
116744	28	412	965	967
48654	28	353	965	967
100579	28	232	965	967
29894	28	596	965	967
146381	28	148980	965	967
9806	28	498	965	967
76077	28	537	965	967
33242	28	328	965	967
68424	28	2255	965	967
49760	28	3794	965	967
52896	28	1090	965	967
58814	28	2577	965	967
40368	28	828	965	967
28594	28	337	965	967
15351	28	277	965	967
21313	28	595	965	967
128623	28	214	965	967
110040	28	3173	965	967
30670	28	150	965	967
36953	28	568	965	967
128721	28	3226	965	967
62822	28	242	965	967
63036	28	2482	965	967
108921	28	17038	965	967
88027	28	4259	965	967
97515	28	887	965	967
78143	28	366	965	967
19940	28	388	965	967
16558	28	379	965	967
76671	28	26431	965	967
14706	28	233	965	967
28538	28	118	965	967
10909	28	753	965	967
80445	28	967	965	967
93700	28	295	965	967
96711	28	1266	965	967
25533	28	73	965	967
77542	28	289	965	967
106057	28	1063	965	967
172714	28	602	965	967
87414	28	1557	965	967
63601	28	407	965	967
92916	28	2519	965	967
58660	28	3435	965	967
76564	28	498	965	967
23027	28	2418	965	967
9449	28	56	965	967
149255	28	1057	965	967
24989	28	909	965	967
73434	28	124	965	967
59316	28	1600	965	967
11035	28	821	965	967
21653	28	250	965	967
124817	28	1697	965	967
32529	28	112	965	967
19573	28	634	965	967
50843	28	708	965	967
32295	28	1007	965	967
36983	28	2522	965	967
32889	28	58	965	967
52415	28	104	965	967
23667	28	273	965	967
11859	28	501	965	967
104445	28	1098	965	967
82827	28	1268	965	967
117282	28	386	965	967
63963	28	3750	965	967
8217	28	1740	965	967
14728	28	92	965	967
95252	28	1412	965	967
20708	28	986	965	967
33042	28	2083	965	967
14475	28	107	965	967
72213	28	4631	965	967
112224	28	699	965	967
17708	28	843	965	967
10670	28	1161	965	967
15745	28	402	965	967
16191	28	325	965	967
25578	28	36	965	967
66402	28	7162	965	967
94364	28	93917	965	967
51908	28	170	965	967
102246	28	911	965	967
23704	28	1553	965	967
14170	28	186	965	967
82823	28	1190	965	967
89169	28	47	965	967
44216	28	410	965	967
126237	28	1098	965	967
23798	28	3405	965	967
7007	28	102	965	967
50788	28	857	965	967
75464	28	8112	965	967
118483	28	949	965	967
65851	28	1499	965	967
71134	28	133	965	967
81800	28	202	965	967
38625	28	330	965	967
71463	28	1150	965	967
64820	28	160	965	967
16487	28	332	965	967
12195	28	1195	965	967
25425	28	4480	965	967
33407	28	759	965	967
47148	28	1078	965	967
36276	28	720	965	967
20531	28	161	965	967
14195	28	1598	965	967
110574	28	232	965	967
131904	28	1677	965	967
91710	28	92	965	967
19192	28	608	965	967
46181	28	633	965	967
76087	28	1329	965	967
72928	28	2943	965	967
6463	28	571	965	967
13875	28	117	965	967
19521	28	1709	965	967
8512	28	11913	965	967
53446	28	394	965	967
69001	28	1053	965	967
65382	28	1751	965	967
21178	28	423	965	967
70357	28	199	965	967
123458	28	17870	965	967
66137	28	27133	965	967
14258	28	760	965	967
121852	28	853	965	967
32444	28	695	965	967
94108	28	56318	965	967
12073	28	744	965	967
12559	28	23	965	967
25298	28	224	965	967
67824	28	6257	965	967
59977	28	791	965	967
7448	28	100	965	967
151225	28	1054	965	967
10067	28	222	965	967
91133	28	132	965	967
93353	28	657	965	967
93361	28	1275	965	967
59231	28	3058	965	967
66463	28	1050	965	967
19088	28	235	965	967
10449	28	140	965	967
50068	28	1496	965	967
82645	28	1154	965	967
90725	28	949	965	967
12399	28	587	965	967
21397	28	105	965	967
72312	28	1547	965	967
15412	28	47	965	967
35710	28	1147	965	967
9793	28	48	965	967
103100	28	395	965	967
16846	28	73	965	967
13750	28	124	965	967
95588	28	551	965	967
19366	28	1147	965	967
23913	28	2564	965	967
35010	28	2893	965	967
75933	28	234	965	967
79012	28	714	965	967
32539	28	353	965	967
11759	28	147	965	967
127014	28	2386	965	967
38046	28	318	965	967
117481	28	4767	965	967
109962	28	1423	965	967
15738	28	481	965	967
61529	28	680	965	967
126963	28	371	965	967
129899	28	1251	965	967
83152	28	19	965	967
104319	28	63	965	967
75286	28	1096	965	967
8799	28	1951	965	967
91879	28	508	965	967
59125	28	1980	965	967
48887	28	1899	965	967
76431	28	7391	965	967
32129	28	370	965	967
60848	28	774	965	967
64960	28	2096	965	967
46244	28	491	965	967
95630	28	515	965	967
127985	28	1027	965	967
10102	28	175	965	967
47536	28	45697	965	967
29342	28	1695	965	967
19428	28	211	965	967
88045	28	3119	965	967
101881	28	899	965	967
67400	28	1987	965	967
67829	28	69	965	967
67797	28	1067	965	967
77097	28	1582	965	967
43986	28	369	965	967
51731	28	1101	965	967
59559	28	1214	965	967
76119	28	846	965	967
73595	28	1013	965	967
65015	28	3615	965	967
16865	28	4179	965	967
26400	28	756	965	967
103512	28	1417	965	967
55270	28	8112	965	967
23805	28	430	965	967
48633	28	233	965	967
25468	28	1643	965	967
9606	28	89	965	967
37758	28	232	965	967
55939	28	423	965	967
79744	28	731	965	967
89060	28	1096	965	967
13964	28	577	965	967
52523	28	60462	965	967
98761	28	2676	965	967
63527	28	3958	965	967
17993	28	1022	965	967
46570	28	407	965	967
93876	28	1741	965	967
10840	28	828	965	967
7697	28	798	965	967
36453	28	254	965	967
107065	28	1404	965	967
37263	28	351	965	967
30366	28	231	965	967
176823	28	1547	965	967
35534	28	4143	965	967
36717	28	435	965	967
104303	28	392	965	967
14543	28	1351	965	967
44574	28	1050	965	967
19362	28	358	965	967
95158	28	5755	965	967
63303	28	2997	965	967
126700	28	500	965	967
44149	28	254	965	967
35294	28	441	965	967
25313	28	3554	965	967
79956	28	19	965	967
36231	28	186	965	967
21958	28	891	965	967
105361	28	2503	965	967
74963	28	1741	965	967
51690	28	203	965	967
25849	28	791	965	967
52487	28	203	965	967
13421	28	481	965	967
22968	28	8826	965	967
177228	28	1577	965	967
8973	28	38	965	967
68080	28	293	965	967
21291	28	126	965	967
27833	28	628	965	967
48991	28	1931	965	967
87414	28	2218	965	967
9655	28	213	965	967
51648	28	527	965	967
18419	28	1691	965	967
110597	28	1096	965	967
10805	28	37	965	967
67245	28	674	965	967
58859	28	88	965	967
76162	28	625	965	967
75906	28	707	965	967
141598	28	119	965	967
33097	28	72	965	967
82042	28	1096	965	967
8186	28	557	965	967
19605	28	280	965	967
28607	28	120	965	967
12587	28	38	965	967
12364	28	254	965	967
81768	28	1651	965	967
9873	28	1223	965	967
102992	28	1211	965	967
43066	28	162	965	967
15611	28	175	965	967
15208	28	245	965	967
13417	28	514	965	967
37277	28	1155	965	967
12561	28	463	965	967
101147	28	3136	965	967
26667	28	220	965	967
16851	28	4563	965	967
153037	28	1290	965	967
20181	28	33	965	967
29890	28	174	965	967
9950	28	1026	965	967
15217	28	401	965	967
81443	28	559	965	967
64649	28	16193	965	967
143251	28	3707	965	967
36933	28	974	965	967
94045	28	1206	965	967
14653	28	741	965	967
40198	28	431	965	967
57016	28	2399	965	967
90872	28	1617	965	967
12442	28	698	965	967
69536	28	292	965	967
109933	28	1983	965	967
22541	28	954	965	967
93341	28	33583	965	967
116031	28	442	965	967
21071	28	432	965	967
13591	28	442	965	967
50303	28	5790	965	967
178357	28	13831	965	967
12705	28	591	965	967
15378	28	1174	965	967
26284	28	6549	965	967
40168	28	379	965	967
15863	28	1302	965	967
26768	28	140	965	967
21154	28	178	965	967
49042	28	1280	965	967
82974	28	256	965	967
69557	28	3702	965	967
23787	28	146	965	967
15173	28	817	965	967
84790	28	908	965	967
29711	28	202	965	967
61608	28	1801	965	967
63661	28	143	965	967
40252	28	186	965	967
84539	28	973	965	967
77996	28	1801	965	967
39616	28	573	965	967
87665	28	930	965	967
20114	28	429	965	967
58207	28	195	965	967
119912	28	1675	965	967
19955	28	516	965	967
69757	28	169	965	967
36964	28	2302	965	967
33263	28	3484	965	967
81685	28	245	965	967
44731	28	1314	965	967
81919	28	1067	965	967
11175	28	61	965	967
58605	28	404	965	967
16234	28	743	965	967
18435	28	940	965	967
122871	28	722	965	967
54710	28	73	965	967
9019	28	412	965	967
129871	28	1658	965	967
8760	28	617	965	967
26125	28	1542	965	967
13675	28	275	965	967
111653	28	245	965	967
74510	28	2849	965	967
49005	28	1179	965	967
117686	28	2348	965	967
83992	28	256	965	967
9907	28	686	965	967
9686	28	43	965	967
21450	28	2277	965	967
25572	28	392	965	967
19782	28	69	965	967
16706	28	4274	965	967
77919	28	1980	965	967
98075	28	1887	965	967
74779	28	465	965	967
11687	28	91	965	967
84063	28	506	965	967
21739	28	1755	965	967
153798	28	1600	965	967
84956	28	319	965	967
37252	28	991	965	967
39384	28	692	965	967
22970	28	1292	965	967
21210	28	5207	965	967
55376	28	596	965	967
9223	28	1067	965	967
33997	28	1253	965	967
28025	28	882	965	967
47673	28	773	965	967
20486	28	1629	965	967
62666	28	2887	965	967
50863	28	1210	965	967
125149	28	1659	965	967
26310	28	195	965	967
62194	28	913	965	967
20520	28	1122	965	967
36437	28	577	965	967
41895	28	1642	965	967
28334	28	401	965	967
16254	28	568	965	967
18461	28	49	965	967
15700	28	503	965	967
95899	28	4643	965	967
22150	28	4643	965	967
26927	28	195	965	967
44417	28	8826	965	967
44374	28	1136	965	967
12395	28	250	965	967
18428	28	219	965	967
99558	28	83	965	967
31966	28	140	965	967
77390	28	634	965	967
21601	28	37310	965	967
73622	28	1533	965	967
105687	28	69	965	967
36506	28	529	965	967
58713	28	354	965	967
103774	28	1649	965	967
94139	28	983	965	967
16774	28	304	965	967
44656	28	236	965	967
6335	28	67	965	967
43190	28	1027	965	967
11398	28	2282	965	967
80987	28	757	965	967
65545	28	1139	965	967
125596	28	102	965	967
35931	28	44	965	967
104778	28	1324	965	967
67325	28	1080	965	967
37516	28	371	965	967
20189	28	19	965	967
106418	28	30	965	967
22679	28	2018	965	967
106689	28	386	965	967
127449	28	330	965	967
22581	28	214	965	967
127347	28	1618	965	967
68118	28	1061	965	967
33017	28	357	965	967
105292	28	1266	965	967
59790	28	1801	965	967
31078	28	355	965	967
81386	28	3414	965	967
31467	28	424	965	967
40122	28	333	965	967
116466	28	812	965	967
78365	28	235	965	967
69286	28	2914	965	967
10097	28	1966	965	967
154416	28	1096	965	967
95588	28	44	965	967
39996	28	195	965	967
109640	28	3606	965	967
89870	28	605	965	967
49526	28	1457	965	967
31153	28	185	965	967
65765	28	673	965	967
33437	28	2302	965	967
7719	28	1537	965	967
41712	28	321	965	967
11798	28	46	965	967
54767	28	309	965	967
113643	28	1063	965	967
10930	28	1654	965	967
95116	28	8823	965	967
10743	28	3081	965	967
71047	28	992	965	967
106588	28	263	965	967
11894	28	587	965	967
18271	28	6557	965	967
129985	28	1430	965	967
42688	28	504	965	967
93821	28	798	965	967
24553	28	535	965	967
123472	28	14030	965	967
86705	28	2004	965	967
43660	28	1945	965	967
32045	28	926	965	967
34130	28	552	965	967
68315	28	6763	965	967
44340	28	908	965	967
154233	28	1311	965	967
106744	28	1127	965	967
13381	28	42	965	967
109668	28	1484	965	967
26982	28	1654	965	967
68352	28	616	965	967
44427	28	310	965	967
44315	28	4249	965	967
44348	28	621	965	967
153619	28	297	965	967
53828	28	121	965	967
116492	28	1139	965	967
78328	28	4678	965	967
51024	28	171	965	967
27979	28	571	965	967
81850	28	475	965	967
21749	28	232	965	967
80440	28	1394	965	967
28578	28	511	965	967
19372	28	1755	965	967
82154	28	3419	965	967
4943	28	158	965	967
45253	28	253	965	967
22965	28	986	965	967
72257	28	3584	965	967
20651	28	309	965	967
81756	28	21902	965	967
80856	28	2125	965	967
91112	28	637	965	967
12530	28	6257	965	967
104503	28	531	965	967
44694	28	1658	965	967
119437	28	263	965	967
58041	28	1192	965	967
25607	28	518	965	967
28232	28	973	965	967
91826	28	4779	965	967
10638	28	256	965	967
16407	28	11520	965	967
13962	28	80	965	967
17336	28	63	965	967
32769	28	185	965	967
17090	28	2697	965	967
32723	28	501	965	967
15997	28	492	965	967
63858	28	195	965	967
45802	28	839	965	967
21576	28	201	965	967
26378	28	1766	965	967
9603	28	295	965	967
27142	28	1239	965	967
127322	28	132	965	967
34733	28	103	965	967
22053	28	1847	965	967
51748	28	1204	965	967
86263	28	802	965	967
39827	28	1094	965	967
183460	28	15083	965	967
44947	28	1116	965	967
28935	28	691	965	967
47464	28	388	965	967
41724	28	364	965	967
155014	28	855	965	967
32978	28	673	965	967
57099	28	275	965	967
64264	28	506	965	967
7814	28	2096	965	967
8894	28	219	965	967
49815	28	289	965	967
81175	28	740	965	967
82184	28	1090	965	967
66795	28	1275	965	967
96588	28	2941	965	967
69822	28	1885	965	967
125306	28	37	965	967
12674	28	436	965	967
103397	28	2145	965	967
110740	28	2117	965	967
70960	28	459	965	967
26169	28	502	965	967
12478	28	551	965	967
74628	28	132	965	967
95520	28	3671	965	967
183871	28	278	965	967
17949	28	587	965	967
97055	28	1664	965	967
93194	28	1053	965	967
111581	28	819	965	967
64778	28	456	965	967
52836	28	1951	965	967
117586	28	1201	965	967
63577	28	789	965	967
17906	28	150	965	967
80899	28	3435	965	967
60347	28	1561	965	967
111476	28	825	965	967
109095	28	1335	965	967
103072	28	458	965	967
6603	28	85	965	967
95104	28	198	965	967
11789	28	1561	965	967
24040	28	1147	965	967
42199	28	5835	965	967
6616	28	3268	965	967
6812	28	528	965	967
10813	28	82	965	967
44102	28	583	965	967
16156	28	16193	965	967
14840	28	1263	965	967
49606	28	693	965	967
80343	28	1096	965	967
36700	28	64	965	967
73629	28	1083	965	967
66124	28	922	965	967
118116	28	53659	965	967
112645	28	1840	965	967
56487	28	1027	965	967
86772	28	2615	965	967
121206	28	1623	965	967
12939	28	829	965	967
21529	28	174	965	967
82157	28	236	965	967
32582	28	970	965	967
60354	28	170	965	967
95093	28	66457	965	967
65241	28	802	965	967
56718	28	1105	965	967
86207	28	1623	965	967
29186	28	1280	965	967
82079	28	30	965	967
58979	28	174	965	967
106729	28	1465	965	967
80034	28	238	965	967
21105	28	254	965	967
34733	28	456	965	967
9057	28	98	965	967
42140	28	4643	965	967
21081	28	39	965	967
11960	28	1871	965	967
57463	28	1098	965	967
9949	28	254	965	967
11509	28	33	965	967
34596	28	1204	965	967
58421	28	2895	965	967
51121	28	843	965	967
9884	28	1180	965	967
14273	28	2807	965	967
31190	28	819	965	967
13665	28	1533	965	967
21244	28	140	965	967
119793	28	968	965	967
76481	28	712	965	967
19647	28	795	965	967
42014	28	1824	965	967
50816	28	436	965	967
11534	28	83	965	967
78518	28	117	965	967
32403	28	30	965	967
66817	28	615	965	967
69614	28	1634	965	967
26968	28	3435	965	967
108649	28	1641	965	967
87754	28	436	965	967
72879	28	1420	965	967
33856	28	752	965	967
93845	28	2381	965	967
31090	28	504	965	967
7105	28	842	965	967
68477	28	3213	965	967
58290	28	1243	965	967
36437	28	181	965	967
19628	28	551	965	967
45489	28	2564	965	967
15407	28	725	965	967
27693	28	1618	965	967
32582	28	245	965	967
115039	28	30463	965	967
95096	28	39	965	967
92743	28	1067	965	967
90974	28	145	965	967
45448	28	496	965	967
74177	28	2846	965	967
23356	28	1320	965	967
20564	28	436	965	967
20918	28	201	965	967
64407	28	1320	965	967
12261	28	83	965	967
15108	28	2117	965	967
22418	28	1897	965	967
26229	28	162	965	967
105121	28	99	965	967
38567	28	34709	965	967
37917	28	195	965	967
20169	28	692	965	967
57110	28	330	965	967
18918	28	669	965	967
49391	28	40	965	967
56092	28	1096	965	967
20393	28	36886	965	967
71600	28	1098	965	967
16211	28	920	965	967
95830	28	1741	965	967
16710	28	758	965	967
152106	28	670	965	967
9076	28	803	965	967
21157	28	43	965	967
32573	28	124	965	967
126478	28	887	965	967
38542	28	882	965	967
107005	28	78511	965	967
44786	28	351	965	967
93158	28	930	965	967
155264	28	4147	965	967
88925	28	1641	965	967
91699	28	3926	965	967
50591	28	1033	965	967
44653	28	185	965	967
25983	28	353	965	967
7767	28	220	965	967
48777	28	132	965	967
20534	28	542	965	967
44650	28	198	965	967
17804	28	552	965	967
13511	28	5385	965	967
74908	28	1120	965	967
27870	28	508	965	967
85158	28	1484	965	967
130827	28	12647	965	967
44430	28	1002	965	967
16245	28	205	965	967
57156	28	1897	965	967
7783	28	101	965	967
15714	28	160	965	967
31374	28	401	965	967
12706	28	334	965	967
16687	28	1024	965	967
88459	28	855	965	967
49646	28	5795	965	967
49734	28	799	965	967
39731	28	693	965	967
15753	28	61	965	967
22589	28	816	965	967
125367	28	2676	965	967
108018	28	45	965	967
26230	28	1026	965	967
42324	28	401	965	967
59534	28	1309	965	967
8969	28	1885	965	967
36850	28	1367	965	967
68500	28	1033	965	967
31305	28	794	965	967
80806	28	48	965	967
18468	28	619	965	967
102941	28	2415	965	967
102440	28	4563	965	967
38544	28	913	965	967
50569	28	812	965	967
44610	28	1654	965	967
139783	28	887	965	967
111878	28	4162	965	967
73807	28	602	965	967
112007	28	535	965	968
14266	28	632	965	968
95945	28	36	965	968
24887	28	624	965	968
60938	28	280	965	968
25050	28	1899	965	968
82653	28	1570	965	968
14480	28	37	965	968
10259	28	36	965	968
71160	28	750	965	968
22067	28	887	965	968
19054	28	224	965	968
16700	28	1446	965	968
25476	28	1036	965	968
39667	28	3452	965	968
34276	28	369	965	968
71721	28	678	965	968
39725	28	1027	965	968
83539	28	710	965	968
29934	28	3123	965	968
113167	28	1388	965	968
61970	28	1181	965	968
97104	28	1335	965	968
25838	28	369	965	968
25984	28	49	965	968
84125	28	1094	965	968
40261	28	1036	965	968
113749	28	3268	965	968
54022	28	58	965	968
72644	28	710	965	968
26309	28	1806	965	968
97895	28	759	965	968
72716	28	953	965	968
13508	28	317	965	968
98071	28	288	965	968
98223	28	219	965	968
47072	28	901	965	968
13164	28	408	965	968
73231	28	415	965	968
97138	28	1196	965	968
85248	28	41	965	968
63718	28	179	965	968
115039	28	933	965	968
64182	28	674	965	968
48018	28	6547	965	968
15654	28	381	965	968
9875	28	160	965	968
15113	28	2816	965	968
74576	28	1192	965	968
72502	28	377	965	968
9753	28	123	965	968
74955	28	410	965	968
15792	28	511	965	968
116235	28	692	965	968
64991	28	1417	965	968
100512	28	1988	965	968
63396	28	1808	965	968
99577	28	3226	965	968
116515	23	20101	965	968
48841	28	757	965	968
54567	28	430	965	968
25650	28	47	965	968
29771	28	407	965	968
75717	28	1811	965	968
101035	28	378	965	968
87585	28	165	965	968
72304	28	1171	965	968
24021	28	1049	965	968
7584	28	446	965	968
82976	28	126	965	968
53593	28	22	965	968
49200	28	280	965	968
9709	28	866	965	968
87862	28	1434	965	968
24091	28	266	965	968
76161	28	485	965	968
73460	28	671	965	968
86803	28	245	965	968
65394	28	1171	965	968
101725	28	720	965	968
49458	28	558	965	968
20474	28	1030	965	968
66196	28	317	965	968
53388	28	3235	965	968
7861	28	1581	965	968
11343	28	412	965	968
49636	28	1139	965	968
88606	28	122	965	968
63878	28	699	965	968
88641	28	402	965	968
102198	28	213	965	968
49701	28	328	965	968
88666	28	442	965	968
15642	28	201	965	968
49363	28	1543	965	968
57430	28	515	965	968
72980	28	2568	965	968
88812	28	887	965	968
33392	28	454	965	968
16308	28	1835	965	968
21848	28	46	965	968
25173	28	592	965	968
14646	28	24	965	968
8561	28	274	965	968
16719	28	304	965	968
83222	28	869	965	968
71569	28	407	965	968
16965	28	98	965	968
19476	28	3788	965	968
56518	28	557	965	968
19631	28	1508	965	968
22226	28	412	965	968
103436	28	273	965	968
19699	28	292	965	968
112268	28	12324	965	968
89896	28	167	965	968
77867	28	2270	965	968
53850	28	985	965	968
136606	28	2048	965	968
26031	28	295	965	968
72392	28	1316	965	968
119920	28	458	965	968
30569	28	354	965	968
45752	28	1009	965	968
17474	28	542	965	968
18935	28	572	965	968
50381	28	9194	965	968
9761	28	160	965	968
30166	28	4139	965	968
120247	28	906	965	968
90379	28	529	965	968
11707	28	28	965	968
31030	28	843	965	968
26591	28	693	965	968
47160	28	485	965	968
35473	28	162	965	968
89005	28	1167	965	968
19961	28	384	965	968
90614	28	6824	965	968
47877	28	1722	965	968
35886	28	924	965	968
15643	28	5553	965	968
120957	28	24131	965	968
120993	28	12408	965	968
67031	28	23	965	968
55589	28	671	965	968
90918	28	177	965	968
34584	28	908	965	968
121137	28	1139	965	968
20776	28	136	965	968
39427	28	701	965	968
15777	28	857	965	968
29498	28	696	965	968
9307	28	2207	965	968
17508	28	175	965	968
34495	28	415	965	968
16656	28	23	965	968
121611	28	131	965	968
17042	28	142	965	968
12547	28	231	965	968
12053	28	839	965	968
52200	28	170	965	968
8815	28	121	965	968
36624	28	1032	965	968
26324	28	2959	965	968
57579	28	956	965	968
52940	28	1131	965	968
90037	28	2048	965	968
134430	28	8706	965	968
91987	28	4217	965	968
87288	28	1654	965	968
26523	28	669	965	968
9020	28	221	965	968
67741	28	901	965	968
27255	28	181	965	968
13759	28	250	965	968
74497	28	6935	965	968
105659	28	454	965	968
54697	28	145	965	968
66348	28	54	965	968
75424	28	101	965	968
55337	28	266	965	968
100743	28	409	965	968
106624	28	1221	965	968
71935	28	774	965	968
54524	28	196	965	968
31132	28	803	965	968
141924	28	535	965	968
90392	28	1796	965	968
79889	28	1811	965	968
16840	28	1811	965	968
9175	28	334	965	968
106934	28	770	965	968
99284	28	41	965	968
80044	28	3750	965	968
99394	28	1822	965	968
19969	28	355	965	968
15303	28	942	965	968
23188	28	643	965	968
24528	28	1026	965	968
44162	28	1192	965	968
59204	28	1923	965	968
57230	28	3316	965	968
64986	28	1822	965	968
9230	28	158	965	968
24162	28	117	965	968
66911	28	383	965	968
26993	28	1610	965	968
118814	28	99	965	968
29593	28	963	965	968
59236	28	573	965	968
55438	28	1734	965	968
16590	28	83	965	968
45319	28	647	965	968
51020	28	708	965	968
62977	28	940	965	968
98220	28	45	965	968
124182	28	1249	965	968
19083	28	504	965	968
107065	28	133	965	968
28481	28	387	965	968
69154	28	1208	965	968
47944	28	119	965	968
90509	28	56	965	968
12224	28	515	965	968
114931	28	524	965	968
107961	28	2152	965	968
33354	28	4260	965	968
76987	14	101130	965	968
143635	28	1280	965	968
23617	28	581	965	968
27442	28	961	965	968
76203	28	400	965	968
32254	28	753	965	968
23548	28	1070	965	968
93541	28	2061	965	968
91366	28	593	965	968
73225	28	2159	965	968
58996	28	253	965	968
124976	28	1030	965	968
144446	28	487	965	968
26100	28	2104	965	968
22047	28	710	965	968
93876	28	796	965	968
74302	28	908	965	968
108187	28	1576	965	968
125628	28	1423	965	968
125647	28	923	965	968
68650	28	434	965	968
8054	28	57	965	968
38440	28	166864	965	968
107020	28	380	965	968
44039	28	155	965	968
15233	28	210	965	968
10430	28	221	965	968
19627	28	222	965	968
17293	28	174	965	968
16831	28	73	965	968
76009	28	796	965	968
13045	28	1633	965	968
106502	28	679	965	968
98415	28	297	965	968
25465	28	114	965	968
40914	28	381	965	968
13045	28	89	965	968
81159	28	671	965	968
70726	28	1107	965	968
112796	28	1067	965	968
109184	28	1268	965	968
25897	28	1155	965	968
108428	28	5852	965	968
20320	28	46	965	968
15661	28	991	965	968
104263	28	255	965	968
51421	28	2053	965	968
104393	28	89	965	968
27236	28	1012	965	968
25713	28	860	965	968
69726	28	708	965	968
102533	28	167840	965	968
109392	28	3047	965	968
21035	28	18	965	968
108774	28	608	965	968
89454	28	2117	965	968
84382	28	1617	965	968
46245	28	1058	965	968
105410	28	720	965	968
85172	28	57	965	968
104581	28	1050	965	968
16138	28	5070	965	968
23729	28	263	965	968
105747	28	1221	965	968
38118	28	678	965	968
37211	28	3316	965	968
66799	28	5785	965	968
38146	28	186	965	968
58900	28	893	965	968
22783	28	430	965	968
52989	28	126	965	968
35841	28	725	965	968
67978	28	222	965	968
17414	28	109	965	968
107935	28	5211	965	968
80343	28	291	965	968
32498	28	1253	965	968
81011	28	696	965	968
96491	28	36	965	968
38103	28	378	965	968
36355	28	54	965	968
98097	28	469	965	968
147057	28	533	965	968
15575	28	101	965	968
18180	28	2264	965	968
35324	28	1543	965	968
25261	28	5247	965	968
20984	28	91	965	968
92988	28	536	965	968
85173	28	3750	965	968
74483	28	899	965	968
124759	28	354	965	968
99131	28	1166	965	968
92713	28	805	965	968
40387	28	710	965	968
38430	28	1289	965	968
17434	28	574	965	968
16854	28	354	965	968
107814	28	109	965	968
32004	28	843	965	968
86921	28	901	965	968
84276	28	639	965	968
47422	28	701	965	968
46933	28	819	965	968
96945	28	829	965	968
21573	28	1351	965	968
35915	28	522	965	968
10662	28	692	965	968
35719	28	143	965	968
45046	28	354	965	968
19748	28	156	965	968
110440	28	132	965	968
114295	28	1018	965	968
61279	28	1383	965	968
128057	28	906	965	968
93305	28	1598	965	968
27587	28	199	965	968
101682	28	238	965	968
11823	28	89	965	968
108862	28	95	965	968
148411	28	794	965	968
36410	28	551	965	968
105826	28	901	965	968
125711	28	581	965	968
39618	28	969	965	968
128223	28	620	965	968
58084	28	501	965	968
74744	28	167	965	968
91912	28	1421	965	968
18355	28	290	965	968
61200	28	9334	965	968
32139	28	756	965	968
11828	28	715	965	968
10129	28	245	965	968
82219	28	32928	965	968
94273	28	179	965	968
64891	28	718	965	968
7032	28	1025	965	968
28071	28	491	965	968
109045	28	741	965	968
28730	28	28	965	968
56372	28	54	965	968
128518	28	3503	965	968
67262	28	511	965	968
45640	28	275	965	968
86717	28	2519	965	968
97660	28	2119	965	968
9413	28	52	965	968
35719	28	54	965	968
63717	28	2165	965	968
171992	28	15083	965	968
49197	28	832	965	968
37835	28	1474	965	968
23641	28	2255	965	968
60846	28	2004	965	968
35130	28	624	965	968
17307	28	624	965	968
78781	28	159	965	968
52987	28	614	965	968
149408	28	238	965	968
25756	28	6848	965	968
31407	28	1036	965	968
29171	28	976	965	968
109157	28	812	965	968
35383	28	1280	965	968
55694	28	54	965	968
66308	28	673	965	968
56479	28	11913	965	968
100631	28	8442	965	968
149796	28	1279	965	968
26200	28	753	965	968
85776	28	43	965	968
46368	28	304	965	968
77313	28	1407	965	968
19810	28	463	965	968
60361	28	597	965	968
33273	28	557	965	968
60038	28	309	965	968
113167	28	159	965	968
14950	28	91	965	968
125883	28	1951	965	968
39018	28	27	965	968
37159	28	162	965	968
79990	28	529	965	968
53672	28	2053	965	968
6775	28	840	965	968
66704	28	166	965	968
99846	28	303	965	968
83679	28	477	965	968
33289	28	386	965	968
19571	28	383	965	968
60710	28	1474	965	968
25858	28	145	965	968
52842	28	671	965	968
76615	28	740	965	968
87332	28	91	965	968
26182	28	1091	965	968
24729	28	1883	965	968
30393	28	1107	965	968
64503	28	122	965	968
18362	28	1702	965	968
59651	28	2411	965	968
64053	28	2480	965	968
21661	28	840	965	968
49850	28	266	965	968
59214	28	379	965	968
110578	28	333	965	968
92658	28	875	965	968
42878	28	159	965	968
95520	28	1181	965	968
38049	28	160	965	968
51243	28	320	965	968
57007	28	3674	965	968
129573	28	1058	965	968
54167	28	3221	965	968
7872	28	38	965	968
11086	28	412	965	968
106423	28	1147	965	968
23697	28	334	965	968
59005	28	3364	965	968
50444	28	760	965	968
17109	28	123	965	968
58835	28	3235	965	968
111952	28	1210	965	968
17055	28	205	965	968
119634	28	490	965	968
26772	28	529	965	968
15573	28	95	965	968
86144	28	787	965	968
57983	28	524	965	968
111467	28	1050	965	968
22950	28	99	965	968
70119	28	1292	965	968
33714	28	578	965	968
81256	28	22	965	968
33980	28	380	965	968
13820	28	787	965	968
23782	28	231	965	968
36986	28	491	965	968
92790	28	832	965	968
55582	28	485	965	968
20344	28	608	965	968
95108	28	1694	965	968
44156	28	162	965	968
46123	28	334	965	968
12269	28	1118	965	968
74878	28	586	965	968
88850	28	193	965	968
24118	28	110	965	968
151985	28	919	965	968
65632	28	1179	965	968
19602	28	490	965	968
23438	28	1613	965	968
101347	28	1370	965	968
81022	28	467	965	968
21476	28	739	965	968
130120	28	27880	965	968
96699	28	623	965	968
131188	28	906	965	968
46344	28	131	965	968
52772	28	431	965	968
60799	28	995	965	968
119598	28	1388	965	968
47448	28	463	965	968
108634	28	286	965	968
51799	28	573	965	968
81128	28	821	965	968
114891	28	1618	965	968
61490	28	2659	965	968
25782	28	13481	965	968
70222	28	735	965	968
26171	28	51	965	968
19576	28	27	965	968
36778	28	481	965	968
88151	28	2208	965	968
28247	28	283	965	968
9995	28	408	965	968
21837	28	909	965	968
26270	28	167	965	968
17322	28	587	965	968
22273	28	925	965	968
137543	28	345	965	968
92901	28	1985	965	968
20452	28	354	965	968
74947	28	851	965	968
93480	28	255	965	968
24460	28	1293	965	968
76429	28	593	965	968
123770	28	1592	965	968
40134	28	531	965	968
17356	28	3707	965	968
13315	28	355	965	968
129411	28	1171	965	968
19087	28	369	965	968
39751	28	1002	965	968
98218	28	3958	965	968
38478	28	85	965	968
34085	28	1380	965	968
76638	28	2903	965	968
32360	28	174	965	968
59983	28	216	965	968
29215	28	239	965	968
11777	28	490	965	968
68769	28	725	965	968
30124	28	1002	965	968
22954	28	239	965	968
15729	28	46	965	968
25301	28	900	965	968
29214	28	1239	965	968
56420	28	670	965	968
19456	28	628	965	968
56671	28	47	965	968
25872	28	1070	965	968
105720	28	524	965	968
16375	28	48	965	968
45769	28	403	965	968
39053	28	383	965	968
83403	28	2519	965	968
25779	28	101	965	968
47976	28	710	965	968
30262	28	530	965	968
21517	28	40	965	968
63702	28	506	965	968
57463	28	614	965	968
47144	28	4880	965	968
7656	28	465	965	968
55041	28	37459	965	968
33018	28	144	965	968
44672	28	98	965	968
120471	28	193	965	968
129613	28	574	965	968
16128	28	408	965	968
78698	28	720	965	968
61014	28	133	965	968
77503	28	228	965	968
24155	28	1093	965	968
45103	28	210	965	968
38906	28	174	965	968
33216	28	412	965	968
105245	28	2522	965	968
36632	28	123	965	968
106055	28	220	965	968
54779	28	690	965	968
28639	28	118	965	968
70284	28	954	965	968
21036	28	406	965	968
111131	28	2872	965	968
16705	28	16	965	968
26590	28	409	965	968
74894	28	678	965	968
37928	28	3901	965	968
6347	28	30	965	968
17976	28	909	965	968
25643	28	193	965	968
81087	28	1057	965	968
66874	28	114	965	968
28535	28	328	965	968
45909	28	1129	965	968
33214	28	498	965	968
46388	28	262	965	968
17245	28	651	965	968
14534	28	154	965	968
129715	23	111846	965	968
111846	23	129715	965	968
76415	28	121433	965	968
6587	28	203	965	968
35148	28	881	965	968
107566	28	4217	965	968
21046	28	417	965	968
73110	28	87	965	968
56561	28	1081	965	968
21979	28	410	965	968
82604	28	31796	965	968
130627	28	1623	965	968
65788	28	1150	965	968
89695	28	303	965	968
10730	28	971	965	968
102160	28	1008	965	968
11756	28	430	965	968
17080	28	220	965	968
44253	28	89	965	968
130630	28	15083	965	968
22801	28	1192	965	968
42803	28	589	965	968
11231	28	179	965	968
41515	28	66	965	968
56643	28	193	965	968
72232	28	607	965	968
105910	28	459	965	968
52630	28	535	965	968
63919	28	353	965	968
36051	28	463	965	968
93009	28	1124	965	968
10841	28	319	965	968
73161	28	995	965	968
95580	28	101	965	968
14579	28	248	965	968
54873	28	578	965	968
37319	28	459	965	968
7166	28	1006	965	968
28989	28	143	965	968
22810	28	380	965	968
140719	28	1167	965	968
17255	28	27	965	968
154191	28	766	965	968
56873	28	803	965	968
152920	28	45	965	968
22186	28	1741	965	968
60286	28	199	965	968
40483	28	290	965	968
68843	28	627	965	968
26446	28	678	965	968
53487	28	395	965	968
38875	28	155	965	968
20031	28	415	965	968
21145	28	154	965	968
53408	28	174	965	968
31778	28	1395	965	968
69469	28	334	965	968
24242	28	760	965	968
72440	28	1694	965	968
81269	28	2398	965	968
47751	28	3674	965	968
35771	28	16	965	968
27416	28	975	965	968
81898	28	1050	965	968
70387	28	185	965	968
69659	28	1280	965	968
20648	28	463	965	968
55609	28	280	965	968
45945	28	1562	965	968
155044	28	192	965	968
88773	28	3373	965	968
44005	28	1659	965	968
25510	28	525	965	968
22479	28	5661	965	968
89078	28	682	965	968
104024	28	455	965	968
73067	28	1020	965	968
55717	28	465	965	968
39865	28	140	965	968
33077	28	170	965	968
85102	28	1101	965	968
86443	28	353	965	968
155100	28	332	965	968
17004	28	481	965	968
19042	28	33	965	968
19223	28	878	965	968
8184	28	41	965	968
92646	28	89	965	968
49105	28	912	965	968
60326	28	542	965	968
129566	28	916	965	968
71400	28	908	965	968
184501	28	366	965	968
25563	28	334	965	968
38634	28	1656	965	968
110748	28	1097	965	968
96518	28	155	965	968
118799	28	1765	965	968
108428	28	423	965	968
108038	28	117	965	968
151683	28	142	965	968
21901	28	24	965	968
14700	28	961	965	968
48606	28	354	965	968
78518	28	2663	965	968
27484	28	752	965	968
26001	28	354	965	968
53652	28	2165	965	968
23885	28	175	965	968
9824	28	37	965	968
19635	28	506	965	968
46525	28	129	965	968
41143	28	141	965	968
97626	28	330	965	968
107606	28	1618	965	968
101750	28	1608	965	968
24558	28	533	965	968
60453	28	133	965	968
34343	28	818	965	968
64512	28	961	965	968
99753	28	2230	965	968
30545	28	2117	965	968
49636	28	112	965	968
110330	28	971	965	968
90922	28	156	965	968
65055	28	133	965	968
53067	28	1061	965	968
14978	28	167	965	968
25232	28	1053	965	968
23675	28	98	965	968
67491	28	802	965	968
73198	28	531	965	968
98404	28	55	965	968
12512	28	719	965	968
23849	28	23526	965	968
54469	28	30	965	968
47978	28	3051	965	968
5272	28	275	965	968
102797	28	1529	965	968
68416	28	248	965	968
24760	28	1399	965	968
35205	28	900	965	968
57077	28	550	965	968
73970	28	1034	965	968
87667	28	1171	965	968
149769	28	4955	965	968
12245	28	73	965	968
36501	28	1835	965	968
71733	28	749	965	968
19365	28	1022	965	968
70609	28	44	965	968
125584	28	435	965	968
50908	28	843	965	968
52013	28	1073	965	968
47691	28	201	965	968
58207	28	52	965	968
106932	28	1765	965	968
83989	28	22	965	968
12858	28	166	965	968
12877	28	1063	965	968
34892	28	582	965	968
82111	28	76	965	968
28845	28	627	965	968
108473	28	1058	965	968
16042	28	98	965	968
124513	28	1609	965	968
39689	28	273	965	968
97515	28	461	965	968
72070	28	1150	965	968
36662	28	64	965	968
12420	28	415	965	968
82619	28	812	965	968
71597	28	66	965	968
108026	28	3484	965	968
96761	28	1290	965	969
21668	28	101	965	969
131350	28	222	965	969
46793	28	282	965	969
23251	28	230	965	969
8139	28	27	965	969
85727	28	240	965	969
23575	28	122	965	969
41820	28	378	965	969
23748	28	56	965	969
55423	28	124	965	969
63042	28	215	965	969
47669	28	743	965	969
76587	28	95	965	969
60682	28	255	965	969
18647	28	502	965	969
18695	28	180	965	969
16717	28	181	965	969
103098	28	2872	965	969
160334	28	2843	965	969
6620	23	43071	965	969
53235	28	518	965	969
97280	28	8663	965	969
19328	28	429	965	969
19701	28	43	965	969
87971	28	571	965	969
47177	28	201	965	969
54983	28	1293	965	969
35891	28	469	965	969
78607	28	191	965	969
36002	28	1007	965	969
86156	28	3707	965	969
91077	28	117	965	969
78897	28	991	965	969
75744	28	535	965	969
91826	28	2086	965	969
25737	28	50	965	969
43023	28	1011	965	969
87994	28	1025	965	969
40725	28	843	965	969
36110	28	66	965	969
92622	28	866	965	969
34919	28	37	965	969
77554	28	19	965	969
90568	28	98	965	969
35440	28	753	965	969
107645	28	501	965	969
51374	28	582	965	969
104945	28	461	965	969
12393	28	188	965	969
69030	28	574	965	969
37643	28	41	965	969
12836	28	123	965	969
42736	28	2478	965	969
106150	28	671	965	969
23160	28	22	965	969
44081	28	355	965	969
108990	28	1020	965	969
20591	28	109	965	969
74527	28	995	965	969
33384	28	668	965	969
31896	28	843	965	969
88924	28	99	965	969
42973	28	89	965	969
92993	28	732	965	969
76401	28	1885	965	969
52912	28	843	965	969
77072	28	2204	965	969
20783	28	239	965	969
116672	28	546	965	969
44396	28	1127	965	969
37946	28	504	965	969
59514	28	732	965	969
64357	16	9343	965	969
25328	28	110	965	969
12271	28	27	965	969
31045	28	165	965	969
45163	28	3931	965	969
95769	28	153	965	969
78210	28	1011	965	969
25181	28	167	965	969
10465	28	153	965	969
33535	28	165	965	969
38979	28	433	965	969
63136	28	199	965	969
28565	28	979	965	969
51917	28	325	965	969
73788	28	41	965	969
38922	28	1195	965	969
9869	28	73	965	969
68679	28	111	965	969
31460	28	3316	965	969
33797	28	840	965	969
15984	28	174	965	969
27921	28	196	965	969
81401	28	506	965	969
47678	28	95	965	969
17570	28	216	965	969
88773	28	2923	965	969
111695	28	40	965	969
75809	28	940	965	969
27577	28	1241	965	969
58236	28	180	965	969
70109	28	1444	965	969
49330	28	4143	965	969
17403	28	146	965	969
79508	28	345	965	969
11423	28	167	965	969
94595	28	104	965	969
137246	28	1286	965	969
51510	28	589	965	969
72930	28	387	965	969
111146	28	1035	965	969
58083	28	417	965	969
108391	28	262	965	969
68661	28	291	965	969
29697	28	1293	965	969
40342	28	282	965	969
13593	28	64	965	969
53067	28	506	965	969
89702	28	766	965	969
51168	28	1444	965	969
72835	28	602	965	969
25964	28	19	965	969
26849	28	240	965	969
111891	28	1654	965	969
98666	28	1900	965	969
153066	28	399	965	969
13846	28	1022	965	969
65039	28	99	965	969
34975	28	100	965	969
21887	28	213	965	969
18418	28	80	965	969
84903	28	459	965	969
38681	28	196	965	969
95494	28	2872	965	969
63401	28	162	965	969
80510	28	1196	965	969
22182	28	202	965	969
21439	28	55	965	969
16808	28	252	965	969
47278	28	1263	965	969
28926	28	162	965	969
53445	28	433	965	969
24658	28	1810	965	969
10160	28	191	965	969
87802	28	590	965	969
44757	28	589	966	0
8342	28	7113	966	0
38687	28	2366	966	0
111973	28	1590	966	0
38729	28	1317	966	0
28933	28	1276	966	0
82299	28	484	966	0
52070	28	406	966	0
95929	28	871	966	0
12804	28	55	966	0
70600	28	416	966	0
112056	28	3838	966	0
112063	28	2970	966	0
60683	28	18654	966	0
82382	28	159	966	0
82388	28	2971	966	0
16390	28	672	966	0
14305	28	109	966	0
60747	28	920	966	0
44974	28	506	966	0
11306	28	3841	966	0
82450	28	1394	966	0
70705	28	483	966	0
33506	28	507	966	0
70722	28	3845	966	0
70758	28	1112	966	0
10183	28	542	966	0
131290	28	703	966	0
45069	28	760	966	0
82569	28	528	966	0
60887	28	2641	966	0
60912	28	8437	966	0
21901	28	52	966	0
21916	28	1329	966	0
18843	28	1012	966	0
96191	28	1169	966	0
6693	28	56	966	0
131468	28	505	966	0
25104	28	580	966	0
61043	14	4824	966	0
71087	28	1529	966	0
22025	28	5962	966	0
71102	28	397	966	0
82820	28	570	966	0
71127	28	1268	966	0
131556	28	1954	966	0
25189	28	3118	966	0
11474	28	514	966	0
14554	28	569	966	0
11488	28	597	966	0
45425	28	159	966	0
61153	28	2949	966	0
71248	28	808	966	0
82952	28	4157	966	0
52772	28	1590	966	0
29501	28	350	966	0
155928	28	8523	966	0
25301	28	1330	966	0
52801	28	564	966	0
25186	28	1961	966	0
13033	28	695	966	0
155963	28	2983	966	0
29545	28	67	966	0
112661	28	1112	966	0
19131	28	2228	966	0
13050	28	29	966	0
83079	28	4844	966	0
16744	28	1951	966	0
13072	28	1864	966	0
10373	28	9334	966	0
61514	28	43	966	0
14244	28	22254	966	0
131850	28	1617	966	0
83227	28	6779	966	0
71563	28	174	966	0
131905	28	2814	966	0
96795	28	694	966	0
96814	28	1028	966	0
96815	28	507	966	0
61647	28	791	966	0
112900	28	707	966	0
19306	28	523	966	0
71669	28	2812	966	0
53122	28	1873	966	0
71677	28	1339	966	0
96385	28	1500	966	0
19354	28	1080	966	0
96920	28	1907	966	0
19361	28	622	966	0
29807	28	162	966	0
96932	28	1214	966	0
45901	28	450	966	0
45903	14	1491	966	0
34346	28	22	966	0
16923	28	1268	966	0
113072	28	13198	966	0
132094	28	2863	966	0
22445	28	2182	966	0
113123	28	377	966	0
61955	28	147	966	0
6821	28	435	966	0
60765	28	2142	966	0
39866	28	830	966	0
39871	28	4845	966	0
131862	28	819	966	0
10502	28	465	966	0
83666	28	4083	966	0
16999	28	112	966	0
30004	28	717	966	0
97176	28	1909	966	0
25178	28	2261	966	0
22555	28	14923	966	0
62106	28	433	966	0
113301	28	309	966	0
62116	28	509	966	0
62125	28	5479	966	0
14931	28	630	966	0
113361	28	10533	966	0
30089	28	1776	966	0
72125	28	2182	966	0
9516	28	1896	966	0
113418	28	3777	966	0
19599	28	2724	966	0
62222	28	591	966	0
17067	28	80	966	0
7338	28	149	966	0
46135	28	46284	966	0
83904	28	17084	966	0
19523	28	48	966	0
25991	28	832	966	0
62292	28	34687	966	0
11826	28	53641	966	0
19651	28	3975	966	0
46345	28	2938	966	0
62343	28	1005	966	0
83985	28	30199	966	0
83992	28	1395	966	0
53698	28	1332	966	0
30211	28	4175	966	0
84022	28	475	966	0
53741	28	6080	966	0
97547	28	5758	966	0
97550	28	1324	966	0
14472	28	22742	966	0
97618	28	1232	966	0
46503	28	126	966	0
19752	28	836	966	0
72467	28	4643	966	0
113722	28	720	966	0
62322	28	1169	966	0
19771	28	33	966	0
15101	28	11925	966	0
26193	28	241	966	0
72543	28	81	966	0
97749	28	483	966	0
26226	28	1098	966	0
97771	28	3614	966	0
62680	28	570	966	0
97802	28	66	966	0
72611	28	888	966	0
28929	28	26254	966	0
9230	28	40	966	0
35010	28	3924	966	0
84382	28	869	966	0
19857	28	477	966	0
19860	28	166	966	0
72640	28	1705	966	0
84410	28	1590	966	0
25082	28	882	966	0
84456	28	4017	966	0
8526	28	16	966	0
46737	28	2912	966	0
19419	28	1370	966	0
30365	28	398	966	0
11990	28	1512	966	0
97944	28	716	966	0
62816	28	481	966	0
82998	28	1698	966	0
16976	28	981	966	0
84537	28	1590	966	0
8028	28	399	966	0
97975	28	418	966	0
15203	28	277	966	0
30509	28	979	966	0
98080	28	26431	966	0
70602	28	3287	966	0
98105	28	6480	966	0
17366	28	19987	966	0
13533	28	445	966	0
17372	28	1923	966	0
40727	28	56	966	0
98159	28	1299	966	0
84767	28	2968	966	0
45788	28	2608	966	0
114241	28	406	966	0
46997	28	496	966	0
46998	28	871	966	0
156903	14	63082	966	0
84802	28	2096	966	0
22636	28	1333	966	0
98267	28	1559	966	0
156942	28	2561	966	0
28939	28	30703	966	0
16705	28	445	966	0
9706	28	3714	966	0
54445	28	1345	966	0
7884	28	77	966	0
73110	28	998	966	0
84895	28	7411	966	0
63199	28	1576	966	0
5473	28	5124	966	0
73130	28	54490	966	0
73148	28	1368	966	0
84942	28	46100	966	0
30739	28	315	966	0
73156	1	131947	966	0
73158	28	1049	966	0
84979	28	2773	966	0
63270	28	60	966	0
133217	28	35357	966	0
23106	14	2188	966	0
54539	28	120	966	0
46303	28	154	966	0
23133	28	276	966	0
26059	28	3316	966	0
24935	28	399	966	0
26388	28	2408	966	0
35442	28	48	966	0
8817	28	421	966	0
54668	28	651	966	0
10345	28	907	966	0
12048	28	4987	966	0
30600	28	486	966	0
97553	28	283	966	0
12141	28	40	966	0
52347	28	672	966	0
35503	28	1215	966	0
98595	28	2551	966	0
19940	28	181	966	0
63523	28	461	966	0
133437	28	1847	966	0
98627	28	85237	966	0
10246	28	7465	966	0
63534	28	404	966	0
30040	28	1754	966	0
17339	28	2477	966	0
35558	28	145	966	0
13646	28	377	966	0
47392	28	3426	966	0
114699	28	3058	966	0
62779	28	98	966	0
97040	28	202	966	0
61048	28	1018	966	0
41135	14	133496	966	0
26786	28	135	966	0
30951	28	1690	966	0
19066	28	49	966	0
10530	28	938	966	0
85351	28	384	966	0
17569	28	3219	966	0
20074	28	357	966	0
133599	28	802	966	0
14532	28	55	966	0
72525	28	3793	966	0
60660	14	308	966	0
85466	28	234	966	0
73678	28	2728	966	0
47550	28	181	966	0
72348	28	1339	966	0
133646	28	546	966	0
31035	28	1862	966	0
20352	28	1417	966	0
47581	28	970	966	0
73758	28	2608	966	0
55010	28	493	966	0
12220	28	13706	966	0
31061	28	3386	966	0
71200	28	442	966	0
35765	28	3615	966	0
63844	28	205	966	0
115023	28	47651	966	0
35806	28	111	966	0
20177	28	31102	966	0
63886	28	41356	966	0
5443	28	69	966	0
97463	28	1088	966	0
73894	28	298	966	0
82304	28	5525	966	0
41375	28	348	966	0
85688	28	850	966	0
99167	28	1949	966	0
23227	28	46	966	0
20455	28	255	966	0
17546	28	1728	966	0
35890	28	1011	966	0
85774	28	7507	966	0
74023	28	156	966	0
35898	28	278	966	0
133894	28	202	966	0
73813	28	1053	966	0
6861	28	938	966	0
115210	28	1650	966	0
115220	28	4083	966	0
47524	28	3149	966	0
64053	28	1455	966	0
62168	28	2791	966	0
46981	28	55285	966	0
74106	28	1048	966	0
41512	28	757	966	0
27079	28	155	966	0
35969	28	1275	966	0
54184	14	5738	966	0
39146	28	223	966	0
115336	28	95	966	0
64139	28	1885	966	0
99393	28	7791	966	0
99394	28	1976	966	0
74178	28	691	966	0
15252	28	1049	966	0
86023	16	9	966	0
36050	28	2434	966	0
71294	28	1839	966	0
64253	28	7636	966	0
83509	28	107	966	0
55438	28	509	966	0
36067	28	675	966	0
64288	28	7739	966	0
62205	28	240	966	0
62028	28	184	966	0
74335	28	1896	966	0
64323	28	2948	966	0
31351	28	897	966	0
52248	28	766	966	0
29436	28	680	966	0
157733	23	115548	966	0
73074	28	1339	966	0
115567	28	5520	966	0
99605	28	40850	966	0
4901	28	219	966	0
73600	28	1008	966	0
99618	28	1293	966	0
134247	14	2384	966	0
36123	28	954	966	0
85154	28	7530	966	0
55564	28	640	966	0
55588	28	2050	966	0
115666	28	2317	966	0
55310	28	2720	966	0
86256	28	731	966	0
48174	28	911	966	0
34363	28	607	966	0
8643	28	433	966	0
72357	28	4171	966	0
15695	28	1359	966	0
64501	28	7535	966	0
74528	28	2971	966	0
26537	28	100	966	0
53039	28	74	966	0
98627	28	63480	966	0
40529	28	726	966	0
61791	28	401	966	0
36224	28	321	966	0
31472	28	850	966	0
9885	28	65	966	0
11916	28	1623	966	0
99337	28	55690	966	0
63137	28	242	966	0
36233	28	1549	966	0
15412	28	100	966	0
64583	28	239	966	0
29216	28	3975	966	0
99883	28	15214	966	0
27357	28	1504	966	0
11943	28	637	966	0
115860	28	1523	966	0
33602	28	4764	966	0
12969	28	1474	966	0
29749	28	1682	966	0
39644	28	1905	966	0
55848	28	483	966	0
134652	28	475	966	0
9318	28	55	966	0
25773	28	336	966	0
86634	28	1134	966	0
86016	28	5124	966	0
9915	28	1216	966	0
116056	28	1988	966	0
52346	28	1874	966	0
71971	28	5793	966	0
46345	28	5605	966	0
19651	28	3711	966	0
86700	28	662	966	0
86705	28	532	966	0
86706	28	69	966	0
64848	28	787	966	0
100154	28	632	966	0
13886	28	1777	966	0
74924	28	2971	966	0
23787	28	281	966	0
48510	28	6824	966	0
48518	28	2072	966	0
18960	28	13295	966	0
15187	28	47	966	0
48535	28	2011	966	0
74973	28	1196	966	0
74981	28	3058	966	0
64930	28	540	966	0
30400	28	791	966	0
14839	28	13328	966	0
74985	28	623	966	0
116192	28	2007	966	0
42092	28	1328	966	0
100291	28	379	966	0
27170	28	1097	966	0
44982	28	985	966	0
100319	28	746	966	0
36528	28	413	966	0
65005	28	1239	966	0
9729	28	900	966	0
31734	28	623	966	0
30893	28	1563	966	0
39666	28	7465	966	0
5204	28	276	966	0
75147	28	1002	966	0
27563	28	598	966	0
7143	28	805	966	0
158277	28	288	966	0
35390	28	1763	966	0
73492	28	418	966	0
48711	28	143	966	0
42236	28	1121	966	0
75219	28	597	966	0
25789	28	1635	966	0
17712	28	334	966	0
87063	28	65	966	0
38715	28	12467	966	0
33495	28	818	966	0
23878	28	555	966	0
41872	28	680	966	0
116458	28	524	966	0
116466	28	2984	966	0
42277	28	330	966	0
25968	28	482	966	0
54219	28	3194	966	0
26885	28	180	966	0
42295	28	2182	966	0
100601	28	1444	966	0
6856	28	57	966	0
100636	28	2795	966	0
15810	28	3584	966	0
15014	28	44	966	0
23911	28	3702	966	0
95921	28	2105	966	0
65333	28	720	966	0
34047	28	58	966	0
36738	28	598	966	0
17426	28	22	966	0
27685	28	3219	966	0
48896	28	1545	966	0
15878	28	818	966	0
20932	28	2536	966	0
75507	28	3071	966	0
135389	28	8253	966	0
65434	28	632	966	0
20588	28	681	966	0
100833	28	361	966	0
87417	28	1655	966	0
62827	28	830	966	0
25648	28	581	966	0
22508	28	2791	966	0
100914	28	649	966	0
135485	28	2641	966	0
8845	28	69	966	0
23523	28	1068	966	0
56559	28	758	966	0
75656	28	1745	966	0
87497	28	1134	966	0
74132	28	236	966	0
6308	28	1608	966	0
158653	28	1127	966	0
34381	28	15489	966	0
75752	28	1932	966	0
72274	28	2148	966	0
36918	28	348	966	0
87610	28	3317	966	0
86623	28	2282	966	0
65653	28	3570	966	0
135662	28	714	966	0
36875	28	791	966	0
42183	28	5047	966	0
35492	28	99	966	0
11049	28	511	966	0
72487	28	492	966	0
75867	28	1351	966	0
133111	23	135730	966	0
115922	28	917	966	0
46867	28	2154	966	0
101233	28	2548	966	0
27799	28	5298	966	0
47461	28	13288	966	0
98542	28	1614	966	0
47581	28	245	966	0
64509	28	607	966	0
75867	28	5079	966	0
48518	28	2967	966	0
16524	28	7535	966	0
6411	28	699	966	0
27894	28	4810	966	0
46713	28	9409	966	0
63881	28	106	966	0
65828	28	378	966	0
117231	28	577	966	0
101364	28	2834	966	0
84287	28	360	966	0
25298	28	492	966	0
76053	28	4767	966	0
26646	28	493	966	0
16327	28	745	966	0
53044	28	1363	966	0
22281	28	452	966	0
39721	28	357	966	0
25770	28	1264	966	0
37110	28	559	966	0
41165	28	327	966	0
24743	28	387	966	0
45096	28	1945	966	0
15274	28	141	966	0
65949	28	808	966	0
49346	28	3149	966	0
56960	28	2128	966	0
117391	28	1541	966	0
19599	28	848	966	0
21820	28	1528	966	0
49391	28	1635	966	0
88115	28	7083	966	0
117462	28	1710	966	0
29338	28	1468	966	0
66032	28	1088	966	0
37182	28	624	966	0
117542	28	864	966	0
101682	28	1150	966	0
56849	28	3075	966	0
55769	28	2544	966	0
117546	28	483	966	0
88188	28	3192	966	0
101168	28	3129	966	0
25507	28	42899	966	0
13546	28	72	966	0
98336	28	1292	966	0
35782	28	1199	966	0
76426	28	2875	966	0
88336	28	110	966	0
21878	28	696	966	0
37265	28	60	966	0
97598	28	3470	966	0
7599	28	1417	966	0
48644	28	32	966	0
76501	28	1367	966	0
49558	28	2140	966	0
20472	28	140	966	0
23431	28	32	966	0
20335	28	2785	966	0
21687	28	573	966	0
88101	28	1831	966	0
30475	28	1513	966	0
31208	28	1195	966	0
40148	28	32368	966	0
88503	28	64	966	0
102070	28	510	966	0
102072	28	2503	966	0
100623	28	992	966	0
116436	28	4324	966	0
22921	28	452	966	0
27544	28	450	966	0
10843	28	3626	966	0
102104	28	35357	966	0
5555	28	215	966	0
100365	28	1193	966	0
88607	28	21233	966	0
66429	28	505	966	0
76716	28	478	966	0
10763	28	3038	966	0
29111	28	2895	966	0
102196	28	1616	966	0
21241	28	1896	966	0
40745	28	564	966	0
76748	28	1839	966	0
53986	28	2997	966	0
8394	28	2948	966	0
82820	28	114	966	0
88710	28	3080	966	0
88714	28	1898	966	0
53543	28	1178	966	0
20244	28	1151	966	0
32305	28	1018	966	0
11100	28	2780	966	0
136724	28	1708	966	0
102324	28	2179	966	0
49134	28	24	966	0
45998	28	1172	966	0
84437	28	37326	966	0
17508	28	83	966	0
88777	28	415	966	0
47949	28	19167	966	0
16915	28	357	966	0
6861	28	846	966	0
66521	28	76867	966	0
34603	28	1664	966	0
66196	28	1296	966	0
48352	28	3985	966	0
70576	28	681	966	0
136813	28	2241	966	0
70569	28	2165	966	0
88846	28	1110	966	0
11258	28	44	966	0
24831	28	16365	966	0
118245	28	1423	966	0
44935	28	269	966	0
7141	28	1158	966	0
21785	28	537	966	0
136905	28	1404	966	0
10109	28	1513	966	0
136908	28	2196	966	0
14226	28	4121	966	0
44797	28	1570	966	0
102534	28	1234	966	0
60597	28	1759	966	0
61913	28	23	966	0
10130	28	7118	966	0
16498	28	369	966	0
40011	28	293	966	0
77041	28	900	966	0
70920	28	4978	966	0
77072	28	1462	966	0
72070	28	694	966	0
33501	28	38888	966	0
66738	28	1329	966	0
33514	28	923	966	0
102668	28	188	966	0
71283	28	2398	966	0
89093	28	55773	966	0
82582	28	643	966	0
16479	28	496	966	0
102736	28	280	966	0
11466	28	1043	966	0
102761	28	30	966	0
22085	28	1155	966	0
39102	28	1675	966	0
52499	28	1085	966	0
159988	28	2694	966	0
102833	28	36492	966	0
102835	28	3084	966	0
61046	28	1776	966	0
37543	28	43309	966	0
102841	28	3781	966	0
41951	28	39	966	0
52537	28	398	966	0
49953	28	3542	966	0
66839	28	2798	966	0
65205	28	4845	966	0
89254	28	41	966	0
52585	28	1084	966	0
52861	28	868	966	0
14649	28	166	966	0
88577	28	2785	966	0
41208	28	162	966	0
29569	28	370	966	0
57758	28	401	966	0
25269	28	86	966	0
118755	28	703	966	0
49972	28	2324	966	0
22217	28	202	966	0
137305	6	3907	966	0
89297	28	659	966	0
89313	28	957	966	0
22244	28	32	966	0
102941	28	397	966	0
39350	28	742	966	0
77314	28	3027	966	0
39061	28	920	966	0
102971	28	1335	966	0
8525	28	742	966	0
61167	28	887	966	0
38770	28	2585	966	0
25318	28	46	966	0
89374	28	416	966	0
61391	28	24	966	0
13285	23	6652	966	0
73547	28	2311	966	0
48977	28	7634	966	0
33301	28	531	966	0
13070	28	380	966	0
160174	28	1944	966	0
77396	28	25344	966	0
116259	28	1430	966	0
29791	28	358	966	0
25619	28	1710	966	0
11677	28	41	966	0
18627	28	2032	966	0
16787	28	69	966	0
70705	28	1134	966	0
21875	28	967	966	0
61200	28	1507	966	0
64410	28	280	966	0
19246	28	58	966	0
88805	28	1370	966	0
72613	28	9035	966	0
103152	28	4724	966	0
89072	28	632	966	0
89535	28	1266	966	0
35806	28	74	966	0
119096	28	35456	966	0
43404	28	219	966	0
46056	28	158	966	0
29995	28	3426	966	0
21864	28	24	966	0
25664	28	750	966	0
11693	28	3967	966	0
56044	28	2177	966	0
114955	28	2182	966	0
11713	28	153	966	0
77603	14	1217	966	0
97308	28	701	966	0
40077	28	1533	966	0
21620	28	2182	966	0
19110	28	273	966	0
72468	28	817	966	0
89358	28	17377	966	0
33812	28	9420	966	0
39976	28	55	966	0
11744	28	770	966	0
30066	28	1457	966	0
46186	28	39058	966	0
50145	28	12647	966	0
30075	28	192	966	0
67201	28	2863	966	0
37643	28	80	966	0
103519	28	1250	966	0
45626	28	885	966	0
22715	28	2153	966	0
137906	28	102	966	0
137909	28	1333	966	0
17161	28	1320	966	0
58035	28	1935	966	0
119437	28	2728	966	0
34838	28	386	966	0
13398	28	961	966	0
17179	28	14347	966	0
66193	28	570	966	0
19199	28	1442	966	0
82252	28	371	966	0
89861	28	4724	966	0
72590	28	275	966	0
53987	28	1760	966	0
87569	28	2418	966	0
77852	28	2117	966	0
46518	28	3366	966	0
7374	28	239	966	0
119636	28	392	966	0
89948	28	745	966	0
138168	28	3193	966	0
65670	28	1507	966	0
40326	28	840	966	0
53159	28	268	966	0
89960	28	162	966	0
53886	28	2284	966	0
103774	28	2576	966	0
84276	28	236	966	0
40570	28	2859	966	0
39868	28	4267	966	0
46466	28	30	966	0
15195	28	646	966	0
62867	28	140	966	0
90017	28	10533	966	0
46849	28	494	966	0
19940	28	855	966	0
138269	28	1052	966	0
30537	28	55	966	0
24792	28	7367	966	0
5780	28	56	966	0
138300	28	3319	966	0
22863	28	2426	966	0
30428	28	2346	966	0
119793	28	1961	966	0
66564	28	32	966	0
119808	14	138333	966	0
22025	28	525	966	0
88503	28	1762	966	0
50273	28	155	966	0
46766	28	184	966	0
26343	28	6108	966	0
57878	28	101	966	0
13546	28	188	966	0
40670	28	8559	966	0
7435	28	10533	966	0
20056	28	5123	966	0
74463	28	3226	966	0
30617	28	6923	966	0
64579	28	4403	966	0
49121	28	2334	966	0
84539	28	494	966	0
40948	28	5785	966	0
60683	28	1504	966	0
54539	28	551	966	0
77012	28	5525	966	0
12120	28	1931	966	0
99357	28	196	966	0
86663	28	31818	966	0
120080	28	3058	966	0
4499	23	120106	966	0
120106	23	4499	966	0
34369	28	73136	966	0
120124	28	275	966	0
5992	28	548	966	0
72299	28	219	966	0
17416	28	692	966	0
138706	28	818	966	0
39976	28	38	966	0
67172	28	32033	966	0
19974	28	8006	966	0
67084	28	405	966	0
67622	28	2517	966	0
90104	28	7507	966	0
83212	28	101	966	0
117237	28	12654	966	0
63584	28	261	966	0
12173	28	290	966	0
30846	28	3149	966	0
16590	28	618	966	0
47259	28	8094	966	0
67640	28	3246	966	0
19981	28	995	966	0
7191	28	185	966	0
85180	28	692	966	0
41069	28	3714	966	0
19569	28	1664	966	0
47525	28	3219	966	0
104346	28	8108	966	0
54961	28	802	966	0
46822	28	6923	966	0
73493	28	505	966	0
58387	28	1840	966	0
30389	28	67	966	0
31022	28	41240	966	0
120379	28	1312	966	0
11264	28	642	966	0
161351	28	328	966	0
118448	28	1076	966	0
11979	28	66	966	0
35130	28	1920	966	0
16957	28	437	966	0
22500	28	6981	966	0
58424	28	3838	966	0
47661	28	31104	966	0
58427	28	1508	966	0
73887	28	234	966	0
8140	28	1512	966	0
26753	28	147	966	0
11589	28	51	966	0
10535	28	28	966	0
50477	28	9333	966	0
56284	28	1983	966	0
67776	28	1267	966	0
13742	28	41412	966	0
35870	28	415	966	0
13546	28	239	966	0
10820	28	5795	966	0
34263	28	1839	966	0
82991	28	14	966	0
139116	28	2072	966	0
47596	28	268	966	0
78120	28	5471	966	0
35770	28	1553	966	0
73811	28	2576	966	0
55063	28	2478	966	0
96595	28	21356	966	0
23484	28	6518	966	0
12198	28	3711	966	0
13765	28	4895	966	0
27088	28	252	966	0
20029	28	392	966	0
61941	28	1017	966	0
13746	28	3153	966	0
58518	14	35392	966	0
64027	28	139	966	0
55228	28	109	966	0
86356	28	1743	966	0
32396	28	6067	966	0
9855	28	141	966	0
7845	28	53	966	0
67886	28	774	966	0
62626	28	1116	966	0
104770	28	816	966	0
27187	28	1320	966	0
6688	28	219	966	0
101780	28	109	966	0
31836	28	1214	966	0
9842	28	57	966	0
66540	28	3744	966	0
29220	28	569	966	0
55363	28	1015	966	0
24828	28	938	966	0
115437	28	651	966	0
14919	28	564	966	0
9375	28	1172	966	0
66198	28	2398	966	0
30122	28	273	966	0
23095	28	222	966	0
64455	28	450	966	0
67951	28	509	966	0
48019	28	523	966	0
82615	28	203	966	0
13822	28	742	966	0
139534	28	4259	966	0
25187	28	559	966	0
47652	28	1623	966	0
19767	28	165	966	0
70574	28	1462	966	0
82582	28	485	966	0
34258	14	104915	966	0
30961	28	413	966	0
36124	28	192	966	0
22113	28	180	966	0
20061	28	134259	966	0
19520	28	4049	966	0
13776	28	1358	966	0
19938	28	5963	966	0
22407	28	397	966	0
9289	28	2095	966	0
36158	28	850	966	0
139625	28	2153	966	0
13581	28	74	966	0
41283	28	16565	966	0
41878	28	1228	966	0
103050	28	220	966	0
11456	28	17870	966	0
17873	28	494	966	0
63033	28	71	966	0
12273	28	653	966	0
20718	28	244	966	0
24804	28	433	966	0
17886	28	80	966	0
61391	28	2398	966	0
17844	28	74	966	0
27332	28	37	966	0
83040	28	32033	966	0
100497	28	2829	966	0
95860	28	791	966	0
13150	28	2724	966	0
105089	28	786	966	0
31512	28	485	966	0
14708	28	145	966	0
6559	28	115840	966	0
12976	28	2678	966	0
41996	28	45	966	0
13581	28	78	966	0
64816	28	909	966	0
87180	28	1147	966	0
19466	28	1136	966	0
22027	28	126	966	0
48534	28	1389	966	0
75358	28	2148	966	0
41925	28	461	966	0
12403	28	72	966	0
139848	28	8057	966	0
31235	28	1670	966	0
91129	28	731	966	0
72782	28	505	966	0
30839	28	1446	966	0
134601	28	2795	966	0
114545	28	3726	966	0
19121	28	637	966	0
49615	28	37310	966	0
17891	28	231	966	0
47297	28	1763	966	0
72181	28	1088	966	0
86594	28	1654	966	0
15697	28	259	966	0
12383	28	1067	966	0
39998	28	2247	966	0
121288	28	1020	966	0
48411	28	27	966	0
89813	28	297	966	0
66975	28	1096	966	0
78883	28	2408	966	0
20596	28	79	966	0
64577	28	5471	966	0
64964	28	454	966	0
60824	28	1011	966	0
74355	28	2532	966	0
102835	28	505	966	0
23819	28	752	966	0
42118	28	1417	966	0
103098	28	3544	966	0
27526	28	750	966	0
75074	28	1806	966	0
8741	28	298	966	0
105292	28	156	966	0
42919	14	308	966	0
12825	28	1090	966	0
8949	28	1389	966	0
55976	28	144	966	0
18862	28	836	966	0
17124	28	103	966	0
33353	28	397	966	0
85276	28	1905	966	0
17372	28	1506	966	0
15033	28	1020	966	0
96901	28	3553	966	0
58767	28	37	966	0
71507	28	1053	966	0
26665	28	2948	966	0
71931	28	1253	966	0
26277	28	100376	966	0
25046	28	406	966	0
105428	28	171	966	0
77183	28	112455	966	0
44753	28	449	966	0
85980	28	1672	966	0
34603	28	14923	966	0
56671	28	223	966	0
22861	28	1839	966	0
121574	28	673	966	0
62722	28	511	966	0
67434	28	1169	966	0
19866	28	453	966	0
13917	28	1011	966	0
56384	28	499	966	0
22237	28	1094	966	0
46240	28	3269	966	0
105511	28	133	966	0
9681	28	394	966	0
48904	28	1945	966	0
162483	14	39030	966	0
79086	28	2602	966	0
56824	28	361	966	0
23887	28	286	966	0
48103	28	5479	966	0
60765	28	815	966	0
105561	28	3035	966	0
9956	28	1808	966	0
48307	28	348	966	0
19157	28	105	966	0
16493	28	620	966	0
23477	28	2259	966	0
58857	28	1551	966	0
57103	28	167	966	0
42385	28	6346	966	0
121795	28	622	966	0
39469	28	816	966	0
11717	28	3433	966	0
121831	28	1012	966	0
140532	28	3838	966	0
58888	14	308	966	0
54196	28	14120	966	0
23319	28	5406	966	0
17936	28	5439	966	0
82633	28	2334	966	0
73772	28	357	966	0
86377	28	595	966	0
34334	28	2737	966	0
117571	28	1590	966	0
140610	28	394	966	0
121922	28	7043	966	0
137612	28	784	966	0
13090	28	381	966	0
91041	28	5381	966	0
36856	28	276	966	0
14606	28	3769	966	0
91433	28	82	966	0
34361	28	753	966	0
61701	28	394	966	0
73021	28	12408	966	0
91694	28	628	966	0
105842	28	273	966	0
74440	28	671	966	0
101264	28	741	966	0
40061	28	816	966	0
75123	28	1141	966	0
18029	28	1417	966	0
76552	28	227	966	0
54549	28	162	966	0
30077	28	1309	966	0
49213	28	3615	966	0
27831	28	234	966	0
101602	28	1135	966	0
31663	28	2310	966	0
79313	28	1995	966	0
116341	28	1527	966	0
39905	28	4919	966	0
105884	28	2773	966	0
91741	28	3099	966	0
40760	28	31240	966	0
18123	28	45011	966	0
5926	28	355	966	0
29115	28	166	966	0
58857	28	735	966	0
76022	28	1677	966	0
49184	28	1169	966	0
132061	28	916	966	0
11972	28	112	966	0
140725	28	482	966	0
140915	28	1759	966	0
91812	28	1336	966	0
56827	28	262	966	0
30989	28	1465	966	0
103243	28	110	966	0
87901	28	809	966	0
65994	28	2075	966	0
82221	28	1542	966	0
49408	28	3164	966	0
31421	28	792	966	0
18184	28	1233	966	0
46771	28	7535	966	0
18589	28	1379	966	0
22481	28	3480	966	0
91898	28	1611	966	0
13439	28	399	966	0
106127	28	13607	966	0
12198	28	3975	966	0
25246	28	46	966	0
19023	28	1349	966	0
37229	28	1836	966	0
27746	28	796	966	0
106175	28	19	966	0
48423	28	135	966	0
163206	28	809	966	0
55976	28	2048	966	0
62423	28	4802	966	0
27785	28	141	966	0
12444	28	171	966	0
49346	28	26303	966	0
101688	28	309	966	0
88183	28	2156	966	0
18195	28	5835	966	0
15127	28	2228	966	0
116714	28	1504	966	0
19435	28	1561	966	0
34685	28	427	966	0
21155	28	657	966	0
85235	28	381	966	0
67705	28	1703	966	0
19864	28	812	966	0
16821	28	455	966	0
141326	28	1752	966	0
73758	28	2809	966	0
10206	28	2558	966	0
50902	28	1629	966	0
19645	28	1921	966	0
32356	28	175	966	0
8756	28	397	966	0
85815	28	70	966	0
57890	28	2599	966	0
76438	28	2165	966	0
42970	28	141	966	0
56617	28	1926	966	0
17874	28	3364	966	0
92069	28	71	966	0
66230	28	592	966	0
36197	28	2062	966	0
122593	28	1430	966	0
106352	28	695	966	0
49543	28	103	966	0
76147	28	892	966	0
6218	28	45	966	0
68613	28	167	966	0
19134	28	2209	966	0
30948	28	2078	966	0
106375	28	1370	966	0
12220	28	100	966	0
12861	28	1829	966	0
76740	28	769	966	0
61202	28	483	966	0
29205	28	318	966	0
43063	28	160	966	0
29492	28	1416	966	0
68652	28	1655	966	0
68661	28	2846	966	0
67669	28	1709	966	0
68670	28	2490	966	0
7571	28	3946	966	0
16849	28	39	966	0
99204	28	3213	966	0
141615	28	5852	966	0
18265	28	3928	966	0
101287	28	690	966	0
48896	28	1549	966	0
79455	28	1932	966	0
59129	28	2068	966	0
49790	28	154	966	0
57449	28	965	966	0
74576	28	4244	966	0
53718	28	2970	966	0
66475	28	1075	966	0
17017	28	647	966	0
18987	28	659	966	0
92219	28	2872	966	0
99097	28	1935	966	0
106568	28	991	966	0
12367	28	1192	966	0
102131	28	2050	966	0
55114	28	1600	966	0
22841	28	2415	966	0
106608	28	2079	966	0
25832	28	612	966	0
26155	28	390	966	0
20353	28	315	966	0
75356	14	73345	966	0
37658	28	912	966	0
67963	28	1083	966	0
96156	28	1763	966	0
6843	28	61154	966	0
122953	28	345	966	0
104311	28	757	966	0
48182	28	17212	966	0
106668	28	2182	966	0
11923	28	1775	966	0
106688	28	3155	966	0
86750	28	27	966	0
100297	28	429	966	0
43027	28	640	966	0
141887	28	2503	966	0
57193	28	1626	966	0
23654	28	223	966	0
163836	28	1926	966	0
19219	28	1675	966	0
100994	28	1084	966	0
56922	28	331	966	0
28336	28	1093	966	0
117907	28	749	966	0
137812	28	1993	966	0
27628	28	965	966	0
123096	28	757	966	0
61202	28	570	966	0
52232	28	1481	966	0
92397	28	717	966	0
141977	28	55690	966	0
16182	28	1592	966	0
105912	28	818	966	0
67082	28	3435	966	0
50373	28	1778	966	0
115074	28	53	966	0
163937	28	1504	966	0
85776	28	2929	966	0
88402	28	1536	966	0
56972	28	160	966	0
79915	28	184	966	0
122553	28	791	966	0
106850	28	482	966	0
41749	28	698	966	0
113368	28	1430	966	0
22737	28	281	966	0
14841	28	415	966	0
51076	28	1931	966	0
29040	28	571	966	0
164017	28	2694	966	0
64447	28	1576	966	0
24074	28	8931	966	0
83170	28	927	966	0
117231	28	5998	966	0
43184	28	640	966	0
106196	28	311	966	0
68009	28	2593	966	0
55526	28	427	966	0
9992	28	298	966	0
50364	28	5026	966	0
88045	28	973	966	0
40435	28	2228	966	0
66891	28	401	966	0
77303	28	1329	966	0
63534	28	50	966	0
42578	28	1400	966	0
123297	28	411	966	0
27368	28	1677	966	0
30816	28	651	966	0
80019	28	193	966	0
10328	28	5079	966	0
79730	28	2759	966	0
61784	28	1794	966	0
14867	28	1339	966	0
142247	28	2179	966	0
28404	28	1129	966	0
17497	28	337	966	0
75263	28	634	966	0
11696	28	369	966	0
9482	28	30	966	0
107024	28	2948	966	0
8840	28	899	966	0
28551	28	114	966	0
48037	28	815	966	0
107063	28	1365	966	0
164167	28	809	966	0
17477	28	2083	966	0
89280	28	2228	966	0
92612	28	4316	966	0
18906	28	463	966	0
21712	28	1338	966	0
59289	28	15214	966	0
78583	28	478	966	0
54571	28	1477	966	0
8741	28	6369	966	0
49391	28	2697	966	0
68999	28	1390	966	0
30733	28	167	966	0
74412	28	2185	966	0
15998	28	39129	966	0
21733	28	87	966	0
101431	28	956	966	0
20578	28	141	966	0
58996	28	4429	966	0
19357	28	843	966	0
119397	28	1325	966	0
77706	28	1617	966	0
104159	28	835	966	0
102156	28	564	966	0
14739	28	2968	966	0
68381	28	6108	966	0
36992	28	73	966	0
78456	28	540	966	0
11163	28	387	966	0
36419	28	2948	966	0
37144	28	1320	966	0
14165	28	66	966	0
76632	28	1292	966	0
69063	28	1192	966	0
10917	28	153	966	0
69069	28	1549	966	0
107263	28	1025	966	0
36026	28	231	966	0
23414	28	1474	966	0
107291	28	483	966	0
45695	14	3795	966	0
107299	28	1380	966	0
88115	28	66457	966	0
24074	28	116750	966	0
51243	28	1793	966	0
41408	28	548	966	0
22923	28	2589	966	0
105210	28	406	966	0
51250	28	2182	966	0
75492	28	1032	966	0
20973	28	1659	966	0
104770	28	145	966	0
34258	14	2783	966	0
89297	28	1084	966	0
75353	28	222	966	0
101114	28	1296	966	0
19789	28	4720	966	0
117010	28	24824	966	0
38077	28	712	966	0
11299	28	24	966	0
22357	28	20319	966	0
50373	28	1855	966	0
26364	28	624	966	0
80289	28	1119	966	0
11166	28	1158	966	0
68381	28	427	966	0
107413	28	2802	966	0
12229	28	222	966	0
29912	28	59520	966	0
65844	28	1611	966	0
21787	28	726	966	0
33288	28	786	966	0
13154	28	67	966	0
92230	28	505	966	0
65069	28	1679	966	0
15117	28	781	966	0
45586	28	2528	966	0
12593	28	283	966	0
78610	28	911	966	0
120772	14	308	966	0
49648	28	1049	966	0
15968	28	919	966	0
6463	28	105	966	0
107501	28	142921	966	0
113738	28	892	966	0
32990	28	28	966	0
107509	28	62401	966	0
92939	28	5650	966	0
69201	28	184	966	0
106695	28	1785	966	0
51305	28	2795	966	0
107548	28	13912	966	0
11285	28	397	966	0
6141	28	714	966	0
123975	28	1096	966	0
34258	14	3721	966	0
46732	28	4895	966	0
36554	28	5713	966	0
9413	28	28	966	0
22622	28	286	966	0
124019	28	418	966	0
107603	28	6018	966	0
92988	28	2829	966	0
54576	28	1740	966	0
25140	28	1727	966	0
70775	28	570	966	0
24585	28	1862	966	0
56649	28	83	966	0
49469	28	2208	966	0
13973	28	2737	966	0
48534	28	1712	966	0
93009	28	9131	966	0
104949	28	1793	966	0
24458	28	4002	966	0
56420	28	276	966	0
164897	28	2871	966	0
107650	28	1543	966	0
7906	28	274	966	0
9992	28	445	966	0
25046	28	136	966	0
47988	28	3246	966	0
86541	28	2837	966	0
42919	14	3501	966	0
106418	28	1514	966	0
120616	28	1082	966	0
25875	28	447	966	0
164959	28	8523	966	0
113611	28	1270	966	0
14825	28	828	966	0
12940	28	44192	966	0
51368	28	112	966	0
120866	28	1251	966	0
64958	28	1403	966	0
47804	28	1907	966	0
70949	28	1583	966	0
85863	28	66270	966	0
59569	28	291	966	0
164999	28	2189	966	0
38023	28	2104	966	0
52662	28	2179	966	0
11077	28	803	966	0
107471	28	706	966	0
23722	28	557	966	0
87087	28	44134	966	0
91321	28	1896	966	0
90144	28	758	966	0
12424	28	54698	966	0
15770	28	1523	966	0
38321	28	20566	966	0
16758	28	773	966	0
107814	28	19167	966	0
12181	28	674	966	0
120065	28	106	966	0
16302	28	177	966	0
12564	28	965	966	0
11045	28	277	966	0
99980	28	1623	966	0
60854	28	181	966	0
104884	28	63522	966	0
38891	28	3553	966	0
30345	28	1794	966	0
43422	28	476	966	0
124314	28	940	966	0
12570	28	756	966	0
21162	28	112116	966	0
24217	28	298	966	0
92759	28	1389	966	0
17690	28	46	966	0
86520	28	1740	966	0
87597	28	3439	966	0
61451	28	1026	966	0
68715	28	5202	966	0
93245	28	57	966	0
11157	28	551	966	0
8158	28	2180	966	0
124395	28	722	966	0
53118	28	234	966	0
17705	28	72	966	0
49106	28	540	966	0
36022	28	1115	966	0
97093	28	1830	966	0
37506	28	401	966	0
92258	28	1617	966	0
31437	28	40	966	0
82768	28	1956	966	0
82299	28	70	966	0
51455	28	178	966	0
107957	28	1275	966	0
54469	28	404	966	0
99427	28	41389	966	0
88984	28	1568	966	0
33760	28	4392	966	0
80266	28	2875	966	0
44382	28	48	966	0
9074	28	27	966	0
19016	28	3081	966	0
88503	28	2050	966	0
44383	28	260	966	0
80641	28	1404	966	0
80642	28	1328	966	0
108005	28	510	966	0
143649	28	3876	966	0
91813	28	1018	966	0
27765	28	766	966	0
20423	28	2082	966	0
90672	28	784	966	0
92507	28	11925	966	0
60503	28	7465	966	0
85376	28	6022	966	0
39733	28	4845	966	0
25117	28	3081	966	0
83424	28	605	966	0
4827	28	751	966	0
105681	28	9191	966	0
56092	28	1728	966	0
108067	28	101	966	0
13996	28	77	966	0
143771	28	1655	966	0
107245	28	1022	966	0
27501	28	1365	966	0
49709	28	4373	966	0
34690	28	51196	966	0
28724	28	501	966	0
79978	28	1404	966	0
64128	28	277	966	0
35510	28	504	966	0
70796	28	1332	966	0
50224	28	161	966	0
28967	28	1921	966	0
73197	28	1014	966	0
86595	28	1932	966	0
106815	28	268	966	0
40082	28	1876	966	0
54635	28	159	966	0
52904	28	851	966	0
91038	28	25626	966	0
105653	14	1706	966	0
31857	28	74	966	0
124681	28	36886	966	0
19575	28	1598	966	0
46936	28	1608	966	0
38119	28	3503	966	0
97949	28	23926	966	0
124783	28	1118	966	0
49012	28	485	966	0
14659	28	1085	966	0
118212	28	791	966	0
