18973	28	31104	967	968
66478	28	91	967	968
33249	28	442	967	968
48534	28	87	967	968
27327	28	333	967	968
57091	28	3383	967	968
58412	28	1609	967	968
86183	28	3381	967	968
65342	28	1462	967	968
94364	28	36679	967	968
21204	28	1216	967	968
82079	28	63	967	968
130364	28	759	967	968
111449	28	1149	967	968
127525	28	1074	967	968
27050	28	394	967	968
27755	28	635	967	968
121559	28	386	967	968
26375	28	1399	967	968
146335	28	2192	967	968
21152	28	624	967	968
22805	28	1666	967	968
95001	28	819	967	968
44092	28	1837	967	968
103005	28	1690	967	968
67859	28	1466	967	968
97063	28	640	967	968
128741	28	3034	967	968
103416	28	42984	967	968
19918	28	80	967	968
42843	28	177	967	968
18160	28	185	967	968
26979	28	36	967	968
16254	28	427	967	968
43031	28	3246	967	968
75902	28	170	967	968
99852	28	2486	967	968
73652	28	1167	967	968
96415	28	26303	967	968
9638	28	46	967	968
130391	28	1342	967	968
38331	28	3903	967	968
38586	28	3862	967	968
59780	28	3488	967	968
47853	28	275	967	968
64421	28	3606	967	968
126171	28	23651	967	968
25246	28	98	967	968
15623	28	3931	967	968
7767	28	222	967	968
107520	28	273	967	968
48153	28	812	967	968
43178	28	9970	967	968
7719	28	1158	967	968
138833	28	27658	967	968
177947	28	2611	967	968
29676	28	86	967	968
22237	28	6108	967	968
28369	28	4386	967	968
65504	28	1016	967	968
127470	28	783	967	968
111976	28	908	967	968
36705	28	609	967	968
41422	28	129	967	968
15005	28	16	967	968
124990	28	977	967	968
110872	28	482	967	968
14174	28	1806	967	968
71730	28	925	967	968
23951	28	669	967	968
121937	28	49384	967	968
6616	28	2893	967	968
43476	28	3364	967	968
100693	28	1201	967	968
52830	28	18	967	968
49285	28	262	967	968
82073	28	1078	967	968
128019	28	2802	967	968
86262	28	1264	967	968
104525	28	1596	967	968
58767	28	635	967	968
91468	28	86	967	968
19362	28	351	967	968
12068	28	256	967	968
32946	28	2346	967	968
61738	28	969	967	968
35843	28	3750	967	968
33205	28	273	967	968
84719	28	22189	967	968
42462	28	318	967	968
78003	28	1694	967	968
93281	28	1529	967	968
12258	28	752	967	968
41527	28	2358	967	968
101923	28	1951	967	968
74763	28	3148	967	968
102074	28	15969	967	968
15425	28	1777	967	968
72731	28	1705	967	968
33161	28	1264	967	968
67081	28	4048	967	968
15911	28	672	967	968
32244	28	152	967	968
16003	28	215	967	968
24681	28	496	967	968
93090	28	81920	967	968
9787	28	4927	967	968
82741	28	740	967	968
95663	28	1333	967	968
43992	28	169	967	968
16387	28	752	967	968
33877	28	756	967	968
31422	28	91	967	968
27790	28	1598	967	968
82624	28	5089	967	968
39446	28	205	967	968
19223	28	144	967	968
95152	28	819	967	968
53838	28	2430	967	968
130187	28	3824	967	968
24170	28	971	967	968
80169	28	1182	967	968
52216	28	1446	967	968
106352	28	1190	967	968
65185	28	3193	967	968
76791	28	694	967	968
63864	28	34687	967	968
79036	28	254	967	968
36483	28	355	967	968
18024	28	381	967	968
40665	28	2544	967	968
81489	28	2649	967	968
77097	28	17809	967	968
78097	28	9941	967	968
69589	28	370	967	968
67495	28	177	967	968
76049	28	851	967	968
45434	28	1733	967	968
28786	28	2179	967	968
25668	28	802	967	968
106114	28	193	967	968
11026	28	701	967	968
152661	28	979	967	968
45859	28	1088	967	968
28499	28	263	967	968
48393	28	2302	967	968
44891	28	2483	967	968
36662	28	150	967	968
130193	28	877	967	968
109982	28	96116	967	968
54769	28	51	967	968
151177	28	32737	967	968
95484	28	1403	967	968
18071	28	275	967	968
102826	28	3051	967	968
62573	28	627	967	968
14128	28	759	967	968
79767	28	500	967	968
84168	28	71188	967	968
77180	28	95	967	968
61906	28	1561	967	968
51049	28	1801	967	968
11241	28	107	967	968
108172	28	221	967	968
49172	28	104	967	968
77729	28	3476	967	968
37447	28	1545	967	968
20878	28	357	967	968
22736	28	7486	967	968
39905	28	91364	967	968
71837	28	160	967	968
18254	28	86	967	968
105324	28	3319	967	968
58727	28	3906	967	968
73678	28	2241	967	968
118357	28	2241	967	968
18887	28	1207	967	968
40427	28	1416	967	968
10180	28	568	967	968
55239	28	630	967	968
127050	28	171	967	968
9195	28	1475	967	968
127670	28	2687	967	968
14001	28	1483	967	968
95429	28	30946	967	968
94243	28	789	967	968
59087	28	1034	967	968
82154	28	33583	967	968
34143	28	1529	967	968
77126	28	3484	967	968
50469	28	260	967	968
45702	28	1134	967	968
58617	28	1155	967	968
42836	28	1559	967	968
58237	28	5797	967	968
144113	28	986	967	968
6218	28	238	967	968
82329	28	482	967	968
70816	28	1434	967	968
14006	28	699	967	968
110609	28	900	967	968
43066	28	627	967	968
73901	28	2487	967	968
119005	28	482	967	968
25090	28	394	967	968
30366	28	953	967	968
16128	28	1093	967	968
68500	28	318	967	968
109879	28	1460	967	968
26166	28	537	967	968
29072	28	1050	967	968
110489	28	2842	967	968
109736	28	179817	967	968
76762	28	580	967	968
48174	28	132	967	968
56409	28	881	967	968
37758	28	205	967	968
9851	28	263	967	968
76741	28	1703	967	968
112510	28	1968	967	968
109980	28	1116	967	968
35519	28	1609	967	968
32572	28	192	967	968
68929	28	2062	967	968
23221	28	408	967	968
22303	28	722	967	968
12444	28	210	967	968
28953	28	2199	967	968
22436	28	42	967	968
47228	28	3484	967	968
53716	28	192	967	968
19312	28	1105	967	968
92226	28	371	967	968
68896	28	1035	967	968
38471	28	2014	967	968
6977	28	3326	967	968
87232	28	79	967	968
37033	28	1556	967	968
43820	28	783	967	968
140723	28	337	967	968
35635	28	175	967	968
93940	28	70	967	968
57684	28	415	967	968
87228	28	1119	967	968
108883	28	303	967	968
62554	28	1917	967	968
100284	28	571	967	968
100901	28	1985	967	968
83985	28	503	967	968
13884	28	351	967	968
108380	28	1370	967	968
18042	28	320	967	968
54426	28	10552	967	968
11676	28	551	967	968
18651	28	1008	967	968
19774	28	7895	967	968
62887	28	259	967	968
84987	28	1985	967	968
91890	28	1755	967	968
94330	28	156	967	968
10032	28	2710	967	968
28538	28	2208	967	968
16623	28	833	967	968
56341	28	557	967	968
142791	28	515	967	968
12503	28	111	967	968
73788	28	149	967	968
24488	28	170	967	968
9038	28	35938	967	968
46800	28	1196	967	968
78193	28	1556	967	968
37638	28	1067	967	968
67047	28	2396	967	968
20520	28	528	967	968
96983	28	303	967	968
9307	28	1788	967	968
53015	28	1794	967	968
43451	28	504	967	968
81896	28	913	967	968
26330	28	1227	967	968
39216	28	37	967	968
69700	28	254	967	968
44316	28	38204	967	968
45123	28	546	967	968
44694	28	1392	967	968
116492	28	214	967	968
21157	28	924	967	968
99645	28	887	967	968
122660	28	6227	967	968
67526	28	696	967	968
87774	28	1154	967	968
11000	28	2714	967	968
91699	28	1465	967	968
53359	28	4605	967	968
70998	28	3971	967	968
126927	28	1076	967	968
59223	28	507	967	968
108010	28	7654	967	968
111232	28	490	967	968
72219	28	1034	967	968
115605	28	1232	967	968
19680	28	28458	967	968
73460	28	498	967	968
50192	28	1535	967	968
6863	28	554	967	968
18451	28	485	967	968
90906	28	4509	967	968
130597	28	3995	967	968
9789	28	1572	967	968
86144	28	1351	967	968
73571	28	1237	967	968
82047	28	232	967	968
70422	28	170	967	968
80346	28	2020	967	968
28360	28	2032	967	968
44534	28	35809	967	968
128991	28	1614	967	968
128272	28	474	967	968
18830	28	228	967	968
93959	28	146	967	968
15987	28	1981	967	968
22446	28	255	967	968
13067	28	432	967	968
88846	28	3769	967	968
71102	28	406	967	968
82433	28	408	967	968
48037	28	528	967	968
23400	28	3507	967	968
36084	28	1958	967	968
77224	28	153	967	968
73406	28	767	967	968
111804	28	5177	967	968
83305	28	1457	967	968
38249	28	219	967	968
23501	28	1118	967	968
11489	28	23	967	968
13694	28	351	967	968
11293	28	1484	967	968
45997	28	442	967	968
16171	28	153	967	968
12399	28	2714	967	968
123919	28	2170	967	968
81811	28	85379	967	968
76112	28	366	967	968
8717	28	2489	967	968
15093	28	192	967	968
70708	28	589	967	968
154396	28	2464	967	968
35288	28	3132	967	968
14772	28	170	967	968
20095	28	2263	967	968
57928	28	10552	967	968
110392	28	259	967	968
21485	28	262	967	968
43244	28	596	967	968
12939	28	3750	967	968
15730	28	167	967	968
126724	28	2468	967	968
54949	28	39	967	968
16850	28	82	967	968
11789	28	1806	967	968
181505	28	536	967	968
16361	28	4243	967	968
25968	28	816	967	968
36521	28	2458	967	968
81323	28	179	967	968
130345	28	386	967	968
19123	28	556	967	968
8905	28	1380	967	968
12956	28	1987	967	968
51470	28	202	967	968
8526	28	357	967	968
94224	28	459	967	968
37377	28	753	967	968
109573	28	1214	967	968
59577	28	398	967	968
25186	28	387	967	968
62792	28	1317	967	968
69062	28	1204	967	968
20531	28	42	967	968
62354	28	1016	967	968
28050	28	792	967	968
86464	28	1918	967	968
60018	28	392	967	968
69922	28	250	967	968
142353	28	3034	967	968
6457	28	85	967	968
14381	28	80	967	968
84546	28	2714	967	968
92307	28	2088	967	968
32767	28	118	967	968
11258	28	85	967	968
48254	28	673	967	968
44653	28	913	967	968
71290	28	2151	967	968
69144	28	455	967	968
30062	28	5369	967	968
29911	28	248	967	968
23422	28	1264	967	968
27490	28	2895	967	968
84813	28	1404	967	968
130014	28	954	967	968
50740	28	401	967	968
72611	28	610	967	968
94456	28	1371	967	968
134988	28	40850	967	968
9216	28	263	967	968
42969	28	288	967	968
8512	28	4162	967	968
32769	28	778	967	968
44947	28	1988	967	968
49961	28	2877	967	968
91814	28	186	967	968
121076	28	1959	967	968
130920	28	111843	967	968
55502	28	557	967	968
7738	28	49	967	968
58387	28	989	967	968
88882	28	1536	967	968
51812	28	2177	967	968
64313	28	1873	967	968
13280	28	245	967	968
47141	28	2822	967	968
95993	28	580	967	968
94310	28	1810	967	968
37248	28	153	967	968
104979	28	42	967	968
13955	28	518	967	968
14314	28	2785	967	968
75150	28	95	967	968
33225	28	7410	967	968
16752	28	394	967	968
44589	28	1562	967	968
29174	28	1562	967	968
109864	28	2240	967	968
25592	28	1533	967	968
78531	28	483	967	968
20740	28	3551	967	968
10911	28	432	967	968
60167	28	409	967	968
70458	28	2479	967	968
144531	28	890	967	968
45330	28	7530	967	968
71734	28	28731	967	968
110643	28	1060	967	968
145664	28	923	967	968
78170	28	6151	967	968
20472	28	695	967	968
12712	28	179	967	968
43549	28	1195	967	968
19821	28	533	967	968
64230	28	981	967	968
8845	28	1553	967	968
19266	28	432	967	968
15090	28	1755	967	968
78409	28	333	967	968
11264	28	1588	967	968
44938	28	455	967	968
119920	28	2974	967	968
80375	28	449	967	968
70178	28	44	967	968
68398	28	117	967	968
59834	28	6225	967	968
13426	28	840	967	968
65012	28	610	967	968
91349	28	2967	967	968
15330	28	3317	967	968
111370	28	177	967	968
142510	28	750	967	968
126668	28	610	967	968
11360	28	3476	967	968
117953	28	1410	967	968
17757	28	2045	967	968
25007	28	2967	967	968
95151	28	40850	967	968
15886	28	3967	967	968
92790	28	911	967	968
121801	28	3993	967	968
18795	28	1835	967	968
38616	28	5124	967	968
24084	28	3750	967	968
85949	28	262	967	968
125524	28	394	967	968
100119	28	277	967	968
21602	28	2117	967	968
20006	28	1289	967	968
153738	28	3051	967	968
69977	28	26716	967	968
33563	28	1785	967	968
64016	28	8240	967	968
29732	28	4515	967	968
92266	28	2466	967	968
23313	28	3387	967	968
110707	28	558	967	968
21140	28	124	967	968
91457	28	1465	967	968
17078	28	124	967	968
94852	28	597	967	968
71597	28	100	967	968
51974	28	318	967	968
86498	28	1410	967	968
86030	28	528	967	968
9011	28	1572	967	968
92141	28	1267	967	968
75708	28	1334	967	968
78274	28	647	967	968
65788	28	537	967	968
17466	28	735	967	968
19913	28	161	967	968
66001	28	3921	967	968
17027	28	257	967	968
111567	28	710	967	968
68358	28	35456	967	968
94593	28	1776	967	968
183371	28	51	967	968
66965	28	74112	967	968
37168	28	1464	967	968
28186	28	7486	967	968
65252	28	427	967	968
52579	28	1018	967	968
128900	28	1460	967	968
44730	28	343	967	968
8611	28	829	967	968
40259	28	662	967	968
75109	28	580	967	968
18572	28	37	967	968
128782	28	911	967	968
30640	28	458	967	968
108965	28	860	967	968
36095	28	1715	967	968
54840	28	49	967	968
23903	28	575	967	968
15475	28	596	967	968
127548	28	68178	967	968
27496	28	1464	967	968
59759	28	680	967	968
25433	28	2152	967	968
66796	28	749	967	968
91898	28	1161	967	968
80008	28	568	967	968
81364	28	458	967	968
69024	28	657	967	968
31000	28	1766	967	968
10727	28	2479	967	968
34023	28	554	967	968
10536	28	610	967	968
71657	28	1288	967	968
27677	28	289	967	968
66660	28	254	967	968
54908	28	3824	967	968
128489	28	614	967	968
54750	28	345	967	968
105428	28	1794	967	968
14402	28	2714	967	968
66402	28	1088	967	968
65252	28	1002	967	968
19157	28	3176	967	968
75044	28	41356	967	968
107814	28	465	967	968
128782	28	593	967	968
12890	28	332	967	968
7448	28	337	967	968
111701	28	22189	967	968
38875	28	522	967	968
26510	28	4363	967	968
184012	28	3136	967	968
22049	28	277	967	968
9437	28	383	967	968
38395	28	1850	967	968
12340	28	124	967	968
36635	28	1442	967	968
68324	28	8108	967	968
6701	28	64	967	968
86333	28	1160	967	968
59189	28	2241	967	968
17117	28	791	967	968
111064	28	3426	967	968
33092	28	785	967	968
73511	28	1435	967	968
152220	28	814	967	968
61324	28	851	967	968
59217	28	1080	967	968
14169	28	4011	967	968
58427	28	105	967	968
111529	28	2280	967	968
8322	28	122	967	968
71966	28	2490	967	968
62314	28	38559	967	968
90922	28	1677	967	968
81752	28	916	967	968
71471	28	278	967	968
92647	28	851	967	968
93233	28	2983	967	968
31413	28	1765	967	968
184458	28	1293	967	968
61443	28	56841	967	968
19355	28	1116	967	968
54324	28	455	967	968
132081	28	536	967	968
38621	28	109	967	968
55589	28	1938	967	968
29208	28	805	967	968
29750	28	679	967	968
39384	28	2808	967	968
90915	28	27471	967	968
28993	28	280	967	968
62866	28	1220	967	968
81629	28	3446	967	968
89861	28	2139	967	968
30909	28	621	967	968
20706	28	263	967	968
78269	28	1208	967	968
11734	28	357	967	968
57156	28	1160	967	968
14119	28	1238	967	968
18987	28	580	967	968
75451	28	806	967	968
97249	28	1334	967	968
89994	28	4927	967	968
130819	28	5935	967	968
8620	28	1694	967	968
105996	28	1651	967	968
71515	28	773	967	968
35513	28	621	967	968
62496	28	432	967	968
63702	28	167	967	968
110574	28	1324	967	968
31048	28	767	967	968
128724	28	2396	967	968
99935	28	1396	967	968
89332	28	2126	967	968
23227	28	70	967	968
38445	28	49	967	968
107186	28	812	967	968
89107	28	806	967	968
53545	28	170	967	968
23659	28	343	967	968
28139	28	15489	967	968
8130	28	614	967	968
25912	28	42	967	968
71264	28	4631	967	968
109933	28	3105	967	968
30815	28	525	967	968
11177	28	232	967	968
51121	28	436	967	968
89488	28	4051	967	968
125559	28	318	967	968
44110	28	170	967	968
94976	28	1522	967	968
110332	28	948	967	968
31941	28	398	967	968
130162	28	10050	967	968
32338	28	598	967	968
12261	28	71	967	968
60748	28	524	967	968
13630	28	79	967	968
93744	28	54	967	968
63673	28	3105	967	968
74981	28	175	967	968
86065	28	2761	967	968
12564	28	274	967	968
94599	28	1876	967	968
122607	28	15214	967	968
11068	28	263	967	968
30361	28	1171	967	968
58268	28	1596	967	968
108752	28	3051	967	968
16957	28	51	967	968
54576	28	250	967	968
27020	28	832	967	968
99169	28	416	967	968
110870	28	552	967	968
85257	28	10269	967	968
16432	28	199	967	968
87585	28	357	967	968
37109	28	78	967	968
27510	28	3321	967	968
71395	28	977	967	968
107961	28	2812	967	968
89971	28	1533	967	968
127102	28	1500	967	968
86375	28	589	967	968
20807	28	403	967	968
14479	28	1553	967	968
40934	28	169	967	968
129302	28	318	967	968
38515	28	778	967	968
141688	28	2263	967	968
124334	28	3317	967	968
82328	28	1196	967	968
38320	28	1321	967	968
18246	28	1611	967	968
32648	28	1088	967	968
11308	28	80	967	968
76717	28	1286	967	968
129419	28	598	967	968
8507	28	1598	967	968
21465	28	1268	967	968
81255	28	531	967	968
15173	28	2714	967	968
79271	28	71	967	968
95321	28	1527	967	968
69062	28	22	967	968
25186	28	2187	967	968
49546	28	833	967	968
12400	28	1196	967	968
28454	28	1399	967	968
65298	28	3674	967	968
35510	28	741	967	968
35070	28	2165	967	968
85766	28	1214	967	968
32344	28	901	967	968
83762	28	63	967	968
6105	28	46	967	968
14555	28	318	967	968
50529	28	1529	967	968
77790	28	81	967	968
22780	28	56	967	968
118264	28	536	967	968
75039	28	15572	967	968
99414	28	31818	967	968
36595	28	1837	967	968
18046	28	56	967	968
20976	28	1154	967	968
23019	28	1824	967	968
34221	28	2412	967	968
78448	28	2458	967	968
56937	28	1059	967	968
78381	28	1533	967	968
129281	28	288	967	968
90974	28	275	967	968
8023	28	56	967	968
99980	28	4011	967	968
43419	28	3435	967	968
15151	28	2415	967	968
75315	28	24485	967	968
61338	28	49265	967	968
85932	28	1410	967	968
8994	28	3649	967	968
103115	28	454	967	968
13125	28	1251	967	968
51062	28	422	967	968
40152	28	95	967	968
93755	28	2989	967	968
10397	28	250	967	968
87414	28	1672	967	968
67031	28	985	967	968
31428	28	435	967	968
107865	28	649	967	968
37077	28	679	967	968
31508	28	61	967	968
70344	28	325	967	968
128991	28	231	967	968
38413	28	1412	967	968
14177	28	2567	967	968
83985	28	17469	967	968
10244	28	913	967	968
28432	28	1268	967	968
54616	28	1412	967	968
17448	28	803	967	968
16804	28	793	967	968
12361	28	79	967	968
28948	28	17752	967	968
127639	28	2264	967	968
129851	28	1264	967	968
154688	28	1672	967	968
28228	28	842	967	968
22447	28	522	967	968
106708	28	1544	967	968
45123	28	360	967	968
72776	28	605	967	968
18211	28	619	967	968
56004	28	354	967	968
120051	28	1651	967	968
65640	28	88	967	968
14387	28	491	967	968
36965	28	333	967	968
48241	28	2577	967	968
19722	28	81	967	968
103714	28	1963	967	968
31585	28	1435	967	968
12395	28	4297	967	968
26765	28	55120	967	968
18906	28	760	967	968
51221	28	378	967	968
50205	28	839	967	968
45775	28	527	967	968
44663	28	3080	967	968
78788	28	926	967	968
40659	28	3226	967	968
58505	28	3287	967	968
114655	28	2264	967	968
129506	28	2020	967	968
77151	28	3750	967	968
81980	28	2136	967	968
16327	28	1531	967	968
22879	28	3429	967	968
30911	28	607	967	968
19812	28	504	967	968
79527	28	954	967	968
81789	28	558	967	968
37296	28	657	967	968
14925	28	95	967	968
31924	28	469	967	968
42645	28	198	967	968
31422	28	107	967	968
30369	28	492	967	968
49741	28	71	967	968
39282	28	2358	967	968
143988	28	1145	967	968
69473	28	774	967	968
39390	28	262	967	968
44552	28	907	967	968
83011	28	3921	967	968
48664	28	133	967	968
30571	28	1639	967	968
94381	28	13332	967	968
106934	28	26431	967	968
88807	28	222	967	968
106157	28	2808	967	968
41052	28	69	967	968
42060	28	981	967	968
66117	28	908	967	968
62554	28	1614	967	968
7912	28	1314	967	968
53855	28	72	967	968
106181	28	2398	967	968
125881	28	1571	967	968
31492	28	529	967	968
36446	28	969	967	968
84557	28	3674	967	968
94820	28	112	967	968
12030	28	1483	967	968
22067	28	495	967	968
43300	28	812	967	968
52717	28	1017	967	968
12446	28	272	967	968
30227	28	6066	967	968
25415	28	210	967	968
126597	28	672	967	968
75300	28	1311	967	968
68873	28	1614	967	968
40901	28	1116	967	968
16790	28	266	967	968
16059	28	959	967	968
26081	28	2479	967	968
55056	28	1745	967	968
27992	28	799	967	968
94171	28	2324	967	968
35543	28	344	967	968
33766	28	1553	967	968
13931	28	126	967	968
67796	28	83	967	968
7476	28	105	967	968
56197	28	1262	967	968
88452	28	2391	967	968
77565	28	797	967	968
9842	28	88	967	968
119434	28	2204	967	968
130414	28	1390	967	968
73860	28	1402	967	968
45775	28	17063	967	968
27598	28	333	967	968
83034	28	6108	967	968
30662	28	829	967	968
133894	28	4739	967	968
82137	28	1115	967	968
10911	28	806	967	968
44241	28	377	967	968
70894	28	2477	967	968
24718	28	283	967	968
82604	28	1703	967	968
81989	28	1345	967	968
104770	28	624	967	968
8262	28	86	967	968
138226	28	614	967	968
18331	28	222	967	968
22540	28	408	967	968
9687	28	272	967	968
33443	28	522	967	968
119202	28	321	967	968
7233	28	3051	967	968
24921	28	3931	967	969
52350	28	1321	967	969
25160	28	449	967	969
45493	28	170	967	969
83105	28	311	967	969
29608	28	1013	967	969
96662	28	1531	967	969
22257	28	40	967	969
131904	28	205	967	969
45805	28	235	967	969
96891	28	345	967	969
97025	28	812	967	969
97063	28	1850	967	969
53504	28	3364	967	969
84097	28	893	967	969
113724	28	1573	967	969
72477	28	458	967	969
29285	28	78	967	969
54079	28	1873	967	969
40252	28	100	967	969
25533	28	44	967	969
25712	28	239	967	969
60812	28	155	967	969
63448	28	1211	967	969
54861	28	398	967	969
26845	28	778	967	969
41237	28	55	967	969
85708	28	2564	967	969
84170	28	1499	967	969
9103	28	71	967	969
20531	28	66	967	969
64491	28	202	967	969
74779	28	445	967	969
134723	28	1052	967	969
15823	28	215	967	969
6931	28	129	967	969
116444	28	401	967	969
10503	28	147	967	969
14888	28	100	967	969
20934	28	4128	967	969
116726	28	103	967	969
22372	28	673	967	969
56546	28	23	967	969
135787	28	500	967	969
117145	28	401	967	969
12565	28	8790	967	969
13836	28	79	967	969
99089	28	1853	967	969
12587	28	79	967	969
28019	28	1675	967	969
117693	28	1053	967	969
101950	28	15580	967	969
21041	28	2391	967	969
117871	28	1598	967	969
24842	28	693	967	969
27615	28	191	967	969
77191	28	1022	967	969
61066	28	1208	967	969
32529	28	1033	967	969
102855	28	89	967	969
25382	28	66	967	969
14791	28	583	967	969
7824	28	1836	967	969
77542	28	161	967	969
46238	28	5079	967	969
103379	28	72	967	969
17273	28	2070	967	969
98797	28	1951	967	969
103643	28	386	967	969
25856	28	150	967	969
72001	28	1124	967	969
113996	28	1053	967	969
90009	28	723	967	969
13596	28	899	967	969
9407	28	399	967	969
13441	28	170	967	969
54002	28	64	967	969
116726	28	456	967	969
22300	28	725	967	969
78471	28	2139	967	969
55326	28	263	967	969
27012	28	535	967	969
17336	28	272	967	969
86238	28	445	967	969
55372	28	309	967	969
29755	28	27	967	969
105040	28	925	967	969
27333	28	177	967	969
13090	28	120	967	969
36096	28	557	967	969
56048	28	146	967	969
121324	28	1731	967	969
86086	28	1105	967	969
42254	28	3967	967	969
105446	28	311	967	969
20928	28	89	967	969
121790	28	2139	967	969
105729	28	2203	967	969
56569	28	1082	967	969
53966	28	370	967	969
56034	28	469	967	969
21081	28	743	967	969
91805	28	3967	967	969
31597	28	57	967	969
16010	28	1526	967	969
18186	28	48	967	969
52258	28	496	967	969
122588	28	489	967	969
54710	28	272	967	969
56217	28	3967	967	969
19909	28	65	967	969
17261	28	123	967	969
22994	28	643	967	969
9923	28	261	967	969
41215	28	953	967	969
82450	28	1529	967	969
141852	28	1382	967	969
26470	28	660	967	969
92806	28	2348	967	969
27852	28	511	967	969
26419	28	598	967	969
25661	28	169	967	969
8485	28	275	967	969
40217	28	1122	967	969
13337	28	27658	967	969
105141	28	22	967	969
48556	28	627	967	969
123670	28	2895	967	969
8365	28	745	967	969
21099	28	716	967	969
37438	28	169	967	969
26230	28	2208	967	969
15918	28	203	967	969
8290	28	573	967	969
36893	28	843	967	969
19416	28	767	967	969
80792	28	2139	967	969
37252	28	920	967	969
14840	28	8790	967	969
13649	28	142	967	969
54020	28	107	967	969
32847	28	433	967	969
51126	28	575	967	969
20203	28	28	967	969
91112	28	74	967	969
80992	28	681	967	969
40147	28	79	967	969
9050	28	971	967	969
86644	28	81113	967	969
15735	28	770	967	969
91041	28	10204	967	969
81153	28	1835	967	969
22695	28	1131	967	969
26679	28	220	967	969
26006	28	474	967	969
29425	28	61	967	969
81330	28	909	967	969
90040	28	554	967	969
80150	28	778	967	969
56922	28	219	967	969
61267	28	754	967	969
55964	28	436	967	969
13280	28	41	967	969
14376	28	691	967	969
11488	28	166	967	969
79315	28	331	967	969
42593	28	292	967	969
93772	28	64	967	969
18682	28	2199	967	969
90320	28	841	967	969
9940	28	275	967	969
168575	28	5998	967	969
27688	28	44	967	969
102865	28	1410	967	969
61834	28	2912	967	969
27970	28	2104	967	969
119857	28	4758	967	969
20564	28	802	967	969
87966	28	69	967	969
47163	28	48657	967	969
5626	28	117	967	969
44442	28	2364	967	969
15106	28	64	967	969
14869	28	228	967	969
67366	28	149	967	969
17581	28	145	967	969
136253	28	214	967	969
35010	28	51	967	969
127525	28	7633	967	969
27657	28	892	967	969
27993	28	435	967	969
22027	28	63	967	969
72587	28	818	967	969
18153	28	4643	967	969
108361	28	67	967	969
47808	28	10777	967	969
77075	28	45	967	969
26511	28	598	967	969
81443	28	1043	967	969
71402	28	1211	967	969
11247	28	53	967	969
61498	28	3649	967	969
54418	28	919	967	969
86656	28	47	967	969
60683	28	533	967	969
32994	28	3092	967	969
6812	28	852	967	969
94703	28	971	967	969
20920	28	408	967	969
39936	28	551	967	969
114942	28	146	967	969
23139	28	120	967	969
91710	28	120	967	969
36231	28	107	967	969
128063	28	1618	967	969
7364	28	122	967	969
37693	28	3750	967	969
21812	28	431	967	969
19679	28	621	967	969
128597	28	643	967	969
13119	28	2733	967	969
149268	28	2486	967	969
86705	28	1314	967	969
41510	28	129	967	969
8263	28	219	967	969
8116	28	57	967	969
9580	28	211	967	969
36173	28	171	967	969
58713	28	353	967	969
13100	23	27734	967	969
27734	23	13100	967	969
28801	28	990	967	969
108148	28	3002	967	969
13044	28	145	967	969
14284	28	3080	967	969
16061	28	149	967	969
16264	28	89	967	969
17092	28	511	967	969
81444	28	1477	967	969
31663	28	672	967	969
24656	28	76	967	969
119237	28	169	967	969
83810	28	1563	967	969
10846	28	98	967	969
32252	28	230	967	969
21425	28	1903	967	969
7867	28	537	967	969
5894	28	1598	967	969
17432	28	319	967	969
39545	28	597	967	969
11898	28	109	967	969
86263	28	73136	967	969
8800	28	589	967	969
84120	28	1122	967	969
37448	28	875	967	969
53616	28	1836	967	969
36337	28	461	967	969
85926	28	887	967	969
25356	28	360	967	969
31136	28	744	967	969
28544	28	1432	967	969
22185	28	254	967	969
129871	28	2714	967	969
87754	28	3416	967	969
31898	28	660	967	969
50816	28	740	967	969
101411	28	1179	967	969
23279	28	387	967	969
72525	28	65	967	969
152199	28	703	967	969
27528	28	506	967	969
59038	28	506	967	969
55447	28	2545	967	969
34242	28	39	967	969
59822	28	1053	967	969
54948	28	168	967	969
9065	28	272	967	969
9793	28	597	967	969
18228	28	86	967	969
119019	28	651	967	969
81064	28	542	967	969
55612	28	691	967	969
50569	28	255	967	969
17912	28	18619	967	969
9949	28	114	967	969
105847	28	679	967	969
20627	28	4726	967	969
58859	28	102	967	969
14237	28	319	967	969
21837	28	5795	967	969
109630	28	3488	967	969
15724	28	80	967	969
129465	28	169	967	969
76716	28	401	967	969
12378	28	66	967	969
43762	28	155	967	969
32529	28	170	967	969
35308	28	122	967	969
14822	28	4880	967	969
99737	28	2139	967	969
28392	28	892	967	969
17162	28	2714	967	969
59676	28	2053	967	969
147141	28	239	967	969
22318	28	434	967	969
23101	28	1314	967	969
127917	28	5026	967	969
17805	28	162	967	969
100497	28	590	967	969
9681	28	1417	967	969
121843	28	343	967	969
14775	28	80	967	969
27343	28	399	967	969
37940	28	3316	967	969
56462	28	4880	967	969
34005	28	214	967	969
63527	28	1181	967	969
24031	28	304	967	969
16726	28	40	967	969
17659	28	1105	967	969
34176	28	1495	967	969
107656	28	51	967	969
98303	28	386	967	969
95096	28	80	967	969
66817	28	1751	967	969
85938	28	511	967	969
46668	28	1816	967	969
82580	28	150	967	969
101725	28	1237	967	969
19062	28	598	967	969
51139	28	205	967	969
72591	28	1026	967	969
24719	28	716	967	969
74613	28	2436	967	969
47527	28	1110	967	969
55475	28	131	967	969
81689	28	26283	967	969
25127	28	16	967	969
68080	28	1572	967	969
8783	28	169	967	969
30273	28	168	967	969
75933	28	596	967	969
130267	28	47	967	969
20506	28	1873	967	969
38399	28	8045	967	969
21154	28	78	967	969
122054	28	234	967	969
68267	28	4217	967	969
12187	28	66	967	969
19349	28	169	967	969
18103	28	380	967	969
43947	28	515	967	969
25842	28	537	967	969
29600	28	690	967	969
95649	28	257	967	969
70484	28	149	967	969
100284	28	28	967	969
128736	28	10204	967	969
48423	28	760	967	969
48759	28	6935	967	969
59336	28	591	967	969
124964	28	146	967	969
12404	28	87	967	969
87314	28	778	967	969
86014	28	273	967	969
44898	28	953	967	969
67769	28	1036	967	969
36717	28	632	967	969
23949	28	168	967	969
30552	28	185	967	969
30288	28	474	967	969
15408	28	392	967	969
13936	28	1496	967	969
49627	28	61	967	969
74264	28	51	967	969
14940	28	295	967	969
52737	28	437	967	969
75424	28	311	967	969
46582	28	433	967	969
48110	28	1011	967	969
65517	28	2353	967	969
7846	28	117	967	969
27296	28	1572	967	969
20792	28	1011	967	969
79716	28	1033	967	969
39215	28	433	967	969
15088	28	501	967	969
13491	28	39	967	969
26665	28	4217	967	969
67722	28	105	967	969
10930	28	370	967	969
154297	28	277	967	969
6189	28	126	967	969
75326	28	746	967	969
33217	28	46	967	969
101386	28	2053	967	969
79978	28	159	967	969
105262	28	1055	967	969
130236	28	571	967	969
8230	28	123	967	969
25990	28	152	967	969
107958	28	8790	967	969
62961	28	1949	967	969
87754	28	266	967	969
13233	28	50	967	969
82076	28	990	967	969
24121	28	23	967	969
10720	28	48	967	969
71837	28	86	967	969
8099	28	266	967	969
18731	28	150	967	969
22636	28	199	967	969
35806	28	28	967	969
82182	28	214	967	969
95745	28	437	967	970
111910	28	634	968	0
95816	28	1862	968	0
24718	28	3156	968	0
95824	28	1027	968	0
95853	28	1151	968	0
131132	28	524	968	0
82272	28	679	968	0
95879	28	36	968	0
21692	28	2445	968	0
82298	28	686	968	0
28944	28	1459	968	0
70545	28	774	968	0
18554	28	698	968	0
28958	28	1174	968	0
112042	28	1091	968	0
28991	28	591	968	0
131188	28	1675	968	0
21743	28	1242	968	0
112085	28	1210	968	0
112119	28	95985	968	0
112140	28	2103	968	0
70704	28	814	968	0
18733	28	55	968	0
45012	28	2373	968	0
96028	28	1404	968	0
16453	28	773	968	0
60824	28	11331	968	0
82534	28	2974	968	0
60854	28	732	968	0
18792	28	70823	968	0
82568	28	33583	968	0
131344	28	18	968	0
96123	28	903	968	0
12776	28	4243	968	0
82604	28	1150	968	0
25007	28	1359	968	0
39024	28	643	968	0
60915	28	21902	968	0
82618	28	1759	968	0
82619	28	1208	968	0
96156	28	602	968	0
112294	28	1747	968	0
16522	28	11378	968	0
11382	28	1052	968	0
52403	28	21935	968	0
70944	28	2777	968	0
112339	28	9215	968	0
21951	28	19	968	0
155801	28	1751	968	0
96262	28	232	968	0
112394	28	1033	968	0
52509	28	1319	968	0
21983	28	427	968	0
18918	28	1049	968	0
71049	28	832	968	0
82330	28	311	968	0
131509	28	616	968	0
112440	14	1445	968	0
112444	28	7746	968	0
96327	28	5412	968	0
33787	28	7750	968	0
112462	28	119	968	0
25178	28	725	968	0
61143	28	1005	968	0
70960	28	651	968	0
29397	28	419	968	0
96375	28	1572	968	0
71167	28	1871	968	0
25212	28	5229	968	0
112516	28	3465	968	0
96415	28	71188	968	0
45434	28	3418	968	0
6734	28	2710	968	0
131613	28	1710	968	0
39340	28	1924	968	0
16675	28	1349	968	0
96498	28	482	968	0
29492	28	756	968	0
19071	28	1035	968	0
131695	28	427	968	0
96543	28	22160	968	0
25321	28	167	968	0
9072	28	45	968	0
25331	28	1030	968	0
39420	28	2395	968	0
39453	28	1299	968	0
61257	28	5466	968	0
131748	28	1691	968	0
71398	28	815	968	0
96605	28	42	968	0
39469	28	1221	968	0
25371	28	1900	968	0
34063	28	167	968	0
83127	28	774	968	0
112748	28	759	968	0
71463	28	1066	968	0
34090	28	1105	968	0
156020	28	1654	968	0
34097	28	1640	968	0
71495	28	1324	968	0
11492	28	8449	968	0
96711	28	509	968	0
29662	28	1693	968	0
9365	28	514	968	0
61566	14	775	968	0
33606	28	2373	968	0
131898	28	857	968	0
45769	28	363	968	0
13142	28	519	968	0
14755	28	25560	968	0
83347	28	1107	968	0
25573	28	7837	968	0
45824	28	1004	968	0
112923	28	609	968	0
21797	28	7190	968	0
16861	28	74	968	0
25594	28	29778	968	0
34284	28	135	968	0
25600	28	81	968	0
96919	28	1272	968	0
13179	28	3071	968	0
112986	28	1665	968	0
83454	28	434	968	0
96969	28	1762	968	0
132070	28	202	968	0
10477	28	328	968	0
96795	28	29899	968	0
22443	28	7746	968	0
16941	28	923	968	0
19042	28	101	968	0
19440	28	739	968	0
14845	28	980	968	0
39827	28	215	968	0
113116	23	113117	968	0
25752	28	803	968	0
25770	28	1541	968	0
83632	28	917	968	0
71931	28	6255	968	0
22510	28	1030	968	0
113197	14	97125	968	0
29986	28	1457	968	0
97138	28	1105	968	0
97143	28	153	968	0
30005	28	25837	968	0
46112	28	832	968	0
72022	28	6016	968	0
83725	28	2103	968	0
82299	28	1609	968	0
46123	28	394	968	0
14251	28	114	968	0
46153	28	8498	968	0
83772	28	1727	968	0
83786	28	5412	968	0
46180	28	833	968	0
34596	28	1223	968	0
72130	28	1956	968	0
19336	28	564	968	0
113390	28	1403	968	0
97312	28	201	968	0
97314	28	5059	968	0
14959	28	224	968	0
156408	28	381	968	0
113427	28	718	968	0
97333	28	1150	968	0
34640	28	3615	968	0
11812	28	169	968	0
156436	28	1708	968	0
72213	28	3967	968	0
113477	28	1462	968	0
19640	28	408	968	0
83924	28	14998	968	0
11828	28	1541	968	0
113507	28	433	968	0
53652	28	741	968	0
113477	28	3465	968	0
30175	28	758	968	0
113521	28	593	968	0
83961	28	2088	968	0
40134	28	3674	968	0
34733	28	2165	968	0
30190	28	2562	968	0
83989	28	2223	968	0
70609	28	294	968	0
72304	28	647	968	0
97113	28	184	968	0
83998	28	942	968	0
46388	28	202	968	0
84030	28	85	968	0
62404	28	624	968	0
72357	28	3267	968	0
21917	28	65	968	0
13381	28	160	968	0
72106	28	9577	968	0
84081	28	2808	968	0
16593	28	323	968	0
62455	28	2555	968	0
19722	28	67	968	0
30282	28	498	968	0
72468	28	537	968	0
30296	28	882	968	0
84207	28	673	968	0
19598	28	1288	968	0
53862	28	198	968	0
10180	28	399	968	0
53323	28	255	968	0
97698	28	2026	968	0
97706	28	5765	968	0
40368	28	3039	968	0
22761	28	528	968	0
97734	28	897	968	0
40388	14	6882	968	0
13437	28	160	968	0
113824	28	2004	968	0
97765	28	1497	968	0
46641	28	109	968	0
62673	28	427	968	0
25628	28	1705	968	0
97836	28	1329	968	0
30426	28	4577	968	0
15151	28	1145	968	0
34353	14	29858	968	0
97889	28	1507	968	0
84468	14	132825	968	0
35071	28	1117	968	0
97916	28	703	968	0
26326	28	6904	968	0
62810	28	168	968	0
97942	28	40540	968	0
61887	28	5047	968	0
26364	28	496	968	0
97977	28	1411	968	0
60827	28	417	968	0
82952	28	6413	968	0
114045	28	2020	968	0
70692	28	3845	968	0
22543	28	463	968	0
98030	28	3985	968	0
9422	28	10680	968	0
46867	28	749	968	0
98075	28	1942	968	0
70739	28	1811	968	0
26437	28	5028	968	0
7133	28	175	968	0
98111	28	5558	968	0
72915	28	22983	968	0
35224	28	1634	968	0
84719	28	82279	968	0
114179	28	328	968	0
30628	28	23	968	0
15251	28	2139	968	0
52913	28	463	968	0
98164	28	869	968	0
9691	28	49	968	0
96011	28	3990	968	0
23019	28	1457	968	0
133055	28	1468	968	0
72979	28	1016	968	0
114238	28	1066	968	0
98193	28	1535	968	0
82493	28	626	968	0
12053	28	672	968	0
84787	28	975	968	0
40780	8	84797	968	0
84805	14	775	968	0
73015	28	3507	968	0
47024	28	2373	968	0
84813	28	707	968	0
113361	28	2162	968	0
98242	28	830	968	0
63156	28	798	968	0
133143	28	3383	968	0
73092	28	2324	968	0
14252	28	1099	968	0
47089	28	2545	968	0
84885	28	73	968	0
114338	28	6433	968	0
84903	28	453	968	0
84905	28	1758	968	0
98336	28	30726	968	0
12081	28	1054	968	0
84918	28	406	968	0
12809	28	6492	968	0
17431	28	3674	968	0
82225	28	19167	968	0
98404	28	105	968	0
15173	28	2481	968	0
85005	28	570	968	0
157030	28	1182	968	0
54558	28	674	968	0
17465	28	504	968	0
10742	28	2938	968	0
63343	28	2555	968	0
34974	28	530	968	0
114475	28	415	968	0
10246	28	3475	968	0
63378	28	1959	968	0
73302	28	1614	968	0
98491	28	1394	968	0
47245	28	294	968	0
133311	28	2948	968	0
54656	28	1885	968	0
19240	28	14976	968	0
85143	28	1204	968	0
23188	28	266	968	0
70836	28	2082	968	0
73301	28	1432	968	0
54694	28	1555	968	0
25650	28	58	968	0
17508	28	690	968	0
54730	28	1134	968	0
30909	28	522	968	0
114669	28	746	968	0
54769	28	2139	968	0
98641	28	1320	968	0
72252	28	1280	968	0
73460	28	829	968	0
70547	28	2162	968	0
16615	28	766	968	0
20266	28	2020	968	0
133502	28	180	968	0
23253	28	530	968	0
30961	28	830	968	0
26800	28	378	968	0
19437	28	1709	968	0
133537	28	240	968	0
13248	28	369	968	0
30060	28	64	968	0
98800	28	99	968	0
25260	28	1811	968	0
157281	28	1736	968	0
73622	28	4748	968	0
85437	28	1522	968	0
73646	28	1193	968	0
17596	28	794	968	0
73652	28	1765	968	0
26851	28	1010	968	0
54949	28	166	968	0
54950	28	2165	968	0
73665	28	1514	968	0
85487	28	1694	968	0
12212	28	81	968	0
73711	28	2415	968	0
114931	28	159	968	0
114939	28	1553	968	0
73772	28	1066	968	0
63788	28	1231	968	0
40146	28	2177	968	0
20375	28	2780	968	0
85576	28	1804	968	0
115011	28	1155	968	0
17279	28	3013	968	0
85616	28	3470	968	0
46998	28	1514	968	0
9437	28	796	968	0
61535	28	5030	968	0
62186	28	35809	968	0
73904	28	119	968	0
17673	28	3439	968	0
10840	28	1537	968	0
96857	28	3500	968	0
53951	28	908	968	0
82615	28	740	968	0
61981	28	1811	968	0
40560	28	485	968	0
23442	28	1476	968	0
64016	28	2046	968	0
22126	28	1237	968	0
99225	28	614	968	0
99228	28	4017	968	0
64031	28	1210	968	0
60788	28	940	968	0
27041	28	1466	968	0
47854	28	682	968	0
99284	28	1523	968	0
9824	28	140	968	0
47870	28	191	968	0
72823	28	3165	968	0
157571	28	1154	968	0
99337	28	1048	968	0
8626	28	4201	968	0
134016	28	2371	968	0
85918	28	3299	968	0
55327	28	5115	968	0
99392	28	483	968	0
134050	28	38	968	0
134053	28	679	968	0
85949	28	156	968	0
41563	28	1359	968	0
11429	28	9234	968	0
30417	28	1215	968	0
74255	28	26359	968	0
6545	28	280	968	0
74264	28	177	968	0
64249	28	3213	968	0
27155	28	234	968	0
15646	28	991	968	0
85393	28	1334	968	0
86087	28	1150	968	0
23563	28	71	968	0
23566	28	79	968	0
9822	28	1832	968	0
36084	28	802	968	0
12312	28	1526	968	0
29071	28	4171	968	0
99572	28	1559	968	0
14309	28	1002	968	0
55495	28	428	968	0
26223	28	673	968	0
115589	28	1150	968	0
63459	28	16779	968	0
17588	28	36120	968	0
115605	28	2103	968	0
41712	28	1139	968	0
41052	28	118	968	0
27234	28	288	968	0
23597	28	3235	968	0
26242	28	435	968	0
22805	28	1010	968	0
12333	28	3439	968	0
48154	28	2291	968	0
36165	28	233	968	0
17451	28	1023	968	0
19679	28	622	968	0
33412	28	36179	968	0
55609	28	548	968	0
99740	28	17227	968	0
86289	28	2542	968	0
15690	28	969	968	0
27277	28	535	968	0
74510	28	1078	968	0
64503	28	250	968	0
62684	28	6904	968	0
22816	28	1365	968	0
17836	28	43	968	0
35594	28	596	968	0
27312	28	325	968	0
12119	28	1545	968	0
41808	28	1237	968	0
39240	28	3383	968	0
99834	28	1132	968	0
27334	28	12359	968	0
64589	28	940	968	0
74608	28	1718	968	0
84030	28	65	968	0
74628	28	123	968	0
31513	28	1958	968	0
6693	28	46	968	0
64634	28	1351	968	0
134526	28	3288	968	0
86479	28	2478	968	0
99935	28	36296	968	0
22092	28	537	968	0
64665	28	3157	968	0
48331	28	2597	968	0
99952	28	3304	968	0
31552	28	1006	968	0
11244	28	843	968	0
86520	28	219	968	0
86527	28	7507	968	0
13734	28	1002	968	0
99980	28	3425	968	0
115939	28	2708	968	0
99989	28	360	968	0
31571	28	400	968	0
100006	28	507	968	0
74763	28	388	968	0
55836	28	723	968	0
64736	28	2422	968	0
100012	28	261	968	0
31585	28	1552	968	0
86595	28	251	968	0
16361	28	1640	968	0
100052	28	1654	968	0
31604	28	1027	968	0
9104	28	85	968	0
36381	28	1420	968	0
86623	28	7308	968	0
64778	28	681	968	0
83870	28	180	968	0
22047	28	1190	968	0
86656	28	1617	968	0
100119	28	33	968	0
116064	28	1296	968	0
22244	28	180	968	0
39031	28	679	968	0
11590	28	1778	968	0
20320	28	57	968	0
22715	28	648	968	0
48503	28	3500	968	0
27467	28	39997	968	0
64865	28	12408	968	0
16804	28	922	968	0
41375	28	767	968	0
46927	28	2468	968	0
13011	28	4476	968	0
115813	28	1265	968	0
64905	28	2209	968	0
42068	28	961	968	0
48534	28	714	968	0
74961	28	52	968	0
86788	28	31688	968	0
34334	28	489	968	0
15120	28	2198	968	0
26375	28	476	968	0
22009	28	6571	968	0
48334	28	13762	968	0
42100	28	1166	968	0
10810	28	450	968	0
64967	28	2154	968	0
15592	28	159	968	0
14275	28	400	968	0
29820	28	575	968	0
41867	28	16	968	0
73730	28	4051	968	0
23384	28	1024	968	0
36026	28	13762	968	0
15815	28	1222	968	0
56092	28	255	968	0
83539	28	829	968	0
100358	28	1694	968	0
48644	28	500	968	0
41052	28	177	968	0
45902	28	1457	968	0
56126	28	1017	968	0
100391	28	408	968	0
134988	28	1703	968	0
14952	28	109	968	0
100417	28	781	968	0
34148	28	2682	968	0
23851	28	12452	968	0
116370	28	427	968	0
116371	28	10204	968	0
65109	28	2177	968	0
54908	28	427	968	0
87023	28	222	968	0
75214	28	571	968	0
87045	28	2083	968	0
20595	28	671	968	0
100481	28	802	968	0
36621	28	123	968	0
65095	28	147	968	0
24701	28	1749	968	0
116413	28	261	968	0
14655	28	1392	968	0
116436	28	4373	968	0
65166	28	1012	968	0
100523	28	2503	968	0
87074	28	890	968	0
9230	28	122	968	0
100556	28	1299	968	0
54129	28	1115	968	0
35188	28	1136	968	0
75286	28	1896	968	0
40911	28	13762	968	0
33702	28	6255	968	0
65205	28	2255	968	0
116492	28	1050	968	0
75309	28	3316	968	0
12748	28	1026	968	0
36668	28	1457	968	0
87136	28	4373	968	0
48214	28	434	968	0
48808	28	178	968	0
71350	28	2430	968	0
75351	28	13288	968	0
87177	28	673	968	0
87200	28	54490	968	0
65292	28	3714	968	0
9385	28	2668	968	0
18649	28	1327	968	0
112986	28	162	968	0
74123	28	1492	968	0
116590	28	1222	968	0
17757	28	3076	968	0
74449	28	1142	968	0
87240	28	2177	968	0
26375	28	1265	968	0
56393	28	961	968	0
87263	28	1462	968	0
36689	28	95	968	0
22926	28	1623	968	0
114450	28	23926	968	0
36022	28	485	968	0
100743	28	278	968	0
87314	28	2809	968	0
85186	28	1466	968	0
87322	28	673	968	0
22872	28	409	968	0
55556	28	280	968	0
65394	28	535	968	0
87332	28	177	968	0
36778	28	420	968	0
25190	28	463	968	0
116719	28	1001	968	0
75515	28	2192	968	0
35975	28	277	968	0
116735	28	2478	968	0
87394	28	2159	968	0
23954	28	532	968	0
9907	28	21902	968	0
158543	28	2170	968	0
99390	28	40	968	0
87414	28	417	968	0
73120	28	1016	968	0
15902	28	4363	968	0
15903	28	329	968	0
56518	28	147	968	0
13713	28	1684	968	0
116789	28	1703	968	0
35428	28	77	968	0
8840	28	1435	968	0
42462	28	1050	968	0
112291	28	570	968	0
56530	28	38	968	0
49005	28	501	968	0
53936	28	816	968	0
42336	28	344	968	0
20975	28	61	968	0
48495	28	277	968	0
65514	28	1934	968	0
16308	28	13412	968	0
22787	28	6569	968	0
75677	28	442	968	0
71871	28	397	968	0
116880	28	1403	968	0
100989	28	2773	968	0
83484	28	570	968	0
100994	28	482	968	0
116894	28	86	968	0
116901	28	48	968	0
101005	28	13762	968	0
75701	28	29899	968	0
71372	28	217	968	0
63891	28	262	968	0
4901	28	18084	968	0
101032	28	1033	968	0
55282	28	2083	968	0
82792	28	417	968	0
158714	28	6273	968	0
115643	28	4476	968	0
87597	28	2386	968	0
34628	28	718	968	0
87628	28	2608	968	0
71031	28	794	968	0
56693	28	234	968	0
101116	28	2288	968	0
49121	28	551	968	0
56696	28	3235	968	0
26171	28	558	968	0
9622	28	581	968	0
117028	28	1874	968	0
135686	28	2334	968	0
87667	28	702	968	0
34097	28	1161	968	0
49137	28	1032	968	0
135699	28	98	968	0
27000	28	1321	968	0
19627	28	286	968	0
101147	28	13780	968	0
101160	28	668	968	0
26767	28	2103	968	0
46857	28	1146	968	0
101165	28	381	968	0
14231	28	276	968	0
87723	28	135744	968	0
14817	28	18	968	0
87733	28	261	968	0
30640	28	2692	968	0
82199	28	6569	968	0
135767	28	726	968	0
75902	28	318	968	0
23575	28	29	968	0
27628	28	2054	968	0
33606	28	15572	968	0
75905	28	439	968	0
65761	28	214	968	0
19067	28	223	968	0
87790	28	4386	968	0
17156	28	142	968	0
56793	28	268	968	0
25849	28	1776	968	0
19602	28	3176	968	0
135834	28	580	968	0
101273	28	449	968	0
85994	28	1199	968	0
65788	28	412	968	0
101295	28	2373	968	0
9265	28	1987	968	0
99420	28	5381	968	0
13961	28	1312	968	0
21065	28	13075	968	0
63645	28	2240	968	0
86398	28	1420	968	0
76002	28	1137	968	0
76006	28	71	968	0
76021	28	1309	968	0
19375	28	1063	968	0
87894	28	2095	968	0
64492	28	11561	968	0
13178	28	384	968	0
65859	28	1793	968	0
19054	28	758	968	0
83609	28	8059	968	0
32170	28	2532	968	0
41027	28	34	968	0
117282	28	575	968	0
20225	28	1020	968	0
87947	28	63	968	0
117301	28	36	968	0
42520	28	65889	968	0
29892	28	4282	968	0
35289	28	363	968	0
82938	28	1501	968	0
117335	28	49265	968	0
117340	28	9577	968	0
136021	28	29313	968	0
12573	28	864	968	0
64984	28	56954	968	0
73459	28	795	968	0
62765	28	272	968	0
101526	28	377	968	0
88043	28	3606	968	0
72606	28	922	968	0
88051	28	447	968	0
21115	28	1020	968	0
19706	28	394	968	0
136078	28	1105	968	0
37138	28	2710	968	0
159091	28	3414	968	0
19568	28	840	968	0
65984	28	668	968	0
27963	28	136	968	0
31150	28	73879	968	0
13820	28	672	968	0
46368	28	49384	968	0
65659	28	2046	968	0
37161	28	3433	968	0
34103	28	2558	968	0
25195	28	1278	968	0
39415	28	793	968	0
10747	14	4523	968	0
32167	28	171	968	0
76254	28	42870	968	0
88142	28	1920	968	0
10396	28	329	968	0
101642	28	657	968	0
101645	28	605	968	0
72244	28	783	968	0
136176	28	255	968	0
88151	28	1026	968	0
76286	28	37180	968	0
136194	28	1577	968	0
117547	28	1862	968	0
62398	28	1639	968	0
9285	28	150	968	0
27416	28	516	968	0
34391	28	792	968	0
49136	28	334	968	0
28005	28	366	968	0
9391	28	1577	968	0
136239	28	954	968	0
88220	28	789	968	0
49471	28	752	968	0
101753	28	869	968	0
101754	28	2277	968	0
101291	28	3125	968	0
88241	28	3606	968	0
101765	28	26844	968	0
117635	28	1824	968	0
34974	28	1208	968	0
136274	28	587	968	0
15655	28	13075	968	0
101817	28	28031	968	0
88294	28	16779	968	0
29264	28	2938	968	0
76419	28	262	968	0
101834	14	1786	968	0
40699	28	118	968	0
66193	28	449	968	0
115742	28	4723	968	0
42968	28	423	968	0
24076	28	2947	968	0
56960	28	231	968	0
28052	28	2298	968	0
136346	28	1277	968	0
55279	28	1926	968	0
34334	28	467	968	0
88382	28	607	968	0
16514	28	2139	968	0
11086	28	424	968	0
42227	28	3990	968	0
41137	28	55	968	0
16039	28	415	968	0
112900	28	1010	968	0
15979	28	2347	968	0
24191	28	1541	968	0
88452	28	1043	968	0
136440	28	3824	968	0
117848	28	2802	968	0
35971	28	1828	968	0
117875	6	2634	968	0
20984	28	1026	968	0
88496	28	9126	968	0
84701	28	485	968	0
43066	28	231	968	0
28026	28	1562	968	0
39522	28	532	968	0
35070	28	741	968	0
136534	28	242	968	0
102090	28	1796	968	0
88538	28	120	968	0
12514	28	105	968	0
53698	28	3418	968	0
102102	28	1351	968	0
26270	28	694	968	0
23885	28	245	968	0
16055	28	669	968	0
7143	28	767	968	0
88568	28	492	968	0
102134	28	2528	968	0
66411	28	288	968	0
15933	28	2611	968	0
11524	28	2209	968	0
23851	28	5079	968	0
49676	28	424	968	0
102156	28	893	968	0
88616	28	8559	968	0
49691	28	2967	968	0
136606	28	1312	968	0
118023	28	740	968	0
102191	28	2562	968	0
115195	28	3246	968	0
31940	28	3176	968	0
76203	28	235	968	0
35771	28	73	968	0
13660	28	1601	968	0
31466	28	44	968	0
88699	28	1710	968	0
18257	28	1002	968	0
74984	28	34780	968	0
36729	28	77	968	0
49760	28	5412	968	0
55219	28	2415	968	0
57476	28	23573	968	0
88760	28	180	968	0
118143	28	2967	968	0
136735	28	71	968	0
24242	28	1562	968	0
99614	28	11378	968	0
88773	28	244	968	0
88780	28	4927	968	0
57500	28	95	968	0
70699	28	14061	968	0
7854	28	2061	968	0
102375	28	1651	968	0
14065	28	2158	968	0
53805	28	767	968	0
12735	28	2808	968	0
96186	28	459	968	0
102389	28	532	968	0
74699	28	104	968	0
52073	28	2445	968	0
136838	28	786	968	0
33445	28	830	968	0
102440	28	1583	968	0
118264	28	651	968	0
9123	28	610	968	0
64027	28	168	968	0
29075	28	5412	968	0
102480	28	17885	968	0
102482	28	866	968	0
73110	28	511	968	0
74174	28	1164	968	0
51974	28	395	968	0
66381	28	1275	968	0
75063	28	757	968	0
55683	28	2128	968	0
118363	28	1150	968	0
8359	28	1835	968	0
24767	28	643	968	0
28935	28	1153	968	0
24784	28	4355	968	0
14411	28	83	968	0
135699	28	221	968	0
49789	28	621	968	0
33651	28	2710	968	0
98055	28	119	968	0
22995	28	1572	968	0
8454	28	1464	968	0
137027	28	1952	968	0
43272	28	10552	968	0
49881	28	2154	968	0
44989	28	350	968	0
118504	28	2948	968	0
102660	28	798	968	0
16432	28	2083	968	0
14346	28	1131	968	0
18744	28	455	968	0
98596	28	1999	968	0
21839	28	860	968	0
25298	28	1623	968	0
97279	28	536	968	0
45103	28	1765	968	0
76053	28	506	968	0
11478	28	4155	968	0
73849	28	1033	968	0
102793	28	1741	968	0
82921	28	3353	968	0
137173	28	2641	968	0
45440	28	304	968	0
118639	28	1139	968	0
25261	28	2784	968	0
52459	28	16554	968	0
89214	28	210	968	0
11414	28	77	968	0
88451	28	1841	968	0
71027	28	803	968	0
45271	28	2103	968	0
12858	28	111	968	0
21999	28	11424	968	0
11429	28	525	968	0
66838	28	278	968	0
18954	28	5225	968	0
102857	28	4261	968	0
89267	28	1536	968	0
14652	28	2984	968	0
14658	28	1444	968	0
19157	28	2822	968	0
10353	28	87	968	0
19170	28	3119	968	0
61461	28	591	968	0
16648	28	5998	968	0
89293	28	55	968	0
102915	28	1937	968	0
83179	28	140	968	0
118799	28	679	968	0
117751	28	179	968	0
33916	28	193	968	0
118814	28	673	968	0
25275	28	91	968	0
101447	28	61	968	0
89185	28	3176	968	0
29433	28	889	968	0
66911	28	114	968	0
7783	28	1070	968	0
85980	28	653	968	0
49994	28	126	968	0
97485	28	463	968	0
35969	28	1211	968	0
113331	28	1134	968	0
99192	28	26359	968	0
87211	28	1016	968	0
53090	28	1568	968	0
56974	28	1751	968	0
46675	28	485	968	0
9413	28	158	968	0
103053	28	133	968	0
60748	28	1388	968	0
19337	28	72	968	0
45412	28	806	968	0
25613	28	829	968	0
25614	28	882	968	0
25459	28	1107	968	0
103097	28	8291	968	0
25346	28	4386	968	0
39082	28	1063	968	0
29033	28	1711	968	0
103121	28	1115	968	0
97574	28	30304	968	0
11628	28	69	968	0
14726	28	515	968	0
99682	28	247	968	0
119014	28	132	968	0
119019	28	1754	968	0
89506	28	518	968	0
89525	28	4488	968	0
75388	28	1421	968	0
103197	28	1871	968	0
116428	28	2846	968	0
83083	28	1423	968	0
119070	28	431	968	0
77459	28	1118	968	0
77506	28	89	968	0
14700	28	170	968	0
22508	28	2983	968	0
137612	28	505	968	0
89267	28	7218	968	0
19488	28	250	968	0
13256	28	105	968	0
71980	28	746	968	0
89214	28	1460	968	0
11687	28	421	968	0
54683	28	29778	968	0
22418	28	2153	968	0
103303	28	119	968	0
119210	28	391	968	0
25730	28	1237	968	0
89620	28	1576	968	0
14841	28	1147	968	0
119227	28	364	968	0
103332	28	3103	968	0
57950	28	50090	968	0
25737	28	624	968	0
53520	28	1090	968	0
77151	28	617	968	0
89635	28	1542	968	0
33933	28	1464	968	0
46205	28	3896	968	0
103363	28	2762	968	0
54672	28	774	968	0
86023	16	8	968	0
89656	28	639	968	0
53562	28	1985	968	0
89666	28	1552	968	0
89670	28	2982	968	0
60991	28	1351	968	0
89254	28	1514	968	0
7132	28	114	968	0
25968	28	201	968	0
62816	28	50069	968	0
119294	28	546	968	0
89682	28	640	968	0
46285	28	317	968	0
119305	28	1404	968	0
64518	28	261	968	0
30002	28	399	968	0
44982	28	283	968	0
37632	28	749	968	0
119324	28	214	968	0
112462	28	570	968	0
39142	28	70	968	0
11370	28	574	968	0
101347	28	1934	968	0
46128	28	1053	968	0
119350	28	13168	968	0
70758	28	1155	968	0
30042	28	2240	968	0
22562	28	4171	968	0
137852	28	29778	968	0
77706	28	11424	968	0
119397	28	355	968	0
103516	28	1641	968	0
43474	14	4658	968	0
66396	28	3206	968	0
13244	28	1047	968	0
40219	28	310	968	0
53750	28	42	968	0
11492	28	1293	968	0
119420	28	45	968	0
89779	28	29778	968	0
67214	28	5202	968	0
89780	28	37459	968	0
89786	28	2317	968	0
73227	28	692	968	0
11892	28	2145	968	0
46464	28	1312	968	0
30261	28	3304	968	0
160573	28	2694	968	0
26135	28	3615	968	0
50176	28	2109	968	0
10481	28	1465	968	0
56747	28	1396	968	0
48503	28	3243	968	0
16483	28	634	968	0
83370	28	7746	968	0
87457	28	1167	968	0
119469	28	2280	968	0
17100	28	28896	968	0
137994	28	432	968	0
26028	28	9409	968	0
103601	28	1026	968	0
34725	28	3433	968	0
53680	28	2909	968	0
19668	28	851	968	0
112207	28	6606	968	0
77798	28	937	968	0
16517	28	1049	968	0
138030	28	1177	968	0
103645	28	85	968	0
17135	28	598	968	0
19812	28	633	968	0
22810	28	1167	968	0
103667	28	58078	968	0
19821	28	398	968	0
26222	28	177	968	0
26224	28	2947	968	0
43507	28	618	968	0
72583	28	1004	968	0
40410	28	1709	968	0
21864	28	40	968	0
103707	28	160708	968	0
119582	28	1633	968	0
97194	28	1115	968	0
9623	28	2851	968	0
102468	28	841	968	0
34748	28	39	968	0
138127	28	672	968	0
10593	28	1161	968	0
46514	28	773	968	0
14666	28	29740	968	0
62033	28	1776	968	0
26171	28	2929	968	0
26179	28	1304	968	0
84244	28	220	968	0
99169	28	98	968	0
9601	28	17207	968	0
119674	28	260	968	0
67351	28	17885	968	0
19576	28	118	968	0
29218	28	95	968	0
40373	28	1047	968	0
40558	28	686	968	0
34652	28	694	968	0
89998	28	58144	968	0
84155	28	1855	968	0
15208	28	1776	968	0
35155	28	55	968	0
90037	28	1061	968	0
119764	28	2040	968	0
113749	28	6423	968	0
77583	28	781	968	0
44828	28	2948	968	0
40500	28	924	968	0
77996	28	1654	968	0
27599	28	1047	968	0
103907	28	90080	968	0
62792	28	1182	968	0
24993	28	250	968	0
90088	28	1466	968	0
72731	28	238	968	0
54129	28	1665	968	0
83305	28	1215	968	0
90109	28	273	968	0
74784	28	92	968	0
96925	28	1012	968	0
73890	28	445	968	0
90143	28	11253	968	0
46892	28	10204	968	0
12029	28	4203	968	0
35187	28	56	968	0
30571	28	262	968	0
74894	28	17870	968	0
26452	28	214	968	0
71400	28	785	968	0
82362	28	72	968	0
16337	28	1407	968	0
102440	28	6108	968	0
78109	28	28031	968	0
55438	28	231	968	0
29716	28	76	968	0
119999	28	436	968	0
78120	28	90199	968	0
119469	28	36430	968	0
11995	28	550	968	0
104100	28	2970	968	0
73237	28	481	968	0
25729	28	136	968	0
14970	28	4180	968	0
40932	28	2138	968	0
34495	28	574	968	0
120032	28	2104	968	0
26651	28	369	968	0
78143	28	3967	968	0
104130	28	3671	968	0
87574	28	696	968	0
82305	28	2180	968	0
73311	28	2330	968	0
22869	28	7437	968	0
15304	28	239	968	0
73129	28	5547	968	0
14306	28	435	968	0
117641	28	3544	968	0
82814	28	1556	968	0
35806	28	118	968	0
84412	28	3507	968	0
54524	28	18	968	0
78193	28	28308	968	0
99942	28	1267	968	0
40895	28	123	968	0
29425	28	8449	968	0
30769	28	971	968	0
120147	28	3073	968	0
78211	28	2139	968	0
30713	28	1204	968	0
9184	28	80	968	0
30911	28	741	968	0
35551	28	150	968	0
12166	28	1107	968	0
138747	28	3583	968	0
17080	28	95	968	0
104150	28	8045	968	0
60628	28	363	968	0
104258	28	50390	968	0
161199	28	188	968	0
90337	28	1142	968	0
90341	28	37459	968	0
6097	28	27	968	0
104263	28	1239	968	0
73492	28	515	968	0
99834	28	1468	968	0
138824	28	2177	968	0
120258	28	14976	968	0
20205	28	4282	968	0
37758	28	474	968	0
26852	28	970	968	0
41330	28	843	968	0
37671	28	1611	968	0
72301	28	770	968	0
22281	28	1267	968	0
120344	28	121	968	0
10713	28	507	968	0
120353	28	506	968	0
120357	28	595	968	0
26874	28	23	968	0
71820	28	26303	968	0
35719	28	112	968	0
97960	28	404	968	0
86278	28	791	968	0
54998	28	41	968	0
161337	28	3931	968	0
47422	28	2302	968	0
10573	28	196	968	0
23075	28	368	968	0
20279	28	1364	968	0
76717	28	2185	968	0
78365	28	2139	968	0
10237	28	336	968	0
18875	28	4919	968	0
26786	28	598	968	0
58412	28	8447	968	0
30988	28	1900	968	0
90517	28	1783	968	0
67741	28	1600	968	0
78409	28	1834	968	0
17666	28	673	968	0
9317	28	363	968	0
47713	28	814	968	0
120517	28	3649	968	0
26986	28	4509	968	0
90563	28	481	968	0
55154	28	155	968	0
48632	28	496	968	0
20447	28	1738	968	0
14946	28	1365	968	0
45271	28	6848	968	0
15511	28	930	968	0
104568	28	67795	968	0
63837	28	275	968	0
16700	28	14998	968	0
57582	28	1806	968	0
97660	28	484	968	0
15518	28	1484	968	0
55075	28	857	968	0
90111	28	7043	968	0
114357	28	119	968	0
104623	28	1210	968	0
35965	28	991	968	0
41527	28	1258	968	0
67768	28	628	968	0
101038	28	990	968	0
78518	28	1905	968	0
90693	28	4051	968	0
102272	28	2054	968	0
87868	28	2980	968	0
120715	28	1642	968	0
84410	28	626	968	0
15173	28	2703	968	0
67859	28	7043	968	0
30366	28	29778	968	0
20479	28	1408	968	0
66429	28	569	968	0
17388	28	257	968	0
90752	28	8790	968	0
14248	28	1908	968	0
23422	28	8064	968	0
83084	28	1466	968	0
19218	28	491	968	0
9789	28	1555	968	0
31330	28	773	968	0
39331	28	23573	968	0
89349	28	6528	968	0
120811	28	1329	968	0
20532	28	825	968	0
88949	28	1742	968	0
17791	28	1263	968	0
33648	28	1047	968	0
18887	28	787	968	0
78518	28	1915	968	0
22390	28	1116	968	0
104778	28	1383	968	0
76963	28	1908	968	0
17757	28	1505	968	0
34897	28	1127	968	0
102072	28	1552	968	0
104808	28	2330	968	0
90831	28	1642	968	0
139438	28	1542	968	0
64197	28	205	968	0
74961	28	241	968	0
104817	28	11457	968	0
9247	28	2061	968	0
26749	28	1324	968	0
114509	28	1152	968	0
35496	28	860	968	0
133182	28	2694	968	0
104845	28	3507	968	0
20548	28	1596	968	0
18895	28	2967	968	0
120904	28	621	968	0
17763	28	2487	968	0
29275	28	35938	968	0
7462	28	7161	968	0
116861	28	648	968	0
139305	28	55673	968	0
31429	28	391	968	0
20017	28	1093	968	0
90906	28	133	968	0
84537	28	35644	968	0
90918	28	551	968	0
78686	28	3824	968	0
41208	28	1665	968	0
104734	28	256	968	0
47998	28	83	968	0
36115	28	1047	968	0
58605	28	985	968	0
120811	28	3561	968	0
39077	28	1665	968	0
27236	28	2315	968	0
39302	28	769	968	0
23255	28	231	968	0
104971	28	575	968	0
58617	28	1022	968	0
161917	26	139624	968	0
26411	28	2364	968	0
112516	28	8108	968	0
121043	28	1078	968	0
161955	28	1123	968	0
35493	28	1530	968	0
87583	28	1407	968	0
22342	28	165	968	0
15729	28	65	968	0
7789	28	674	968	0
14609	28	492	968	0
86889	28	4854	968	0
27385	28	5031	968	0
83221	28	2170	968	0
56255	28	723	968	0
30609	28	17885	968	0
29934	28	6935	968	0
73623	14	139715	968	0
101447	28	101	968	0
35895	28	795	968	0
28033	28	5461	968	0
58651	28	619	968	0
25159	28	990	968	0
17854	28	36	968	0
104104	28	2710	968	0
32738	28	281	968	0
13248	28	1675	968	0
23675	28	57	968	0
14278	28	1052	968	0
139783	28	217	968	0
78456	28	515	968	0
121195	28	712	968	0
100631	28	3373	968	0
13758	28	1572	968	0
91092	28	967	968	0
9842	28	465	968	0
115920	28	1801	968	0
12209	28	290	968	0
45050	28	1665	968	0
22826	28	36430	968	0
42016	28	181	968	0
31150	28	4422	968	0
91112	28	971	968	0
12409	28	506	968	0
23556	28	1014	968	0
34104	28	3914	968	0
15740	28	44	968	0
78856	28	3864	968	0
67777	28	1898	968	0
97850	28	87	968	0
68099	28	1293	968	0
139907	28	908	968	0
62977	28	624	968	0
84885	28	38	968	0
65788	28	450	968	0
27422	28	273	968	0
26683	28	55	968	0
121357	28	7746	968	0
47538	28	132	968	0
91237	28	887	968	0
104797	28	2209	968	0
47751	28	922	968	0
114242	28	1238	968	0
64909	28	1868	968	0
25234	28	24	968	0
78456	28	889	968	0
67390	28	121433	968	0
56007	28	436	968	0
75440	28	1703	968	0
42085	28	112	968	0
78312	28	719	968	0
58746	28	2456	968	0
48554	28	52	968	0
20807	28	263	968	0
48557	28	24	968	0
140077	28	63173	968	0
27397	28	450	968	0
87288	28	222	968	0
27587	28	381	968	0
12431	28	2983	968	0
19302	28	2018	968	0
89000	28	80	968	0
105366	28	908	968	0
54811	28	527	968	0
76428	28	586	968	0
89454	28	2280	968	0
66660	28	4152	968	0
100170	28	996	968	0
99753	28	825	968	0
20870	28	87081	968	0
98595	28	1816	968	0
140165	28	575	968	0
36180	28	1110	968	0
78728	28	91344	968	0
140194	28	4750	968	0
105436	28	1462	968	0
12928	28	11259	968	0
15628	28	502	968	0
12446	28	219	968	0
121576	28	718	968	0
27567	28	475	968	0
105452	28	996	968	0
71459	28	1066	968	0
10154	28	126	968	0
91383	28	1885	968	0
62394	28	3798	968	0
23859	28	2024	968	0
102707	28	17870	968	0
140248	28	2179	968	0
31626	28	770	968	0
27677	28	836	968	0
48878	28	882	968	0
56395	28	840	968	0
54426	28	2449	968	0
27509	28	412	968	0
58833	28	3105	968	0
42307	28	5059	968	0
117757	28	156	968	0
20899	28	4162	968	0
53698	28	1562	968	0
49975	28	13168	968	0
85454	28	2373	968	0
87947	28	91	968	0
34966	28	693	968	0
113824	28	7218	968	0
36800	28	2373	968	0
31945	28	155	968	0
27733	28	274	968	0
58856	28	1741	968	0
138988	28	1801	968	0
79143	28	1394	968	0
42454	28	19	968	0
33388	28	2701	968	0
67287	28	960	968	0
48999	28	816	968	0
119875	28	802	968	0
105632	28	908	968	0
55354	28	2003	968	0
70949	28	1000	968	0
162611	28	1047	968	0
140471	28	28031	968	0
67262	28	92	968	0
91568	28	774	968	0
9840	28	4764	968	0
15886	28	2131	968	0
140487	28	1239	968	0
119294	28	418	968	0
103695	28	1098	968	0
91582	28	387	968	0
8717	28	5412	968	0
119800	16	9	968	0
117586	28	1132	968	0
121852	28	458	968	0
72274	28	7308	968	0
73520	28	1568	968	0
21000	28	390	968	0
91601	28	2228	968	0
140557	28	984	968	0
102389	28	515	968	0
63447	28	698	968	0
14475	28	5298	968	0
64798	28	439	968	0
60595	28	1598	968	0
140583	14	54589	968	0
91625	28	50	968	0
36924	28	1166	968	0
89682	28	387	968	0
9518	28	1899	968	0
82225	28	5355	968	0
36847	28	124	968	0
68358	28	783	968	0
56567	28	726	968	0
99579	28	371	968	0
72766	28	28	968	0
55523	28	745	968	0
39725	28	55	968	0
17643	28	877	968	0
20435	28	699	968	0
105810	28	48	968	0
117848	28	4682	968	0
31924	28	1035	968	0
38794	28	919	968	0
46927	28	2411	968	0
20853	28	240	968	0
24042	28	833	968	0
16338	28	337	968	0
13991	28	77	968	0
140723	28	111	968	0
91709	28	85	968	0
90392	28	608	968	0
17349	28	518	968	0
102736	28	707	968	0
27255	28	1420	968	0
73327	28	1531	968	0
42614	28	1734	968	0
45788	28	2809	968	0
56714	28	575	968	0
88250	28	785	968	0
27129	28	5990	968	0
72610	14	2005	968	0
19810	28	1118	968	0
54202	28	3321	968	0
122095	28	357	968	0
36981	28	481	968	0
88890	28	1528	968	0
11333	28	1692	968	0
18138	28	1806	968	0
58977	28	1436	968	0
11068	28	1652	968	0
30748	28	1211	968	0
31881	28	1139	968	0
43912	14	3721	968	0
15117	28	427	968	0
91794	28	3439	968	0
104720	28	51	968	0
31018	28	794	968	0
140931	28	79376	968	0
91814	28	104	968	0
27886	28	1722	968	0
91817	28	3671	968	0
90811	28	1228	968	0
35169	28	578	968	0
56845	28	159	968	0
12559	28	153	968	0
106031	28	2980	968	0
77850	28	1331	968	0
23782	28	228	968	0
60815	28	1239	968	0
18903	28	3606	968	0
78120	28	833	968	0
37159	28	696	968	0
68477	28	1655	968	0
42415	28	3896	968	0
12881	28	98	968	0
59005	28	5136	968	0
17466	28	1124	968	0
16014	28	186	968	0
21145	28	240	968	0
11075	28	154	968	0
23030	28	3148	968	0
67425	28	3921	968	0
79444	28	3941	968	0
141093	28	85	968	0
54129	28	162	968	0
24102	28	22	968	0
14253	28	80	968	0
65069	28	1720	968	0
26493	28	289	968	0
29331	28	2014	968	0
87667	28	890	968	0
27527	28	28862	968	0
104393	28	76	968	0
75697	28	80	968	0
24115	28	424	968	0
31035	28	159	968	0
40819	28	908	968	0
77348	28	106162	968	0
42931	28	953	968	0
106169	28	1848	968	0
24158	28	387	968	0
106181	28	1644	968	0
104826	28	17885	968	0
105586	28	2182	968	0
66194	28	590	968	0
30262	28	708	968	0
17109	28	2145	968	0
29494	28	1938	968	0
24134	28	578	968	0
22019	28	2166	968	0
66061	28	792	968	0
91089	28	458	968	0
78473	28	1432	968	0
106231	28	795	968	0
105712	28	449	968	0
12235	28	169	968	0
88987	28	2968	968	0
46651	28	395	968	0
45634	28	819	968	0
36595	28	3219	968	0
122493	28	391	968	0
106252	28	754	968	0
14273	28	2710	968	0
55521	28	166	968	0
17072	28	363	968	0
141325	28	5276	968	0
121357	28	2774	968	0
84869	28	607	968	0
15509	28	135	968	0
72274	28	2330	968	0
7360	28	6412	968	0
122553	28	988	968	0
77506	28	153	968	0
30941	28	57	968	0
42626	28	132	968	0
79546	28	240	968	0
88475	28	4003	968	0
14271	28	1710	968	0
116590	28	1043	968	0
9449	28	642	968	0
23903	28	348	968	0
88767	28	3212	968	0
91305	28	310	968	0
9990	28	752	968	0
48510	28	1267	968	0
40030	28	2104	968	0
72644	28	693	968	0
8949	28	1738	968	0
78912	28	152	968	0
31800	28	332	968	0
79600	28	1245	968	0
106377	28	4205	968	0
79601	28	5225	968	0
76701	28	2947	968	0
32397	28	961	968	0
20946	28	522	968	0
49683	28	2710	968	0
92137	28	1167	968	0
79614	28	54	968	0
30617	28	5713	968	0
92141	28	1552	968	0
63652	28	1484	968	0
32364	28	222	968	0
68641	28	38724	968	0
62280	28	707	968	0
10810	28	412	968	0
7806	28	86	968	0
18234	28	117	968	0
27963	28	210	968	0
29426	28	102	968	0
57329	28	463	968	0
92173	28	789	968	0
19266	28	347	968	0
122771	28	37868	968	0
98097	28	513	968	0
26895	28	1375	968	0
50109	28	3702	968	0
72176	28	1320	968	0
65632	28	975	968	0
49443	28	1592	968	0
140133	28	1423	968	0
79679	28	1816	968	0
89351	28	5549	968	0
92199	28	71355	968	0
41612	28	778	968	0
37128	28	57405	968	0
68694	28	767	968	0
18938	28	3845	968	0
76392	28	7746	968	0
65055	28	839	968	0
14722	28	1839	968	0
92209	28	1027	968	0
39902	28	7746	968	0
32835	28	469	968	0
97983	28	126	968	0
79236	28	1567	968	0
20678	28	23413	968	0
11933	28	1828	968	0
24230	28	43159	968	0
9681	28	507	968	0
61239	28	458	968	0
78803	28	995	968	0
76822	28	860	968	0
92246	28	6452	968	0
113463	28	1403	968	0
50966	28	434	968	0
106601	28	795	968	0
67758	28	653	968	0
31330	28	155	968	0
42503	28	288	968	0
92169	28	64	968	0
24431	28	1201	968	0
66071	28	441	968	0
92278	28	754	968	0
92281	28	5504	968	0
21814	28	719	968	0
11777	28	502	968	0
50994	28	1545	968	0
82722	28	1412	968	0
28980	28	85	968	0
141816	28	1208	968	0
63717	28	434	968	0
106657	28	34289	968	0
48241	28	34687	968	0
11578	28	46	968	0
65394	28	383	968	0
47563	28	603	968	0
37231	28	1572	968	0
87017	28	304	968	0
141868	28	1423	968	0
15671	28	653	968	0
123000	28	42315	968	0
25677	28	2298	968	0
14531	28	1176	968	0
38049	28	42	968	0
51017	28	9234	968	0
141900	28	780	968	0
83666	28	2139	968	0
5950	28	1670	968	0
60885	28	1356	968	0
119864	28	68796	968	0
85253	28	1290	968	0
26889	28	840	968	0
22436	28	61	968	0
42070	28	175	968	0
32111	28	1454	968	0
30681	28	963	968	0
44039	28	252	968	0
30355	28	963	968	0
92173	28	1280	968	0
18097	28	1243	968	0
92398	28	1333	968	0
105734	28	1628	968	0
119912	28	3914	968	0
142037	28	1404	968	0
27018	28	1760	968	0
17529	28	269	968	0
68730	28	1302	968	0
52966	28	323	968	0
68853	28	9028	968	0
34391	28	409	968	0
30037	28	551	968	0
106878	28	368	968	0
55990	28	2625	968	0
21839	28	590	968	0
35179	28	256	968	0
79955	28	23	968	0
18161	28	4764	968	0
24475	28	5504	968	0
16327	28	1698	968	0
99495	28	31240	968	0
59294	28	1598	968	0
16470	28	647	968	0
68873	28	442	968	0
44092	28	603	968	0
68099	28	1420	968	0
64407	28	1610	968	0
70609	28	77	968	0
106914	28	4764	968	0
18013	28	174	968	0
51062	28	1399	968	0
88101	28	1091	968	0
79978	28	548	968	0
121446	28	816	968	0
45731	28	3824	968	0
77740	28	167	968	0
6599	28	723	968	0
68890	28	10792	968	0
84569	28	843	968	0
103050	28	2020	968	0
68896	28	575	968	0
115416	28	3971	968	0
37671	28	9459	968	0
18391	28	1754	968	0
27509	28	464	968	0
87394	28	2784	968	0
83564	28	275	968	0
83979	28	796	968	0
105266	28	1249	968	0
104555	28	406	968	0
61490	28	647	968	0
66308	28	679	968	0
92544	28	1609	968	0
11486	28	54490	968	0
14557	28	1101	968	0
58669	28	43756	968	0
78745	28	1875	968	0
82290	28	925	968	0
54980	28	2798	968	0
29646	28	723	968	0
90644	28	2745	968	0
61036	28	1002	968	0
107027	28	504	968	0
26285	28	1075	968	0
84344	28	261	968	0
91741	28	1935	968	0
67711	28	50390	968	0
68954	28	1840	968	0
123391	28	411	968	0
49994	28	3081	968	0
49319	28	882	968	0
57373	28	6518	968	0
36953	28	635	968	0
92583	28	67	968	0
38154	28	1320	968	0
107065	28	461	968	0
80069	28	3105	968	0
39330	28	3476	968	0
51156	28	909	968	0
70980	28	7636	968	0
34072	28	1403	968	0
121294	28	1345	968	0
113341	28	1398	968	0
25723	28	4155	968	0
74963	28	2079	968	0
29239	28	681	968	0
99080	28	1238	968	0
92629	28	141	968	0
107107	28	3985	968	0
74981	28	179	968	0
123000	28	671	968	0
29164	28	5044	968	0
27196	28	954	968	0
11068	28	3429	968	0
56550	28	62084	968	0
107134	28	1484	968	0
15199	28	30	968	0
102162	28	59410	968	0
43043	28	73	968	0
13674	28	384	968	0
80132	28	158	968	0
56643	28	253	968	0
78788	28	603	968	0
41106	28	1936	968	0
86075	28	3674	968	0
30968	28	109	968	0
20031	28	3246	968	0
33820	28	2967	968	0
13977	28	454	968	0
65613	28	10552	968	0
64930	28	5124	968	0
63270	28	43	968	0
97104	28	1007	968	0
64762	28	3799	968	0
92722	28	1611	968	0
64367	28	1435	968	0
32948	28	1692	968	0
65159	28	1351	968	0
74908	28	673	968	0
123620	28	5767	968	0
37195	28	2205	968	0
103100	28	2808	968	0
55049	28	415	968	0
106423	28	694	968	0
34595	28	398	968	0
45253	28	155	968	0
12559	28	76	968	0
29545	28	85	968	0
99850	28	1047	968	0
78877	28	394	968	0
107276	28	87	968	0
15025	28	4155	968	0
100344	28	13780	968	0
73894	28	219	968	0
84125	28	1375	968	0
46244	28	516	968	0
38906	28	106	968	0
65252	28	391	968	0
26204	28	746	968	0
78696	28	973	968	0
98441	28	1161	968	0
23095	28	228	968	0
97551	28	7746	968	0
72440	28	1396	968	0
28865	28	1053	968	0
122247	28	1848	968	0
43209	28	319	968	0
66516	28	2822	968	0
9175	28	140	968	0
15539	28	637	968	0
54445	28	2373	968	0
71435	28	14976	968	0
71171	28	793	968	0
21374	28	1154	968	0
77944	28	1229	968	0
44225	28	3073	968	0
91786	28	361	968	0
123755	28	262	968	0
32716	28	770	968	0
18434	28	88357	968	0
107370	28	368	968	0
123770	28	1101	968	0
104005	28	35938	968	0
123784	28	1403	968	0
19694	28	1033	968	0
123797	28	369	968	0
67790	28	149	968	0
11005	28	582	968	0
142794	28	2192	968	0
38976	28	2165	968	0
9992	28	1508	968	0
14170	28	527	968	0
123813	28	3318	968	0
55590	14	2995	968	0
28626	28	65428	968	0
9869	28	78	968	0
18904	28	454	968	0
67796	28	145	968	0
57103	28	537	968	0
59527	28	28133	968	0
44253	28	381	968	0
22925	28	368	968	0
89896	28	1147	968	0
80329	28	6571	968	0
19434	28	619	968	0
31700	28	3125	968	0
7689	28	80	968	0
25247	28	1005	968	0
89293	28	142	968	0
88328	28	36296	968	0
21519	28	193	968	0
68345	28	1595	968	0
27484	28	515	968	0
49701	28	124	968	0
63074	28	7098	968	0
44273	28	1356	968	0
30345	28	527	968	0
47782	28	755	968	0
107522	28	387	968	0
105984	28	19167	968	0
42857	28	995	968	0
47201	28	1364	968	0
92297	28	202	968	0
70584	28	1460	968	0
47976	28	2564	968	0
107536	28	513	968	0
62531	28	133	968	0
50373	28	3928	968	0
87919	28	238	968	0
9057	28	23	968	0
59582	28	2291	968	0
59236	28	4831	968	0
11735	28	2808	968	0
30171	28	350	968	0
69233	28	1777	968	0
90438	28	2430	968	0
78456	28	3926	968	0
27848	28	171	968	0
35842	28	13295	968	0
27272	28	757	968	0
34954	28	773	968	0
25269	28	3100	968	0
107644	28	925	968	0
37384	28	319	968	0
12547	28	304	968	0
105799	28	2798	968	0
105826	28	1442	968	0
107656	28	3076	968	0
98744	28	1513	968	0
86719	28	1912	968	0
26774	28	467	968	0
38906	28	909	968	0
93030	28	2399	968	0
64139	28	598	968	0
26765	28	1110	968	0
12828	28	107	968	0
164921	28	809	968	0
92450	28	1793	968	0
107692	28	29899	968	0
124119	28	586	968	0
9778	28	2347	968	0
12511	28	135	968	0
26206	28	5650	968	0
101005	28	231	968	0
6683	28	23	968	0
91974	28	1629	968	0
82888	28	4497	968	0
86508	28	254	968	0
6610	28	2687	968	0
124150	28	2334	968	0
40510	28	564	968	0
17451	28	2412	968	0
103648	28	262	968	0
122101	28	1404	968	0
105561	28	1291	968	0
78436	28	941	968	0
58632	28	698	968	0
33031	28	1633	968	0
74726	28	5439	968	0
27362	28	88	968	0
25614	28	1705	968	0
23102	28	1484	968	0
143289	28	23344	968	0
78686	28	774	968	0
16909	28	317	968	0
8969	28	791	968	0
74924	28	2216	968	0
36297	28	250	968	0
11055	28	79376	968	0
19621	28	289	968	0
38325	28	1155	968	0
118113	28	1460	968	0
30759	28	58	968	0
13941	28	6571	968	0
51005	28	7072	968	0
93165	28	1951	968	0
66730	28	1462	968	0
7720	28	79376	968	0
13465	28	343	968	0
116341	28	202	968	0
124277	28	387	968	0
112663	28	803	968	0
76740	28	24235	968	0
73015	28	753	968	0
101620	28	2364	968	0
32593	28	3860	968	0
43066	28	13762	968	0
26326	28	1576	968	0
29066	28	51425	968	0
91872	8	29008	968	0
65348	28	1796	968	0
58669	28	28673	968	0
9546	28	146	968	0
124343	28	1370	968	0
68469	28	1107	968	0
107888	28	627	968	0
117705	28	648	968	0
165242	14	18311	968	0
18482	28	1457	968	0
107893	28	598	968	0
12698	28	454	968	0
55495	28	357	968	0
28365	28	44	968	0
93233	28	4088	968	0
65504	28	821	968	0
45752	28	55	968	0
107721	28	919	968	0
20723	28	2558	968	0
143510	28	1885	968	0
24606	28	510	968	0
73067	28	24485	968	0
87483	28	110	968	0
124419	28	1709	968	0
30447	28	4927	968	0
55046	28	353	968	0
62556	28	1466	968	0
82357	16	2833	968	0
77554	28	126	968	0
93281	28	1383	968	0
31172	28	4757	968	0
116880	28	570	968	0
143566	28	28031	968	0
136099	28	564	968	0
143570	28	1011	968	0
143577	28	1937	968	0
112214	28	1134	968	0
92638	28	1242	968	0
52484	28	124	968	0
22702	28	6983	968	0
124490	28	816	968	0
16586	28	2126	968	0
106568	28	1745	968	0
107971	28	166	968	0
27096	28	5479	968	0
82199	28	1728	968	0
36740	28	842	968	0
103512	28	1675	968	0
33964	28	691	968	0
66817	28	1898	968	0
23494	28	261	968	0
65874	28	2562	968	0
51476	14	87689	968	0
59654	28	8064	968	0
108018	28	1765	968	0
52013	28	181	968	0
108026	28	1847	968	0
20648	28	603	968	0
34361	28	196	968	0
124571	28	180	968	0
8626	28	2298	968	0
91817	28	1993	968	0
124584	28	970	968	0
165508	23	143699	968	0
62852	28	592	968	0
124591	28	1030	968	0
143706	28	794	968	0
24202	28	121	968	0
37251	28	242	968	0
23977	28	433	968	0
29151	28	43756	968	0
108059	28	1316	968	0
63919	28	843	968	0
21558	28	3051	968	0
72561	28	1739	968	0
56497	28	9126	968	0
17876	28	7340	968	0
34768	28	2075	968	0
15901	28	155	968	0
133835	28	485	968	0
48632	28	477	968	0
67084	28	239	968	0
38395	28	2236	968	0
93418	28	36296	968	0
67031	28	1905	968	0
25779	28	175	968	0
56960	28	13762	968	0
48100	28	1623	968	0
7545	28	2678	968	0
87888	28	486	968	0
19952	28	1705	968	0
87951	28	1577	968	0
48913	28	587	968	0
22950	28	205	968	0
19612	28	1423	968	0
29911	28	155	968	0
59790	28	1958	968	0
35968	28	446	968	0
102814	28	3824	968	0
57960	28	5852	968	0
108148	28	1617	968	0
35979	28	2532	968	0
32898	28	118	968	0
93480	28	1033	968	0
7188	28	392	968	0
14255	28	70	968	0
49606	28	542	968	0
49092	28	1457	968	0
31330	28	881	968	0
56227	28	167	968	0
143915	28	46329	968	0
24634	28	304	968	0
42755	28	2963	968	0
15958	28	165	968	0
15925	28	1755	968	0
143925	28	973	968	0
29569	28	504	968	0
86430	28	1552	968	0
28101	28	2896	968	0
29174	28	66214	968	0
69545	28	1937	968	0
108222	28	4632	968	0
75115	28	1465	968	0
90044	28	2192	968	0
93533	30	88749	968	0
25782	28	22254	968	0
17916	28	1456	968	0
31649	28	1552	968	0
18022	28	1237	968	0
21080	28	41	968	0
105497	28	106	968	0
12573	28	49793	968	0
73480	28	2398	968	0
35779	28	5192	968	0
59837	28	889	968	0
75845	28	1811	968	0
21879	28	142	968	0
124872	28	1920	968	0
92424	28	50390	968	0
61406	28	1182	968	0
80806	28	2391	968	0
36541	28	1835	968	0
59847	28	523	968	0
124892	28	1081	968	0
64027	28	815	968	0
20870	28	1932	968	0
97077	28	3246	968	0
14530	28	1597	968	0
93573	28	2240	968	0
27367	28	459	968	0
69580	28	400	968	0
19754	28	141	968	0
124930	28	740	968	0
108319	28	3193	968	0
24191	28	4477	968	0
67500	28	181	968	0
114688	28	1404	968	0
32146	28	1733	968	0
49359	28	50390	968	0
6699	28	65	968	0
123334	28	988	968	0
165976	28	1059	968	0
19848	28	3131	968	0
12243	28	1918	968	0
46285	28	1356	968	0
144147	28	1404	968	0
118022	28	1995	968	0
69605	28	591	968	0
80143	28	805	968	0
78531	28	273	968	0
18671	28	124	968	0
27680	28	1101	968	0
122319	28	211	968	0
38447	28	758	968	0
124535	28	648	968	0
36856	28	154	968	0
84503	28	3606	968	0
125026	28	1552	968	0
122578	28	710	968	0
70609	28	166	968	0
21145	28	252	968	0
125043	23	125042	968	0
91050	28	1150	968	0
42307	28	2036	968	0
79100	28	29899	968	0
16036	28	155	968	0
34188	28	2170	968	0
14496	28	400	968	0
14058	28	410	968	0
85868	28	528	968	0
87245	28	542	968	0
51183	28	141	968	0
31676	28	2048	968	0
10763	28	2240	968	0
38085	28	1711	968	0
27757	28	3606	968	0
144271	28	6824	968	0
35648	28	261	968	0
93674	28	889	968	0
27905	28	323	968	0
21572	28	1484	968	0
71087	28	2943	968	0
98644	28	317	968	0
80909	28	1765	968	0
69197	28	3071	968	0
59391	28	2486	968	0
93009	28	708	968	0
19270	28	1201	968	0
28481	28	377	968	0
9643	28	2808	968	0
14029	28	330	968	0
63878	28	628	968	0
125151	28	288	968	0
13630	28	82	968	0
19635	28	317	968	0
101114	28	2199	968	0
13733	28	383	968	0
84566	28	887	968	0
108469	28	1497	968	0
144361	28	968	968	0
69632	28	2445	968	0
11426	28	1127	968	0
26102	28	9577	968	0
34329	28	1754	968	0
38482	28	29	968	0
44771	28	266	968	0
74651	28	1705	968	0
102080	28	1762	968	0
80346	28	1642	968	0
47297	28	18009	968	0
52413	28	1368	968	0
71553	28	7624	968	0
50496	28	2941	968	0
33714	28	196	968	0
53158	28	152	968	0
28989	28	2477	968	0
25439	28	2908	968	0
9123	28	1195	968	0
30234	28	408	968	0
48712	28	1018	968	0
21571	28	57	968	0
144471	28	160	968	0
69294	28	4234	968	0
93772	28	1124	968	0
14659	28	1170	968	0
60602	28	860	968	0
116744	28	28031	968	0
19783	28	142	968	0
12271	28	63	968	0
76717	28	572	968	0
100033	28	2967	968	0
33124	28	318	968	0
90226	28	615	968	0
144538	28	1041	968	0
44865	28	909	968	0
92050	28	4261	968	0
15509	28	37	968	0
84355	28	486	968	0
87774	28	38502	968	0
96983	28	275	968	0
64325	28	67	968	0
67214	28	1505	968	0
22925	28	1288	968	0
10490	28	767	968	0
93817	28	333	968	0
28519	28	47	968	0
67286	28	398	968	0
136853	28	608	968	0
20520	28	1635	968	0
144618	28	2364	968	0
117070	28	2923	968	0
17434	28	165	968	0
166465	28	449	968	0
59977	28	459	968	0
81010	28	2154	968	0
81011	28	757	968	0
24170	28	51633	968	0
77659	28	985	968	0
117148	28	1412	968	0
166490	28	156	968	0
16272	28	1250	968	0
81022	28	141	968	0
77215	28	477	968	0
13193	28	232	968	0
51637	28	345	968	0
69723	28	679	968	0
18470	28	1426	968	0
116335	28	32031	968	0
23107	28	1733	968	0
34093	28	598	968	0
16505	28	609	968	0
46525	28	1127	968	0
9620	28	156	968	0
33980	28	694	968	0
7227	28	537	968	0
63534	28	815	968	0
38440	28	7486	968	0
89959	28	1975	968	0
82985	28	2207	968	0
10839	28	1314	968	0
80658	28	1093	968	0
9525	28	44533	968	0
39275	28	1598	968	0
17539	28	892	968	0
18022	28	719	968	0
80411	28	948	968	0
56463	28	49	968	0
85727	28	470	968	0
101190	28	461	968	0
18362	28	424	968	0
14865	28	803	968	0
56702	28	635	968	0
79057	28	6113	968	0
68871	28	29015	968	0
85813	28	36296	968	0
108719	28	3702	968	0
16128	28	791	968	0
96194	28	454	968	0
93934	28	1290	968	0
125524	28	1535	968	0
93940	28	1053	968	0
81070	28	1896	968	0
11588	28	329	968	0
108734	28	43	968	0
91507	28	596	968	0
18847	28	2708	968	0
101526	28	1968	968	0
58155	28	1026	968	0
108752	28	1101	968	0
47288	28	454	968	0
144839	28	37	968	0
104080	28	1529	968	0
98372	28	2433	968	0
108756	28	2240	968	0
93959	28	692	968	0
25104	28	236	968	0
125562	28	14103	968	0
117389	28	3769	968	0
104085	28	186	968	0
144867	28	722	968	0
27906	28	530	968	0
62488	28	39231	968	0
69772	28	7043	968	0
74106	28	2571	968	0
108774	28	2943	968	0
136538	28	984	968	0
82388	28	2216	968	0
96582	28	1154	968	0
16879	28	1216	968	0
166732	28	492	968	0
108785	28	1178	968	0
6650	28	1897	968	0
115520	28	53659	968	0
86415	28	1758	968	0
72309	28	4011	968	0
118314	28	2564	968	0
50788	28	1380	968	0
21544	28	435	968	0
125648	28	1533	968	0
81128	28	94008	968	0
125651	28	558	968	0
32888	28	310	968	0
25104	28	253	968	0
108826	28	161	968	0
75858	28	1981	968	0
37903	28	1053	968	0
166816	28	4577	968	0
24033	28	48	968	0
55084	28	1694	968	0
99682	28	1830	968	0
11456	28	41389	968	0
20388	28	38502	968	0
105687	28	511	968	0
30557	1	108873	968	0
94045	28	5469	968	0
111973	28	1048	968	0
108883	28	22174	968	0
39518	28	2542	968	0
17039	28	637	968	0
65194	28	192	968	0
40910	28	1275	968	0
69545	28	15212	968	0
15222	28	1002	968	0
117058	28	2257	968	0
89682	28	241	968	0
108481	28	1975	968	0
46710	28	7624	968	0
73301	28	2054	968	0
69822	28	410	968	0
103363	28	141	968	0
83304	28	754	968	0
6775	28	1523	968	0
76049	28	1396	968	0
27692	28	1268	968	0
23467	28	64	968	0
64182	28	695	968	0
69190	28	1291	968	0
103865	28	1302	968	0
131241	28	1026	968	0
124584	28	245	968	0
42013	28	760	968	0
61516	28	273	968	0
51099	28	13198	968	0
143305	28	29313	968	0
23264	28	1277	968	0
138838	14	167018	968	0
118965	28	1359	968	0
11551	28	334	968	0
125827	28	1050	968	0
12101	28	431	968	0
125836	28	469	968	0
16338	28	2203	968	0
31365	28	3321	968	0
167054	28	330	968	0
85487	28	1150	968	0
59860	28	1769	968	0
96269	28	3788	968	0
108989	28	379	968	0
90037	28	995	968	0
145258	28	639	968	0
11926	28	46	968	0
91112	28	118	968	0
78938	28	1507	968	0
94117	28	1898	968	0
104326	28	554	968	0
77798	28	1363	968	0
73143	28	99	968	0
30384	28	507	968	0
22126	28	919	968	0
37261	28	257	968	0
26446	28	309	968	0
82329	28	580	968	0
96983	28	1404	968	0
93057	28	3584	968	0
15474	28	574	968	0
15061	28	1537	968	0
88127	28	2545	968	0
38561	28	310	968	0
18023	28	1665	968	0
30062	28	3507	968	0
20635	28	230	968	0
14830	28	89	968	0
11506	28	1411	968	0
117021	28	2128	968	0
43128	28	3192	968	0
15080	28	85	968	0
15467	28	2020	968	0
79337	28	171	968	0
125918	28	2649	968	0
36942	28	2026	968	0
37159	28	1721	968	0
45071	28	767	968	0
80413	28	608	968	0
71852	28	1665	968	0
123797	28	103	968	0
47746	28	1896	968	0
12224	28	336	968	0
47270	28	1416	968	0
81255	28	798	968	0
42566	28	228	968	0
22188	28	657	968	0
62218	28	1024	968	0
93742	28	723	968	0
113629	28	554	968	0
104206	28	369	968	0
125972	28	1659	968	0
125976	28	1462	968	0
66070	28	1055	968	0
63719	28	99	968	0
10460	28	1181	968	0
126006	28	307	968	0
22001	28	250	968	0
126026	28	1239	968	0
26791	28	273	968	0
99577	28	1577	968	0
55828	28	104	968	0
55034	28	967	968	0
89639	28	35809	968	0
68640	28	1342	968	0
28799	28	5124	968	0
93817	28	893	968	0
36458	28	1675	968	0
77581	28	140	968	0
51020	28	155	968	0
78016	28	3990	968	0
40237	28	3316	968	0
45812	28	1938	968	0
104770	28	610	968	0
120377	28	1981	968	0
29429	28	4919	968	0
9918	28	48	968	0
145537	28	7465	968	0
23669	28	1363	968	0
92715	28	256	968	0
35219	28	5525	968	0
11182	28	2688	968	0
84849	28	114	968	0
44370	28	1705	968	0
109206	28	141	968	0
16219	28	917	968	0
19774	28	8165	968	0
90863	28	1762	968	0
51664	28	4267	968	0
109217	28	640	968	0
86256	28	1070	968	0
70807	28	1917	968	0
30286	28	739	968	0
11323	28	501	968	0
88127	28	2602	968	0
34329	28	695	968	0
136293	28	98	968	0
39812	28	957	968	0
15251	28	415	968	0
69922	28	332	968	0
85172	28	2208	968	0
99618	28	2436	968	0
126139	28	4750	968	0
120866	28	4104	968	0
40125	28	431	968	0
47395	28	1272	968	0
51742	28	437	968	0
96995	28	18706	968	0
21313	28	310	968	0
107413	28	1032	968	0
23110	28	159	968	0
107276	28	1071	968	0
100771	28	1467	968	0
33149	28	3702	968	0
56530	28	63	968	0
84276	28	1027	968	0
109255	28	40	968	0
75906	28	513	968	0
46026	28	694	968	0
9184	28	511	968	0
113507	28	717	968	0
87503	28	1794	968	0
17117	28	696	968	0
126200	28	409	968	0
126201	28	6227	968	0
32387	28	964	968	0
23282	28	1522	968	0
79721	28	2923	968	0
21353	28	2399	968	0
88944	28	954	968	0
36004	28	14976	968	0
79702	28	6108	968	0
26128	28	3080	968	0
55993	28	1239	968	0
12296	28	81	968	0
59571	28	475	968	0
114567	28	2240	968	0
145749	28	795	968	0
23040	28	3561	968	0
100716	28	707	968	0
94353	28	1034	968	0
67546	28	1043	968	0
39405	28	1766	968	0
82514	28	923	968	0
47492	28	402	968	0
102638	28	228	968	0
112187	28	4261	968	0
77444	28	2152	968	0
9633	28	397	968	0
96415	28	3155	968	0
71040	28	3627	968	0
67797	28	69039	968	0
69658	28	769	968	0
30640	28	787	968	0
72088	28	647	968	0
41248	28	454	968	0
126301	28	3702	968	0
145810	28	1020	968	0
45785	28	257	968	0
103913	28	1026	968	0
81382	28	4282	968	0
26364	28	25024	968	0
54151	28	2346	968	0
53039	28	465	968	0
16166	28	368	968	0
87233	28	64	968	0
103714	28	720	968	0
18174	28	1139	968	0
49770	28	634	968	0
54013	28	732	968	0
84066	28	2088	968	0
56079	28	1883	968	0
18842	28	501	968	0
68500	28	1050	968	0
111949	28	1457	968	0
31429	28	3864	968	0
17891	28	13762	968	0
99225	28	1694	968	0
145889	28	1081	968	0
26562	28	920	968	0
24817	28	3364	968	0
27234	28	196	968	0
16347	28	484	968	0
106394	28	1536	968	0
27290	28	553	968	0
90186	28	8064	968	0
145917	28	1460	968	0
92345	28	1665	968	0
13437	28	104	968	0
85001	28	752	968	0
58835	28	1190	968	0
47897	28	2412	968	0
126412	28	1766	968	0
77040	28	61	968	0
81128	28	1150	968	0
44258	28	1049	968	0
15769	28	1210	968	0
126434	28	27205	968	0
145987	28	483	968	0
77415	28	571	968	0
19575	28	965	968	0
12078	28	1365	968	0
23968	28	45	968	0
42892	28	95	968	0
146000	28	1359	968	0
109426	28	156	968	0
19879	28	693	968	0
39721	28	694	968	0
36051	28	760	968	0
79271	28	119	968	0
24934	28	504	968	0
7973	28	3243	968	0
109448	28	2079	968	0
12248	28	501	968	0
63204	28	330	968	0
94456	28	835	968	0
84787	28	2083	968	0
28505	28	1047	968	0
15575	28	73	968	0
74576	28	1118	968	0
21450	28	1465	968	0
21864	28	98	968	0
109476	28	1985	968	0
81302	28	105	968	0
126515	28	703	968	0
109482	28	19	968	0
22863	28	1211	968	0
55898	28	703	968	0
22567	28	408	968	0
50588	28	1747	968	0
100636	28	860	968	0
126539	28	2264	968	0
94481	28	40850	968	0
113724	28	540	968	0
21464	28	1351	968	0
7374	28	89	968	0
81032	28	890	968	0
76481	28	1011	968	0
109511	28	499	968	0
7328	28	12013	968	0
21036	28	967	968	0
125584	28	1836	968	0
40648	28	2177	968	0
75222	28	50369	968	0
16537	28	481	968	0
55279	28	503	968	0
22460	28	572	968	0
9053	28	2139	968	0
99558	28	455	968	0
70674	28	449	968	0
51116	28	4748	968	0
37836	28	123	968	0
28537	28	792	968	0
24861	28	787	968	0
42969	28	333	968	0
109540	28	32	968	0
81336	28	30535	968	0
35530	28	829	968	0
126607	28	4373	968	0
77167	28	232	968	0
78380	28	3414	968	0
88710	28	1018	968	0
168231	28	40540	968	0
60848	28	12408	968	0
39866	28	4723	968	0
54694	28	1836	968	0
81462	28	38559	968	0
32393	28	102	968	0
16211	28	427	968	0
100656	28	195	968	0
61391	28	98	968	0
90464	28	2464	968	0
40833	28	1196	968	0
73493	28	695	968	0
20291	28	387	968	0
109573	28	598	968	0
43491	28	1430	968	0
89296	28	2720	968	0
19090	28	6569	968	0
79527	28	1577	968	0
37039	28	29778	968	0
109581	28	1123	968	0
121261	28	1234	968	0
103875	28	3688	968	0
146300	28	503	968	0
168317	14	77797	968	0
34276	28	596	968	0
44173	28	732	968	0
16658	28	1253	968	0
71966	28	3206	968	0
9135	28	58	968	0
63886	28	3317	968	0
126700	28	402	968	0
17795	28	51	968	0
28098	28	1396	968	0
64104	28	29	968	0
126712	28	528	968	0
11578	28	167	968	0
47365	28	2479	968	0
