39016	28	2608	963	0
61467	28	1562	963	0
18502	28	1141	963	0
64240	28	311	963	0
103402	28	7971	963	0
7992	28	1070	963	0
79602	28	2558	963	0
44067	28	1149	963	0
26558	28	548	963	0
100681	28	1779	963	0
44441	14	3721	963	0
23035	28	2135	963	0
15259	28	1172	963	0
67521	28	2204	963	0
6616	28	53	963	0
12487	28	191	963	0
18428	28	1365	963	0
6546	28	100	963	0
107984	28	622	963	0
19680	28	1110	963	0
78409	28	11132	963	0
47684	28	2475	963	0
104481	14	12967	963	0
9005	28	983	963	0
10087	28	3658	963	0
66998	28	4017	963	0
60976	28	5765	963	0
123808	28	6273	963	0
6230	28	1242	963	0
100617	28	2349	963	0
109256	28	268	963	0
23258	28	1474	963	0
17115	28	1292	963	0
36617	28	1141	963	0
27152	28	1837	963	0
73547	28	1251	963	0
18097	28	630	963	0
52452	28	1129	963	0
7160	28	1545	963	0
70732	28	109	963	0
97453	28	1710	963	0
60418	28	1388	963	0
109031	14	5693	963	0
19218	28	1000	963	0
15467	28	251	963	0
152490	28	678	963	0
27439	28	40920	963	0
154612	28	890	963	0
69754	28	3834	963	0
23245	28	3731	963	0
44173	28	2107	963	0
69520	28	2174	963	0
35905	28	746	963	0
25098	28	1305	963	0
51567	28	126	963	0
26154	28	484	963	0
111536	28	3378	963	0
47949	28	1160	963	0
33031	28	1931	963	0
60189	28	526	963	0
114786	28	282	963	0
44242	28	2893	963	0
29055	28	471	963	0
31413	28	1660	963	0
12695	28	484	963	0
70393	28	691	963	0
14199	28	3469	963	0
36375	28	4143	963	0
54219	28	24392	963	0
26423	28	27	963	0
51427	28	2040	963	0
17236	28	1720	963	0
7574	28	222	963	0
30110	28	2929	963	0
18497	28	34	963	0
53947	28	4407	963	0
79731	28	1346	963	0
21884	28	1012	963	0
6335	28	1161	963	0
22141	28	925	963	0
15131	28	351	963	0
32846	28	470	963	0
90003	28	3975	963	0
77275	28	11331	963	0
27317	28	38	963	0
108047	28	536	963	0
46122	28	119	963	0
30866	28	3366	963	0
31664	23	130862	963	0
130862	23	31664	963	0
56439	28	1829	963	0
135917	28	6388	963	0
23313	28	4113	963	0
86445	28	1847	963	0
5851	28	465	963	0
13649	28	39	963	0
12120	28	2575	963	0
109849	28	4682	963	0
39761	28	1651	963	0
28601	28	869	963	0
13201	28	1015	963	0
6731	28	676	963	0
17067	28	239	963	0
23911	28	8915	963	0
70310	28	5227	963	0
90137	28	1462	963	0
23065	28	2003	963	0
111877	28	2059	963	0
18443	28	830	963	0
31671	28	8057	963	0
31913	28	4297	963	0
95242	28	7897	963	0
41136	28	2325	963	0
10899	28	500	963	0
25865	28	2561	963	0
8741	28	457	963	0
61748	28	2003	963	0
38075	28	540	963	0
55943	28	1135	963	0
17490	28	660	963	0
65819	28	3103	963	0
23954	28	471	963	0
15377	28	1980	963	0
16451	28	2517	963	0
32907	28	1563	963	0
23455	28	505	963	0
60463	28	1013	963	0
27907	28	11132	963	0
42626	28	462	963	0
8216	28	2614	963	0
15280	28	251	963	0
75396	28	59686	963	0
17708	28	1227	963	0
41094	28	74436	963	0
12446	28	629	963	0
82139	28	7897	963	0
32060	28	6497	963	0
53258	28	2903	963	0
51917	28	54	963	0
36142	28	178	963	0
51161	28	2311	963	0
25804	28	54	963	0
70069	28	3425	963	0
23139	28	451	963	0
6261	28	263	963	0
32027	14	943	963	0
17673	28	889	963	0
80756	28	2838	963	0
12424	28	259	963	0
58413	28	2204	963	0
12517	28	811	963	0
66782	14	1746	963	0
8500	28	2151	963	0
79447	28	3892	963	0
33273	28	3405	963	0
47753	28	121	963	0
88577	28	1216	963	0
17440	28	1166	963	0
130914	28	4480	963	0
39060	28	32019	963	0
86284	28	4235	963	0
67829	28	43	963	0
39079	28	11132	963	0
12400	28	514	963	0
84995	28	30339	963	0
33148	28	715	963	0
51613	28	2140	963	0
70949	28	1413	963	0
17801	28	5247	963	0
79926	28	345	963	0
12973	28	6915	963	0
10250	28	2908	963	0
55855	28	622	963	0
49662	28	914	963	0
186214	28	2179	963	0
31429	28	165	963	0
118266	28	5855	963	0
63148	28	837	963	0
30452	28	1314	963	0
70272	28	1127	963	0
55075	28	2720	963	0
21580	28	3212	963	0
51403	28	2875	963	0
70220	28	4620	963	0
93020	28	1091	963	0
109174	28	95	963	0
95760	28	2540	963	0
51666	28	344	963	0
62825	28	282	963	0
47970	28	486	963	0
29544	28	2434	963	0
31470	28	31	963	0
120637	28	2963	963	0
72736	28	20685	963	0
16853	28	1921	963	0
73561	28	3491	963	0
34041	28	593	963	0
37815	28	107	963	0
9525	28	670	963	0
17648	28	5226	963	0
31075	28	526	963	0
55535	28	1535	963	0
18460	28	4574	963	0
66194	28	106	963	0
104374	28	565	963	0
19412	28	622	963	0
47160	28	231	963	0
53169	28	653	963	0
21612	28	885	963	0
14211	28	1295	963	0
88925	28	50415	963	0
57734	28	31083	963	0
51571	28	51995	963	0
7684	28	1144	963	0
28535	28	112	963	0
27256	28	2963	963	0
130495	28	725	963	0
38947	28	1005	963	0
49755	28	743	963	0
16295	28	1943	963	0
65840	28	357	963	0
82014	28	17987	963	0
9219	28	290	963	0
34365	28	234	963	0
41056	28	33477	963	0
41511	28	542	963	0
9772	28	2853	963	0
58944	28	415	963	0
7028	28	1300	963	0
65699	28	621	963	0
72003	28	4682	963	0
54156	28	608	963	0
43905	28	3930	963	0
74609	28	1093	963	0
8084	28	716	963	0
10731	28	2571	963	0
4848	28	239	963	0
98474	14	3055	963	0
55363	28	539	963	0
16059	28	1000	963	0
155488	28	3488	963	0
67682	28	3222	963	0
6521	28	405	963	0
83234	28	310	963	0
24090	28	2479	963	0
186915	28	1975	963	0
18848	28	731	963	0
9687	28	404	963	0
106503	28	1294	963	0
60463	28	751	963	0
68488	28	1116	963	0
77139	28	2851	963	0
47524	28	3155	963	0
20393	28	14027	963	0
57456	28	10879	963	0
8200	28	6548	963	0
88740	28	1745	963	0
69386	28	4319	963	0
16524	28	2957	963	0
34769	28	114	963	0
8812	28	1141	963	0
7868	28	9362	963	0
95757	28	818	963	0
7279	14	782	963	0
68011	28	1819	963	0
41143	28	227	963	0
54194	28	2373	963	0
44061	28	1096	963	0
123262	28	550	963	0
8337	28	120	963	0
38527	28	1650	963	0
19668	28	3597	963	0
12426	28	153	963	0
20562	28	2539	963	0
4322	28	111	963	0
9878	28	1868	963	0
37057	28	1308	963	0
66225	28	622	963	0
10668	28	261	963	0
27587	28	29	963	0
26057	28	1543	963	0
125806	28	238	963	0
110641	28	564	963	0
66975	28	4234	963	0
18988	28	1074	963	0
73892	28	2270	963	0
43063	28	53	963	0
36764	28	1741	963	0
72133	28	31083	963	0
32347	28	2026	963	0
6559	28	1364	963	0
41056	28	3155	963	0
40134	28	486	963	0
78005	28	10888	963	0
69957	28	1066	963	0
59760	28	856	963	0
10075	28	1583	963	0
80475	28	3155	963	0
56680	28	1414	963	0
106033	28	1795	963	0
53672	28	266	963	0
35377	28	3930	963	0
18627	28	1779	963	0
8990	28	4942	963	0
5727	28	1506	963	0
16014	28	72	963	0
20247	28	233	963	0
42702	28	1277	963	0
78998	28	235	963	0
60468	28	1512	963	0
39420	28	6983	963	0
5780	28	40	963	0
16046	28	464	963	0
32958	28	168	963	0
70705	28	1660	963	0
50320	28	2189	963	0
6184	28	852	963	0
75786	28	3777	963	0
44720	28	2433	963	0
24944	28	4227	963	0
93857	28	1167	963	0
63496	28	1129	963	0
23792	28	5439	963	0
44675	28	1614	963	0
11401	28	2174	963	0
154755	28	1504	963	0
108862	28	1920	963	0
69610	28	398	963	0
28693	28	1961	963	0
24757	28	796	963	0
59344	28	470	963	0
50496	28	2518	963	0
16343	28	1402	963	0
103560	28	387	963	0
29433	28	2282	963	0
39521	28	2984	963	0
22629	28	1727	963	0
6266	28	109	963	0
68651	28	3975	963	0
32223	28	1483	963	0
69136	28	184	963	0
51366	28	28949	963	0
74830	28	2846	963	0
25653	28	745	963	0
10663	28	42	963	0
72737	28	4337	963	0
101503	28	1728	963	0
131335	28	682	963	963
83436	28	839	963	963
22557	28	30	963	963
113337	28	14282	963	963
97909	28	832	963	963
82383	28	5257	963	963
117912	28	532	963	963
85257	28	1660	963	963
47107	28	379	963	963
86268	28	593	963	963
121365	28	136	963	963
76963	28	653	963	963
121744	28	461	963	963
24241	28	262	963	963
92600	28	1076	963	963
91415	28	1180	963	963
25906	28	7612	963	963
41808	28	458	963	963
23319	28	620	963	963
98718	28	680	963	963
48153	28	154	963	963
33520	28	975	963	963
58905	28	649	963	963
41283	28	40	963	963
48248	28	2614	963	963
96385	28	1932	963	963
34838	28	145	963	963
67395	28	1265	963	963
129595	28	1280	963	963
129779	28	1938	963	963
122447	16	58194	963	963
49762	28	489	963	963
175813	28	802	963	963
14952	28	36	963	963
83976	28	199	963	963
28336	28	1595	963	963
67526	28	7612	963	963
121265	28	742	963	963
49876	28	735	963	963
122803	28	586	963	963
104641	28	99	963	963
57865	28	2456	963	963
98726	28	402	963	963
43693	28	964	963	963
42294	28	98	963	963
51790	28	773	963	963
66702	28	748	963	963
30533	28	73	963	963
33273	28	1519	963	963
20506	28	268	963	963
42589	28	1601	963	963
13790	28	1606	963	963
53242	28	924	963	963
154708	28	233	963	963
21630	28	773	963	964
18569	28	44	963	964
51991	28	1149	963	964
82241	28	12755	963	964
16321	28	1653	963	964
60599	28	2026	963	964
60694	28	1624	963	964
70692	28	1383	963	964
112143	28	1234	963	964
96007	28	1059	963	964
33522	28	482	963	964
33523	28	912	963	964
82491	28	7162	963	964
38968	28	2745	963	964
82557	28	2816	963	964
33582	28	38991	963	964
11360	28	5661	963	964
16487	28	1374	963	964
21941	28	894	963	964
14505	28	925	963	964
6712	28	18619	963	964
96308	28	2114	963	964
6315	28	1365	963	964
18988	28	1397	963	964
16622	28	710	963	964
25184	28	614	963	964
96392	28	954	963	964
52115	28	82901	963	964
61279	28	3688	963	964
29503	28	19092	963	964
25303	28	787	963	964
39390	28	5990	963	964
112640	28	4384	963	964
52346	28	1563	963	964
96588	28	391	963	964
9328	28	1432	963	964
52904	28	781	963	964
112740	23	96073	963	964
83152	28	416	963	964
96681	28	2503	963	964
61516	28	565	963	964
34119	28	696	963	964
5708	28	1861	963	964
83211	28	330	963	964
83212	28	4682	963	964
34143	28	3299	963	964
53007	28	1561	963	964
6243	28	42	963	964
19248	28	1796	963	964
9379	28	55	963	964
96782	28	536	963	964
39606	28	1304	963	964
96857	28	228	963	964
112924	28	1557	963	964
34260	28	1417	963	964
39655	28	3739	963	964
13181	28	607	963	964
7869	28	370	963	964
46033	28	696	963	964
19461	28	102	963	964
21818	28	4696	963	964
11523	28	1950	963	964
29964	28	234	963	964
113214	28	8632	963	964
53400	28	5736	963	964
19499	28	123	963	964
113241	28	1269	963	964
39961	28	1179	963	964
83721	28	7901	963	964
6277	28	100	963	964
70648	28	1023	963	964
19557	28	446	963	964
18726	28	1624	963	964
53503	28	625	963	964
22590	28	250	963	964
83835	28	1672	963	964
14962	28	391	963	964
46253	28	536	963	964
61031	28	27	963	964
46238	28	926	963	964
9135	28	36	963	964
46298	28	282	963	964
53640	28	1827	963	964
62320	28	7944	963	964
9549	28	694	963	964
11865	28	406	963	964
72328	28	483	963	964
84058	28	1164	963	964
46448	28	2334	963	964
22728	28	7971	963	964
53784	28	1267	963	964
14350	28	1013	963	964
38949	28	22755	963	964
22787	28	568	963	964
38858	28	122	963	964
40363	28	252	963	964
84267	28	2486	963	964
46609	28	5296	963	964
84312	28	3396	963	964
11445	28	10472	963	964
72601	28	456	963	964
14722	28	1022	963	964
25735	28	1370	963	964
84433	28	1067	963	964
72667	28	1987	963	964
30470	28	315	963	964
61511	28	1389	963	964
62850	28	1137	963	964
72757	28	2977	963	964
26378	28	1146	963	964
84646	28	1794	963	964
35201	28	780	963	964
54307	28	1529	963	964
54355	28	1074	963	964
26493	28	331	963	964
16778	28	2458	963	964
84790	28	860	963	964
19906	28	1018	963	964
62923	28	848	963	964
29750	28	565	963	964
63180	28	3174	963	964
30200	28	30	963	964
10727	28	1811	963	964
98363	28	395	963	964
53855	28	1660	963	964
73197	28	10438	963	964
47176	28	911	963	964
29281	28	1410	963	964
12126	28	881	963	964
47257	28	860	963	964
20177	28	398	963	964
53220	28	786	963	964
114604	28	4103	963	964
63527	28	3396	963	964
24958	28	418	963	964
82272	28	1060	963	964
12170	28	1024	963	964
33499	28	79	963	964
7964	28	179	963	964
73493	28	3395	963	964
41139	28	1036	963	964
114758	28	2835	963	964
83519	28	2172	963	964
5915	28	158	963	964
73627	28	20310	963	964
10684	28	56	963	964
73648	28	4092	963	964
63717	28	1801	963	964
85467	28	2147	963	964
29358	28	100	963	964
63784	28	3002	963	964
85547	28	20365	963	964
13712	28	3139	963	964
99029	28	54339	963	964
53228	28	2353	963	964
23400	28	311	963	964
73901	28	46787	963	964
47709	28	3750	963	964
9620	28	377	963	964
99104	28	757	963	964
85692	28	954	963	964
99131	28	3522	963	964
20037	28	153	963	964
61871	28	1251	963	964
6241	28	410	963	964
52521	28	1023	963	964
11531	28	791	963	964
25449	28	967	963	964
41561	28	1533	963	964
85977	28	2528	963	964
19661	28	4422	963	964
47968	28	4113	963	964
31287	28	3383	963	964
15635	28	228	963	964
31289	28	811	963	964
20056	28	1562	963	964
20559	28	1998	963	964
12173	28	57	963	964
55421	28	1672	963	964
62852	28	1557	963	964
38673	28	927	963	964
20447	28	1408	963	964
62806	28	1276	963	964
12252	28	203	963	964
31369	28	181	963	964
5254	28	1231	963	964
17805	28	965	963	964
74391	28	675	963	964
36134	28	1456	963	964
11938	28	2776	963	964
25547	28	160	963	964
27254	28	2433	963	964
86268	28	911	963	964
25974	28	1581	963	964
21846	28	927	963	964
71176	28	5243	963	964
31483	28	2348	963	964
64578	28	83	963	964
86398	28	1725	963	964
20577	28	969	963	964
73505	28	1234	963	964
40932	28	1276	963	964
64614	28	241	963	964
20090	28	1010	963	964
41867	28	3793	963	964
74651	28	1557	963	964
36197	28	2607	963	964
10930	28	434	963	964
17874	28	617	963	964
14919	28	1824	963	964
64700	28	1121	963	964
48380	28	703	963	964
6897	28	53	963	964
17426	28	39801	963	964
64760	28	2687	963	964
64762	28	3164	963	964
36375	28	2877	963	964
41973	28	432	963	964
20017	28	2093	963	964
41999	28	1250	963	964
74901	28	1325	963	964
15458	28	490	963	964
31649	28	1388	963	964
82383	28	5547	963	964
36451	28	490	963	964
23549	28	280	963	964
55973	28	1008	963	964
15383	28	560	963	964
42072	28	23	963	964
14696	28	442	963	964
17938	28	2346	963	964
71669	28	1874	963	964
36503	28	1795	963	964
48107	28	150	963	964
30075	28	6015	963	964
48601	28	621	963	964
12046	28	223	963	964
75057	28	718	963	964
84802	28	1596	963	964
12420	28	1181	963	964
19768	28	593	963	964
116277	28	9941	963	964
27541	28	2242	963	964
86912	28	1458	963	964
75108	28	5089	963	964
134993	28	2971	963	964
21866	28	933	963	964
52117	28	263	963	964
36601	28	1170	963	964
29913	28	1950	963	964
83403	28	3387	963	964
40535	28	911	963	964
45527	28	2119	963	964
39913	28	1033	963	964
30595	28	3403	963	964
31803	28	829	963	964
15550	28	31	963	964
29023	28	2542	963	964
36662	28	4779	963	964
85725	28	1456	963	964
15259	28	1232	963	964
23902	28	1048	963	964
56333	28	143	963	964
87197	28	881	963	964
17852	28	153	963	964
48852	28	852	963	964
11582	28	2688	963	964
20911	28	169	963	964
56359	28	1868	963	964
22828	28	1651	963	964
23286	28	15390	963	964
26300	28	27670	963	964
12488	28	459	963	964
97450	28	210	963	964
18026	28	1924	963	964
34651	28	659	963	964
22926	28	1096	963	964
8009	28	215	963	964
9524	28	461	963	964
13101	28	337	963	964
11574	28	1340	963	964
52826	28	98484	963	964
42159	28	1525	963	964
27754	28	1014	963	964
65517	28	6818	963	964
39736	28	864	963	964
56593	28	651	963	964
86059	28	565	963	964
87535	28	47463	963	964
31609	28	1951	963	964
30925	28	2007	963	964
49052	28	3139	963	964
26125	28	319	963	964
27787	28	1755	963	964
13662	28	507	963	964
33388	28	792	963	964
75782	28	5385	963	964
75096	28	2639	963	964
56709	28	216	963	964
17673	28	406	963	964
9223	28	643	963	964
62848	28	2040	963	964
100947	28	54339	963	964
75885	28	4767	963	964
36992	28	91	963	964
56757	28	3118	963	964
117124	28	1279	963	964
18136	28	1811	963	964
101265	28	16342	963	964
87799	28	3926	963	964
9989	28	304	963	964
41792	28	49218	963	964
32129	28	395	963	964
37033	28	787	963	964
10193	28	1026	963	964
135910	28	49218	963	964
84066	28	42741	963	964
23484	28	2464	963	964
18016	28	2026	963	964
17010	28	1317	963	964
12882	28	181	963	964
65905	28	463	963	964
101447	28	4682	963	964
56922	28	86	963	964
64578	28	565	963	964
62210	28	1008	963	964
97965	28	1812	963	964
41027	28	843	963	964
27248	28	696	963	964
76187	28	2105	963	964
42831	28	161	963	964
66001	28	2607	963	964
57012	28	133	963	964
49398	28	1619	963	964
17018	28	1764	963	964
16890	28	496	963	964
17383	28	405	963	964
6335	28	1077	963	964
9990	28	254	963	964
101588	28	20685	963	964
9384	28	109	963	964
40870	28	4274	963	964
49487	28	275	963	964
31419	28	2255	963	964
7785	28	1457	963	964
60612	28	2469	963	964
76402	28	1167	963	964
24962	28	112	963	964
13593	28	37	963	964
88305	28	6327	963	964
76415	28	22347	963	964
16382	28	846	963	964
42507	28	334	963	964
8984	28	161	963	964
101970	28	1965	963	964
21958	28	1030	963	964
31898	28	1793	963	964
23971	28	546	963	964
49451	28	1950	963	964
72981	28	1555	963	964
40911	28	1867	963	964
8421	28	74	963	964
66381	28	2113	963	964
37362	28	1243	963	964
19796	28	1291	963	964
102144	28	883	963	964
7960	28	1267	963	964
10684	28	401	963	964
16691	28	1840	963	964
84125	28	3808	963	964
72736	28	1570	963	964
102235	28	1335	963	964
47692	28	418	963	964
66489	28	980	963	964
88720	28	1442	963	964
57463	28	756	963	964
14028	28	435	963	964
49775	28	3277	963	964
43199	28	659	963	964
102356	28	536	963	964
66573	28	1741	963	964
118206	28	37470	963	964
12789	28	141	963	964
21706	28	508	963	964
7663	28	433	963	964
112924	28	2218	963	964
76963	28	1672	963	964
51967	28	1668	963	964
66651	28	10269	963	964
28928	28	2802	963	964
18618	28	1327	963	964
66694	28	530	963	964
62213	28	559	963	964
66698	28	1736	963	964
11381	28	791	963	964
29208	28	1208	963	964
77060	28	2846	963	964
64971	28	8913	963	964
72502	28	486	963	964
14453	28	482	963	964
38906	28	536	963	964
11323	28	3288	963	964
64447	28	2040	963	964
11335	28	1050	963	964
49917	28	524	963	964
11487	28	564	963	964
77183	28	9376	963	964
45238	28	354	963	964
45425	28	303	963	964
18931	28	725	963	964
8476	28	977	963	964
102837	28	1541	963	964
7745	28	274	963	964
61106	28	986	963	964
11439	28	826	963	964
22035	28	112455	963	964
118723	28	2236	963	964
39440	28	1146	963	964
57751	28	4121	963	964
8547	28	1512	963	964
72596	28	18654	963	964
77288	28	570	963	964
39523	28	2153	963	964
37560	28	1404	963	964
34103	28	509	963	964
19071	28	615	963	964
57792	28	3449	963	964
82985	28	33940	963	964
11528	28	1107	963	964
14624	28	1853	963	964
45543	28	1464	963	964
84507	28	8842	963	964
57828	28	1568	963	964
57058	28	27951	963	964
16851	28	149	963	964
53151	28	1432	963	964
39714	28	723	963	964
103072	28	3614	963	964
45885	28	1078	963	964
14706	28	792	963	964
103115	28	2662	963	964
22047	28	475	963	964
34176	28	3491	963	964
103148	28	607	963	964
53065	28	757	963	964
19442	28	289	963	964
14851	28	501	963	964
47500	28	1420	963	964
83656	28	1741	963	964
39463	28	1145	963	964
25648	28	546	963	964
22393	28	268	963	964
55323	28	1907	963	964
77605	28	1097	963	964
89690	28	4083	963	964
89695	28	17698	963	964
71999	28	2843	963	964
22536	28	5070	963	964
86648	28	1076	963	964
18807	28	394	963	964
22561	28	2320	963	964
37638	28	7971	963	964
13296	28	2458	963	964
33654	28	2846	963	964
25897	28	1998	963	964
52724	28	1162	963	964
22736	28	923	963	964
11462	28	1127	963	964
34681	28	2007	963	964
19647	28	2334	963	964
103591	28	77775	963	964
39964	28	587	963	964
19659	28	401	963	964
83976	28	29	963	964
67262	28	1640	963	964
9558	28	8420	963	964
34762	28	1052	963	964
9612	28	557	963	964
42566	28	2846	963	964
13446	28	5298	963	964
46654	28	615	963	964
9624	28	1013	963	964
8743	28	328	963	964
15094	28	292	963	964
86464	28	899	963	964
46582	28	73	963	964
17304	28	158	963	964
56455	28	1806	963	964
5958	28	1778	963	964
15125	28	236	963	964
7851	28	337	963	964
67382	28	897	963	964
19465	28	924	963	964
45163	28	5908	963	964
70809	28	17883	963	964
26334	28	1007	963	964
42510	28	2298	963	964
26330	28	13481	963	964
35079	28	699	963	964
35266	28	1731	963	964
20031	28	920	963	964
47751	28	8165	963	964
103997	28	442	963	964
30702	28	4146	963	964
29264	28	893	963	964
11218	28	199	963	964
72933	28	1764	963	964
35225	28	482	963	964
26631	28	1483	963	964
14755	28	3354	963	964
138586	28	3452	963	964
17156	28	65	963	964
55203	28	1660	963	964
35358	28	506	963	964
20216	28	19402	963	964
41082	28	1120	963	964
26753	28	502	963	964
104238	28	843	963	964
26759	28	1675	963	964
15374	28	1650	963	964
35089	28	56	963	964
47397	28	1023	963	964
84564	28	4682	963	964
29184	28	666	963	964
35486	28	143	963	964
47289	28	1182	963	964
23192	28	1850	963	964
90428	28	1907	963	964
35711	28	557	963	964
20150	28	451	963	964
23337	28	3118	963	964
78341	28	16	963	964
17547	28	1053	963	964
63081	28	527	963	964
16537	28	49	963	964
13321	28	1067	963	964
50446	28	203	963	964
15131	28	104	963	964
88647	28	78389	963	964
45183	28	6110	963	964
13731	28	2320	963	964
66687	28	6894	963	964
78433	28	4308	963	964
29781	28	3544	963	964
52431	28	1234	963	964
56080	28	1111	963	964
88914	28	4018	963	964
65625	28	1421	963	964
10827	28	178	963	964
30008	28	92	963	964
104571	28	78467	963	964
55990	28	2270	963	964
55078	28	957	963	964
5273	28	533	963	964
20409	28	490	963	964
19543	28	469	963	964
39955	28	909	963	964
31235	28	2784	963	964
11707	28	70	963	964
46813	28	3946	963	964
34207	28	1749	963	964
71183	28	29009	963	964
78540	28	9631	963	964
30929	28	394	963	964
13748	28	525	963	964
9307	28	4696	963	964
50529	28	2740	963	964
78566	28	1870	963	964
8419	28	6741	963	964
6247	28	796	963	964
120782	28	2234	963	964
41642	28	2708	963	964
82437	28	3845	963	964
50546	28	911	963	964
35043	28	1557	963	964
99357	28	1060	963	964
12227	28	1124	963	964
9851	28	881	963	964
41609	28	1098	963	964
52199	28	1887	963	964
12335	28	1420	963	964
29625	28	1795	963	964
63692	28	617	963	964
90915	28	610	963	964
13801	28	750	963	964
7382	28	445	963	964
31403	28	1081	963	964
7102	28	1766	963	964
78745	28	1796	963	964
11837	28	526	963	964
13421	28	369	963	964
8047	28	139	963	964
26697	28	5123	963	964
27343	28	1465	963	964
139760	28	11252	963	964
19358	28	20685	963	964
15142	28	370	963	964
15769	28	155	963	964
39672	28	843	963	964
8932	28	612	963	964
12171	28	1475	963	964
45253	28	1084	963	964
34016	28	3688	963	964
12384	28	14347	963	964
41955	28	7993	963	964
20740	28	508	963	964
91184	28	1142	963	964
22444	28	166	963	964
78886	28	5990	963	964
26715	28	1174	963	964
39138	28	1011	963	964
6959	28	2994	963	964
6690	28	1136	963	964
33957	28	219	963	964
23478	28	159	963	964
78896	28	48600	963	964
12431	28	1335	963	964
64046	28	353	963	964
91228	28	4588	963	964
21660	28	4978	963	964
77215	28	1084	963	964
15043	28	260	963	964
78951	28	1899	963	964
55024	28	1672	963	964
39572	28	435	963	964
42093	28	1883	963	964
15364	28	291	963	964
41515	28	416	963	964
121501	28	36056	963	964
36634	28	371	963	964
23019	28	288	963	964
25760	28	894	963	964
13864	28	1653	963	964
91335	28	3818	963	964
36553	28	614	963	964
120095	28	494	963	964
8961	28	398	963	964
87214	28	50717	963	964
79036	28	1234	963	964
20635	28	231	963	964
16604	28	1299	963	964
61279	28	796	963	964
37626	28	1367	963	964
13947	28	2562	963	964
56668	28	1073	963	964
72634	28	3039	963	964
8429	28	38	963	964
36397	28	1036	963	964
20708	28	981	963	964
79107	28	490	963	964
91477	28	4268	963	964
28958	28	1867	963	964
5126	28	1998	963	964
18051	28	1619	963	964
45709	28	12270	963	964
78742	28	1873	963	964
9926	28	1987	963	964
60829	28	357	963	964
11349	28	1182	963	964
8214	28	63	963	964
24878	28	840	963	964
121821	28	516	963	964
20548	28	607	963	964
100812	28	960	963	964
27799	28	836	963	964
6119	28	277	963	964
8346	28	1030	963	964
30934	28	10064	963	964
105754	28	2517	963	964
15854	28	1139	963	964
23985	28	2397	963	964
114939	28	2829	963	964
86735	28	1527	963	964
9524	28	1078	963	964
85654	28	2089	963	964
41283	28	1633	963	964
68336	28	4831	963	964
56623	28	669	963	964
46892	28	1577	963	964
105834	28	2411	963	964
14830	28	92	963	964
14999	28	1286	963	964
27866	28	783	963	964
19016	28	104	963	964
12862	28	3172	963	964
89813	28	1907	963	964
32119	28	940	963	964
53862	28	1060	963	964
45448	28	2997	963	964
27781	28	1283	963	964
8605	28	2026	963	964
65670	28	2394	963	964
75839	28	715	963	964
11308	28	73	963	964
11350	28	621	963	964
20756	28	19	963	964
8808	28	134	963	964
31421	28	474	963	964
47715	28	485	963	964
21084	28	1027	963	964
20578	28	99	963	964
46123	28	536	963	964
105986	28	6080	963	964
53797	28	3788	963	964
88785	28	2802	963	964
91813	28	3385	963	964
45012	28	1993	963	964
31513	28	1833	963	964
68451	28	51	963	964
96156	28	1414	963	964
91824	28	2532	963	964
22875	28	56841	963	964
32142	28	3793	963	964
7722	28	773	963	964
27416	28	1329	963	964
13660	28	131	963	964
25176	28	625	963	964
26419	28	486	963	964
10355	28	2458	963	964
75358	28	3439	963	964
106085	28	1084	963	964
67295	28	1158	963	964
103171	28	2184	963	964
54881	28	6224	963	964
70696	28	1074	963	964
104370	28	2151	963	964
24107	28	139	963	964
54873	28	1416	963	964
78269	28	1527	963	964
22917	28	2158	963	964
5610	28	607	963	964
18540	28	642	963	964
104795	28	2011	963	964
21862	28	4942	963	964
55233	28	4155	963	964
11081	28	333	963	964
21169	28	51	963	964
43546	28	1813	963	964
24162	28	28	963	964
7107	28	369	963	964
42819	28	900	963	964
91972	28	318	963	964
13822	28	560	963	964
49404	28	3414	963	964
122531	28	3688	963	964
74324	28	948	963	964
27250	28	2255	963	964
22452	28	310	963	964
11077	28	523	963	964
91730	28	17987	963	964
73663	28	8823	963	964
16057	28	160	963	964
26741	28	214	963	964
20132	28	369	963	964
34789	28	1416	963	964
117039	28	1825	963	964
35310	28	327	963	964
79609	28	5089	963	964
62496	28	8809	963	964
37392	28	757	963	964
106423	28	357	963	964
12924	28	205	963	964
79625	28	1083	963	964
31512	28	986	963	964
23752	28	6476	963	964
11093	28	28	963	964
19563	28	877	963	964
27817	28	891	963	964
26797	28	434	963	964
75105	28	5612	963	964
66541	28	18266	963	964
15397	28	1088	963	964
17690	28	42	963	964
49802	28	7345	963	964
65425	28	850	963	964
14128	28	1027	963	964
12980	28	280	963	964
9159	28	233	963	964
66032	28	2040	963	964
8620	28	4620	963	964
43993	28	996	963	964
9774	28	985	963	964
42843	28	432	963	964
86289	28	8955	963	964
15668	28	718	963	964
8342	28	73	963	964
16346	28	1081	963	964
21433	28	120	963	964
89639	28	4328	963	964
119431	28	837	963	964
20563	28	140	963	964
31463	28	2708	963	964
11960	28	153	963	964
16383	28	648	963	964
13207	28	159	963	964
59218	28	1965	963	964
68489	28	4767	963	964
13063	28	1998	963	964
47254	28	1147	963	964
10623	28	401	963	964
37231	28	496	963	964
12907	28	9362	963	964
10265	28	526	963	964
54164	28	1096	963	964
92385	28	927	963	964
137380	28	2968	963	964
11333	28	370	963	964
62494	28	1666	963	964
13154	28	126	963	964
13280	28	3995	963	964
17320	28	811	963	964
22638	28	3242	963	964
52413	28	1255	963	964
64429	28	10596	963	964
48752	28	786	963	964
61889	28	4200	963	964
17366	28	1562	963	964
23889	28	560	963	964
35831	28	100	963	964
99810	28	1269	963	964
117707	28	557	963	964
13150	28	1234	963	964
68265	28	2412	963	964
79976	28	8282	963	964
18143	28	482	963	964
51108	28	210	963	964
16705	28	478	963	964
53749	28	175	963	964
74483	28	3206	963	964
32578	28	8006	963	964
9240	28	5650	963	964
89481	28	16320	963	964
37419	28	1314	963	964
23225	28	1389	963	964
141251	28	4249	963	964
27343	28	295	963	964
6116	28	147	963	964
8231	28	1122	963	964
87954	28	1255	963	964
50932	28	5107	963	964
107058	28	3574	963	964
78388	28	9811	963	964
21764	28	1084	963	964
20823	28	83	963	964
13667	28	757	963	964
36337	28	179	963	964
14516	28	23	963	964
123472	28	1124	963	964
37004	28	1232	963	964
19004	28	2353	963	964
92647	28	605	963	964
9918	28	88	963	964
55815	28	883	963	964
47424	28	1655	963	964
43730	28	2517	963	964
89050	28	1066	963	964
44175	28	2798	963	964
12698	28	1850	963	964
15099	28	369	963	964
16104	28	319	963	964
48684	28	1269	963	964
12972	28	905	963	964
96390	28	1196	963	964
18238	28	911	963	964
99997	28	2759	963	964
27728	28	558	963	964
22083	28	3378	963	964
50145	28	10676	963	964
11032	28	72	963	964
5272	28	1731	963	964
8741	28	451	963	964
14478	28	1131	963	964
23800	28	1598	963	964
85863	28	3109	963	964
10402	28	690	963	964
26874	28	416	963	964
12847	28	781	963	964
51246	28	366	963	964
48805	28	960	963	964
14992	28	1147	963	964
55495	28	198	963	964
55454	28	2189	963	964
9271	28	504	963	964
72973	28	1218	963	964
75464	28	1275	963	964
92192	28	5089	963	964
50348	28	401	963	964
24323	28	1670	963	964
10182	28	504	963	964
10856	28	894	963	964
30807	28	118	963	964
18748	28	1751	963	964
22780	28	478	963	964
26883	28	743	963	964
106932	28	92894	963	964
35521	28	1092	963	964
32999	28	1041	963	964
43076	28	1389	963	964
59220	28	1410	963	964
37128	28	2353	963	964
6105	28	49	963	964
30989	28	1116	963	964
16823	28	1142	963	964
68320	28	2592	963	964
8201	28	122	963	964
143009	28	2105	963	964
63788	28	1824	963	964
58268	28	1390	963	964
44193	28	1137	963	964
11921	28	2649	963	964
69253	28	2418	963	964
143070	28	56081	963	964
9447	28	805	963	964
15223	28	1836	963	964
37671	28	751	963	964
34587	28	556	963	964
38883	28	2058	963	964
64565	28	1672	963	964
22122	28	1067	963	964
11478	28	691	963	964
16880	28	1032	963	964
45432	28	134	963	964
6457	28	58	963	964
79744	28	927	963	964
6500	28	100	963	964
57647	28	1311	963	964
36452	28	482	963	964
12956	28	524	963	964
19940	28	1762	963	964
61935	28	1728	963	964
90894	28	1980	963	964
30822	28	1005	963	964
92638	28	9509	963	964
83979	28	6528	963	964
10073	28	3288	963	964
55195	28	263	963	964
86618	28	439	963	964
38323	28	821	963	964
59484	28	1325	963	964
50497	28	462	963	964
37529	28	1317	963	964
61738	28	351	963	964
44968	28	2292	963	964
54430	28	1614	963	964
68324	28	2151	963	964
93206	28	6376	963	964
46112	28	18621	963	964
79762	28	3642	963	964
17444	28	44	963	964
53256	28	2007	963	964
31253	28	241	963	964
10602	28	565	963	964
19511	28	364	963	964
7048	28	1034	963	964
83222	28	1617	963	964
95869	28	107199	963	964
48968	28	462	963	964
67790	28	666	963	964
59331	28	571	963	964
80605	28	1690	963	964
80306	28	2158	963	964
28709	28	482	963	964
27979	28	53	963	964
143611	28	1811	963	964
165422	28	3414	963	964
7166	28	693	963	964
13253	28	1650	963	964
16343	28	715	963	964
26545	28	750	963	964
10665	28	434	963	964
46737	28	1364	963	964
27781	28	3058	963	964
51489	28	131	963	964
93353	28	888	963	964
29998	28	178	963	964
25741	28	972	963	964
58821	28	357	963	964
12406	28	3674	963	964
43045	28	2114	963	964
143714	28	238	963	964
33979	28	839	963	964
25416	28	890	963	964
52540	28	716	963	964
75291	28	5459	963	964
21671	28	2607	963	964
9309	28	186	963	964
93448	28	478	963	964
44414	28	620	963	964
8258	28	175	963	964
54084	28	4579	963	964
22186	28	1577	963	964
13886	28	1078	963	964
58037	28	617	963	964
59794	28	551	963	964
92923	28	250	963	964
52464	28	2302	963	964
15203	28	257	963	964
75260	28	4268	963	964
33144	28	1363	963	964
47176	28	5355	963	964
31374	28	478	963	964
11924	28	72	963	964
52614	28	568	963	964
69210	28	201	963	964
19305	28	82	963	964
69546	28	313	963	964
30190	28	4594	963	964
50942	28	499	963	964
13527	28	4135	963	964
13840	28	891	963	964
60705	28	910	963	964
63402	28	5089	963	964
75918	28	580	963	964
13474	28	9941	963	964
28744	28	778	963	964
93562	28	565	963	964
8380	28	1635	963	964
56093	28	552	963	964
93571	28	1031	963	964
48934	28	49988	963	964
85363	28	1220	963	964
43998	28	30827	963	964
22642	28	1382	963	964
71094	28	36628	963	964
34243	28	2598	963	964
63642	28	4272	963	964
9351	28	23	963	964
80530	28	1020	963	964
56488	28	2904	963	964
125088	28	439	963	964
44330	28	66	963	964
26524	28	482	963	964
56972	28	1830	963	964
16390	28	2399	963	964
48903	28	816	963	964
12593	28	104	963	964
40693	28	559	963	964
9188	28	811	963	964
13981	28	474	963	964
7014	28	922	963	964
68292	28	1795	963	964
12691	28	909	963	964
27813	28	3139	963	964
11591	28	503	963	964
107957	28	753	963	964
143828	28	2569	963	964
53301	28	2426	963	964
7800	28	620	963	964
80940	28	430	963	964
65786	28	5247	963	964
15477	28	758	963	964
99225	28	3949	963	964
66124	28	3242	963	964
116311	28	2282	963	964
11406	28	1158	963	964
10245	28	40	963	964
43947	28	9631	963	964
84244	28	3416	963	964
30340	28	4384	963	964
46503	28	911	963	964
91415	28	1074	963	964
80403	28	1290	963	964
46709	28	240	963	964
16956	28	4031	963	964
23603	28	244	963	964
125367	28	6076	963	964
144016	28	19484	963	964
28953	28	2072	963	964
12024	28	2065	963	964
125388	28	41	963	964
56410	28	52273	963	964
12431	28	174	963	964
32929	28	668	963	964
79562	28	3242	963	964
7320	28	73	963	964
49972	28	5798	963	964
20088	28	256	963	964
51447	28	1965	963	964
81033	28	1730	963	964
22813	28	57	963	964
30894	28	1078	963	964
93429	28	69730	963	964
15408	28	202	963	964
85171	28	634	963	964
8979	28	988	963	964
15908	28	38	963	964
144774	28	386	963	964
9231	28	80	963	964
23431	28	829	963	964
38121	28	238	963	964
10840	28	1295	963	964
108768	28	1598	963	964
17492	28	1061	963	964
9428	28	1374	963	964
54505	28	1850	963	964
20226	28	355	963	964
26685	28	38019	963	964
41851	28	408	963	964
10911	28	139	963	964
18650	28	2072	963	964
6042	28	1778	963	964
9002	28	4179	963	964
27893	28	1129	963	964
38467	28	171	963	964
40504	28	3078	963	964
44413	28	350	963	964
48251	28	4649	963	964
144015	28	3439	963	964
28390	28	498	963	964
125710	28	1345	963	964
26561	28	22476	963	964
61906	28	3959	963	964
23701	28	1541	963	964
23040	28	64627	963	964
11712	28	791	963	964
32236	28	498	963	964
7078	28	310	963	964
102886	28	1269	963	964
37265	28	363	963	964
96204	28	2278	963	964
26437	28	16	963	964
42295	28	1053	963	964
93587	28	1317	963	964
27014	28	7072	963	964
9199	28	632	963	964
12530	28	503	963	964
72315	28	2242	963	964
74746	28	1527	963	964
21329	28	1426	963	964
42341	28	1137	963	964
18881	28	482	963	964
27906	28	235	963	964
54737	28	259	963	964
37971	28	199	963	964
27480	28	973	963	964
49393	28	232	963	964
28301	28	634	963	964
52491	28	7345	963	964
58492	28	259	963	964
101915	28	3319	963	964
37127	28	1749	963	964
13262	28	552	963	964
59607	28	1007	963	964
53694	28	1779	963	964
11079	28	46	963	964
5727	28	4179	963	964
49901	14	5376	963	964
118531	28	2113	963	964
8969	28	1020	963	964
44430	28	391	963	964
9237	28	1664	963	964
10979	28	841	963	964
5332	28	133	963	964
34381	28	1115	963	964
62816	28	2336	963	964
10330	28	28	963	964
63692	28	3938	963	964
59318	28	1788	963	964
14542	28	67	963	964
21589	28	9941	963	964
131670	28	5180	963	964
58323	28	1508	963	964
24213	28	451	963	964
97257	28	2192	963	964
10111	28	201	963	964
23216	28	1669	963	964
30823	28	1896	963	964
6214	28	250	963	964
92425	28	2353	963	964
109170	28	17698	963	964
81303	28	1978	963	964
94253	28	2539	963	964
39361	28	1293	963	964
100955	28	4268	963	964
105460	28	3726	963	964
18203	28	13492	963	964
43615	28	16413	963	964
7237	28	272	963	964
9670	28	1488	963	964
12905	28	555	963	964
14310	28	1483	963	964
84463	28	1460	963	964
86443	28	1074	963	964
39670	28	253	963	964
28768	28	794	963	964
14009	28	1123	963	964
32885	28	920	963	964
33057	28	232	963	964
15433	28	37	963	964
17308	28	168	963	964
126237	28	722	963	964
17832	28	1442	963	964
8170	28	1639	963	964
58084	28	680	963	964
16749	28	36	963	964
65631	28	210	963	964
58228	28	1998	963	964
20574	28	1136	963	964
47784	28	354	963	964
96699	28	2583	963	964
79237	28	4971	963	964
41606	28	145	963	964
104206	28	1410	963	964
47744	28	1416	963	964
22085	28	742	963	964
39164	28	68013	963	964
101534	28	5793	963	964
65003	28	132	963	964
42238	28	791	963	964
104120	28	1394	963	964
7645	28	675	963	964
115734	28	4898	963	964
25717	28	307	963	964
12762	28	554	963	964
15437	28	2196	963	964
11686	28	88	963	964
28479	28	1399	963	964
12674	28	1011	963	964
17148	28	1154	963	964
30851	28	1011	963	964
12514	28	178	963	964
64180	28	1080	963	964
18860	28	2147	963	964
27496	28	1305	963	964
12397	28	872	963	964
90341	28	565	963	964
109409	28	2152	963	964
10330	28	82	963	964
25160	28	232	963	964
28918	28	110	963	964
56413	28	1098	963	964
10383	28	811	963	964
31112	28	139	963	964
89351	28	6177	963	964
52769	28	4308	963	964
12606	28	985	963	964
87457	28	3132	963	964
51120	28	1611	963	964
126521	28	3323	963	964
6636	28	1712	963	964
10157	28	903	963	964
11540	28	1026	963	964
81443	28	1483	963	964
30816	28	699	963	964
119945	28	2724	963	964
68468	28	882	963	964
9313	28	973	963	964
45967	28	1806	963	964
101964	28	1512	963	964
29897	28	169	963	964
65663	28	659	963	964
28565	28	214	963	964
70015	28	146220	963	964
40146	28	1074	963	964
81461	28	1098	963	964
108018	28	565	963	964
38979	28	1426	963	964
54840	28	401	963	964
62398	28	2897	963	964
41750	28	532	963	964
18188	28	289	963	964
22863	28	1404	963	964
82281	28	462	963	964
31255	28	2545	963	964
68416	28	659	963	964
53061	28	1299	963	964
12411	28	23	963	964
22500	28	846	963	964
101979	28	1664	963	964
94559	28	1530	963	964
107136	28	634	963	964
94567	28	2807	963	964
17180	28	3914	963	964
76171	28	5481	963	964
126222	28	1031	963	964
20509	28	647	963	964
47970	28	612	963	964
11539	28	672	963	964
11608	28	1055	963	964
106435	28	857	963	964
12064	28	2607	963	964
59443	28	1120	963	964
9051	28	395	963	964
57690	28	1995	963	964
21036	28	780	963	964
11101	28	757	963	964
55406	28	4308	963	964
70755	28	1262	963	964
88797	28	530	963	964
44258	28	486	963	964
28303	28	745	963	964
22137	28	1084	963	964
12864	28	607	963	964
105452	28	1239	963	964
80445	28	45239	963	964
26640	28	1998	963	964
126881	28	6564	963	964
10082	28	1488	963	964
24084	28	1624	963	964
76244	28	992	963	964
10234	28	908	963	964
73537	28	2539	963	964
64848	28	897	963	964
9898	28	2166	963	964
80343	28	1896	963	964
120067	28	2054	963	964
12700	28	1231	963	964
92246	28	1152	963	964
88720	28	3058	963	964
18977	28	897	963	964
8424	28	419	963	964
90687	28	2522	963	964
32593	28	580	963	964
10801	28	325	963	964
30365	28	434	963	964
79012	28	1640	963	964
77097	28	553	963	964
19679	28	624	963	964
13803	28	298	963	964
15437	28	413	963	964
46681	28	7370	963	964
90872	28	3002	963	964
23110	28	2353	963	964
16985	28	2373	963	964
127005	28	56987	963	964
146756	28	2147	963	964
13754	28	64	963	964
20165	28	515	963	964
19366	28	142	963	964
73860	28	62675	963	964
38275	28	1232	963	964
93857	28	2724	963	964
40343	28	5481	963	964
52744	28	1562	963	964
7376	28	47	963	964
12049	28	553	963	964
36448	28	1608	963	964
18717	28	2197	963	964
44317	28	597	963	964
45454	28	1461	963	964
27585	28	1023	963	964
7236	28	88	963	964
16041	28	4976	963	964
101541	28	4865	963	964
6990	28	528	963	964
15277	28	477	963	964
31761	28	461	963	964
38923	28	897	963	964
34711	28	266	963	964
79322	28	4269	963	964
31401	28	2994	963	964
8507	28	1850	963	964
93252	28	1527	963	964
20970	28	1659	963	964
54259	28	925	963	964
76970	28	7268	963	964
81386	28	3387	963	964
4985	28	1483	963	964
34097	28	2292	963	964
76426	28	1652	963	964
57008	28	9631	963	964
94760	28	2835	963	964
31460	28	496	963	964
21511	28	174	963	964
10088	28	78	963	964
35890	28	354	963	964
94772	28	647	963	964
90835	28	1614	963	964
18094	28	5795	963	964
36672	28	580	963	964
43999	28	3939	963	964
42643	28	614	963	964
30997	28	5971	963	964
44801	28	1020	963	964
17333	28	1131	963	964
169371	28	570	963	964
92053	28	4474	963	964
8187	28	909	963	964
25245	28	109	963	964
12201	28	191	963	964
80569	28	2840	963	964
35755	28	821	963	964
46153	28	1234	963	964
14272	28	2199	963	964
5625	28	47	963	964
44389	28	54	963	964
21720	28	1803	963	964
57803	28	5755	963	964
19575	28	897	963	964
11166	28	53	963	964
32081	28	504	963	964
108795	28	5459	963	964
88110	28	5047	963	964
19618	28	841	963	964
16336	28	578	963	964
9749	28	24331	963	964
24619	28	103	963	964
33371	28	1032	963	964
53337	28	2180	963	964
37693	28	8165	963	964
107768	28	77775	963	964
21160	28	1867	963	964
76009	28	3688	963	964
49330	28	1693	963	964
24616	28	676	963	964
6239	28	1234	963	964
13184	28	900	963	964
38224	28	587	963	964
65919	28	1598	963	964
13680	28	829	963	964
17758	28	1162	963	964
63623	28	1331	963	964
40957	28	1651	963	964
24026	28	5795	963	964
81186	28	1544	963	964
127449	28	1794	963	964
13517	28	814	963	964
34089	28	2545	963	964
90339	28	4121	963	964
147416	28	319	963	964
31585	28	548	963	964
21091	28	2423	963	964
80686	28	3221	963	964
7872	28	161	963	964
62106	28	416	963	964
31326	28	36	963	964
127495	28	400	963	964
14340	28	186	963	964
27327	28	2197	963	964
52123	28	5153	963	964
32150	28	474	963	964
72187	28	2060	963	964
114275	28	32976	963	964
75928	28	3678	963	964
73198	28	462	963	964
104667	28	1404	963	964
115760	28	273	963	964
85380	28	926	963	964
65613	28	17491	963	964
80960	28	1660	963	964
23759	28	5283	963	964
89267	28	2607	963	964
38868	28	1950	963	964
9789	28	803	963	964
77229	28	1442	963	964
4842	28	551	963	964
27146	28	1325	963	964
12708	28	1036	963	964
30399	28	203	963	964
12419	28	1811	963	964
29407	28	770	963	964
9181	28	2347	963	964
32182	28	2517	963	964
23814	28	1154	963	964
15954	28	419	963	964
44445	28	1081	963	964
69579	28	15969	963	964
30066	28	2197	963	964
61013	28	659	963	964
54811	28	449	963	964
103805	28	8459	963	964
108364	28	2712	963	964
75507	28	4885	963	964
20701	28	1693	963	964
14234	28	166	963	964
105415	28	905	963	964
86415	28	49218	963	964
24442	28	482	963	964
51964	28	3387	963	964
68652	28	1145	963	964
75932	28	1142	963	964
61016	28	321	963	964
26558	28	303	963	964
32304	28	1879	963	964
67322	28	530	963	964
114719	28	1060	963	964
19225	28	1461	963	964
19312	28	504	963	964
64563	28	1332	963	964
50187	28	16	963	964
9543	28	1116	963	964
85860	28	4227	963	964
71040	28	1364	963	964
23805	28	203	963	964
23497	28	147	963	964
14266	28	1011	963	964
62872	28	1672	963	964
42279	28	617	963	964
106059	28	1442	963	964
46747	28	1762	963	964
44507	28	610	963	964
7180	28	355	963	964
29142	28	1098	963	964
55024	28	228	963	964
12613	28	994	963	964
7669	28	19	963	964
127933	28	1096	963	964
8053	28	612	963	964
86289	28	525	963	964
48376	28	12054	963	964
19820	28	2458	963	964
28607	28	104	963	964
30628	28	1527	963	964
35155	28	88	963	964
14020	28	1331	963	964
69292	28	904	963	964
36668	28	233	963	964
54908	28	2040	963	964
82782	28	55311	963	964
94874	28	2426	963	964
64604	28	1374	963	964
24082	28	5855	963	964
43023	28	395	963	964
61389	28	2528	963	964
17286	28	4745	963	964
10573	28	1762	963	964
62556	28	1868	963	964
30926	28	4533	963	964
56569	28	1412	963	964
11618	28	1097	963	964
30765	28	555	963	964
12612	28	1091	963	964
71717	28	1557	963	964
12078	28	451	963	964
84097	28	2923	963	964
59746	28	1811	963	964
21291	28	1408	963	964
50843	28	1027	963	964
148326	28	2724	963	964
8200	28	2884	963	964
61279	28	3739	963	964
49136	28	318	963	964
83539	28	3435	963	964
20902	28	883	963	964
51262	28	244	963	964
11423	28	174	963	964
5645	28	16	963	964
72156	28	1822	963	964
5452	28	1931	963	964
122365	28	5547	963	964
13728	28	2319	963	964
23917	28	610	963	964
24582	28	1456	963	964
92444	28	7051	963	964
53166	28	1951	963	964
109184	28	1047	963	964
95052	28	3700	963	964
12403	28	597	963	964
95999	28	2199	963	964
7845	28	1744	963	964
21649	28	616	963	964
19548	28	608	963	964
40483	28	846	963	964
51517	28	715	963	964
20021	28	47	963	964
72304	28	2218	963	964
45880	28	344	963	964
94833	28	3002	963	964
6445	28	2197	963	964
21754	28	1115	963	964
20494	28	1034	963	964
22626	28	2597	963	964
71837	28	44	963	964
59754	28	1025	963	964
11764	28	629	963	964
69748	28	439	963	964
59703	28	1635	963	964
65840	28	2151	963	964
25158	28	1766	963	964
18135	28	1234	963	964
37543	28	971	963	964
13948	28	529	963	964
73990	28	14347	963	964
11078	28	277	963	964
94166	28	527	963	964
110609	28	1230	963	964
9375	28	1208	963	964
95145	28	1319	963	964
21368	28	12359	963	964
13311	28	1600	963	964
13616	28	8955	963	964
27908	28	222	963	964
19150	28	980	963	964
10427	28	1506	963	964
12786	28	6822	963	964
126093	28	2798	963	964
84682	28	883	963	964
18478	28	617	963	964
33084	28	6204	963	964
27357	28	254	963	964
10822	28	132	963	964
17802	28	760	963	964
110671	28	10888	963	964
93892	28	7612	963	964
7748	28	1508	963	964
65248	28	37868	963	964
17731	28	828	963	964
65182	28	2338	963	964
59915	28	7612	963	964
47107	28	580	963	964
41866	28	434	963	964
33746	28	366	963	964
28584	28	1011	963	964
19917	28	4990	963	964
91890	28	3765	963	964
100344	28	45	963	964
12385	28	681	963	964
12063	28	295	963	964
40731	28	232	963	964
20843	28	811	963	964
62335	28	22005	963	964
93112	28	623	963	964
44409	28	2197	963	964
80847	28	6584	963	964
128489	28	5044	963	964
35904	28	134	963	964
23766	28	1018	963	964
108985	28	9191	963	964
53128	28	1690	963	964
28148	28	718	963	964
17252	28	1693	963	964
33328	28	41389	963	964
21573	28	793	963	964
49174	28	1484	963	964
28557	28	1268	963	964
40148	28	1339	963	964
19278	28	2422	963	964
27802	28	184	963	964
81254	28	3174	963	964
33255	28	2286	963	964
20110	28	984	963	964
103100	28	95	963	964
16557	28	1053	963	964
17949	28	2011	963	964
7053	28	2688	963	964
20440	28	716	963	964
28632	28	1234	963	964
14157	28	42	963	964
29527	28	897	963	964
21469	28	1124	963	964
51447	28	2185	963	964
69294	28	454	963	964
18465	28	1467	963	964
25030	28	3353	963	964
41429	28	2712	963	964
110830	28	1709	963	964
9938	28	1340	963	964
109383	28	234	963	964
69721	28	422	963	964
45423	28	293	963	964
13493	28	351	963	964
6613	28	53	963	964
21045	28	2026	963	964
15643	28	277	963	964
47663	28	36628	963	964
67465	28	905	963	964
5716	28	433	963	964
15722	28	1293	963	964
9053	28	1762	963	964
8191	28	811	963	964
14990	28	502	963	964
44423	28	1012	963	964
23977	28	298	963	964
22303	28	2196	963	964
62825	28	1544	963	964
51420	28	3033	963	964
30384	28	1152	963	964
21580	28	527	963	964
66795	28	2126	963	964
41540	28	496	963	964
38318	28	1069	963	964
10637	28	406	963	964
70119	28	1314	963	964
16758	28	681	963	964
73571	28	1963	963	964
10928	28	461	963	964
11100	28	169	963	964
11509	28	942	963	964
87149	28	1677	963	964
68451	28	2026	963	964
23532	28	99	963	964
56060	28	2544	963	964
7075	28	61	963	964
16995	28	1458	963	964
89534	28	1074	963	964
46153	28	45	963	964
41016	28	211	963	964
122988	28	1998	963	964
16706	28	621	963	964
11181	28	1127	963	964
63142	28	1801	963	964
30414	28	10777	963	964
41563	28	1464	963	964
42246	28	13412	963	964
56693	28	1434	963	964
52068	28	825	963	964
23442	28	1567	963	964
114298	28	6053	963	964
8486	28	72	963	964
75677	28	1092	963	964
65257	28	459	963	964
31464	28	160	963	964
26816	28	787	963	964
26537	28	46	963	964
7568	28	1289	963	964
15255	28	1461	963	964
62402	28	4185	963	964
90644	28	1060	963	964
33603	28	1505	963	964
26445	28	503	963	964
82653	28	1501	963	964
92059	28	1074	963	964
18123	28	725	963	964
13646	28	925	963	964
16191	28	142	963	964
37530	28	2798	963	964
7105	28	369	963	964
33172	28	2003	963	964
41968	28	653	963	964
76119	28	973	963	964
51319	28	696	963	964
48759	28	1777	963	964
66286	28	371	963	964
13828	28	169	963	964
53006	28	315	963	964
35426	28	3979	963	964
32397	28	3959	963	964
58873	28	66583	963	964
26081	28	933	963	964
90614	28	35357	963	964
123975	28	2011	963	964
74177	28	5089	963	964
55333	28	890	963	964
32975	28	506	963	964
28076	28	8397	963	964
33000	28	69644	963	964
62194	28	2398	963	964
32263	28	1833	963	964
18260	28	911	963	964
107020	28	462	963	964
13248	28	266	963	964
77806	28	1137	963	964
5324	28	791	963	964
92441	28	462	963	964
53991	28	203	963	964
41161	28	321	963	964
54469	28	478	963	964
16846	28	110	963	964
10216	28	24268	963	964
16272	28	405	963	964
95212	28	120	963	964
4848	28	597	963	964
15044	28	552	963	964
106356	28	792	963	964
27132	28	2104	963	964
27911	28	155	963	964
19063	28	1722	963	964
33199	28	630	963	964
27236	28	119	963	964
25817	28	492	963	964
28502	28	38	963	964
14174	28	612	963	964
38416	28	1541	963	964
93175	28	1860	963	964
15491	28	30	963	964
44697	28	2045	963	964
65012	28	864	963	964
93242	28	2196	963	964
13504	28	1998	963	964
87261	28	31764	963	964
54700	28	2052	963	964
28757	28	379	963	964
9436	28	476	963	964
98518	28	19113	963	964
8652	28	1080	963	964
37245	28	1883	963	964
41765	28	2373	963	964
27096	28	203	963	964
18035	28	965	963	964
12671	28	1358	963	964
67331	28	1411	963	964
68263	28	345	963	964
94753	28	1672	963	964
116413	28	238	963	964
8294	28	391	963	964
63435	28	1155	963	964
16850	28	451	963	964
88237	28	1027	963	964
82029	28	1700	963	964
68884	28	4340	963	964
69286	28	17986	963	964
25983	28	191	963	964
16887	28	51662	963	964
24754	28	5283	963	964
25487	28	6497	963	964
6545	28	232	963	964
57826	28	1514	963	964
19957	28	175	963	964
10582	28	410	963	964
24242	28	575	963	964
87354	28	4083	963	964
58765	28	1339	963	964
89517	28	1796	963	964
21258	28	490	963	964
40666	28	1400	963	964
95494	28	32976	963	964
60084	28	857	963	964
89784	28	1652	963	964
94904	28	848	963	964
14062	28	47	963	964
50100	28	2649	963	964
101327	28	1421	963	964
7625	28	629	963	964
44982	28	44	963	964
44317	28	41	963	964
78193	28	2113	963	964
12564	28	7425	963	964
54558	28	462	963	964
16352	28	337	963	964
51909	28	1811	963	964
14019	28	179	963	964
66998	28	81	963	964
97626	28	16747	963	964
21945	28	502	963	964
55517	28	536	963	964
36811	28	504	963	964
22314	28	597	963	964
65193	28	2485	963	964
82060	28	179	963	964
20474	28	1058	963	964
17504	28	482	963	964
107751	28	1403	963	964
98997	28	2040	963	964
46510	28	4328	963	964
121551	28	3195	963	964
9687	28	401	963	964
21601	28	3938	963	964
14189	28	238	963	964
11131	28	114	963	964
36521	28	391	963	964
115023	28	519	963	964
21985	28	2970	963	964
12241	28	407	963	964
110766	28	1803	963	964
38025	28	112	963	964
95525	28	1643	963	964
19628	28	57	963	964
129539	28	30476	963	964
92502	28	2040	963	964
23384	28	1142	963	964
109285	28	905	963	964
45154	28	380	963	964
81600	28	210	963	964
10967	28	298	963	964
23027	28	250	963	964
74355	28	4018	963	964
7416	28	1432	963	964
8091	28	691	963	964
28588	28	610	963	964
21603	28	445	963	964
129110	28	273	963	964
14006	28	8955	963	964
83108	28	617	963	964
51869	28	143	963	964
78000	28	2532	963	964
47438	28	1053	963	964
46458	28	1431	963	964
86329	28	69730	963	964
50192	28	1249	963	964
38360	28	6359	963	964
19393	28	910	963	964
7365	28	554	963	964
22636	28	311	963	964
17911	28	1634	963	964
69313	28	1651	963	964
126659	28	10438	963	964
86979	28	653	963	964
44102	28	292	963	964
38459	28	139	963	964
13648	28	642	963	964
39731	28	2607	963	964
34034	28	3118	963	964
107245	28	489	963	964
27680	28	2564	963	964
32243	28	791	963	964
22104	28	617	963	964
61965	28	616	963	964
23819	28	486	963	964
19722	28	1158	963	964
11303	28	311	963	964
88190	28	4533	963	964
42003	28	1317	963	964
47430	28	5740	963	964
13572	28	531	963	964
97096	28	2058	963	964
20934	28	580	963	964
23866	28	3038	963	964
107556	28	415	963	964
9239	28	179	963	964
27483	28	3422	963	964
64514	28	857	963	964
64793	28	793	963	964
67496	28	571	963	964
12623	28	69	963	964
48935	28	1868	963	964
65055	28	1238	963	964
8271	28	1766	963	964
26007	28	9941	963	964
75658	28	532	963	964
15368	28	419	963	964
37071	28	462	963	964
18212	28	1147	963	964
38235	28	1830	963	964
40253	28	1098	963	964
78222	28	933	963	964
26108	28	1570	963	964
21712	28	1110	963	964
110222	28	2197	963	964
20598	28	14190	963	964
11260	28	996	963	964
8258	28	109	963	964
8123	28	597	963	964
39883	28	1258	963	964
33042	28	914	963	964
69547	28	4866	963	964
24379	28	1529	963	964
18153	28	1875	963	964
175103	28	860	963	964
32925	28	20481	963	964
21554	28	142	963	964
40992	28	1196	963	964
98362	28	962	963	964
10705	28	13770	963	964
37357	28	1030	963	964
39793	28	1860	963	964
33006	28	629	963	964
69294	28	1096	963	964
25364	28	1253	963	964
77053	28	1002	963	964
57422	28	2338	963	964
25139	28	1092	963	964
30569	28	123	963	964
11008	28	3242	963	964
124099	28	2242	963	964
38877	28	318	963	964
33886	28	74	963	964
81970	28	1177	963	964
14233	28	286	963	964
94117	28	3387	963	964
51484	28	1061	963	964
80484	28	3125	963	964
88161	28	669	963	964
7795	28	723	963	964
35155	28	36	963	964
86533	28	1084	963	964
101235	28	848	963	964
15902	28	175	963	964
29257	28	434	963	964
128285	28	7654	963	964
6995	28	27	963	964
67168	28	1698	963	964
105799	28	17438	963	964
50904	28	1600	963	964
7616	28	1257	963	964
24522	28	799	963	964
42937	28	3429	963	964
27272	28	378	963	964
60164	28	1332	963	964
9052	28	529	963	964
22150	28	2125	963	964
25940	28	911	963	964
13372	28	3080	963	964
11899	28	3221	963	964
12603	28	1333	963	964
22743	28	905	963	964
34793	28	256	963	964
45351	28	1595	963	964
11984	28	434	963	964
61514	28	659	963	964
91709	28	2391	963	964
45373	28	1018	963	964
7456	28	433	963	964
14642	28	647	963	964
78521	28	1327	963	964
75730	28	4724	963	964
59266	28	45	963	964
88000	28	3373	963	964
74885	28	1266	963	964
60575	28	1435	963	964
8941	28	920	963	964
9287	28	900	963	964
24241	28	2189	963	964
65401	28	2347	963	964
33812	28	1078	963	964
22436	28	13676	963	964
38822	28	5469	963	964
12390	28	433	963	964
68694	28	2218	963	964
29501	28	1356	963	964
52913	28	28	963	964
20252	28	753	963	964
51079	28	3786	963	964
128180	28	1617	963	964
49691	28	1080	963	964
81317	28	6994	963	964
24557	28	609	963	964
12399	28	702	963	964
95835	28	2532	963	964
7835	28	2853	963	964
80730	28	5283	963	964
52857	28	957	963	964
84170	28	4083	963	964
7143	28	635	963	964
59640	28	797	963	964
5491	28	1354	963	964
15038	28	42	963	964
43032	28	1691	963	964
73595	28	1295	963	964
10206	28	1334	963	964
9950	28	239	963	964
49790	28	333	963	964
27830	28	900	963	964
62668	28	1965	963	964
106783	28	18707	963	964
123055	28	565	963	964
31404	28	996	963	964
67849	28	278	963	964
84226	28	1725	963	964
11005	28	45	963	964
27303	28	331	963	964
68228	28	1120	963	964
102196	28	1110	963	964
12188	28	1222	963	964
34188	28	7345	963	964
108785	28	7425	963	964
8494	28	629	963	964
67425	28	22160	963	964
63878	28	486	963	964
43822	28	9509	963	964
32012	28	617	963	964
94364	28	1142	963	964
68441	28	13143	963	964
84815	28	1567	963	964
75462	28	34282	963	964
22783	28	2053	963	964
54945	28	2276	963	964
31488	28	18266	963	964
97756	28	2724	963	964
15522	28	107	963	964
76077	28	31796	963	964
15767	28	398	963	964
71200	28	6476	963	964
71264	28	12755	963	964
79602	28	2653	963	964
6211	28	693	963	964
77197	28	7425	963	964
49865	28	5481	963	964
32256	28	6564	963	964
49815	28	1161	963	964
17735	28	909	963	964
26025	28	199	963	964
27207	28	967	963	964
101750	28	2692	963	964
15611	28	401	963	964
61681	28	16413	963	964
77503	28	2218	963	964
29607	28	2334	963	964
12412	28	2544	963	964
12333	28	1014	963	964
14728	28	188	963	964
39267	28	1407	963	964
32661	28	1136	963	964
33731	28	1136	963	964
17703	28	4235	963	964
31140	28	442	963	964
17843	28	6564	963	964
80776	28	3092	963	964
92350	28	1216	963	964
32195	28	881	963	964
48886	28	416	963	964
6546	28	332	963	964
55391	28	213	963	964
16793	28	565	963	964
88354	28	39801	963	964
38430	28	903	963	964
18701	28	725	963	964
20669	28	1115	963	964
89980	28	2060	963	964
59693	28	1148	963	964
24642	28	1116	963	964
70311	28	1380	963	964
43598	28	905	963	964
152469	28	1731	963	964
28607	28	559	963	964
91494	28	2466	963	964
20002	28	69	963	964
13258	28	2923	963	964
111657	28	11695	963	964
81689	28	980	963	964
123313	28	1152	963	964
29990	28	1395	963	964
100921	28	1370	963	964
24090	28	1230	963	964
30046	28	482	963	964
10763	28	1098	963	964
10730	28	74	963	964
87410	28	31818	963	964
81912	28	3129	963	964
69772	28	524	963	964
13829	28	2152	963	964
44865	28	912	963	964
125404	28	1134	963	964
40773	28	856	963	964
101009	28	2105	963	964
80296	28	4003	963	964
23812	28	122	963	964
34603	28	33940	963	964
38271	28	628	963	964
65348	28	1767	963	964
81334	28	1137	963	964
18436	28	81	963	964
9571	28	153	963	964
30961	28	1098	963	964
51470	28	416	963	964
47610	28	80468	963	964
14016	28	1508	963	964
8802	28	41	963	964
27831	28	1998	963	964
59541	28	1148	963	964
94525	28	18363	963	964
8686	28	710	963	964
18389	28	1819	963	964
40198	28	1186	963	964
59129	28	2114	963	964
61572	28	977	963	964
19311	28	1704	963	964
47873	28	354	963	964
21021	28	3403	963	964
68477	28	2282	963	964
85173	28	5107	963	964
28119	28	1847	963	964
18810	28	43	963	964
54750	28	883	963	964
23288	28	441	963	964
70664	23	110481	963	964
19122	28	186	963	964
90037	28	5089	963	964
27219	28	496	963	964
19701	28	401	963	964
18980	28	828	963	964
37904	28	111	963	964
12573	28	37	963	964
87225	28	5089	963	964
11497	28	773	963	964
38866	28	432	963	964
35478	28	1444	963	964
54791	28	1249	963	964
60400	28	219	963	964
77852	28	3975	963	964
65853	28	1324	963	964
64224	28	13676	963	964
67506	28	986	963	964
40030	28	9814	963	964
88984	28	1938	963	964
41895	28	6154	963	964
129607	28	1167	963	964
54328	28	1098	963	964
45131	28	511	963	964
11723	28	67	963	964
22056	28	16092	963	964
32880	28	1666	963	964
9709	28	516	963	964
111450	28	2829	963	964
23255	28	1115	963	964
8776	28	76	963	964
22861	28	1186	963	964
52869	28	4297	963	964
22420	28	860	963	964
9973	28	3975	963	964
7854	28	1136	963	964
121758	28	1867	963	964
75077	28	4579	963	964
80559	28	1251	963	964
38869	28	794	963	964
103858	28	2829	963	964
65114	28	911	963	964
6235	28	596	963	964
28052	28	2040	963	964
95705	28	2991	963	964
29622	28	39	963	964
12969	28	1399	963	964
27474	28	560	963	964
14795	28	10357	963	964
5610	28	1501	963	964
16983	28	337	963	964
107736	28	630	963	964
27087	28	482	963	964
92558	28	2234	963	964
33263	28	3545	963	964
35581	28	1259	963	964
53901	28	1145	963	964
36869	28	3834	963	964
95560	28	2148	963	964
4901	28	46	963	964
70740	28	1367	963	964
49789	28	10888	963	964
92817	28	1623	963	964
94678	28	71	963	964
73130	28	2151	963	964
128815	28	3993	963	964
109954	28	3645	963	964
54079	28	620	963	964
46771	28	4308	963	964
9150	28	49	963	964
116579	28	439	963	964
80940	28	2846	963	964
20171	28	22	963	964
81828	28	1617	963	964
9643	28	995	963	964
109939	28	2957	963	964
52897	28	2689	963	964
27625	28	133	963	964
73813	28	2234	963	964
6975	28	2048	963	964
24468	28	602	963	964
19772	28	1330	963	964
50176	28	2232	963	964
21401	28	1190	963	964
6196	28	56	963	964
12329	28	4651	963	964
42795	28	750	963	964
5122	28	405	963	964
33020	28	370	963	964
20657	28	120	963	964
26849	28	659	963	964
31466	28	166	963	964
9981	28	1306	963	964
28519	28	1110	963	964
123620	28	1432	963	964
18496	28	659	963	964
27865	28	171	963	964
7079	28	186	963	964
126872	28	7177	963	964
41988	28	456	963	964
7305	28	5351	963	964
80851	28	3323	963	964
38052	28	415	963	964
30500	28	2376	963	964
75509	28	110268	963	964
73015	28	184	963	964
84942	28	2293	963	964
20105	28	1067	963	964
105046	28	1275	963	964
80845	28	1276	963	964
84762	28	7345	963	964
42368	28	345	963	964
35895	28	2007	963	964
104950	28	210	963	964
23038	28	758	963	964
62827	28	3959	963	964
20486	28	394	963	964
89826	28	1557	963	964
23027	28	751	963	964
79269	28	1745	963	964
10716	28	1196	963	964
73169	28	1652	963	964
8983	28	451	963	964
73706	28	1410	963	964
28672	28	491	963	964
56640	28	527	963	964
52005	28	2415	963	964
178855	28	2192	963	964
9171	28	2564	963	964
92687	28	462	963	964
44729	28	1351	963	964
33281	28	109	963	964
26419	28	3047	963	964
53986	28	1933	963	964
67829	28	51	963	964
108374	28	2284	963	964
58784	28	401	963	964
79726	28	2292	963	964
16368	28	1022	963	964
9800	28	42	963	964
9482	28	52	963	964
7795	28	1633	963	964
29951	28	133	963	964
44253	28	1508	963	964
18265	28	186	963	964
38716	28	2943	963	964
15196	28	798	963	964
24134	28	17377	963	964
112132	28	492	963	964
12928	28	607	963	964
57476	28	4113	963	964
6903	28	280	963	964
8597	28	556	963	964
15584	28	580	963	964
8029	28	1523	963	964
81911	28	10491	963	964
95711	28	1275	963	964
100693	28	780	963	964
21403	28	304	963	964
37116	28	462	963	964
28140	28	177	963	964
65434	28	1908	963	964
9108	28	2197	963	964
106408	28	449	963	964
60429	28	5247	963	964
50942	28	2185	963	964
68929	28	2812	963	964
130634	28	17523	963	964
9007	28	629	963	964
33144	28	1985	963	964
98134	28	482	963	964
20447	28	160	963	964
64579	28	2519	963	964
10186	28	2780	963	964
65169	28	10357	963	964
28812	28	539	963	964
23878	28	334	963	964
9053	28	22	963	964
24453	28	2974	963	964
10330	28	33	963	964
11295	28	793	963	964
92499	28	4756	963	964
26606	28	1659	963	964
27894	28	3484	963	964
20422	28	1475	963	964
17308	28	160	963	964
11902	28	1356	963	964
63966	28	4605	963	964
32177	28	477	963	964
130391	28	1730	963	964
38429	28	2598	963	964
35965	28	1651	963	964
79086	28	6053	963	964
62111	28	49583	963	964
16203	28	1020	963	964
66871	28	6528	963	964
43422	28	965	963	964
38040	28	390	963	964
22078	28	416	963	964
66451	28	4319	963	964
63375	28	2089	963	964
51799	28	40920	963	964
45046	28	123	963	964
75743	28	1145	963	964
130631	28	47463	963	964
78454	28	680	963	964
110860	28	6423	963	964
36978	28	2468	963	964
60849	28	3707	963	964
32092	28	1325	963	964
110812	28	18009	963	964
52263	28	1512	963	964
94200	28	1410	963	964
99695	28	35912	963	964
35832	28	2060	963	964
12721	28	72	963	964
102240	28	3058	963	964
64573	28	455	963	964
18501	28	595	963	964
7966	28	811	963	964
92921	28	6053	963	964
72606	28	462	963	964
10180	28	757	963	964
37434	28	1833	963	964
41652	28	1290	963	964
42964	28	2095	963	964
61817	28	1840	963	964
24935	28	1243	963	964
67191	28	15634	963	964
67047	28	47463	963	964
95643	28	1036	963	964
118883	28	2689	963	964
109779	28	1442	963	964
14495	28	42	963	964
32074	28	166	963	964
6488	28	291	963	964
21534	28	2880	963	964
26133	28	253	963	964
58835	28	617	963	964
48550	28	1505	963	964
115666	28	5552	963	964
70541	28	580	963	964
21365	28	1389	963	964
69971	28	1442	963	964
17500	28	3321	963	964
19847	28	1153	963	964
53012	28	842	963	964
23702	28	2105	963	964
24794	28	5246	963	964
14784	28	73	963	964
19771	28	24	963	964
12095	28	491	963	964
73446	28	2991	963	964
61257	28	1691	963	964
36617	28	410	963	964
108353	28	415	963	964
22019	28	421	963	964
12461	28	828	963	964
130667	28	10190	963	964
17474	28	5736	963	964
130770	28	1067	963	964
94758	28	868	963	964
5671	28	1740	963	964
25571	28	4533	963	964
15990	28	47	963	964
22737	28	1269	963	964
51702	28	3642	963	964
21415	28	100	963	964
13884	28	346	963	964
61511	28	2772	963	964
11254	28	1413	963	964
104453	28	33940	963	964
48334	28	1115	963	964
20875	28	19402	963	964
16073	28	15486	963	964
22656	28	1078	963	964
28098	28	2040	963	964
62149	28	781	963	964
41785	28	3378	963	964
26220	28	1998	963	964
42471	28	1041	963	964
28539	28	3938	963	964
73622	28	131	963	964
61647	28	536	963	964
16367	28	292	963	964
16397	28	1116	963	964
11689	28	233	963	964
25724	28	1660	963	964
22757	28	1170	963	964
21430	28	114	963	964
23645	28	897	963	964
110328	28	2105	963	964
110685	28	5385	963	964
8845	28	58	963	964
4768	28	642	963	964
14060	28	2853	963	964
28392	28	1234	963	964
16039	28	1080	963	964
42122	28	5971	963	964
11492	28	602	963	964
21739	28	608	963	964
7201	28	1374	963	964
44284	28	5107	963	964
13751	28	1492	963	964
24607	28	1116	963	964
14341	28	489	963	964
8362	28	5028	963	964
11760	28	482	963	964
25439	28	501	963	964
22724	28	592	963	964
109849	28	2802	963	964
33557	28	1078	963	964
9030	28	841	963	964
46028	28	4729	963	964
60776	28	988	963	964
15854	28	112	963	964
35432	28	3452	963	964
83442	28	3433	963	964
105810	28	36	963	964
9728	28	370	963	964
103375	28	927	963	964
56878	28	141	963	964
8324	28	81	963	964
89005	28	1234	963	964
12579	28	770	963	964
62686	28	2411	963	964
87701	28	5908	963	964
39337	28	1827	963	964
75619	28	3177	963	964
91751	28	469	963	964
5851	28	1179	963	964
15528	28	1127	963	964
13194	28	2538	963	964
7088	28	558	963	964
24793	28	461	963	964
128111	28	145	963	964
89185	28	1942	963	964
15001	28	881	963	964
42686	28	770	963	964
27898	28	459	963	964
7406	28	1335	963	964
7501	28	155	963	964
24562	28	1606	963	964
79964	28	748	963	964
48556	28	1325	963	964
92141	28	1522	963	964
83363	28	1918	963	964
59848	28	2024	963	964
26417	28	254	963	964
26980	28	133	963	964
15080	28	401	963	964
7546	28	2697	963	964
30802	28	2007	963	964
17025	28	51883	963	964
30110	28	1312	963	964
51109	28	1833	963	964
42726	28	14989	963	964
8348	28	57	963	964
10313	28	451	963	964
73361	28	1779	963	964
33170	28	383	963	964
33972	28	2949	963	964
110885	28	3739	963	964
19712	28	1998	963	964
14497	28	1606	963	964
89349	28	4533	963	964
36558	28	254	963	964
14334	28	20489	963	964
20826	28	2660	963	964
12525	28	198	963	964
18486	28	502	963	964
34075	28	1058	963	964
52208	28	630	963	964
40122	28	315	963	964
7845	28	294	963	964
77729	28	59240	963	964
21047	28	1577	963	964
24381	28	118	963	964
17721	28	504	963	964
31130	28	1404	963	964
28247	28	405	963	964
11740	28	2478	963	964
38049	28	92	963	964
31413	28	565	963	964
9484	28	843	963	964
104036	28	9509	963	964
59864	28	490	963	964
38792	28	206	963	964
67082	28	69631	963	964
63223	28	206	963	964
20994	28	1431	963	964
61106	28	355	963	964
26231	28	1275	963	964
54549	28	1325	963	964
130896	28	5765	963	964
124480	28	1934	963	964
76615	28	266	963	964
7912	28	840	963	964
111213	28	526	963	964
37855	28	612	963	964
33339	28	234	963	964
44676	28	1011	963	964
68536	28	5381	963	964
43113	28	8819	963	964
73047	28	1066	963	964
53597	28	1709	963	964
82938	28	7583	963	964
119210	28	238	963	964
90471	28	565	963	964
19848	28	860	963	964
95605	28	756	963	964
49402	28	1229	963	964
68469	28	4059	963	964
74779	28	1446	963	964
41583	28	7370	963	964
117528	28	2829	963	964
43549	28	1294	963	964
10070	28	591	963	964
95033	28	192	963	964
51671	28	129	963	964
90525	28	1214	963	964
7941	28	2668	963	964
48727	28	398	963	964
15439	28	160	963	964
25511	28	64	963	964
71740	28	1405	963	964
74800	28	2478	963	964
9379	28	58	963	964
110332	28	1245	963	964
17873	28	65	963	964
28670	28	906	963	964
10573	28	1567	963	964
40510	28	51	963	964
18525	28	904	963	964
130922	28	673	963	964
82047	28	47463	963	964
11996	28	972	963	964
7338	28	743	963	964
79225	28	8955	963	964
88022	28	2386	963	964
9625	28	2072	963	964
98139	28	580	963	964
36850	28	371	963	964
41388	28	23073	963	964
76254	28	11520	963	964
72003	28	2802	963	964
88150	28	1527	963	964
18364	28	104	963	964
90844	28	2336	963	964
32347	28	2469	963	964
81828	28	2286	963	964
41809	28	254	963	964
7223	28	49	963	964
130939	28	848	963	964
27608	28	307	963	964
13231	28	118	963	964
26767	28	20258	963	964
66721	28	2062	963	964
36118	28	235	963	964
70424	28	309	963	964
57141	28	38010	963	964
40123	28	179	963	964
101160	28	1672	963	964
53756	28	4031	963	964
18506	28	2899	963	964
7532	28	1215	963	964
9448	28	82	963	964
27685	28	959	963	964
13081	28	73	963	964
12733	28	1512	963	964
19381	28	923	963	964
35352	28	1755	963	964
40564	28	5070	963	964
79596	28	4308	963	964
87971	28	46	963	964
25144	28	215	963	964
25737	28	580	963	964
64960	28	75439	963	964
101062	28	8198	963	964
51793	28	391	963	964
49380	28	357	963	964
34034	28	1305	963	964
6293	28	550	963	964
8407	28	1122	963	964
62218	28	1608	963	964
93947	28	3642	963	964
14162	28	289	963	964
10027	28	315	963	964
12689	28	266	963	964
54672	28	2154	963	964
66348	28	1801	963	964
44049	28	1963	963	964
37448	28	509	963	964
49029	28	894	963	964
44534	28	4328	963	964
33539	28	905	963	964
23285	28	909	963	964
74141	28	4308	963	964
8217	28	160	963	964
32093	28	469	963	964
110040	28	1410	963	964
33668	28	2880	963	964
52987	28	1098	963	964
93914	28	1324	963	964
25209	28	3242	963	964
15065	28	609	963	964
14555	28	2808	963	964
77219	28	5079	963	964
108196	28	10269	963	964
32223	28	3074	963	964
34538	28	1651	963	964
78448	28	1155	963	964
6102	28	1049	963	964
29097	28	1998	963	964
17304	28	295	963	964
26493	28	195	963	964
52217	28	520	963	964
130971	28	1504	963	964
86163	28	2641	963	964
40892	28	2598	963	964
12585	28	24268	963	964
18595	28	1295	963	964
57430	28	829	963	964
11156	28	366	963	964
38074	28	757	963	964
13644	28	1383	963	964
11384	28	2122	963	964
95888	28	2060	963	964
19367	28	3422	963	964
27628	28	1182	963	964
106618	28	1466	963	964
23575	28	56	963	964
20872	28	256	963	964
8949	28	239	963	964
118773	28	17954	963	964
11590	28	44	963	964
88126	28	6564	963	964
16489	28	911	963	964
22014	28	1131	963	964
77505	28	2442	963	964
110582	28	99	963	964
97454	28	13768	963	964
53388	28	3354	963	964
15757	28	275	963	964
76030	28	1195	963	964
28765	28	485	963	964
71247	28	2480	963	964
19372	28	1796	963	964
9285	28	50	963	964
20899	28	9510	963	964
27362	28	883	963	964
26628	28	676	963	964
67813	28	3387	963	964
72048	28	518	963	964
10980	28	1466	963	964
15280	28	2597	963	964
32590	28	6921	963	964
8626	28	47	963	964
93311	28	2784	963	964
58487	28	1688	963	964
41063	28	905	963	964
92283	28	280	963	964
32185	28	1801	963	964
52093	28	1611	963	964
60204	28	3921	963	964
57001	28	1651	963	964
57517	28	2072	963	964
15810	28	715	963	964
22135	28	890	963	964
107053	28	1308	963	964
6454	28	842	963	964
36315	28	251	963	964
12581	28	481	963	964
16942	28	1766	963	964
67570	28	3449	963	964
19646	28	6726	963	964
21755	28	509	963	964
10292	28	95	963	964
9412	28	1785	963	964
19042	28	1136	963	964
98107	28	1896	963	964
13095	28	524	963	964
73783	28	2096	963	964
116451	28	16189	963	964
73647	28	2802	963	964
26031	28	462	963	964
94143	28	2745	963	964
36543	28	1012	963	964
42056	28	739	963	964
17054	28	310	963	964
126373	28	2154	963	964
17315	28	668	963	964
5781	28	272	963	964
7415	28	16	963	964
27271	28	400	963	964
11026	28	744	963	964
8454	28	1080	963	964
15746	28	492	963	964
8887	28	1010	963	964
21532	28	1033	963	964
115520	28	7425	963	964
19816	28	1950	963	964
40177	28	2503	963	964
9003	28	716	963	964
23497	28	347	963	964
20776	28	333	963	964
17936	28	65366	963	964
14305	28	74	963	964
63630	28	1677	963	964
6683	28	158	963	964
3831	28	186	963	964
49985	28	1171	963	964
39661	28	1461	963	964
22938	28	1098	963	964
16427	28	811	963	964
69334	28	1727	963	964
38146	28	219	963	964
11292	28	528	963	964
93258	28	2060	963	964
16871	28	2302	963	964
5125	28	85	963	964
31288	28	1656	963	964
53044	28	3446	963	964
103310	28	4533	963	964
42989	28	848	963	964
25681	28	391	963	964
75677	28	1467	963	964
80150	28	981	963	964
29666	28	1397	963	964
12468	28	11092	963	964
53710	28	3058	963	964
36907	28	1195	963	964
58897	28	1032	963	964
28821	28	1082	963	964
71820	28	12654	963	964
13917	28	1139	963	964
53221	28	3221	963	964
44131	28	3842	963	964
32145	28	1305	963	964
76466	28	2209	963	964
66071	28	1980	963	964
110684	28	1380	963	964
25947	28	33	963	964
20976	28	1304	963	964
58155	28	5028	963	964
78429	28	1216	963	964
30268	28	1367	963	964
6957	28	139	963	964
89981	28	409	963	964
10843	28	139	963	964
6303	28	170	963	964
37277	28	894	963	964
73253	28	1465	963	964
12885	28	1407	963	964
28700	28	449	963	964
13119	28	743	963	964
79668	28	1025	963	964
15753	28	73	963	964
51238	28	550	963	964
11031	28	465	963	964
45517	28	1624	963	964
9230	28	16	963	964
38110	28	6433	963	964
41680	28	2270	963	964
95588	28	416	963	964
37747	28	1367	963	964
9413	28	416	963	964
90815	28	80468	963	964
45096	28	3692	963	964
112723	28	4756	963	964
12381	28	3422	963	964
20826	28	7708	963	964
28576	28	39	963	964
83509	28	2660	963	964
55957	28	4328	963	964
12614	28	528	963	964
96819	28	210	963	964
35217	28	548	963	964
64367	28	2517	963	964
17155	28	47	963	964
19385	28	792	963	964
38836	28	501	963	964
110520	28	1408	963	964
130885	28	3522	963	964
17708	28	1833	963	964
7885	28	2575	963	964
17514	28	219	963	964
103667	28	1634	963	964
44064	28	1047	963	964
58479	28	1458	963	964
67491	28	2433	963	964
77032	28	462	963	964
83132	28	7043	963	964
72308	28	4643	963	964
66564	28	315	963	964
63353	28	2040	963	964
19373	28	5855	963	964
63788	28	136	963	964
95661	28	756	963	964
9810	28	381	963	964
89222	28	1333	963	964
123297	28	3385	963	964
31072	28	2390	963	964
111692	28	4268	963	964
20294	28	1304	963	964
93626	28	2218	963	964
38729	28	5354	963	964
54559	28	1397	963	964
114164	28	882	963	964
14996	28	1024	963	964
46197	28	391	963	964
44481	28	2020	963	964
27677	28	343	963	964
93934	28	1868	963	964
8560	28	840	963	964
32365	28	882	963	964
16065	28	1081	963	964
111376	28	1672	963	964
25455	28	459	963	964
19479	28	380	963	964
16275	28	234	963	964
25946	28	1053	963	964
111324	28	536	963	964
44805	28	13957	963	964
6116	28	111	963	964
72974	28	130335	963	964
94684	28	659	963	964
130047	28	2957	963	964
18539	28	5855	963	964
7911	28	435	963	964
38865	28	3551	963	964
37182	28	580	963	964
24998	28	386	963	964
82111	28	2802	963	964
15807	28	1258	963	964
39469	28	482	963	964
56116	28	3118	963	964
81946	28	5153	963	964
15989	28	211	963	964
61462	28	8397	963	964
95707	28	634	963	964
110415	28	337	963	964
6758	28	692	963	964
10702	28	283	963	964
9796	28	132	963	964
22562	28	4844	963	964
107780	28	1085	963	964
8130	28	240	963	964
48795	28	477	963	964
26200	28	1998	963	964
10685	28	1154	963	964
67827	28	220	963	964
18331	28	550	963	964
23026	28	147	963	964
48900	28	1778	963	964
76876	28	1147	963	964
19422	28	371	963	964
38552	28	177	963	964
87623	28	210	963	964
116338	28	131	963	964
24917	28	1011	963	964
28033	28	3799	963	964
69977	28	2196	963	964
78312	28	1142	963	964
94062	28	3378	963	964
51300	28	1557	963	964
148827	28	565	963	964
32566	28	89	963	964
72309	28	605	963	964
38628	28	1626	963	964
108552	28	1060	963	964
9617	28	152	963	964
98522	28	3173	963	964
51270	28	54	963	964
29938	28	401	963	964
13663	28	445	963	964
58977	28	40664	963	964
13611	28	395	963	964
65181	28	29726	963	964
67651	28	1390	963	964
28878	28	2468	963	964
95108	28	1083	963	964
41735	28	2065	963	964
94770	28	1060	963	964
21631	28	2083	963	964
9865	28	156	963	964
32046	28	1231	963	964
22473	28	3058	963	964
38500	28	716	963	964
8624	28	1899	963	964
67324	28	2773	963	964
16007	28	8368	963	964
26383	28	890	963	964
59318	28	835	963	964
55124	28	2003	963	964
27234	28	211	963	964
29060	28	1286	963	964
61443	28	47611	963	964
95034	28	2270	963	964
121795	28	4429	963	964
26029	28	1837	963	964
65291	28	739	963	964
94985	28	4018	963	964
18396	28	612	963	964
20426	28	192	963	964
18889	28	1030	963	964
15892	28	254	963	964
20761	28	574	963	964
23680	28	1249	963	964
55559	28	1320	963	964
21815	28	1568	963	964
14931	28	135	963	964
46733	28	5971	963	964
43148	28	107	963	964
12512	28	481	963	964
22877	28	607	963	964
27236	28	232	963	964
16156	28	7794	963	964
48654	28	11695	963	964
27580	28	2293	963	964
9873	28	311	963	964
11388	28	11170	963	964
77421	28	3004	963	964
20809	28	3182	963	964
39330	28	1131	963	964
44203	28	1098	963	964
16255	28	503	963	964
110098	28	1137	963	964
130470	28	1536	963	964
75442	28	2011	963	964
56423	28	2166	963	964
109165	28	26783	963	964
104548	28	40645	963	964
19175	28	332	963	964
94753	28	1557	963	964
25997	28	608	963	964
46657	28	707	963	964
31061	28	1176	963	964
98691	28	2054	963	964
50937	28	1023	963	964
61984	28	1753	963	964
21626	28	16410	963	964
34645	28	280	963	964
78435	28	22160	963	964
59432	28	325	963	964
14468	28	321	963	964
72395	28	386	963	964
141791	28	901	963	964
81579	28	2802	963	964
56314	28	1338	963	964
13652	28	672	963	964
16173	28	256	963	964
38224	28	4971	963	964
186591	28	5381	963	964
60036	28	3777	963	964
72312	28	22476	963	964
111770	28	5801	963	964
28158	28	900	963	964
29427	28	4696	963	964
11844	28	4049	963	964
44308	28	5853	963	964
16511	28	1813	963	964
8452	28	467	963	964
68871	28	1435	963	964
84206	28	8059	963	964
84499	28	1120	963	964
53439	28	5246	963	964
54831	28	1778	963	964
26888	28	578	963	964
32418	28	1092	963	964
19331	28	3269	963	964
98220	28	1660	963	964
76401	28	1152	963	964
93579	28	4696	963	964
41151	28	400	963	964
80825	28	1527	963	964
68727	28	1213	963	964
73927	28	6497	963	964
76022	28	2060	963	964
24062	28	1668	963	964
13830	28	839	963	964
12532	28	533	963	964
22288	28	27284	963	964
28365	28	1909	963	964
96632	28	1669	963	964
101685	28	205	963	964
64589	28	647	963	964
31592	28	2197	963	964
60105	28	70	963	964
102135	28	1299	963	964
42538	28	63522	963	964
16292	28	70	963	964
36276	28	2242	963	964
20669	28	778	963	964
17434	28	119	963	964
36483	28	1467	963	964
10161	28	608	963	964
41507	28	960	963	964
61047	28	3788	963	964
30776	28	179	963	964
25712	28	23	963	964
49703	28	1332	963	964
54683	28	1325	963	964
61475	28	3514	963	964
12695	28	179	963	964
44610	28	740	963	964
33547	28	12359	963	964
51828	28	119	963	964
81173	28	965	963	964
36084	28	3416	963	964
45513	28	922	963	964
51869	28	1050	963	964
18597	28	5643	963	964
16417	28	2117	963	964
86899	28	38204	963	964
65743	28	5736	963	964
78776	28	2270	963	964
37259	28	1098	963	964
6977	28	398	963	964
69793	28	1909	963	964
85204	28	2125	963	964
41569	28	1408	963	964
33091	28	240	963	964
32303	28	402	963	964
102468	28	121164	963	964
23792	28	7944	963	964
118126	28	11253	963	964
23997	28	778	963	964
7632	28	920	963	964
91014	28	3132	963	964
18136	28	3206	963	964
86016	28	2311	963	964
68011	28	332	963	964
9385	28	612	963	964
118422	28	3002	963	964
90448	28	1608	963	964
19249	28	1833	963	964
21638	28	471	963	964
47978	28	3938	963	964
13939	28	420	963	964
74613	28	1725	963	964
16034	28	4971	963	964
68640	28	3395	963	964
80027	28	7739	963	964
55354	28	1530	963	964
79036	28	114	963	964
29331	28	242	963	964
13941	28	205	963	964
24959	28	2965	963	964
17912	28	6049	963	964
44803	28	4179	963	964
77938	28	67018	963	964
129061	28	3920	963	964
37758	28	570	963	964
6534	28	88	963	964
19361	28	778	963	964
60925	28	983	963	964
24689	28	89	963	964
62535	28	1210	963	964
31701	28	757	963	964
51798	28	1545	963	964
65172	28	857	963	964
100611	28	1275	963	964
55816	28	1664	963	964
87333	28	2349	963	964
103887	28	1346	963	964
9735	28	459	963	964
60149	28	445	963	964
187860	28	6049	963	964
35238	28	1092	963	964
59527	28	2347	963	964
81064	28	1571	963	964
9940	28	47	963	964
104363	28	210	963	964
23423	28	1022	963	964
18480	28	298	963	964
37374	28	829	963	964
70458	28	1811	963	965
95842	28	131	963	965
24755	28	3092	963	965
38743	28	416	963	965
70662	28	4233	963	965
33499	28	20	963	965
38901	28	423	963	965
60815	28	4135	963	965
33540	28	909	963	965
96071	28	1531	963	965
18802	28	1659	963	965
14472	28	627	963	965
52528	28	532	963	965
82827	28	2175	963	965
10299	28	793	963	965
61142	28	491	963	965
6238	28	398	963	965
61267	28	617	963	965
61283	28	900	963	965
155913	28	345	963	965
156042	28	19113	963	965
61551	28	4854	963	965
29680	28	371	963	965
53018	28	489	963	965
29731	28	937	963	965
16865	28	215	963	965
83435	28	574	963	965
34381	28	185	963	965
11759	28	433	963	965
62055	28	2154	963	965
11641	28	89	963	965
11470	28	27	963	965
22601	28	107	963	965
72232	28	234	963	965
71931	28	1695	963	965
97459	28	542	963	965
72301	28	5755	963	965
19041	28	499	963	965
19357	28	179	963	965
26102	28	345	963	965
10546	28	239	963	965
33962	28	221	963	965
53920	28	492	963	965
13439	28	1171	963	965
54027	28	986	963	965
11959	28	142	963	965
62722	28	2697	963	965
26315	28	671	963	965
26353	28	33	963	965
46832	28	1402	963	965
30511	28	257	963	965
72904	28	40690	963	965
72930	28	1850	963	965
72924	28	390	963	965
17378	28	1867	963	965
84782	28	1339	963	965
10333	28	1302	963	965
40819	28	792	963	965
24738	28	725	963	965
30727	28	2593	963	965
73128	28	720	963	965
35383	28	753	963	965
47231	28	6143	963	965
54366	28	1840	963	965
15396	28	179	963	965
41103	28	1616	963	965
14378	28	294	963	965
45276	28	1942	963	965
15417	28	31	963	965
30796	28	972	963	965
73567	28	23269	963	965
114772	28	6143	963	965
26827	28	919	963	965
54923	28	1294	963	965
10803	28	436	963	965
73632	28	43	963	965
85455	28	307	963	965
73698	28	1317	963	965
26012	28	3583	963	965
35751	28	914	963	965
41310	28	621	963	965
29338	28	4048	963	965
71102	28	1215	963	965
73865	28	2189	963	965
33725	28	311	963	965
54196	28	1618	963	965
8104	28	704	963	965
99144	28	15083	963	965
14890	28	26555	963	965
11891	28	806	963	965
55215	28	1050	963	965
85776	28	293	963	965
23455	28	446	963	965
26170	28	552	963	965
13543	28	67	963	965
55282	28	914	963	965
41515	28	42	963	965
99413	28	18633	963	965
30685	28	746	963	965
64410	28	6413	963	965
46525	28	156	963	965
15630	28	1407	963	965
62573	28	252	963	965
99767	28	882	963	965
83393	28	1501	963	965
14866	28	366	963	965
23235	28	3268	963	965
15712	28	215	963	965
19836	28	843	963	965
116031	28	313	963	965
55893	28	1436	963	965
15770	28	1411	963	965
48485	28	973	963	965
20783	28	1855	963	965
73507	28	1094	963	965
99674	28	6564	963	965
11306	28	2695	963	965
10972	28	150	963	965
56041	28	2104	963	965
14616	28	1173	963	965
23820	28	740	963	965
116152	28	5758	963	965
15055	28	3153	963	965
9345	28	454	963	965
12767	28	13912	963	965
100411	28	260	963	965
65102	28	38	963	965
14440	28	242	963	965
17265	28	1052	963	965
31789	28	124	963	965
46034	28	2324	963	965
15855	28	293	963	965
23894	28	2109	963	965
31852	28	64	963	965
87288	28	1264	963	965
64525	28	111	963	965
35958	28	1001	963	965
16831	28	87	963	965
47422	28	744	963	965
29820	28	185	963	965
25901	28	612	963	965
48896	28	2209	963	965
87507	28	22431	963	965
75676	28	177	963	965
7923	28	501	963	965
36875	28	718	963	965
10898	28	1107	963	965
83496	28	5461	963	965
38681	28	933	963	965
44921	28	866	963	965
52509	28	294	963	965
87784	28	1905	963	965
74510	28	1351	963	965
11303	28	343	963	965
40045	28	2236	963	965
76009	28	1383	963	965
10839	28	793	963	965
9992	28	27	963	965
20878	28	1150	963	965
76077	28	574	963	965
47825	28	5047	963	965
35045	28	783	963	965
21918	28	1190	963	965
117390	28	483	963	965
18174	28	174	963	965
7360	28	458	963	965
54832	28	959	963	965
21130	28	99	963	965
71733	28	905	963	965
42886	28	4720	963	965
61829	28	2334	963	965
101687	28	1423	963	965
27999	28	191	963	965
10697	28	821	963	965
37239	28	310	963	965
66180	28	12467	963	965
56003	28	1824	963	965
42467	28	481	963	965
117714	28	1868	963	965
42973	28	72	963	965
24958	28	546	963	965
26171	28	240	963	965
73095	28	5043	963	965
29177	28	1767	963	965
41017	28	28	963	965
85437	28	837	963	965
84410	28	3524	963	965
25177	28	912	963	965
20585	28	4459	963	965
88502	28	4676	963	965
55550	28	1803	963	965
7697	28	674	963	965
84027	28	662	963	965
26276	28	81	963	965
57099	28	4767	963	965
49662	28	1903	963	965
30987	28	1296	963	965
85102	28	2577	963	965
33540	28	5795	963	965
11396	28	910	963	965
30882	28	750	963	965
102300	28	273	963	965
37448	28	866	963	965
23829	28	2477	963	965
21886	28	83	963	965
37460	28	994	963	965
88820	28	3862	963	965
18647	28	343	963	965
102436	28	3410	963	965
9132	28	23	963	965
29046	28	358	963	965
7143	28	890	963	965
21653	28	61	963	965
136924	28	1617	963	965
89029	28	4678	963	965
30640	28	2048	963	965
19013	28	147	963	965
19026	28	178	963	965
102814	28	3465	963	965
56372	28	1139	963	965
18946	28	129	963	965
10366	28	295	963	965
96596	28	185	963	965
18601	28	239	963	965
61323	28	756	963	965
9417	28	178	963	965
19340	28	83	963	965
19359	28	1150	963	965
61419	28	3484	963	965
52989	28	63	963	965
6319	28	461	963	965
62284	28	1628	963	965
89530	28	2051	963	965
61941	28	578	963	965
66355	28	843	963	965
11363	28	2662	963	965
45923	28	1659	963	965
34022	28	707	963	965
4245	28	298	963	965
34602	28	995	963	965
160435	28	5758	963	965
40082	28	1233	963	965
72029	28	614	963	965
13375	28	14446	963	965
34797	28	1288	963	965
19713	28	556	963	965
40259	28	766	963	965
10563	28	195	963	965
32340	28	1850	963	965
138026	28	1527	963	965
13365	28	3080	963	965
11945	28	259	963	965
17245	28	983	963	965
10640	28	2458	963	965
77866	28	797	963	965
62090	28	1280	963	965
17107	28	388	963	965
11924	28	89	963	965
13423	28	491	963	965
34923	28	1027	963	965
75079	28	1181	963	965
9133	28	1008	963	965
119720	28	3051	963	965
22950	28	232	963	965
138305	28	483	963	965
84461	28	1556	963	965
7155	28	256	963	965
87457	28	205	963	965
20029	28	476	963	965
103996	28	2576	963	965
119912	28	3383	963	965
47202	28	1263	963	965
58283	28	483	963	965
88987	28	13020	963	965
72039	28	313	963	965
30815	28	1022	963	965
78170	28	1112	963	965
74981	28	19	963	965
90300	28	993	963	965
73436	28	835	963	965
9763	28	334	963	965
104311	28	4976	963	965
90438	28	6497	963	965
61586	28	19934	963	965
119634	28	1129	963	965
30139	28	39231	963	965
85402	28	1629	963	965
90543	28	1924	963	965
26176	28	720	963	965
26993	28	1096	963	965
102565	28	755	963	965
74746	28	202	963	965
55046	28	796	963	965
15268	28	109	963	965
20246	28	4268	963	965
120616	28	1259	963	965
104599	28	1083	963	965
17372	28	149	963	965
39886	28	101	963	965
50537	28	649	963	965
30485	28	483	963	965
26936	28	358	963	965
42224	28	353	963	965
86131	28	255	963	965
118204	28	3047	963	965
74858	28	65366	963	965
37486	28	554	963	965
47979	28	486	963	965
9121	28	433	963	965
55423	28	354	963	965
9250	28	38	963	965
18689	28	351	963	965
23636	28	123	963	965
33288	28	1269	963	965
13826	28	1058	963	965
15519	28	124	963	965
8186	28	111	963	965
11763	28	424	963	965
45742	28	1899	963	965
8936	28	87	963	965
120963	28	1023	963	965
48346	28	1264	963	965
26797	28	146	963	965
91041	28	796	963	965
76203	28	2997	963	965
15723	28	969	963	965
16999	28	355	963	965
17055	28	2334	963	965
102070	28	28023	963	965
15506	28	1595	963	965
9613	28	1664	963	965
113749	28	25777	963	965
82951	28	19	963	965
46121	28	202	963	965
73688	28	1147	963	965
8230	28	328	963	965
82568	28	11105	963	965
38904	28	328	963	965
6141	28	79	963	965
46793	28	45	963	965
58750	28	307	963	965
37376	28	1909	963	965
19965	28	542	963	965
22182	28	475	963	965
42265	28	241	963	965
90693	28	22160	963	965
23702	28	2456	963	965
79030	28	793	963	965
45212	28	378	963	965
23625	28	924	963	965
31511	28	899	963	965
17279	28	177	963	965
65255	28	1379	963	965
36355	28	334	963	965
8411	28	842	963	965
14653	28	1279	963	965
16919	28	295	963	965
65949	28	1762	963	965
105720	28	1666	963	965
65039	28	1167	963	965
15791	28	1404	963	965
32042	28	1727	963	965
41569	28	371	963	965
49115	28	37	963	965
35596	28	193	963	965
75571	28	9409	963	965
23380	28	1014	963	965
75950	28	91	963	965
74608	28	1266	963	965
21057	28	4720	963	965
102833	28	12845	963	965
79105	28	1403	963	965
10812	28	166	963	965
52114	28	7739	963	965
79359	28	2227	963	965
105954	28	1816	963	965
56915	28	3545	963	965
24100	28	712	963	965
57826	28	571	963	965
23688	28	933	963	965
15968	28	756	963	965
106004	28	2199	963	965
24855	28	153	963	965
14816	28	960	963	965
49242	28	34	963	965
14884	28	1253	963	965
90525	28	4669	963	965
13065	28	2075	963	965
77960	28	1022	963	965
15623	28	2189	963	965
23306	28	3206	963	965
31602	28	355	963	965
62696	28	2125	963	965
11823	28	82	963	965
44962	28	456	963	965
13867	28	423	963	965
9242	28	358	963	965
34738	28	2159	963	965
35473	28	1665	963	965
37248	28	195	963	965
29988	28	1653	963	965
21204	28	213	963	965
116625	28	3930	963	965
23512	28	435	963	965
10109	28	334	963	965
11062	28	503	963	965
21848	28	47	963	965
95830	28	3688	963	965
22446	28	390	963	965
136792	28	1054	963	965
52610	28	766	963	965
37407	28	14445	963	965
31492	28	583	963	965
79791	28	483	963	965
79801	28	530	963	965
11922	28	386	963	965
26786	28	1063	963	965
35965	28	702	963	965
97550	28	1741	963	965
14534	28	708	963	965
12340	28	676	963	965
106729	28	977	963	965
7893	28	122	963	965
57788	28	2577	963	965
106744	28	180	963	965
23193	28	1861	963	965
11676	28	27	963	965
106786	28	2147	963	965
17403	28	123	963	965
17551	28	1481	963	965
26980	28	2968	963	965
12446	28	30	963	965
85163	28	1002	963	965
10423	28	693	963	965
59289	28	2753	963	965
79966	28	506	963	965
59231	28	21233	963	965
17145	28	924	963	965
9513	28	1192	963	965
33449	28	959	963	965
21942	28	242	963	965
7937	28	1828	963	965
83066	28	1339	963	965
32284	28	198	963	965
17715	28	1741	963	965
70885	28	7425	963	965
59391	28	409	963	965
49730	28	647	963	965
92209	28	686	963	965
38095	28	913	963	965
87589	28	1364	963	965
38075	28	140	963	965
14283	28	234	963	965
65819	28	933	963	965
80158	28	1532	963	965
55219	28	742	963	965
27154	28	954	963	965
58412	28	940	963	965
35541	28	843	963	965
120258	28	83506	963	965
46695	28	885	963	965
31759	28	3168	963	965
30290	28	156	963	965
40032	28	371	963	965
12264	28	2199	963	965
52555	28	1909	963	965
18628	28	610	963	965
28630	28	1305	963	965
24576	28	282	963	965
10989	28	922	963	965
69199	28	192	963	965
123926	28	907	963	965
23354	28	423	963	965
39890	28	263	963	965
19302	28	1616	963	965
18722	28	325	963	965
27541	28	1532	963	965
22613	28	518	963	965
51346	28	252	963	965
119933	28	2347	963	965
93007	28	783	963	965
21071	28	152	963	965
10397	28	86	963	965
30961	28	2052	963	965
69279	28	1361	963	965
12762	28	181	963	965
11059	28	234	963	965
41709	28	140	963	965
46933	28	1308	963	965
68712	28	1533	963	965
25171	28	95	963	965
15094	28	795	963	965
165056	28	8523	963	965
17754	28	750	963	965
17623	28	79	963	965
28682	28	1945	963	965
7615	28	337	963	965
107835	28	478	963	965
49712	28	23526	963	965
105371	28	16597	963	965
13675	28	240	963	965
59676	28	1749	963	965
98030	28	1002	963	965
31305	28	1309	963	965
15735	28	388	963	965
15484	28	500	963	965
15122	28	1321	963	965
37658	28	1139	963	965
53222	28	1067	963	965
43022	28	423	963	965
143655	28	4164	963	965
23237	28	1624	963	965
13508	28	248	963	965
48091	28	754	963	965
15695	28	1296	963	965
33133	28	144	963	965
23955	28	456	963	965
17659	28	583	963	965
