72369	28	2172	962	963
8214	28	152	962	963
87288	28	13528	962	963
32087	28	1238	962	963
82050	28	7857	962	963
79030	28	3938	962	963
32186	28	1146	962	963
38570	28	1862	962	963
42469	28	900	962	963
34529	28	3205	962	963
15132	28	681	962	963
31279	28	686	962	963
14132	28	450	962	963
119391	28	5630	962	963
50176	28	27991	962	963
32340	28	387	962	963
32852	28	186	962	963
12764	28	558	962	963
15841	28	160	962	963
9242	28	502	962	963
24847	28	1242	962	963
18785	28	350	962	963
58945	28	2798	962	963
39008	28	2234	962	963
21063	28	778	962	963
62059	28	575	962	963
7831	28	110	962	963
14611	28	597	962	963
18415	28	105	962	963
14655	28	370	962	963
39453	28	1980	962	963
8096	28	969	962	963
46832	28	10777	962	963
19335	28	1008	962	963
88944	28	7284	962	963
86891	28	1542	962	963
33346	28	3491	962	963
6958	28	1508	962	963
15886	28	614	962	963
51802	28	307	962	963
10726	28	758	962	963
35027	28	857	962	963
14838	28	2024	962	963
11891	28	751	962	963
114406	28	2543	962	963
16681	28	1410	962	963
88734	28	8913	962	963
111376	28	1557	962	963
111380	28	454	962	963
65984	28	228	962	963
50446	28	1867	962	963
14373	28	309	962	963
43139	28	1501	962	963
35283	28	195	962	963
19340	28	114	962	963
24904	28	4185	962	963
10139	28	1831	962	963
29227	28	238	962	963
37885	28	3388	962	963
8138	28	64	962	963
30046	28	659	962	963
23473	28	185	962	963
21060	28	476	962	963
10303	28	2740	962	963
62718	28	1060	962	963
21216	28	401	962	963
11008	28	1367	962	963
31885	28	795	962	963
7952	28	2082	962	963
21772	28	743	962	963
24481	28	2236	962	963
30268	28	686	962	963
52905	28	483	962	963
101295	28	1728	962	963
13846	28	2023	962	963
63185	28	371	962	963
80143	28	1360	962	963
21526	28	44	962	963
42458	28	3047	962	963
13099	28	489	962	963
61301	28	19484	962	963
27514	28	9602	962	963
32150	28	693	962	963
5878	28	406	962	963
61028	28	960	962	963
124796	28	1831	962	963
27258	28	4883	962	963
6594	28	528	962	963
10794	28	864	962	963
13081	28	64	962	963
95291	28	4497	962	963
15001	28	1374	962	963
20507	28	451	962	963
31660	28	913	962	963
24149	28	757	962	963
57293	28	1466	962	963
48197	28	470	962	963
23342	28	18266	962	963
54791	28	82	962	963
51640	28	214	962	963
21160	28	1221	962	963
16700	28	723	962	963
18659	28	2353	962	963
78853	28	1868	962	963
94371	28	1598	962	963
89826	28	2218	962	963
10502	28	743	962	963
70845	28	10760	962	963
6182	28	828	962	963
38532	28	388	962	963
88647	28	2534	962	963
22785	28	1033	962	963
19814	28	354	962	963
8619	28	58	962	963
29183	28	7002	962	963
15417	28	76	962	963
74165	28	5512	962	963
60559	28	1861	962	963
108834	28	3027	962	963
61906	28	3242	962	963
14498	28	1803	962	963
9317	28	825	962	963
24405	28	140	962	963
38039	28	18334	962	963
42938	28	674	962	963
46287	28	485	962	963
12585	28	829	962	963
77471	28	50991	962	963
90099	28	3583	962	963
7358	28	57	962	963
28592	28	959	962	963
64410	28	13020	962	963
40735	28	1057	962	963
38873	28	71	962	963
80143	28	1672	962	963
72459	28	937	962	963
7014	28	610	962	963
36059	28	1092	962	963
38595	28	572	962	963
126573	28	3692	962	963
31885	28	1172	962	963
79041	28	2978	962	963
13885	28	1150	962	963
9478	28	1572	962	963
66795	28	508	962	963
10093	28	1094	962	963
31150	28	2408	962	963
85752	28	7791	962	963
9447	28	1331	962	963
42931	28	643	962	963
94457	28	18334	962	963
110473	28	1660	962	963
9707	28	4704	962	963
14757	28	758	962	963
54961	28	266	962	963
73520	28	5459	962	963
13917	28	2808	962	963
9659	28	485	962	963
26474	28	275	962	963
31761	28	6894	962	963
109753	28	646	962	963
59902	28	333	962	963
9199	28	228	962	963
22506	28	1336	962	963
87569	28	2837	962	963
27563	28	203	962	963
13070	28	176	962	963
37127	28	1139	962	963
49090	28	455	962	963
21046	28	7612	962	963
32972	28	754	962	963
41890	28	179	962	963
70155	28	3212	962	963
60364	28	741	962	963
97611	28	1944	962	963
32973	28	159	962	963
5671	28	1633	962	963
19358	28	10190	962	963
45812	28	259	962	963
10540	28	1945	962	963
26697	28	961	962	963
92612	28	431	962	963
42537	28	2589	962	963
39427	28	321	962	963
42819	28	1243	962	963
99204	28	889	962	963
77444	28	121	962	963
14626	28	19	962	963
108575	28	3002	962	963
33263	28	20685	962	963
31888	28	2259	962	963
94678	28	565	962	963
39377	23	69759	962	963
69759	23	39377	962	963
14478	28	2458	962	963
24526	28	748	962	963
54905	28	4620	962	963
36398	28	45	962	963
84050	28	7411	962	963
31609	28	3551	962	963
25331	28	1410	962	963
20165	28	7370	962	963
12731	28	628	962	963
56080	28	967	962	963
23289	28	493	962	963
102135	28	1643	962	963
20519	28	310	962	963
60384	28	307	962	963
8186	28	265	962	963
25871	28	836	962	963
12950	28	486	962	963
37855	28	1755	962	963
47968	28	1691	962	963
21592	28	401	962	963
34088	28	1004	962	963
6144	28	511	962	963
20090	28	748	962	963
9258	28	706	962	963
9643	28	1321	962	963
6899	28	2070	962	963
9080	28	1292	962	963
108138	28	7798	962	963
14034	28	528	962	963
75619	28	19333	962	963
59353	28	559	962	963
5618	28	602	962	963
9608	28	133	962	963
11573	28	24	962	963
63799	28	1234	962	963
6765	28	818	962	963
57725	28	1100	962	963
15767	28	596	962	963
7201	28	421	962	963
90771	28	1055	962	963
50994	28	24392	962	963
56635	28	2480	962	963
25178	28	1420	962	963
14172	28	462	962	963
104693	28	623	962	963
52144	28	1397	962	963
26130	28	463	962	963
27814	28	369	962	963
21056	28	73	962	963
15122	28	1033	962	963
28195	28	1965	962	963
33000	28	11424	962	963
128879	28	5459	962	963
38674	28	486	962	963
20017	28	795	962	963
84267	28	1167	962	963
8989	28	395	962	963
17650	28	760	962	963
72626	28	4704	962	963
59797	28	451	962	963
20252	28	288	962	963
10523	28	812	962	963
67935	28	3002	962	963
30739	28	406	962	963
29208	28	2334	962	963
31959	28	2172	962	963
20809	28	3640	962	963
39793	28	1145	962	963
31884	28	752	962	963
14763	28	1055	962	963
112040	28	1617	962	963
29938	28	416	962	963
95240	28	1027	962	963
61954	28	1074	962	963
20807	28	1803	962	963
81443	28	2660	962	963
22009	28	1293	962	963
74070	28	76864	962	963
18506	28	2876	962	963
19121	28	1015	962	963
8824	28	571	962	963
23387	28	273	962	963
7644	28	525	962	963
12708	28	398	962	963
22444	28	871	962	963
8039	28	458	962	963
96836	28	120798	962	963
128755	28	706	962	963
46981	28	107307	962	963
59759	28	422	962	963
127694	28	3642	962	963
66541	28	1020	962	963
12083	28	971	962	963
106488	28	2802	962	963
41609	28	2179	962	963
52523	28	34282	962	963
95677	28	1266	962	963
14165	28	695	962	963
60597	28	1233	962	963
17861	28	607	962	963
69434	28	1562	962	963
9380	28	1744	962	963
40507	28	16193	962	963
24199	28	400	962	963
10109	28	1862	962	963
44549	28	120	962	963
7855	28	686	962	963
6990	28	629	962	963
31910	28	2480	962	963
127043	28	3277	962	963
79192	28	7895	962	963
36964	28	123	962	963
8949	28	64	962	963
38378	28	370	962	963
9918	28	404	962	963
34944	28	1402	962	963
60551	28	1154	962	963
27480	28	5420	962	963
29913	28	696	962	963
54192	28	1608	962	963
27170	28	445	962	963
19036	28	995	962	963
49790	28	780	962	963
12187	28	1008	962	963
23349	28	560	962	963
10201	28	758	962	963
37946	28	354	962	963
15854	28	193	962	963
28301	28	18340	962	963
85495	28	1060	962	963
80273	28	75037	962	963
15449	28	1221	962	963
4491	28	464	962	963
53991	28	1520	962	963
14193	28	3469	962	963
36261	28	841	962	963
69922	28	81	962	963
116119	28	65889	962	963
36705	28	1567	962	963
27170	28	28	962	963
44186	28	1016	962	963
17040	28	1139	962	963
56467	28	1725	962	963
63100	28	313	962	963
107643	28	1460	962	963
29072	28	143	962	963
20212	28	783	962	963
60590	28	556	962	963
41340	28	796	962	963
78278	28	887	962	963
11452	28	1242	962	963
50787	28	275	962	963
111529	28	8823	962	963
18932	28	1292	962	963
80008	28	805	962	963
51575	28	2854	962	963
24755	28	899	962	963
13760	28	23	962	963
28390	28	222	962	963
107751	28	1460	962	963
53388	28	1359	962	963
12409	28	495	962	963
25205	28	881	962	963
16380	28	1609	962	963
51504	28	35912	962	963
92629	28	483	962	963
10665	28	370	962	963
76838	28	1390	962	963
32321	28	179	962	963
31087	28	897	962	963
69901	28	390	962	963
38530	28	73	962	963
94546	28	8531	962	963
47604	28	3287	962	963
10481	28	830	962	963
61498	28	3144	962	963
33221	28	670	962	963
8129	28	39	962	963
32405	28	712	962	963
11591	28	893	962	963
12674	28	370	962	963
58818	28	496	962	963
17504	28	659	962	963
12224	28	693	962	963
47601	28	2040	962	963
101400	28	5630	962	963
152863	28	5971	962	963
58487	28	2062	962	963
8504	28	1619	962	963
150843	28	8229	962	963
31663	28	9837	962	963
18892	28	321	962	963
12284	28	14426	962	963
18628	28	6915	962	963
21210	28	15170	962	963
26870	28	2348	962	963
77806	28	530	962	963
21474	28	1035	962	963
75312	28	781	962	963
32081	28	143	962	963
97817	28	3157	962	963
21273	28	1196	962	963
69558	28	2199	962	963
14698	28	695	962	963
10967	28	104	962	963
15695	28	1980	962	963
17658	28	532	962	963
23967	28	40	962	963
13650	28	239	962	963
8082	28	662	962	963
64705	28	415	962	963
20294	28	1116	962	963
9135	28	109	962	963
28918	28	5545	962	963
12138	28	2772	962	963
35045	28	1853	962	963
57008	28	1624	962	963
50529	28	6359	962	963
11390	28	447	962	963
28479	28	1182	962	963
42187	28	722	962	963
49709	28	8915	962	963
114576	28	439	962	963
7032	28	597	962	963
15535	28	15489	962	963
19357	28	191	962	963
73629	28	12982	962	963
20409	28	239	962	963
75736	28	23573	962	963
6712	28	3144	962	963
84940	28	2089	962	963
8201	28	433	962	963
69607	28	3350	962	963
43793	28	669	962	963
39976	28	416	962	963
49734	28	13818	962	963
67824	28	3174	962	963
47811	28	1861	962	963
63378	28	8955	962	963
26469	28	231	962	963
12269	28	630	962	963
35792	28	2965	962	963
30460	28	3277	962	963
12139	28	973	962	963
19248	28	2423	962	963
16450	28	830	962	963
11408	28	1675	962	963
29097	28	2997	962	963
45929	28	1592	962	963
15746	28	3676	962	963
26968	28	21935	962	963
89890	28	42066	962	963
73220	28	746	962	963
18618	28	1164	962	963
42616	28	883	962	963
38376	28	232	962	963
10660	28	83	962	963
40919	28	659	962	963
55957	28	2338	962	963
57217	28	1690	962	963
107926	28	835	962	963
100597	28	37868	962	963
27697	28	5153	962	963
95630	28	25777	962	963
21869	28	596	962	963
11059	28	179	962	963
38634	28	1138	962	963
13628	28	145	962	963
44229	28	1242	962	963
25331	28	1351	962	963
75918	28	482	962	963
127939	28	93084	962	963
18034	28	310	962	963
29724	28	659	962	963
111615	28	7677	962	963
94567	28	1529	962	963
46112	28	735	962	963
10218	28	423	962	963
17307	28	666	962	963
4911	28	64	962	963
86120	28	977	962	963
107500	28	1460	962	963
14346	28	2050	962	963
49487	28	52	962	963
18690	28	1123	962	963
25086	28	267	962	963
39962	28	832	962	963
15653	28	458	962	963
72716	28	986	962	963
19255	28	256	962	963
21173	28	1112	962	963
16104	28	1324	962	963
94143	28	2735	962	963
24479	28	2859	962	963
33691	28	44	962	963
14199	28	1744	962	963
9991	28	58	962	963
17924	28	289	962	963
10182	28	596	962	963
6277	28	354	962	963
59579	28	21935	962	963
38011	28	3597	962	963
130443	28	5733	962	963
9203	28	558	962	963
30373	28	2324	962	963
76296	28	2467	962	963
45492	28	4726	962	963
19713	28	253	962	963
92629	28	1175	962	963
32364	28	598	962	963
4428	28	74	962	963
114953	28	1269	962	963
37950	28	2004	962	963
60433	28	334	962	963
56565	28	12988	962	963
110633	28	409	962	963
36493	28	1692	962	963
87333	28	2259	962	963
51513	28	2689	962	963
55342	28	2759	962	963
46447	28	290	962	963
14141	28	28	962	963
51197	28	104	962	963
69877	28	793	962	963
23353	28	1543	962	963
19722	28	134	962	963
24233	28	967	962	963
47726	28	3366	962	963
106267	28	1557	962	963
7432	28	265	962	963
68634	28	110072	962	963
38526	28	1275	962	963
28211	28	2607	962	963
13728	28	3491	962	963
8597	28	666	962	963
33172	28	120594	962	963
17307	28	230	962	963
28645	28	1414	962	963
5707	28	56	962	963
7353	28	366	962	963
15994	28	159	962	963
81566	28	9041	962	963
7795	28	451	962	963
18577	28	620	962	963
13805	28	888	962	963
45957	28	180	962	963
11764	28	723	962	963
22985	28	1589	962	963
111041	28	1693	962	963
23040	28	791	962	963
12411	28	76	962	963
25865	28	1812	962	963
106398	28	39218	962	963
20586	28	1234	962	963
6975	28	144	962	963
20479	28	1633	962	963
7779	28	489	962	963
71372	28	1589	962	963
50068	28	1222	962	963
14884	28	1734	962	963
38628	28	725	962	963
42686	28	1136	962	963
100398	28	15315	962	963
82734	28	1806	962	963
16723	28	2692	962	963
7330	28	219	962	963
92589	28	2145	962	963
77224	28	3004	962	963
37385	28	1803	962	963
23772	28	530	962	963
80132	28	224	962	963
37899	28	808	962	963
50846	28	313	962	963
27121	28	1458	962	963
17092	28	717	962	963
88224	28	2991	962	963
27104	28	1656	962	963
68653	28	897	962	963
67047	28	1242	962	963
27626	28	1614	962	963
48510	28	5793	962	963
91792	28	4866	962	963
20003	28	351	962	963
45873	28	4246	962	963
29351	28	1137	962	963
25948	28	792	962	963
9609	28	1394	962	963
12613	28	2399	962	963
23110	28	1358	962	963
26066	28	205	962	963
41868	28	193	962	963
12767	28	2264	962	963
44940	28	79	962	963
56078	28	19	962	963
14171	28	1122	962	963
19016	28	551	962	963
108427	28	989	962	963
38865	28	633	962	963
25840	28	99	962	963
37529	28	710	962	963
24082	28	1167	962	963
6215	28	82	962	963
49558	28	1163	962	963
32343	28	39	962	963
38309	28	32938	962	963
104971	28	1269	962	963
16555	28	770	962	963
23826	28	885	962	963
22421	28	1030	962	963
74053	28	160	962	963
27867	28	2863	962	963
38163	28	3491	962	963
125704	28	1266	962	963
35569	28	3403	962	963
37374	28	131	962	963
29288	28	20134	962	963
9121	28	2166	962	963
23565	28	1172	962	963
81941	28	1777	962	963
7476	28	381	962	963
9789	28	435	962	963
13826	28	1722	962	963
9313	28	2223	962	963
5145	28	242	962	963
26966	28	731	962	963
49235	28	235	962	963
51443	28	985	962	963
11898	28	43	962	963
19701	28	404	962	963
7133	28	55	962	963
21589	28	1436	962	963
122765	28	2054	962	963
9925	28	490	962	963
29988	28	1317	962	963
36197	28	1624	962	963
55672	28	210	962	963
59508	28	1627	962	963
4768	28	219	962	963
61834	28	2908	962	963
51373	28	290	962	963
7923	28	304	962	963
42785	28	3656	962	963
36467	28	1312	962	963
77411	28	7791	962	963
16719	28	34	962	963
39415	28	2564	962	963
35832	28	970	962	963
31473	28	3869	962	963
4855	28	222	962	963
18407	28	1407	962	963
26154	28	2280	962	963
77914	28	1275	962	963
50902	28	2593	962	963
22100	28	751	962	963
118599	28	238	962	963
92407	28	191	962	963
33075	28	2436	962	963
14692	28	1192	962	963
27484	28	864	962	963
24791	28	1210	962	963
21574	28	223	962	963
20596	28	334	962	963
14642	28	722	962	963
33249	28	275	962	963
124627	28	79742	962	963
55775	28	3001	962	963
29033	28	903	962	963
29425	28	242	962	963
4557	28	370	962	963
17327	28	1061	962	963
11081	28	949	962	963
69358	28	759	962	963
28019	28	911	962	963
9907	28	1027	962	963
25160	28	273	962	963
57210	28	10099	962	963
64429	28	2538	962	963
54445	28	1728	962	963
33058	28	575	962	963
74483	28	17698	962	963
27806	28	370	962	963
69369	28	647	962	963
27755	28	1908	962	963
58323	28	751	962	963
59467	28	10135	962	963
12390	28	168	962	963
25965	28	1060	962	963
12316	28	213	962	963
99329	28	3799	962	963
130770	28	1860	962	963
66181	28	3690	962	963
45997	28	2363	962	963
21608	28	1909	962	963
11382	28	1600	962	963
19310	28	178	962	963
11938	28	971	962	963
14353	28	1097	962	963
12047	28	1698	962	963
9428	28	283	962	963
60463	28	2418	962	963
59814	28	2518	962	963
94807	28	770	962	963
8527	28	166	962	963
109184	28	681	962	963
22562	28	6143	962	963
17505	28	1711	962	963
59676	28	266	962	963
43541	28	812	962	963
16073	28	4181	962	963
44650	28	1060	962	963
29126	28	1764	962	963
38467	28	282	962	963
21081	28	186	962	963
28930	28	1421	962	963
90961	28	1855	962	963
67217	28	1698	962	963
14465	28	1214	962	963
27417	28	293	962	963
83027	28	2887	962	963
50556	28	268	962	963
56430	28	1524	962	963
38839	28	1803	962	963
16014	28	188	962	963
8281	28	30	962	963
75632	28	4883	962	963
83170	28	56	962	963
34234	28	29754	962	963
50444	28	4898	962	963
33257	28	715	962	963
5592	28	405	962	963
16065	28	1093	962	963
181194	14	122289	962	963
95692	28	4165	962	963
26649	28	2458	962	963
75195	28	1825	962	963
36722	28	1868	962	963
12598	28	1312	962	963
16270	28	40	962	963
11793	28	378	962	963
26398	28	3503	962	963
40948	28	1159	962	963
69580	28	1527	962	963
63281	28	28238	962	963
8419	28	1652	962	963
85189	28	42984	962	963
49577	28	56	962	963
12201	28	901	962	963
27397	28	1150	962	963
13044	28	620	962	963
44614	28	2115	962	963
32397	28	12988	962	963
62974	28	1767	962	963
63833	28	666	962	963
70602	28	7474	962	963
89566	28	2109	962	963
87665	28	1234	962	963
9175	28	887	962	963
26330	28	1825	962	963
7382	28	215	962	963
33490	28	1364	962	963
70424	28	1883	962	963
51790	28	1527	962	963
37707	28	53	962	963
93256	28	2835	962	963
21572	28	175	962	963
10856	28	2261	962	963
8404	28	1412	962	963
9840	28	33477	962	963
32182	28	1238	962	963
87535	28	1618	962	963
8468	28	1082	962	963
82437	28	6018	962	963
46877	28	82	962	963
9601	28	887	962	963
30915	28	1966	962	963
12514	28	61	962	963
34565	28	1074	962	963
60567	28	7993	962	963
67546	28	629	962	963
36662	28	13963	962	963
42118	28	1269	962	963
95489	28	2158	962	963
29515	28	1850	962	963
37671	28	61	962	963
17010	28	1561	962	963
8342	28	44	962	963
60863	28	4750	962	963
67287	28	883	962	963
11628	28	118	962	963
7521	28	110	962	963
21660	28	1321	962	963
8526	28	14	962	963
82140	28	2569	962	963
94559	28	1351	962	963
69793	28	72	962	963
31463	28	2538	962	963
42795	28	358	962	963
103997	28	666	962	963
27580	28	490	962	963
7198	28	256	962	963
57258	28	1840	962	963
91383	28	248	962	963
44092	28	3480	962	963
10310	28	451	962	963
8380	28	1778	962	963
30774	28	2174	962	963
17596	28	646	962	963
13417	28	1900	962	963
6887	28	754	962	963
27815	28	191	962	963
23225	28	1855	962	963
6897	28	4990	962	963
26360	28	1867	962	963
11995	28	1063	962	963
70343	28	985	962	963
47976	28	1080	962	963
94623	28	748	962	963
37516	28	217	962	963
47141	28	2938	962	963
72974	28	56318	962	963
70358	28	234	962	963
64855	28	420	962	963
6532	28	72	962	963
14554	28	467	962	963
81579	28	4682	962	963
7789	28	121	962	963
26849	28	1084	962	963
23716	28	1860	962	963
9051	28	986	962	963
9820	28	40	962	963
18496	28	1084	962	963
35083	28	1160	962	963
39175	28	111	962	963
15085	28	4704	962	963
67211	28	989	962	963
17841	28	923	962	963
88047	28	2478	962	963
53562	28	1600	962	963
36617	28	442	962	963
38235	28	2270	962	963
43487	28	1383	962	963
13886	28	371	962	963
50814	28	2153	962	963
14128	28	496	962	963
16790	28	281	962	963
82111	28	29	962	963
75167	28	6547	962	963
22255	28	203	962	963
15127	28	2558	962	963
67073	28	2927	962	963
16135	28	983	962	963
42578	28	843	962	963
27496	28	780	962	963
12056	28	357	962	963
22336	28	406	962	963
40457	28	491	962	963
12877	28	1067	962	963
9562	28	1141	962	963
30227	28	1402	962	963
29951	28	578	962	963
7404	28	560	962	963
27343	28	1653	962	963
63142	28	2433	962	963
47561	28	1785	962	963
38520	28	86	962	963
28666	28	2199	962	963
34599	28	282	962	963
68331	28	21499	962	963
11984	28	50	962	963
25204	28	1268	962	963
7645	28	887	962	963
11236	28	104	962	963
141267	28	1509	962	963
17023	28	111	962	963
80777	28	39338	962	963
36451	28	557	962	963
44564	28	968	962	963
68641	28	2301	962	963
71669	28	1411	962	963
103667	28	360	962	963
73865	28	2773	962	963
18470	28	139	962	963
37068	28	65	962	963
20861	28	642	962	963
25832	28	940	962	963
12097	28	2583	962	963
21321	28	608	962	963
20290	28	1583	962	963
44237	28	1329	962	963
26029	28	1230	962	963
30289	28	110	962	963
21987	28	454	962	963
65425	28	38888	962	963
47536	28	44342	962	963
39896	28	1141	962	963
37577	28	617	962	963
61283	28	5713	962	963
50537	28	2740	962	963
5781	28	53	962	963
18802	28	722	962	963
7028	28	41389	962	963
49211	28	95	962	963
24585	28	3103	962	963
9681	28	1141	962	963
17649	28	58	962	963
78050	28	3767	962	963
23305	28	7391	962	963
111770	28	27284	962	963
111239	28	3073	962	963
28241	28	4135	962	963
15196	28	162	962	963
12228	28	4474	962	963
93927	28	1211	962	963
7141	28	1034	962	963
35886	28	2160	962	963
21000	28	624	962	963
13269	28	746	962	963
12542	28	16320	962	963
78046	28	1747	962	963
31852	28	1505	962	963
55933	28	1598	962	963
89093	28	10772	962	963
19820	28	609	962	963
18431	28	1056	962	963
95649	28	50090	962	963
28588	28	612	962	963
49924	28	1552	962	963
33725	28	337	962	963
13783	28	757	962	963
75561	28	2308	962	963
46636	28	2203	962	963
28470	28	1136	962	963
45306	28	3387	962	963
69635	28	1688	962	963
62157	28	401	962	963
85977	28	1063	962	963
68596	28	354	962	963
23532	28	386	962	963
18634	28	1465	962	963
99818	28	4234	962	963
129517	28	3739	962	963
14723	28	3139	962	963
15282	28	597	962	963
16956	28	2085	962	963
23820	28	506	962	963
9448	28	19	962	963
56765	28	1116	962	963
61153	28	11174	962	963
85708	28	66214	962	963
22088	28	1400	962	963
13840	28	840	962	963
4491	28	732	962	963
9761	28	41	962	963
4360	28	161	962	963
17110	28	1410	962	963
13838	28	333	962	963
38170	28	986	962	963
7937	28	250	962	963
9328	28	502	962	963
6689	28	30	962	963
29836	28	835	962	963
59914	28	63	962	963
10092	28	110	962	963
49628	28	5745	962	963
13926	28	1651	962	963
33957	28	313	962	963
26081	28	133	962	963
91407	28	1743	962	963
26220	28	1233	962	963
40836	28	783	962	963
81752	28	1060	962	963
81902	28	66457	962	963
23251	28	621	962	963
93258	28	17833	962	963
130560	28	1060	962	963
18012	28	628	962	963
25858	28	795	962	963
22395	28	15927	962	963
91342	28	1964	962	963
16212	28	866	962	963
51374	28	799	962	963
79600	28	1860	962	963
79073	28	710	962	963
44713	28	211	962	963
13635	28	766	962	963
69757	28	2270	962	963
18857	28	839	962	963
22572	28	91	962	963
65073	28	1410	962	963
38062	28	485	962	963
38237	28	3139	962	963
60018	28	1112	962	963
88592	28	3489	962	963
89960	28	1325	962	963
9617	28	39	962	963
26250	28	4756	962	963
26907	28	621	962	963
10840	28	28	962	963
6699	28	666	962	963
41850	28	21499	962	963
33025	28	996	962	963
27442	28	5713	962	963
49336	28	896	962	963
28757	28	718	962	963
24217	28	629	962	963
8262	28	40	962	963
23752	28	160	962	963
7237	28	298	962	963
109607	28	1136	962	963
16861	28	150	962	963
130939	28	706	962	963
25664	28	962	962	963
21179	28	2060	962	963
12706	28	370	962	963
5976	28	1253	962	963
12049	28	925	962	963
42798	28	4769	962	963
61308	28	2972	962	963
28722	28	1049	962	963
14254	28	77	962	963
49648	28	3354	962	963
12426	28	169	962	963
19434	28	770	962	963
87799	28	2234	962	963
48182	28	625	962	963
49410	28	494	962	963
62690	28	2624	962	963
11823	28	46	962	963
79623	28	901	962	963
14020	28	2284	962	963
73647	28	29	962	963
6775	28	18	962	963
5838	28	89	962	963
48331	28	1966	962	963
47025	28	3193	962	963
27610	28	156	962	963
59972	28	922	962	963
27621	28	620	962	963
12226	28	630	962	963
7570	28	417	962	963
61511	28	283	962	963
49712	28	1081	962	963
15998	28	1519	962	963
12482	28	380	962	963
24919	28	1054	962	963
71350	28	7654	962	963
11581	28	1177	962	963
18691	28	1917	962	963
79582	28	2197	962	963
111201	28	273	962	963
39186	28	894	962	963
108197	28	6225	962	963
45775	28	4251	962	963
10075	28	199	962	963
25417	28	2614	962	963
5592	28	451	962	963
11096	28	451	962	963
15623	28	2773	962	963
23878	28	54	962	963
79342	28	3676	962	963
18480	28	1161	962	963
27254	28	214	962	963
13533	28	58	962	963
17623	28	166	962	963
44131	28	1478	962	963
7764	28	2026	962	963
21373	28	2138	962	963
9331	28	941	962	963
80730	28	3177	962	963
97137	28	211	962	963
30704	28	1199	962	963
87808	28	1181	962	963
25905	28	984	962	963
8104	28	629	962	963
111451	28	1597	962	963
18562	28	82	962	963
11245	28	422	962	963
85204	28	7587	962	963
23911	28	2079	962	963
21798	28	1987	962	963
65348	28	1466	962	963
90601	28	1527	962	963
6638	28	358	962	963
21458	28	1020	962	963
94764	28	2467	962	963
15656	28	55	962	963
73627	28	69278	962	963
11589	28	351	962	963
9624	28	2135	962	963
8930	28	3004	962	963
16229	28	908	962	963
49184	28	936	962	963
15681	28	1231	962	963
16464	28	552	962	963
18465	28	3995	962	963
35870	28	3058	962	963
24106	28	133	962	963
77305	28	69278	962	963
65901	28	3245	962	963
112174	28	5123	962	963
8882	28	87	962	963
17107	28	1762	962	963
42183	28	839	962	963
20764	28	114	962	963
61992	28	2777	962	963
43023	28	912	962	963
109170	28	1095	962	963
36521	28	1155	962	963
12141	28	3793	962	963
40219	28	988	962	963
18609	28	38	962	963
16744	28	336	962	963
27555	28	1141	962	963
30485	28	565	962	963
14869	28	2007	962	963
80581	28	1027	962	963
67047	28	180	962	963
52167	28	1167	962	963
20783	28	2223	962	963
5027	28	3235	962	963
41137	28	4574	962	963
11292	28	405	962	963
30882	28	257	962	963
10073	28	252	962	963
70343	28	126	962	963
145873	28	5855	962	963
57828	28	3386	962	963
61431	28	2956	962	963
15740	28	17856	962	963
12698	28	1092	962	963
17634	28	1289	962	963
30713	28	41	962	963
16232	28	383	962	963
94349	28	1074	962	963
83701	28	3193	962	963
35003	28	924	962	963
62320	28	2776	962	963
56774	28	1110	962	963
10617	28	674	962	963
82076	28	193	962	963
9634	28	5545	962	963
41852	28	131	962	963
21544	28	791	962	963
79150	28	7177	962	963
65371	28	1651	962	963
11295	28	263	962	963
9440	28	74	962	963
56094	28	2353	962	963
80439	28	2512	962	963
20812	28	875	962	963
87507	28	3678	962	963
53810	28	3845	962	963
18960	28	61	962	963
37736	28	4018	962	963
17390	28	526	962	963
26919	28	1097	962	963
155313	28	2052	962	963
18439	28	1394	962	963
55929	28	1830	962	963
95789	28	18653	962	963
18937	28	282	962	963
19224	28	951	962	963
69253	28	18815	962	963
8125	28	2458	962	963
90391	28	1015	962	963
65974	28	2997	962	963
100066	28	609	962	963
44389	28	456	962	963
16899	28	211	962	963
43148	28	1519	962	963
109378	28	3522	962	963
7983	28	39404	962	963
11657	28	19159	962	963
79943	28	3080	962	963
9820	28	110	962	963
93433	28	2204	962	963
71199	28	1855	962	963
61467	28	1837	962	963
48890	28	50918	962	963
10082	28	343	962	963
51731	28	1395	962	963
36042	28	442	962	963
32364	28	4316	962	963
46253	28	1152	962	963
26276	28	743	962	963
56506	28	50918	962	963
16177	28	625	962	963
44803	28	1778	962	963
13864	28	2672	962	963
120609	28	273	962	963
11187	28	86	962	963
14155	28	778	962	963
76415	28	56841	962	963
95711	28	4971	962	963
67813	28	8913	962	963
66934	28	3242	962	963
29607	28	2007	962	963
24812	28	816	962	963
68652	28	1031	962	963
66659	28	318	962	963
70775	28	565	962	963
64967	28	2991	962	963
35711	28	139	962	963
9973	28	625	962	963
30844	28	126	962	963
31053	28	3726	962	963
9759	28	750	962	963
97135	28	5630	962	963
53400	28	2719	962	963
41851	28	253	962	963
68727	28	17523	962	963
14725	28	1141	962	963
5251	28	219	962	963
15266	28	1030	962	963
38579	28	794	962	963
34611	28	1150	962	963
21921	28	923	962	963
79269	28	1545	962	963
32390	28	4472	962	963
28763	28	740	962	963
51676	28	21359	962	963
83632	28	1741	962	963
27541	28	2336	962	963
93298	28	2543	962	963
17659	28	1081	962	963
76008	28	12982	962	963
14028	28	672	962	963
34332	28	8813	962	963
106119	28	1831	962	963
13392	28	1492	962	963
60669	28	1656	962	963
78540	28	674	962	963
29427	28	3460	962	963
104150	28	1052	962	963
67040	28	1076	962	963
24642	28	1304	962	963
51637	28	5247	962	963
65104	28	3319	962	963
24686	28	2353	962	963
18013	28	144	962	963
104425	28	43587	962	963
9990	28	71	962	963
15144	28	1370	962	963
20389	28	170	962	963
38328	28	293	962	963
7669	28	41	962	963
24904	28	3514	962	963
27625	28	609	962	963
62850	28	313	962	963
121043	28	7857	962	963
25901	28	2152	962	963
10116	28	398	962	963
58283	28	565	962	963
28774	28	603	962	963
90208	28	2773	962	963
17381	28	2125	962	963
102090	28	1759	962	963
27579	28	1987	962	963
12590	28	669	962	963
42368	28	1098	962	963
19088	28	748	962	963
15142	28	1402	962	963
31717	28	330	962	963
65230	28	4057	962	963
21671	28	6915	962	963
18726	28	1367	962	963
14702	28	337	962	963
20769	28	260	962	963
26764	28	1596	962	963
22113	28	83	962	963
25297	28	281	962	963
29492	28	1098	962	963
32356	28	55	962	963
11760	28	659	962	963
9184	28	72	962	963
58412	28	21358	962	963
23892	28	2050	962	963
81303	28	6224	962	963
10989	28	1653	962	963
7709	28	1124	962	963
27007	28	1268	962	963
11100	28	1519	962	963
38310	28	5247	962	963
14412	28	166	962	963
78655	28	1460	962	963
6235	28	321	962	963
10234	28	560	962	963
36448	28	12891	962	963
22772	28	2481	962	963
18364	28	337	962	963
10193	28	347	962	963
52768	28	2611	962	963
17414	28	57	962	963
69440	28	2701	962	963
58416	28	1611	962	963
48538	28	254	962	963
8358	28	37	962	963
32013	28	1833	962	963
46394	28	1475	962	963
59005	28	1867	962	963
21141	28	1831	962	963
40174	28	1607	962	963
109880	28	36	962	963
68504	28	107161	962	963
38500	28	1321	962	963
108476	28	117	962	963
30976	28	1672	962	963
72430	28	5798	962	963
10482	28	3172	962	963
55534	28	1346	962	963
99656	28	19402	962	963
45967	28	6915	962	963
20485	28	1726	962	963
30008	28	81	962	963
52521	28	912	962	963
9656	28	42835	962	963
11260	28	1312	962	963
25313	28	10491	962	963
5209	28	451	962	963
51484	28	3936	962	963
19042	28	883	962	963
93350	28	471	962	963
130033	28	413	962	963
81946	28	2577	962	963
17372	28	30	962	963
11342	28	9191	962	963
66489	28	2089	962	963
15549	28	666	962	963
26300	28	913	962	963
9148	28	2018	962	963
16272	28	2109	962	963
6856	28	219	962	963
50027	28	2177	962	963
82580	28	77	962	963
20440	28	1097	962	963
32776	28	1607	962	963
70690	28	1086	962	963
11930	28	1867	962	963
19488	28	1319	962	963
21544	28	1141	962	963
79756	28	3958	962	963
47979	28	462	962	963
16182	28	1367	962	963
29600	28	5177	962	963
32394	28	64	962	963
87666	28	3299	962	963
15383	28	333	962	963
22709	28	451	962	963
21573	28	166	962	963
46816	28	2624	962	963
7885	28	539	962	963
26547	28	129	962	963
75993	28	10772	962	963
26606	28	897	962	963
44502	28	1394	962	963
109609	28	70251	962	963
61514	28	1084	962	963
49029	28	8955	962	963
12625	28	433	962	963
80917	28	963	962	963
38143	28	72	962	963
120898	28	1873	962	963
8936	28	272	962	963
22650	28	1145	962	963
30531	28	235	962	963
6207	28	552	962	963
78521	28	1411	962	963
17648	28	4422	962	963
12997	28	2166	962	963
17598	28	435	962	963
29625	28	8632	962	963
13694	28	311	962	963
17754	28	846	962	963
6358	28	39	962	963
64907	28	7071	962	963
8485	28	1731	962	963
46075	28	2062	962	963
94482	28	210	962	963
83108	28	1624	962	963
11408	28	869	962	963
27364	28	1980	962	963
24861	28	1404	962	963
28505	28	253	962	963
44724	28	1651	962	963
35503	28	364	962	963
18428	28	451	962	963
77958	28	401	962	963
66535	28	882	962	963
88482	28	2728	962	963
70053	28	2205	962	963
18506	28	1704	962	963
51092	28	1164	962	963
25247	28	2859	962	963
30977	28	325	962	963
12530	28	2023	962	963
18092	28	1243	962	963
93807	28	1557	962	963
152984	28	3993	962	963
40980	28	671	962	963
18399	28	6560	962	963
8802	28	401	962	963
32438	28	354	962	963
19796	28	923	962	963
28687	28	134	962	963
10087	28	13976	962	963
27772	28	181	962	963
85247	28	3370	962	963
67191	28	4328	962	963
24729	28	123	962	963
26012	28	1159	962	963
16203	28	392	962	963
55891	28	875	962	963
19225	28	1155	962	963
41434	28	1862	962	963
5254	28	612	962	963
91730	28	1304	962	963
44012	28	1642	962	963
20980	28	899	962	963
77126	28	3977	962	963
11460	28	11092	962	963
22135	28	702	962	963
13605	28	919	962	963
31893	28	76864	962	963
21085	28	77	962	963
77866	28	3700	962	963
67293	28	8823	962	963
10909	28	620	962	963
10084	28	78	962	963
16292	28	47	962	964
82252	28	495	962	964
60579	28	2519	962	964
28960	28	406	962	964
16361	28	2270	962	964
18688	28	511	962	964
45090	28	64	962	964
52309	28	328	962	964
18799	28	74	962	964
70894	28	741	962	964
18856	28	909	962	964
60967	28	1304	962	964
6613	28	445	962	964
29342	28	875	962	964
33789	28	1679	962	964
16465	28	1124	962	964
29059	28	4384	962	964
33893	28	994	962	964
19107	28	726	962	964
52954	28	821	962	964
112796	28	4068	962	964
10411	28	20	962	964
61757	28	1896	962	964
39802	28	319	962	964
34424	28	328	962	964
83603	28	2068	962	964
39864	28	1137	962	964
19468	28	153	962	964
11410	28	1420	962	964
14908	28	99	962	964
34542	28	1050	962	964
8652	28	1067	962	964
25876	28	463	962	964
10529	28	293	962	964
17042	28	158	962	964
22576	28	1061	962	964
13303	28	452	962	964
17055	28	251	962	964
19609	28	451	962	964
72038	28	2023	962	964
53712	28	3403	962	964
7814	28	707	962	964
62415	28	2660	962	964
17158	28	318	962	964
7366	28	50	962	964
24715	28	1153	962	964
6088	28	69	962	964
26139	28	388	962	964
6870	28	940	962	964
70538	28	1806	962	964
5543	28	1917	962	964
40309	28	3925	962	964
17250	28	70	962	964
30432	28	1780	962	964
18954	28	744	962	964
97949	28	4272	962	964
26218	28	33	962	964
40644	28	2997	962	964
19875	28	1436	962	964
40670	28	527	962	964
22942	28	610	962	964
15259	28	408	962	964
98251	28	933	962	964
47049	28	770	962	964
30710	28	1356	962	964
73154	28	2022	962	964
63319	28	1010	962	964
133252	28	196	962	964
63333	28	2276	962	964
84817	28	54339	962	964
17473	28	219	962	964
63447	28	1744	962	964
35572	28	133	962	964
54846	28	2018	962	964
98809	28	174	962	964
26559	28	556	962	964
25116	28	718	962	964
85457	28	1595	962	964
9796	28	222	962	964
35740	28	1232	962	964
85540	28	3750	962	964
26898	28	410	962	964
31067	28	1288	962	964
5991	28	3658	962	964
83022	28	1653	962	964
17696	28	2576	962	964
85779	28	1465	962	964
35908	28	290	962	964
55252	28	3959	962	964
14475	28	558	962	964
6797	28	99	962	964
16717	28	577	962	964
22545	28	909	962	964
21689	28	104	962	964
99379	28	449	962	964
55356	28	8165	962	964
31280	28	52	962	964
84104	28	4169	962	964
36053	28	232	962	964
22259	28	536	962	964
17778	28	214	962	964
20499	28	1751	962	964
13385	28	263	962	964
9197	28	2041	962	964
74387	28	830	962	964
23593	28	2198	962	964
86207	28	2798	962	964
16429	28	298	962	964
6097	28	114	962	964
12118	28	421	962	964
17832	28	1036	962	964
23641	28	27284	962	964
19821	28	251	962	964
55664	28	2152	962	964
23202	28	1146	962	964
31480	28	1257	962	964
39839	28	2436	962	964
47308	28	789	962	964
48275	28	1138	962	964
27361	28	76	962	964
29530	28	843	962	964
12369	28	221	962	964
7956	28	366	962	964
86497	28	2997	962	964
48381	28	434	962	964
71677	28	415	962	964
83942	28	1479	962	964
27079	28	201	962	964
74784	28	432	962	964
27432	28	132	962	964
18848	28	927	962	964
27449	28	1833	962	964
40547	28	1900	962	964
11491	28	379	962	964
42094	28	1727	962	964
19621	28	239	962	964
41712	28	140	962	964
5330	28	451	962	964
63151	28	41	962	964
11224	28	518	962	964
135135	28	99	962	964
11522	28	463	962	964
56284	28	1311	962	964
87120	28	1036	962	964
75385	28	1294	962	964
14825	28	104	962	964
56330	28	1801	962	964
23939	28	753	962	964
39405	28	593	962	964
20944	28	33	962	964
7135	28	474	962	964
8257	28	781	962	964
63029	28	248	962	964
31986	28	718	962	964
65185	28	1083	962	964
158647	28	4750	962	964
11878	28	144	962	964
24010	28	766	962	964
34397	28	2593	962	964
49126	28	1936	962	964
12540	28	1047	962	964
14404	28	381	962	964
117101	28	740	962	964
101226	28	1014	962	964
12070	28	24	962	964
16752	28	1456	962	964
49239	28	828	962	964
31308	28	500	962	964
15994	28	3103	962	964
88016	28	741	962	964
76151	28	1098	962	964
76158	28	835	962	964
6261	28	917	962	964
27969	28	924	962	964
12158	28	821	962	964
49468	28	330	962	964
12842	28	19	962	964
29220	28	315	962	964
22559	28	219	962	964
34527	28	119	962	964
9389	28	1868	962	964
28051	28	2162	962	964
6464	28	504	962	964
66286	28	1581	962	964
25008	28	330	962	964
31694	28	1067	962	964
13230	28	289	962	964
84249	28	159442	962	964
6775	28	388	962	964
13754	28	38	962	964
44925	28	215	962	964
30775	28	161	962	964
37436	28	959	962	964
12621	28	102	962	964
13894	28	325	962	964
7419	28	145	962	964
41372	28	1980	962	964
23357	28	2607	962	964
18637	28	56	962	964
11301	28	511	962	964
21620	28	143	962	964
56900	28	749	962	964
10118	28	587	962	964
60590	28	248	962	964
18593	28	1275	962	964
57624	28	1139	962	964
39088	28	267	962	964
118475	28	5630	962	964
29164	28	1356	962	964
16561	28	245	962	964
33709	28	1049	962	964
9076	28	1812	962	964
19143	28	117	962	964
118754	28	4331	962	964
34058	28	6763	962	964
19212	28	56	962	964
29643	28	1139	962	964
53632	28	4472	962	964
25297	28	1107	962	964
39661	28	525	962	964
137444	28	3129	962	964
101325	28	2963	962	964
34308	28	1232	962	964
60971	28	52677	962	964
61600	28	461	962	964
34206	28	242	962	964
39832	28	1196	962	964
30341	28	710	962	964
7294	28	637	962	964
13116	28	378	962	964
29879	28	839	962	964
16535	28	535	962	964
73002	28	1083	962	964
40060	28	445	962	964
29912	28	7370	962	964
14978	28	905	962	964
117809	28	718	962	964
57861	28	940	962	964
30239	28	391	962	964
11894	28	3139	962	964
89816	28	2423	962	964
118747	28	1611	962	964
8438	28	394	962	964
66429	28	52	962	964
21837	28	192	962	964
14548	28	188	962	964
46303	28	119	962	964
85298	28	2218	962	964
53839	28	1629	962	964
9074	28	67	962	964
24956	28	39	962	964
83857	28	740	962	964
89997	28	1152	962	964
25556	28	1259	962	964
77944	28	292	962	964
46868	28	1260	962	964
40652	28	388	962	964
15168	28	970	962	964
63298	28	781	962	964
14620	28	74	962	964
22995	28	435	962	964
40182	28	2695	962	964
35380	28	894	962	964
30796	28	1526	962	964
63331	28	722	962	964
33870	28	294	962	964
47211	28	8806	962	964
47152	28	1614	962	964
9491	28	331	962	964
7969	28	221	962	964
26768	28	191	962	964
78233	28	673	962	964
26679	28	1123	962	964
17492	28	1867	962	964
17311	28	582	962	964
8576	28	894	962	964
63679	28	6370	962	964
131238	28	1130	962	964
75697	28	347	962	964
11587	28	740	962	964
30976	28	702	962	964
58421	28	137415	962	964
16909	28	643	962	964
41380	28	1011	962	964
39325	28	1760	962	964
84503	28	2274	962	964
20385	28	42	962	964
73752	28	530	962	964
20388	28	920	962	964
47783	28	1115	962	964
35294	28	269	962	964
20491	28	269	962	964
37643	28	21233	962	964
14210	28	502	962	964
64291	28	1237	962	964
20323	28	275	962	964
50542	28	1099	962	964
48081	28	875	962	964
120846	28	3583	962	964
41589	28	337	962	964
71392	28	1795	962	964
74477	28	841	962	964
41791	28	40	962	964
26394	28	612	962	964
14817	28	114	962	964
42827	28	42	962	964
20574	28	242	962	964
82450	28	196	962	964
19955	28	3597	962	964
35176	28	54	962	964
97574	28	2125	962	964
63516	28	888	962	964
58656	28	1655	962	964
36269	28	942	962	964
22828	28	1672	962	964
12774	28	920	962	964
22458	28	81	962	964
11474	28	1617	962	964
118093	28	1595	962	964
23736	28	178	962	964
67601	28	4841	962	964
105209	28	2257	962	964
51949	28	1495	962	964
27533	28	1150	962	964
15818	28	143	962	964
42148	28	36469	962	964
13386	28	1528	962	964
15764	28	309	962	964
60698	28	623	962	964
31785	28	1368	962	964
27609	28	150	962	964
25914	28	467	962	964
24986	28	245	962	964
46410	28	553	962	964
36725	28	1179	962	964
24939	28	447	962	964
29423	28	875	962	964
35264	28	931	962	964
46130	28	612	962	964
31811	28	1796	962	964
64972	28	3973	962	964
91273	28	6143	962	964
52013	28	1155	962	964
8248	28	502	962	964
23967	28	1061	962	964
25212	28	263	962	964
56391	28	1312	962	964
42388	28	678	962	964
26464	28	156	962	964
87195	28	1801	962	964
79179	28	3051	962	964
105681	28	2592	962	964
31919	28	901	962	964
48947	28	703	962	964
29416	28	1896	962	964
18103	28	793	962	964
36632	28	434	962	964
96572	28	605	962	964
41118	28	995	962	964
42503	28	1177	962	964
15922	28	1796	962	964
25181	28	912	962	964
8089	28	696	962	964
23690	28	78	962	964
7649	28	85	962	964
14402	28	619	962	964
5996	28	176	962	964
98075	28	2653	962	964
65696	28	811	962	964
17916	28	471	962	964
105922	28	1666	962	964
22923	28	1216	962	964
42758	28	1171	962	964
65875	28	273	962	964
122140	28	400	962	964
67992	28	1492	962	964
32150	28	241	962	964
22968	28	3403	962	964
32224	28	1643	962	964
106059	28	1036	962	964
57025	28	602	962	964
32198	28	275	962	964
18171	28	615	962	964
16529	28	23	962	964
21979	28	536	962	964
11052	28	1107	962	964
82221	28	357	962	964
23177	28	383	962	964
6262	28	219	962	964
24163	28	446	962	964
36953	28	1672	962	964
79489	28	1395	962	964
99823	28	619	962	964
15947	28	791	962	964
11631	28	144	962	964
23053	28	55	962	964
122512	28	3002	962	964
30662	28	1571	962	964
21203	28	940	962	964
17511	28	186	962	964
27549	28	969	962	964
9873	28	973	962	964
25888	28	1700	962	964
17926	28	1063	962	964
68358	28	3765	962	964
15168	28	245	962	964
141524	28	1304	962	964
57324	28	131	962	964
15471	28	492	962	964
42440	28	145	962	964
66360	28	1120	962	964
33418	28	910	962	964
36907	28	1968	962	964
87786	28	449	962	964
18254	28	79	962	964
11143	28	304	962	964
11623	28	542	962	964
43983	28	1523	962	964
79749	28	291	962	964
141781	28	22005	962	964
104806	28	1466	962	964
74712	28	1951	962	964
51020	28	201	962	964
28995	28	45	962	964
79836	28	6018	962	964
14609	28	363	962	964
20041	28	167	962	964
7088	28	110	962	964
10679	28	109	962	964
86123	28	3373	962	964
23159	28	3815	962	964
19169	28	174	962	964
25412	28	634	962	964
79921	28	321	962	964
27933	28	819	962	964
27364	28	275	962	964
46828	28	621	962	964
18864	28	2065	962	964
26004	28	7559	962	964
30157	28	1950	962	964
6641	28	441	962	964
48278	28	612	962	964
29218	28	295	962	964
16946	28	61	962	964
13257	28	355	962	964
107104	28	1822	962	964
12565	28	355	962	964
26305	28	289	962	964
10922	28	239	962	964
56409	28	85	962	964
11031	28	1508	962	964
57478	28	251	962	964
28545	28	202	962	964
66205	28	1099	962	964
64538	28	1173	962	964
62822	28	647	962	964
23078	28	63	962	964
7108	28	343	962	964
40934	28	995	962	964
142716	28	3447	962	964
65972	28	160	962	964
44235	28	2785	962	964
69144	28	80298	962	964
92873	28	1116	962	964
28228	28	325	962	964
15497	28	591	962	964
42057	28	456	962	964
37345	28	1052	962	964
65771	28	5246	962	964
17285	28	56	962	964
23563	28	812	962	964
19266	28	250	962	964
26705	28	629	962	964
17976	28	266	962	964
78856	28	905	962	964
48721	28	970	962	964
40957	28	1672	962	964
56714	28	572	962	964
15662	28	149	962	964
32295	28	596	962	964
21532	28	170	962	964
101470	28	6547	962	964
20205	28	2264	962	964
18666	28	2126	962	964
65025	28	1096	962	964
12655	28	383	962	964
88931	28	39338	962	964
44352	28	18479	962	964
11720	28	36	962	964
93211	28	1691	962	964
15784	28	554	962	964
11220	28	597	962	964
29342	28	509	962	964
25486	28	529	962	964
6957	28	72	962	964
24882	28	6915	962	964
106990	28	92949	962	964
32074	28	168	962	964
80611	28	495	962	964
52506	28	434	962	964
92853	28	2467	962	964
26261	28	571	962	964
38058	28	446	962	964
11943	28	539	962	964
71515	28	1725	962	964
66857	28	2399	962	964
33911	28	41	962	964
90008	28	222	962	964
51510	28	4883	962	964
30509	28	255	962	964
21797	28	1413	962	964
42552	28	1004	962	964
35839	28	555	962	964
43000	28	961	962	964
19346	28	474	962	964
8262	28	416	962	964
68769	28	1270	962	964
11337	28	669	962	964
22907	28	911	962	964
25918	28	6818	962	964
124862	28	35167	962	964
13939	28	70	962	964
8421	28	42	962	964
93584	28	2482	962	964
13595	28	178	962	964
41842	28	507	962	964
10441	28	210	962	964
38454	28	940	962	964
125066	28	353	962	964
23436	28	1882	962	964
42294	28	401	962	964
38477	28	1218	962	964
124596	28	1060	962	964
18331	28	1752	962	964
38131	28	2048	962	964
108540	28	1333	962	964
13627	28	593	962	964
14530	28	286	962	964
56044	28	501	962	964
28778	28	412	962	964
22863	28	1388	962	964
35096	28	32737	962	964
49973	28	2843	962	964
61396	28	536	962	964
93874	28	1294	962	964
13885	28	821	962	964
16448	28	624	962	964
12719	28	1730	962	964
12277	28	1092	962	964
37991	28	184	962	964
6437	28	30	962	964
15932	28	478	962	964
93979	28	2517	962	964
21569	28	714	962	964
41303	28	1363	962	964
6211	28	922	962	964
57315	28	233	962	964
15739	28	1012	962	964
125703	28	2742	962	964
11889	28	70	962	964
108058	28	956	962	964
92499	28	180	962	964
28494	28	666	962	964
66083	28	1073	962	964
18043	28	74	962	964
39623	28	1788	962	964
40031	28	961	962	964
35643	28	1083	962	964
31218	28	527	962	964
68215	28	85	962	964
28808	28	150	962	964
91865	28	1611	962	964
14830	28	294	962	964
21486	28	753	962	964
23481	28	745	962	964
28105	28	910	962	964
81254	28	2458	962	964
113805	28	1547	962	964
14961	28	732	962	964
60492	28	210	962	964
71717	28	2218	962	964
18076	28	909	962	964
23764	28	213	962	964
28535	28	1096	962	964
25683	28	1032	962	964
58996	28	686	962	964
44796	28	54	962	964
57275	28	2160	962	964
28057	28	556	962	964
87190	28	4135	962	964
23240	28	455	962	964
68463	28	73136	962	964
23058	28	15927	962	964
11640	28	78	962	964
5204	28	431	962	964
117249	28	32976	962	964
68405	28	309	962	964
40466	28	193	962	964
107132	28	1834	962	964
19219	28	2065	962	964
28490	28	1691	962	964
90427	28	1963	962	964
51015	28	925	962	964
57390	28	436	962	964
28477	28	434	962	964
81349	28	1096	962	964
145967	28	744	962	964
68690	28	52	962	964
103565	28	7232	962	964
59293	28	1796	962	964
126466	28	1283	962	964
5274	28	332	962	964
66172	28	475	962	964
57868	28	1492	962	964
29831	28	1665	962	964
30537	28	236	962	964
59267	28	1874	962	964
21013	28	252	962	964
51117	28	245	962	964
106978	28	2909	962	964
56342	28	899	962	964
6995	28	57	962	964
20315	28	1523	962	964
15900	28	7474	962	964
15188	28	1358	962	964
26843	28	266	962	964
31001	28	1050	962	964
53735	28	1937	962	964
82886	28	1333	962	964
6856	28	74	962	964
146253	28	35016	962	964
4995	28	3153	962	964
107062	28	1253	962	964
44018	28	986	962	964
4901	28	38	962	964
7710	28	331	962	964
70484	28	6557	962	964
11466	28	828	962	964
40140	28	2065	962	964
44010	28	912	962	964
7259	28	63	962	964
33714	28	286	962	964
44003	28	2166	962	964
44952	28	905	962	964
17668	28	647	962	964
98481	28	37	962	964
21452	28	195	962	964
21824	28	100	962	964
26452	28	1033	962	964
63235	28	2154	962	964
16122	28	1434	962	964
28552	28	504	962	964
13050	28	142	962	964
11514	28	909	962	964
93138	28	1083	962	964
72561	28	16	962	964
35486	28	103	962	964
126412	28	2052	962	964
59501	28	282	962	964
28634	28	390	962	964
33034	28	970	962	964
41434	28	607	962	964
78919	28	19	962	964
14174	28	327	962	964
47795	28	266	962	964
10763	28	263	962	964
23248	28	477	962	964
69210	28	4796	962	964
69209	28	253	962	964
7489	28	124	962	964
13638	28	122	962	964
19301	28	988	962	964
7060	28	49	962	964
36396	28	410	962	964
82988	28	2205	962	964
43960	28	1867	962	964
8512	28	3615	962	964
76287	28	933	962	964
8009	28	53	962	964
105120	28	3002	962	964
26155	28	481	962	964
13663	28	44	962	964
15548	28	19	962	964
9583	28	753	962	964
94764	28	2096	962	964
15612	28	220	962	964
30288	28	54	962	964
55421	28	1557	962	964
21506	28	582	962	964
9681	28	106	962	964
94798	28	412	962	964
15743	28	175	962	964
51444	28	333	962	964
57007	28	5153	962	964
69470	28	2485	962	964
35716	28	1828	962	964
66050	28	893	962	964
65550	28	15969	962	964
27652	28	681	962	964
20279	28	467	962	964
16152	28	969	962	964
14379	28	193	962	964
59087	28	54253	962	964
17904	28	417	962	964
89670	28	1698	962	964
94874	28	30463	962	964
18238	28	1695	962	964
25158	28	803	962	964
13597	28	248	962	964
18499	28	2899	962	964
29202	28	912	962	964
16262	28	912	962	964
27704	28	288	962	964
59534	28	1456	962	964
83725	28	1018	962	964
12675	28	80	962	964
90396	28	2798	962	964
6791	28	252	962	964
37222	28	986	962	964
57750	28	2569	962	964
20243	28	423	962	964
41104	28	307	962	964
10827	28	401	962	964
26724	28	2974	962	964
16894	28	3671	962	964
42057	28	103	962	964
12904	28	913	962	964
101881	28	38559	962	964
13668	28	2458	962	964
36787	28	2065	962	964
65474	28	8826	962	964
79081	28	3765	962	964
86105	28	1417	962	964
48068	28	617	962	964
26732	28	1266	962	964
84571	28	4729	962	964
40376	28	1251	962	964
108575	28	1058	962	964
91133	28	1454	962	964
53544	28	254	962	964
12752	28	811	962	964
37128	28	74	962	964
9665	28	1231	962	964
9570	28	139	962	964
71630	28	455	962	964
79740	28	34709	962	964
115634	28	3129	962	964
9002	28	451	962	964
62824	28	1152	962	964
82945	28	3926	962	964
61257	28	2602	962	964
55376	28	740	962	964
5705	28	149	962	964
19737	28	213	962	964
18241	28	407	962	964
90553	28	3277	962	964
69778	28	7895	962	964
79844	28	5908	962	964
37181	28	169	962	964
67133	28	51	962	964
9384	28	49	962	964
95096	28	8464	962	964
107050	28	7654	962	964
24572	28	1749	962	964
28131	28	1833	962	964
74689	28	2048	962	964
25007	28	263	962	964
126433	28	2545	962	964
42628	28	2525	962	964
67208	28	1801	962	964
28738	28	288	962	964
136165	28	784	962	964
106688	28	3222	962	964
18396	28	256	962	964
87468	28	3378	962	964
96585	28	2289	962	964
24606	28	927	962	964
11379	28	1199	962	964
13799	28	741	962	964
20509	28	669	962	964
93033	28	3491	962	964
13420	28	144	962	964
62914	28	619	962	964
75528	28	2327	962	964
25842	28	216	962	964
23281	28	132	962	964
87679	28	2991	962	964
55984	28	2482	962	964
31825	28	4979	962	964
149032	28	199	962	964
50514	28	292	962	964
17641	28	559	962	964
30367	28	1116	962	964
29124	28	2093	962	964
12239	28	5197	962	964
50750	28	2147	962	964
22147	28	2909	962	964
9197	28	1731	962	964
17335	28	646	962	964
8121	28	778	962	964
49701	28	54	962	964
11206	28	1055	962	964
68380	28	171	962	964
15919	28	139	962	964
16702	28	434	962	964
39032	28	13859	962	964
9691	28	118	962	964
58660	28	2062	962	964
70259	28	2518	962	964
20064	28	509	962	964
106866	28	591	962	964
22540	28	695	962	964
109735	28	211	962	964
20920	28	583	962	964
100512	28	17987	962	964
46877	28	154	962	964
68739	28	83	962	964
10253	28	1417	962	964
32802	28	4720	962	964
75165	28	106	962	964
40769	28	7971	962	964
6430	28	23	962	964
6411	28	546	962	964
5501	28	61	962	964
46017	28	181	962	964
16254	28	696	962	964
22480	28	1853	962	964
62116	28	1266	962	964
16977	28	866	962	964
72625	28	1367	962	964
6772	28	250	962	964
7783	28	912	962	964
33072	28	1399	962	964
75433	28	1371	962	964
53170	28	309	962	964
18797	28	481	962	964
23190	28	236	962	964
57510	28	759	962	964
101640	28	2480	962	964
36717	28	509	962	964
32212	28	1563	962	964
23834	28	2965	962	964
37218	28	718	962	964
59873	28	1390	962	964
40914	28	40	962	964
29921	28	745	962	964
60038	28	174	962	964
31947	28	1811	962	964
38544	28	1121	962	964
48957	28	1030	962	964
52912	28	95	962	964
68009	28	14989	962	964
35507	28	981	962	964
6308	28	628	962	964
55315	28	1956	962	964
17356	28	975	962	964
12115	28	2052	962	964
44449	28	662	962	964
18779	28	68	962	964
25723	28	257	962	964
34047	28	1204	962	964
17796	28	48	962	964
5780	28	66	962	964
22137	28	378	962	964
52452	28	257	962	964
38149	28	578	962	964
68073	28	1098	962	964
28720	28	1280	962	964
33532	28	2970	962	964
15025	28	257	962	964
61194	28	11695	962	964
59887	28	712	962	964
17124	28	54	962	964
62789	28	509	962	964
51881	28	525	962	964
24441	28	47	962	964
16214	28	574	962	964
28832	28	110	962	964
31800	28	79	962	964
92179	28	1874	962	964
11275	28	1796	962	964
19853	28	416	962	964
23139	28	150	962	964
47456	28	92	962	964
81933	28	3242	962	964
61967	28	515	962	964
41175	28	5770	962	964
47449	28	133	962	964
78395	28	2353	962	964
35530	28	5107	962	964
111182	28	3151	962	964
51722	28	536	962	964
7553	28	104	962	964
62125	28	54209	962	964
38581	28	1783	962	964
27476	28	230	962	964
53616	28	384	962	964
129278	28	15214	962	964
57306	28	119	962	964
12404	28	61	962	964
106624	28	556	962	964
51440	28	70	962	964
51528	28	504	962	964
11735	28	95	962	964
8875	28	134	962	964
75167	28	2602	962	964
60064	28	857	962	964
81458	28	6909	962	964
42215	28	43	962	964
32264	28	410	962	964
10715	28	51	962	964
9184	28	65	962	964
26093	28	913	962	964
40957	28	702	962	964
80413	28	3765	962	964
121373	28	2115	962	964
33947	28	159	962	964
40343	28	1317	962	964
33281	28	533	962	964
19605	28	524	962	964
40925	28	587	962	964
12338	28	635	962	964
55991	28	3584	962	964
16387	28	51	962	964
70143	28	535	962	964
53627	28	911	962	964
24457	28	1161	962	964
148225	28	6423	962	964
16178	28	1595	962	964
43145	28	3671	962	964
18465	28	437	962	964
24473	28	1917	962	964
109889	28	1173	962	964
24884	28	787	962	964
22986	28	2687	962	964
93996	28	83	962	964
29028	28	1314	962	964
80669	28	3765	962	964
59151	28	1277	962	964
16145	28	292	962	964
52258	28	2300	962	964
21637	28	4696	962	964
77626	28	1147	962	964
87585	28	412	962	964
24102	28	241	962	964
14126	28	123	962	964
13932	28	298	962	964
22785	28	54	962	964
126052	28	1796	962	964
15988	28	52	962	964
30169	28	1434	962	964
76147	28	1018	962	964
28092	28	118	962	964
102375	28	2174	962	964
59455	28	669	962	964
87579	28	455	962	964
27726	28	554	962	964
84664	28	911	962	964
8794	28	56	962	964
101224	28	887	962	964
6575	28	445	962	964
104781	28	2060	962	964
24189	28	860	962	964
29350	28	1150	962	964
15087	28	1595	962	964
27210	28	135	962	964
100047	28	477	962	964
20578	28	77	962	964
78572	28	5713	962	964
48969	28	1120	962	964
68202	28	15634	962	964
20707	28	1142	962	964
37903	28	669	962	964
12130	28	681	962	964
19215	28	1923	962	964
63037	28	4488	962	964
20430	28	695	962	964
57001	28	2227	962	964
51230	28	1867	962	964
82952	28	262	962	964
4776	28	23	962	964
87646	28	1002	962	964
15755	28	309	962	964
106780	28	9631	962	964
87222	28	27434	962	964
63378	28	748	962	964
33283	28	752	962	964
8171	28	274	962	964
75116	28	4480	962	964
6587	28	525	962	964
23172	28	1018	962	964
23224	28	152	962	964
21256	28	511	962	964
9030	28	1411	962	964
28663	28	1153	962	964
48907	28	3449	962	964
19864	28	1027	962	964
7239	28	1420	962	964
33367	28	1035	962	964
62354	28	5508	962	964
20149	28	2695	962	964
130033	28	101	962	964
7037	28	185	962	964
26890	28	171	962	964
72207	28	1158	962	964
46699	28	1833	962	964
7532	28	674	962	964
90772	28	1279	962	964
44354	28	842	962	964
28831	28	303	962	964
23188	28	1629	962	964
14784	28	114	962	964
26324	28	1107	962	964
37920	28	4634	962	964
85038	28	1073	962	964
24749	28	378	962	964
16407	28	6581	962	964
12546	28	1475	962	964
20616	28	436	962	964
17727	28	647	962	964
103444	28	2150	962	964
13981	28	793	962	964
27819	28	111	962	964
60400	28	22	962	964
80788	28	1036	962	964
120591	28	1650	962	964
83081	28	4810	962	964
64377	28	71	962	964
40603	28	2945	962	964
60938	28	2363	962	964
5992	28	596	962	964
7496	28	72	962	964
16997	28	1266	962	964
41669	28	3862	962	964
37707	28	33	962	964
55668	28	70	962	964
25462	28	381	962	964
15322	28	574	962	964
49631	28	1190	962	964
74278	28	1346	962	964
12278	28	5185	962	964
7296	28	250	962	964
44225	28	1098	962	964
49644	28	475	962	964
26441	28	507	962	964
57890	28	965	962	964
12198	28	81726	962	964
13196	28	998	962	964
4587	28	63	962	964
38482	28	52	962	964
25012	28	555	962	964
64075	28	4347	962	964
20934	28	286	962	964
63080	28	6547	962	964
35473	28	1269	962	964
11967	28	1505	962	964
11177	28	114	962	964
25045	28	91	962	964
27790	28	319	962	964
11060	28	76	962	964
10753	28	792	962	964
36992	28	33	962	964
71160	28	1153	962	964
75511	28	4971	962	964
78788	28	159	962	964
50477	28	2829	962	964
70919	28	1507	962	964
35391	28	916	962	964
28806	28	139	962	964
70361	28	2197	962	964
74082	28	1317	962	964
16441	28	732	962	964
19542	28	215	962	964
111536	28	56352	962	964
38902	28	3075	962	964
33269	28	2196	962	964
125742	28	1623	962	964
68234	28	2607	962	964
44395	28	24	962	964
21155	28	193	962	964
27798	28	1179	962	964
25903	28	2062	962	964
21200	28	1288	962	964
52842	28	590	962	964
36925	28	1822	962	964
25573	28	381	962	964
33012	28	1773	962	964
18810	28	236	962	964
11463	28	1088	962	964
12070	28	44	962	964
25512	28	80	962	964
24912	28	159	962	964
23692	28	1231	962	964
34721	28	1879	962	964
8944	28	53	962	964
95466	28	814	962	964
128259	28	2984	962	964
54079	28	22339	962	964
65638	28	1176	962	964
18636	28	20	962	964
48036	28	558	962	964
30896	28	1423	962	964
30219	28	719	962	964
11555	28	159	962	964
24651	28	1088	962	964
13943	28	38	962	964
78630	28	378	962	964
42702	28	1436	962	964
9676	28	714	962	964
29156	28	1047	962	964
17891	28	1115	962	964
22776	28	1867	962	964
115860	28	2517	962	964
19376	28	257	962	964
11825	28	1950	962	964
45679	28	993	962	964
51348	28	91	962	964
127307	28	2415	962	964
42505	28	888	962	964
13477	28	378	962	964
16509	28	475	962	964
39583	28	140	962	964
30016	28	2146	962	964
50013	28	327	962	964
75062	28	3503	962	964
53623	28	970	962	964
70273	28	1803	962	964
22938	28	614	962	964
11176	28	2627	962	964
36050	28	1477	962	964
81028	28	330	962	964
65278	28	927	962	964
80427	28	2592	962	964
20455	28	1139	962	964
15667	28	139	962	964
22862	28	54	962	964
63020	28	528	962	964
51017	28	1461	962	964
15553	28	927	962	964
73648	28	933	962	964
68960	28	1525	962	964
76985	28	44342	962	964
27817	28	803	962	964
65718	28	1626	962	964
19849	28	31	962	964
62923	28	455	962	964
64745	28	477	962	964
97441	28	970	962	964
75115	28	70	962	964
32987	28	575	962	964
53693	28	489	962	964
9228	28	32	962	964
28267	28	43	962	964
21219	28	1695	962	964
9681	28	6255	962	964
79242	28	632	962	964
72176	28	3339	962	964
21278	28	38	962	964
11090	28	1289	962	964
68886	28	22347	962	964
60425	28	13263	962	964
51947	28	398	962	964
86623	28	1255	962	964
15108	28	169	962	964
29608	28	77	962	964
21489	28	99	962	964
39143	28	669	962	964
100474	28	1465	962	964
116745	28	2456	962	964
123433	28	696	962	964
51340	28	1614	962	964
10852	28	1389	962	964
19389	28	3960	962	964
29204	28	607	962	964
16808	28	707	962	964
126879	28	3132	962	964
17806	28	162	962	964
63601	28	2048	962	964
64085	28	325	962	964
14355	28	20847	962	964
17635	28	1116	962	964
24460	28	1155	962	964
11964	28	185	962	964
13577	28	139	962	964
87433	28	1286	962	964
34809	28	1676	962	964
48478	28	244	962	964
10012	28	1354	962	964
12186	28	1005	962	964
98369	28	2720	962	964
52993	28	1399	962	964
86085	28	516	962	964
16127	28	1107	962	964
46063	28	1883	962	964
73363	28	2943	962	964
50538	28	1936	962	964
66333	28	2957	962	964
75704	28	2773	962	964
15548	28	717	962	964
19866	28	783	962	964
80940	28	951	962	964
25065	28	2166	962	964
29732	28	1328	962	964
106408	28	129	962	964
75300	28	1151	962	964
44161	28	1115	962	964
111105	28	586	962	964
44446	28	3383	962	964
48055	28	1124	962	964
10638	28	486	962	964
15790	28	54	962	964
35689	28	235	962	964
8768	28	162	962	964
10072	28	31	962	964
41747	28	959	962	964
20462	28	217	962	964
19538	28	1444	962	964
9601	28	787	962	964
18038	28	156	962	964
108105	28	1221	962	964
25183	28	3299	962	964
27643	28	370	962	964
21005	28	607	962	964
81770	28	868	962	964
6181	28	76	962	964
35574	28	914	962	964
26326	28	1993	962	964
32444	28	989	962	964
117877	28	447	962	964
31236	28	2353	962	964
78351	28	1083	962	964
6086	28	434	962	964
75995	28	64	962	964
34322	28	783	962	964
30872	28	841	962	964
59216	28	1675	962	964
12346	28	1833	962	964
42858	28	1162	962	964
10258	28	481	962	964
36984	28	568	962	964
61048	28	956	962	964
34307	28	1186	962	964
88832	28	251	962	964
44696	28	3597	962	964
30789	28	54	962	964
60628	28	7675	962	964
9094	28	846	962	964
9351	28	49	962	964
23673	28	1394	962	964
16211	28	2227	962	964
38170	28	22	962	964
75484	28	442	962	964
6731	28	102	962	964
22430	28	1047	962	964
38232	28	407	962	964
15507	28	106	962	964
14372	28	1047	962	964
123858	23	5446	962	964
11758	28	647	962	964
87145	28	2119	962	964
55653	28	496	962	964
94689	28	989	962	964
14231	28	202	962	964
60180	28	908	962	964
47630	28	59319	962	964
94263	28	703	962	964
81101	28	3570	962	964
50657	28	351	962	964
18831	28	57	962	964
12233	28	24	962	964
8099	28	55	962	964
37924	28	77	962	964
10554	28	89	962	964
111877	28	8354	962	964
44739	28	203	962	964
131278	28	1023	962	964
16582	28	1008	962	964
60122	28	2695	962	964
147488	28	3129	962	964
38130	28	1249	962	964
9207	28	518	962	964
30240	28	1358	962	964
40321	28	1664	962	964
21218	28	829	962	964
22116	28	792	962	964
33845	28	292	962	964
12070	28	401	962	964
57624	28	112	962	964
90379	28	2215	962	964
43854	28	1738	962	964
12195	28	693	962	964
79950	28	55690	962	964
30017	28	150	962	964
10937	28	2062	962	964
26666	28	1444	962	964
63552	28	3452	962	964
62717	28	234	962	964
29643	28	112	962	964
19352	28	983	962	964
28611	28	92	962	964
81919	28	3938	962	964
79073	28	7218	962	964
7544	28	571	962	964
108751	28	1896	962	964
11674	28	79	962	964
9195	28	1204	962	964
31774	28	629	962	964
10081	28	575	962	964
11555	28	707	962	964
10266	28	635	962	964
3831	28	56	962	964
10748	28	505	962	964
73904	28	273	962	964
21189	28	22	962	964
15187	28	126	962	964
13358	28	147	962	964
20189	28	24	962	964
53268	28	1850	962	964
17865	28	568	962	964
36549	28	192	962	964
59698	28	8453	962	964
14488	28	199	962	964
14924	28	14167	962	964
36014	28	718	962	964
31351	28	1275	962	964
109544	28	39338	962	964
54740	28	318	962	964
7801	28	603	962	964
12696	28	888	962	964
15760	28	1030	962	964
85920	28	20481	962	964
36804	28	13976	962	964
71956	28	3080	962	964
14134	28	307	962	964
29478	28	1442	962	964
51534	28	220	962	964
20819	28	504	962	964
20637	28	74	962	964
26092	28	969	962	964
70197	28	289	962	964
31090	28	3707	962	964
19628	28	46	962	964
23306	28	1811	962	964
77051	28	2849	962	964
65163	28	1286	962	964
7462	28	1417	962	964
35558	28	707	962	964
58413	28	412	962	964
7684	28	799	962	964
107643	28	114	962	964
92713	28	2585	962	964
44733	28	2720	962	964
18349	28	639	962	964
29372	28	114	962	964
118799	28	13768	962	964
81236	28	2072	962	964
59421	28	27	962	964
10848	28	571	962	964
5910	28	39	962	964
25013	28	447	962	964
24080	28	962	962	964
74637	28	37861	962	964
63448	28	1336	962	964
5759	28	829	962	964
12074	28	829	962	964
124047	28	2542	962	964
12572	28	994	962	964
59875	28	1228	962	964
24498	28	722	962	964
51091	28	942	962	964
34255	28	1020	962	964
77288	28	273	962	964
11746	28	793	962	964
24603	28	30	962	964
90094	28	412	962	964
17433	28	76	962	964
37953	28	1053	962	964
14669	28	1025	962	964
37560	28	524	962	964
35493	28	124	962	964
13523	28	177	962	964
48683	28	492	962	964
102249	28	669	962	964
17336	28	169	962	964
60478	28	1864	962	964
27385	28	1137	962	964
16855	28	1430	962	964
24191	28	2568	962	964
14630	28	2346	962	964
22599	28	309	962	964
13156	28	1275	962	964
21790	28	571	962	964
16206	28	257	962	964
54558	28	2766	962	964
42012	28	1520	962	964
51090	28	3139	962	964
18959	28	718	962	964
27673	28	717	962	964
38563	28	1444	962	964
15990	28	74	962	964
44728	28	86	962	964
50056	28	826	962	964
32192	28	1751	962	964
40147	28	30	962	964
92146	28	27093	962	964
13132	28	2346	962	964
110161	28	435	962	964
36953	28	702	962	964
17532	28	239	962	964
46547	28	2968	962	964
14701	28	1693	962	964
93619	28	2078	962	964
15077	28	712	962	964
63607	28	960	962	964
82423	28	170	962	964
124709	28	796	962	964
27563	28	5089	962	964
12769	28	1165	962	964
81953	28	2872	962	964
16631	28	802	962	964
31121	28	168	962	964
21366	28	132	962	964
10535	28	23	962	964
19726	28	22	962	964
12170	28	319	962	964
56262	28	11520	962	964
18209	28	975	962	964
46867	28	905	962	964
47775	28	903	962	964
31792	28	583	962	964
72567	28	757	962	964
56935	28	91	962	964
69027	28	819	962	964
44727	28	4048	962	964
63156	28	888	962	964
19838	28	280	962	964
49105	28	1833	962	964
6170	28	602	962	964
21353	28	591	962	964
47063	28	57	962	964
54769	28	1762	962	964
44995	28	233	962	964
22590	28	91	962	964
78881	28	675	962	964
17537	28	451	962	964
44411	28	1266	962	964
18757	28	240	962	964
18512	28	250	962	964
13450	28	582	962	964
18432	28	1850	962	964
18368	28	1292	962	964
61701	28	1152	962	964
25721	28	1659	962	964
47763	28	583	962	964
10102	28	144	962	964
41158	28	293	962	964
14141	28	66	962	964
91096	28	254	962	964
39871	28	6935	962	964
49146	28	1617	962	964
59944	28	986	962	964
22479	28	2152	962	964
46623	28	840	962	964
38133	28	7654	962	964
38144	28	1900	962	964
16283	28	88	962	964
27761	28	988	962	964
31214	28	905	962	964
25789	28	2837	962	964
79821	28	1811	962	964
11321	28	332	962	964
86156	28	51995	962	964
55326	28	311	962	964
23561	28	309	962	964
120240	28	3452	962	964
30621	28	325	962	964
37921	28	1853	962	964
9125	28	80	962	964
32978	28	3688	962	964
15735	28	525	962	964
9824	28	36	962	964
26452	28	170	962	964
17777	28	422	962	964
28595	28	620	962	964
13886	28	527	962	964
20126	28	504	962	964
33947	28	707	962	964
29347	28	422	962	964
26536	28	4403	962	964
55634	28	507	962	964
32945	28	401	962	964
78139	28	4589	962	964
63933	28	252	962	964
56829	28	2151	962	964
47486	28	318	962	964
43272	28	1006	962	964
28665	28	149	962	964
18027	28	991	962	964
9725	28	387	962	964
17769	28	2712	962	964
17758	28	1431	962	964
89540	28	321	962	964
67776	28	2426	962	964
16046	28	525	962	964
17828	28	144	962	964
17339	28	2007	962	964
10353	28	629	962	964
110841	28	2980	962	964
81786	28	659	962	964
11652	28	2153	962	964
20814	28	602	962	964
54134	28	235	962	964
9374	28	504	962	964
122738	28	5030	962	964
130863	28	693	962	964
109720	28	114	962	964
16790	28	586	962	964
187250	28	278	962	964
28008	28	427	962	964
27757	28	1670	962	964
11931	28	897	962	964
30516	28	179	962	964
31185	28	1221	962	964
8055	28	66	962	964
7143	28	1651	962	964
23440	28	1434	962	964
38570	28	133	962	964
89454	28	2602	962	964
19844	28	181	962	964
8648	28	829	962	964
89517	28	2480	962	964
30184	28	913	962	964
19476	28	615	962	964
38965	28	369	962	964
34538	28	1672	962	964
75709	28	911	962	964
6782	28	630	962	964
96973	28	400	962	964
36847	28	2105	962	964
28093	28	616	962	964
7665	28	334	962	964
98677	28	27434	962	964
50726	28	883	962	964
8028	28	696	962	964
44786	28	1222	962	965
44815	28	976	962	965
60848	28	2853	962	965
6683	28	20	962	965
39146	28	294	962	965
29429	28	199	962	965
45448	28	363	962	965
39343	28	4669	962	965
39102	28	735	962	965
96684	28	2467	962	965
71567	28	1239	962	965
96836	28	1499	962	965
6389	28	293	962	965
21728	28	1726	962	965
14840	28	170	962	965
96119	28	1903	962	965
30023	28	1136	962	965
14926	28	76	962	965
62186	28	612	962	965
52905	28	37	962	965
14969	28	502	962	965
17086	28	792	962	965
25439	28	670	962	965
19774	28	703	962	965
40323	28	203	962	965
22785	28	170	962	965
62593	28	787	962	965
26270	28	821	962	965
7863	28	574	962	965
7699	28	47	962	965
25677	28	1094	962	965
63075	28	524	962	965
6735	28	142	962	965
6833	28	74	962	965
85190	28	1092	962	965
23288	28	1980	962	965
41248	28	1388	962	965
9800	28	60	962	965
26927	28	1333	962	965
83632	28	796	962	965
73884	28	330	962	965
47653	28	1221	962	965
55239	28	1005	962	965
10503	28	87	962	965
34294	28	17063	962	965
26209	28	282	962	965
35661	28	371	962	965
74319	28	2174	962	965
47391	28	608	962	965
73282	28	8033	962	965
64512	28	41796	962	965
86460	28	412	962	965
61218	28	380	962	965
60975	28	1617	962	965
17414	28	22	962	965
13670	28	660	962	965
36477	28	134	962	965
60582	28	4337	962	965
85227	28	9811	962	965
14716	28	266	962	965
14273	28	1656	962	965
65184	28	900	962	965
9468	28	141	962	965
42384	28	35860	962	965
116688	28	722	962	965
71821	28	1258	962	965
12514	28	16	962	965
42459	28	2576	962	965
14764	28	318	962	965
15914	28	350	962	965
45323	28	590	962	965
7571	28	272	962	965
60834	28	36916	962	965
117011	28	1864	962	965
21025	28	196	962	965
33820	28	303	962	965
7768	28	55	962	965
42846	28	2276	962	965
57001	28	417	962	965
18184	28	262	962	965
13250	28	406	962	965
66037	28	1078	962	965
8647	28	122	962	965
6284	28	160	962	965
22258	28	71	962	965
57117	28	899	962	965
88299	28	1709	962	965
37263	28	331	962	965
22150	28	453	962	965
76524	28	4068	962	965
10805	28	1296	962	965
24118	28	168	962	965
21750	28	1182	962	965
88878	28	1396	962	965
136853	28	1755	962	965
28188	28	2809	962	965
118407	28	1117	962	965
21808	28	310	962	965
64503	28	36	962	965
102675	28	842	962	965
16558	28	574	962	965
12931	28	117	962	965
12954	28	52	962	965
14700	28	518	962	965
10180	28	592	962	965
101407	28	3920	962	965
102785	28	4157	962	965
22281	28	303	962	965
22454	28	36	962	965
16993	28	429	962	965
73595	28	150	962	965
22447	28	527	962	965
30001	28	597	962	965
34538	28	702	962	965
119434	28	2957	962	965
17124	28	112	962	965
9565	28	191	962	965
22089	28	49	962	965
29035	28	291	962	965
11992	28	78	962	965
19981	28	1867	962	965
9140	28	294	962	965
9729	28	383	962	965
6627	28	793	962	965
117593	28	1864	962	965
9106	28	179	962	965
23226	28	1434	962	965
10638	28	22	962	965
25360	28	1280	962	965
20169	28	255	962	965
26862	28	551	962	965
75147	28	1147	962	965
78328	28	3678	962	965
84082	28	442	962	965
31045	28	411	962	965
47458	28	238	962	965
31136	28	4720	962	965
104604	28	1896	962	965
35979	28	8163	962	965
10882	28	158	962	965
20591	28	66	962	965
7448	28	78	962	965
10573	28	181	962	965
31457	28	1005	962	965
55556	28	2807	962	965
64536	28	354	962	965
31366	28	52	962	965
71075	28	410	962	965
11740	28	2075	962	965
7365	28	380	962	965
47802	28	657	962	965
48338	28	475	962	965
48249	28	1444	962	965
86397	28	5283	962	965
8703	28	694	962	965
34552	28	214	962	965
26966	28	1090	962	965
24740	28	297	962	965
47179	28	1206	962	965
12976	28	465	962	965
26001	28	436	962	965
9885	28	64	962	965
20817	28	1230	962	965
31898	28	259	962	965
31834	28	434	962	965
35205	28	175	962	965
31966	28	146	962	965
16999	28	707	962	965
8984	28	58	962	965
65632	28	1413	962	965
15918	28	910	962	965
20984	28	150	962	965
83211	28	37	962	965
75091	28	2980	962	965
87730	28	2301	962	965
18586	1	122078	962	965
71696	28	1709	962	965
135871	28	123	962	965
56339	28	1148	962	965
25580	28	1394	962	965
42851	28	1379	962	965
9161	28	2174	962	965
17421	28	1525	962	965
90106	28	2381	962	965
16753	28	159	962	965
10538	28	85	962	965
19362	28	153	962	965
9175	28	475	962	965
23392	28	910	962	965
19461	28	49	962	965
12939	28	1063	962	965
8505	28	100	962	965
103516	28	18387	962	965
57430	28	387	962	965
82780	28	1896	962	965
24103	28	485	962	965
47278	28	556	962	965
16128	28	583	962	965
11777	28	343	962	965
8847	28	144	962	965
30242	28	707	962	965
39415	28	752	962	965
16861	28	717	962	965
17293	28	905	962	965
44081	28	319	962	965
44100	28	717	962	965
101645	28	412	962	965
8894	28	74	962	965
68937	28	909	962	965
42498	28	3403	962	965
73231	28	1083	962	965
19969	28	509	962	965
43356	28	51160	962	965
16921	28	936	962	965
107105	28	662	962	965
35171	28	1233	962	965
107195	28	887	962	965
12029	28	168	962	965
140532	28	2057	962	965
106799	28	967	962	965
86564	28	402	962	965
123978	28	1432	962	965
23382	28	156	962	965
78809	28	515	962	965
9923	28	3597	962	965
31366	28	355	962	965
106823	28	136	962	965
42740	28	48	962	965
21529	28	234	962	965
19359	28	167	962	965
21620	28	1050	962	965
17004	28	144	962	965
6603	28	78	962	965
16211	28	417	962	965
12100	28	118	962	965
15951	28	388	962	965
44372	28	970	962	965
84956	28	1324	962	965
33055	28	596	962	965
33797	28	304	962	965
10851	28	238	962	965
33121	28	1401	962	965
27390	28	280	962	965
13533	28	160	962	965
108088	28	18	962	965
5443	28	48	962	965
18502	28	106	962	965
49410	28	30	962	965
20954	28	542	962	965
12261	28	366	962	965
12705	28	913	962	965
40570	28	961	962	965
32101	28	5616	962	965
5915	28	38	962	965
5729	28	103	962	965
28028	28	509	962	965
11370	28	1150	962	965
28580	28	119	962	965
12904	28	1412	962	965
89307	28	1316	962	965
35770	28	1634	962	965
34676	28	224	962	965
36421	28	1653	962	965
15599	28	496	962	965
18587	28	235	962	965
24105	28	744	962	965
20013	28	556	962	965
36507	28	568	962	965
21885	28	798	962	965
46954	28	330	962	965
7215	28	551	962	965
73849	28	222	962	965
79762	28	45	962	965
64104	28	101	962	965
76151	28	146	962	965
29505	28	77	962	965
38399	28	1423	962	965
77613	28	5283	962	965
15252	28	556	962	965
51121	28	456	962	965
16038	28	22	962	965
64173	28	6018	962	965
85399	28	408	962	965
19119	28	608	962	965
19812	28	144	962	965
11749	28	509	962	965
10373	28	758	962	965
29883	28	791	962	965
11539	28	901	962	965
59604	28	1749	962	965
88027	28	56456	962	965
37899	28	388	962	965
72753	28	2528	962	965
20641	28	1945	962	965
24443	28	293	962	965
44005	28	378	962	965
15086	28	369	962	965
38792	28	485	962	965
36884	28	165	962	965
67535	28	44	962	965
15611	28	40	962	965
46343	28	2227	962	965
42752	28	857	962	965
82218	28	330	962	965
32126	28	1754	962	965
34486	28	707	962	965
87535	28	449	962	965
17112	28	294	962	965
32220	28	461	962	965
10553	28	694	962	965
21391	28	1670	962	965
71734	28	1036	962	965
48727	28	222	962	965
67325	28	336	962	965
31658	28	53	962	965
35549	28	501	962	965
107107	28	165	962	965
23673	28	499	962	965
32979	28	956	962	965
38198	28	506	962	965
19119	28	453	962	965
48694	28	910	962	965
14305	28	49	962	965
36845	28	273	962	965
92367	28	449	962	965
51270	28	234	962	965
7057	28	366	962	965
78894	28	515	962	965
32393	28	289	962	965
7755	28	174	962	965
94646	28	4379	962	965
26753	28	76	962	965
59204	28	2639	962	965
11462	28	71	962	965
146683	28	1759	962	965
12833	28	909	962	965
59384	28	222	962	965
85552	28	2117	962	965
146861	28	4164	962	965
8942	28	121	962	965
120874	28	8913	962	965
127165	28	1944	962	965
30988	28	678	962	965
15724	28	86	962	965
15424	28	117	962	965
11883	28	502	962	965
38191	28	735	962	965
10049	28	753	962	965
12560	28	10913	962	965
127347	28	1370	962	965
14228	28	796	962	965
36723	28	201	962	965
35931	28	964	962	965
21557	28	22	962	965
23232	28	475	962	965
40152	28	334	962	965
17161	28	805	962	965
19171	28	620	962	965
37252	28	492	962	965
58860	28	798	962	965
22264	28	649	962	965
78312	28	628	962	965
34772	28	165	962	965
32142	28	53	962	965
67553	28	4155	962	965
63645	28	2196	962	965
65015	28	8663	962	965
24989	28	912	962	965
18797	28	1862	962	965
58318	28	1561	962	965
28678	28	185	962	965
11507	28	109	962	965
38054	28	745	962	965
38101	28	259	962	965
11425	28	11769	962	965
42454	28	3103	962	965
16656	28	31	962	965
30894	28	461	962	965
38008	28	141	962	965
25600	28	250	962	965
26931	28	1861	962	965
38687	28	2075	962	965
35914	28	412	962	965
24564	28	792	962	965
16489	28	52	962	965
20447	28	44	962	965
47691	28	379	962	965
24553	28	1711	962	965
48834	28	1328	962	965
33154	28	607	962	965
15443	28	95	962	965
18470	28	445	962	965
110640	28	5621	962	965
34525	28	1144	962	965
40308	28	222	962	965
14901	28	149	962	965
51735	28	702	962	965
76329	28	1829	962	965
9803	28	47	962	965
28773	28	267	962	965
27357	28	795	962	965
94421	28	454	962	965
12836	28	222	962	965
14065	28	615	962	965
139606	28	708	962	965
68743	28	919	962	965
44162	28	1243	962	965
110763	28	5047	962	965
90226	28	162	962	965
34361	28	193	962	965
37660	28	1232	962	965
8332	28	1700	962	965
66516	28	102401	962	965
86669	28	735	962	965
121922	28	2412	962	965
68968	28	350	962	965
43008	28	167	962	965
26523	28	556	962	965
39618	28	351	962	965
14975	28	199	962	965
11262	28	431	962	965
46429	28	587	962	965
85454	28	1896	962	965
5645	28	30	962	965
136087	28	6543	962	965
18497	28	140	962	965
15999	28	2117	962	965
13014	28	1861	962	965
11526	28	81	962	965
47200	28	235	962	965
19247	28	275	962	965
12173	28	19	962	965
8403	28	27	962	965
11218	28	1413	962	965
18461	28	446	962	965
16623	28	1233	962	965
81757	28	232	962	965
18502	28	988	962	965
11934	28	255	962	965
27000	28	325	962	965
74557	28	304	962	965
32393	28	195	962	965
17560	28	5502	962	965
38039	28	2381	962	965
85774	28	2543	962	965
26963	28	1005	962	965
84942	28	139	962	965
40968	28	746	962	965
10604	28	694	962	965
34104	28	1329	962	965
79315	28	199	962	965
35390	28	1018	962	965
54896	28	406	962	965
81181	28	2373	962	965
47802	28	720	962	965
16454	28	41	962	965
26478	28	2086	962	965
16042	28	76	962	965
52613	28	369	962	965
52431	28	180	962	965
27860	28	153	962	965
41820	28	759	962	965
36435	28	292	962	965
62655	28	1210	962	965
94775	28	675	962	965
45209	28	167	962	965
36476	28	674	962	965
34981	28	707	962	965
27540	28	2227	962	965
15374	28	224	962	965
69025	28	167	962	965
124947	28	1788	962	965
52987	28	345	962	965
12624	28	627	962	965
95521	28	4268	962	965
28217	28	506	962	965
16223	28	124	962	965
33825	28	1541	962	965
72685	28	201	962	965
49277	28	741	962	965
36446	28	169	962	965
59214	28	671	962	965
48955	28	1030	962	965
23910	28	98	962	965
86005	28	4268	962	965
63717	28	740	962	965
45063	28	619	962	965
21979	28	595	962	965
57023	28	1057	962	965
50043	28	1329	962	965
44348	28	378	962	965
7449	28	390	962	965
148133	28	333	962	965
46255	28	203	962	965
19241	28	681	962	965
7838	28	337	962	965
23575	28	41	962	965
21099	28	492	962	965
15573	28	708	962	965
23530	28	909	962	965
26425	28	525	962	965
33097	28	239	962	965
27628	28	185	962	965
8196	28	58	962	965
37290	28	1571	962	965
44712	28	615	962	965
14833	28	1063	962	965
28668	28	181	962	965
32887	28	3597	962	965
23675	28	101	962	965
8184	28	52	962	965
90650	28	7677	962	965
42098	28	2086	962	965
17388	28	111	962	965
16870	28	216	962	965
20507	28	87	962	965
42878	28	878	962	965
11000	28	537	962	965
8800	28	52	962	965
10477	28	220	962	965
10265	28	74	962	965
8360	1	122078	962	965
84257	28	124	962	965
17588	28	531	962	965
41170	28	1351	962	965
77023	28	4560	962	965
10626	28	2897	962	965
79990	28	1402	962	965
32945	28	41	962	965
14808	28	74	962	965
22576	28	245	962	965
30200	28	99	962	965
115949	28	6564	962	965
23325	28	74	962	965
35332	28	408	962	965
17454	28	1899	962	965
12341	28	239	962	965
81461	28	263	962	965
56384	28	1138	962	965
23095	28	202	962	965
16136	28	52	962	965
54089	28	2577	962	965
59651	28	998	962	965
43981	28	707	962	965
22088	28	304	962	965
34557	28	303	962	965
16137	28	3106	962	965
30308	28	242	962	965
9443	28	66	962	965
25984	28	175	962	965
44814	28	574	962	965
73225	28	3959	962	965
44309	28	1335	962	965
7328	28	88	962	965
18362	28	586	962	965
12364	28	232	962	965
29174	28	888	962	965
88773	28	506	962	965
16854	28	504	962	965
19789	28	2325	962	965
62377	28	7624	962	965
12655	28	1332	962	965
19793	28	298	962	965
37836	28	291	962	965
38218	28	1192	962	965
24649	28	107	962	965
58669	28	315	962	965
70136	28	1138	962	965
21849	28	379	962	965
17403	28	112	962	965
67081	28	1080	962	965
27016	28	803	962	965
28847	28	174	962	965
48340	28	1568	962	965
12587	28	166	962	965
17565	28	136	962	965
72922	28	1007	962	965
60518	28	1033	962	965
37302	28	231	962	965
57091	28	799	962	965
71730	28	1237	962	965
33199	28	900	962	965
36029	28	422	962	965
27651	28	203	962	965
51464	28	134	962	965
58925	28	3959	962	965
6169	28	48	962	965
58146	28	23220	962	965
21105	28	140	962	965
44381	28	875	962	965
12950	28	695	962	965
38307	28	214	962	965
16389	28	583	962	965
29282	28	70	962	965
102440	28	5044	962	965
10539	28	4175	962	965
103944	28	1465	962	965
46477	28	1263	962	965
65344	28	3092	962	965
9406	28	220	962	965
13520	28	380	962	965
31164	28	185	962	965
63042	28	142	962	965
95532	28	1965	962	965
11423	28	52	962	965
38650	28	857	962	965
29593	28	592	962	965
44053	28	731	962	965
36854	28	1230	962	965
5807	28	105	962	965
11534	28	787	962	965
37560	28	133	962	965
6770	28	152	962	965
30160	28	1639	962	965
29890	28	476	962	965
74739	28	1652	962	965
39053	28	1656	962	965
14940	28	256	962	965
108913	28	1666	962	965
21525	28	908	962	965
23798	28	49	962	965
45036	28	71	962	965
27436	28	1413	962	965
9971	28	162	962	965
50632	28	1264	962	965
28761	28	1811	962	965
103493	28	3553	962	965
128407	28	423	962	965
14695	28	1329	962	965
32329	28	1629	962	965
36095	28	1289	962	965
10427	28	219	962	965
40134	28	617	962	965
22668	28	159	962	965
12220	28	344	962	965
33178	28	575	962	965
14096	28	1005	962	965
21145	28	248	962	965
28727	28	141	962	965
32390	28	12348	962	965
16248	28	88	962	965
35648	28	238	962	965
24861	28	1388	962	965
38848	28	670	962	965
19424	28	66	962	965
30619	28	9138	962	965
25298	28	1423	962	965
21517	28	142	962	965
16724	28	3268	962	965
38674	28	52	962	965
39384	28	436	962	965
22112	28	910	962	965
49703	28	959	962	965
41254	28	1179	962	965
66564	28	2089	962	965
34733	28	802	962	965
17489	28	16	962	965
44384	28	456	962	965
78779	28	940	962	965
6545	28	3103	962	965
20563	28	206	962	965
40180	28	20	962	965
26174	28	304	962	965
14745	28	422	962	965
36501	28	6894	962	965
61313	28	1007	962	965
10160	28	598	962	965
46119	28	616	962	965
25864	28	214	962	965
72928	28	2598	962	965
65307	28	828	962	965
45154	28	542	962	965
12395	28	465	962	965
81184	28	371	962	965
48808	28	48	962	965
74178	28	101	962	965
17906	28	743	962	965
20076	28	1050	962	965
81850	28	1653	962	965
35440	28	386	962	965
35196	28	1375	962	965
154701	28	17677	962	965
60748	28	1010	962	965
38699	28	1766	962	965
24155	28	1402	962	965
66653	28	165	962	965
44572	28	1292	962	965
6429	28	147	962	965
37161	28	1020	962	965
48535	28	1623	962	965
48018	28	2117	962	965
11443	28	105	962	965
35267	28	720	962	965
7276	28	558	962	965
46997	28	647	962	965
19017	28	1741	962	965
81011	28	228	962	965
15619	28	86	962	965
35486	28	54	962	965
59593	28	903	962	965
41006	28	234	962	965
16122	28	146	962	965
38277	28	475	962	965
22508	28	310	962	965
29402	28	56	962	965
55836	28	2697	962	965
69314	28	114	962	965
33214	28	1050	962	965
29697	28	753	962	965
22133	28	843	962	965
81879	28	994	962	965
33980	28	887	962	965
7311	28	85	962	965
59793	28	489	962	965
15148	28	1233	962	965
32139	28	614	962	965
94595	28	1778	962	965
75674	28	2072	962	965
26228	28	743	962	965
41512	28	1861	962	965
15334	28	2104	962	965
10129	28	1061	962	965
28443	28	114	962	965
43986	28	7530	962	965
19355	28	1196	962	965
113341	28	615	962	965
25347	28	905	962	965
13899	28	1233	962	965
42976	28	423	962	965
130923	28	3080	962	965
12508	28	555	962	965
40745	28	406	962	965
9686	28	38	962	965
41372	28	317	962	965
44328	28	3051	962	965
104878	28	2914	962	965
46343	28	417	962	965
39669	28	1402	962	965
75217	28	4117	962	965
26744	28	642	962	965
50908	28	309	962	965
21441	28	5795	962	965
73101	28	256	962	965
21430	28	45	962	965
16196	28	334	962	965
16263	28	19	962	965
75457	28	49	962	965
33154	28	4720	962	965
13729	28	614	962	965
87541	28	7677	962	965
17071	28	398	962	965
20721	28	509	962	965
11343	28	231	962	965
93449	28	1380	962	965
41069	28	1368	962	965
109202	28	679	962	965
25779	28	1228	962	965
110011	28	2363	962	965
23697	28	266	962	965
23811	28	669	962	965
98797	28	103	962	965
90974	28	1359	962	965
51748	28	219	962	965
12025	28	156	962	965
15005	28	42	962	965
14583	28	717	962	965
12957	28	1008	962	965
79711	28	1870	962	965
71537	28	506	962	965
9038	28	101	962	965
18480	28	110	962	965
18184	28	703	962	965
5401	28	514	962	965
130345	28	155	962	965
130364	28	13075	962	965
67084	28	42	962	965
10979	28	378	962	965
63580	28	129	962	965
18973	28	355	962	965
11847	28	155	962	965
77628	28	1120	962	965
35196	28	3597	962	965
9793	28	73	962	965
73376	28	37178	962	965
56137	28	1267	962	965
25643	28	892	962	965
83192	28	3199	962	965
5076	28	44	962	965
56017	28	188	962	965
60354	28	456	962	965
48251	28	1131	962	965
27649	28	54	962	965
64264	28	41	962	965
18729	28	1228	962	965
51082	28	70	962	965
21264	28	616	962	965
77835	28	1317	962	965
89252	28	333	962	965
66935	28	515	962	965
12672	28	102	962	965
59954	28	64	962	965
19428	28	333	962	965
37730	28	1036	962	965
14175	28	587	962	965
73301	28	2083	962	965
13911	28	998	962	965
8224	28	1601	962	965
10183	28	245	962	965
74790	28	156	962	965
73158	28	1492	962	965
15791	28	280	962	965
44660	28	1076	962	965
7872	28	49	962	965
69639	28	154	962	965
28436	28	331	962	965
29749	28	1091	962	965
13750	28	146	962	965
61535	28	16	962	965
21441	28	909	962	965
7545	28	92	962	965
80807	28	784	962	965
64820	28	104	962	965
12590	28	1727	962	965
103574	28	273	962	965
50469	28	792	962	965
52579	28	27	962	965
32056	28	1192	962	965
11547	28	179	962	965
33113	28	19949	962	965
32769	28	913	962	965
28314	28	363	962	965
20918	28	95	962	965
77740	28	412	962	965
121332	28	282	962	965
106407	28	1367	962	965
52325	28	3750	962	966
18816	28	439	962	966
16505	28	1551	962	966
10261	28	161	962	966
18944	28	69	962	966
25162	28	20	962	966
4077	28	3165	962	966
97074	28	7308	962	966
46107	28	421	962	966
22622	28	628	962	966
14986	28	112	962	966
11920	28	1626	962	966
25773	28	1049	962	966
21846	28	1594	962	966
84664	28	1942	962	966
13585	28	133	962	966
22646	28	2293	962	966
98522	28	495	962	966
13647	28	429	962	966
33787	28	787	962	966
35782	28	983	962	966
31130	28	280	962	966
17790	28	542	962	966
35543	28	1208	962	966
64958	28	455	962	966
98092	28	1305	962	966
11448	28	253	962	966
22158	28	435	962	966
56080	28	131	962	966
27540	28	417	962	966
65037	28	623	962	966
29040	28	597	962	966
17712	28	1139	962	966
36697	28	1165	962	966
61592	28	144	962	966
8776	28	336	962	966
12060	28	64	962	966
20100	28	715	962	966
13653	28	180	962	966
18126	28	52	962	966
26601	28	533	962	966
65821	28	703	962	966
57014	28	16	962	966
88211	28	2371	962	966
11902	28	350	962	966
101916	28	155	962	966
15632	28	1080	962	966
117928	28	2728	962	966
7501	28	181	962	966
18260	28	875	962	966
38792	28	469	962	966
33595	28	55	962	966
118421	28	129	962	966
29610	28	180	962	966
89296	28	2968	962	966
5894	28	586	962	966
77401	28	2011	962	966
25628	28	653	962	966
13178	28	803	962	966
34156	28	502	962	966
119139	28	2011	962	966
9531	28	82	962	966
12744	28	1464	962	966
22654	28	795	962	966
19556	28	364	962	966
30553	28	377	962	966
50291	28	1080	962	966
71887	28	1316	962	966
72233	28	1718	962	966
40994	28	1005	962	966
6514	28	222	962	966
15514	28	632	962	966
39761	28	890	962	966
25835	28	121	962	966
47024	28	1096	962	966
41917	28	351	962	966
16999	28	41	962	966
75217	28	732	962	966
19746	28	282	962	966
40012	28	45	962	966
20845	28	2114	962	966
48965	28	535	962	966
55962	28	289	962	966
56635	28	1455	962	966
73387	28	282	962	966
84719	28	993	962	966
21080	28	598	962	966
106145	28	114	962	966
35764	28	146	962	966
49497	28	304	962	966
29864	28	63	962	966
35169	28	437	962	966
57314	28	260	962	966
104787	28	364	962	966
41396	28	297	962	966
82382	28	524	962	966
120379	28	4720	962	966
30987	28	366	962	966
56687	28	839	962	966
11434	28	1329	962	966
15426	28	199	962	966
12367	28	216	962	966
29205	28	1335	962	966
27676	28	247	962	966
6218	28	129	962	966
7929	28	429	962	966
18207	28	103	962	966
26271	28	280	962	966
34521	28	77	962	966
24004	28	516	962	966
51238	28	293	962	966
26529	28	55	962	966
142791	28	980	962	966
24586	28	464	962	966
24499	28	5351	962	966
47550	28	364	962	966
116832	28	798	962	966
15695	28	317	962	966
33047	28	791	962	966
7292	28	597	962	966
37377	28	1639	962	966
131629	28	1117	962	966
34628	28	378	962	966
22308	28	30	962	966
34391	28	402	962	966
87790	28	833	962	966
37469	28	1053	962	966
5419	28	159	962	966
39999	28	3707	962	966
19246	28	1551	962	966
15064	28	643	962	966
53675	28	37	962	966
99998	28	1144	962	966
20190	28	9274	962	966
23707	28	635	962	966
38119	28	328	962	966
23013	28	41	962	966
35833	28	323	962	966
10287	28	1389	962	966
29402	28	294	962	966
10902	28	181	962	966
67390	28	38204	962	966
93929	28	1033	962	966
40253	28	263	962	966
19375	28	95	962	966
11677	28	52	962	966
104479	28	1993	962	966
44372	28	245	962	966
18572	28	121	962	966
37022	28	1639	962	966
77191	28	2023	962	966
12979	23	106802	962	966
106802	23	12979	962	966
51360	28	643	962	966
97638	28	69817	962	966
126090	28	3059	962	966
38256	28	2166	962	966
100924	28	760	962	966
7476	28	88	962	966
45251	28	681	962	966
79763	28	615	962	966
10936	28	336	962	966
18392	28	201	962	966
13244	28	319	962	966
59214	28	397	962	966
35418	28	1019	962	966
6906	28	695	962	966
12881	28	30	962	966
13531	28	2876	962	966
23442	28	181	962	966
28562	28	586	962	966
16622	28	554	962	966
12228	28	158	962	966
71027	28	47626	962	966
72998	28	2381	962	966
94526	28	710	962	966
8516	28	1009	962	966
36300	28	224	962	966
7376	28	56	962	966
9688	28	275	962	966
44084	28	1407	962	966
73152	28	6225	962	966
106488	28	52	962	966
38295	28	432	962	966
13561	28	693	962	966
28548	28	959	962	966
38026	28	1304	962	966
79447	28	1975	962	966
15976	28	51	962	966
51388	28	436	962	966
17157	28	171	962	966
18970	28	193	962	966
82299	28	400	962	966
38126	28	318	962	966
93236	28	1836	962	966
39940	28	546	962	966
16984	28	919	962	966
35235	28	185	962	966
51454	28	185	962	966
55652	28	610	962	966
11316	28	674	962	966
22921	28	537	962	966
108091	28	1777	962	966
29786	28	288	962	966
24533	28	57	962	966
33161	28	144	962	966
103243	28	405	962	966
14188	28	315	962	966
21257	28	1862	962	966
38491	28	450	962	966
19349	28	311	962	966
15447	28	753	962	966
9868	28	82	962	966
89277	28	673	962	966
36360	28	646	962	966
11696	28	328	962	966
85766	28	35649	962	966
16166	28	1903	962	966
11810	28	587	962	966
18915	28	770	962	966
48802	28	434	962	966
72851	28	315	962	966
37930	28	630	962	966
48692	28	2489	962	966
20508	28	74	962	966
15690	28	257	962	966
14925	28	1139	962	966
6170	28	126019	962	966
51622	28	1951	962	966
76068	28	196	962	966
30955	28	754	962	966
71971	28	989	962	966
78711	28	4854	962	966
46431	28	330	962	966
171872	28	1653	962	966
41051	28	3452	962	966
59935	28	453	962	966
17017	28	477	962	966
95283	28	403	962	966
