39962	28	911	956	0
6258	28	1101	956	0
92347	28	1625	956	0
33237	28	536	956	0
40978	28	1122	956	0
12167	28	1342	956	0
10693	28	837	956	0
10822	28	526	956	0
69688	14	17538	956	0
9203	28	80	956	0
40629	14	1217	956	0
20095	28	1711	956	0
5464	28	31	956	0
6925	28	781	956	0
33715	28	3810	956	0
155512	28	904	956	0
83934	28	570	956	0
120126	28	348	956	0
6343	28	377	956	0
40978	28	723	956	0
20120	28	5176	956	0
67788	28	540	956	0
128118	14	7343	956	0
8471	28	1019	956	0
19218	28	26844	956	0
6648	28	175	956	0
49694	28	1527	956	0
8131	28	186	956	956
44085	28	31	956	956
70814	28	24342	956	956
43736	28	1060	956	956
29106	28	71	956	956
54003	28	1100	956	956
36505	28	759	956	956
12222	28	177	956	956
9973	28	8319	956	956
52014	28	3925	956	957
12797	28	1289	956	957
82406	28	333	956	957
14327	28	381	956	957
9158	28	16447	956	957
18743	28	1259	956	957
82584	28	170	956	957
39023	28	1725	956	957
70814	28	8436	956	957
16506	28	719	956	957
45171	28	121	956	957
25036	28	1677	956	957
29209	28	193	956	957
11388	28	435	956	957
39095	28	3349	956	957
12942	28	995	956	957
14502	28	2257	956	957
96421	28	205	956	957
11507	28	478	956	957
83039	28	232	956	957
5992	28	2348	956	957
83059	28	781	956	957
22020	28	2085	956	957
16754	28	145	956	957
52918	28	2457	956	957
19189	28	4400	956	957
6770	28	110	956	957
16760	28	478	956	957
61675	28	268	956	957
34278	28	45	956	957
16901	28	1367	956	957
9443	28	759	956	957
113062	28	158	956	957
97072	28	1544	956	957
11739	28	696	956	957
9413	28	22	956	957
6318	28	396	956	957
14588	28	3367	956	957
22713	28	661	956	957
26110	28	353	956	957
10584	28	74	956	957
19737	28	289	956	957
19763	28	166	956	957
16580	28	478	956	957
8727	28	160	956	957
26231	28	461	956	957
46659	28	2479	956	957
11958	28	274	956	957
113894	28	6380	956	957
84435	28	1954	956	957
46713	28	9631	956	957
15179	28	178	956	957
19927	28	56	956	957
30530	28	1118	956	957
39731	28	336	956	957
26421	28	42	956	957
84653	28	1083	956	957
54321	28	990	956	957
73066	28	47056	956	957
26598	28	857	956	957
26603	28	642	956	957
84984	28	3762	956	957
40901	28	1978	956	957
85038	28	5797	956	957
22917	28	2341	956	957
17467	28	30811	956	957
35423	28	632	956	957
20169	28	996	956	957
20196	28	1410	956	957
30900	28	2544	956	957
73430	28	1964	956	957
23217	28	674	956	957
35603	28	850	956	957
13230	28	63	956	957
13667	28	2467	956	957
63660	28	9785	956	957
47519	28	539	956	957
114842	28	386	956	957
9325	28	690	956	957
31007	28	1544	956	957
29467	28	1074	956	957
35724	28	770	956	957
13713	28	178	956	957
9688	28	475	956	957
73961	28	1829	956	957
25462	28	2997	956	957
47753	28	1500	956	957
7635	28	2483	956	957
23299	28	3466	956	957
26823	28	149	956	957
5464	28	63	956	957
26309	28	713	956	957
8159	28	179	956	957
60712	28	1643	956	957
6785	28	16	956	957
12291	28	109	956	957
23522	28	907	956	957
35789	28	453	956	957
14258	28	7117	956	957
84998	28	391	956	957
31352	28	653	956	957
84465	28	100	956	957
86165	28	523	956	957
18647	28	43	956	957
62292	28	2092	956	957
55587	28	1725	956	957
64472	28	1085	956	957
83166	28	756	956	957
8793	28	366	956	957
39758	28	2414	956	957
64559	28	608	956	957
41824	28	891	956	957
115856	28	1547	956	957
31540	28	9781	956	957
84619	28	673	956	957
16654	28	136	956	957
48387	28	1883	956	957
23268	28	1100	956	957
6816	28	1910	956	957
61586	28	1772	956	957
11983	28	577	956	957
9663	28	692	956	957
116156	28	25281	956	957
48538	28	848	956	957
12211	28	205	956	957
25642	28	107	956	957
25683	28	331	956	957
75031	28	1958	956	957
9665	28	211	956	957
17484	28	240	956	957
10186	28	693	956	957
14887	28	31724	956	957
20838	28	668	956	957
40603	28	5031	956	957
26994	28	2593	956	957
10984	28	92	956	957
10129	28	1119	956	957
14466	28	1513	956	957
9947	28	429	956	957
15305	28	542	956	957
73161	28	121	956	957
36640	28	126	956	957
42279	28	100567	956	957
41549	28	134	956	957
21958	28	286	956	957
7819	28	447	956	957
13425	28	52	956	957
4744	28	42	956	957
12384	28	2051	956	957
19660	28	28	956	957
23033	28	659	956	957
19878	28	282	956	957
14360	28	20950	956	957
75632	28	5745	956	957
56424	28	1403	956	957
11603	28	1367	956	957
15254	28	7890	956	957
9887	28	30	956	957
87786	28	114	956	957
6355	28	2178	956	957
22555	28	1860	956	957
8029	28	222	956	957
87214	28	392	956	957
40482	28	1492	956	957
117240	28	1772	956	957
54809	28	1013	956	957
17676	28	2479	956	957
21047	28	1743	956	957
12957	28	933	956	957
10457	28	571	956	957
54647	28	673	956	957
18179	28	1100	956	957
57007	28	6025	956	957
6534	28	79	956	957
14529	28	295	956	957
16026	28	147	956	957
66113	28	2642	956	957
12938	28	780	956	957
61868	28	17143	956	957
6295	28	2218	956	957
76455	28	427	956	957
74691	28	351	956	957
37265	28	40	956	957
10661	28	57	956	957
7328	28	177	956	957
57284	28	490	956	957
42603	28	344	956	957
7854	28	530	956	957
17507	28	1822	956	957
17425	28	1640	956	957
66363	28	14030	956	957
36911	28	114	956	957
9011	28	669	956	957
66420	28	27778	956	957
28112	28	19267	956	957
45089	28	1139	956	957
102264	28	1624	956	957
23388	28	703	956	957
20235	28	515	956	957
9702	28	643	956	957
12620	28	357	956	957
6804	28	10187	956	957
43183	28	1267	956	957
35399	28	816	956	957
4491	28	388	956	957
27316	28	3871	956	957
33397	28	3593	956	957
43032	28	3387	956	957
5397	28	1161	956	957
45873	28	4349	956	957
14281	28	119	956	957
24876	28	1092	956	957
7105	28	1138	956	957
88950	28	1755	956	957
14409	28	507	956	957
5671	28	714	956	957
12914	28	808	956	957
16427	28	891	956	957
5920	28	81	956	957
9255	28	16565	956	957
19051	28	274	956	957
11501	28	434	956	957
10252	28	154	956	957
52012	28	1129	956	957
7200	28	998	956	957
8487	28	102	956	957
34042	28	422	956	957
62704	28	1715	956	957
9346	28	802	956	957
57602	28	1936	956	957
14590	28	742	956	957
19072	28	394	956	957
39369	28	46	956	957
32012	28	554	956	957
84708	28	3999	956	957
49615	28	5115	956	957
61770	28	1127	956	957
19363	28	8459	956	957
101825	28	1312	956	957
10366	28	1067	956	957
10351	28	122	956	957
25801	28	56	956	957
6391	28	560	956	957
4875	28	2409	956	957
61835	28	1290	956	957
29448	28	1201	956	957
53018	28	4238	956	957
8648	28	1063	956	957
25902	28	1527	956	957
11553	28	575	956	957
19315	28	298	956	957
30265	28	675	956	957
6690	28	5048	956	957
52057	28	371	956	957
44842	28	759	956	957
30194	28	556	956	957
6445	28	2156	956	957
15066	28	107	956	957
7398	28	478	956	957
103723	28	3762	956	957
89950	28	2160	956	957
10605	28	28	956	957
75627	28	238	956	957
72758	28	1186	956	957
113933	28	53	956	957
11898	28	3778	956	957
75833	28	1963	956	957
83491	28	31610	956	957
10486	28	2088	956	957
46972	28	1692	956	957
16996	28	508	956	957
11251	28	666	956	957
40657	28	1095	956	957
53570	28	1213	956	957
4732	28	1640	956	957
54154	28	214	956	957
10581	28	1172	956	957
8404	28	1614	956	957
14557	28	23125	956	957
8525	28	233	956	957
6941	28	88	956	957
10731	28	577	956	957
7428	28	5185	956	957
72045	28	920	956	957
7973	28	1895	956	957
67597	28	280	956	957
67600	28	2854	956	957
10677	28	506	956	957
120126	28	2255	956	957
34128	28	366	956	957
46114	28	1394	956	957
13419	28	10760	956	957
90404	28	2148	956	957
16417	28	2119	956	957
15381	28	56	956	957
25433	28	2867	956	957
9666	28	109	956	957
6521	28	134	956	957
9228	28	695	956	957
23258	28	2479	956	957
38753	28	980	956	957
45648	28	89	956	957
39804	28	1652	956	957
11490	28	48	956	957
120609	28	205	956	957
82718	28	834	956	957
52576	28	17491	956	957
23185	28	5775	956	957
6324	28	58	956	957
8150	28	826	956	957
9820	28	1931	956	957
23475	28	2207	956	957
90776	28	826	956	957
13741	28	28	956	957
13126	28	73	956	957
12313	28	616	956	957
20627	28	490	956	957
23604	28	1474	956	957
12329	28	2910	956	957
4911	28	81	956	957
16791	28	1304	956	957
32621	28	2482	956	957
27387	28	3362	956	957
19815	28	1176	956	957
20637	28	30	956	957
29606	28	141	956	957
15764	28	245	956	957
14501	28	4487	956	957
27444	28	508	956	957
12401	28	289	956	957
13856	28	1312	956	957
36495	28	56	956	957
27308	28	169	956	957
17219	28	1525	956	957
12416	28	74	956	957
66333	28	4868	956	957
23872	28	742	956	957
58764	28	2409	956	957
12994	28	4189	956	957
105384	28	2289	956	957
14638	28	353	956	957
140180	28	1290	956	957
65693	28	669	956	957
10481	28	2719	956	957
45666	28	2717	956	957
6986	28	693	956	957
19748	28	273	956	957
58143	28	960	956	957
12473	28	686	956	957
14317	28	289	956	957
31838	28	104	956	957
19281	28	379	956	957
17770	28	2215	956	957
31072	28	2138	956	957
5392	28	63	956	957
20873	28	4117	956	957
36834	28	2446	956	957
8980	28	347	956	957
12505	28	1340	956	957
49972	28	1653	956	957
19280	28	13963	956	957
13630	28	1772	956	957
58147	28	1430	956	957
9707	28	475	956	957
10260	28	9210	956	957
22797	28	1444	956	957
7689	28	416	956	957
17703	28	38893	956	957
8128	28	825	956	957
19049	28	2737	956	957
6155	28	1131	956	957
21028	28	171	956	957
11772	28	396	956	957
12430	28	1725	956	957
13779	28	434	956	957
26394	28	1190	956	957
65248	28	2330	956	957
15248	28	4898	956	957
32126	28	15526	956	957
135866	28	328	956	957
36501	28	2534	956	957
17137	28	657	956	957
9889	28	3156	956	957
17804	28	1295	956	957
57596	28	28	956	957
14491	28	800	956	957
6934	28	1137	956	957
62305	28	402	956	957
86267	28	769	956	957
12031	28	568	956	957
32344	28	1073	956	957
77924	28	2761	956	957
83194	28	3949	956	957
10004	28	179	956	957
49569	28	690	956	957
106284	28	383	956	957
25203	28	1162	956	957
16046	28	609	956	957
92053	28	836	956	957
27746	28	3870	956	957
16685	28	121	956	957
20225	28	2097	956	957
12413	28	1067	956	957
71786	28	647	956	957
22524	28	2479	956	957
21120	28	1230	956	957
35394	28	490	956	957
65513	28	92125	956	957
34318	28	132	956	957
35842	28	717	956	957
42798	28	1222	956	957
13007	28	1076	956	957
89635	28	8602	956	957
22804	28	894	956	957
61518	28	1547	956	957
14656	28	37	956	957
25412	28	1767	956	957
17638	28	962	956	957
15502	28	86	956	957
33419	28	32440	956	957
21255	28	435	956	957
9443	28	388	956	957
6121	28	175	956	957
106632	28	1137	956	957
23913	28	47852	956	957
39520	28	192	956	957
48910	28	817	956	957
10108	28	1013	956	957
47953	28	745	956	957
27704	28	5711	956	957
28507	28	759	956	957
28524	28	977	956	957
16036	28	659	956	957
59292	28	436	956	957
10868	28	109	956	957
31657	28	2870	956	957
13867	28	132	956	957
12372	28	2325	956	957
21990	28	272	956	957
18777	28	455	956	957
26434	28	1495	956	957
8309	28	118	956	957
59347	28	1405	956	957
73537	28	1145	956	957
32305	28	1704	956	957
20009	28	211	956	957
54943	28	88	956	957
22902	28	2003	956	957
22923	28	44171	956	957
58768	28	1829	956	957
18170	28	794	956	957
30455	28	13859	956	957
32850	28	16	956	957
51239	28	796	956	957
10065	28	635	956	957
11896	28	3553	956	957
106971	28	77206	956	957
14116	28	168	956	957
56377	28	44171	956	957
78254	28	1116	956	957
12618	28	181	956	957
80330	28	5265	956	957
26525	28	592	956	957
27655	28	17870	956	957
30252	28	3433	956	957
68502	28	129	956	957
5840	28	2139	956	957
36954	28	1423	956	957
26015	28	1180	956	957
66828	28	1110	956	957
17894	28	1966	956	957
22187	28	669	956	957
54559	28	811	956	957
4334	28	2677	956	957
18749	28	2519	956	957
18999	28	1871	956	957
143174	28	9151	956	957
16123	28	153	956	957
8338	28	964	956	957
20988	28	70	956	957
30332	28	20134	956	957
46510	28	2719	956	957
36995	28	1292	956	957
16021	28	210	956	957
16394	28	1606	956	957
9010	28	1292	956	957
14395	28	165	956	957
97823	28	17491	956	957
38343	28	2397	956	957
43027	28	295	956	957
62923	28	273	956	957
35854	28	153	956	957
10546	28	451	956	957
11534	28	2113	956	957
23379	28	2563	956	957
13491	28	142	956	957
8127	28	203	956	957
19526	28	537	956	957
5589	28	304	956	957
13439	28	1557	956	957
7759	28	283	956	957
29043	28	2175	956	957
17924	28	1960	956	957
9934	28	337	956	957
2919	28	40	956	957
8374	28	4541	956	957
10418	28	73	956	957
6239	28	13499	956	957
29720	28	633	956	957
15877	28	228	956	957
9627	28	181	956	957
22266	28	267	956	957
62936	28	787	956	957
10660	28	682	956	957
18439	28	5243	956	957
30634	28	1557	956	957
32386	28	3400	956	957
15085	28	980	956	957
16741	28	1924	956	957
16508	28	78	956	957
57164	28	1632	956	957
104541	28	1148	956	957
6247	28	1131	956	957
32195	28	1027	956	957
47661	28	965	956	957
10952	28	1067	956	957
59202	28	89	956	957
17868	28	478	956	957
107034	28	3148	956	957
35623	28	28563	956	957
4470	28	122	956	957
15810	28	496	956	957
40559	28	58113	956	957
21575	28	1545	956	957
31338	28	556	956	957
18014	28	2319	956	957
37995	28	672	956	957
47407	28	1907	956	957
24496	28	1969	956	957
15825	28	1606	956	957
9640	28	117	956	957
26685	28	693	956	957
93789	28	141	956	957
4995	28	514	956	957
7023	28	220	956	957
28776	28	160	956	957
20007	28	458	956	957
37330	28	703	956	957
29548	28	2803	956	957
16862	28	435	956	957
8248	28	800	956	957
69111	28	105	956	957
107500	28	55263	956	957
20583	28	829	956	957
24644	28	67155	956	957
69231	28	35836	956	957
14036	28	3362	956	957
13446	28	38462	956	957
21096	28	2426	956	957
11599	28	3308	956	957
29647	28	1416	956	957
6812	28	149	956	957
29276	28	637	956	957
10258	28	36	956	957
8791	28	415	956	957
6924	28	405	956	957
60051	28	1190	956	957
10812	28	478	956	957
53044	28	3385	956	957
58269	28	539	956	957
11771	28	963	956	957
11967	28	451	956	957
11233	28	99	956	957
58145	28	1025	956	957
10090	28	461	956	957
8615	28	2270	956	957
70903	28	449	956	957
11926	28	401	956	957
9610	28	291	956	957
14287	28	3933	956	957
38535	28	232	956	957
58763	28	1460	956	957
26334	28	222	956	957
6326	28	1557	956	957
22331	28	1060	956	957
40794	28	104	956	957
34224	28	1671	956	957
78431	28	439	956	957
9193	28	30	956	957
38475	28	1958	956	957
26010	28	1316	956	957
38400	28	9631	956	957
16269	28	602	956	957
57384	28	2544	956	957
76324	28	2276	956	957
21885	28	693	956	957
22389	28	78	956	957
50149	28	1354	956	957
16946	28	298	956	957
17721	28	43899	956	957
53311	28	16782	956	957
17483	28	2719	956	957
65373	28	4189	956	957
19922	28	328	956	957
74319	28	5945	956	957
94323	28	2686	956	957
19373	28	1370	956	957
47574	28	240	956	957
9828	28	446	956	957
18089	28	131	956	957
13046	28	1041	956	957
48317	28	353	956	957
36949	28	1867	956	957
42727	28	3443	956	957
82332	28	1462	956	957
7838	28	175	956	957
10693	28	649	956	957
8961	28	170	956	957
30516	28	4178	956	957
32888	28	1938	956	957
47778	28	960	956	957
92679	28	1289	956	957
11810	28	5775	956	957
126392	28	1552	956	957
18071	28	695	956	957
7973	28	1557	956	957
66321	28	4412	956	957
41080	28	2179	956	957
34266	28	5480	956	957
19625	28	1395	956	957
22479	28	808	956	957
19222	28	348	956	957
35345	28	421	956	957
21056	28	848	956	957
38103	28	235	956	957
50863	28	12755	956	957
4030	28	166	956	957
18424	28	28528	956	957
88695	28	42615	956	957
49080	28	11965	956	957
38164	28	596	956	957
31488	28	1253	956	957
24480	28	1034	956	957
58795	28	707	956	957
62703	28	819	956	957
20255	28	171	956	957
102100	28	175	956	957
26796	28	141	956	957
81458	28	381	956	957
77914	28	2467	956	957
15700	28	388	956	957
11674	28	332	956	957
5859	28	42	956	957
18415	28	56448	956	957
14286	28	251	956	957
59458	28	1399	956	957
20529	28	1624	956	957
15788	28	3347	956	957
74097	28	35214	956	957
15425	28	3678	956	957
9920	28	1833	956	957
15878	28	2686	956	957
108795	28	690	956	957
7767	28	146	956	957
7770	28	69	956	957
27815	28	669	956	957
9177	28	250	956	957
20407	28	2446	956	957
13375	28	481	956	957
57893	28	2446	956	957
127059	28	1054	956	957
41136	28	1432	956	957
82665	28	1765	956	957
13953	28	160	956	957
38161	28	670	956	957
65375	28	714	956	957
12277	28	1571	956	957
4981	28	58	956	957
8626	28	592	956	957
71966	28	5775	956	957
15866	28	568	956	957
4754	28	167	956	957
39323	28	353	956	957
15329	28	66	956	957
51095	28	2145	956	957
46842	28	16	956	957
28411	28	321	956	957
17489	28	98	956	957
25063	28	435	956	957
31947	28	6062	956	957
77408	28	507	956	957
63313	28	919	956	957
51409	28	47	956	957
9052	28	530	956	957
9017	28	2592	956	957
55072	28	17558	956	957
43080	28	53	956	957
17273	28	659	956	957
62661	28	2957	956	957
90859	28	409	956	957
8212	28	353	956	957
127349	28	5758	956	957
14051	28	2214	956	957
44380	28	964	956	957
38060	28	1025	956	957
9938	28	1606	956	957
8858	28	4181	956	957
93332	28	171	956	957
3509	28	86	956	957
63148	28	649	956	957
28729	28	161	956	957
21898	28	4704	956	957
110143	28	1738	956	957
37352	28	1121	956	957
21179	28	6066	956	957
81321	28	1966	956	957
6664	28	1411	956	957
46357	28	180	956	957
18129	28	634	956	957
28534	28	325	956	957
7018	28	1306	956	957
18501	28	206	956	957
17615	28	180	956	957
22560	28	1624	956	957
86557	28	250	956	957
94904	28	1134	956	957
11492	28	5283	956	957
36380	28	2319	956	957
6368	28	906	956	957
7451	28	842	956	957
10083	28	691	956	957
17739	28	318	956	957
48907	28	808	956	957
13775	28	1526	956	957
7665	28	2516	956	957
9538	28	351	956	957
11146	28	44	956	957
53797	28	2280	956	957
44189	28	445	956	957
9669	28	199	956	957
19842	28	61	956	957
19074	28	3870	956	957
79686	28	402	956	957
14853	28	1969	956	957
6115	28	8415	956	957
50677	28	2117	956	957
58795	28	13435	956	957
12784	28	1031	956	957
31694	28	1624	956	957
82218	28	388	956	957
60693	28	1006	956	957
26002	28	1499	956	957
16732	28	428	956	957
81620	28	392	956	957
22235	28	643	956	957
99270	28	251	956	957
15404	28	4277	956	957
4707	28	311	956	957
25803	28	1221	956	957
148039	14	4374	956	957
24121	28	478	956	957
24108	28	353	956	957
51093	28	291	956	957
25116	28	1137	956	957
14168	28	37	956	957
27372	28	1058	956	957
9790	28	617	956	957
83934	28	9785	956	957
60963	28	1004	956	957
79019	28	789	956	957
54946	28	337	956	957
41094	28	1047	956	957
65787	28	9041	956	957
31296	28	339	956	957
127981	28	1340	956	957
12645	28	474	956	957
81107	28	1757	956	957
93941	28	13818	956	957
7476	28	478	956	957
27809	28	325	956	957
109186	28	6818	956	957
42122	28	1292	956	957
56367	28	2315	956	957
31185	28	313	956	957
41158	28	236	956	957
89307	28	2105	956	957
29195	28	265	956	957
25042	28	1416	956	957
15596	28	2480	956	957
11079	28	81	956	957
51672	28	6921	956	957
24844	28	1879	956	957
20591	28	1741	956	957
60259	28	1286	956	957
32181	28	1294	956	957
17603	28	176	956	957
39617	28	1476	956	957
49865	28	2672	956	957
10093	28	1423	956	957
23513	28	1730	956	957
6128	28	2310	956	957
5667	28	3362	956	957
8199	28	123	956	957
27452	28	490	956	957
23894	28	675	956	957
19138	28	1057	956	957
32910	28	676	956	957
28151	28	257	956	957
13971	28	698	956	957
19885	28	557	956	957
14244	28	692	956	957
41789	28	1006	956	957
47163	28	1395	956	957
34619	28	719	956	957
63963	28	2577	956	957
13967	28	557	956	957
12849	28	19	956	957
16780	28	77	956	957
18040	28	139	956	957
29383	28	1082	956	957
12825	28	1166	956	957
12607	28	343	956	957
8085	28	635	956	957
80959	28	3222	956	957
12672	28	39	956	957
79709	28	1023	956	957
10949	28	461	956	957
19970	28	47	956	957
15638	28	1423	956	957
49998	28	693	956	957
84050	28	2105	956	957
10917	28	343	956	957
15172	28	633	956	957
10804	28	451	956	957
56575	28	546	956	957
41103	28	274	956	957
46186	28	1467	956	957
30884	28	156	956	957
73103	28	28323	956	957
9836	28	395	956	957
8760	28	486	956	957
112087	28	15083	956	957
27474	28	1031	956	957
48910	28	261	956	957
23195	28	286	956	957
27919	28	649	956	957
44223	28	949	956	957
7097	28	1084	956	957
43605	28	1016	956	957
7500	28	38	956	957
8226	28	347	956	957
13871	28	2705	956	957
18132	28	3656	956	957
14421	28	415	956	957
29145	28	595	956	957
57753	28	3429	956	957
38164	28	266	956	957
26490	28	800	956	957
14709	28	196	956	957
102675	28	31813	956	957
20379	28	3167	956	957
62522	28	310	956	957
28806	28	44	956	957
50096	28	1640	956	957
55668	28	228	956	957
10979	28	384	956	957
48682	28	1138	956	957
5027	28	2680	956	957
6556	28	2440	956	957
45498	28	1080	956	957
53288	28	3251	956	957
38630	28	217	956	957
38367	28	3999	956	957
18198	28	29889	956	957
73195	28	3425	956	957
64188	28	3195	956	957
51868	28	3061	956	957
13241	28	86	956	957
31823	28	692	956	957
74484	28	122	956	957
39193	28	4311	956	957
78005	28	1639	956	957
76296	28	2412	956	957
86042	28	358	956	957
6776	28	31	956	957
52242	28	345	956	957
15497	28	49	956	957
40815	28	2532	956	957
95253	28	5775	956	957
59234	28	343	956	957
101176	28	23	956	957
44328	28	377	956	957
16821	28	156	956	957
11897	28	848	956	957
15728	28	587	956	957
10408	28	165	956	957
59508	28	3383	956	957
6387	28	73	956	957
57567	28	2475	956	957
58073	28	465	956	957
15922	28	4487	956	957
8831	28	907	956	957
149953	28	1745	956	957
73043	28	674	956	957
7133	28	1149	956	957
7276	28	52	956	957
10352	28	478	956	957
8399	28	1388	956	957
116041	28	3193	956	957
60075	28	890	956	957
87708	28	22	956	957
66231	28	233	956	957
29202	28	146	956	957
16373	28	691	956	957
18171	28	643	956	957
68436	28	1260	956	957
46135	28	4541	956	957
23173	28	449	956	957
33203	28	3731	956	957
51897	28	39	956	957
14498	28	1023	956	957
12882	28	486	956	957
21433	28	77	956	957
16604	28	2051	956	957
10903	28	803	956	957
35183	28	171	956	957
17731	28	53	956	957
9645	28	155	956	957
29520	28	1269	956	957
20153	28	612	956	957
14793	28	888	956	957
39008	28	756	956	957
9344	28	447	956	957
24882	28	2593	956	957
7310	28	1099	956	957
80448	28	7890	956	957
72859	28	4347	956	957
27132	28	1123	956	957
42964	28	2571	956	957
32421	28	449	956	957
93864	28	2840	956	957
12520	28	1100	956	957
33078	28	1919	956	957
23764	28	1399	956	957
11564	28	14	956	957
19521	28	165	956	957
9176	28	9582	956	957
7669	28	720	956	957
80108	28	1993	956	957
38144	28	2978	956	957
12429	28	1100	956	957
6544	28	1100	956	957
91407	28	263	956	957
93925	28	2416	956	957
11643	28	124	956	957
51768	28	696	956	957
22802	28	1299	956	957
17366	28	383	956	957
87963	28	1704	956	957
18884	28	283	956	957
20476	28	1078	956	957
47964	28	4117	956	957
20112	28	449	956	957
7977	28	773	956	957
31729	28	2019	956	957
20187	28	1743	956	957
20819	28	325	956	957
36357	28	332	956	957
37920	28	22	956	957
8558	28	303	956	957
28063	28	486	956	957
17018	28	4541	956	957
8970	28	277	956	957
26328	28	2456	956	957
38929	28	170	956	957
19869	28	617	956	957
17683	28	2180	956	957
9973	28	1720	956	957
15003	28	1476	956	957
20937	28	798	956	957
12414	28	1100	956	957
5428	28	213	956	957
43085	28	3860	956	957
8890	28	2051	956	957
15903	28	1115	956	957
11464	28	627	956	957
7696	28	1432	956	957
82584	28	1033	956	957
76197	28	47895	956	957
7662	28	160	956	957
21241	28	1993	956	957
72400	28	2991	956	957
80893	28	27	956	957
26112	28	360	956	957
17760	28	60357	956	957
4792	28	1056	956	957
8361	28	570	956	957
9898	28	433	956	957
92647	28	4003	956	957
51758	28	1742	956	957
13229	28	1294	956	957
5501	28	28	956	957
17436	28	5440	956	957
36853	28	176	956	957
14505	28	133	956	957
151249	28	51919	956	957
36227	28	180	956	957
23011	28	37	956	957
9124	28	1635	956	957
20841	28	2215	956	957
71666	28	131	956	957
10342	28	405	956	957
51924	28	2097	956	957
60180	28	2544	956	957
127766	28	3848	956	957
42087	28	364	956	957
60179	28	452	956	957
7414	28	754	956	957
51356	28	235	956	957
17581	28	25841	956	957
16051	28	4594	956	957
19857	28	363	956	957
10753	28	377	956	957
13837	28	1990	956	957
9172	28	133	956	957
16821	28	1677	956	957
14444	28	313	956	957
15192	28	16447	956	957
89087	28	114	956	957
7441	28	330	956	957
83851	28	2180	956	957
9574	28	1041	956	957
6387	28	396	956	957
13930	28	478	956	957
17192	28	346	956	957
6640	28	339	956	957
13684	28	796	956	957
95126	28	427	956	957
59797	28	7340	956	957
8188	28	43434	956	957
6970	28	616	956	957
15785	28	136	956	957
56113	28	1100	956	957
6514	28	5227	956	957
11843	28	911	956	957
19838	28	5801	956	957
23947	28	2686	956	957
12673	28	147	956	957
75929	28	1758	956	957
19023	28	717	956	957
38479	28	99	956	957
72926	28	1556	956	957
111554	28	3251	956	957
128803	28	524	956	957
8215	28	82	956	957
63277	28	22983	956	957
44194	28	103	956	957
62729	28	54015	956	957
17631	28	6135	956	957
65725	28	662	956	957
24229	28	829	956	957
5543	28	7725	956	957
7904	28	234	956	957
19244	28	337	956	957
22083	28	3174	956	957
42528	28	4049	956	957
38615	28	2732	956	957
19845	28	227	956	957
24487	28	447	956	957
77866	28	9018	956	957
32372	28	478	956	957
35898	28	560	956	957
18161	28	67155	956	957
128116	28	1239	956	957
77418	28	749	956	957
28613	28	4860	956	957
12608	28	1392	956	957
15150	28	474	956	957
32779	28	398	956	957
97849	28	14061	956	957
39559	28	872	956	957
43088	28	1628	956	957
6002	28	105	956	957
70272	28	83	956	957
66977	28	1609	956	957
61454	28	153	956	957
12696	28	6025	956	957
6558	28	1978	956	957
11008	28	136	956	957
38174	28	2887	956	957
3704	28	2283	956	957
13680	28	486	956	957
42544	28	2327	956	957
29111	28	1734	956	957
16539	28	698	956	957
78549	28	1083	956	957
35975	28	7030	956	957
10060	28	1084	956	957
9298	28	3308	956	957
55693	28	962	956	957
28878	28	74	956	957
34933	28	819	956	957
46055	28	1571	956	957
44160	28	806	956	957
57205	28	1624	956	957
15498	28	926	956	957
17356	28	1266	956	957
10606	28	4860	956	957
32802	28	2310	956	957
19411	28	447	956	957
13224	28	718	956	957
70316	28	50948	956	957
58065	28	3949	956	957
81969	28	134	956	957
11333	28	3151	956	957
9043	28	40	956	957
15005	28	251	956	957
47967	28	2097	956	957
6462	28	52	956	957
149856	28	1370	956	957
30070	28	274	956	957
6350	28	1738	956	957
23285	28	304	956	957
18026	28	240	956	957
6613	28	416	956	957
9649	28	357	956	957
12319	28	1295	956	957
5822	28	3876	956	957
104060	28	27431	956	957
7432	28	339	956	957
86899	28	7895	956	957
33904	28	897	956	957
21498	28	872	956	957
39296	28	680	956	957
16213	28	1624	956	957
24498	28	1290	956	957
68727	28	27778	956	957
11175	28	72	956	957
33045	28	1043	956	957
11622	28	3000	956	957
130290	28	1290	956	957
29653	28	134	956	957
11166	28	160	956	957
91990	28	5238	956	957
6558	28	214	956	957
15645	28	743	956	957
15568	28	114	956	957
36869	28	65	956	957
20078	28	962	956	957
18124	28	2649	956	957
11862	28	1882	956	957
15396	28	660	956	957
125756	28	303	956	957
7705	28	65	956	957
15120	28	1762	956	957
60810	28	7098	956	957
25901	28	36492	956	957
94895	28	6062	956	957
45770	28	8439	956	957
106681	28	920	956	957
20620	28	1295	956	957
37626	28	1067	956	957
17394	28	111	956	957
104503	28	69815	956	957
16154	28	2175	956	957
15440	28	3926	956	957
28435	28	4515	956	957
21886	28	570	956	957
70241	28	1745	956	957
17022	28	371	956	957
8196	28	186	956	957
6244	28	77	956	957
8763	28	702	956	957
51044	28	1071	956	957
14495	28	401	956	957
28399	28	1119	956	957
6171	28	142	956	957
77439	28	797	956	957
8983	28	2677	956	957
153064	28	2784	956	957
70581	28	427	956	957
40236	28	793	956	957
12601	28	114	956	957
38716	28	198	956	957
15723	28	1803	956	957
25657	28	6425	956	957
9243	28	2023	956	957
9418	28	171	956	957
17709	28	1084	956	957
11161	28	3692	956	957
5118	28	274	956	957
20450	28	9631	956	957
46963	28	1135	956	957
25762	28	124	956	957
17829	28	2745	956	957
49190	28	83	956	957
32137	28	3911	956	957
21131	28	1436	956	957
8281	28	22	956	957
17843	28	42	956	957
108609	28	415	956	957
43729	28	416	956	957
29581	28	1788	956	957
11086	28	808	956	957
109945	28	1757	956	957
66315	28	904	956	957
24856	14	764	956	957
7731	28	221	956	957
7304	28	351	956	957
8056	28	3492	956	957
8268	28	3178	956	957
75827	28	1117	956	957
81008	28	1346	956	957
4839	28	126	956	957
68552	28	893	956	957
11674	28	33	956	957
69750	28	1237	956	957
19489	28	1060	956	957
18809	28	843	956	957
99545	28	7213	956	957
37788	28	454	956	957
6411	28	907	956	957
7836	28	100	956	957
47264	28	1317	956	957
12878	28	1319	956	957
27177	28	25924	956	957
84189	28	82	956	957
11525	28	259	956	957
59381	28	1016	956	957
6991	28	109	956	957
9531	28	168	956	957
72023	28	2347	956	957
16600	28	960	956	957
85942	28	1535	956	957
40897	28	1677	956	957
27132	28	1831	956	957
57642	28	899	956	957
17938	28	2289	956	957
5434	28	816	956	957
7067	28	9126	956	957
40992	28	353	956	957
36381	28	812	956	957
61047	28	10599	956	957
16687	28	960	956	957
21013	28	400	956	957
12678	28	649	956	957
9291	28	27	956	957
56717	28	2227	956	957
4635	28	1910	956	957
10271	28	596	956	957
13291	28	1245	956	957
12773	28	81	956	957
16256	28	808	956	957
47923	28	252	956	957
21070	28	185	956	957
48401	28	193	956	957
22664	28	1269	956	957
58403	28	996	956	957
8038	28	630	956	957
17162	28	4349	956	957
11479	28	1383	956	957
32929	28	1651	956	957
8346	28	5775	956	957
60428	28	2180	956	957
104677	28	2761	956	957
34893	28	47	956	957
66296	28	7284	956	957
59587	28	4868	956	957
9949	28	885	956	957
64199	28	2927	956	957
16943	28	690	956	957
24579	28	87	956	957
16005	28	715	956	957
18268	28	160	956	957
55664	28	1367	956	957
62612	28	892	956	957
16678	28	210	956	957
5017	28	3235	956	957
27648	28	694	956	957
15123	28	250	956	957
6697	28	2093	956	957
94821	28	2803	956	957
80813	28	1032	956	957
15536	28	343	956	957
47088	28	1740	956	957
88556	28	71	956	957
12518	28	232	956	957
84908	28	188	956	957
36908	28	46	956	957
24639	28	5432	956	957
13015	28	390	956	957
51407	28	114	956	957
14711	28	525	956	957
69460	28	1076	956	957
43001	28	1778	956	957
53514	28	1583	956	957
27874	28	195	956	957
18814	28	787	956	957
22660	28	1116	956	957
94649	28	90790	956	957
10929	28	1581	956	957
69424	28	2192	956	957
28010	28	815	956	957
10058	28	2389	956	957
37277	28	1725	956	957
70326	28	1016	956	957
111090	28	21552	956	957
11993	28	304	956	957
45885	28	675	956	957
7489	28	22	956	957
5254	28	752	956	957
18258	28	2527	956	957
29856	28	277	956	957
69912	28	1976	956	957
88391	28	265	956	957
11659	28	1131	956	957
42798	28	351	956	957
23811	28	236	956	957
28040	28	257	956	957
21605	28	1394	956	957
45056	28	343	956	957
8041	28	3167	956	957
8438	28	3630	956	957
9834	28	3205	956	957
59614	28	1971	956	957
15674	28	276	956	957
20225	28	33239	956	957
18804	28	1652	956	957
13694	28	346	956	957
35888	28	592	956	957
78337	28	3870	956	957
7799	28	436	956	957
7041	28	126	956	957
36091	28	940	956	957
7128	28	155	956	957
17939	28	1080	956	957
14728	28	147	956	957
22276	28	2310	956	957
6860	28	46	956	957
39521	28	2677	956	957
64884	28	3177	956	957
38141	28	2066	956	957
10688	28	1081	956	957
29132	28	1831	956	957
16292	28	19	956	957
54908	28	55864	956	957
58439	28	14617	956	957
8407	28	160	956	957
44140	28	2349	956	957
15310	28	1368	956	957
12126	28	19	956	957
23566	28	1772	956	957
63156	28	15637	956	957
11652	28	1115	956	957
21032	28	133	956	957
19793	28	100	956	957
8121	28	1966	956	957
6277	28	132	956	957
63795	16	2429	956	957
8486	28	478	956	957
7956	28	1061	956	957
12325	28	1195	956	957
17664	28	30	956	957
11262	28	620	956	957
9056	28	1354	956	957
34126	28	7385	956	957
67322	28	470	956	957
23411	28	199	956	957
21876	28	826	956	957
30540	28	288	956	957
60334	28	1882	956	957
21138	28	6909	956	957
24364	28	1009	956	957
5041	28	555	956	957
24240	28	51	956	957
127237	28	1137	956	957
20773	28	1074	956	957
21427	28	37088	956	957
83391	28	848	956	957
80077	28	238	956	957
32979	28	1292	956	957
12685	28	176	956	957
5122	28	283	956	957
94355	28	149	956	957
11218	28	3564	956	957
21191	28	2897	956	957
38549	28	925	956	957
42902	28	474	956	957
15421	28	1581	956	957
16977	28	980	956	957
11220	28	177	956	957
6535	28	256	956	957
12955	28	29	956	957
38968	28	196	956	957
76212	28	5520	956	957
70624	28	272	956	957
106031	28	2046	956	957
57132	28	1722	956	957
33005	28	21408	956	957
74874	28	1614	956	957
58096	28	871	956	957
8914	28	40	956	957
23070	28	152	956	957
50352	28	8554	956	957
56277	28	881	956	957
78331	28	77	956	957
35700	28	2550	956	957
8659	28	400	956	957
19492	28	37	956	957
12375	28	442	956	957
81334	28	13655	956	957
14067	28	560	956	957
21494	28	119	956	957
13772	28	232	956	957
12905	28	740	956	957
12517	28	3059	956	957
36267	28	529	956	957
35878	28	710	956	957
6211	28	1190	956	957
69860	28	1530	956	957
26471	28	759	956	957
60080	28	141	956	957
8413	28	2107	956	957
11175	28	294	956	957
12315	28	449	956	957
7238	28	465	956	957
9712	28	416	956	957
9268	28	1027	956	957
11624	28	819	956	957
51423	28	344	956	957
77156	28	1120	956	957
11167	28	72	956	957
67726	28	9126	956	957
5910	28	46	956	957
8257	28	635	956	957
7900	28	141	956	957
38648	28	442	956	957
9267	28	155	956	957
44388	28	124	956	957
119550	28	1421	956	957
31039	28	903	956	957
12565	28	572	956	957
65115	28	1779	956	957
20159	28	68	956	957
13570	28	213	956	957
61346	28	931	956	957
25680	28	355	956	957
14332	28	797	956	957
102957	28	13180	956	957
64538	28	937	956	957
9010	28	224	956	957
62860	28	903	956	957
8771	28	797	956	957
29912	28	1067	956	957
19956	28	1833	956	957
28687	28	490	956	957
20797	28	145	956	957
77346	28	439	956	957
12727	28	811	956	957
84022	28	62931	956	957
21001	28	1078	956	957
45098	28	65080	956	957
32542	28	1919	956	957
55096	28	267	956	957
14199	28	1684	956	957
28800	28	990	956	957
14580	28	2214	956	957
17852	28	24227	956	957
75449	28	280	956	957
12433	28	240	956	957
7354	28	1990	956	957
26083	28	1082	956	957
14186	28	129	956	957
10942	28	592	956	957
32017	28	1206	956	957
31302	28	387	956	957
10790	28	1354	956	957
60589	28	781	956	957
101377	28	435	956	957
51028	28	103	956	957
43487	28	280	956	957
65851	28	612	956	957
13184	28	529	956	957
17653	28	325	956	957
38406	28	114	956	957
48068	28	17491	956	957
5776	28	2389	956	957
21398	28	224	956	957
79075	28	2271	956	957
55917	28	4205	956	957
61404	28	3174	956	957
18894	28	1234	956	957
9953	28	22768	956	957
6751	28	3593	956	957
46173	28	743	956	957
32247	28	582	956	957
35833	28	10690	956	957
60183	28	3949	956	957
28626	28	5494	956	957
8852	28	1995	956	957
63868	28	6073	956	957
51504	28	153	956	957
16068	28	713	956	957
20282	28	1367	956	957
14762	28	593	956	957
8494	28	80	956	957
11000	28	3692	956	957
17724	28	800	956	957
57585	28	3167	956	957
75715	28	1067	956	957
16314	28	401	956	957
17122	28	153	956	957
12357	28	339	956	957
59729	28	10196	956	957
9880	28	1496	956	957
11869	28	357	956	957
26991	28	1101	956	957
14734	28	395	956	957
6679	28	980	956	957
47305	28	1430	956	957
96831	28	1767	956	957
17509	28	232	956	957
26791	28	30	956	957
51429	28	3491	956	957
69611	28	798	956	957
7143	28	1307	956	957
38548	28	419	956	957
90750	28	1384	956	957
7599	28	1269	956	957
11408	28	893	956	957
57828	28	1860	956	957
98266	28	1014	956	957
5324	28	22	956	957
22383	28	18464	956	957
7103	28	2703	956	957
80220	28	968	956	957
184928	28	15083	956	957
30832	28	635	956	957
99281	28	23269	956	957
30790	28	1435	956	957
80573	28	1723	956	957
93921	28	1399	956	957
57293	28	524	956	957
25318	28	24	956	957
5099	28	815	956	957
56145	28	1643	956	957
21918	28	30811	956	957
12832	28	539	956	957
28502	28	1137	956	957
69900	28	502	956	957
59490	28	30199	956	957
23746	28	345	956	957
22714	28	1280	956	957
18458	28	696	956	957
31562	28	1354	956	957
23793	28	120	956	957
17373	28	171	956	957
38386	28	657	956	957
35131	28	107	956	957
20190	28	53	956	957
19547	28	3626	956	957
25209	28	1190	956	957
70798	28	4184	956	957
9968	28	1965	956	957
30170	28	553	956	957
28478	28	16342	956	957
5618	28	193	956	957
9331	28	1834	956	957
38382	28	756	956	957
7584	28	260	956	957
12161	28	979	956	957
25243	28	1004	956	957
22510	28	44171	956	957
9242	28	1100	956	957
7706	28	748	956	957
19224	28	244	956	957
32229	28	153	956	957
11240	28	605	956	957
29749	28	2097	956	957
52285	28	828	956	957
10732	28	259	956	957
12333	28	889	956	957
73744	28	578	956	957
108257	28	20847	956	957
12833	28	680	956	957
42189	28	993	956	957
57025	28	3105	956	957
29868	28	36	956	957
9709	28	2735	956	957
15663	28	787	956	957
13141	28	437	956	957
53706	28	15315	956	957
10743	28	265	956	957
42758	28	11056	956	957
50902	28	462	956	957
19850	28	1725	956	957
70806	28	926	956	957
63094	28	310	956	957
10116	28	784	956	957
5138	28	917	956	957
11610	28	50	956	957
38485	28	1577	956	957
5640	28	620	956	957
80122	28	1772	956	957
21223	28	1005	956	957
88305	28	3925	956	957
50537	28	5243	956	957
5929	28	295	956	957
49052	28	3545	956	957
37071	28	10552	956	957
9374	28	220	956	957
8237	28	154	956	957
38212	28	910	956	957
14024	28	1488	956	957
13680	28	1752	956	957
44320	28	555	956	957
13494	28	165	956	957
58799	28	1788	956	957
5051	28	9689	956	957
33856	28	949	956	957
8961	28	1033	956	957
76982	28	179	956	957
12843	28	802	956	957
27946	28	800	956	957
18503	28	121	956	957
10445	28	122	956	957
10388	28	1006	956	957
19563	28	364	956	957
142780	28	1962	956	957
80394	28	240	956	957
81020	28	1007	956	957
11896	28	1426	956	957
18552	28	146	956	957
22483	28	5761	956	957
11616	28	211	956	957
17937	28	1081	956	957
63751	28	3135	956	957
95692	28	9781	956	957
7551	28	2414	956	957
5714	28	560	956	957
57868	28	30811	956	957
27088	28	718	956	957
43920	28	8602	956	957
5592	28	1365	956	957
15128	28	826	956	957
7776	28	477	956	957
9075	28	421	956	957
6195	28	2644	956	957
31362	28	3362	956	957
18203	28	266	956	957
37895	28	71	956	957
44394	28	1918	956	957
46212	28	1164	956	957
23363	28	659	956	957
50345	28	5775	956	957
39589	28	587	956	957
15649	28	38	956	957
5947	28	242	956	957
4901	28	416	956	957
74083	28	24	956	957
28500	28	143	956	957
56124	28	9631	956	957
18433	28	442	956	957
93364	28	5765	956	957
107311	28	274	956	957
7328	28	1909	956	957
8393	28	33	956	957
62406	28	102	956	957
13953	28	118	956	957
13465	28	351	956	957
57584	28	802	956	957
75374	28	710	956	957
20028	28	170	956	957
12158	28	5945	956	957
40769	28	1984	956	957
79970	28	3637	956	957
8578	28	290	956	957
11375	28	686	956	957
11740	28	2271	956	957
21456	28	704	956	957
8413	28	974	956	957
16927	28	718	956	957
94312	28	5226	956	957
5965	28	6492	956	957
44959	28	1742	956	957
62303	28	1504	956	957
11250	28	86	956	958
5894	28	951	956	958
11266	28	449	956	958
38875	28	390	956	958
6268	28	447	956	958
52363	28	21912	956	958
6689	28	666	956	958
16535	28	476	956	958
12860	28	3174	956	958
52605	28	619	956	958
71143	28	210	956	958
9278	28	145	956	958
52810	28	104	956	958
16712	28	1367	956	958
71351	28	7794	956	958
10369	28	323	956	958
9271	28	523	956	958
7821	28	533	956	958
29686	28	1841	956	958
45842	28	224	956	958
71792	28	787	956	958
9462	28	855	956	958
14880	28	2336	956	958
18835	28	325	956	958
34499	28	169	956	958
17074	28	253	956	958
34734	28	2485	956	958
10568	28	154	956	958
26068	28	1379	956	958
46004	28	1610	956	958
26159	28	354	956	958
15109	28	490	956	958
53918	28	926	956	958
11192	28	23	956	958
8751	28	1589	956	958
54116	28	5775	956	958
24748	28	1013	956	958
9127	28	294	956	958
19965	28	423	956	958
98372	28	1801	956	958
20107	28	930	956	958
54691	28	442	956	958
35530	28	1395	956	958
26757	28	442	956	958
23281	28	238	956	958
47496	28	238	956	958
33435	28	1162	956	958
15485	28	1614	956	958
6115	28	3876	956	958
73777	28	230	956	958
35796	28	3553	956	958
63874	28	593	956	958
45031	28	941	956	958
63890	28	1346	956	958
73968	28	837	956	958
26123	28	4418	956	958
85833	28	1529	956	958
15592	28	238	956	958
55290	28	3658	956	958
64093	28	256	956	958
23441	28	2167	956	958
40760	28	496	956	958
19836	28	436	956	958
86141	28	9210	956	958
15667	28	337	956	958
82221	28	605	956	958
61719	28	632	956	958
86317	28	649	956	958
17825	28	325	956	958
25036	28	156	956	958
10897	28	852	956	958
20840	28	143	956	958
60513	28	1123	956	958
75207	28	696	956	958
25321	28	5062	956	958
12997	28	78	956	958
75247	28	3222	956	958
62512	28	295	956	958
40890	28	202	956	958
8107	28	139	956	958
14472	28	643	956	958
48964	28	431	956	958
15038	28	24	956	958
3854	28	332	956	958
23997	28	1336	956	958
11035	28	1329	956	958
27794	28	1871	956	958
12530	28	808	956	958
49141	28	18	956	958
21051	28	71	956	958
21054	28	1050	956	958
26968	28	674	956	958
54744	28	56843	956	958
49288	28	1624	956	958
25244	28	1181	956	958
24097	28	8531	956	958
83385	28	799	956	958
7903	28	396	956	958
6234	28	166	956	958
13381	28	147	956	958
9007	28	109	956	958
18169	28	3765	956	958
20541	28	2887	956	958
88322	28	1401	956	958
76439	28	2289	956	958
42989	28	129	956	958
76497	28	14604	956	958
48340	28	646	956	958
43032	28	2602	956	958
60823	28	9151	956	958
12538	28	195	956	958
16430	28	273	956	958
19924	28	54	956	958
61850	28	976	956	958
14259	28	124	956	958
29060	28	205	956	958
14315	28	188	956	958
8357	28	44	956	958
18734	28	28	956	958
45042	28	456	956	958
6672	28	178	956	958
30040	28	295	956	958
39304	28	66	956	958
18773	28	29453	956	958
18923	28	214	956	958
21987	28	1423	956	958
10262	28	975	956	958
62055	28	167	956	958
45573	28	145	956	958
25353	28	924	956	958
19187	28	168	956	958
39514	28	53	956	958
54194	28	3949	956	958
11539	28	1036	956	958
57460	28	169	956	958
25581	28	179	956	958
25585	28	76	956	958
74074	28	646	956	958
25773	28	2095	956	958
18795	28	1965	956	958
34317	28	1639	956	958
77560	28	1825	956	958
39759	28	2440	956	958
89615	28	2774	956	958
17072	28	686	956	958
43390	28	2812	956	958
67060	28	109	956	958
6684	28	81	956	958
40483	28	1565	956	958
16532	28	192	956	958
15018	28	154	956	958
6444	28	723	956	958
8660	28	28	956	958
13453	28	24	956	958
9399	28	669	956	958
14261	28	6894	956	958
22759	28	603	956	958
14783	28	110	956	958
26388	28	222	956	958
16391	28	1551	956	958
40515	28	1471	956	958
10189	28	1295	956	958
10716	28	19	956	958
22985	28	2849	956	958
67506	28	1399	956	958
9719	28	3347	956	958
47281	28	617	956	958
39879	28	586	956	958
120270	28	9151	956	958
104383	28	282	956	958
18816	28	156	956	958
14335	28	1370	956	958
22388	28	48	956	958
40740	28	632	956	958
41303	28	1036	956	958
11812	28	91	956	958
7439	28	981	956	958
65508	28	3193	956	958
45429	28	449	956	958
31187	28	740	956	958
14851	28	1180	956	958
20579	28	1723	956	958
10881	28	256	956	958
27111	28	192	956	958
64175	28	2196	956	958
12766	28	255	956	958
49775	28	90886	956	958
15511	28	156	956	958
8372	28	396	956	958
20705	28	174	956	958
10456	28	5630	956	958
35980	28	2048	956	958
34733	28	32737	956	958
19055	28	350	956	958
70458	28	8373	956	958
23781	28	960	956	958
9676	28	89	956	958
7358	28	2686	956	958
8785	28	193	956	958
73140	28	9511	956	958
23791	28	2376	956	958
10547	28	145	956	958
36648	28	232	956	958
64552	28	1227	956	958
39250	28	583	956	958
19447	28	422	956	958
16058	28	754	956	958
23306	28	5775	956	958
14796	28	974	956	958
11992	28	433	956	958
36749	28	1022	956	958
39932	28	398	956	958
85540	28	1499	956	958
27589	28	674	956	958
9373	28	620	956	958
68403	28	387	956	958
79318	28	2409	956	958
64430	28	592	956	958
13271	28	1478	956	958
35152	28	14604	956	958
40294	28	345	956	958
52605	28	526	956	958
67255	28	1346	956	958
33422	28	1104	956	958
37227	28	95	956	958
22450	28	369	956	958
12532	28	251	956	958
15956	28	266	956	958
13826	28	1617	956	958
19641	28	2776	956	958
8171	28	195	956	958
12777	28	144	956	958
21256	28	283	956	958
21415	28	56	956	958
24435	28	29889	956	958
83117	28	679	956	958
15770	28	227	956	958
23893	28	1368	956	958
64393	28	856	956	958
13523	28	22	956	958
24453	28	458	956	958
4222	28	1446	956	958
7274	28	220	956	958
9244	28	732	956	958
31289	28	3276	956	958
9393	28	1264	956	958
79981	28	811	956	958
12148	28	3597	956	958
43982	28	8221	956	958
14612	28	1338	956	958
23517	28	1170	956	958
10523	28	378	956	958
68528	28	3283	956	958
39172	28	675	956	958
68986	28	1521	956	958
28578	28	77	956	958
9549	28	454	956	958
7678	28	196	956	958
24876	28	1467	956	958
11081	28	418	956	958
28145	28	400	956	958
11213	28	83	956	958
4350	28	67	956	958
29517	28	1308	956	958
10726	28	681	956	958
48172	28	245	956	958
39779	28	6621	956	958
10339	28	89	956	958
35629	28	587	956	958
114162	28	2486	956	958
18304	28	410	956	958
24553	28	1289	956	958
13500	28	529	956	958
49775	28	8253	956	958
30984	28	720	956	958
67597	28	2198	956	958
32716	28	79962	956	958
24744	28	95	956	958
68369	28	357	956	958
31293	28	8045	956	958
11574	28	1107	956	958
72691	28	1185	956	958
124172	28	614	956	958
14817	28	533	956	958
14816	28	3700	956	958
9190	28	245	956	958
13561	28	462	956	958
19308	28	1624	956	958
50298	28	532	956	958
33993	28	211	956	958
28212	28	445	956	958
13007	28	37	956	958
67553	28	750	956	958
7566	28	192	956	958
15902	28	33883	956	958
7070	28	19	956	958
13764	28	80	956	958
97742	28	919	956	958
18787	28	778	956	958
80755	28	1324	956	958
19350	28	124	956	958
17353	28	103	956	958
72067	28	311	956	958
44118	28	2703	956	958
77252	28	1828	956	958
66098	28	410	956	958
39007	28	2198	956	958
51528	28	1801	956	958
16516	28	318	956	958
14862	28	632	956	958
29098	28	330	956	958
25127	28	142	956	958
44466	28	423	956	958
6508	28	551	956	958
17911	28	676	956	958
17402	28	735	956	958
14144	28	103	956	958
18092	28	245	956	958
22048	28	184	956	958
12064	28	1080	956	958
12181	28	670	956	958
21783	28	251	956	958
28436	28	56	956	958
27612	28	205	956	958
14011	28	456	956	958
36019	28	42	956	958
46068	28	2147	956	958
73250	28	386	956	958
6844	28	24	956	958
26188	28	298	956	958
37785	28	2575	956	958
26833	28	325	956	958
33017	28	1286	956	958
51239	28	837	956	958
7843	28	428	956	958
21811	28	240	956	958
19123	28	63	956	958
66396	28	2098	956	958
13014	28	805	956	958
13386	28	1181	956	958
24825	28	1171	956	958
14751	28	19749	956	958
25302	28	248	956	958
68328	28	787	956	958
26988	28	31	956	958
51054	28	277	956	958
22396	28	1703	956	958
16549	28	3460	956	958
18035	28	2214	956	958
18689	28	1025	956	958
20214	28	1882	956	958
80899	28	256	956	958
18555	28	290	956	958
9370	28	3373	956	958
13667	28	702	956	958
46075	28	1571	956	958
20177	28	144	956	958
24715	28	257	956	958
68933	28	2386	956	958
55136	28	1850	956	958
7294	28	110	956	958
12289	28	58	956	958
10950	28	211	956	958
65146	28	77	956	958
9382	28	748	956	958
80321	28	1302	956	958
21446	28	1524	956	958
11001	28	2604	956	958
10626	28	2542	956	958
6205	28	38	956	958
27096	28	4355	956	958
8196	28	973	956	958
25849	28	15315	956	958
6641	28	808	956	958
5300	28	401	956	958
35885	28	9113	956	958
85491	28	248	956	958
85380	28	5775	956	958
20309	28	49	956	958
11994	28	564	956	958
14606	28	490	956	958
13501	28	784	956	958
24538	28	1589	956	958
15560	28	161	956	958
32201	28	493	956	958
38183	28	8229	956	958
10499	28	628	956	958
12885	28	3460	956	958
45815	28	1570	956	958
28625	28	1896	956	958
45016	28	142	956	958
16152	28	1222	956	958
27214	28	235	956	958
31950	28	675	956	958
24577	28	1392	956	958
6158	28	91	956	958
37242	28	180	956	958
109842	28	1703	956	958
67322	28	12326	956	958
28558	28	44	956	958
13531	28	530	956	958
10369	28	304	956	958
5414	28	2178	956	958
15757	28	2114	956	958
63750	28	2414	956	958
13689	28	778	956	958
20179	28	1740	956	958
36251	28	3815	956	958
27390	28	133	956	958
15382	28	168	956	958
13982	28	489	956	958
15148	28	617	956	958
13464	28	881	956	958
15732	28	555	956	958
20021	28	333	956	958
8815	28	798	956	958
80087	28	981	956	958
8512	28	2489	956	958
56774	28	2949	956	958
20259	28	19	956	958
30808	28	1101	956	958
23091	28	2870	956	958
5961	28	1299	956	958
33133	28	146	956	958
19350	28	1801	956	958
12539	28	46	956	958
46813	28	56	956	958
49239	28	1021	956	958
20972	28	121	956	958
17511	28	20	956	958
9153	28	1466	956	958
12822	28	741	956	958
35121	28	309	956	958
12705	28	575	956	958
26369	28	123	956	958
23561	28	802	956	958
9935	28	1978	956	958
32900	28	2327	956	958
11634	28	883	956	958
53544	28	232	956	958
84494	28	587	956	958
78429	28	1666	956	958
81232	28	238	956	958
47500	28	1736	956	958
12629	28	71	956	958
16541	28	2270	956	958
10124	28	54	956	958
38971	28	1193	956	958
29356	28	17019	956	958
18002	28	43	956	958
10012	28	149	956	958
13270	28	232	956	958
28747	28	102	956	958
22081	28	69815	956	958
20534	28	4729	956	958
21246	28	1241	956	958
44165	28	1123	956	958
15376	28	868	956	958
18034	28	49	956	958
32410	28	383	956	958
48975	28	748	956	958
5601	28	269	956	958
24869	28	232	956	958
8330	28	499	956	958
14757	28	1555	956	958
20516	28	447	956	958
9917	28	506	956	958
92394	28	2540	956	958
20935	28	192	956	958
24760	28	355	956	958
44387	28	3004	956	958
23784	28	92	956	958
92392	28	1794	956	958
77072	28	537	956	958
30004	28	396	956	958
8769	28	704	956	958
9874	28	369	956	958
8679	28	155	956	958
21380	28	293	956	958
17457	28	309	956	958
33036	28	437	956	958
47520	28	692	956	958
47186	28	470	956	958
25270	28	743	956	958
19599	28	119	956	958
4690	28	102	956	958
15233	28	2003	956	958
16418	28	380	956	958
11506	28	1531	956	958
31307	28	64	956	958
12675	28	51	956	958
21129	28	1264	956	958
49924	28	1918	956	958
24524	28	117	956	958
66094	28	1455	956	958
17370	28	718	956	958
13845	28	48	956	958
17301	28	635	956	958
16945	28	166	956	958
47671	28	3668	956	958
31187	28	95	956	958
7578	28	819	956	958
65625	28	224	956	958
31034	28	11378	956	958
58195	28	442	956	958
13807	28	2536	956	958
17157	28	3217	956	958
23770	28	4729	956	958
15755	28	970	956	958
22025	28	1969	956	958
20491	28	1695	956	958
37747	28	462	956	958
5729	28	205	956	958
11752	28	216	956	958
8324	28	44	956	958
33482	28	202	956	958
44352	28	13671	956	958
22133	28	9837	956	958
16892	28	1359	956	958
22705	28	260	956	958
103184	28	956	956	958
10839	28	5801	956	958
15445	28	23	956	958
29275	28	231	956	958
23826	28	259	956	958
16182	28	462	956	958
18492	28	1567	956	958
21060	28	1259	956	958
13396	28	637	956	958
45237	28	155	956	958
13738	28	9843	956	958
55270	28	1095	956	958
26926	28	720	956	958
33721	28	963	956	958
54675	28	1793	956	958
53776	28	1695	956	958
17635	28	1962	956	958
7149	28	91	956	958
25274	28	23	956	958
13070	28	475	956	958
28186	28	231	956	958
36508	28	1960	956	958
28691	28	4472	956	958
42525	28	805	956	958
6282	28	87	956	958
32303	28	546	956	958
32971	28	434	956	958
51408	28	99	956	958
33023	28	793	956	958
26746	28	315	956	958
70090	28	181	956	958
33537	28	1185	956	958
35716	28	1628	956	958
5996	28	377	956	958
47007	28	1918	956	958
89120	28	400	956	958
56423	28	147	956	958
12572	28	1078	956	958
76838	28	796	956	958
12129	28	73	956	958
4884	28	619	956	958
126240	28	233	956	958
35318	28	24101	956	958
6241	28	195	956	958
27201	28	564	956	958
20334	28	66	956	958
67351	28	394	956	958
15540	28	3319	956	958
108996	28	919	956	958
11766	28	754	956	958
147330	28	3027	956	958
14476	28	498	956	958
11611	28	381	956	958
9259	28	42	956	958
70300	28	1291	956	958
69155	28	156	956	958
14205	28	1275	956	958
51049	28	124	956	958
7321	28	384	956	958
7571	28	73	956	958
77849	28	392	956	958
84876	28	238	956	958
28617	28	222	956	958
9563	28	254	956	958
7057	28	353	956	958
20635	28	60	956	958
43211	28	1590	956	958
31609	28	143	956	958
88256	28	1016	956	958
20387	28	1162	956	958
24025	28	8306	956	958
4811	28	742	956	958
8747	28	175	956	958
13095	28	1522	956	958
6895	28	360	956	958
20601	28	154	956	958
21508	28	1753	956	958
9604	28	421	956	958
62345	28	1541	956	958
12803	28	1949	956	958
18459	28	30603	956	958
14275	28	1414	956	958
64887	28	1110	956	958
12346	28	220	956	958
48166	28	325	956	958
8067	28	86	956	958
12565	28	485	956	958
19265	28	142	956	958
29997	28	14604	956	958
66083	28	5160	956	958
94549	28	14604	956	958
87064	28	756	956	958
31028	28	508	956	958
41288	28	1013	956	958
33491	28	1581	956	958
68441	28	253	956	958
13088	28	739	956	958
56049	28	917	956	958
79180	28	5549	956	958
11843	28	1695	956	958
68878	28	391	956	958
82738	28	759	956	958
19514	28	2475	956	958
16214	28	1644	956	958
12546	28	213	956	958
19621	28	195	956	958
11260	28	974	956	958
10751	28	1397	956	958
64891	28	252	956	958
95371	28	14604	956	958
110098	28	960	956	958
15373	28	4251	956	958
110763	28	224	956	958
6653	28	1172	956	958
25527	28	1949	956	958
86744	28	283	956	958
34005	28	266	956	958
60397	28	398	956	958
85280	28	395	956	958
7623	28	76	956	958
28812	28	213	956	958
19496	28	67	956	958
7364	28	1332	956	958
7088	28	175	956	958
10471	28	1532	956	958
78217	28	2768	956	958
44720	28	1801	956	958
83765	28	2848	956	958
21107	28	740	956	958
25134	28	41	956	958
32856	28	309	956	958
73725	28	1264	956	958
24913	28	27	956	958
16227	28	313	956	958
129572	28	439	956	958
13267	28	98	956	958
69568	28	499	956	958
44037	28	1181	956	958
44270	28	318	956	958
39305	28	193	956	958
8472	28	317	956	958
15266	28	675	956	958
74263	28	560	956	958
17289	28	26431	956	958
26311	28	458	956	958
48096	28	2834	956	958
69311	28	954	956	958
6207	28	337	956	958
20168	28	73437	956	958
4735	28	1069	956	958
60398	28	355	956	958
95409	28	750	956	958
58559	28	420	956	958
22078	28	74	956	958
11050	28	1757	956	958
33344	28	167	956	958
18462	28	531	956	958
32641	28	1011	956	958
38230	28	121	956	958
55557	28	1944	956	958
5274	28	149	956	958
19573	28	333	956	958
7649	28	215	956	958
11229	28	977	956	958
18016	28	126	956	958
10980	28	1910	956	958
16442	28	1446	956	958
12893	28	1050	956	958
40227	28	1434	956	958
66601	28	2776	956	958
8476	28	4340	956	958
19466	28	32943	956	958
81010	28	357	956	958
22835	28	261	956	958
53797	28	2602	956	958
31334	28	976	956	958
19785	28	1606	956	958
44585	28	253	956	958
18471	28	133	956	958
20003	28	39	956	958
12175	28	1531	956	958
11348	28	1222	956	958
12547	28	1249	956	958
60012	28	5355	956	958
21037	28	136	956	958
20809	28	250	956	958
20227	28	332	956	958
72490	28	449	956	958
67443	28	973	956	958
7579	28	245	956	958
24896	28	211	956	958
34006	28	818	956	958
44392	28	31237	956	958
24664	28	65	956	958
23122	28	355	956	958
15506	28	1061	956	958
27394	28	1475	956	958
7952	28	160	956	958
82472	28	2172	956	958
75857	28	95	956	958
65485	28	1942	956	958
6619	28	533	956	958
101875	28	904	956	958
9121	28	332	956	958
54387	28	169	956	958
68114	28	354	956	958
18563	28	28	956	958
39868	28	52	956	958
22266	28	213	956	958
16215	28	818	956	958
64292	28	1623	956	958
15918	28	2527	956	958
31830	28	595	956	958
10057	28	593	956	958
7921	28	2215	956	958
16588	28	542	956	958
16501	28	696	956	958
17064	28	64444	956	958
25012	28	144	956	958
30846	28	17019	956	958
10287	28	219	956	958
34625	28	619	956	958
15958	28	70070	956	958
8596	28	250	956	958
14322	28	14	956	958
22205	28	345	956	958
4800	28	1069	956	958
7145	28	100	956	958
21626	28	224	956	958
11449	28	402	956	958
14173	28	89	956	958
18580	28	303	956	958
108281	28	1980	956	958
82540	28	694	956	958
15384	28	233	956	958
20679	28	64	956	958
42166	28	649	956	958
13331	28	63	956	958
67217	28	4083	956	958
15850	28	283	956	958
31516	28	868	956	958
7855	28	850	956	958
44725	28	3195	956	958
20209	28	202	956	958
27068	28	20	956	958
87507	28	70	956	958
8183	28	98	956	958
7017	28	1403	956	958
10944	28	505	956	958
35551	28	252	956	958
27614	28	133	956	958
67006	28	180	956	958
31782	28	391	956	958
4077	28	181	956	958
11271	28	780	956	958
4598	28	46	956	958
81303	28	994	956	958
16686	28	142	956	958
9116	28	462	956	958
5936	28	16	956	958
23518	28	446	956	958
30968	28	3690	956	958
39528	28	346	956	958
47988	28	238	956	958
90722	28	2122	956	958
10582	28	325	956	958
34398	28	167	956	958
27140	28	219	956	958
10928	28	5801	956	958
16700	28	110	956	958
35322	28	1316	956	958
83651	28	2644	956	958
8675	28	124	956	958
49631	28	107386	956	958
44507	28	1968	956	958
5601	28	746	956	958
119942	28	14388	956	958
16498	28	140	956	958
70386	28	1023	956	958
13863	28	325	956	958
51539	28	1016	956	958
25417	28	3924	956	958
71956	28	1316	956	958
11807	28	976	956	958
9268	28	960	956	958
47314	28	447	956	958
10636	28	723	956	958
37174	28	507	956	958
36737	28	2580	956	958
26456	28	21912	956	958
11831	28	3524	956	958
58353	28	1137	956	958
14961	28	1399	956	958
40507	28	179	956	958
22824	28	180	956	958
11152	28	490	956	958
10469	28	573	956	958
7099	28	89	956	958
10822	28	317	956	958
69932	28	2062	956	958
58338	28	1895	956	958
26300	28	43	956	958
20119	28	2555	956	958
30039	28	720	956	958
10270	28	1228	956	958
70134	28	9210	956	958
19035	28	2125	956	958
26443	28	1945	956	958
16221	28	31	956	958
51028	28	456	956	958
106316	28	154	956	958
95529	28	185	956	958
20311	28	991	956	958
26741	28	1097	956	958
13968	28	16447	956	958
29257	28	2516	956	958
10886	28	557	956	958
65840	28	216	956	958
19170	28	390	956	958
102377	28	989	956	958
15433	28	572	956	958
22305	28	70	956	958
7155	28	378	956	958
20876	28	242	956	958
24719	28	124	956	958
39961	28	649	956	958
92803	28	1009	956	958
185139	28	930	956	958
10328	28	1530	956	958
33835	28	666	956	958
12312	28	185	956	958
18153	28	1796	956	958
58030	28	1549	956	958
20351	28	56556	956	958
24609	28	4284	956	958
67849	28	141	956	958
35527	28	79	956	958
13159	28	710	956	958
55260	28	192	956	958
34127	28	79	956	958
15790	28	508	956	958
38786	28	103	956	958
81486	28	2528	956	958
17431	28	256	956	958
31770	28	14604	956	958
18478	28	1653	956	958
5928	28	691	956	958
55167	28	139	956	958
34743	28	83	956	958
24123	28	1181	956	958
11514	28	970	956	958
7166	28	1317	956	958
77423	28	4873	956	958
35658	28	288	956	958
7570	28	99	956	958
92042	28	1127	956	958
22236	28	48	956	958
12224	28	2768	956	958
39669	28	1093	956	958
8180	28	617	956	958
116388	28	2396	956	958
59225	28	1321	956	958
30240	28	2066	956	958
56054	28	3728	956	958
30934	28	31	956	958
31701	28	1095	956	958
5013	28	147	956	958
59416	28	2719	956	958
72667	28	5381	956	958
19837	28	397	956	958
4962	28	215	956	958
14009	28	609	956	958
50047	28	318	956	958
111684	28	263	956	958
9615	28	18	956	958
99202	28	319	956	958
108578	28	165	956	958
7337	28	1091	956	958
135930	28	216	956	958
26023	28	31	956	958
53672	28	192	956	958
20172	28	560	956	958
17868	28	401	956	958
33309	28	354	956	958
25159	28	992	956	958
73722	28	79	956	958
52610	28	15494	956	958
13092	28	256	956	958
91921	28	3901	956	958
9302	28	47	956	958
5076	28	272	956	958
28748	28	2580	956	958
33244	28	120	956	958
25797	28	235	956	958
44432	28	984	956	958
33795	28	408	956	958
4875	28	283	956	958
59737	28	268	956	958
50657	28	691	956	958
31994	28	492	956	958
130840	28	37	956	958
21115	28	786	956	958
27041	28	1666	956	958
9389	28	390	956	958
5449	28	625	956	958
23061	28	2467	956	958
28025	28	24392	956	958
20239	28	1104	956	958
21532	28	192	956	958
67443	28	221	956	958
26034	28	124	956	958
44269	28	106	956	958
46482	28	1150	956	958
37143	28	7890	956	958
12424	28	288	956	958
112720	28	141	956	958
33997	28	142	956	958
24757	28	2490	956	959
14295	28	802	956	959
14313	28	5197	956	959
29070	28	500	956	959
18698	28	105	956	959
21660	28	266	956	959
52744	28	3480	956	959
10405	28	509	956	959
34139	28	252	956	959
7831	28	36	956	959
53262	28	2563	956	959
19454	28	1357	956	959
30184	28	965	956	959
19704	28	16602	956	959
46461	28	1185	956	959
52459	28	756	956	959
6347	28	201	956	959
19861	28	76	956	959
19920	28	388	956	959
72767	28	3221	956	959
12011	28	1170	956	959
12856	28	254	956	959
23036	28	56	956	959
6791	28	79	956	959
21692	28	4284	956	959
29665	28	759	956	959
71828	28	3205	956	959
24854	28	1421	956	959
10759	28	719	956	959
10771	28	71	956	959
63547	28	2023	956	959
73467	28	413	956	959
7482	28	122	956	959
15443	28	146	956	959
31055	28	121	956	959
35797	28	38	956	959
55102	28	253	956	959
10668	28	427	956	959
48004	28	9151	956	959
48022	28	146	956	959
20535	28	201	956	959
19888	28	461	956	959
13627	28	975	956	959
61200	28	907	956	959
20759	28	345	956	959
5402	28	596	956	959
7516	28	469	956	959
83172	28	288	956	959
9932	28	386	956	959
39981	28	3848	956	959
54624	28	2963	956	959
48709	28	75190	956	959
6887	28	850	956	959
17993	28	2592	956	959
14719	28	102	956	959
20056	28	2910	956	959
75405	28	1895	956	959
22300	28	602	956	959
20074	28	2887	956	959
34427	28	2153	956	959
65491	28	1777	956	959
42490	28	2469	956	959
23353	28	669	956	959
10958	28	175	956	959
36933	28	123	956	959
36964	28	1321	956	959
10276	28	290	956	959
117202	28	4059	956	959
76049	28	605	956	959
14495	28	22	956	959
20577	28	1222	956	959
31379	28	267	956	959
29929	28	318	956	959
35843	28	531	956	959
101846	28	4933	956	959
57273	28	4665	956	959
20232	28	140	956	959
37350	28	1520	956	959
9533	28	1383	956	959
11960	28	1481	956	959
31360	28	1758	956	959
8772	28	19	956	959
60669	28	3762	956	959
42242	28	7723	956	959
19192	28	170	956	959
28139	28	1336	956	959
24846	28	53	956	959
19006	28	1938	956	959
52499	28	4665	956	959
29622	28	48	956	959
7839	28	36	956	959
29814	28	354	956	959
7815	28	346	956	959
11609	28	2949	956	959
10416	28	459	956	959
29721	28	19274	956	959
61635	28	14741	956	959
16976	28	1258	956	959
86664	28	5062	956	959
22425	28	1173	956	959
67128	28	821	956	959
14918	28	162	956	959
89870	28	167	956	959
40365	28	146	956	959
7982	28	740	956	959
6906	28	227	956	959
45866	28	964	956	959
29973	28	169	956	959
35386	28	366	956	959
20120	28	1426	956	959
20126	28	354	956	959
20127	28	78	956	959
10748	28	742	956	959
15387	28	2153	956	959
21869	28	123	956	959
12131	28	199	956	959
8615	28	158	956	959
12928	28	230	956	959
41354	28	175	956	959
23357	28	5736	956	959
47068	28	802	956	959
60923	28	37	956	959
17689	28	8915	956	959
46563	28	1477	956	959
30905	28	2887	956	959
57804	28	2122	956	959
86783	28	366	956	959
13803	28	91	956	959
48151	28	319	956	959
22009	28	1715	956	959
15674	28	230	956	959
13439	28	1360	956	959
17170	28	73	956	959
31791	28	759	956	959
36596	28	2024	956	959
36605	28	123	956	959
56306	28	234	956	959
8923	28	42	956	959
13571	28	379	956	959
6196	28	1607	956	959
60567	28	3038	956	959
15672	28	191	956	959
78000	28	4018	956	959
20887	28	202	956	959
70722	28	1430	956	959
56599	28	2872	956	959
79283	28	345	956	959
52680	28	139	956	959
24987	28	1400	956	959
49283	28	1871	956	959
122172	28	192	956	959
30509	28	1097	956	959
14529	28	256	956	959
37149	28	18	956	959
36788	28	107	956	959
14373	28	498	956	959
15524	28	99	956	959
28063	28	1653	956	959
14029	28	386	956	959
13420	28	269	956	959
33606	28	1623	956	959
37445	28	37	956	959
25903	28	617	956	959
76795	28	217	956	959
26010	28	492	956	959
8187	28	4117	956	959
9437	28	8764	956	959
9436	28	355	956	959
34090	28	402	956	959
54107	28	4524	956	959
142160	28	3366	956	959
38147	28	2180	956	959
7208	28	1639	956	959
12977	28	442	956	959
56672	28	1962	956	959
9221	28	615	956	959
33650	28	2117	956	959
24231	28	185	956	959
5968	28	81	956	959
14096	28	603	956	959
37136	28	162	956	959
18910	28	2689	956	959
29278	28	1069	956	959
10026	28	720	956	959
24582	28	1254	956	959
76571	28	1288	956	959
46386	28	2210	956	959
13722	28	180	956	959
38227	28	1414	956	959
38307	28	2433	956	959
41192	28	1796	956	959
12851	28	369	956	959
15231	28	13564	956	959
6603	28	74	956	959
26939	28	4418	956	959
6636	28	272	956	959
59737	28	446	956	959
15078	28	41	956	959
7364	28	174	956	959
29037	28	446	956	959
59779	28	785	956	959
44417	28	31976	956	959
31442	28	181	956	959
10555	28	143	956	959
24549	28	7909	956	959
87433	28	1656	956	959
11724	28	251	956	959
44442	28	1388	956	959
20995	28	51	956	959
4439	28	61	956	959
25518	28	110	956	959
76504	14	29858	956	959
17560	28	607	956	959
7669	28	481	956	959
24927	28	315	956	959
11896	28	3960	956	959
80995	28	1081	956	959
57582	28	2338	956	959
13080	28	459	956	959
76992	28	1552	956	959
93897	28	145	956	959
11700	28	1969	956	959
34973	28	991	956	959
11004	28	38	956	959
67395	28	3144	956	959
15238	28	216	956	959
64323	28	30327	956	959
52993	28	572	956	959
59286	28	215	956	959
30559	28	1107	956	959
18049	28	1383	956	959
79344	28	432	956	959
15391	28	205	956	959
12387	28	42	956	959
18492	28	748	956	959
10944	28	1056	956	959
21127	28	86	956	959
10502	28	111	956	959
68468	28	24392	956	959
6385	28	27	956	959
12668	28	215	956	959
36117	28	3731	956	959
72644	28	121	956	959
31644	28	1124	956	959
76214	28	132	956	959
31718	28	14418	956	959
15204	28	146	956	959
12790	28	1383	956	959
58824	28	156	956	959
18413	28	2148	956	959
41621	28	3100	956	959
10174	28	180	956	959
17967	28	740	956	959
26654	28	857	956	959
63891	28	253	956	959
106400	28	934	956	959
16631	28	266	956	959
71504	28	537	956	959
22729	28	1619	956	959
12119	28	103	956	959
25232	28	263	956	959
26407	28	1317	956	959
6735	28	77	956	959
15008	28	119	956	959
21960	28	692	956	959
14939	28	1275	956	959
38319	28	653	956	959
10160	28	866	956	959
32753	28	678	956	959
5239	28	475	956	959
20221	28	1273	956	959
39591	28	6822	956	959
97245	28	1338	956	959
8416	28	50	956	959
26016	28	277	956	959
21063	28	2803	956	959
11401	28	1895	956	959
6575	28	111	956	959
41227	28	387	956	959
47365	28	1095	956	959
14557	28	830	956	959
36703	28	161	956	959
8143	28	672	956	959
14161	28	2837	956	959
12609	28	239	956	959
9380	28	1182	956	959
7191	28	586	956	959
10430	28	63	956	959
56093	28	102	956	959
22683	28	191	956	959
15269	28	346	956	959
9340	28	1095	956	959
20962	28	669	956	959
48166	28	112	956	959
33161	28	132	956	959
29452	28	1057	956	959
56626	28	1245	956	959
9181	28	864	956	959
6237	28	78	956	959
21671	28	17558	956	959
23692	28	554	956	959
22758	28	1559	956	959
6343	28	1069	956	959
24504	28	1559	956	959
12049	28	2692	956	959
18236	28	539	956	959
69765	28	537	956	959
55637	28	3949	956	959
40703	28	754	956	959
6070	28	124	956	959
23584	28	61	956	959
58293	28	749	956	959
80435	28	515	956	959
7441	28	449	956	959
106701	28	150	956	959
14309	28	749	956	959
22833	28	41	956	959
28537	28	211	956	959
7745	28	1018	956	959
33096	28	368	956	959
75923	28	12392	956	959
16436	28	2227	956	959
19699	28	826	956	959
18864	28	1340	956	959
21291	28	107	956	959
81878	28	427	956	959
37928	28	1111	956	959
38538	28	1621	956	959
12681	28	68	956	959
19229	28	520	956	959
15162	28	357	956	959
30861	28	174	956	959
88349	28	1095	956	959
7690	28	22	956	959
63547	28	181	956	959
52913	28	1094	956	959
8309	28	973	956	959
21322	28	864	956	959
39000	28	442	956	959
67555	28	16301	956	959
139100	28	1379	956	959
13357	28	1131	956	959
16849	28	66	956	959
15831	28	81	956	959
131512	28	177	956	959
12206	28	55	956	959
10507	28	142	956	959
6169	28	22	956	959
63752	28	12801	956	959
30380	28	1607	956	959
8994	28	916	956	959
7007	28	89	956	959
92354	28	2319	956	959
16696	28	16	956	959
69297	28	1227	956	959
14007	28	56	956	959
22646	28	61	956	959
95383	28	3226	956	959
8748	28	1389	956	959
96293	28	653	956	959
27271	28	5059	956	959
21986	28	2426	956	959
73154	28	5165	956	959
55624	28	67	956	959
13121	28	3728	956	959
14262	28	1009	956	959
32188	28	1033	956	959
23542	28	1159	956	959
20018	28	232	956	959
15253	28	1809	956	959
4897	28	405	956	959
11231	28	1741	956	959
12308	28	14	956	959
35358	28	572	956	959
31404	28	974	956	959
55847	28	140	956	959
35851	28	1780	956	959
36982	28	71	956	959
21147	28	1185	956	959
34242	28	78	956	959
8290	28	20	956	959
39143	28	379	956	959
38896	28	256	956	959
50114	28	1095	956	959
8653	28	92	956	959
21583	28	78	956	959
10801	28	321	956	959
15339	28	159	956	959
51913	28	193	956	959
20523	28	348	956	959
9431	28	141	956	959
66984	28	1270	956	959
7023	28	143	956	959
31199	28	170	956	959
33005	28	565	956	959
21140	28	234	956	959
6156	28	1185	956	959
12369	28	152	956	959
30095	28	104	956	959
28488	28	1335	956	959
37889	28	4588	956	959
14891	28	1958	956	959
33160	28	191	956	959
16165	28	970	956	959
16234	28	107	956	959
27072	28	435	956	959
23714	28	22	956	959
51589	28	692	956	959
36858	28	3347	956	959
57430	28	121	956	959
11096	28	122	956	959
10160	28	509	956	959
9094	28	142	956	959
62413	28	2835	956	959
17769	28	3624	956	959
11317	28	67	956	959
23477	28	1910	956	959
17347	28	280	956	959
20653	28	1777	956	959
5830	28	239	956	959
27457	28	2319	956	959
8840	28	2348	956	959
24579	28	24	956	959
17158	28	144	956	959
16965	28	1077	956	959
14901	28	38	956	959
41800	28	1981	956	959
26841	28	22	956	959
54871	28	492	956	959
14611	28	100	956	959
18526	28	1392	956	959
6743	28	31	956	959
58022	28	432	956	959
9908	28	1186	956	959
24564	28	140	956	959
5730	28	542	956	959
11938	28	74	956	959
9546	28	649	956	959
70602	28	1010	956	959
6215	28	221	956	959
6059	28	126	956	959
61529	28	1180	956	959
72613	28	422	956	959
9851	28	154	956	959
5491	28	38	956	959
44702	28	429	956	959
22521	28	63	956	959
19875	28	63522	956	959
93929	28	868	956	959
12101	28	146	956	959
28695	28	1521	956	959
26382	28	144	956	959
20674	28	1919	956	959
9422	28	222	956	959
43151	28	2065	956	959
13344	28	149	956	959
9886	28	1181	956	959
7990	28	40	956	959
23728	28	951	956	959
17646	28	70	956	959
49039	28	19889	956	959
9089	28	24	956	959
12360	28	574	956	959
75928	28	477	956	959
26170	28	111	956	959
16273	28	60	956	959
23603	28	2003	956	959
14849	28	1023	956	959
7128	28	37	956	959
34892	28	4752	956	959
8329	28	619	956	959
8703	28	165	956	959
23576	28	17655	956	959
55252	28	2812	956	959
9258	28	141	956	959
78094	28	1083	956	959
37164	28	24331	956	959
26587	28	868	956	959
32270	28	520	956	959
17668	28	666	956	959
38471	28	1796	956	959
26556	28	2897	956	959
10781	28	70	956	959
17360	28	95	956	959
32539	28	598	956	959
104555	28	569	956	959
10548	28	396	956	959
12686	28	117	956	959
23548	28	510	956	959
27800	28	282	956	959
5393	28	67	956	959
50538	28	222	956	959
64188	28	133	956	959
26764	28	12801	956	959
22683	28	2477	956	959
33123	28	690	956	959
33639	28	3299	956	959
44674	28	477	956	959
6129	28	64	956	959
20591	28	1383	956	959
15484	28	515	956	959
41265	28	704	956	959
51459	28	10050	956	959
18637	28	396	956	959
22379	28	396	956	959
6201	28	110	956	959
37362	28	1442	956	959
9050	28	40	956	959
31571	28	4487	956	959
15346	28	1910	956	959
6438	28	319	956	959
14997	28	280	956	959
41089	28	1007	956	959
11003	28	162	956	959
75164	28	3949	956	959
21430	28	145	956	959
5367	28	175	956	959
6308	28	481	956	959
53221	28	17495	956	959
23001	28	205	956	959
26714	28	3621	956	959
19852	28	2488	956	959
40558	28	3778	956	959
22234	28	3038	956	959
62693	28	1981	956	959
42832	28	31	956	959
21078	28	19	956	959
31527	28	471	956	959
35421	28	2139	956	959
28669	28	961	956	959
27483	28	539	956	959
6936	28	66	956	959
23745	28	145	956	959
105209	28	50667	956	959
62488	28	6033	956	959
36021	28	106	956	959
129285	28	2968	956	959
18103	28	256	956	959
87808	28	7677	956	959
59703	28	88	956	959
47084	28	2943	956	959
15738	28	628	956	959
112435	28	1908	956	959
60642	28	1653	956	959
8096	28	179	956	959
56137	28	159	956	959
35470	28	317	956	959
44510	28	740	956	959
16829	28	1094	956	959
28821	28	162	956	959
44066	28	202	956	959
20240	28	2642	956	959
35263	28	259	956	959
54317	28	490	956	959
9279	28	569	956	959
70651	28	5758	956	959
27827	28	1501	956	959
52024	1	94408	956	959
10593	28	46	956	959
10411	28	131	956	959
89797	28	357	956	959
20431	28	470	956	959
51594	28	1345	956	959
4932	28	51	956	959
36876	28	676	956	959
51066	28	826	956	959
22116	28	1860	956	959
10474	28	33	956	959
25415	28	233	956	959
6203	28	1088	956	959
9166	28	885	956	959
42209	28	2093	956	959
22546	28	192	956	959
99062	28	2583	956	959
8054	28	61	956	959
96202	28	240	956	959
27894	28	2145	956	959
8359	28	380	956	959
18811	28	2914	956	959
11039	28	1190	956	959
9672	28	123	956	959
35789	28	783	956	959
9606	28	82	956	959
22813	28	92	956	959
14578	28	4057	956	959
15271	28	217	956	959
59989	28	1496	956	959
111867	28	2052	956	959
71638	28	1758	956	959
31583	28	509	956	959
7711	28	1809	956	959
23558	28	532	956	959
59311	28	46	956	959
32590	28	3135	956	959
27208	28	78	956	959
71696	28	3027	956	959
18922	28	50	956	959
30044	28	586	956	959
90654	28	2522	956	959
12614	28	66	956	959
35958	28	1370	956	959
32882	28	27	956	959
43210	28	2226	956	959
26963	28	2910	956	959
39032	28	40520	956	959
34985	28	500	956	959
48478	28	2053	956	959
11889	28	41	956	959
16013	28	283	956	959
27825	28	31	956	959
10954	28	81	956	959
88394	28	5363	956	959
37822	28	136	956	959
10831	28	975	956	959
44522	28	508	956	959
14233	28	235	956	959
101224	28	2644	956	959
21259	28	1158	956	959
20813	28	49	956	959
51580	28	518	956	959
13943	28	123	956	959
48628	28	364	956	959
78745	28	2125	956	959
23752	28	102	956	959
4360	28	1524	956	959
5709	28	98	956	959
22928	28	1250	956	959
44235	28	989	956	959
45377	28	3299	956	959
12538	28	43	956	959
34232	28	2327	956	959
32363	28	422	956	959
20140	28	380	956	959
34221	28	159	956	959
13945	28	817	956	959
81903	28	355	956	959
23458	28	1283	956	959
10653	28	165	956	959
22762	28	498	956	959
28473	28	529	956	959
13276	28	142	956	959
42083	28	515	956	959
28870	28	28023	956	959
60177	28	27093	956	959
13394	28	627	956	959
83878	28	405	956	959
76689	28	122	956	959
14706	28	1688	956	959
21633	28	586	956	960
28881	28	1069	956	960
11241	28	490	956	960
24791	28	1656	956	960
11285	28	21766	956	960
21812	28	625	956	960
21945	28	16	956	960
33714	28	686	956	960
14488	28	145	956	960
25149	28	248	956	960
61379	28	1477	956	960
71441	28	262	956	960
10402	28	397	956	960
25511	28	735	956	960
53057	28	591	956	960
61729	28	140	956	960
19347	28	1050	956	960
14888	28	65	956	960
8666	28	51	956	960
13313	28	45	956	960
26007	28	857	956	960
18597	28	1596	956	960
11931	28	253	956	960
62690	28	1036	956	960
26261	28	528	956	960
17172	28	28	956	960
6314	28	98	956	960
15047	28	542	956	960
30829	28	756	956	960
40000	28	333	956	960
4926	28	1389	956	960
30866	28	1435	956	960
26904	28	924	956	960
9806	28	143	956	960
35735	28	19	956	960
8697	28	792	956	960
17746	28	76	956	960
23558	28	471	956	960
8193	28	508	956	960
20701	28	2713	956	960
22601	28	86	956	960
46273	28	970	956	960
48370	28	914	956	960
22460	28	185	956	960
42143	28	255	956	960
17034	28	560	956	960
11841	28	799	956	960
12403	28	2607	956	960
42430	28	180	956	960
41205	28	192	956	960
65771	28	560	956	960
42647	28	669	956	960
45377	28	198	956	960
24110	28	44	956	960
8783	28	199	956	960
10937	28	754	956	960
25736	28	253	956	960
40564	28	2109	956	960
15414	28	1627	956	960
9379	28	40	956	960
12397	28	602	956	960
76876	28	1703	956	960
7719	28	69	956	960
14341	28	227	956	960
16454	28	276	956	960
29159	28	717	956	960
46681	28	2563	956	960
29556	28	56	956	960
53096	28	214	956	960
19239	28	1199	956	960
13237	28	1148	956	960
46289	28	1775	956	960
11873	28	27	956	960
89808	28	2488	956	960
6855	28	46	956	960
6071	28	216	956	960
13358	28	139	956	960
35145	28	526	956	960
8037	28	58	956	960
90044	28	9215	956	960
12095	28	1238	956	960
23163	28	176	956	960
23305	28	8842	956	960
10356	28	855	956	960
22709	28	57	956	960
48092	28	242	956	960
104933	28	1523	956	960
19166	28	343	956	960
17882	28	181	956	960
11797	28	40	956	960
29174	28	1850	956	960
20575	28	44	956	960
14263	28	146	956	960
75433	28	835	956	960
17998	28	169	956	960
14715	28	668	956	960
12902	28	303	956	960
18080	28	254	956	960
44944	28	147	956	960
77929	28	391	956	960
38887	28	395	956	960
33539	28	165	956	960
25213	28	903	956	960
27062	28	184	956	960
10562	28	31	956	960
14624	28	608	956	960
49177	28	371	956	960
13164	28	133	956	960
114907	28	868	956	960
27755	28	2150	956	960
7827	28	216	956	960
9925	28	1704	956	960
32250	28	1417	956	960
10851	28	71	956	960
12980	28	899	956	960
17033	28	916	956	960
33019	28	50	956	960
51096	28	379	956	960
12581	28	1634	956	960
13178	28	2175	956	960
33726	28	905	956	960
51350	28	614	956	960
27803	28	623	956	960
9309	28	50	956	960
6119	28	405	956	960
18398	28	1132	956	960
116647	23	5029	956	960
32879	28	1162	956	960
12068	28	18	956	960
21365	28	405	956	960
107192	28	744	956	960
26620	28	1153	956	960
59499	28	535	956	960
41939	28	64	956	960
28120	28	1185	956	960
41434	28	1743	956	960
7936	28	276	956	960
38295	28	92	956	960
23048	28	181	956	960
14951	28	37	956	960
44412	28	532	956	960
42726	28	1367	956	960
16237	28	92	956	960
17546	28	167	956	960
21677	28	571	956	960
59533	28	1174	956	960
65196	28	1283	956	960
94000	28	2956	956	960
11713	28	76	956	960
34542	28	996	956	960
57715	28	2621	956	960
24648	28	1015	956	960
19247	28	380	956	960
14833	28	235	956	960
27790	28	535	956	960
14189	28	619	956	960
7048	28	64	956	960
21297	28	261	956	960
59227	28	5444	956	960
41540	28	235	956	960
23613	28	145	956	960
39299	28	633	956	960
15871	28	292	956	960
8845	28	595	956	960
15857	28	1009	956	960
7704	28	102	956	960
69102	28	2399	956	960
48759	28	3492	956	960
17472	28	118	956	960
117877	28	124	956	960
23707	28	228	956	960
44746	28	951	956	960
15274	28	37	956	960
38168	28	920	956	960
28158	28	463	956	960
31628	28	451	956	960
34863	28	484	956	960
21115	28	185	956	960
35944	28	86	956	960
15830	28	558	956	960
49057	28	1009	956	960
8981	28	345	956	960
22332	28	142	956	960
14950	28	57	956	960
71134	28	1211	956	960
21329	28	86	956	960
30513	28	1307	956	960
63496	28	42	956	960
19830	28	1023	956	960
20840	28	1050	956	960
23004	28	1283	956	960
38682	28	2452	956	960
8380	28	46	956	960
10922	28	73	956	960
78529	28	7898	956	960
44242	28	3924	956	960
12235	28	1349	956	960
23819	28	380	956	960
23635	28	1262	956	960
85770	28	798	956	960
48096	28	20	956	960
73688	28	905	956	960
20583	28	380	956	960
60391	28	614	956	960
44137	28	45	956	960
12195	28	2766	956	960
12525	28	458	956	960
9638	28	394	956	960
26084	28	1656	956	960
41589	28	250	956	960
34423	28	123	956	960
5644	28	336	956	960
33328	28	648	956	960
9940	28	20	956	960
11193	28	695	956	960
10218	28	269	956	960
106657	28	2644	956	960
15578	28	758	956	960
11053	28	350	956	960
56589	28	202	956	960
30153	28	778	956	960
22872	28	145	956	960
44123	28	65	956	960
66838	28	180	956	960
11720	28	142	956	960
13716	28	720	956	960
37817	28	224	956	960
54107	28	2004	956	960
42097	28	476	956	960
151006	28	1621	956	960
28002	28	739	956	960
80411	28	242	956	960
18238	28	10650	956	960
79650	28	303	956	960
10118	28	217	956	960
23383	28	231	956	960
12612	28	1524	956	960
142716	28	983	956	960
44705	28	523	956	960
21853	28	469	956	960
32706	28	144	956	960
8234	28	964	956	960
17025	28	1119	956	960
13044	28	4751	956	960
17852	28	346	956	960
16427	28	501	956	960
19023	28	168	956	960
28777	28	332	956	960
17916	28	1169	956	960
26582	28	647	956	960
47674	28	1752	956	960
74387	28	1006	956	960
7614	28	142	956	960
107397	28	1018	956	960
9180	28	623	956	960
94796	28	2621	956	960
20460	28	951	956	960
49755	28	65	956	960
26304	28	625	956	960
93808	28	139	956	960
70314	28	254	956	960
12074	28	554	956	960
25265	28	956	956	960
31907	28	191	956	960
6546	28	55	956	960
93979	28	1767	956	960
14929	28	107	956	960
22936	28	166	956	960
38265	28	956	956	960
15694	28	111	956	960
26495	28	1495	956	960
36712	28	255	956	960
16128	28	251	956	960
43190	28	379	956	960
68143	28	250	956	960
31759	28	1014	956	960
109946	28	797	956	960
79030	28	1968	956	960
14082	28	752	956	960
11138	28	55	956	960
37329	28	1607	956	960
27322	28	454	956	960
44098	28	251	956	960
12378	28	593	956	960
16029	28	405	956	960
82437	28	3135	956	960
15108	28	379	956	960
38122	28	516	956	960
13458	28	132	956	960
52347	28	1397	956	960
13668	28	602	956	960
12956	28	548	956	960
21391	28	1340	956	960
22836	28	784	956	960
34243	28	3848	956	960
83124	28	506	956	960
55535	28	39224	956	960
7978	28	1772	956	960
24155	28	3035	956	960
9116	28	1653	956	960
52724	28	1431	956	960
27755	28	653	956	960
23251	28	718	956	960
7135	28	154	956	960
68391	28	3762	956	960
53935	28	671	956	960
31016	28	178	956	960
16479	28	236	956	960
110187	28	1435	956	960
33415	28	1919	956	960
13108	28	101	956	960
5093	28	152	956	960
41606	28	156	956	960
12952	28	957	956	960
14188	28	131	956	960
17240	28	2563	956	960
58222	28	9876	956	960
9608	28	193	956	960
21403	28	1400	956	960
74065	28	691	956	960
16656	28	69	956	960
19838	28	133	956	960
13961	28	740	956	960
38409	28	364	956	960
58273	28	1368	956	960
33691	28	33	956	960
25106	28	481	956	960
30733	28	450	956	960
8504	28	304	956	960
53366	28	2207	956	960
51067	28	199	956	960
30984	28	628	956	960
16479	28	248	956	960
15715	28	156	956	960
18161	28	8996	956	960
11245	28	550	956	960
50974	28	156	956	960
4928	28	42	956	960
62867	28	146	956	960
24567	28	458	956	960
10333	28	532	956	960
22897	28	358	956	960
51785	28	15486	956	960
20339	28	33	956	960
16648	28	518	956	960
88889	28	3530	956	960
42205	28	1289	956	960
13998	28	43	956	960
86682	28	3135	956	960
12624	28	162	956	960
12083	28	56	956	960
88110	28	1036	956	960
12519	28	154	956	960
20873	28	732	956	960
87845	28	759	956	960
57527	28	749	956	960
90852	28	602	956	960
29355	28	82	956	960
10477	28	1951	956	960
14271	28	712	956	960
78936	28	2853	956	960
38595	28	627	956	960
56342	28	2426	956	960
62284	28	2259	956	960
84668	28	841	956	960
40930	28	682	956	960
16436	28	2201	956	960
6374	28	36	956	960
14840	28	185	956	960
46447	28	1015	956	960
106544	28	612	956	960
12435	28	64	956	960
17827	28	1289	956	960
77631	28	238	956	960
21519	28	986	956	960
17816	28	1731	956	960
51624	28	1684	956	960
79562	28	888	956	960
12659	28	27	956	960
36217	28	506	956	960
38630	28	1275	956	960
14642	28	400	956	960
59607	28	146	956	960
6987	28	260	956	960
16436	28	417	956	960
7116	28	490	956	960
94559	28	2735	956	960
26489	28	248	956	960
8158	28	503	956	960
37057	28	756	956	960
108293	28	71	956	960
6812	28	64	956	960
36906	28	48070	956	960
25633	28	542	956	960
24115	28	1421	956	960
17018	28	371	956	960
27099	28	559	956	960
75489	28	1132	956	960
14805	28	16	956	961
19589	28	1468	956	961
34682	28	98	956	961
22783	28	995	956	961
19913	28	76	956	961
54267	28	740	956	961
25799	28	231	956	961
11904	28	22	956	961
16340	28	144	956	961
63446	28	1283	956	961
45282	28	269	956	961
19702	28	20	956	961
64001	28	266	956	961
99276	28	2452	956	961
14943	28	336	956	961
86445	28	470	956	961
31573	28	53	956	961
24762	28	1090	956	961
135112	26	880	956	961
5361	28	44	956	961
35742	28	386	956	961
73090	28	345	956	961
12215	28	602	956	961
21153	28	1095	956	961
7032	28	33	956	961
16854	28	456	956	961
33362	28	1448	956	961
86072	28	1628	956	961
25419	28	268	956	961
19128	28	539	956	961
10547	28	471	956	961
29855	28	34	956	961
26672	28	104	956	961
13028	28	407	956	961
26682	28	1524	956	961
47575	28	4049	956	961
26919	28	379	956	961
18802	28	293	956	961
23541	28	1583	956	961
64469	28	758	956	961
27287	28	255	956	961
30732	28	40	956	961
90961	28	2223	956	961
91147	28	377	956	961
5529	28	215	956	961
23310	28	1116	956	961
42133	28	143	956	961
29033	28	1085	956	961
20861	28	1684	956	961
36454	28	111	956	961
42341	28	390	956	961
29503	28	165	956	961
23950	28	69	956	961
36925	28	1562	956	961
11488	28	223	956	961
26455	28	98	956	961
83376	28	6204	956	961
10259	28	41	956	961
25394	28	203	956	961
47684	28	905	956	961
10843	28	85	956	961
16036	28	242	956	961
47427	28	45	956	961
17902	28	37	956	961
16065	28	292	956	961
14131	28	161	956	961
18411	28	206	956	961
44820	28	1041	956	961
38159	28	188	956	961
51166	28	333	956	961
35075	28	280	956	961
35288	28	273	956	961
49881	28	641	956	961
28694	28	64	956	961
90466	28	1345	956	961
5419	28	202	956	961
15309	28	156	956	961
24588	28	64	956	961
15947	28	2791	956	961
24061	28	132	956	961
15371	28	71	956	961
59897	28	2793	956	961
27609	28	65	956	961
12252	28	951	956	961
12965	28	428	956	961
10829	28	668	956	961
15562	28	41	956	961
12478	28	66	956	961
30200	28	145	956	961
7155	28	52	956	961
38956	28	2872	956	961
16420	28	758	956	961
36927	28	254	956	961
10355	28	70	956	961
9352	28	336	956	961
41851	28	201	956	961
17273	28	201	956	961
17661	28	673	956	961
40181	28	64	956	961
7014	28	546	956	961
51131	28	1695	956	961
19557	28	364	956	961
80053	28	275	956	961
109607	28	363	956	961
38175	28	673	956	961
19577	28	269	956	961
34363	28	192	956	961
81553	28	535	956	961
48973	28	153	956	961
46130	28	829	956	961
14921	28	732	956	961
14177	28	429	956	961
8571	28	87	956	961
66684	28	672	956	961
11214	28	27	956	961
35421	28	181	956	961
12461	28	81	956	961
12426	28	666	956	961
29338	28	19274	956	961
108490	28	13406	956	961
36048	28	265	956	961
65574	28	12801	956	961
6821	28	33	956	961
21401	28	674	956	961
95123	28	2592	956	961
17384	23	43862	956	961
43862	23	17384	956	961
15632	28	387	956	961
26399	28	58	956	961
10407	28	696	956	961
15417	28	850	956	961
11390	28	334	956	961
61817	28	1388	956	961
85457	28	995	956	961
81462	28	4157	956	961
35518	28	10344	956	961
10244	28	469	956	961
4855	28	174	956	961
28309	28	394	956	961
29569	28	24101	956	961
15208	28	60	956	961
60456	28	1407	956	961
35908	28	539	956	961
93569	28	238	956	961
16448	28	254	956	961
44430	28	167	956	961
82780	28	882	956	961
21125	28	169	956	961
12704	28	55	956	961
11886	28	215	956	961
15106	28	146	956	961
21558	28	699	956	961
77082	28	4135	956	961
22736	28	1035	956	961
77219	28	892	956	961
30943	28	71	956	961
82027	28	228	956	961
6648	28	178	956	961
19646	28	454	956	961
49057	28	368	956	961
60139	28	535	956	961
16349	28	30	956	961
29373	28	152	956	961
34725	28	203	956	961
39088	28	906	956	961
82117	28	622	956	961
24090	28	1238	956	961
15623	28	23416	956	961
124757	28	1282	956	961
15048	28	336	956	961
26740	28	1094	956	961
38085	28	1004	956	961
28022	28	253	956	961
71176	28	1656	956	961
55034	28	364	956	961
38641	28	334	956	961
83942	28	461	956	961
39267	28	1262	956	961
44073	28	4487	956	961
37109	28	47	956	961
72827	28	1186	956	961
13453	28	52	956	961
60480	28	162	956	961
65738	28	123	956	961
59341	28	193	956	961
81830	28	641	956	961
12487	28	143	956	961
14140	28	1093	956	961
46974	28	162	956	961
69493	28	2639	956	961
22633	28	232	956	961
56682	28	1423	956	961
71384	28	2276	956	961
75260	28	718	956	961
23169	28	1117	956	961
95643	28	1704	956	961
11662	28	428	956	961
51641	28	2048	956	961
18209	28	40	956	961
27496	28	315	956	961
153901	28	4116	956	961
19069	28	582	956	961
15833	28	185	956	961
63810	28	145	956	961
10413	28	336	956	961
25949	28	42	956	961
52989	28	250	956	961
38376	28	455	956	961
40373	28	1206	956	961
14062	28	267	956	961
51426	28	437	956	961
44401	28	1282	956	961
42827	28	22	956	961
43990	28	662	956	961
33967	28	4614	956	961
9932	28	526	956	961
63448	28	231	956	961
49469	28	332	956	961
16518	28	1528	956	961
27976	28	405	956	961
5452	28	27	956	961
13423	28	516	956	961
18273	28	64	956	961
97734	28	378	956	961
38112	28	256	956	961
72039	28	530	956	961
79024	28	2085	956	961
69042	28	1120	956	961
23020	28	405	956	961
61935	28	1075	956	961
13313	28	68	956	961
13998	28	223	956	961
121758	28	506	956	961
36429	28	857	956	961
17757	28	87	956	961
11164	28	101	956	961
24156	28	92	956	961
27666	28	1734	956	961
30500	28	1444	956	961
38858	28	239	956	962
7679	28	167	956	962
39816	28	1185	956	962
53442	28	2452	956	962
34676	28	1423	956	962
9543	28	917	956	962
131963	28	4546	956	962
19858	28	227	956	962
34304	28	752	956	962
5730	28	1135	956	962
114162	28	330	956	962
25573	28	502	956	962
54896	28	1368	956	962
12992	28	27	956	962
61451	28	63	956	962
30157	28	653	956	962
86689	28	1698	956	962
14254	28	52	956	962
88092	28	2284	956	962
88280	28	2469	956	962
57215	28	216	956	962
16041	28	702	956	962
63020	28	3265	956	962
25065	28	3456	956	962
25401	28	221	956	962
14640	28	622	956	962
45882	28	586	956	962
11686	28	40	956	962
45939	28	154	956	962
34594	28	666	956	962
24828	28	2536	956	962
23013	28	156	956	962
70854	28	1193	956	962
11677	28	256	956	962
11528	28	875	956	962
31082	28	530	956	962
36192	28	210	956	962
36121	28	139	956	962
71060	16	9	956	962
23565	28	2624	956	962
64144	28	6452	956	962
42752	28	1159	956	962
41158	28	390	956	962
68739	28	210	956	962
43999	28	1206	956	962
6437	28	51	956	962
25365	28	436	956	962
24526	28	1501	956	962
10865	28	380	956	962
40648	28	672	956	962
15681	28	1245	956	962
20089	28	817	956	962
93090	28	1962	956	962
14940	28	181	956	962
19994	28	185	956	962
67970	28	528	956	962
57117	28	1267	956	962
71452	23	108270	956	962
19529	28	71	956	962
38107	28	1019	956	962
25303	28	6423	956	962
108772	28	446	956	962
29046	28	750	956	962
33832	28	1935	956	962
56223	28	77	956	962
56188	28	1181	956	962
50979	28	630	956	962
23273	28	572	956	962
35556	28	755	956	962
33820	28	133	956	962
88538	28	44	956	962
39962	28	875	956	962
54453	28	268	956	962
10979	28	1501	956	962
33911	28	103	956	962
12698	28	121	956	962
24504	28	397	956	962
42472	28	33	956	962
9803	28	175	956	962
8361	28	37	956	962
44138	28	1763	956	962
7964	28	1138	956	962
127306	28	357	956	962
10602	28	171	956	962
26768	28	144	956	962
47951	28	1436	956	962
6719	28	917	956	962
52613	28	345	956	962
33151	28	1594	956	962
30553	28	136	956	962
33263	28	3656	956	962
44757	28	1331	956	962
96634	28	22	956	962
22590	28	67	956	962
21808	28	55	956	962
40401	28	3157	956	962
