78030	259	55144	2015.0129	2015.072
50244	259	50245	2015.0131	2015.0511
60744	264	43779	2015.0201	2015.0201
46938	259	45241	2015.0201	2015.0201
46938	259	44009	2015.0201	2017.0801
49264	259	62554	2015.0203	2015.0828
76934	261	53808	2015.0207	2015.0207
63226	259	59836	2015.021	2015.0101
70979	259	56694	2015.021	2015.0319
57577	261	68999	2015.0211	2015.0211
72789	259	48758	2015.0219	2016.0218
63226	259	43884	2015.0221	2015.0701
61708	261	56224	2015.0226	2015.0226
63791	259	70206	2015.0301	2015.0101
46321	261	70856	2015.0301	2015.0301
55794	261	45857	2015.0302	2015.0302
57115	261	44394	2015.0308	2015.0308
52303	261	85686	2015.0312	2015.0312
46640	261	43971	2015.0317	2015.0317
59716	261	43869	2015.033	2015.033
51858	259	85669	2015.0403	2015.0523
55862	263	56694	2015.0405	2015.0414
71328	261	56224	2015.0407	2015.0407
44690	261	49338	2015.0421	2015.0421
55862	263	56077	2015.0422	2015.0501
55484	261	50668	2015.0427	2015.0427
47182	261	47031	2015.0429	2015.0429
50804	261	49670	2015.043	2015.043
56200	259	66410	2015.043	2016.1231
54798	263	81412	2015.0501	2015.1001
54846	272	45274	2015.0501	2016.0601
52505	261	49287	2015.0505	2015.0505
63011	261	46977	2015.0514	2015.0514
60990	259	59595	2015.0514	2016.0506
61131	259	60882	2015.053	2017.1211
75644	261	47230	2015.0601	2015.0601
53873	261	61302	2015.0603	2015.0603
59390	261	44804	2015.0608	2015.0608
50042	261	85795	2015.0608	2015.0608
68364	261	85596	2015.0611	2015.0611
48098	263	50256	2015.0615	2019.0104
49404	259	74544	2015.0618	2015.1101
53448	261	56224	2015.0619	2015.0619
48211	261	48212	2015.0625	2015.0625
51486	261	67658	2015.0628	2015.0628
64548	259	49138	2015.0629	2016.063
64596	264	47107	2015.063	2015.063
46356	259	46357	2015.0701	2018.0901
82191	261	63672	2015.0703	2015.0703
45790	259	43884	2015.0709	2017.0707
70864	261	44394	2015.0716	2015.0716
78030	259	46487	2015.072	2020.072
51742	259	85088	2015.0724	2016.0701
48368	259	46046	2015.0724	2019.0105
76515	259	44172	2015.0801	2015.0801
58867	259	49562	2015.0801	2015.1231
81061	259	45027	2015.0801	2015.1231
84662	259	54533	2015.0801	2015.1231
62449	259	44480	2015.0801	2015.1231
73177	259	62150	2015.0801	2015.1231
44101	259	44181	2015.0801	2016.0101
63137	272	63138	2015.0805	2018.0215
63138	272	63137	2015.0805	2018.0215
69924	259	45340	2015.0806	2015.0101
52505	261	45857	2015.0821	2015.0821
54127	259	57096	2015.0825	2017.0715
49264	259	73352	2015.0828	2017.0701
53744	259	65017	2015.0829	2019.0701
61500	259	47586	2015.0901	2016.0101
82975	259	46302	2015.0901	2018.0709
76934	261	50552	2015.0912	2015.0912
55208	265	61263	2015.0924	2015.0924
56822	276	68757	2015.093	2015.093
63791	259	46875	2015.1001	2016.0101
44966	259	47309	2015.1008	2016.0701
63541	261	61009	2015.1019	2015.1019
63226	259	55415	2015.102	2016.0101
76686	261	45576	2015.1024	2015.1024
46532	259	43975	2015.1101	2015.1101
46762	261	51003	2015.1112	2015.1112
61038	268	85736	2015.1126	2018.1203
49334	261	47777	2015.1201	2015.1201
68422	259	53244	2015.1207	2017.1025
66377	261	47230	2015.1231	2015.1231
44782	262	47888	2015.1231	2015.1231
57547	261	82739	2015.1231	2015.1231
44325	261	44326	2016.0101	2016.0101
45299	261	45300	2016.0101	2016.0101
46525	261	44322	2016.0101	2016.0101
44777	261	46633	2016.0101	2016.0101
47191	266	45110	2016.0101	2016.0101
48385	259	48386	2016.0101	2016.0101
49116	259	43806	2016.0101	2016.0101
50729	261	45661	2016.0101	2016.0101
53265	261	53266	2016.0101	2016.0101
47191	266	54063	2016.0101	2016.0101
55820	259	43898	2016.0101	2016.0101
57708	261	48476	2016.0101	2016.0101
59911	259	45651	2016.0101	2016.0101
59938	259	52210	2016.0101	2016.0101
52432	261	47425	2016.0101	2016.0101
60213	261	44322	2016.0101	2016.0101
57316	261	49327	2016.0101	2016.0101
61085	259	43898	2016.0101	2016.0101
61099	259	61100	2016.0101	2016.0101
61570	261	48443	2016.0101	2016.0101
47191	266	61712	2016.0101	2016.0101
61838	261	53153	2016.0101	2016.0101
63419	261	63113	2016.0101	2016.0101
63446	259	60140	2016.0101	2016.0101
64295	259	49549	2016.0101	2016.0101
64355	259	64356	2016.0101	2016.0101
64737	261	51707	2016.0101	2016.0101
64155	261	52292	2016.0101	2016.0101
54033	261	56831	2016.0101	2016.0101
47191	266	50139	2016.0101	2016.0101
65723	261	46989	2016.0101	2016.0101
49539	259	48214	2016.0101	2016.0101
66361	261	46476	2016.0101	2016.0101
63953	261	66491	2016.0101	2016.0101
49742	261	43626	2016.0101	2016.0101
47858	261	46848	2016.0101	2016.0101
67615	261	58494	2016.0101	2016.0101
67684	259	49562	2016.0101	2016.0101
67797	259	61779	2016.0101	2016.0101
67982	259	53598	2016.0101	2016.0101
50456	261	65554	2016.0101	2016.0101
56825	259	43898	2016.0101	2016.0101
62570	261	43626	2016.0101	2016.0101
43794	261	58330	2016.0101	2016.0101
68652	261	45435	2016.0101	2016.0101
52877	261	53935	2016.0101	2016.0101
55666	261	45681	2016.0101	2016.0101
60213	261	46577	2016.0101	2016.0101
70607	259	43898	2016.0101	2016.0101
61829	261	71272	2016.0101	2016.0101
71650	261	48443	2016.0101	2016.0101
52410	261	71746	2016.0101	2016.0101
72644	264	44170	2016.0101	2016.0101
68868	259	52948	2016.0101	2016.0101
66981	259	64207	2016.0101	2016.0101
69961	259	45039	2016.0101	2016.0101
67822	261	59425	2016.0101	2016.0101
73517	259	47586	2016.0101	2016.0101
47858	261	72797	2016.0101	2016.0101
65539	261	56956	2016.0101	2016.0101
46944	261	46989	2016.0101	2016.0101
74471	261	46848	2016.0101	2016.0101
47191	266	45436	2016.0101	2016.0101
74923	259	44475	2016.0101	2016.0101
55605	259	75123	2016.0101	2016.0101
59452	259	48214	2016.0101	2016.0101
75421	261	75422	2016.0101	2016.0101
64834	261	48681	2016.0101	2016.0101
70115	261	58053	2016.0101	2016.0101
74356	261	58030	2016.0101	2016.0101
47857	261	48023	2016.0101	2016.0101
68504	261	70250	2016.0101	2016.0101
47191	266	50140	2016.0101	2016.0101
67829	259	45039	2016.0101	2016.0101
48385	259	51397	2016.0101	2016.0101
65861	261	44394	2016.0101	2016.0101
67545	261	50668	2016.0101	2016.0101
71734	259	50880	2016.0101	2016.0101
65917	261	55285	2016.0101	2016.0101
70815	261	64300	2016.0101	2016.0101
57091	261	53814	2016.0101	2016.0101
56960	261	60663	2016.0101	2016.0101
66891	261	44326	2016.0101	2016.0101
67850	259	64588	2016.0101	2016.0101
47191	266	47888	2016.0101	2016.0101
69287	259	53244	2016.0101	2016.0101
69773	261	47988	2016.0101	2016.0101
59529	261	44105	2016.0101	2016.0101
57548	261	48476	2016.0101	2016.0101
70655	261	69959	2016.0101	2016.0101
62185	261	46633	2016.0101	2016.0101
63867	261	78855	2016.0101	2016.0101
53538	261	48902	2016.0101	2016.0101
47191	266	45111	2016.0101	2016.0101
63989	259	44449	2016.0101	2016.0101
78539	261	48913	2016.0101	2016.0101
67191	261	44326	2016.0101	2016.0101
61930	261	43999	2016.0101	2016.0101
53637	261	43626	2016.0101	2016.0101
79087	261	55294	2016.0101	2016.0101
58574	261	48396	2016.0101	2016.0101
58713	259	53495	2016.0101	2016.0101
75697	261	54447	2016.0101	2016.0101
78954	259	44551	2016.0101	2016.0101
69375	261	44322	2016.0101	2016.0101
54794	261	47386	2016.0101	2016.0101
45720	259	58219	2016.0101	2016.0101
78255	261	64986	2016.0101	2016.0101
47191	266	53056	2016.0101	2016.0101
64013	261	43630	2016.0101	2016.0101
47858	261	68112	2016.0101	2016.0101
52095	259	43898	2016.0101	2016.0101
52730	261	55005	2016.0101	2016.0101
60744	259	80711	2016.0101	2016.0101
69434	261	55005	2016.0101	2016.0101
67581	261	51707	2016.0101	2016.0101
79706	259	64425	2016.0101	2016.0101
61922	261	73445	2016.0101	2016.0101
44316	259	81103	2016.0101	2016.0101
59911	259	44595	2016.0101	2016.0101
78642	261	53848	2016.0101	2016.0101
52330	259	45031	2016.0101	2016.0101
48680	261	46296	2016.0101	2016.0101
54407	261	77764	2016.0101	2016.0101
64183	261	54178	2016.0101	2016.0101
45145	261	46989	2016.0101	2016.0101
67226	259	43898	2016.0101	2016.0101
79016	261	44408	2016.0101	2016.0101
81676	261	77764	2016.0101	2016.0101
67226	261	79296	2016.0101	2016.0101
48351	261	44326	2016.0101	2016.0101
48571	261	60453	2016.0101	2016.0101
56821	259	43898	2016.0101	2016.0101
66296	259	43898	2016.0101	2016.0101
73064	259	82219	2016.0101	2016.0101
52261	259	49628	2016.0101	2016.0101
81673	261	62858	2016.0101	2016.0101
48533	259	67094	2016.0101	2016.0101
74960	261	45115	2016.0101	2016.0101
80100	259	81103	2016.0101	2016.0101
67098	261	82454	2016.0101	2016.0101
55269	259	50743	2016.0101	2016.0101
57974	261	71684	2016.0101	2016.0101
66717	259	45039	2016.0101	2016.0101
46023	259	81922	2016.0101	2016.0101
66541	261	82757	2016.0101	2016.0101
48019	261	48443	2016.0101	2016.0101
47191	266	47394	2016.0101	2016.0101
58954	259	73897	2016.0101	2016.0101
50661	261	59573	2016.0101	2016.0101
72037	261	52848	2016.0101	2016.0101
75360	261	44326	2016.0101	2016.0101
63802	261	53785	2016.0101	2016.0101
45737	261	45117	2016.0101	2016.0101
65172	259	53065	2016.0101	2016.0101
54597	259	44457	2016.0101	2016.0101
65700	261	83303	2016.0101	2016.0101
72348	259	50685	2016.0101	2016.0101
47191	266	47149	2016.0101	2016.0101
82129	259	48518	2016.0101	2016.0101
60025	261	51547	2016.0101	2016.0101
57074	261	44326	2016.0101	2016.0101
75653	259	46779	2016.0101	2016.0101
74471	261	68112	2016.0101	2016.0101
83578	261	43626	2016.0101	2016.0101
73265	259	48412	2016.0101	2016.0101
70339	259	73971	2016.0101	2016.0101
81692	259	57151	2016.0101	2016.0101
62491	261	47031	2016.0101	2016.0101
47191	266	47393	2016.0101	2016.0101
76348	259	44317	2016.0101	2016.0101
50346	261	43981	2016.0101	2016.0101
64461	261	80750	2016.0101	2016.0101
76948	259	53706	2016.0101	2016.0101
64596	259	55100	2016.0101	2016.0101
50304	259	43898	2016.0101	2016.0101
69258	259	43898	2016.0101	2016.0101
65221	261	46655	2016.0101	2016.0101
57390	261	61526	2016.0101	2016.0101
57037	261	54782	2016.0101	2016.0101
83016	261	44691	2016.0101	2016.0101
58403	261	61535	2016.0101	2016.0101
67070	259	67800	2016.0101	2016.0101
52997	261	48437	2016.0101	2016.0101
47858	261	51428	2016.0101	2016.0101
70438	276	52376	2016.0101	2016.0101
70837	261	45661	2016.0101	2016.0101
78323	261	48902	2016.0101	2016.0101
63664	261	84732	2016.0101	2016.0101
51975	261	83315	2016.0101	2016.0101
57910	261	55294	2016.0101	2016.0101
61554	261	61488	2016.0101	2016.0101
75962	261	44322	2016.0101	2016.0101
48019	261	70858	2016.0101	2016.0101
64008	264	43987	2016.0101	2016.0101
50675	259	43898	2016.0101	2016.0101
56555	261	84893	2016.0101	2016.0101
50463	261	44022	2016.0101	2016.0101
77611	261	48476	2016.0101	2016.0101
75618	261	51566	2016.0101	2016.0101
68708	261	44016	2016.0101	2016.0101
56973	259	53050	2016.0101	2016.0101
49453	259	58770	2016.0101	2016.0101
78341	259	57151	2016.0101	2016.0101
80366	259	69074	2016.0101	2016.0101
50601	259	44564	2016.0101	2016.0101
47191	266	52971	2016.0101	2016.0101
56481	261	59442	2016.0101	2016.0101
59662	261	44981	2016.0101	2016.0101
48062	261	81989	2016.0101	2016.0101
63698	259	75814	2016.0101	2016.0101
45303	259	46445	2016.0101	2016.0101
65869	259	73561	2016.0101	2016.0101
47858	261	44255	2016.0101	2016.0101
52261	259	60777	2016.0101	2016.0101
50159	259	57927	2016.0101	2016.0101
59356	294	55177	2016.0101	2016.0101
60000	259	48840	2016.0101	2016.0101
69910	261	68970	2016.0101	2016.0101
64499	261	47777	2016.0101	2016.0101
55192	261	71006	2016.0101	2016.0101
75986	259	52459	2016.0101	2016.0101
73638	259	45578	2016.0101	2016.0101
58668	261	85285	2016.0101	2016.0101
82383	298	61531	2016.0101	2016.0101
71768	261	61523	2016.0101	2016.0101
47328	261	62760	2016.0101	2016.0101
81931	259	56201	2016.0101	2016.0101
47191	266	67715	2016.0101	2016.0101
43583	296	75978	2016.0101	2016.0101
54079	261	49735	2016.0101	2016.0101
73690	259	45039	2016.0101	2016.0101
48571	261	51003	2016.0101	2016.0101
62492	296	75978	2016.0101	2016.0101
53977	261	51003	2016.0101	2016.0101
49736	259	45039	2016.0101	2016.0101
62007	259	62801	2016.0101	2016.0101
45752	259	59541	2016.0101	2016.0101
50515	259	45039	2016.0101	2016.0101
80992	259	43898	2016.0101	2016.0101
62099	259	43689	2016.0101	2016.0101
61728	261	66009	2016.0101	2016.0101
67441	259	43898	2016.0101	2016.0101
51862	259	43898	2016.0101	2016.0101
85445	259	76967	2016.0101	2016.0101
45303	259	68059	2016.0101	2016.0101
71916	259	43898	2016.0101	2016.0101
45286	261	45704	2016.0101	2016.0101
50831	259	43898	2016.0101	2016.0101
83560	261	44830	2016.0101	2016.0101
43583	296	58086	2016.0101	2016.0101
70904	296	58086	2016.0101	2016.0101
62492	296	58086	2016.0101	2016.0101
65142	261	85476	2016.0101	2016.0101
47191	266	46148	2016.0101	2016.0101
53524	261	85476	2016.0101	2016.0101
77611	261	51760	2016.0101	2016.0101
58253	259	85522	2016.0101	2016.0101
46762	261	85518	2016.0101	2016.0101
50456	261	76907	2016.0101	2016.0101
55825	294	82568	2016.0101	2016.0101
49167	261	59280	2016.0101	2016.0101
81937	261	48902	2016.0101	2016.0101
60839	261	46577	2016.0101	2016.0101
52410	261	48902	2016.0101	2016.0101
71535	261	48476	2016.0101	2016.0101
63615	259	51454	2016.0101	2016.0101
84952	259	73178	2016.0101	2016.0101
46411	261	48476	2016.0101	2016.0101
52361	261	50851	2016.0101	2016.0101
67829	261	85608	2016.0101	2016.0101
72272	261	85645	2016.0101	2016.0101
63989	259	54011	2016.0101	2016.0101
76393	261	44322	2016.0101	2016.0101
72369	261	44322	2016.0101	2016.0101
68655	261	44055	2016.0101	2016.0101
45962	259	70887	2016.0101	2016.0101
63989	259	50679	2016.0101	2016.0101
67520	261	67432	2016.0101	2016.0101
47191	266	48850	2016.0101	2016.0101
51812	261	49421	2016.0101	2016.0101
55151	261	51566	2016.0101	2016.0101
71455	259	81103	2016.0101	2016.0101
77451	261	46633	2016.0101	2016.0101
66342	259	61299	2016.0101	2016.0101
70136	261	71833	2016.0101	2016.0101
83726	261	68918	2016.0101	2016.0101
75895	261	68564	2016.0101	2016.0101
47603	259	57206	2016.0101	2016.0101
51811	261	85763	2016.0101	2016.0101
51975	261	75001	2016.0101	2016.0101
43868	261	85802	2016.0101	2016.0101
50793	294	74799	2016.0101	2016.0101
63247	261	85810	2016.0101	2016.0101
71196	259	72650	2016.0101	2016.0101
54661	261	85811	2016.0101	2016.0101
55167	259	49968	2016.0101	2016.0101
70475	261	45233	2016.0101	2016.0101
46420	261	45661	2016.0101	2016.0101
54680	259	77358	2016.0101	2016.0101
60672	259	65350	2016.0101	2016.0614
44101	259	61891	2016.0101	2016.1101
50515	259	46105	2016.0101	2017.0101
49930	259	50685	2016.0101	2017.0101
54163	259	56636	2016.0101	2017.0101
63226	259	50092	2016.0101	2017.0101
58272	259	53722	2016.0101	2017.0101
61314	259	65423	2016.0101	2017.0101
49138	262	43987	2016.0101	2017.0101
53624	259	48043	2016.0101	2017.0101
67093	259	67094	2016.0101	2017.0101
64953	259	47546	2016.0101	2017.0101
70991	259	48660	2016.0101	2017.0101
71341	259	68501	2016.0101	2017.0101
44549	259	48758	2016.0101	2017.0101
67967	259	46238	2016.0101	2017.0101
55241	259	74659	2016.0101	2017.0101
50581	259	46817	2016.0101	2017.0101
75482	259	50700	2016.0101	2017.0101
70877	259	48381	2016.0101	2017.0101
50473	259	68125	2016.0101	2017.0101
54335	273	45466	2016.0101	2017.0101
52616	259	49741	2016.0101	2017.0101
79734	259	45027	2016.0101	2017.0101
49539	259	44020	2016.0101	2017.0101
78981	259	46086	2016.0101	2017.0101
46252	259	65304	2016.0101	2017.0101
69215	259	46649	2016.0101	2017.0101
82129	259	50679	2016.0101	2017.0101
67205	259	45947	2016.0101	2017.0101
69977	259	74460	2016.0101	2017.0101
65510	259	51922	2016.0101	2017.0101
83142	259	44003	2016.0101	2017.0101
82937	259	46460	2016.0101	2017.0101
54714	259	51397	2016.0101	2017.0101
75474	259	81922	2016.0101	2017.0101
63848	259	50991	2016.0101	2017.0101
64295	259	46238	2016.0101	2017.0101
45837	259	45016	2016.0101	2017.0101
82491	259	71998	2016.0101	2017.0101
66640	259	79939	2016.0101	2017.0101
46874	259	48840	2016.0101	2017.0101
58867	259	81874	2016.0101	2017.0101
56973	259	61259	2016.0101	2017.0101
71667	259	72893	2016.0101	2017.0101
75366	265	45486	2016.0101	2017.0101
82876	259	54735	2016.0101	2017.0101
71360	259	50653	2016.0101	2017.0101
59582	259	47101	2016.0101	2017.0101
47159	259	44808	2016.0101	2017.0101
60000	259	44801	2016.0101	2017.0101
65227	259	64978	2016.0101	2017.0101
47278	259	49241	2016.0101	2017.0101
50291	259	48573	2016.0101	2017.0101
72089	259	68125	2016.0101	2017.0101
63793	259	83917	2016.0101	2017.0101
78790	259	44689	2016.0101	2017.0101
64304	259	48697	2016.0101	2017.0101
53624	259	44200	2016.0101	2017.0101
45752	259	61315	2016.0101	2017.0101
65929	259	59541	2016.0101	2017.0101
43733	259	57392	2016.0101	2017.0101
70502	259	51999	2016.0101	2017.0101
73517	259	77527	2016.0101	2017.0101
67221	259	44977	2016.0101	2017.0101
75836	259	44977	2016.0101	2017.0101
66342	259	62305	2016.0101	2017.0101
50159	259	70157	2016.0101	2017.0101
47104	259	77285	2016.0101	2017.0101
67172	259	46086	2016.0101	2017.0101
61473	259	45076	2016.0101	2017.0101
46745	259	59757	2016.0101	2017.0101
54313	259	50442	2016.0101	2017.0101
66981	259	51397	2016.0101	2017.0101
65777	259	52508	2016.0101	2017.0101
81443	259	68450	2016.0101	2017.013
51100	259	64253	2016.0101	2017.0329
72764	259	50020	2016.0101	2017.0801
64079	259	48241	2016.0101	2017.1201
50983	259	49241	2016.0101	2017.1201
68295	259	54310	2016.0101	2018.0101
73202	259	59823	2016.0101	2018.0101
44696	259	46716	2016.0101	2018.0101
66889	259	57791	2016.0101	2018.0101
59837	259	54423	2016.0101	2018.0101
68042	259	63942	2016.0101	2018.0101
53262	259	59825	2016.0101	2018.0101
80795	259	46238	2016.0101	2018.0101
54174	259	51139	2016.0101	2018.0101
59923	259	43827	2016.0101	2018.0101
54820	259	72650	2016.0101	2018.0101
80691	259	53014	2016.0101	2018.0101
80930	265	75737	2016.0101	2018.0101
62706	259	84742	2016.0101	2018.0101
79233	259	57700	2016.0101	2018.0101
64901	259	83384	2016.0101	2018.0101
72614	259	69023	2016.0101	2018.0101
68295	296	75978	2016.0101	2018.0101
72924	259	48122	2016.0101	2018.0101
79761	259	52600	2016.0101	2018.0101
57384	259	61738	2016.0101	2018.0101
64318	259	53244	2016.0101	2018.0101
63077	259	53244	2016.0101	2018.0101
84185	259	84652	2016.0101	2018.0101
76190	259	44128	2016.0101	2018.0322
63693	259	44446	2016.0101	2018.0701
75725	259	44457	2016.0101	2018.1201
66661	259	44317	2016.0101	2018.1231
48624	259	48625	2016.0101	2019.0101
49995	259	52602	2016.0101	2019.0101
71732	259	71733	2016.0101	2019.0101
64461	259	49105	2016.0101	2019.0101
66311	259	44317	2016.0101	2019.0101
45675	259	44317	2016.0101	2019.0101
63530	259	51682	2016.0101	2019.0101
76938	259	48758	2016.0101	2019.0101
49560	259	46144	2016.0101	2019.0101
50222	259	57791	2016.0101	2019.0101
52347	259	79658	2016.0101	2019.0101
64187	259	55278	2016.0101	2019.0101
44594	259	47378	2016.0101	2019.0301
57196	259	57197	2016.0101	2019.0601
55167	259	44245	2016.0101	2019.0601
51793	259	49293	2016.0101	2019.0601
70725	259	64258	2016.0101	2019.0701
71880	259	45880	2016.0101	2019.0801
46104	259	46105	2016.0101	2020.0101
46715	259	46716	2016.0101	2020.0101
49103	272	47357	2016.0101	2020.0101
49103	259	57256	2016.0101	2020.0101
54594	259	67158	2016.0101	2020.0101
67832	259	68450	2016.0101	2020.0101
47357	272	49103	2016.0101	2020.0101
82483	259	45151	2016.0101	2020.0101
67295	259	49396	2016.0101	2020.0101
54478	259	44169	2016.0101	2020.0101
50883	259	63605	2016.0101	2020.0101
54594	265	49732	2016.0101	2020.0101
68030	259	47893	2016.0101	2020.0101
78452	259	46105	2016.0101	2020.0427
69961	259	46105	2016.0101	2020.0621
72663	259	46105	2016.0101	2020.0731
49736	259	46105	2016.0101	2020.0831
51934	259	46105	2016.0101	2020.0831
66717	259	46105	2016.0101	2020.0831
67882	259	46105	2016.0101	2020.0831
65282	272	60983	2016.0101	2020.1201
60341	259	45324	2016.0101	2021.0101
80158	259	67764	2016.0101	2021.0101
61015	259	46074	2016.0101	2021.0601
45038	259	46105	2016.0101	2022.0101
58638	259	67596	2016.0101	2022.0101
71795	259	53598	2016.0101	2022.0701
49404	259	85057	2016.0116	2016.1025
44690	261	50552	2016.0119	2016.0119
78576	276	48654	2016.0121	2016.0121
62037	261	45857	2016.0122	2016.0122
62715	261	44804	2016.0126	2016.0126
56619	263	45459	2016.0126	2016.0126
65885	273	48623	2016.0126	2016.0126
63914	261	85795	2016.0126	2016.0126
43652	259	54473	2016.0201	2016.0101
55862	263	55863	2016.0201	2016.0328
76563	263	58869	2016.0201	2016.0428
60833	259	53398	2016.0201	2016.0701
78576	276	68757	2016.0211	2016.0211
57577	261	61229	2016.0218	2016.0218
72789	259	49549	2016.0218	2016.0707
47858	261	56579	2016.0227	2016.0227
46211	259	72441	2016.0301	2016.0301
68838	276	51034	2016.0302	2016.0302
50650	261	85177	2016.0316	2016.0316
48659	259	85003	2016.0317	2016.1231
67215	259	73543	2016.0317	2017.0101
57441	261	50552	2016.0403	2016.0403
48158	261	57995	2016.0408	2016.0408
77227	276	68890	2016.0411	2016.0411
48158	261	64733	2016.0412	2016.0412
65823	261	43869	2016.0428	2016.0428
66827	261	53153	2016.043	2016.043
64525	264	43596	2016.0501	2016.0501
76966	259	76967	2016.0501	2016.081
53989	259	46091	2016.0501	2017.0101
46634	272	75386	2016.0501	2019.0101
75386	272	46634	2016.0501	2019.0101
51932	263	53456	2016.0507	2016.0919
52834	261	68999	2016.0518	2016.0518
60670	273	70241	2016.052	2016.052
44474	259	44475	2016.0523	2018.0101
46965	259	45047	2016.0529	2016.0529
72764	272	60414	2016.0601	2016.0601
60414	272	72764	2016.0601	2016.0601
58533	259	45035	2016.0601	2019.0601
62163	261	47777	2016.0608	2016.0608
60221	261	56224	2016.0608	2016.0608
69721	261	44804	2016.0613	2016.0613
79315	261	44804	2016.0613	2016.0613
81894	273	51127	2016.0613	2016.0613
72919	261	85795	2016.0613	2016.0613
59798	261	85795	2016.0613	2016.0613
62192	261	85795	2016.0613	2016.0613
44690	261	55845	2016.0618	2016.0618
57713	261	65859	2016.0622	2016.0622
53028	261	49327	2016.0627	2016.0627
54351	261	72825	2016.0701	2016.0701
76439	261	53316	2016.0701	2016.0701
77328	261	53316	2016.0701	2016.0701
64548	259	59626	2016.0701	2016.1231
43652	259	66366	2016.0701	2017.0101
61500	259	46238	2016.0701	2017.0101
81632	259	61584	2016.0701	2017.0114
56886	259	59334	2016.0701	2017.0702
45497	259	50326	2016.0701	2019.0701
60396	273	82595	2016.0713	2019.0724
66138	259	48518	2016.0716	2019.0804
57040	261	53153	2016.072	2016.072
60656	259	45076	2016.0726	2020.0206
54460	259	54461	2016.0801	2016.1201
54557	259	54461	2016.0801	2016.1201
58962	259	70448	2016.0801	2016.1231
51119	259	44641	2016.0801	2017.0701
57227	259	45001	2016.0801	2020.0101
76966	259	71733	2016.0811	2016.1231
64792	259	63692	2016.0812	2017.0101
70296	259	46779	2016.0815	2020.0801
61020	259	50007	2016.0816	2019.0901
70681	261	45857	2016.0822	2016.0822
47196	259	44402	2016.0825	2019.0625
47782	261	50668	2016.0826	2016.0826
66138	259	55278	2016.0826	2018.063
50656	261	47685	2016.0912	2016.0912
71305	261	52292	2016.0917	2016.0917
48270	261	51003	2016.1004	2016.1004
63541	261	49670	2016.1007	2016.1007
55874	263	50146	2016.1023	2017.0125
46103	259	46918	2016.1025	2016.1025
61804	261	44394	2016.1027	2016.1027
79556	262	47339	2016.103	2016.103
51412	260	79556	2016.1031	2016.1031
44101	259	50653	2016.1101	2017.0101
66822	259	76404	2016.1104	2016.1231
74197	261	45857	2016.1108	2016.1108
48270	261	48271	2016.1128	2016.1128
71144	264	44894	2016.1201	2017.0323
48158	261	54388	2016.1203	2016.1203
65716	261	44967	2016.1219	2016.1219
57493	262	60977	2016.1231	2016.1231
53201	262	60977	2016.1231	2016.1231
43709	262	60977	2016.1231	2016.1231
83266	276	48654	2016.1231	2016.1231
83266	276	68757	2016.1231	2016.1231
56522	262	60977	2016.1231	2016.1231
50053	262	60977	2016.1231	2016.1231
77342	261	82739	2016.1231	2016.1231
65869	259	46083	2017.0101	2014.0101
45118	259	45119	2017.0101	2017.0101
46609	259	46610	2017.0101	2017.0101
53860	261	53861	2017.0101	2017.0101
54045	259	48518	2017.0101	2017.0101
54488	261	54489	2017.0101	2017.0101
55293	261	55294	2017.0101	2017.0101
54444	261	55375	2017.0101	2017.0101
56843	261	50592	2017.0101	2017.0101
58962	259	57315	2017.0101	2017.0101
60396	261	47450	2017.0101	2017.0101
62424	261	52936	2017.0101	2017.0101
50786	261	44834	2017.0101	2017.0101
64214	259	54106	2017.0101	2017.0101
64461	261	58053	2017.0101	2017.0101
58403	261	64846	2017.0101	2017.0101
44493	261	43905	2017.0101	2017.0101
64953	259	44402	2017.0101	2017.0101
51975	261	45117	2017.0101	2017.0101
46023	259	65792	2017.0101	2017.0101
50610	259	66410	2017.0101	2017.0101
49450	261	62408	2017.0101	2017.0101
67209	265	45519	2017.0101	2017.0101
68124	259	68125	2017.0101	2017.0101
44210	259	68325	2017.0101	2017.0101
44745	261	44813	2017.0101	2017.0101
44690	261	47450	2017.0101	2017.0101
56281	261	59280	2017.0101	2017.0101
69655	261	62513	2017.0101	2017.0101
69950	259	54735	2017.0101	2017.0101
67880	261	70164	2017.0101	2017.0101
70339	259	53996	2017.0101	2017.0101
70472	261	43626	2017.0101	2017.0101
70899	261	50668	2017.0101	2017.0101
50786	261	47450	2017.0101	2017.0101
45299	261	44795	2017.0101	2017.0101
71723	261	48902	2017.0101	2017.0101
66699	261	43981	2017.0101	2017.0101
48019	261	46989	2017.0101	2017.0101
55071	261	48476	2017.0101	2017.0101
73294	261	45566	2017.0101	2017.0101
58253	259	68325	2017.0101	2017.0101
56605	261	74285	2017.0101	2017.0101
74602	259	55200	2017.0101	2017.0101
62876	261	48095	2017.0101	2017.0101
48019	261	75001	2017.0101	2017.0101
59036	261	46989	2017.0101	2017.0101
70996	259	44674	2017.0101	2017.0101
75673	261	67400	2017.0101	2017.0101
61782	261	44394	2017.0101	2017.0101
55914	261	72302	2017.0101	2017.0101
67982	261	48476	2017.0101	2017.0101
47417	261	71477	2017.0101	2017.0101
72143	259	77298	2017.0101	2017.0101
47417	261	49252	2017.0101	2017.0101
77711	261	44394	2017.0101	2017.0101
54330	261	77764	2017.0101	2017.0101
67058	261	44830	2017.0101	2017.0101
78014	259	48384	2017.0101	2017.0101
65777	259	44020	2017.0101	2017.0101
72143	259	73923	2017.0101	2017.0101
53173	261	49287	2017.0101	2017.0101
61500	259	48611	2017.0101	2017.0101
54548	261	48095	2017.0101	2017.0101
78644	261	46964	2017.0101	2017.0101
76948	259	49905	2017.0101	2017.0101
61164	261	46655	2017.0101	2017.0101
67504	259	45304	2017.0101	2017.0101
78674	261	45661	2017.0101	2017.0101
61473	259	54735	2017.0101	2017.0101
56920	261	49074	2017.0101	2017.0101
80691	259	70128	2017.0101	2017.0101
77736	259	61682	2017.0101	2017.0101
72880	261	68112	2017.0101	2017.0101
80100	259	68325	2017.0101	2017.0101
81125	261	45661	2017.0101	2017.0101
57675	261	46989	2017.0101	2017.0101
52656	261	43905	2017.0101	2017.0101
81708	259	43898	2017.0101	2017.0101
77876	261	45681	2017.0101	2017.0101
81286	259	45855	2017.0101	2017.0101
77736	259	73401	2017.0101	2017.0101
81870	261	48476	2017.0101	2017.0101
52022	261	48476	2017.0101	2017.0101
61829	261	46007	2017.0101	2017.0101
76184	261	61523	2017.0101	2017.0101
82330	259	43898	2017.0101	2017.0101
49337	261	52292	2017.0101	2017.0101
63356	261	82454	2017.0101	2017.0101
67282	261	57701	2017.0101	2017.0101
60962	259	45855	2017.0101	2017.0101
66415	261	44088	2017.0101	2017.0101
51880	261	54267	2017.0101	2017.0101
66415	261	78500	2017.0101	2017.0101
45310	259	61353	2017.0101	2017.0101
54488	261	51428	2017.0101	2017.0101
51199	261	47450	2017.0101	2017.0101
61500	259	47718	2017.0101	2017.0101
74208	261	48902	2017.0101	2017.0101
72368	261	46577	2017.0101	2017.0101
49030	261	47508	2017.0101	2017.0101
62982	261	48095	2017.0101	2017.0101
54594	261	62858	2017.0101	2017.0101
82969	261	55311	2017.0101	2017.0101
73544	259	49040	2017.0101	2017.0101
46295	261	62964	2017.0101	2017.0101
68567	259	54433	2017.0101	2017.0101
63821	261	48461	2017.0101	2017.0101
73064	259	64978	2017.0101	2017.0101
47273	261	44322	2017.0101	2017.0101
50136	261	49429	2017.0101	2017.0101
50015	261	73992	2017.0101	2017.0101
57041	261	48476	2017.0101	2017.0101
77706	261	45659	2017.0101	2017.0101
70721	261	47450	2017.0101	2017.0101
49331	261	65884	2017.0101	2017.0101
54488	261	68112	2017.0101	2017.0101
45612	261	48476	2017.0101	2017.0101
54488	261	46848	2017.0101	2017.0101
77951	261	47450	2017.0101	2017.0101
57349	261	44394	2017.0101	2017.0101
75709	261	60840	2017.0101	2017.0101
66651	261	80060	2017.0101	2017.0101
65265	261	67432	2017.0101	2017.0101
79286	261	45803	2017.0101	2017.0101
55071	261	50405	2017.0101	2017.0101
59529	261	48476	2017.0101	2017.0101
65279	259	78660	2017.0101	2017.0101
55915	261	45117	2017.0101	2017.0101
60744	259	71356	2017.0101	2017.0101
48958	261	48902	2017.0101	2017.0101
84552	264	44170	2017.0101	2017.0101
45502	261	50405	2017.0101	2017.0101
77911	261	44059	2017.0101	2017.0101
83182	261	44059	2017.0101	2017.0101
84502	261	44059	2017.0101	2017.0101
62407	261	68970	2017.0101	2017.0101
45487	261	43905	2017.0101	2017.0101
64525	261	85308	2017.0101	2017.0101
55834	261	44463	2017.0101	2017.0101
50441	259	45139	2017.0101	2017.0101
54021	261	48020	2017.0101	2017.0101
68664	259	65553	2017.0101	2017.0101
62488	261	85371	2017.0101	2017.0101
79816	261	77455	2017.0101	2017.0101
72445	261	48461	2017.0101	2017.0101
44594	261	61036	2017.0101	2017.0101
57548	261	47450	2017.0101	2017.0101
57548	261	77928	2017.0101	2017.0101
76537	261	83304	2017.0101	2017.0101
74982	261	48461	2017.0101	2017.0101
53427	261	47450	2017.0101	2017.0101
72831	261	45786	2017.0101	2017.0101
69197	261	53814	2017.0101	2017.0101
82371	261	85429	2017.0101	2017.0101
63499	261	50712	2017.0101	2017.0101
62284	259	43898	2017.0101	2017.0101
50646	259	43898	2017.0101	2017.0101
80778	259	43898	2017.0101	2017.0101
65450	259	43898	2017.0101	2017.0101
66541	259	43898	2017.0101	2017.0101
44741	261	44830	2017.0101	2017.0101
66418	261	46989	2017.0101	2017.0101
54868	261	60437	2017.0101	2017.0101
67797	259	48610	2017.0101	2017.0101
72880	261	46848	2017.0101	2017.0101
77971	259	85522	2017.0101	2017.0101
78512	261	48902	2017.0101	2017.0101
71621	259	43806	2017.0101	2017.0101
51170	261	58690	2017.0101	2017.0101
57306	259	67425	2017.0101	2017.0101
74590	261	85608	2017.0101	2017.0101
66174	261	66549	2017.0101	2017.0101
71128	261	85621	2017.0101	2017.0101
54488	259	83235	2017.0101	2017.0101
46219	261	85633	2017.0101	2017.0101
67918	276	73315	2017.0101	2017.0101
48158	261	85600	2017.0101	2017.0101
67504	259	73919	2017.0101	2017.0101
76385	259	45031	2017.0101	2017.0101
61063	286	52006	2017.0101	2017.0101
50641	259	54735	2017.0101	2017.0101
56970	259	45031	2017.0101	2017.0101
70287	261	80880	2017.0101	2017.0101
50966	261	46655	2017.0101	2017.0101
63907	259	61738	2017.0101	2017.0101
76863	259	68325	2017.0101	2017.0101
49885	261	45117	2017.0101	2017.0101
45889	259	61752	2017.0101	2017.0101
55109	259	68325	2017.0101	2017.0101
69145	259	59626	2017.0101	2017.0101
65123	261	51750	2017.0101	2017.0101
49854	261	45117	2017.0101	2017.0101
72095	261	63935	2017.0101	2017.0101
52599	259	44165	2017.0101	2017.0101
60889	261	43630	2017.0101	2017.0101
54083	261	60321	2017.0101	2017.0101
58961	261	85798	2017.0101	2017.0101
83465	261	52759	2017.0101	2017.0101
51892	259	46203	2017.0101	2017.0101
67485	261	82418	2017.0101	2017.0101
54330	261	77612	2017.0101	2017.0101
82296	261	85847	2017.0101	2017.0101
82876	259	44020	2017.0101	2017.0101
64548	259	77358	2017.0101	2017.0101
63946	259	44672	2017.0101	2017.0601
52616	259	59757	2017.0101	2017.0601
72376	259	64262	2017.0101	2017.0731
43883	259	43884	2017.0101	2018.0101
60043	259	60044	2017.0101	2018.0101
58272	259	48043	2017.0101	2018.0101
62389	259	49549	2017.0101	2018.0101
60672	259	64860	2017.0101	2018.0101
65602	259	61315	2017.0101	2018.0101
67672	259	49209	2017.0101	2018.0101
65777	259	54735	2017.0101	2018.0101
61683	259	49228	2017.0101	2018.0101
75064	259	43915	2017.0101	2018.0101
71031	259	69638	2017.0101	2018.0101
58660	259	50933	2017.0101	2018.0101
60759	259	45027	2017.0101	2018.0101
54313	259	66622	2017.0101	2018.0101
68857	259	69143	2017.0101	2018.0101
53929	259	45855	2017.0101	2018.0101
47603	259	44977	2017.0101	2018.0101
54027	259	44678	2017.0101	2018.0101
54714	259	54473	2017.0101	2018.0101
55467	259	48660	2017.0101	2018.0101
71360	259	54423	2017.0101	2018.0101
74155	259	45676	2017.0101	2018.0101
44316	259	82921	2017.0101	2018.0101
71667	259	78312	2017.0101	2018.0101
72143	259	47041	2017.0101	2018.0101
66329	259	71157	2017.0101	2018.0101
57273	259	54735	2017.0101	2018.0101
80034	259	50700	2017.0101	2018.0101
62905	259	48566	2017.0101	2018.0101
52985	259	45651	2017.0101	2018.0101
68042	259	45851	2017.0101	2018.0101
63848	259	59462	2017.0101	2018.0101
76966	259	48534	2017.0101	2018.0101
58484	259	47041	2017.0101	2018.0101
77933	296	51715	2017.0101	2018.0101
63198	296	51715	2017.0101	2018.0101
61500	259	59772	2017.0101	2018.0101
63958	262	43768	2017.0101	2018.0101
75986	259	46083	2017.0101	2018.0101
49116	259	61315	2017.0101	2018.0101
76691	259	51534	2017.0101	2018.0101
53624	259	61315	2017.0101	2018.0101
58823	259	85410	2017.0101	2018.0101
58713	259	54423	2017.0101	2018.0101
44976	259	73791	2017.0101	2018.0101
60490	259	65304	2017.0101	2018.0101
64295	259	49105	2017.0101	2018.0101
53214	259	58314	2017.0101	2018.0101
63874	259	48610	2017.0101	2018.0101
62027	259	45151	2017.0101	2018.0101
55077	259	75073	2017.0101	2018.0101
66683	259	78312	2017.0101	2018.0101
70904	259	45718	2017.0101	2018.0101
45752	259	77415	2017.0101	2018.0101
60751	259	67447	2017.0101	2018.0101
67684	259	82921	2017.0101	2018.0101
57396	259	54735	2017.0101	2018.0101
69265	259	61259	2017.0101	2018.0101
83383	259	85003	2017.0101	2018.0101
57111	259	50092	2017.0101	2018.0101
43652	259	74150	2017.0101	2018.0301
71880	259	52557	2017.0101	2018.0601
55101	259	56015	2017.0101	2018.0601
47881	259	55989	2017.0101	2018.0801
79845	259	56386	2017.0101	2018.1101
77079	259	69800	2017.0101	2018.1201
72049	259	45855	2017.0101	2018.1229
44002	259	44480	2017.0101	2019.0101
48887	259	44128	2017.0101	2019.0101
45773	259	68084	2017.0101	2019.0101
54680	259	49138	2017.0101	2019.0101
44831	259	57791	2017.0101	2019.0101
57738	259	76997	2017.0101	2019.0101
62465	259	45801	2017.0101	2019.0101
54488	259	51534	2017.0101	2019.0101
65172	259	73814	2017.0101	2019.0101
73880	259	48122	2017.0101	2019.0101
74782	259	45801	2017.0101	2019.0101
79697	259	80452	2017.0101	2019.0101
49341	265	44364	2017.0101	2019.0101
78790	259	59879	2017.0101	2019.0101
59452	259	47586	2017.0101	2019.0101
71196	259	45027	2017.0101	2019.0101
70611	259	45648	2017.0101	2019.0101
61580	259	45648	2017.0101	2019.0101
51949	263	45688	2017.0101	2019.0101
70775	259	45801	2017.0101	2019.0101
45027	262	43879	2017.0101	2019.0101
56973	259	70350	2017.0101	2019.0101
56287	259	79939	2017.0101	2019.0101
62635	259	45676	2017.0101	2019.0101
78512	263	79802	2017.0101	2019.0101
52599	259	47621	2017.0101	2019.0701
56220	259	50721	2017.0101	2019.1201
59362	259	47105	2017.0101	2020.0101
79369	259	69925	2017.0101	2020.0101
70286	259	49970	2017.0101	2020.0101
83382	259	45676	2017.0101	2020.0101
79706	259	48381	2017.0101	2020.0101
67902	265	49179	2017.0101	2020.0101
50953	259	67596	2017.0101	2020.0101
60838	259	45076	2017.0101	2020.0101
64424	259	64425	2017.0101	2020.0801
50884	259	45774	2017.0101	2021.0101
71810	259	66038	2017.0101	2021.0101
62901	259	43702	2017.0101	2021.0101
52494	265	85351	2017.0101	2021.0101
44549	259	51168	2017.0101	2021.0101
64667	259	73325	2017.0101	2021.0101
49756	259	73325	2017.0101	2021.0101
73742	259	44161	2017.0101	2021.0101
71411	259	45001	2017.0101	2021.0601
62998	259	45676	2017.0101	2022.0101
44401	259	73510	2017.0101	2022.0101
76429	259	50890	2017.0101	2022.0101
45497	259	45498	2017.0111	2017.063
48237	268	67598	2017.0123	2021.1005
55874	263	55775	2017.0125	2017.043
66418	261	44804	2017.0126	2017.0126
63893	273	46438	2017.0126	2017.0126
49404	259	59595	2017.0128	2017.0426
66503	259	66504	2017.0129	2017.0401
75521	265	53468	2017.0201	2017.0201
67504	259	53244	2017.0206	2017.0627
79450	259	45212	2017.022	2018.0706
48685	262	56975	2017.0224	2017.0224
44722	262	56975	2017.0224	2017.0224
51223	262	56975	2017.0224	2017.0224
50976	262	56975	2017.0224	2017.0224
46042	262	56975	2017.0224	2017.0224
48807	262	56975	2017.0224	2017.0224
48168	262	56975	2017.0224	2017.0224
55611	262	56975	2017.0224	2017.0224
47049	262	56975	2017.0224	2017.0224
45222	262	56975	2017.0224	2017.0224
47610	262	56975	2017.0224	2017.0224
48158	261	45561	2017.0226	2017.0226
48158	261	49771	2017.0301	2017.0301
48615	261	52292	2017.0301	2017.0301
72279	259	53081	2017.0301	2017.0601
57027	261	79636	2017.0304	2017.0304
54981	263	53456	2017.0316	2017.0523
73749	276	76411	2017.032	2017.032
73749	276	68757	2017.032	2017.032
73749	276	48654	2017.032	2017.032
48158	261	68999	2017.0328	2017.0328
61437	261	43971	2017.0328	2017.0328
58920	259	51483	2017.0329	2019.1001
53167	268	64160	2017.0407	2021.0818
66822	259	66823	2017.041	2022.1231
76730	276	48654	2017.0422	2017.0422
64177	261	45233	2017.0425	2017.0425
64280	261	43981	2017.0501	2017.0501
46648	259	61593	2017.0501	2017.1201
44677	259	53244	2017.0501	2018.0401
52919	261	56224	2017.0505	2017.0505
59162	261	44691	2017.0505	2017.0505
78092	261	82165	2017.0511	2017.0511
63883	261	53059	2017.0514	2017.0514
67902	261	53059	2017.0514	2017.0514
57184	261	53059	2017.0514	2017.0514
60152	261	52292	2017.0518	2017.0518
78992	261	44394	2017.0518	2017.0518
76934	261	44105	2017.0522	2017.0522
65045	261	58409	2017.0526	2017.0526
49500	259	50721	2017.0601	2020.0101
47441	259	49396	2017.0601	2021.0101
59788	263	53456	2017.0606	2017.1017
59360	259	77358	2017.0607	2018.0526
51260	261	47777	2017.0612	2017.0612
43871	261	44804	2017.0612	2017.0612
53934	261	44804	2017.0612	2017.0612
74664	261	44394	2017.0612	2017.0612
78543	259	43913	2017.0615	2017.0615
54397	261	77764	2017.062	2017.062
54986	259	52508	2017.0622	2018.0717
76401	259	50708	2017.0622	2018.1112
53977	261	52292	2017.0629	2017.0629
53977	261	49287	2017.0629	2017.0629
63226	259	51013	2017.0701	2017.1101
72614	259	63645	2017.0701	2017.1201
60833	259	60344	2017.0701	2017.1201
83360	259	52557	2017.0701	2018.0101
65198	259	45838	2017.0701	2018.0801
51538	259	45880	2017.0701	2019.0601
70160	259	47141	2017.0701	2019.0801
72279	259	62620	2017.0701	2019.1201
60416	259	44090	2017.0701	2020.0101
54821	259	66697	2017.0701	2021.0101
60353	259	74233	2017.0701	2021.012
52007	259	49477	2017.0701	2022.0601
62832	259	44165	2017.0705	2018.0709
60458	261	43907	2017.0712	2017.0712
54127	259	44169	2017.0715	2020.0115
60987	261	68006	2017.0718	2017.0718
65079	261	46516	2017.0724	2017.0724
80112	259	44977	2017.0801	2017.1231
83742	259	48610	2017.0801	2017.1231
72376	259	62150	2017.0801	2017.1231
47278	259	57179	2017.0801	2018.0101
62724	259	53076	2017.0801	2018.0401
54478	259	63629	2017.0801	2018.0601
72764	259	48495	2017.0801	2018.0801
57196	259	47904	2017.0801	2019.0601
65781	259	56560	2017.0807	2018.0105
77466	259	49477	2017.0818	2020.0801
55581	259	44801	2017.0821	2018.0126
77576	261	45857	2017.0824	2017.0824
47411	259	46869	2017.0828	2018.0521
76234	259	47456	2017.0901	2017.1201
48230	261	54459	2017.0919	2017.0919
47424	272	74281	2017.093	2020.033
74281	272	47424	2017.093	2020.033
44101	259	54423	2017.1001	2018.0301
45837	259	68636	2017.1001	2018.0601
52616	259	49204	2017.1001	2018.0601
50661	259	53976	2017.1004	2018.0101
45674	261	47777	2017.1009	2017.1009
54420	273	48049	2017.1014	2017.1014
55874	263	53456	2017.1018	2020.0522
70859	261	54178	2017.1028	2017.1028
60324	261	54178	2017.1028	2017.1028
74197	261	60230	2017.1028	2017.1028
66828	273	43919	2017.103	2021.0311
54053	259	63505	2017.1118	2020.0601
56509	261	53975	2017.1127	2017.1127
44672	268	78509	2017.1211	2019.1108
44384	276	68757	2017.1215	2017.1215
44384	276	48654	2017.1215	2017.1215
49404	259	50056	2017.1226	2021.1223
44696	259	44697	2018.0101	2018.0101
45703	261	45704	2018.0101	2018.0101
46874	259	46875	2018.0101	2018.0101
47104	259	47105	2018.0101	2018.0101
47449	261	47450	2018.0101	2018.0101
48554	261	48555	2018.0101	2018.0101
48647	261	47450	2018.0101	2018.0101
48615	261	49287	2018.0101	2018.0101
52399	261	52400	2018.0101	2018.0101
53469	261	44732	2018.0101	2018.0101
53676	261	44830	2018.0101	2018.0101
54266	261	54267	2018.0101	2018.0101
54294	261	47777	2018.0101	2018.0101
54597	259	54598	2018.0101	2018.0101
50441	259	55792	2018.0101	2018.0101
57441	261	57442	2018.0101	2018.0101
58270	261	47450	2018.0101	2018.0101
58348	261	48476	2018.0101	2018.0101
58376	261	58377	2018.0101	2018.0101
59529	259	59530	2018.0101	2018.0101
60013	259	44303	2018.0101	2018.0101
60103	261	57831	2018.0101	2018.0101
60951	261	60952	2018.0101	2018.0101
53613	261	52292	2018.0101	2018.0101
62291	259	62292	2018.0101	2018.0101
62629	261	55654	2018.0101	2018.0101
63105	261	46989	2018.0101	2018.0101
59435	261	48829	2018.0101	2018.0101
52202	259	47929	2018.0101	2018.0101
63371	261	48476	2018.0101	2018.0101
48037	261	46577	2018.0101	2018.0101
55275	261	57067	2018.0101	2018.0101
60045	259	44697	2018.0101	2018.0101
49854	261	67626	2018.0101	2018.0101
49560	261	47450	2018.0101	2018.0101
68570	261	48476	2018.0101	2018.0101
48633	261	52292	2018.0101	2018.0101
60104	261	50712	2018.0101	2018.0101
69701	259	53244	2018.0101	2018.0101
69434	261	63252	2018.0101	2018.0101
69988	261	44830	2018.0101	2018.0101
59923	259	44697	2018.0101	2018.0101
71176	261	55654	2018.0101	2018.0101
65692	261	52292	2018.0101	2018.0101
52790	261	47450	2018.0101	2018.0101
53288	261	68970	2018.0101	2018.0101
47975	261	73244	2018.0101	2018.0101
66105	261	44394	2018.0101	2018.0101
60839	261	54390	2018.0101	2018.0101
65917	261	50405	2018.0101	2018.0101
75819	261	75820	2018.0101	2018.0101
51356	261	44394	2018.0101	2018.0101
70904	259	56348	2018.0101	2018.0101
67379	261	59292	2018.0101	2018.0101
75946	261	47290	2018.0101	2018.0101
55320	261	49867	2018.0101	2018.0101
68364	261	76638	2018.0101	2018.0101
76674	259	43898	2018.0101	2018.0101
76844	259	48214	2018.0101	2018.0101
77183	261	47450	2018.0101	2018.0101
67379	261	50647	2018.0101	2018.0101
46023	259	54366	2018.0101	2018.0101
77736	259	49291	2018.0101	2018.0101
77933	261	47777	2018.0101	2018.0101
50316	259	43898	2018.0101	2018.0101
66382	261	46509	2018.0101	2018.0101
78737	259	69146	2018.0101	2018.0101
78967	261	58690	2018.0101	2018.0101
79470	261	44813	2018.0101	2018.0101
51975	261	79640	2018.0101	2018.0101
58962	259	72855	2018.0101	2018.0101
63435	261	47450	2018.0101	2018.0101
50640	261	43981	2018.0101	2018.0101
69491	261	52292	2018.0101	2018.0101
66098	261	45661	2018.0101	2018.0101
55167	261	50668	2018.0101	2018.0101
50463	261	51874	2018.0101	2018.0101
74025	261	47450	2018.0101	2018.0101
72368	261	47450	2018.0101	2018.0101
80889	261	68957	2018.0101	2018.0101
51486	259	80891	2018.0101	2018.0101
66296	261	53544	2018.0101	2018.0101
76579	261	45681	2018.0101	2018.0101
73064	259	71699	2018.0101	2018.0101
62101	261	51003	2018.0101	2018.0101
76519	261	47450	2018.0101	2018.0101
62556	261	46820	2018.0101	2018.0101
60865	261	47450	2018.0101	2018.0101
67504	259	46418	2018.0101	2018.0101
67191	261	47450	2018.0101	2018.0101
80246	261	51778	2018.0101	2018.0101
73844	261	50170	2018.0101	2018.0101
69145	259	60044	2018.0101	2018.0101
68890	261	54939	2018.0101	2018.0101
56220	259	69918	2018.0101	2018.0101
72871	261	72425	2018.0101	2018.0101
80718	261	62174	2018.0101	2018.0101
63317	259	43898	2018.0101	2018.0101
62460	261	64300	2018.0101	2018.0101
66138	259	62205	2018.0101	2018.0101
73211	261	77928	2018.0101	2018.0101
80889	261	47450	2018.0101	2018.0101
51789	264	43722	2018.0101	2018.0101
44070	259	47306	2018.0101	2018.0101
66174	261	44762	2018.0101	2018.0101
65279	259	53244	2018.0101	2018.0101
71858	261	53816	2018.0101	2018.0101
71128	259	68450	2018.0101	2018.0101
51415	263	44156	2018.0101	2018.0101
81392	261	47450	2018.0101	2018.0101
74382	259	60044	2018.0101	2018.0101
70215	261	52292	2018.0101	2018.0101
44549	261	53814	2018.0101	2018.0101
55275	261	50057	2018.0101	2018.0101
62023	261	43981	2018.0101	2018.0101
64792	259	60044	2018.0101	2018.0101
83758	261	50416	2018.0101	2018.0101
80181	261	43905	2018.0101	2018.0101
66640	259	61738	2018.0101	2018.0101
70815	261	69959	2018.0101	2018.0101
64127	261	47450	2018.0101	2018.0101
53420	261	49401	2018.0101	2018.0101
57273	259	52508	2018.0101	2018.0101
65852	261	50668	2018.0101	2018.0101
68295	259	56348	2018.0101	2018.0101
72831	261	47450	2018.0101	2018.0101
48491	261	50668	2018.0101	2018.0101
51970	261	50668	2018.0101	2018.0101
75491	261	84592	2018.0101	2018.0101
50015	261	81321	2018.0101	2018.0101
63793	259	84652	2018.0101	2018.0101
72559	261	66009	2018.0101	2018.0101
81661	261	49401	2018.0101	2018.0101
62627	261	47450	2018.0101	2018.0101
61206	261	55654	2018.0101	2018.0101
84772	261	47777	2018.0101	2018.0101
75482	259	67596	2018.0101	2018.0101
80100	259	84883	2018.0101	2018.0101
45502	259	43898	2018.0101	2018.0101
78014	259	75837	2018.0101	2018.0101
76132	261	44394	2018.0101	2018.0101
66683	259	62218	2018.0101	2018.0101
47076	261	47777	2018.0101	2018.0101
69710	261	47777	2018.0101	2018.0101
56863	261	47777	2018.0101	2018.0101
83286	261	54976	2018.0101	2018.0101
50441	259	43706	2018.0101	2018.0101
73050	261	77455	2018.0101	2018.0101
74984	261	47450	2018.0101	2018.0101
66686	261	47450	2018.0101	2018.0101
69683	259	44449	2018.0101	2018.0101
48491	259	48688	2018.0101	2018.0101
48017	261	47450	2018.0101	2018.0101
49127	261	65859	2018.0101	2018.0101
43794	261	47450	2018.0101	2018.0101
71405	261	49711	2018.0101	2018.0101
43736	261	45704	2018.0101	2018.0101
48647	261	65642	2018.0101	2018.0101
81676	259	43898	2018.0101	2018.0101
70136	261	46403	2018.0101	2018.0101
48958	261	61526	2018.0101	2018.0101
71352	261	44394	2018.0101	2018.0101
46295	261	60663	2018.0101	2018.0101
68295	296	58086	2018.0101	2018.0101
76247	261	51760	2018.0101	2018.0101
57926	261	46989	2018.0101	2018.0101
53027	261	57831	2018.0101	2018.0101
56194	261	56831	2018.0101	2018.0101
62185	261	48476	2018.0101	2018.0101
82916	261	59982	2018.0101	2018.0101
63791	259	67425	2018.0101	2018.0101
75692	261	50668	2018.0101	2018.0101
44210	259	82921	2018.0101	2018.0101
78693	259	53484	2018.0101	2018.0101
63957	259	81291	2018.0101	2018.0101
85652	259	44436	2018.0101	2018.0101
54208	261	85657	2018.0101	2018.0101
73064	259	53244	2018.0101	2018.0101
80561	261	51096	2018.0101	2018.0101
45502	261	50112	2018.0101	2018.0101
70042	261	48443	2018.0101	2018.0101
70300	261	60406	2018.0101	2018.0101
79976	261	45549	2018.0101	2018.0101
76863	259	72650	2018.0101	2018.0101
78401	261	60321	2018.0101	2018.0101
57382	261	50170	2018.0101	2018.0101
46529	261	77612	2018.0101	2018.0101
73202	259	63689	2018.0101	2018.0101
61473	259	52508	2018.0101	2018.0101
69499	259	62518	2018.0101	2018.0801
64030	259	48534	2018.0101	2018.1021
64079	259	55879	2018.0101	2018.1201
46462	259	46463	2018.0101	2019.0101
49116	259	43915	2018.0101	2019.0101
58253	259	44475	2018.0101	2019.0101
61473	259	61474	2018.0101	2019.0101
72143	259	45663	2018.0101	2019.0101
72879	259	62763	2018.0101	2019.0101
75024	259	56077	2018.0101	2019.0101
55109	259	47358	2018.0101	2019.0101
71031	259	44071	2018.0101	2019.0101
66780	259	71067	2018.0101	2019.0101
68071	259	75814	2018.0101	2019.0101
53049	259	62916	2018.0101	2019.0101
75730	259	59620	2018.0101	2019.0101
65602	259	61259	2018.0101	2019.0101
77971	259	44475	2018.0101	2019.0101
68030	259	44169	2018.0101	2019.0101
49138	262	47460	2018.0101	2019.0101
53624	259	43915	2018.0101	2019.0101
69265	259	75073	2018.0101	2019.0101
45752	259	65600	2018.0101	2019.0101
51764	259	60805	2018.0101	2019.0101
76190	259	44457	2018.0101	2019.0101
67118	259	46238	2018.0101	2019.0101
74719	259	81416	2018.0101	2019.0101
56855	259	64337	2018.0101	2019.0101
43883	259	48840	2018.0101	2019.0101
57396	259	50708	2018.0101	2019.0101
54714	259	47749	2018.0101	2019.0101
54665	259	44317	2018.0101	2019.0101
45942	259	44457	2018.0101	2019.0101
79768	259	44414	2018.0101	2019.0101
49632	259	47586	2018.0101	2019.0101
58272	259	73925	2018.0101	2019.0101
80795	259	44808	2018.0101	2019.0101
44101	259	61149	2018.0101	2019.0101
50610	259	72377	2018.0101	2019.0101
61099	259	52712	2018.0101	2019.0101
71360	259	48386	2018.0101	2019.0201
56860	259	44303	2018.0101	2019.0601
63946	259	58219	2018.0101	2019.0701
83142	259	44480	2018.0101	2019.0805
69493	259	63942	2018.0101	2020.0101
53262	259	51364	2018.0101	2020.0101
59837	259	64207	2018.0101	2020.0101
52985	259	44020	2018.0101	2020.0101
54594	261	54489	2018.0101	2020.0101
67221	259	44317	2018.0101	2020.0101
67672	259	54423	2018.0101	2020.0101
64261	259	63933	2018.0101	2020.0101
74830	259	59620	2018.0101	2020.0101
60996	259	69146	2018.0101	2020.0101
47449	272	85214	2018.0101	2020.0101
53199	259	72377	2018.0101	2020.0101
57111	259	50245	2018.0101	2020.0101
50983	259	55278	2018.0101	2020.0601
79761	259	60122	2018.0101	2020.1201
47357	259	61779	2018.0101	2021.0101
51996	273	46066	2018.0101	2021.0101
71464	259	51454	2018.0101	2021.0101
71830	262	43687	2018.0101	2021.0101
61683	259	51241	2018.0101	2021.0101
67663	259	72377	2018.0101	2021.0101
51670	259	44094	2018.0101	2021.0701
77560	259	45408	2018.0101	2021.0801
65919	259	54647	2018.0101	2022.0101
55235	259	49970	2018.0101	2022.0101
59830	259	79663	2018.0101	2022.0101
58867	259	73325	2018.0101	2022.0101
67215	259	71830	2018.0101	2022.0101
51463	259	49968	2018.0101	2022.0101
53946	273	45706	2018.0101	2023.0103
65781	259	54522	2018.0105	2019.0801
74693	261	44804	2018.0126	2018.0126
77487	261	85795	2018.0126	2018.0126
76769	262	67084	2018.0131	2018.0131
65236	259	66441	2018.0131	2018.0701
67335	259	60344	2018.0201	2019.0701
51100	259	72316	2018.0215	2018.1201
63226	259	75181	2018.0301	2018.0401
43652	259	54423	2018.0301	2018.0701
63644	259	63645	2018.0301	2018.0801
64295	259	48840	2018.0304	2018.0101
56346	264	44359	2018.0316	2018.0316
44054	261	44055	2018.032	2018.032
75474	261	44055	2018.032	2018.032
64295	259	46198	2018.0326	2018.0101
81895	259	69003	2018.0401	2019.0101
60205	259	69003	2018.0501	2019.0901
46490	259	43689	2018.0503	2018.0503
56686	261	44394	2018.0503	2018.0503
83191	259	74802	2018.0503	2018.0503
44962	268	69878	2018.0515	2020.1201
58005	261	73303	2018.0521	2018.0521
76113	273	45918	2018.0604	2018.0604
84313	261	50347	2018.0607	2018.0607
60990	259	50056	2018.0608	2020.0702
63082	261	44804	2018.0611	2018.0611
64351	261	44804	2018.0611	2018.0611
50418	261	85795	2018.0611	2018.0611
71880	296	85562	2018.063	2018.063
68124	259	73543	2018.0701	2019.0101
66138	259	55958	2018.0701	2019.063
59174	259	52034	2018.0701	2019.1201
63693	259	67186	2018.0701	2020.1201
61175	259	50935	2018.0703	2020.072
62832	259	71719	2018.0709	2019.0902
54928	259	47440	2018.0709	2020.1001
46219	259	50245	2018.0714	2019.0615
50711	261	52292	2018.0716	2018.0716
67408	259	83548	2018.0717	2020.063
44690	261	54388	2018.072	2018.072
43652	259	43653	2018.0801	2018.0101
71815	259	44204	2018.0801	2018.0801
63226	259	54423	2018.0801	2018.0928
72764	259	53014	2018.0801	2018.1201
80112	259	70024	2018.0801	2018.1231
54478	259	49996	2018.0801	2019.0601
69499	259	50775	2018.0801	2019.0901
47881	259	47546	2018.0801	2022.0601
57115	261	56224	2018.0816	2018.0816
47411	259	63605	2018.0816	2019.063
78642	259	85537	2018.0821	2018.1012
82191	261	45857	2018.0823	2018.0823
67918	276	73812	2018.0915	2018.0915
51650	261	43981	2018.1001	2018.1001
77364	261	61750	2018.1001	2018.1001
66770	259	72753	2018.1001	2019.0228
63965	259	45151	2018.1008	2021.0101
85399	261	43869	2018.1111	2018.1111
64127	261	72302	2018.1127	2018.1127
44690	261	52652	2018.1202	2018.1202
76161	261	44830	2018.1215	2018.1215
68048	261	44830	2018.1215	2018.1215
70892	272	61770	2018.1223	2020.0128
61770	272	70892	2018.1223	2020.0128
78342	259	46796	2018.1229	2018.1229
50553	260	52691	2018.1231	2018.1231
45315	262	65576	2018.1231	2018.1231
52150	276	68757	2018.1231	2018.1231
52150	276	48654	2018.1231	2018.1231
50553	260	50706	2018.1231	2018.1231
45232	261	45233	2019.0101	2019.0101
46295	261	44022	2019.0101	2019.0101
50159	259	43706	2019.0101	2019.0101
54594	261	46848	2019.0101	2019.0101
54820	259	44475	2019.0101	2019.0101
55050	261	49338	2019.0101	2019.0101
49155	261	56061	2019.0101	2019.0101
57306	259	52492	2019.0101	2019.0101
52679	261	45681	2019.0101	2019.0101
60672	259	60673	2019.0101	2019.0101
60839	261	60840	2019.0101	2019.0101
61499	261	48095	2019.0101	2019.0101
64683	261	51096	2019.0101	2019.0101
65221	261	62906	2019.0101	2019.0101
63530	259	66543	2019.0101	2019.0101
52265	261	47188	2019.0101	2019.0101
69643	261	51778	2019.0101	2019.0101
68071	259	43706	2019.0101	2019.0101
58371	261	48476	2019.0101	2019.0101
61312	261	51003	2019.0101	2019.0101
65148	261	50498	2019.0101	2019.0101
58541	259	52723	2019.0101	2019.0101
73775	261	48461	2019.0101	2019.0101
45323	261	52292	2019.0101	2019.0101
74155	264	43779	2019.0101	2019.0101
46914	261	50592	2019.0101	2019.0101
64012	261	49074	2019.0101	2019.0101
52965	277	44315	2019.0101	2019.0101
77306	261	77307	2019.0101	2019.0101
57384	259	77358	2019.0101	2019.0101
50923	261	77368	2019.0101	2019.0101
50791	261	57790	2019.0101	2019.0101
68071	259	62218	2019.0101	2019.0101
64295	259	50245	2019.0101	2019.0101
78761	261	43981	2019.0101	2019.0101
62084	261	55209	2019.0101	2019.0101
46612	261	47777	2019.0101	2019.0101
51764	259	64207	2019.0101	2019.0101
60043	259	49138	2019.0101	2019.0101
63009	261	49401	2019.0101	2019.0101
48935	261	53059	2019.0101	2019.0101
51573	261	71006	2019.0101	2019.0101
61430	261	66700	2019.0101	2019.0101
57687	259	67596	2019.0101	2019.0101
44462	261	71833	2019.0101	2019.0101
60383	261	45661	2019.0101	2019.0101
65917	261	80060	2019.0101	2019.0101
43652	259	46463	2019.0101	2019.0101
57184	261	60663	2019.0101	2019.0101
81722	261	48476	2019.0101	2019.0101
54594	261	74585	2019.0101	2019.0101
78533	261	61488	2019.0101	2019.0101
49910	261	46577	2019.0101	2019.0101
67705	261	69321	2019.0101	2019.0101
59452	259	68908	2019.0101	2019.0101
44254	261	73376	2019.0101	2019.0101
58376	261	75294	2019.0101	2019.0101
63247	261	51997	2019.0101	2019.0101
62940	261	44830	2019.0101	2019.0101
46462	259	62916	2019.0101	2019.0101
77611	261	54459	2019.0101	2019.0101
48364	261	62906	2019.0101	2019.0101
47644	259	44605	2019.0101	2019.0101
84232	264	43596	2019.0101	2019.0101
48958	261	65108	2019.0101	2019.0101
56472	261	45375	2019.0101	2019.0101
63247	261	44408	2019.0101	2019.0101
57306	259	58199	2019.0101	2019.0101
84982	261	44989	2019.0101	2019.0101
68100	261	78163	2019.0101	2019.0101
82975	261	58053	2019.0101	2019.0101
77469	261	48476	2019.0101	2019.0101
65488	259	44009	2019.0101	2019.0101
58400	261	44059	2019.0101	2019.0101
74509	259	48534	2019.0101	2019.0101
63247	261	44059	2019.0101	2019.0101
59136	261	55294	2019.0101	2019.0101
44999	261	62408	2019.0101	2019.0101
60895	261	64334	2019.0101	2019.0101
52168	261	85360	2019.0101	2019.0101
62023	261	85393	2019.0101	2019.0101
73438	259	44317	2019.0101	2019.0101
76847	261	50712	2019.0101	2019.0101
67345	261	44830	2019.0101	2019.0101
70136	261	60663	2019.0101	2019.0101
73289	261	85476	2019.0101	2019.0101
80249	261	60663	2019.0101	2019.0101
82520	261	47188	2019.0101	2019.0101
76345	261	85574	2019.0101	2019.0101
52595	261	48476	2019.0101	2019.0101
69197	261	44813	2019.0101	2019.0101
65788	261	51373	2019.0101	2019.0101
54507	261	44322	2019.0101	2019.0101
55666	261	44322	2019.0101	2019.0101
57862	261	62671	2019.0101	2019.0101
64878	261	85684	2019.0101	2019.0101
72452	261	85684	2019.0101	2019.0101
53158	300	85685	2019.0101	2019.0101
80432	261	85684	2019.0101	2019.0101
66686	261	51905	2019.0101	2019.0101
78512	261	63334	2019.0101	2019.0101
44051	294	74247	2019.0101	2019.0101
65810	261	47508	2019.0101	2019.0101
83010	261	85827	2019.0101	2019.0101
58371	261	44295	2019.0101	2019.0101
57928	261	45233	2019.0101	2019.0101
75725	259	48667	2019.0101	2019.0601
51970	259	67498	2019.0101	2019.0601
72764	259	72765	2019.0101	2019.0701
45837	259	79407	2019.0101	2019.0701
69828	259	45676	2019.0101	2019.0913
46648	259	53004	2019.0101	2019.1201
43652	259	50009	2019.0101	2020.0101
44316	259	54666	2019.0101	2020.0101
44745	259	44200	2019.0101	2020.0101
56359	263	44076	2019.0101	2020.0101
51949	263	63078	2019.0101	2020.0101
69265	259	45729	2019.0101	2020.0101
70611	259	48214	2019.0101	2020.0101
74922	259	44317	2019.0101	2020.0101
63793	259	66038	2019.0101	2020.0101
63874	259	44317	2019.0101	2020.0101
59452	259	55415	2019.0101	2020.0101
55467	259	48534	2019.0101	2020.0101
61473	259	48611	2019.0101	2020.0101
51115	259	72377	2019.0101	2020.0101
71031	259	44821	2019.0101	2020.0101
79450	259	52508	2019.0101	2020.0101
53553	259	79972	2019.0101	2020.0101
63958	262	43783	2019.0101	2020.0101
62149	265	51060	2019.0101	2020.0101
48534	262	43617	2019.0101	2020.0101
79768	259	58714	2019.0101	2020.0101
59959	259	66038	2019.0101	2020.0101
72879	259	44165	2019.0101	2020.0101
64295	259	55792	2019.0101	2020.0101
64792	259	79939	2019.0101	2020.0101
85214	272	47449	2019.0101	2020.0101
62027	259	44317	2019.0101	2020.0101
74155	259	44317	2019.0101	2020.0101
72924	259	48660	2019.0101	2020.0101
77450	259	47586	2019.0101	2020.0101
49137	259	75722	2019.0101	2020.0101
57738	259	58208	2019.0101	2020.0101
76863	259	47358	2019.0101	2020.0101
50883	259	44094	2019.0101	2020.0101
58272	259	62292	2019.0101	2020.0101
58800	259	60805	2019.0101	2020.0101
66640	259	49138	2019.0101	2020.0531
64079	259	61207	2019.0101	2020.0801
63957	259	63958	2019.0101	2021.0101
69145	259	64860	2019.0101	2021.0101
67118	259	52508	2019.0101	2021.0101
82382	259	56288	2019.0101	2021.0101
60798	259	75722	2019.0101	2021.0101
78737	259	75722	2019.0101	2021.0101
67907	259	43706	2019.0101	2021.0101
63029	259	62150	2019.0101	2021.0101
71128	259	66038	2019.0101	2021.0101
53624	259	58439	2019.0101	2021.0101
80100	259	79658	2019.0101	2021.0101
60759	259	48660	2019.0101	2021.0922
45773	259	45774	2019.0101	2022.0101
59183	265	51060	2019.0101	2022.0101
74382	259	64860	2019.0101	2022.0101
78790	259	46698	2019.0101	2022.0101
80034	259	77919	2019.0101	2022.0101
44210	259	67596	2019.0101	2022.0101
82228	259	57448	2019.0101	2022.0101
70169	259	45676	2019.0101	2022.0804
56769	259	47309	2019.0102	2019.0102
44384	276	68838	2019.0102	2019.0102
56769	259	47546	2019.0102	2019.063
48098	263	51241	2019.011	2020.1227
63434	259	46649	2019.0111	2022.063
55581	259	50245	2019.0112	2019.0313
45779	259	51213	2019.0115	2019.0701
50892	261	44804	2019.0126	2019.0126
72470	261	85795	2019.0126	2019.0126
50101	261	85795	2019.0126	2019.0126
44101	259	66862	2019.0201	2019.0101
43883	259	44595	2019.0201	2019.0101
71360	259	45729	2019.0201	2019.0701
56220	259	55982	2019.0201	2019.1201
55029	259	55030	2019.0218	2019.0218
64127	261	49338	2019.0218	2019.0218
55029	259	44436	2019.0218	2019.0218
46762	261	51192	2019.0219	2019.0219
58371	261	71379	2019.0301	2019.0301
58371	273	43901	2019.0301	2019.0301
44594	259	49105	2019.0303	2019.0525
55037	261	45576	2019.0403	2019.0403
57441	261	44428	2019.0412	2019.0412
77227	276	68757	2019.0422	2019.0422
52147	261	48443	2019.0501	2019.0501
44829	261	44830	2019.0514	2019.0514
59139	259	52097	2019.0523	2019.0523
73364	261	46977	2019.053	2019.053
75961	261	82739	2019.0603	2019.0603
58371	261	77928	2019.0607	2019.0607
77183	261	44804	2019.061	2019.061
62511	261	44804	2019.061	2019.061
78899	261	44804	2019.061	2019.061
45502	261	85795	2019.061	2019.061
44690	261	63377	2019.0613	2019.0613
65296	261	56224	2019.0617	2019.0617
47411	259	47643	2019.0701	2020.0101
46814	259	54211	2019.0701	2020.0101
63946	259	67697	2019.0701	2020.0801
49521	259	52751	2019.0701	2020.0801
43639	259	54989	2019.0701	2020.0901
52599	259	49124	2019.0701	2020.0901
53744	259	53745	2019.0701	2022.0722
61696	259	44595	2019.0707	2020.0206
45790	259	45322	2019.0716	2020.0206
44594	259	43806	2019.0724	2020.0101
63226	259	58801	2019.0801	2019.0101
51970	259	75633	2019.0801	2019.1001
70160	259	56379	2019.0801	2020.0201
44256	259	44257	2019.0801	2020.0212
45779	259	52641	2019.0801	2020.0701
53989	259	67106	2019.0801	2020.0801
72518	259	54647	2019.0801	2021.0201
61621	259	43796	2019.0801	2021.0601
65399	259	49293	2019.0801	2022.0601
71880	259	62288	2019.0801	2022.0801
66138	259	55011	2019.0804	2021.0501
53293	259	45224	2019.0807	2019.0807
57441	261	54388	2019.0824	2019.0824
56810	264	45100	2019.0901	2019.0901
54868	263	44760	2019.0901	2019.0901
61020	259	45686	2019.0902	2020.063
62832	259	79972	2019.0902	2021.0701
55029	259	55414	2019.0905	2023.0225
46479	261	85442	2019.0907	2019.0907
62657	263	44760	2019.0916	2019.0916
69693	268	69694	2019.1001	2020.0401
49981	259	43638	2019.1004	2019.1004
56822	276	62848	2019.1008	2019.1008
56822	276	48654	2019.1008	2019.1008
50661	261	54178	2019.1028	2019.1028
79635	261	60230	2019.1028	2019.1028
70667	261	44830	2019.103	2019.103
43785	266	69066	2019.1031	2019.1031
59174	259	48667	2019.1101	2021.0101
45703	261	48443	2019.1103	2019.1103
85296	261	56226	2019.1126	2019.1126
58371	261	58330	2019.1211	2019.1211
61478	276	52255	2019.1231	2019.1231
68017	276	68757	2019.1231	2019.1231
68017	276	68838	2019.1231	2019.1231
61478	276	48654	2019.1231	2019.1231
77044	276	65287	2019.1231	2019.1231
68017	276	48654	2019.1231	2019.1231
84280	276	48654	2019.1231	2019.1231
55207	260	55206	2019.1231	2019.1231
77044	276	60650	2019.1231	2019.1231
84280	276	68757	2019.1231	2019.1231
61478	276	68757	2019.1231	2019.1231
45374	261	45375	2020.0101	2020.0101
45565	261	45566	2020.0101	2020.0101
45675	259	45676	2020.0101	2020.0101
45310	259	46673	2020.0101	2020.0101
48062	261	45803	2020.0101	2020.0101
49085	277	49086	2020.0101	2020.0101
49085	277	46864	2020.0101	2020.0101
51384	259	51385	2020.0101	2020.0101
51975	261	45704	2020.0101	2020.0101
53027	261	46989	2020.0101	2020.0101
55275	261	55276	2020.0101	2020.0101
60345	261	52292	2020.0101	2020.0101
51036	261	44322	2020.0101	2020.0101
61936	261	48913	2020.0101	2020.0101
46462	259	50092	2020.0101	2020.0101
64985	261	64986	2020.0101	2020.0101
66737	261	46577	2020.0101	2020.0101
64621	261	49109	2020.0101	2020.0101
60765	261	48598	2020.0101	2020.0101
43794	261	70854	2020.0101	2020.0101
66174	261	70164	2020.0101	2020.0101
51120	261	50405	2020.0101	2020.0101
49085	277	46624	2020.0101	2020.0101
65602	259	55792	2020.0101	2020.0101
53027	261	51362	2020.0101	2020.0101
53288	261	74541	2020.0101	2020.0101
46023	261	48598	2020.0101	2020.0101
46115	261	43981	2020.0101	2020.0101
45487	261	48343	2020.0101	2020.0101
69701	259	75300	2020.0101	2020.0101
74247	277	43711	2020.0101	2020.0101
74317	261	53059	2020.0101	2020.0101
58005	261	62408	2020.0101	2020.0101
77611	261	77612	2020.0101	2020.0101
49138	262	43879	2020.0101	2020.0101
49085	277	44755	2020.0101	2020.0101
69491	261	47777	2020.0101	2020.0101
74590	261	51096	2020.0101	2020.0101
78743	261	47450	2020.0101	2020.0101
52871	261	63648	2020.0101	2020.0101
49085	277	44963	2020.0101	2020.0101
44885	261	49074	2020.0101	2020.0101
67280	261	48461	2020.0101	2020.0101
54594	261	51428	2020.0101	2020.0101
57698	259	78660	2020.0101	2020.0101
53432	261	46977	2020.0101	2020.0101
69311	261	58409	2020.0101	2020.0101
54407	261	46577	2020.0101	2020.0101
69962	261	44016	2020.0101	2020.0101
79803	261	49401	2020.0101	2020.0101
69197	261	51373	2020.0101	2020.0101
69371	261	54267	2020.0101	2020.0101
72089	259	81416	2020.0101	2020.0101
65917	261	71684	2020.0101	2020.0101
54594	261	68112	2020.0101	2020.0101
75491	261	45566	2020.0101	2020.0101
46762	261	59675	2020.0101	2020.0101
77284	261	70854	2020.0101	2020.0101
62556	261	44055	2020.0101	2020.0101
77522	261	46989	2020.0101	2020.0101
77284	261	47450	2020.0101	2020.0101
70965	261	43981	2020.0101	2020.0101
66329	259	50245	2020.0101	2020.0101
70481	261	44394	2020.0101	2020.0101
67098	261	46989	2020.0101	2020.0101
49085	277	44754	2020.0101	2020.0101
69999	259	81127	2020.0101	2020.0101
49085	277	60898	2020.0101	2020.0101
56288	262	43617	2020.0101	2020.0101
49085	277	43687	2020.0101	2020.0101
79706	259	57418	2020.0101	2020.0101
72879	259	46831	2020.0101	2020.0101
63247	261	64986	2020.0101	2020.0101
49919	261	64300	2020.0101	2020.0101
69731	261	73303	2020.0101	2020.0101
69683	259	45408	2020.0101	2020.0101
57910	261	52292	2020.0101	2020.0101
48953	261	85335	2020.0101	2020.0101
85357	272	54407	2020.0101	2020.0101
75100	261	47450	2020.0101	2020.0101
54407	272	85357	2020.0101	2020.0101
55825	294	85454	2020.0101	2020.0101
75949	261	43981	2020.0101	2020.0101
51036	261	60840	2020.0101	2020.0101
76345	261	48829	2020.0101	2020.0101
70995	299	78078	2020.0101	2020.0101
64985	261	53848	2020.0101	2020.0101
72620	261	48476	2020.0101	2020.0101
47010	261	85564	2020.0101	2020.0101
77149	261	49401	2020.0101	2020.0101
71027	261	85608	2020.0101	2020.0101
74247	277	50333	2020.0101	2020.0101
65700	261	50498	2020.0101	2020.0101
57441	261	70854	2020.0101	2020.0101
66245	261	78740	2020.0101	2020.0101
55265	261	85684	2020.0101	2020.0101
69287	259	80441	2020.0101	2020.0101
63077	259	80441	2020.0101	2020.0101
49036	261	51938	2020.0101	2020.0101
66191	261	47508	2020.0101	2020.0101
49085	277	43676	2020.0101	2020.0101
61815	261	85802	2020.0101	2020.0101
47858	261	50043	2020.0101	2020.0101
47637	261	45233	2020.0101	2020.0101
54665	259	62150	2020.0101	2020.0101
67580	259	44605	2020.0101	2020.0101
49085	277	45392	2020.0101	2020.0101
58272	259	54423	2020.0101	2020.0401
58533	259	67928	2020.0101	2020.0501
51690	259	49968	2020.0101	2020.0701
44745	259	44746	2020.0101	2021.0101
43652	259	49209	2020.0101	2021.0101
52347	259	44317	2020.0101	2021.0101
56287	259	56288	2020.0101	2021.0101
57384	259	56288	2020.0101	2021.0101
59452	259	48611	2020.0101	2021.0101
69610	259	67596	2020.0101	2021.0101
62635	259	50700	2020.0101	2021.0101
69265	259	43915	2020.0101	2021.0101
59837	259	78312	2020.0101	2021.0101
57396	259	43884	2020.0101	2021.0101
60043	259	64860	2020.0101	2021.0101
53214	259	52341	2020.0101	2021.0101
61841	259	81037	2020.0101	2021.0101
69828	259	56201	2020.0101	2021.0101
73933	259	83401	2020.0101	2021.0101
70991	259	44317	2020.0101	2021.0101
51486	259	45838	2020.0101	2021.0101
59040	259	45676	2020.0101	2021.0101
58253	259	82105	2020.0101	2021.0101
77971	259	82105	2020.0101	2021.0101
77450	259	52508	2020.0101	2021.0101
49500	259	62552	2020.0101	2021.0601
57687	259	71733	2020.0101	2022.0101
69493	259	78388	2020.0101	2022.0101
66773	259	45774	2020.0101	2022.0101
71376	259	48660	2020.0101	2022.0815
76055	259	50256	2020.0101	2022.0901
60416	259	47440	2020.0101	2023.0101
76190	259	45838	2020.0101	2023.063
47411	259	44090	2020.0102	2020.0731
57506	261	85795	2020.0126	2020.0126
83033	259	44880	2020.0201	2020.1201
69715	259	50708	2020.0205	2020.0205
67058	261	60081	2020.0208	2020.0208
53893	276	68757	2020.0214	2020.0214
53893	276	48654	2020.0214	2020.0214
57577	261	55845	2020.0215	2020.0215
53893	276	65287	2020.0224	2020.0224
61478	276	65287	2020.0228	2020.0228
79761	259	67854	2020.0301	2020.1201
56220	259	67023	2020.0301	2020.1201
63468	261	47777	2020.033	2020.033
58272	259	54941	2020.0401	2021.0101
66715	273	83611	2020.0601	2020.0601
80528	273	66716	2020.0601	2020.0601
66245	273	44315	2020.0601	2020.0601
82370	261	44804	2020.0607	2020.0607
56104	261	85795	2020.0607	2020.0607
61328	261	85795	2020.0607	2020.0607
43580	261	46964	2020.0618	2020.0618
64295	259	72893	2020.0701	2020.0101
52757	282	76473	2020.0703	2020.0703
56095	261	57250	2020.0727	2020.0727
66424	272	80054	2020.073	2021.1018
55050	259	75354	2020.0807	2023.021
48722	261	44830	2020.0823	2020.0823
67231	259	46105	2020.0829	2020.0829
62101	261	70854	2020.0901	2020.0901
53977	261	70854	2020.0901	2020.0901
64129	261	70854	2020.0901	2020.0901
51199	261	70854	2020.0901	2020.0901
46648	259	70887	2020.0901	2020.1201
63946	259	66157	2020.0901	2021.0101
77560	259	46487	2020.0901	2021.0601
51690	259	44303	2020.0901	2021.0601
51538	259	45319	2020.0901	2021.0901
73141	261	85442	2020.0907	2020.0907
53989	259	53990	2020.1001	2021.0201
48722	259	51181	2020.1001	2022.0601
74831	273	45187	2020.1101	2020.1101
49859	276	68757	2020.1231	2020.1231
49859	276	52255	2020.1231	2020.1231
49859	276	48654	2020.1231	2020.1231
58495	263	46940	2021.0101	2004.0101
44316	259	44317	2021.0101	2021.0101
45087	261	44322	2021.0101	2021.0101
48167	261	46236	2021.0101	2021.0101
48958	261	43981	2021.0101	2021.0101
49387	261	44059	2021.0101	2021.0101
56134	261	43981	2021.0101	2021.0101
56689	261	46577	2021.0101	2021.0101
63793	259	63794	2021.0101	2021.0101
66305	259	66059	2021.0101	2021.0101
69197	261	48882	2021.0101	2021.0101
57390	261	47450	2021.0101	2021.0101
54513	261	47450	2021.0101	2021.0101
61554	261	71381	2021.0101	2021.0101
54789	261	51096	2021.0101	2021.0101
67070	261	68957	2021.0101	2021.0101
58495	261	47450	2021.0101	2021.0101
63317	261	58330	2021.0101	2021.0101
62027	259	59805	2021.0101	2021.0101
54079	261	64583	2021.0101	2021.0101
77865	261	77899	2021.0101	2021.0101
44594	261	44059	2021.0101	2021.0101
67902	261	48476	2021.0101	2021.0101
77033	261	47450	2021.0101	2021.0101
71464	264	44148	2021.0101	2021.0101
80442	261	50592	2021.0101	2021.0101
66418	261	62785	2021.0101	2021.0101
57441	261	47450	2021.0101	2021.0101
55275	261	46989	2021.0101	2021.0101
65390	261	52292	2021.0101	2021.0101
71352	261	50668	2021.0101	2021.0101
54446	261	46989	2021.0101	2021.0101
71343	261	45659	2021.0101	2021.0101
68364	261	44022	2021.0101	2021.0101
55791	261	48476	2021.0101	2021.0101
49137	259	64860	2021.0101	2021.0101
63317	261	48652	2021.0101	2021.0101
50884	259	46172	2021.0101	2021.0101
57041	261	47450	2021.0101	2021.0101
48348	261	52292	2021.0101	2021.0101
64792	259	63794	2021.0101	2021.0101
69421	261	65055	2021.0101	2021.0101
48432	261	54267	2021.0101	2021.0101
76845	261	47450	2021.0101	2021.0101
54407	261	47188	2021.0101	2021.0101
81586	261	46577	2021.0101	2021.0101
60665	261	44322	2021.0101	2021.0101
50462	261	47450	2021.0101	2021.0101
78045	261	44059	2021.0101	2021.0101
82731	261	47777	2021.0101	2021.0101
79803	261	47777	2021.0101	2021.0101
68364	261	67626	2021.0101	2021.0101
47664	261	61750	2021.0101	2021.0101
63317	261	47450	2021.0101	2021.0101
50932	261	81891	2021.0101	2021.0101
67880	261	49735	2021.0101	2021.0101
84232	261	47450	2021.0101	2021.0101
66945	261	47450	2021.0101	2021.0101
45565	261	47450	2021.0101	2021.0101
64288	261	47450	2021.0101	2021.0101
80442	261	47450	2021.0101	2021.0101
64162	261	47450	2021.0101	2021.0101
57316	261	49363	2021.0101	2021.0101
67594	261	43981	2021.0101	2021.0101
51317	261	75820	2021.0101	2021.0101
69773	261	46989	2021.0101	2021.0101
52485	261	85564	2021.0101	2021.0101
61499	261	48476	2021.0101	2021.0101
51975	261	81301	2021.0101	2021.0101
58962	264	44881	2021.0101	2021.0101
62179	261	85684	2021.0101	2021.0101
73232	259	67317	2021.0101	2021.0101
84671	261	85820	2021.0101	2021.0101
46838	261	56551	2021.0101	2021.0101
51977	261	76856	2021.0101	2021.0101
78401	259	57791	2021.0101	2021.0501
78401	296	83293	2021.0101	2021.0501
54821	259	54822	2021.0101	2021.0601
54928	259	44546	2021.0101	2021.0601
83033	259	54339	2021.0101	2021.0601
63946	259	80993	2021.0101	2021.0601
45779	259	54398	2021.0101	2021.0701
65602	259	74250	2021.0101	2022.0101
71031	259	50223	2021.0101	2022.0101
63874	259	61779	2021.0101	2022.0101
76863	259	50700	2021.0101	2022.0101
55467	259	63933	2021.0101	2022.0101
53624	259	64207	2021.0101	2022.0101
59452	259	53036	2021.0101	2022.0101
69265	259	78312	2021.0101	2022.0101
50884	259	46302	2021.0101	2022.0101
85024	259	75722	2021.0101	2022.0101
55361	259	85220	2021.0101	2022.0101
43652	259	61404	2021.0101	2022.0101
81914	259	67854	2021.0101	2022.0601
67832	259	74014	2021.0101	2023.0101
71296	261	44804	2021.0126	2021.0126
76849	261	44804	2021.0126	2021.0126
73428	261	85795	2021.0126	2021.0126
82799	261	85795	2021.0126	2021.0126
77645	259	54164	2021.0201	2021.0201
50346	259	54671	2021.0201	2021.0601
43627	259	44546	2021.0201	2021.0601
53989	259	56819	2021.0201	2021.0601
46762	261	61009	2021.0223	2021.0223
59230	276	48654	2021.0226	2021.0226
59230	276	52255	2021.0226	2021.0226
59230	276	68757	2021.0226	2021.0226
63693	259	54647	2021.0301	2022.1201
54665	259	54666	2021.0331	2022.0101
73544	259	60344	2021.0401	2021.1101
77227	276	77228	2021.0406	2021.0406
48098	263	45324	2021.0524	2021.1215
64437	259	49477	2021.0527	2022.0922
67205	259	46372	2021.0601	2022.1201
67058	261	47386	2021.0615	2021.0615
53897	259	44402	2021.0701	2021.1201
51670	259	51539	2021.0701	2023.0101
56524	261	44967	2021.0716	2021.0716
67009	261	44967	2021.0716	2021.0716
51690	261	44967	2021.0716	2021.0716
49989	261	44967	2021.0716	2021.0716
69821	261	44967	2021.0716	2021.0716
79867	261	44967	2021.0716	2021.0716
65198	261	44967	2021.0716	2021.0716
61910	261	44967	2021.0716	2021.0716
52232	261	44967	2021.0716	2021.0716
60371	261	44967	2021.0716	2021.0716
49006	261	44967	2021.0716	2021.0716
68773	261	44967	2021.0716	2021.0716
52007	261	44967	2021.0716	2021.0716
69838	261	44967	2021.0716	2021.0716
50122	261	44967	2021.0716	2021.0716
76963	261	44967	2021.0716	2021.0716
51690	259	45838	2021.0801	2022.0601
53989	259	59503	2021.0801	2022.0601
48887	296	85562	2021.0806	2021.0806
46762	261	45857	2021.0822	2021.0822
51538	259	49228	2021.0901	2022.0901
61621	259	57005	2021.0901	2022.1001
73469	261	65055	2021.1005	2021.1005
71261	261	52652	2021.1027	2021.1027
46762	261	44378	2021.1028	2021.1028
45703	261	61503	2021.1105	2021.1105
60589	261	43971	2021.111	2021.111
49294	276	48654	2021.1231	2021.1231
49294	276	68757	2021.1231	2021.1231
50675	261	50676	2022.0101	2022.0101
51573	261	47450	2022.0101	2022.0101
46847	261	47450	2022.0101	2022.0101
59555	261	47450	2022.0101	2022.0101
59837	259	52920	2022.0101	2022.0101
46762	261	61002	2022.0101	2022.0101
69371	261	47450	2022.0101	2022.0101
62635	259	48610	2022.0101	2022.0101
44051	261	48461	2022.0101	2022.0101
72197	261	48476	2022.0101	2022.0101
47457	276	62834	2022.0101	2022.0101
72505	261	43981	2022.0101	2022.0101
52410	261	64846	2022.0101	2022.0101
62390	261	48476	2022.0101	2022.0101
57184	261	52683	2022.0101	2022.0101
57115	261	52292	2022.0101	2022.0101
75601	261	45233	2022.0101	2022.0101
61378	261	69321	2022.0101	2022.0101
72261	261	58330	2022.0101	2022.0101
60644	261	46928	2022.0101	2022.0101
50656	261	49401	2022.0101	2022.0101
62654	261	47450	2022.0101	2022.0101
46593	261	47450	2022.0101	2022.0101
74031	261	46964	2022.0101	2022.0101
77611	261	52683	2022.0101	2022.0101
68763	261	47450	2022.0101	2022.0101
66329	259	50125	2022.0101	2022.0101
46593	261	48476	2022.0101	2022.0101
70300	261	55610	2022.0101	2022.0101
83438	261	47450	2022.0101	2022.0101
66245	261	47450	2022.0101	2022.0101
68364	261	48425	2022.0101	2022.0101
45510	261	59573	2022.0101	2022.0101
48809	261	68750	2022.0101	2022.0101
52347	259	85139	2022.0101	2022.0101
49778	261	46100	2022.0101	2022.0101
81682	261	44059	2022.0101	2022.0101
71279	261	64334	2022.0101	2022.0101
81404	261	47450	2022.0101	2022.0101
73211	261	47450	2022.0101	2022.0101
61852	259	85392	2022.0101	2022.0101
55133	259	85392	2022.0101	2022.0101
80576	261	47450	2022.0101	2022.0101
72803	259	85392	2022.0101	2022.0101
76278	261	47450	2022.0101	2022.0101
74509	259	73391	2022.0101	2022.0101
66415	261	47450	2022.0101	2022.0101
53901	261	47450	2022.0101	2022.0101
49492	261	47450	2022.0101	2022.0101
82382	259	67764	2022.0101	2022.0101
77306	261	53565	2022.0101	2022.0101
56591	261	85476	2022.0101	2022.0101
83957	261	52683	2022.0101	2022.0101
44493	261	57831	2022.0101	2022.0101
51242	261	53266	2022.0101	2022.0101
52245	261	52683	2022.0101	2022.0101
49752	261	80635	2022.0101	2022.0101
69219	261	44322	2022.0101	2022.0101
81256	261	44322	2022.0101	2022.0101
76152	259	58620	2022.0101	2022.0101
60930	261	61457	2022.0101	2022.0101
44093	259	44094	2022.0101	2022.0601
51463	259	57700	2022.0101	2022.0801
69828	259	48660	2022.0101	2023.0101
54092	259	71374	2022.0101	2023.1231
60950	273	71230	2022.0109	2022.0109
50404	261	44804	2022.0126	2022.0126
81512	261	68006	2022.0127	2022.0127
54928	259	45876	2022.0201	2022.0601
79706	259	56836	2022.0203	2022.0203
72261	261	47707	2022.0307	2022.0307
60751	261	59421	2022.0413	2022.0413
46692	264	43687	2022.0501	2022.0501
68284	261	85795	2022.0613	2022.0613
64127	261	68999	2022.0621	2022.0621
55914	261	49670	2022.0719	2022.0719
67210	259	44402	2022.072	2022.072
70594	261	52292	2022.0724	2022.0724
79761	259	61238	2022.0801	2022.1201
68773	259	43827	2022.0828	2022.0828
68773	259	46680	2022.0828	2022.0828
65399	259	44090	2022.0901	2023.0101
58836	261	49670	2022.0908	2022.0908
46762	261	60579	2022.1004	2022.1004
49746	259	44009	2022.1011	2022.1011
70898	261	46100	2022.1119	2022.1119
71795	259	56379	2022.1119	2022.1119
62905	259	64926	2022.112	2022.112
77044	276	63317	2022.1215	2022.1215
48308	264	44894	2023.0101	2023.0101
57437	261	62408	2023.0101	2023.0101
58060	277	43743	2023.0101	2023.0101
61975	261	77010	2023.0101	2023.0101
62556	261	46655	2023.0101	2023.0101
76587	261	47936	2023.0101	2023.0101
81256	261	47936	2023.0101	2023.0101
79932	261	84183	2023.0101	2023.0101
73848	264	44894	2023.0101	2023.0101
72914	261	53861	2023.0101	2023.0101
53946	264	44501	2023.0103	2023.0103
77309	263	44673	2023.011	2023.011
60463	277	44315	2025.0101	2025.0101
80373	277	55432	2045.0101	2045.0101
55320	277	54123	2049.0101	2049.0101
55320	277	47469	2049.0101	2049.0101
55320	277	44315	2049.0101	2049.0101
55320	277	44678	2049.0101	2049.0101
72035	277	76012	2240.0101	2240.0101
72035	277	72036	2258.0101	2258.0101
73395	277	74019	2805.0101	2805.0101
49788	261	53718	2817.0101	2817.0101
