814	70	12728	2015.0127	2015.0127
5910	41	1339	2015.0127	2015.0129
21502	160	726	2015.02	2015.02
29073	17	95	2015.02	2015.02
29073	17	93	2015.02	2017.08
16500	21	3	2015.0201	2015.0201
16500	21	5489	2015.0201	2015.0201
36490	14	6648	2015.0206	2015.0328
38652	4	3847	2015.021	2015.0319
32976	15	14863	2015.0211	2015.0211
9310	19	13036	2015.0214	2015.0214
13036	19	9310	2015.0214	2015.0214
14010	16	7501	2015.0215	2015.0215
6810	32	663	2015.0216	2015.0216
663	32	6810	2015.0216	2015.0216
2326	62	38112	2015.0219	2015.0219
4983	15	524	2015.0222	2015.0222
15471	15	337	2015.0222	2015.0222
1351	32	5163	2015.0224	2015.0224
5163	32	1351	2015.0224	2015.0224
31603	29	1105	2015.03	2015.03
32674	29	31603	2015.03	2015.03
32674	29	1105	2015.03	2015.03
19740	15	8422	2015.03	2015.03
31603	84	32674	2015.03	2015.03
9571	4	3312	2015.03	2015.07
42064	41	4626	2015.03	2015.1023
20314	44	19829	2015.0301	2015.0301
5060	15	15850	2015.0302	2015.0302
1736	36	9456	2015.0303	2015.0303
1736	36	4583	2015.0303	2015.0303
1736	36	18246	2015.0303	2017.0325
1736	36	9456	2015.0303	2017.0325
4044	4	6648	2015.0306	2015.0323
20894	66	4174	2015.0307	2015.0307
39908	25	7667	2015.0314	2015.0314
12475	29	9594	2015.0322	2015.0322
12475	29	22558	2015.0322	2015.0322
12475	29	12403	2015.0322	2015.0322
12475	29	9465	2015.0322	2015.0322
12475	29	19277	2015.0322	2015.0322
12475	29	14519	2015.0322	2015.0322
971	44	12475	2015.0322	2015.0322
12475	29	28697	2015.0322	2015.0322
12475	29	7263	2015.0322	2015.0322
12475	29	25617	2015.0322	2015.0322
12475	29	970	2015.0322	2015.0322
12475	29	25616	2015.0322	2015.0322
12475	29	7264	2015.0322	2015.0322
12475	29	971	2015.0322	2015.0322
12475	29	285	2015.0322	2015.0322
12475	29	14946	2015.0322	2015.0322
12792	123	11567	2015.0322	2015.0415
37683	4	111	2015.0323	2015.0323
37252	14	40533	2015.04	2015.04
4044	4	9825	2015.0402	2015.0402
12029	14	3847	2015.0405	2015.0414
3633	70	35181	2015.0406	2015.0406
33395	123	24842	2015.0406	2015.0901
14010	16	14011	2015.0412	2015.0412
12792	123	9320	2015.0415	2016.0925
12739	123	35314	2015.0416	2015.0416
24524	41	1339	2015.0416	2015.0416
1945	123	34372	2015.0416	2016.0926
28237	32	9351	2015.0417	2015.0417
9351	32	28237	2015.0417	2015.0417
38907	41	1339	2015.0418	2015.0418
15754	123	8975	2015.0421	2015.1221
12029	14	9825	2015.0422	2015.0501
6518	41	1339	2015.0425	2015.0425
31940	61	12806	2015.0426	2015.0426
19205	15	2752	2015.0427	2015.0427
3550	32	13310	2015.0427	2015.0427
13310	32	3550	2015.0427	2015.0427
2677	40	19088	2015.0427	2015.0822
27053	41	718	2015.0427	2018.0228
40254	21	364	2015.0428	2015.0428
17677	41	10558	2015.0428	2015.0528
497	15	872	2015.043	2015.043
12000	4	12739	2015.043	2016.1231
29345	25	27045	2015.05	2015.05
42659	41	26438	2015.05	2015.05
1701	40	4035	2015.05	2015.08
21760	14	14550	2015.05	2015.1
7058	32	1351	2015.0504	2015.0504
1351	32	7058	2015.0504	2015.0504
18184	40	5504	2015.0507	2015.0507
3550	32	9796	2015.0511	2015.0511
9796	32	3550	2015.0511	2015.0511
7203	15	7851	2015.0514	2015.0514
35769	4	29811	2015.0514	2016.0506
8675	25	85	2015.0518	2015.0518
20174	40	19088	2015.0518	2015.08
19689	4	3847	2015.0527	2015.0527
1462	70	17677	2015.0529	2015.0529
14285	17	25677	2015.053	2017.1211
18787	41	7393	2015.06	2015.06
30393	21	1462	2015.06	2015.06
23016	21	47	2015.06	2015.06
42185	4	33427	2015.0601	2015.0601
10037	41	455	2015.0602	2015.0602
18047	123	8550	2015.0603	2015.0825
5864	62	20252	2015.0605	2015.0605
2767	32	2526	2015.061	2015.061
2526	32	2767	2015.061	2015.061
25125	123	2394	2015.061	2015.071
8475	123	8839	2015.061	2016.0805
11718	70	9022	2015.0613	2015.0613
14550	70	33854	2015.0613	2015.0613
624	70	33854	2015.0613	2015.0613
31413	41	1339	2015.0615	2015.0615
6905	41	718	2015.0615	2015.0615
25542	41	718	2015.0615	2016.0605
22072	41	718	2015.0615	2017.1003
31811	41	718	2015.0615	2018.0201
23929	41	718	2015.0615	2018.0322
19884	41	9884	2015.0618	2015.0618
30717	41	9884	2015.0618	2015.0618
20436	70	39784	2015.0618	2015.0618
12718	4	31274	2015.0618	2015.1101
2985	70	3040	2015.0618	2016.0406
24997	17	27309	2015.0619	2015.0619
7409	48	31748	2015.0619	2015.0619
34128	19	18806	2015.062	2015.062
18806	19	34128	2015.062	2015.062
2031	70	30661	2015.0622	2015.073
14010	15	2011	2015.0625	2015.0625
14010	16	31102	2015.0625	2015.0625
29379	16	3176	2015.0625	2015.0625
14010	15	11965	2015.0625	2015.0625
14010	16	12005	2015.0625	2015.0625
29379	16	6841	2015.0625	2015.0625
14010	16	25203	2015.0625	2015.0625
29379	16	31102	2015.0625	2015.0625
29379	16	25203	2015.0625	2015.0625
29379	16	2011	2015.0625	2015.0625
29379	16	11965	2015.0625	2015.0625
22414	40	5504	2015.0625	2015.0625
796	70	15406	2015.0628	2015.0628
10523	15	9188	2015.0628	2015.0628
4317	32	5700	2015.0629	2015.0629
16320	40	19088	2015.0629	2015.0629
21240	4	16980	2015.0629	2016.063
26399	21	11025	2015.063	2015.063
627	52	9321	2015.063	2015.063
30750	52	8486	2015.063	2015.063
29444	17	29445	2015.07	2015.07
35188	135	3055	2015.07	2015.07
21267	40	4606	2015.07	2015.07
29452	60	3274	2015.07	2018.06
28136	4	8581	2015.0701	2015.0701
26399	21	113	2015.0701	2015.0701
1220	123	25027	2015.0701	2018.0227
19280	15	42297	2015.0703	2015.0703
18616	41	9821	2015.0703	2018.0
227	62	11952	2015.0708	2015.0708
40971	80	11952	2015.0708	2015.0708
11952	41	40971	2015.0708	2015.0708
25125	123	15577	2015.071	2015.092
20014	48	25218	2015.0714	2015.0714
17287	41	1092	2015.0715	2015.0715
6778	32	596	2015.0716	2015.0716
596	32	6778	2015.0716	2015.0716
27054	41	5224	2015.0719	2016.0708
16484	50	3617	2015.072	2016.0708
3617	84	16484	2015.072	2016.0708
16483	84	16484	2015.072	2017.1028
19065	84	16484	2015.072	2017.1028
16484	50	564	2015.072	2017.1028
16484	50	19065	2015.072	2017.1028
16484	50	16483	2015.072	2017.1028
16099	4	5460	2015.0722	2015.0722
7028	4	18270	2015.0724	2016.0701
14881	32	23451	2015.0727	2015.0727
23451	32	14881	2015.0727	2015.0727
17986	32	25510	2015.073	2015.073
25510	32	17986	2015.073	2015.073
5272	18	12850	2015.08	2015.08
5272	14	20657	2015.08	2015.08
30444	41	7393	2015.08	2015.08
40113	17	11062	2015.08	2015.08
31452	4	26887	2015.0801	2015.1231
34605	4	31709	2015.0801	2015.1231
42149	4	24015	2015.0801	2015.1231
26328	4	8831	2015.0801	2015.1231
26371	4	17521	2015.0801	2015.1231
40857	4	21838	2015.0801	2015.1231
27769	4	17867	2015.0801	2015.1231
293	19	294	2015.0805	2018.0215
389	4	31617	2015.0806	2015.0101
20783	143	30444	2015.081	2015.081
4864	40	19088	2015.0817	2016.0128
4957	14	6021	2015.0818	2018.0704
21087	14	38358	2015.0822	2015.0822
26882	123	18636	2015.0822	2018.0518
17039	123	15433	2015.0825	2016.0321
35569	4	26407	2015.0825	2018.1231
11118	17	29616	2015.0828	2015.0828
29616	9	11118	2015.0828	2015.0828
2589	44	20048	2015.0831	2015.0831
34434	41	1092	2015.09	2018.09
32796	41	7393	2015.0901	2015.0901
39421	154	7171	2015.0901	2018.0
11113	15	5444	2015.0912	2015.0912
22428	41	21487	2015.0914	2017.0526
25125	123	39501	2015.0923	2015.1217
2171	7	19	2015.0924	2015.0924
544	3	18408	2015.0924	2015.0924
4921	70	37102	2015.0927	2015.0927
31057	15	26834	2015.0927	2016.1108
24619	42	8089	2015.0929	2015.0929
9322	52	17715	2015.093	2015.093
30750	52	9321	2015.093	2015.093
3653	64	13378	2015.093	2015.093
9322	52	24423	2015.093	2015.093
9322	52	9321	2015.093	2015.093
9322	52	12871	2015.093	2015.093
1802	36	5985	2015.1	2015.1
33234	18	1339	2015.1001	2015.1001
35781	123	41841	2015.1001	2016.0401
16262	40	5504	2015.1002	2015.1002
36576	123	21396	2015.1005	2015.1005
5701	123	5067	2015.1006	2016.0601
2809	123	9512	2015.1008	2015.1008
40354	48	3912	2015.1008	2015.1008
21183	32	828	2015.101	2015.101
12136	32	6810	2015.101	2015.101
828	32	1648	2015.101	2015.101
828	32	21183	2015.101	2015.101
6810	32	12136	2015.101	2015.101
1648	32	828	2015.101	2015.101
10801	40	19088	2015.102	2015.102
9571	4	17683	2015.102	2016.0
40551	31	4586	2015.1021	2015.1021
29514	19	19247	2015.1024	2015.1024
19247	19	29514	2015.1024	2015.1024
18047	123	27036	2015.1029	2015.1222
34632	17	11604	2015.11	2015.11
17719	40	19088	2015.11	2016.0403
31402	41	17071	2015.1101	2016.1031
364	70	30809	2015.1104	2015.1104
22428	40	774	2015.1109	2015.1109
22428	18	5046	2015.1109	2015.1109
29617	40	774	2015.1121	2015.1121
223	62	21207	2015.1122	2015.1122
38700	88	34504	2015.1124	2016.0115
25708	41	718	2015.1125	2015.1125
33395	123	20164	2015.1125	2016.0627
29927	170	6257	2015.1126	2015.1131
29617	41	1954	2015.1129	2015.1129
23946	41	2940	2015.12	2015.12
21523	9	2225	2015.12	2015.12
34314	182	38146	2015.12	2015.12
38146	182	34314	2015.12	2015.12
6561	25	2399	2015.12	2015.12
18793	41	2940	2015.12	2015.12
27626	15	21882	2015.1201	2015.1201
4398	15	8535	2015.1201	2015.1201
10422	18	38751	2015.1201	2018.0102
7697	4	7698	2015.1207	2017.1025
21207	41	6452	2015.121	2015.121
6452	80	21207	2015.121	2015.121
11175	40	5504	2015.121	2015.121
36490	14	20396	2015.1216	2015.1216
2618	41	3698	2015.1218	2017.0622
27802	19	34914	2015.1219	2015.1219
34914	19	27802	2015.1219	2015.1219
25125	123	36814	2015.1229	2016.0221
22902	12	12059	2015.123	2015.123
1384	70	16917	2015.123	2018.062
13074	44	13075	2015.1231	2015.1231
6580	12	14054	2015.1231	2015.1231
17027	44	15269	2015.1231	2015.1231
1533	44	6226	2015.1231	2015.1231
28923	12	14054	2015.1231	2015.1231
29527	12	14054	2015.1231	2015.1231
18728	44	15296	2015.1231	2015.1231
17282	44	28923	2015.1231	2015.1231
22636	44	10110	2015.1231	2015.1231
15663	12	14054	2015.1231	2015.1231
18546	44	13985	2015.1231	2015.1231
2383	44	23539	2015.1231	2015.1231
15269	12	14054	2015.1231	2015.1231
4520	44	10111	2015.1231	2015.1231
10446	44	10111	2015.1231	2015.1231
20560	44	15269	2015.1231	2015.1231
11613	12	1105	2015.1231	2015.1231
23651	44	10110	2015.1231	2015.1231
6226	12	14054	2015.1231	2015.1231
22084	44	9194	2015.1231	2015.1231
16223	44	9194	2015.1231	2015.1231
17681	12	14054	2015.1231	2015.1231
8486	92	30750	2015.1231	2015.1231
2718	44	15663	2015.1231	2015.1231
8152	44	23539	2015.1231	2015.1231
26429	44	29527	2015.1231	2015.1231
29015	44	9194	2015.1231	2015.1231
7771	44	9194	2015.1231	2015.1231
735	44	6226	2015.1231	2015.1231
1445	44	9194	2015.1231	2015.1231
17345	12	14054	2015.1231	2015.1231
11900	44	9194	2015.1231	2015.1231
6079	44	23539	2015.1231	2015.1231
17155	44	10111	2015.1231	2015.1231
1268	44	17681	2015.1231	2015.1231
9494	44	28923	2015.1231	2015.1231
15683	44	15269	2015.1231	2015.1231
28728	44	29527	2015.1231	2015.1231
1269	44	17681	2015.1231	2015.1231
26614	44	13985	2015.1231	2015.1231
8486	92	8485	2015.1231	2015.1231
3295	44	15269	2015.1231	2015.1231
13075	12	14054	2015.1231	2015.1231
5109	52	5110	2015.1231	2015.1231
15684	44	15269	2015.1231	2015.1231
29670	44	13075	2015.1231	2015.1231
3932	44	6580	2015.1231	2015.1231
10401	44	15269	2015.1231	2015.1231
20340	44	10110	2015.1231	2015.1231
26626	44	10111	2015.1231	2015.1231
10110	12	14054	2015.1231	2015.1231
6221	44	13985	2015.1231	2015.1231
4368	34	15663	2015.1231	2015.1231
21759	44	13075	2015.1231	2015.1231
3961	44	9194	2015.1231	2015.1231
10954	44	6225	2015.1231	2015.1231
5745	44	22903	2015.1231	2015.1231
6225	12	14054	2015.1231	2015.1231
8151	44	23539	2015.1231	2015.1231
15296	12	14054	2015.1231	2015.1231
27992	44	6225	2015.1231	2015.1231
9485	44	15663	2015.1231	2015.1231
13985	12	14054	2015.1231	2015.1231
14985	44	17345	2015.1231	2015.1231
6510	44	15296	2015.1231	2015.1231
14929	44	29527	2015.1231	2015.1231
2085	44	15663	2015.1231	2015.1231
845	15	846	2016.0	2016.0
2249	17	2250	2016.0	2016.0
3313	16	2491	2016.0	2016.0
3277	4	948	2016.0	2016.0
7966	33	7967	2016.0	2016.0
3991	15	7976	2016.0	2016.0
8868	4	8869	2016.0	2016.0
7783	60	3475	2016.0	2016.0
10765	15	10766	2016.0	2016.0
11551	16	3982	2016.0	2016.0
8381	4	12192	2016.0	2016.0
12304	17	712	2016.0	2016.0
16778	15	7449	2016.0	2016.0
12636	15	11195	2016.0	2016.0
18777	60	3274	2016.0	2016.0
8227	3	6724	2016.0	2016.0
3941	15	20151	2016.0	2016.0
22245	17	3617	2016.0	2016.0
22273	25	142	2016.0	2016.0
7559	15	4509	2016.0	2016.0
23239	4	6047	2016.0	2016.0
21100	4	13575	2016.0	2016.0
24386	21	364	2016.0	2016.0
20611	123	25199	2016.0	2016.0
10682	15	25462	2016.0	2016.0
13636	21	590	2016.0	2016.0
26220	15	3257	2016.0	2016.0
9851	33	7967	2016.0	2016.0
11864	15	2913	2016.0	2016.0
5434	16	57	2016.0	2016.0
6602	60	3475	2016.0	2016.0
28271	4	8919	2016.0	2016.0
15357	4	8889	2016.0	2016.0
22778	4	11250	2016.0	2016.0
18286	15	22928	2016.0	2016.0
16465	4	782	2016.0	2016.0
29298	17	3617	2016.0	2016.0
19608	4	12618	2016.0	2016.0
2352	15	2913	2016.0	2016.0
28802	16	1487	2016.0	2016.0
31179	15	12655	2016.0	2016.0
31472	4	816	2016.0	2016.0
6956	4	11250	2016.0	2016.0
23823	4	3871	2016.0	2016.0
12156	4	816	2016.0	2016.0
2859	15	9957	2016.0	2016.0
33105	43	27320	2016.0	2016.0
33442	197	31986	2016.0	2016.0
23316	17	712	2016.0	2016.0
20195	17	712	2016.0	2016.0
27765	15	461	2016.0	2016.0
34178	20	730	2016.0	2016.0
34281	18	482	2016.0	2016.0
1746	30	18304	2016.0	2016.0
3383	16	3065	2016.0	2016.0
21522	17	712	2016.0	2016.0
1871	25	11904	2016.0	2016.0
24607	4	10685	2016.0	2016.0
8326	15	124	2016.0	2016.0
33028	17	712	2016.0	2016.0
9958	17	35191	2016.0	2016.0
3748	32	2254	2016.0	2016.0
798	4	3560	2016.0	2016.0
8353	17	35191	2016.0	2016.0
22046	30	16892	2016.0	2016.0
22029	4	31371	2016.0	2016.0
23317	4	23318	2016.0	2016.0
36160	4	17521	2016.0	2016.0
2188	15	7449	2016.0	2016.0
34325	4	10487	2016.0	2016.0
37110	4	16474	2016.0	2016.0
23627	15	37433	2016.0	2016.0
19103	4	37688	2016.0	2016.0
20195	17	3617	2016.0	2016.0
4243	25	142	2016.0	2016.0
713	17	712	2016.0	2016.0
14316	4	5960	2016.0	2016.0
35225	4	34666	2016.0	2016.0
3052	15	526	2016.0	2016.0
502	15	2913	2016.0	2016.0
17993	12	3703	2016.0	2016.0
34335	4	28942	2016.0	2016.0
18286	16	3982	2016.0	2016.0
28545	25	142	2016.0	2016.0
22350	15	29922	2016.0	2016.0
13318	15	11528	2016.0	2016.0
1540	15	655	2016.0	2016.0
11825	4	4475	2016.0	2016.0
14911	15	28874	2016.0	2016.0
31178	17	712	2016.0	2016.0
20001	30	23723	2016.0	2016.0
20437	60	1479	2016.0	2016.0
19401	15	31111	2016.0	2016.0
27392	15	7449	2016.0	2016.0
23526	84	712	2016.0	2016.0
9035	15	2913	2016.0	2016.0
33771	30	23107	2016.0	2016.0
12156	15	21380	2016.0	2016.0
39981	17	3617	2016.0	2016.0
9088	25	142	2016.0	2016.0
1415	4	22806	2016.0	2016.0
14443	15	5058	2016.0	2016.0
13539	15	17989	2016.0	2016.0
33028	17	3617	2016.0	2016.0
33994	4	40283	2016.0	2016.0
35603	3	9725	2016.0	2016.0
40318	17	712	2016.0	2016.0
21852	41	4374	2016.0	2016.0
283	30	34178	2016.0	2016.0
21247	4	31039	2016.0	2016.0
23057	25	142	2016.0	2016.0
18675	25	142	2016.0	2016.0
26739	17	712	2016.0	2016.0
4556	4	15129	2016.0	2016.0
9708	25	142	2016.0	2016.0
25367	17	35191	2016.0	2016.0
40857	4	40858	2016.0	2016.0
31847	17	712	2016.0	2016.0
28583	16	3628	2016.0	2016.0
30785	17	712	2016.0	2016.0
13318	15	1650	2016.0	2016.0
30540	17	712	2016.0	2016.0
33595	4	16216	2016.0	2016.0
26880	60	2988	2016.0	2016.0
461	30	27765	2016.0	2016.0
29372	17	712	2016.0	2016.0
26399	4	41057	2016.0	2016.0
38805	4	906	2016.0	2016.0
25033	4	8475	2016.0	2016.0
24734	15	17277	2016.0	2016.0
35774	4	33867	2016.0	2016.0
17993	15	3703	2016.0	2016.0
30540	17	3617	2016.0	2016.0
16778	15	14495	2016.0	2016.0
28409	25	142	2016.0	2016.0
35774	15	35909	2016.0	2016.0
37002	4	4030	2016.0	2016.0
26880	60	3475	2016.0	2016.0
262	32	1195	2016.0	2016.0
5945	15	8317	2016.0	2016.0
26247	41	3698	2016.0	2016.0
22021	4	11043	2016.0	2016.0
6419	15	41564	2016.0	2016.0
41361	15	31111	2016.0	2016.0
3628	30	1456	2016.0	2016.0
35774	20	33867	2016.0	2016.0
5815	33	140	2016.0	2016.0
28396	17	35191	2016.0	2016.0
8336	15	18131	2016.0	2016.0
34344	4	1374	2016.0	2016.0
6791	15	3703	2016.0	2016.0
12348	4	28666	2016.0	2016.0
31452	4	26887	2016.0	2016.0
41768	4	41830	2016.0	2016.0
41863	4	10487	2016.0	2016.0
15107	15	20051	2016.0	2016.0
34312	15	32356	2016.0	2016.0
34148	25	142	2016.0	2016.0
524	30	5815	2016.0	2016.0
7932	15	655	2016.0	2016.0
41888	4	32452	2016.0	2016.0
4872	15	4570	2016.0	2016.0
9699	17	6619	2016.0	2016.0
41911	4	8919	2016.0	2016.0
27054	17	712	2016.0	2016.0
11396	4	11250	2016.0	2016.0
16723	15	3257	2016.0	2016.0
13636	33	1631	2016.0	2016.0
26887	123	30676	2016.0	2016.0
21420	60	1570	2016.0	2016.0
41914	17	95	2016.0	2016.0
16813	25	142	2016.0	2016.0
16813	15	1650	2016.0	2016.0
35975	17	41957	2016.0	2016.0
7726	15	1487	2016.0	2016.0
41914	17	93	2016.0	2016.0
27280	60	3475	2016.0	2016.0
29631	15	30410	2016.0	2016.0
7780	15	8697	2016.0	2016.0
1887	4	4991	2016.0	2016.0
37838	15	124	2016.0	2016.0
652	50	15314	2016.0	2016.0
1540	16	1487	2016.0	2016.0
1710	15	2913	2016.0	2016.0
20783	61	628	2016.0	2016.0
39981	17	712	2016.0	2016.0
5491	4	8268	2016.0	2016.0
42052	4	8869	2016.0	2016.0
9170	15	124	2016.0	2016.0
20433	4	8581	2016.0	2016.0
32257	16	11499	2016.0	2016.0
17287	15	1090	2016.0	2016.0
283	30	35774	2016.0	2016.0
4131	30	11776	2016.0	2016.0
29947	15	10733	2016.0	2016.0
32739	4	3671	2016.0	2016.0
15013	16	2491	2016.0	2016.0
15297	15	42098	2016.0	2016.0
10774	15	9957	2016.0	2016.0
28610	4	42031	2016.0	2016.0
27789	4	39238	2016.0	2016.0
16456	4	10487	2016.0	2016.0
34357	15	655	2016.0	2016.0
34357	16	2491	2016.0	2016.0
21631	25	142	2016.0	2016.0
34178	15	14832	2016.0	2016.0
6602	60	2988	2016.0	2016.0
42141	4	5289	2016.0	2016.0
3383	16	22928	2016.0	2016.0
39427	4	6047	2016.0	2016.0
31847	17	3617	2016.0	2016.0
37110	4	7866	2016.0	2016.0
23239	20	6047	2016.0	2016.0
34178	15	283	2016.0	2016.0
37110	4	42164	2016.0	2016.0
42149	4	24015	2016.0	2016.0
11824	15	503	2016.0	2016.0
26964	4	20611	2016.0	2016.0
11577	11	35	2016.0	2016.0
27157	41	3698	2016.0	2016.0
6602	4	7783	2016.0	2016.0
761	30	6109	2016.0	2016.0
11006	15	15977	2016.0	2016.0
31178	17	3617	2016.0	2016.0
28281	30	10301	2016.0	2016.0
11006	15	2913	2016.0	2016.0
16563	4	9703	2016.0	2016.0
23526	84	3617	2016.0	2016.0
36553	15	4740	2016.0	2016.0
37852	41	1092	2016.0	2016.0
27664	60	1570	2016.0	2016.0
19820	15	124	2016.0	2016.0
3941	15	526	2016.0	2016.0
10970	19	31416	2016.0	2016.0
25785	25	142	2016.0	2016.0
16500	4	39586	2016.0	2016.0
10817	4	8889	2016.0	2016.0
18286	15	3065	2016.0	2016.0
20859	15	10859	2016.0	2016.0
30659	25	142	2016.0	2016.0
18131	30	8336	2016.0	2016.0
6152	4	19288	2016.0	2016.0
26328	4	8831	2016.0	2016.0
31113	15	3257	2016.0	2016.0
34593	4	35996	2016.0	2016.0
1118	4	720	2016.0	2016.0
503	30	19398	2016.0	2016.0
230	15	655	2016.0	2016.0
14544	4	15873	2016.0	2016.0
38593	15	31151	2016.0	2016.0
10624	4	25273	2016.0	2016.0
9167	60	3475	2016.0	2016.0
20098	15	2913	2016.0	2016.0
16640	4	36360	2016.0	2016.0
1738	15	8277	2016.0	2016.0
18872	15	337	2016.0	2016.0
25574	15	14446	2016.0	2016.0
38118	4	41383	2016.0	2016.0
1415	20	5969	2016.0	2016.0
42338	4	40167	2016.0	2016.0
12203	15	3257	2016.0	2016.0
13318	25	142	2016.0	2016.0
11394	15	24634	2016.0	2016.0
6109	15	761	2016.0	2016.0
30340	15	2913	2016.0	2016.0
12208	4	11170	2016.0	2016.0
2416	16	2491	2016.0	2016.0
13318	15	15397	2016.0	2016.0
11645	15	11678	2016.0	2016.0
34243	25	142	2016.0	2016.0
19490	15	655	2016.0	2016.0
1991	15	124	2016.0	2016.0
36299	4	5575	2016.0	2016.0
17351	4	4077	2016.0	2016.0
20540	25	142	2016.0	2016.0
35664	4	15129	2016.0	2016.0
19243	15	38666	2016.0	2016.0
16835	15	124	2016.0	2016.0
34314	5	137	2016.0	2016.0
26536	16	3065	2016.0	2016.0
4740	30	36553	2016.0	2016.0
30141	4	26887	2016.0	2016.0
17935	4	1766	2016.0	2016.0
33752	4	40864	2016.0	2016.0
3233	4	39248	2016.0	2016.0
34756	21	83	2016.0	2016.0
30619	15	5490	2016.0	2016.0
34756	21	641	2016.0	2016.0
25166	15	655	2016.0	2016.0
757	4	71	2016.0	2016.0
13710	4	17541	2016.0	2016.0
10342	15	3257	2016.0	2016.0
31189	16	3065	2016.0	2016.0
7815	30	25939	2016.0	2016.0
29503	17	24907	2016.0	2016.0
24613	16	17682	2016.0	2016.0
5434	16	22928	2016.0	2016.0
36355	15	18438	2016.0	2016.0
40695	17	6619	2016.0	2016.0
23611	4	7125	2016.0	2016.0
33323	25	142	2016.0	2016.0
31841	4	17058	2016.0	2016.0
10733	30	29947	2016.0	2016.0
11618	4	5266	2016.0	2016.0
40802	4	21618	2016.0	2016.0
18613	4	7866	2016.0	2016.0
38923	4	19778	2016.0	2016.0
21575	25	142	2016.0	2016.0
19051	41	3698	2016.0	2016.0
22245	17	712	2016.0	2016.0
10748	15	7449	2016.0	2016.0
24230	4	3435	2016.0	2016.0
21522	17	3617	2016.0	2016.0
6744	15	14495	2016.0	2016.0
37123	15	4335	2016.0	2016.0
18137	17	6619	2016.0	2016.0
10760	15	25562	2016.0	2016.0
5130	4	1440	2016.0	2016.0
968	4	24736	2016.0	2016.0
18304	15	1746	2016.0	2016.0
37952	17	5783	2016.0	2016.0
11529	15	42038	2016.0	2016.0
15357	21	613	2016.0	2016.0
35774	15	27986	2016.0	2016.0
39633	4	27685	2016.0	2016.0
5965	16	22928	2016.0	2016.0
30743	4	40584	2016.0	2016.0
15357	21	137	2016.0	2016.0
16859	4	11250	2016.0	2016.0
20237	15	31116	2016.0	2016.0
3083	25	3689	2016.0	2016.0
262	32	2205	2016.0	2016.0
24581	15	6266	2016.0	2016.0
8204	4	19178	2016.0	2016.11
5706	123	11258	2016.0	2017.0
13861	4	13862	2016.0	2017.0
15622	25	804	2016.0	2017.0
21345	4	8613	2016.0	2017.0
22424	4	8613	2016.0	2017.0
23252	4	21838	2016.0	2017.0
3967	4	32484	2016.0	2017.0
33175	4	28430	2016.0	2017.0
33585	4	15730	2016.0	2017.0
17653	4	36360	2016.0	2017.0
9571	4	2155	2016.0	2017.0
21100	4	37332	2016.0	2017.0
21478	4	31181	2016.0	2017.0
15264	4	36769	2016.0	2017.0
37636	4	17867	2016.0	2017.0
6837	4	36237	2016.0	2017.0
10870	3	11134	2016.0	2017.0
29070	4	22806	2016.0	2017.0
3872	60	17958	2016.0	2017.0
4198	4	8654	2016.0	2017.0
26371	4	41248	2016.0	2017.0
5807	17	2250	2016.0	2017.0
2028	123	29649	2016.0	2017.0
8227	4	4701	2016.0	2017.0
13698	4	41407	2016.0	2017.0
29298	17	712	2016.0	2017.0
5702	4	8694	2016.0	2017.0
22673	4	41827	2016.0	2017.0
29768	4	3871	2016.0	2017.0
35203	4	38665	2016.0	2017.0
37503	4	19604	2016.0	2017.0
1887	4	5969	2016.0	2017.0
15962	4	9113	2016.0	2017.0
11174	4	8056	2016.0	2017.0
20021	4	6477	2016.0	2017.0
13131	4	25320	2016.0	2017.0
3872	4	15764	2016.0	2017.0
23701	4	1704	2016.0	2017.0
25394	4	1510	2016.0	2017.0
10034	4	19778	2016.0	2017.0
33992	4	22937	2016.0	2017.0
33502	4	13063	2016.0	2017.0
31631	33	3785	2016.0	2017.0
948	123	19993	2016.0	2017.0
31538	4	889	2016.0	2017.0
26376	4	5809	2016.0	2017.0
26566	60	20052	2016.0	2017.0
30490	4	22776	2016.0	2017.0
21567	4	21838	2016.0	2017.0
16980	1	613	2016.0	2017.0
33359	4	41383	2016.0	2017.0
25652	4	26299	2016.0	2017.0
21337	4	12407	2016.0	2017.0
14201	4	8727	2016.0	2017.01
26606	4	31039	2016.0	2017.013
28527	4	12407	2016.0	2017.12
13841	4	13842	2016.0	2018.0
25272	4	25273	2016.0	2018.0
31592	4	21420	2016.0	2018.0
27769	4	17867	2016.0	2018.0
29416	4	5149	2016.0	2018.0
28690	4	10821	2016.0	2018.0
34144	4	1918	2016.0	2018.0
38123	4	35505	2016.0	2018.0
41787	4	16398	2016.0	2018.0
42042	25	804	2016.0	2018.0
40461	4	8205	2016.0	2018.0
13841	60	2988	2016.0	2018.0
7204	4	8581	2016.0	2018.0
35281	4	40584	2016.0	2018.0
28663	4	889	2016.0	2018.0
42586	4	6957	2016.0	2018.0
21563	123	11524	2016.0	2018.0
28453	4	24736	2016.0	2018.0
15727	4	4030	2016.0	2018.0322
23655	4	429	2016.0	2018.07
37503	4	31323	2016.01	2016.0
10475	17	5783	2016.01	2016.01
29927	170	6257	2016.01	2017.0215
19608	4	19609	2016.0101	2016.0
19181	4	13465	2016.0101	2016.0
6602	4	7783	2016.0101	2016.0
6152	4	28418	2016.0101	2016.0
34144	4	5208	2016.0101	2016.0
23655	4	429	2016.0101	2016.0
6152	4	33461	2016.0101	2016.0
31446	4	7698	2016.0101	2016.0
9664	4	6479	2016.0101	2016.0
122	29	123	2016.0101	2016.0101
1917	4	1918	2016.0101	2016.0101
2277	4	2278	2016.0101	2016.0101
3295	44	2526	2016.0101	2016.0101
5590	4	5591	2016.0101	2016.0101
6526	4	6527	2016.0101	2016.0101
9389	15	9390	2016.0101	2016.0101
9529	34	123	2016.0101	2016.0101
5280	4	9568	2016.0101	2016.0101
12927	4	260	2016.0101	2016.0101
13243	4	10779	2016.0101	2016.0101
14213	4	9599	2016.0101	2016.0101
666	4	14771	2016.0101	2016.0101
16332	15	4148	2016.0101	2016.0101
17557	4	17558	2016.0101	2016.0101
15767	4	12314	2016.0101	2016.0101
16981	4	91	2016.0101	2016.0101
270	15	19410	2016.0101	2016.0101
18773	154	17181	2016.0101	2016.0101
20472	15	18869	2016.0101	2016.0101
24369	4	24864	2016.0101	2016.0101
25468	4	4030	2016.0101	2016.0101
122	29	15663	2016.0101	2016.0101
25830	4	25831	2016.0101	2016.0101
25949	4	25950	2016.0101	2016.0101
26053	4	26054	2016.0101	2016.0101
23470	4	25111	2016.0101	2016.0101
14985	44	123	2016.0101	2016.0101
17935	4	4898	2016.0101	2016.0101
29052	4	20505	2016.0101	2016.0101
27210	15	29212	2016.0101	2016.0101
122	29	13075	2016.0101	2016.0101
12679	4	29703	2016.0101	2016.0101
30198	4	10678	2016.0101	2016.0101
26164	4	3254	2016.0101	2016.0101
30600	4	16649	2016.0101	2016.0101
30662	4	30663	2016.0101	2016.0101
11574	4	31534	2016.0101	2016.0101
31616	4	31617	2016.0101	2016.0101
12628	4	31679	2016.0101	2016.0101
24073	4	10697	2016.0101	2016.0101
12904	4	15632	2016.0101	2016.0101
32245	4	21199	2016.0101	2016.0101
26880	4	7783	2016.0101	2016.0101
122	29	17345	2016.0101	2016.0101
19772	4	12340	2016.0101	2016.0101
15833	15	4148	2016.0101	2016.0101
34148	15	34149	2016.0101	2016.0101
34456	4	5769	2016.0101	2016.0101
16942	15	31764	2016.0101	2016.0101
25275	4	15769	2016.0101	2016.0101
34908	15	34909	2016.0101	2016.0101
13735	4	1429	2016.0101	2016.0101
828	66	9194	2016.0101	2016.0101
35726	4	616	2016.0101	2016.0101
12652	4	35735	2016.0101	2016.0101
10628	4	3110	2016.0101	2016.0101
35959	4	8876	2016.0101	2016.0101
24139	4	8382	2016.0101	2016.0101
30261	4	8929	2016.0101	2016.0101
2876	19	16750	2016.0101	2016.0101
122	29	23539	2016.0101	2016.0101
10043	4	11045	2016.0101	2016.0101
12970	4	14623	2016.0101	2016.0101
33259	15	10489	2016.0101	2016.0101
15684	44	2526	2016.0101	2016.0101
11221	4	11222	2016.0101	2016.0101
29887	4	15047	2016.0101	2016.0101
19336	4	18780	2016.0101	2016.0101
122	29	15296	2016.0101	2016.0101
30959	4	25339	2016.0101	2016.0101
25297	4	37817	2016.0101	2016.0101
5268	4	4594	2016.0101	2016.0101
122	29	2526	2016.0101	2016.0101
19629	4	19630	2016.0101	2016.0101
26494	4	24087	2016.0101	2016.0101
30480	15	18314	2016.0101	2016.0101
15700	14	1319	2016.0101	2016.0101
15944	4	24283	2016.0101	2016.0101
30449	4	16475	2016.0101	2016.0101
389	4	39238	2016.0101	2016.0101
39295	15	225	2016.0101	2016.0101
39368	15	27463	2016.0101	2016.0101
24476	4	10185	2016.0101	2016.0101
36290	15	11072	2016.0101	2016.0101
23778	4	8580	2016.0101	2016.0101
20648	4	16072	2016.0101	2016.0101
26389	4	2135	2016.0101	2016.0101
122	29	13985	2016.0101	2016.0101
3762	4	23287	2016.0101	2016.0101
122	29	10111	2016.0101	2016.0101
31122	4	13099	2016.0101	2016.0101
9529	34	17681	2016.0101	2016.0101
4490	4	2133	2016.0101	2016.0101
9851	4	3206	2016.0101	2016.0101
14107	4	9113	2016.0101	2016.0101
4520	44	2526	2016.0101	2016.0101
10079	15	17233	2016.0101	2016.0101
20090	4	399	2016.0101	2016.0101
31321	4	10515	2016.0101	2016.0101
40786	4	13307	2016.0101	2016.0101
31764	30	16942	2016.0101	2016.0101
16154	4	14979	2016.0101	2016.0101
12105	15	14175	2016.0101	2016.0101
17027	44	2526	2016.0101	2016.0101
25106	4	434	2016.0101	2016.0101
20095	15	6370	2016.0101	2016.0101
7138	15	6058	2016.0101	2016.0101
14976	4	15898	2016.0101	2016.0101
14976	4	8580	2016.0101	2016.0101
24070	4	17920	2016.0101	2016.0101
2419	4	32342	2016.0101	2016.0101
14505	15	281	2016.0101	2016.0101
18541	4	8542	2016.0101	2016.0101
8943	4	38439	2016.0101	2016.0101
10549	4	10981	2016.0101	2016.0101
31362	4	17056	2016.0101	2016.0101
33909	4	1690	2016.0101	2016.0101
14572	4	63	2016.0101	2016.0101
36281	4	13016	2016.0101	2016.0101
7348	4	1646	2016.0101	2016.0101
9748	4	9749	2016.0101	2016.0101
32958	4	4796	2016.0101	2016.0101
39123	4	2956	2016.0101	2016.0101
22232	4	11728	2016.0101	2016.0101
41767	4	1103	2016.0101	2016.0101
35148	4	28418	2016.0101	2016.0101
40715	4	8280	2016.0101	2016.0101
27071	4	21447	2016.0101	2016.0101
7762	4	27909	2016.0101	2016.0101
11379	4	26697	2016.0101	2016.0101
32983	4	31090	2016.0101	2016.0101
21684	4	29402	2016.0101	2016.0101
20891	4	7723	2016.0101	2016.0101
26222	4	370	2016.0101	2016.0101
35356	4	1271	2016.0101	2016.0101
2927	4	24811	2016.0101	2016.0101
30257	4	11170	2016.0101	2016.0101
6404	4	5290	2016.0101	2016.0101
39577	4	11695	2016.0101	2016.0101
27457	4	17732	2016.0101	2016.0101
41588	4	11157	2016.0101	2016.0101
38532	4	8117	2016.0101	2016.0101
26696	4	15090	2016.0101	2016.0101
22842	4	14955	2016.0101	2016.0101
30687	4	616	2016.0101	2016.0101
13101	4	16195	2016.0101	2016.0101
16725	4	15873	2016.0101	2016.0101
30931	15	6058	2016.0101	2016.0101
41843	15	6045	2016.0101	2016.0101
9583	4	13016	2016.0101	2016.0101
19474	4	6679	2016.0101	2016.0101
8203	4	31832	2016.0101	2016.0101
40151	4	39170	2016.0101	2016.0101
18611	15	14555	2016.0101	2016.0101
24805	4	14623	2016.0101	2016.0101
31182	4	33395	2016.0101	2016.0101
23777	4	20064	2016.0101	2016.0101
2559	4	2560	2016.0101	2016.0101
33261	4	3135	2016.0101	2016.0101
122	29	6580	2016.0101	2016.0101
6522	4	5508	2016.0101	2016.0101
122	29	29527	2016.0101	2016.0101
122	29	17681	2016.0101	2016.0101
2526	12	14054	2016.0101	2016.0101
29075	4	21199	2016.0101	2016.0101
122	29	15269	2016.0101	2016.0101
5397	4	13958	2016.0101	2016.0101
39546	4	1646	2016.0101	2016.0101
122	29	6225	2016.0101	2016.0101
122	29	9194	2016.0101	2016.0101
122	29	10110	2016.0101	2016.0101
122	29	6226	2016.0101	2016.0101
122	29	28923	2016.0101	2016.0101
20579	4	23069	2016.0101	2016.0101
41972	4	11020	2016.0101	2016.0101
9376	15	5007	2016.0101	2016.0101
28224	4	616	2016.0101	2016.0101
5256	4	20619	2016.0101	2016.0101
19086	15	42029	2016.0101	2016.0101
40207	4	40489	2016.0101	2016.0101
13703	4	13847	2016.0101	2016.0101
3474	4	30084	2016.0101	2016.0101
22824	4	15032	2016.0101	2016.0101
6578	15	315	2016.0101	2016.0101
32523	4	20619	2016.0101	2016.0101
17155	44	2526	2016.0101	2016.0101
24774	4	5145	2016.0101	2016.0101
2164	4	7207	2016.0101	2016.0101
20354	4	13878	2016.0101	2016.0101
31488	4	1065	2016.0101	2016.0101
26534	4	14279	2016.0101	2016.0101
13131	4	33284	2016.0101	2016.0101
36179	4	30647	2016.0101	2016.0101
795	4	21538	2016.0101	2016.0101
25976	4	17552	2016.0101	2016.0101
1917	4	4499	2016.0101	2016.0101
39350	4	10779	2016.0101	2016.0101
6752	4	7649	2016.0101	2016.0101
16364	15	4148	2016.0101	2016.0101
15683	44	2526	2016.0101	2016.0101
39350	4	370	2016.0101	2016.0101
39599	15	22415	2016.0101	2016.0101
17642	15	19745	2016.0101	2016.0101
28652	4	24811	2016.0101	2016.0101
33327	4	39707	2016.0101	2016.0101
27664	4	1440	2016.0101	2016.0101
10446	44	2526	2016.0101	2016.0101
21388	15	30184	2016.0101	2016.0101
23291	4	2135	2016.0101	2016.0101
39099	4	15151	2016.0101	2016.0101
24922	4	31534	2016.0101	2016.0101
15681	15	42124	2016.0101	2016.0101
32715	4	8174	2016.0101	2016.0101
22235	4	42250	2016.0101	2016.0101
34210	4	28418	2016.0101	2016.0101
16204	4	15129	2016.0101	2016.0101
20090	4	5398	2016.0101	2016.0101
18617	4	11084	2016.0101	2016.0101
7204	4	5946	2016.0101	2016.0101
4677	15	4433	2016.0101	2016.0101
13204	37	928	2016.0101	2016.0101
22079	4	25	2016.0101	2016.0101
20208	4	19175	2016.0101	2016.0101
20560	44	2526	2016.0101	2016.0101
18690	4	24750	2016.0101	2016.0101
15394	4	6952	2016.0101	2016.0101
10741	15	26855	2016.0101	2016.0101
5468	4	17401	2016.0101	2016.0101
21069	4	15732	2016.0101	2016.0101
4693	4	26882	2016.0101	2016.0101
22352	4	1945	2016.0101	2016.0101
11807	4	17724	2016.0101	2016.0101
37074	4	16134	2016.0101	2016.0101
18143	4	889	2016.0101	2016.0101
31804	15	27463	2016.0101	2016.0101
25428	4	5960	2016.0101	2016.0101
26626	44	2526	2016.0101	2016.0101
10282	4	12607	2016.0101	2016.0101
25075	4	13847	2016.0101	2016.0101
25270	4	21420	2016.0101	2016.0101
10401	44	2526	2016.0101	2016.0101
18728	44	123	2016.0101	2016.0101
30916	4	28234	2016.0101	2016.0101
1102	4	3013	2016.0101	2016.0101
23908	4	9426	2016.0101	2016.0101
1439	4	11653	2016.0101	2016.0101
14779	15	17875	2016.0101	2016.0101
39328	4	26680	2016.0101	2016.0101
14644	4	2545	2016.0101	2016.0101
20461	4	13842	2016.0101	2016.0101
1028	4	27049	2016.0101	2016.0101
42029	30	19086	2016.0101	2016.0101
34484	4	39238	2016.0101	2016.0101
1028	4	1003	2016.0101	2016.0101
6265	15	32267	2016.0101	2016.0101
27566	4	13099	2016.0101	2016.0101
10536	4	40428	2016.0101	2016.0101
10536	4	2931	2016.0101	2016.0101
23611	4	9258	2016.0101	2016.0101
28450	4	21144	2016.0101	2016.0101
24293	4	16475	2016.0101	2016.0101
9529	34	15296	2016.0101	2016.0101
9529	34	29527	2016.0101	2016.0101
9529	34	13075	2016.0101	2016.0101
21544	4	15032	2016.0101	2016.0101
34788	4	34395	2016.0101	2016.0101
41613	4	33461	2016.0101	2016.0101
28727	4	34932	2016.0101	2016.0101
6510	44	123	2016.0101	2016.0101
5392	4	4056	2016.0101	2016.0101
23088	4	18777	2016.0101	2016.0101
3762	4	948	2016.0101	2016.0101
39127	4	3768	2016.0101	2016.0101
36420	4	1727	2016.0101	2016.0101
5574	4	616	2016.0101	2016.0101
18942	4	1962	2016.0101	2016.0101
40656	4	2309	2016.0101	2016.0101
13468	15	7503	2016.0101	2016.0101
11529	15	27463	2016.0101	2016.0101
123	12	14054	2016.0101	2016.0101
10449	4	22114	2016.0101	2016.0614
19501	4	30085	2016.0101	2017.0
18203	4	39238	2016.0101	2017.0
14253	4	23737	2016.0101	2017.0329
27047	4	21515	2016.0101	2017.12
27605	4	7698	2016.0101	2018.0
6155	4	13612	2016.0101	2018.0
14710	4	7698	2016.0101	2018.0
26036	4	11239	2016.0101	2018.0
14194	4	15873	2016.0101	2018.12
22444	44	19393	2016.0103	2016.0103
22443	44	19393	2016.0103	2016.0103
6482	44	19393	2016.0103	2016.0103
22444	44	25000	2016.0104	2016.0104
22443	44	25000	2016.0104	2016.0104
6482	44	25000	2016.0104	2016.0104
15754	123	28747	2016.0104	2016.0403
18047	123	27669	2016.0105	2016.0314
32749	48	378	2016.0108	2016.0108
32749	40	5504	2016.0108	2016.0108
17719	88	8804	2016.0111	2016.0113
39820	123	8116	2016.0113	2017.0927
12718	4	42355	2016.0116	2016.1025
25673	52	12871	2016.0121	2016.0121
32162	15	2140	2016.0122	2016.0122
35354	41	29865	2016.0122	2016.0122
29095	41	40635	2016.0122	2016.0122
29270	33	19463	2016.0126	2016.0126
40299	14	2744	2016.0126	2016.0126
23701	4	19669	2016.02	2016.0
105	32	2148	2016.02	2016.02
105	32	29	2016.02	2016.02
9345	4	9346	2016.02	2016.07
2148	32	105	2016.0201	2016.0201
29	32	105	2016.0201	2016.0201
12029	14	6465	2016.0201	2016.0328
16434	14	2106	2016.0201	2016.0428
19784	123	4716	2016.0208	2017.0307
25673	52	9321	2016.0211	2016.0211
17059	41	3698	2016.0211	2016.0503
8972	41	1577	2016.0211	2017.051
32976	15	8700	2016.0218	2016.0218
13571	4	10154	2016.0222	2016.0701
35774	15	2476	2016.0227	2016.0227
11535	32	10511	2016.0227	2016.0227
10511	32	11535	2016.0227	2016.0227
21538	123	7212	2016.0301	2016.0301
1136	32	5299	2016.0301	2016.0301
5299	32	1136	2016.0301	2016.0301
8486	52	10600	2016.0302	2016.0302
15314	25	652	2016.0303	2016.0303
15468	41	1339	2016.0308	2016.0719
7096	18	61	2016.0308	2018.063
34796	41	279	2016.031	2016.031
14656	41	5224	2016.0312	2016.0312
32976	15	4225	2016.0315	2016.0315
18047	123	2073	2016.0315	2016.0701
37513	4	29016	2016.0317	2016.1231
8198	4	40410	2016.0317	2017.0
42210	112	42211	2016.0324	2016.0324
42210	112	2861	2016.0324	2016.0324
42210	112	17185	2016.0324	2016.0324
10062	32	13049	2016.0325	2016.0325
17039	123	36814	2016.0325	2016.0523
537	36	7258	2016.0327	2016.0327
12594	36	17908	2016.0327	2016.0327
12594	36	1012	2016.0327	2016.0327
21607	36	17908	2016.0327	2016.0327
537	36	2675	2016.0327	2016.0327
34919	36	23464	2016.0327	2016.0327
6049	36	23464	2016.0327	2016.0327
4590	36	23464	2016.0327	2016.0327
21607	36	1012	2016.0327	2016.0327
26986	50	12849	2016.0329	2016.0329
8585	25	7667	2016.04	2016.04
1871	25	6619	2016.04	2016.04
26723	17	6619	2016.04	2016.04
17136	41	11812	2016.04	2016.1
35781	123	15557	2016.0402	2017.0308
11831	15	5444	2016.0403	2016.0403
15754	123	16663	2016.0404	2016.0319
14635	41	9884	2016.0404	2016.0404
7570	70	22576	2016.0406	2016.0406
1828	16	1460	2016.0409	2016.0409
20783	52	12871	2016.0411	2016.0411
20783	52	30444	2016.0411	2016.0411
20783	52	9321	2016.0411	2016.0411
20783	52	10955	2016.0411	2016.0411
19280	15	9957	2016.0412	2016.0412
12739	123	37739	2016.0418	2016.1231
13195	41	2973	2016.0425	2016.0718
11765	32	18848	2016.043	2016.043
18848	32	11765	2016.043	2016.043
20009	15	9957	2016.043	2016.043
12334	37	119	2016.05	2016.05
30740	4	7001	2016.05	2016.05
12334	37	5558	2016.05	2016.05
6458	21	13	2016.0501	2016.0501
11982	80	11983	2016.0504	2016.0504
11983	41	11982	2016.0504	2016.0504
2595	123	10219	2016.0507	2016.0919
10219	14	2595	2016.0507	2016.0919
18110	52	12871	2016.0511	2016.0511
6518	37	3081	2016.0513	2016.0513
17872	48	17873	2016.0513	2016.0513
28644	41	11812	2016.0513	2016.0513
6518	37	533	2016.0513	2016.0513
25888	41	686	2016.0517	2016.0517
22937	123	9604	2016.0517	2016.0517
590	70	7283	2016.0517	2017.1218
14603	76	11481	2016.0519	2016.0519
19688	33	31861	2016.052	2016.052
15754	60	1570	2016.0523	2016.0523
2767	32	26004	2016.0526	2016.0526
26004	32	2767	2016.0526	2016.0526
13856	123	34405	2016.0527	2017.0213
4030	123	21724	2016.0527	2018.1218
5161	36	23464	2016.0529	2016.0529
7259	4	11210	2016.0529	2016.0529
11876	36	23464	2016.0529	2016.0529
27672	123	16266	2016.053	2018.1106
13258	25	12939	2016.0531	2016.0531
9583	19	11798	2016.06	2016.06
10154	60	1479	2016.06	2016.06
11798	19	9583	2016.06	2016.06
38531	4	33762	2016.06	2016.06
18047	60	29453	2016.06	2016.06
26723	21	113	2016.06	2016.06
25004	170	2239	2016.06	2018.05
8447	123	15559	2016.0601	2017.0901
19328	123	17506	2016.0603	2016.0603
5701	123	22652	2016.0603	2016.092
63	123	16283	2016.0604	2017.0223
4607	21	113	2016.0606	2016.0606
9926	123	29229	2016.0607	2018.0
251	9	22944	2016.0611	2016.0611
36806	41	1241	2016.0611	2016.0611
30355	19	32005	2016.0611	2016.0611
32005	19	30355	2016.0611	2016.0611
9353	33	21324	2016.0613	2016.0613
22473	33	11902	2016.0613	2016.0613
227	25	7864	2016.0616	2016.0616
25125	123	28577	2016.0617	2016.0
1828	15	12005	2016.0622	2016.0622
17621	16	3176	2016.0622	2016.0622
17621	16	6841	2016.0622	2016.0622
17621	16	11965	2016.0622	2016.0622
17621	16	2011	2016.0622	2016.0622
1828	16	31102	2016.0622	2016.0622
1828	16	3176	2016.0622	2016.0622
28278	123	36814	2016.0626	2017.07
12870	52	12871	2016.063	2016.063
12870	52	9321	2016.063	2016.063
23530	52	12871	2016.063	2016.063
23530	52	9321	2016.063	2016.063
23530	52	24423	2016.063	2016.063
5088	33	203	2016.07	2016.07
91	123	29936	2016.07	2016.07
9345	4	8840	2016.07	2016.12
10154	60	3274	2016.07	2017.06
16588	60	1479	2016.07	2018.06
21240	4	36005	2016.0701	2016.0
23129	5	5489	2016.0701	2016.0701
3770	15	26250	2016.0701	2016.0701
13217	15	24645	2016.0701	2016.0701
12896	15	26250	2016.0701	2016.0701
16226	15	12897	2016.0701	2016.0701
28719	4	24977	2016.0701	2017.0114
12315	170	27567	2016.0701	2017.0424
22686	4	8581	2016.0701	2017.0824
21420	123	34872	2016.0701	2018.0516
18548	4	390	2016.0702	2016.0702
712	65	3617	2016.071	2016.071
712	84	16484	2016.071	2017.1028
16484	50	712	2016.071	2017.1028
6775	80	21815	2016.0713	2016.0713
21815	33	38983	2016.0713	2016.0713
21815	41	6775	2016.0713	2016.0713
1841	76	33388	2016.0714	2016.0714
38096	17	3965	2016.0714	2016.0714
7831	14	5575	2016.0714	2018.0712
20013	19	28724	2016.0716	2016.0716
28724	19	20013	2016.0716	2016.0716
32724	15	9957	2016.072	2016.072
33204	4	5958	2016.072	2016.072
17082	4	390	2016.0722	2016.0722
712	9	713	2016.0723	2018.0109
1368	36	23464	2016.0724	2016.0724
7017	40	19088	2016.0725	2016.0725
34605	4	11399	2016.0727	2016.0727
34016	25	1680	2016.0728	2016.0728
2677	16	12350	2016.0731	2016.0731
15960	41	10848	2016.08	2016.08
23587	4	23865	2016.08	2016.12
13720	4	23865	2016.08	2016.12
4197	4	3110	2016.08	2017.07
28271	4	17058	2016.0801	2016.1231
42634	4	41832	2016.0801	2016.1231
6653	70	30264	2016.0802	2016.0802
10062	32	22548	2016.0804	2016.0804
15754	60	3475	2016.0805	2017.0521
28745	84	404	2016.0808	2016.0808
16236	64	4471	2016.0812	2016.0812
40222	4	36634	2016.0812	2017.0
25677	9	9379	2016.0823	2016.1129
38379	4	3671	2016.0825	2016.0825
18548	4	4077	2016.0826	2018.053
11606	4	390	2016.0827	2018.0809
25673	61	12806	2016.0829	2016.0829
3899	4	3900	2016.0831	2017.063
37040	18	15993	2016.09	2016.09
1542	17	6619	2016.09	2016.09
24774	4	260	2016.0901	2016.0901
35834	41	1092	2016.0901	2016.0901
376	211	33041	2016.0901	2016.0901
2423	123	21128	2016.0905	2017.1219
7561	62	32308	2016.0908	2016.0908
1170	70	2080	2016.0908	2016.0908
9796	32	8607	2016.0909	2016.0909
9634	254	40097	2016.0909	2016.0909
8607	32	9796	2016.0909	2016.0909
2618	15	23395	2016.0912	2016.0912
4565	41	26801	2016.0913	2016.0913
1518	4	6587	2016.0915	2016.0915
4077	123	25065	2016.0921	2018.0128
5701	123	6255	2016.0924	2017.0913
12792	123	16963	2016.0925	2018.0121
31691	17	6619	2016.1	2016.1
17796	25	6619	2016.1	2016.1
12132	32	12133	2016.1004	2016.1004
1642	62	21679	2016.101	2016.101
17022	116	16282	2016.1016	2016.1016
2326	70	8093	2016.1019	2016.1019
12250	14	11084	2016.102	2016.102
14025	123	6263	2016.1022	2017.0302
9915	4	11210	2016.1023	2016.1023
16055	14	16056	2016.1023	2017.0125
25829	25	8031	2016.1025	2016.1025
8364	15	2228	2016.1027	2016.1027
18071	25	1680	2016.1028	2016.1028
13339	44	1536	2016.103	2016.103
13338	44	13339	2016.1031	2016.1031
41075	44	13339	2016.1031	2016.1031
1536	29	13339	2016.1031	2016.1031
8204	4	36769	2016.11	2017.0
6619	78	203	2016.11	2017.09
13338	44	3850	2016.1101	2016.1101
13339	12	5517	2016.1101	2016.1101
41075	44	3850	2016.1101	2016.1101
4630	78	624	2016.1101	2016.1101
21967	123	30984	2016.1101	2017.0103
5035	123	34337	2016.1101	2018.0301
16096	123	37061	2016.1101	2018.0301
35209	4	39619	2016.1104	2016.1231
9730	9	14338	2016.1105	2016.1105
9730	9	21723	2016.1105	2016.1105
31057	15	26834	2016.1108	2016.1108
37866	41	6751	2016.1119	2016.1119
40902	41	3698	2016.1119	2016.1119
9244	15	2913	2016.1122	2016.1122
1642	70	14338	2016.1123	2016.1123
18052	32	1351	2016.1124	2016.1124
1351	32	18052	2016.1124	2016.1124
35000	41	25906	2016.1128	2016.1128
20334	153	1092	2016.1128	2016.1128
31416	19	10970	2016.12	2016.12
5807	21	1723	2016.1201	2017.0323
2560	123	29707	2016.1201	2018.0501
1744	123	20089	2016.1201	2018.0601
12840	36	17908	2016.1204	2016.1204
19599	36	7258	2016.1204	2016.1204
19599	36	1012	2016.1204	2016.1204
31848	36	7258	2016.1204	2016.1204
39140	36	17908	2016.1204	2016.1204
39140	36	7258	2016.1204	2016.1204
39140	36	1012	2016.1204	2016.1204
12840	36	7258	2016.1204	2016.1204
12840	36	1012	2016.1204	2016.1204
19599	36	17908	2016.1204	2016.1204
31848	36	17908	2016.1204	2016.1204
31848	36	1012	2016.1204	2016.1204
5744	41	12324	2016.1208	2016.1208
4720	70	32224	2016.1215	2016.1215
1798	70	36307	2016.1218	2017.1104
27918	9	8667	2016.122	2016.122
33395	123	15418	2016.1223	2017.0719
5109	52	5110	2016.1231	2016.1231
31940	52	9321	2016.1231	2016.1231
31940	52	12871	2016.1231	2016.1231
19661	52	17715	2016.1231	2016.1231
38338	52	17715	2016.1231	2016.1231
40375	52	12871	2016.1231	2016.1231
38338	52	12871	2016.1231	2016.1231
40375	52	9321	2016.1231	2016.1231
15412	12	1105	2016.1231	2016.1231
13211	4	10157	2017.0	1.0
4674	4	4675	2017.0	2017.0
5618	21	227	2017.0	2017.0
6152	4	5290	2017.0	2017.0
6625	4	10161	2017.0	2017.0
10449	4	10450	2017.0	2017.0
15382	1	1760	2017.0	2017.0
16456	4	4675	2017.0	2017.0
16500	4	16501	2017.0	2017.0
20300	15	283	2017.0	2017.0
20596	30	15471	2017.0	2017.0
21617	4	21618	2017.0	2017.0
22296	4	21654	2017.0	2017.0
448	15	22415	2017.0	2017.0
3236	4	4725	2017.0	2017.0
25064	15	14466	2017.0	2017.0
23947	4	15129	2017.0	2017.0
26432	4	16573	2017.0	2017.0
20300	20	27314	2017.0	2017.0
27730	3	15324	2017.0	2017.0
28690	4	14735	2017.0	2017.0
17703	18	61	2017.0	2017.0
15107	15	5501	2017.0	2017.0
11730	15	3257	2017.0	2017.0
21240	4	3871	2017.0	2017.0
31253	4	12739	2017.0	2017.0
31325	4	3237	2017.0	2017.0
14911	15	17562	2017.0	2017.0
14065	25	3689	2017.0	2017.0
20300	15	14832	2017.0	2017.0
18131	30	8336	2017.0	2017.0
24610	4	33501	2017.0	2017.0
32905	4	33545	2017.0	2017.0
15231	15	33562	2017.0	2017.0
19398	15	503	2017.0	2017.0
33854	17	14657	2017.0	2017.0
21658	15	3257	2017.0	2017.0
30575	15	3993	2017.0	2017.0
126	15	17753	2017.0	2017.0
34344	4	9280	2017.0	2017.0
19672	4	3237	2017.0	2017.0
34567	15	7449	2017.0	2017.0
24810	4	16446	2017.0	2017.0
14400	15	2622	2017.0	2017.0
10533	15	3257	2017.0	2017.0
2609	123	22534	2017.0	2017.0
5815	16	524	2017.0	2017.0
23823	4	16980	2017.0	2017.0
177	4	24951	2017.0	2017.0
16164	4	36005	2017.0	2017.0
7694	15	3998	2017.0	2017.0
36170	4	1915	2017.0	2017.0
2005	15	3257	2017.0	2017.0
12152	4	4206	2017.0	2017.0
465	17	4630	2017.0	2017.0
37645	15	1650	2017.0	2017.0
36731	4	8889	2017.0	2017.0
1509	4	1510	2017.0	2017.0
32314	4	1343	2017.0	2017.0
33517	4	28430	2017.0	2017.0
3640	15	9053	2017.0	2017.0
20918	14	33397	2017.0	2017.0
24822	15	3257	2017.0	2017.0
12705	15	18314	2017.0	2017.0
23530	143	19766	2017.0	2017.0
977	70	18413	2017.0	2017.0
8107	4	30085	2017.0	2017.0
24230	3	2910	2017.0	2017.0
37139	4	39842	2017.0	2017.0
32550	4	19669	2017.0	2017.0
30162	15	32267	2017.0	2017.0
33492	4	4675	2017.0	2017.0
40172	4	8831	2017.0	2017.0
10342	15	32298	2017.0	2017.0
4940	41	455	2017.0	2017.0
20918	15	7449	2017.0	2017.0
17538	4	21144	2017.0	2017.0
30031	4	20611	2017.0	2017.0
9552	4	40827	2017.0	2017.0
10870	20	3779	2017.0	2017.0
8888	4	2435	2017.0	2017.0
2235	4	39842	2017.0	2017.0
5815	15	524	2017.0	2017.0
3811	123	34405	2017.0	2017.0
41210	15	39721	2017.0	2017.0
23239	15	4570	2017.0	2017.0
24063	4	41321	2017.0	2017.0
9210	15	20253	2017.0	2017.0
41616	4	29016	2017.0	2017.0
5551	41	3698	2017.0	2017.0
41669	4	17486	2017.0	2017.0
26689	15	7449	2017.0	2017.0
31452	4	24064	2017.0	2017.0
41768	4	41813	2017.0	2017.0
4971	4	39842	2017.0	2017.0
24607	4	26456	2017.0	2017.0
10009	4	21303	2017.0	2017.0
24315	4	848	2017.0	2017.0
29048	4	10958	2017.0	2017.0
35796	15	7449	2017.0	2017.0
34335	4	32986	2017.0	2017.0
41160	14	168	2017.0	2017.0
6022	160	5951	2017.0	2017.0
11468	15	5174	2017.0	2017.0
17496	14	38885	2017.0	2017.0
41863	4	22937	2017.0	2017.0
34335	4	28942	2017.0	2017.0
790	4	36768	2017.0	2017.0
10006	4	5149	2017.0	2017.0
24026	21	641	2017.0	2017.0
32314	4	1044	2017.0	2017.0
24026	21	83	2017.0	2017.0
24743	17	6619	2017.0	2017.0
1746	30	24722	2017.0	2017.0
24835	4	830	2017.0	2017.0
1887	4	1044	2017.0	2017.0
16638	4	32221	2017.0	2017.0
37435	17	712	2017.0	2017.0
10426	41	1839	2017.0	2017.0
40782	4	36660	2017.0	2017.0
5706	123	17074	2017.0	2017.0
283	30	20300	2017.0	2017.0
8839	4	12221	2017.0	2017.0
283	30	24869	2017.0	2017.0
33697	17	14657	2017.0	2017.0
18970	15	2851	2017.0	2017.0
3872	60	2989	2017.0	2017.0
13596	4	6494	2017.0	2017.0
30969	4	18536	2017.0	2017.0
13195	17	5920	2017.0	2017.0
19501	4	20387	2017.0	2017.0
4405	70	21035	2017.0	2017.0
21100	4	28140	2017.0	2017.0
33313	25	142	2017.0	2017.0
5349	4	22114	2017.0	2017.0
24224	4	22156	2017.0	2017.0
40598	15	3257	2017.0	2017.0
19181	4	25320	2017.0	2017.0
36553	15	461	2017.0	2017.0
26772	4	13619	2017.0	2017.0
35071	4	12978	2017.0	2017.0
28281	30	2475	2017.0	2017.0
35603	15	21380	2017.0	2017.0
32451	4	4675	2017.0	2017.0
26772	4	3204	2017.0	2017.0
10870	4	71	2017.0	2017.0
7652	25	804	2017.0	2017.0
24722	15	1746	2017.0	2017.0
10275	15	8004	2017.0	2017.0
34170	4	36660	2017.0	2017.0
17866	4	23318	2017.0	2017.0
21714	17	6619	2017.0	2017.0
19221	15	8347	2017.0	2017.0
15466	17	14657	2017.0	2017.0
33426	4	2640	2017.0	2017.0
8030	17	11904	2017.0	2017.0
25394	4	11084	2017.0	2017.0
7409	15	8243	2017.0	2017.0
1899	4	5289	2017.0	2017.0
29771	17	14657	2017.0	2017.0
26389	15	3257	2017.0	2017.0
11584	15	36459	2017.0	2017.0
26571	4	30701	2017.0	2017.0
8030	17	6619	2017.0	2017.0
289	15	17226	2017.0	2017.0
1118	15	38579	2017.0	2017.0
34593	4	8577	2017.0	2017.0
19608	4	12618	2017.0	2017.0
16640	4	13699	2017.0	2017.0
21364	41	11812	2017.0	2017.0
31631	33	928	2017.0	2017.0
8981	15	18305	2017.0	2017.0
1084	4	16216	2017.0	2017.0
28899	15	5090	2017.0	2017.0
5960	60	5433	2017.0	2017.0
31538	4	2809	2017.0	2017.0
20300	15	33918	2017.0	2017.0
39573	4	6957	2017.0	2017.0
24869	15	283	2017.0	2017.0
20001	30	8629	2017.0	2017.0
13861	4	8313	2017.0	2017.0
40069	4	7344	2017.0	2017.0
37648	4	3237	2017.0	2017.0
28882	1	3	2017.0	2017.0
22409	4	848	2017.0	2017.0
948	211	33041	2017.0	2017.0
19175	123	3673	2017.0	2017.0
11531	4	17419	2017.0	2017.0
24869	15	14832	2017.0	2017.0
20300	15	26293	2017.0	2017.0
14089	4	2928	2017.0	2017.0
4326	70	14048	2017.0	2017.0
20300	4	27314	2017.0	2017.0
38012	15	38860	2017.0	2017.0
40915	4	816	2017.0	2017.0
26566	60	2988	2017.0	2017.0
3237	123	21396	2017.0	2017.0
21838	1	366	2017.0	2017.0
33585	4	40553	2017.0	2017.0
26566	4	8974	2017.0	2017.0
3237	130	3238	2017.0	2017.0
5487	4	35761	2017.0	2017.0
7419	16	503	2017.0	2017.0
24822	15	20253	2017.0	2017.0
35183	25	142	2017.0	2017.0
21735	15	3982	2017.0	2017.0
6486	9	4940	2017.0	2017.0
17390	15	4335	2017.0	2017.0
24217	15	15678	2017.0	2017.0
8785	1	862	2017.0	2017.0
38382	4	4675	2017.0	2017.0
23828	4	16407	2017.0	2017.0
18616	71	6274	2017.0	2017.0
7772	4	20657	2017.0	2017.0
18305	30	8981	2017.0	2017.0
28429	4	8613	2017.0	2017.0
22143	15	14466	2017.0	2017.0
6240	25	142	2017.0	2017.0
3967	4	2885	2017.0	2017.0
9552	4	32968	2017.0	2017.0
29070	4	4661	2017.0	2017.0
42601	4	6957	2017.0	2017.0
25652	4	28140	2017.0	2017.0
24777	15	4136	2017.0	2017.0
9176	25	142	2017.0	2017.0
3505	17	6619	2017.0	2017.0
17867	1	715	2017.0	2017.0
30503	15	3628	2017.0	2017.0
16108	15	14466	2017.0	2017.0
30743	4	17867	2017.0	2017.0
42634	4	20018	2017.0	2017.0
40680	4	3237	2017.0	2017.0
17867	197	41468	2017.0	2017.0
5212	17	6619	2017.0	2018.0
11497	4	22937	2017.0	2018.0
27184	4	19778	2017.0	2018.0
16234	4	27549	2017.0	2018.0
20517	4	31728	2017.0	2018.0
28219	4	4725	2017.0	2018.0
30534	17	6619	2017.0	2018.0
17057	4	3237	2017.0	2018.0
35634	4	8577	2017.0	2018.0
36625	4	36626	2017.0	2018.0
36160	4	36660	2017.0	2018.0
15264	4	8205	2017.0	2018.0
28271	4	496	2017.0	2018.0
35879	1	11372	2017.0	2018.0
34335	4	4206	2017.0	2018.0
11249	4	8869	2017.0	2018.0
24070	4	1312	2017.0	2018.0
34344	4	1197	2017.0	2018.0
12152	4	4206	2017.0	2018.0
27280	4	4441	2017.0	2018.0
22936	4	26372	2017.0	2018.0
16979	4	14356	2017.0	2018.0
6837	4	18919	2017.0	2018.0
8396	4	17867	2017.0	2018.0
40857	4	21838	2017.0	2018.0
42539	4	39720	2017.0	2018.0
11015	4	24108	2017.0	2018.0
39633	4	8205	2017.0	2018.0
34325	4	36660	2017.0	2018.0
1478	123	36814	2017.0	2018.06
3762	4	5307	2017.0	2018.06
24219	4	31534	2017.0	2018.08
21760	41	1339	2017.0	2018.0904
9915	4	434	2017.0	2018.11
28771	4	8475	2017.0	2018.12
4297	4	8252	2017.0	2018.12
9664	4	9276	2017.0	2019.0
29088	4	26697	2017.01	2017.01
31434	17	6619	2017.01	2017.01
34494	4	6436	2017.01	2017.01
35791	14	3079	2017.01	2017.01
23343	4	12182	2017.01	2017.01
14201	4	5809	2017.01	2017.06
20131	40	19088	2017.01	2017.06
11987	4	8721	2017.01	2017.06
26829	123	10505	2017.01	2017.09
4429	15	4430	2017.0101	2017.0101
5522	25	142	2017.0101	2017.0101
24571	25	142	2017.0101	2017.0101
26719	15	5058	2017.0101	2017.0101
31764	30	7116	2017.0101	2017.0101
33313	15	1650	2017.0101	2017.0101
33752	21	5915	2017.0101	2017.0101
17029	15	17450	2017.0101	2017.0101
33962	25	142	2017.0101	2017.0101
26183	9	39726	2017.0101	2017.0101
4135	15	11072	2017.0101	2017.0101
17327	15	38888	2017.0101	2017.0101
39265	15	25922	2017.0101	2017.0101
39726	41	3698	2017.0101	2017.0101
6001	15	5058	2017.0101	2017.0101
14370	15	1650	2017.0101	2017.0101
23703	15	1650	2017.0101	2017.0101
14987	15	26855	2017.0101	2017.0101
4149	15	18314	2017.0101	2017.0101
36431	15	6846	2017.0101	2017.0101
35900	15	22495	2017.0101	2017.0101
37645	25	142	2017.0101	2017.0101
31072	15	5058	2017.0101	2017.0101
5522	15	1650	2017.0101	2017.0101
20652	15	42011	2017.0101	2017.0101
33962	15	1650	2017.0101	2017.0101
14370	25	142	2017.0101	2017.0101
6134	15	5058	2017.0101	2017.0101
24571	15	1650	2017.0101	2017.0101
4449	15	6990	2017.0101	2017.0101
27730	14	3273	2017.0101	2017.0101
13318	15	18314	2017.0101	2017.0101
7116	15	31764	2017.0101	2017.0101
1411	15	6846	2017.0101	2017.0101
23703	25	142	2017.0101	2017.0101
19508	15	18314	2017.0101	2017.0101
23264	15	21856	2017.0101	2017.0101
29511	15	6846	2017.0101	2017.0101
146	15	22551	2017.0101	2017.0101
2580	15	39709	2017.0101	2017.0101
11046	15	17860	2017.0101	2017.0101
24063	21	2714	2017.0101	2017.0101
11529	15	15397	2017.0101	2017.0101
17599	15	5058	2017.0101	2017.0101
28026	123	25223	2017.0103	2017.1209
40385	40	5504	2017.0104	2017.0104
39073	4	4725	2017.0105	2017.0105
5088	41	296	2017.0106	2017.062
6433	16	229	2017.0108	2017.0108
6433	16	4131	2017.0108	2017.0108
13571	4	25125	2017.0112	2017.0705
28719	4	16267	2017.0114	2017.0114
28512	41	2521	2017.0115	2017.0115
32501	4	6021	2017.0117	2017.0117
37288	15	5585	2017.0117	2017.0117
7018	70	8711	2017.0117	2017.0117
25331	15	5585	2017.0117	2017.0117
12726	15	5585	2017.0117	2017.0117
6709	80	17287	2017.012	2017.012
13	70	17287	2017.012	2017.012
17287	41	6709	2017.012	2017.012
17287	33	7692	2017.012	2017.012
17287	38	7101	2017.012	2017.012
17287	37	264	2017.012	2017.012
27767	41	7045	2017.012	2017.012
10740	41	13121	2017.012	2017.0306
10740	41	7691	2017.012	2017.0721
19765	9	19766	2017.0121	2017.0121
1760	62	22963	2017.0122	2017.0122
5371	70	2836	2017.0123	2017.0123
2836	41	30960	2017.0123	2017.0123
13035	40	19088	2017.0123	2017.0714
16981	4	4568	2017.0124	2017.0124
24422	52	12871	2017.0125	2017.0125
16055	14	7281	2017.0125	2017.043
39146	33	18853	2017.0126	2017.0126
20657	7	23060	2017.0127	2017.0127
11782	154	6142	2017.0127	2018.0313
12718	4	29811	2017.0128	2017.0426
32304	25	10049	2017.0129	2017.0129
10062	32	12780	2017.0131	2017.0131
9552	33	3916	2017.02	2017.02
23509	15	7657	2017.02	2017.02
14161	4	10880	2017.02	2017.12
604	3	3751	2017.0201	2017.0201
19766	41	11316	2017.0201	2018.0331
16900	70	27603	2017.0206	2017.0206
9552	4	7698	2017.0206	2017.0627
24422	52	24423	2017.0207	2017.0207
24422	52	9321	2017.021	2017.021
29927	170	6257	2017.0215	2017.0215
1312	123	9989	2017.0215	2017.0917
7698	123	10825	2017.0217	2018.0
10825	170	7698	2017.0217	2018.0
16434	14	15818	2017.0217	2018.0227
12870	52	24423	2017.022	2017.022
28589	4	730	2017.022	2018.0706
1629	19	1628	2017.03	2017.03
17437	41	7393	2017.03	2017.03
33543	4	8926	2017.03	2017.06
21760	17	14657	2017.0301	2017.0301
10296	123	23439	2017.0301	2018.1001
34696	52	12871	2017.0307	2017.0307
12871	92	34696	2017.0307	2017.0307
1640	17	36323	2017.0308	2017.0308
13195	41	33036	2017.0312	2017.0312
1945	123	11962	2017.0313	2017.0528
26495	21	13	2017.0316	2017.0316
2595	123	15380	2017.0316	2017.0523
15380	14	2595	2017.0316	2017.0523
40902	17	36212	2017.0318	2017.0318
4984	80	27950	2017.0319	2017.0319
27950	41	4984	2017.0319	2017.0319
613	62	27950	2017.0319	2017.0319
4046	9	7203	2017.0319	2018.02
14127	52	9321	2017.032	2017.032
14127	52	23694	2017.032	2017.032
14127	52	12871	2017.032	2017.032
15754	123	23883	2017.032	2019.0127
28765	40	5504	2017.0322	2017.0322
19784	123	18197	2017.0322	2018.0305
1736	36	18246	2017.0325	2017.0325
10525	9	13154	2017.0325	2018.111
31463	17	17843	2017.0328	2017.0328
6529	4	6834	2017.0329	2017.0329
13868	145	34293	2017.033	2017.033
10062	32	22379	2017.0406	2017.0406
16723	4	39238	2017.0407	2017.0407
11664	70	35743	2017.041	2017.041
35209	4	38994	2017.041	2017.041
24890	41	37035	2017.0419	2017.0419
30264	15	31840	2017.042	2017.042
6020	9	6019	2017.0422	2017.0422
20761	52	12871	2017.0422	2017.0422
31569	131	14690	2017.05	2017.05
11457	4	13185	2017.05	2017.12
26412	4	7698	2017.05	2018.04
16490	9	35498	2017.0501	2017.0501
5791	17	4241	2017.0501	2017.0501
16491	15	18438	2017.0505	2017.0505
35122	40	5504	2017.051	2017.051
11545	40	11649	2017.0513	2017.0513
3499	41	21204	2017.0515	2017.0515
113	70	3499	2017.0515	2017.0515
21204	80	3499	2017.0515	2017.0515
9910	70	15766	2017.0515	2017.0515
42051	40	5504	2017.0515	2017.0515
6979	41	3443	2017.0515	2017.0619
28792	25	1970	2017.0517	2017.0517
7968	25	1970	2017.0517	2017.0517
24743	41	4254	2017.0517	2017.0621
22177	15	8317	2017.0518	2017.0518
24988	80	35498	2017.0524	2017.0524
35498	41	24988	2017.0524	2017.0524
13529	70	10857	2017.0524	2017.0524
10310	62	35498	2017.0524	2021.0524
10310	70	35498	2017.0524	2021.0524
6022	48	11050	2017.0525	2017.0525
63	123	4716	2017.0526	2017.1205
38169	60	1479	2017.06	2017.06
18616	64	21042	2017.06	2017.06
29321	4	2094	2017.0601	2017.0601
13310	32	1136	2017.0602	2017.0602
1136	32	13310	2017.0602	2017.0602
10740	41	13121	2017.0602	2017.0721
31413	38	207	2017.0604	2017.0604
10272	25	10039	2017.0605	2017.0605
12221	123	8839	2017.0605	2017.0605
35781	123	34994	2017.0605	2018.1116
2594	14	2595	2017.0606	2017.1017
2595	123	2594	2017.0606	2017.1017
3870	4	3871	2017.0607	2018.0526
20952	15	8535	2017.0612	2017.0612
2714	70	34796	2017.0614	2017.0614
20503	17	15329	2017.0615	2017.0615
1050	18	26094	2017.0615	2017.0615
12725	123	11292	2017.0615	2018.0519
17602	41	296	2017.0618	2017.062
6979	41	3443	2017.0619	2017.0619
25041	48	3912	2017.0619	2017.0619
1871	41	296	2017.0621	2017.0621
17796	41	296	2017.0621	2017.0621
27477	41	296	2017.0621	2017.0621
10037	41	296	2017.0621	2017.0621
2668	41	296	2017.0621	2017.0621
22833	41	296	2017.0621	2017.0621
3505	41	296	2017.0621	2017.0621
16010	41	296	2017.0621	2017.0621
18137	41	296	2017.0621	2017.0621
5212	41	296	2017.0621	2017.0621
23423	41	296	2017.0621	2017.0621
8353	41	296	2017.0621	2017.0621
66	41	296	2017.0621	2017.0621
23004	41	296	2017.0621	2017.0621
9699	41	296	2017.0621	2017.0621
23369	41	296	2017.0621	2017.0621
35201	41	296	2017.0621	2017.0621
1542	41	296	2017.0621	2017.0621
3394	41	296	2017.0621	2017.0621
36975	41	296	2017.0621	2017.0621
33185	41	296	2017.0621	2017.0621
26454	41	296	2017.0621	2017.0621
3943	41	296	2017.0621	2017.0621
34015	41	296	2017.0621	2017.0621
30534	41	296	2017.0621	2017.0621
37289	41	296	2017.0621	2017.0621
12305	41	296	2017.0621	2017.0621
1437	41	296	2017.0621	2017.0621
40695	41	296	2017.0621	2017.0621
36120	41	296	2017.0621	2017.0621
4189	41	296	2017.0621	2017.0721
31434	41	296	2017.0621	2017.0721
37162	41	296	2017.0621	2017.0821
11903	41	296	2017.0621	2018.0119
17602	41	296	2017.0621	2018.0711
5088	41	296	2017.0621	2018.1003
21714	41	296	2017.0621	2018.1005
5241	41	296	2017.0621	2018.1116
30458	4	23811	2017.0622	2017.0622
11428	9	25044	2017.0623	2017.0623
16432	123	16167	2017.0624	2017.0624
7277	70	13542	2017.0627	2017.0627
33185	41	5224	2017.0627	2017.0627
23595	80	13542	2017.0627	2017.0627
13542	41	23595	2017.0627	2017.0627
571	9	21714	2017.0627	2018.0904
29255	41	6751	2017.0628	2017.0628
962	70	33555	2017.0629	2017.0629
20503	17	251	2017.063	2017.063
16488	40	5504	2017.063	2017.063
14937	123	26232	2017.063	2017.0902
18333	41	1241	2017.07	2017.07
5166	4	9057	2017.07	2017.07
15547	4	948	2017.07	2017.07
12927	4	1374	2017.07	2017.07
33543	4	2275	2017.07	2017.07
34218	4	6216	2017.07	2017.07
8914	4	4030	2017.07	2017.07
10345	4	25707	2017.07	2017.07
39063	4	11084	2017.07	2017.07
38169	60	3274	2017.07	2017.07
28278	60	29453	2017.07	2017.07
16588	78	37622	2017.07	2017.09
9571	4	36929	2017.07	2017.11
9345	4	13597	2017.07	2017.12
41787	4	19906	2017.07	2017.12
22598	4	5307	2017.07	2018.01
25125	60	3274	2017.07	2018.02
1478	60	1479	2017.07	2018.06
18520	4	1128	2017.07	2018.06
41827	60	3274	2017.07	2018.06
18777	60	1479	2017.07	2018.06
10154	60	29453	2017.07	2018.06
3848	4	5706	2017.07	2018.08
3671	123	11366	2017.0701	2017.0701
809	70	12896	2017.0701	2017.0701
32037	4	18777	2017.0701	2018.0822
16690	4	3570	2017.0704	2017.0704
15019	70	18333	2017.0704	2017.0704
3203	4	3204	2017.0705	2018.0709
16491	33	1247	2017.071	2017.071
13763	15	5756	2017.0712	2017.0712
25836	40	5504	2017.072	2017.072
26495	4	24864	2017.0725	2017.0725
29366	41	25929	2017.0727	2017.0727
29073	17	95	2017.08	2017.08
11816	4	35761	2017.08	2017.08
5130	4	11653	2017.08	2017.08
28278	60	3274	2017.08	2017.08
21337	4	848	2017.08	2018.01
428	4	38130	2017.08	2018.04
19035	4	2239	2017.08	2018.06
30257	4	33488	2017.08	2018.06
18047	60	1479	2017.08	2018.07
7257	4	8577	2017.0801	2017.0801
41439	4	21838	2017.0801	2017.1231
38267	4	2239	2017.0803	2017.0803
24343	4	29560	2017.0807	2018.0105
28278	123	7551	2017.0808	2017.093
7360	41	7393	2017.0809	2017.0809
34995	4	1374	2017.0818	2017.0818
15754	60	1570	2017.0818	2017.0818
10154	123	22876	2017.082	2017.1215
29452	123	15418	2017.0822	2017.0822
22686	4	3671	2017.0825	2017.0825
11606	4	3373	2017.0831	2018.053
16588	78	22355	2017.09	2017.09
6619	78	203	2017.09	2017.09
8953	41	5484	2017.09	2017.09
26731	21	364	2017.09	2017.09
6493	4	8368	2017.09	2017.12
12600	52	9321	2017.0905	2017.0905
12600	52	16807	2017.0905	2017.0905
14937	123	20164	2017.0906	2017.0921
8787	21	962	2017.0907	2017.0907
22120	15	24655	2017.0909	2017.0909
91	123	9989	2017.0917	2017.0917
1312	123	15577	2017.0919	2017.0919
22576	15	14385	2017.0919	2017.0919
27263	48	378	2017.0922	2017.0922
18777	123	20164	2017.0922	2018.1019
11489	70	38528	2017.0926	2017.0926
34016	25	1680	2017.0927	2017.0927
22072	41	3698	2017.0929	2017.0929
12283	48	3912	2017.093	2017.093
8204	4	8205	2017.1	2018.03
14201	4	566	2017.1	2018.06
15962	4	4298	2017.1	2018.06
28265	15	26834	2017.1004	2017.1004
22072	41	718	2017.1004	2017.1004
42587	41	455	2017.1004	2017.1004
10079	4	6220	2017.1004	2018.01
25658	70	28037	2017.1004	2018.0926
10543	41	1339	2017.1013	2017.1013
18872	19	20060	2017.1014	2017.1014
20060	19	18872	2017.1014	2017.1014
5126	33	8640	2017.1014	2017.1014
2595	123	16055	2017.1018	2017.1018
16055	14	2595	2017.1018	2017.1018
34647	41	3698	2017.102	2017.102
32228	123	27181	2017.1023	2018.06
794	41	302	2017.1024	2017.1024
7203	41	302	2017.1024	2017.1024
10441	41	302	2017.1024	2017.1024
6748	41	302	2017.1024	2017.1024
12890	41	302	2017.1024	2017.1024
15195	41	302	2017.1024	2017.1024
8949	41	302	2017.1024	2017.1024
19440	41	302	2017.1024	2017.1024
20302	41	302	2017.1024	2017.1024
22674	41	302	2017.1024	2017.1024
25184	41	302	2017.1024	2017.1024
10269	41	302	2017.1024	2017.1024
2828	41	302	2017.1024	2017.1024
12696	41	302	2017.1024	2017.1024
9642	41	302	2017.1024	2017.1024
28160	41	302	2017.1024	2017.1024
28405	41	302	2017.1024	2017.1024
22685	41	302	2017.1024	2017.1024
9890	41	302	2017.1024	2017.1024
25044	41	302	2017.1024	2017.1024
29749	41	302	2017.1024	2017.1024
8443	41	302	2017.1024	2017.1024
30610	41	302	2017.1024	2017.1024
4045	41	302	2017.1024	2017.1024
7355	41	302	2017.1024	2017.1024
23706	41	302	2017.1024	2017.1024
8953	41	302	2017.1024	2017.1024
32185	41	302	2017.1024	2017.1024
16630	41	302	2017.1024	2017.1024
27506	41	302	2017.1024	2017.1024
21220	41	302	2017.1024	2017.1024
31977	41	302	2017.1024	2017.1024
28718	41	302	2017.1024	2017.1024
19243	41	302	2017.1024	2017.1024
23018	41	302	2017.1024	2017.1024
17161	41	302	2017.1024	2017.1024
7164	41	302	2017.1024	2017.1024
19073	41	302	2017.1024	2017.1024
29885	41	302	2017.1024	2017.1024
5180	41	302	2017.1024	2017.1024
25264	41	302	2017.1024	2017.1024
26641	41	302	2017.1024	2017.1024
13104	41	302	2017.1024	2017.1024
9265	41	302	2017.1024	2017.1024
31156	41	302	2017.1024	2017.1024
6019	41	302	2017.1024	2017.1024
32136	41	302	2017.1024	2017.1024
27698	41	302	2017.1024	2017.1024
31839	41	302	2017.1024	2017.1024
11874	41	302	2017.1024	2017.1024
11495	41	302	2017.1024	2017.1024
15711	41	302	2017.1024	2017.1024
7078	41	302	2017.1024	2017.1024
9247	41	302	2017.1024	2017.1024
25342	41	302	2017.1024	2017.1024
13191	41	302	2017.1024	2017.1024
39080	41	302	2017.1024	2017.1024
36015	41	302	2017.1024	2017.1024
17590	41	302	2017.1024	2017.1024
36888	41	302	2017.1024	2017.1024
3009	41	302	2017.1024	2017.1024
18587	41	302	2017.1024	2017.1024
40277	41	302	2017.1024	2017.1024
39773	41	302	2017.1024	2017.1024
31425	41	302	2017.1024	2017.1024
3406	41	302	2017.1024	2017.1024
10496	41	302	2017.1024	2017.1024
34044	41	302	2017.1024	2017.1024
9605	41	302	2017.1024	2017.1024
9531	41	302	2017.1024	2017.1024
29485	41	302	2017.1024	2017.1024
6565	41	302	2017.1024	2017.1024
29683	41	302	2017.1024	2017.1024
41985	41	302	2017.1024	2017.1024
25465	41	302	2017.1024	2017.1024
27594	41	302	2017.1024	2017.1024
25956	41	302	2017.1024	2017.1024
33105	41	302	2017.1024	2017.1024
14426	41	302	2017.1024	2017.1024
41073	41	302	2017.1024	2017.1024
42090	41	302	2017.1024	2017.1024
38610	41	302	2017.1024	2017.1024
12205	41	302	2017.1024	2017.1024
42095	41	302	2017.1024	2017.1024
22436	41	302	2017.1024	2017.1024
13914	41	302	2017.1024	2017.1024
38371	41	302	2017.1024	2017.1024
12514	41	302	2017.1024	2017.1024
21824	41	302	2017.1024	2017.1024
17424	41	302	2017.1024	2017.1024
8620	41	302	2017.1024	2017.1024
42191	41	302	2017.1024	2017.1024
42199	41	302	2017.1024	2017.1024
33457	41	302	2017.1024	2017.1024
19018	41	302	2017.1024	2017.1024
38038	41	302	2017.1024	2017.1024
20795	41	302	2017.1024	2017.1024
14753	41	302	2017.1024	2017.1024
9903	41	302	2017.1024	2017.1024
4618	41	302	2017.1024	2017.1024
21801	41	302	2017.1024	2017.1024
14168	41	302	2017.1024	2017.1024
19694	41	302	2017.1024	2017.1024
30826	41	302	2017.1024	2017.1024
12342	41	302	2017.1024	2017.1024
6132	41	302	2017.1024	2017.1024
22613	41	302	2017.1024	2017.1024
19311	41	302	2017.1024	2017.1024
32353	41	302	2017.1024	2017.1024
20987	41	302	2017.1024	2017.1024
13445	41	302	2017.1024	2017.1024
3178	41	302	2017.1024	2017.1024
36273	41	302	2017.1024	2017.1024
36369	41	302	2017.1024	2017.1024
35346	41	302	2017.1024	2017.1024
3047	41	302	2017.1024	2017.1024
6142	41	302	2017.1024	2017.1024
26888	41	302	2017.1024	2017.1024
36379	41	302	2017.1024	2017.1024
18616	41	302	2017.1024	2017.1024
38911	41	302	2017.1024	2017.1024
38650	41	302	2017.1024	2017.1024
37237	41	302	2017.1024	2017.1024
17569	41	302	2017.1024	2017.1024
17900	41	302	2017.1024	2017.1024
42508	41	302	2017.1024	2017.1024
34878	41	302	2017.1024	2017.1024
40215	41	302	2017.1024	2017.1024
37250	41	302	2017.1024	2017.1024
4092	41	302	2017.1024	2017.1024
78	41	302	2017.1024	2017.1024
27393	41	302	2017.1024	2017.1024
36683	41	302	2017.1024	2017.1024
39434	41	302	2017.1024	2017.1024
28180	41	302	2017.1024	2017.1024
30412	41	302	2017.1024	2017.1024
29698	41	302	2017.1024	2017.1024
40567	41	302	2017.1024	2017.1024
10816	41	302	2017.1024	2017.1024
4842	41	302	2017.1024	2017.1024
28619	41	302	2017.1024	2017.1024
24015	197	25932	2017.1025	2017.1025
32091	15	17277	2017.1028	2017.1028
3327	15	3186	2017.1028	2017.1028
11335	15	17277	2017.1028	2017.1028
14549	33	1247	2017.103	2017.103
4819	25	1577	2017.103	2017.103
9935	33	1247	2017.103	2017.103
13856	123	35947	2017.1031	2017.1031
30715	123	12319	2017.11	2017.11
5987	17	5883	2017.11	2017.11
30599	17	34947	2017.11	2017.11
3096	21	613	2017.11	2017.11
26640	41	26639	2017.1101	2017.1101
84	36	1012	2017.1101	2017.1101
84	36	619	2017.1101	2017.1101
6239	36	619	2017.1101	2017.1101
6239	36	1012	2017.1101	2017.1101
26144	41	17071	2017.1101	2017.1101
17869	123	9050	2017.1101	2017.1101
24028	123	16201	2017.1101	2018.07
4537	17	2250	2017.1102	2017.1102
2859	17	2250	2017.1103	2017.1103
42330	19	36718	2017.1104	2017.1104
36718	19	42330	2017.1104	2017.1104
6126	41	718	2017.1106	2017.1106
1891	32	12452	2017.111	2017.111
12452	32	1891	2017.111	2017.111
26727	41	7796	2017.111	2018.0827
262	70	3431	2017.1113	2017.1113
22011	40	34652	2017.1115	2017.1115
21539	41	1339	2017.1115	2017.1115
1577	9	8972	2017.1115	2017.1115
27047	112	8810	2017.1123	2017.1123
24136	123	41358	2017.1128	2017.1128
38964	17	2412	2017.1129	2017.1129
38964	17	2250	2017.1129	2017.1129
326	70	29937	2017.113	2017.113
10133	21	113	2017.12	2017.12
21761	14	38169	2017.12	2018.0
27603	17	1450	2017.1201	2017.1201
7008	123	11962	2017.1201	2017.1201
30414	19	23378	2017.1202	2017.1202
10422	18	38751	2017.1202	2017.1202
23378	19	30414	2017.1202	2017.1202
7697	4	31679	2017.1205	2017.1205
314	70	28129	2017.1206	2017.1206
18517	80	28129	2017.1206	2017.1206
28129	41	18517	2017.1206	2017.1206
681	40	5504	2017.1209	2017.1209
25677	9	9379	2017.121	2017.121
4160	123	16528	2017.121	2017.121
18199	80	29503	2017.1211	2017.1211
47	70	29503	2017.1211	2017.1211
29503	41	18199	2017.1211	2017.1211
5960	123	7243	2017.1212	2017.1212
28026	123	10285	2017.1212	2017.1212
6817	52	9321	2017.1215	2017.1215
6817	52	12871	2017.1215	2017.1215
590	70	27176	2017.1218	2017.1218
33735	41	7796	2017.1222	2017.1222
10154	123	24842	2017.1222	2017.1222
12718	4	28666	2017.1226	2017.1226
14454	15	380	2017.1229	2017.1229
41063	15	5058	2017.123	2017.123
18764	12	1105	2017.1231	2017.1231
26236	52	12871	2017.1231	2017.1231
2695	12	1105	2017.1231	2017.1231
5192	123	5193	2018.0	2018.0
6678	15	2752	2018.0	2018.0
7938	15	7939	2018.0	2018.0
10009	4	10010	2018.0	2018.0
10034	4	8831	2018.0	2018.0
10832	30	10833	2018.0	2018.0
80	15	696	2018.0	2018.0
12920	15	1650	2018.0	2018.0
13698	4	13699	2018.0	2018.0
14686	15	3159	2018.0	2018.0
790	4	6477	2018.0	2018.0
19502	15	19503	2018.0	2018.0
20693	4	7698	2018.0	2018.0
12121	15	21856	2018.0	2018.0
22290	15	8535	2018.0	2018.0
9210	15	1650	2018.0	2018.0
12156	15	4570	2018.0	2018.0
8204	4	4974	2018.0	2018.0
24070	4	14025	2018.0	2018.0
5338	4	25090	2018.0	2018.0
503	30	24778	2018.0	2018.0
21789	41	7393	2018.0	2018.0
27822	17	59	2018.0	2018.0
28316	15	2228	2018.0	2018.0
28644	15	3257	2018.0	2018.0
29128	4	11239	2018.0	2018.0
3158	14	427	2018.0	2018.0
28771	15	2752	2018.0	2018.0
29963	4	15382	2018.0	2018.0
30137	15	6125	2018.0	2018.0
12589	14	8591	2018.0	2018.0
21478	4	30701	2018.0	2018.0
17181	15	3257	2018.0	2018.0
5575	123	24008	2018.0	2018.0
5040	99	975	2018.0	2018.0
32911	37	332	2018.0	2018.0
33363	5	83	2018.0	2018.0
5110	15	1650	2018.0	2018.0
16640	4	10437	2018.0	2018.0
34335	4	18776	2018.0	2018.0
34553	15	21771	2018.0	2018.0
19181	4	7698	2018.0	2018.0
11531	4	7227	2018.0	2018.0
35203	4	35505	2018.0	2018.0
16980	1	796	2018.0	2018.0
6515	4	889	2018.0	2018.0
29094	16	24655	2018.0	2018.0
34593	4	35996	2018.0	2018.0
24448	15	22110	2018.0	2018.0
28307	25	652	2018.0	2018.0
7950	15	1650	2018.0	2018.0
8591	154	12589	2018.0	2018.0
24005	15	3998	2018.0	2018.0
3159	30	5530	2018.0	2018.0
16364	15	3257	2018.0	2018.0
30942	15	30589	2018.0	2018.0
948	123	7096	2018.0	2018.0
10833	15	10832	2018.0	2018.0
8581	123	29924	2018.0	2018.0
23842	15	19207	2018.0	2018.0
33992	4	20611	2018.0	2018.0
34309	4	5706	2018.0	2018.0
14608	15	29825	2018.0	2018.0
32671	15	36423	2018.0	2018.0
30276	4	730	2018.0	2018.0
16813	15	2045	2018.0	2018.0
7406	4	14356	2018.0	2018.0
18203	4	26054	2018.0	2018.0
28982	15	39396	2018.0	2018.0
17485	4	496	2018.0	2018.0
25	123	16663	2018.0	2018.0
2005	17	25663	2018.0	2018.0
6155	4	15190	2018.0	2018.0
22232	4	12618	2018.0	2018.0
40222	4	14356	2018.0	2018.0
32905	4	38036	2018.0	2018.0
4139	4	1620	2018.0	2018.0
39069	4	39842	2018.0	2018.0
29070	15	4335	2018.0	2018.0
12792	60	3475	2018.0	2018.0
20003	4	21145	2018.0	2018.0
36207	110	15090	2018.0	2018.0
23611	15	2752	2018.0	2018.0
30931	41	455	2018.0	2018.0
38237	4	16216	2018.0	2018.0
9210	15	24526	2018.0	2018.0
39293	16	3628	2018.0	2018.0
33443	17	2321	2018.0	2018.0
8665	15	11254	2018.0	2018.0
6921	4	28207	2018.0	2018.0
38382	4	40584	2018.0	2018.0
37099	20	1877	2018.0	2018.0
21967	123	32379	2018.0	2018.0
31592	4	2809	2018.0	2018.0
26371	4	39842	2018.0	2018.0
7041	15	41299	2018.0	2018.0
30490	4	8831	2018.0	2018.0
5040	99	29773	2018.0	2018.0
35796	15	846	2018.0	2018.0
9721	14	26009	2018.0	2018.0
7950	25	142	2018.0	2018.0
9515	4	9258	2018.0	2018.0
22232	4	5946	2018.0	2018.0
34144	4	5960	2018.0	2018.0
38805	4	26299	2018.0	2018.0
34144	4	1918	2018.0	2018.0
10535	15	10103	2018.0	2018.0
33175	4	5149	2018.0	2018.0
12152	4	30514	2018.0	2018.0
14238	4	11250	2018.0	2018.0
25158	4	35761	2018.0	2018.0
4674	4	35044	2018.0	2018.0
37636	4	6957	2018.0	2018.0
2639	4	31039	2018.0	2018.0
524	30	711	2018.0	2018.0
29768	4	37326	2018.0	2018.0
28125	4	429	2018.0	2018.0
37456	4	25273	2018.0	2018.0
27280	4	7783	2018.0	2018.0
21103	9	6132	2018.0	2018.0
4255	21	3326	2018.0	2018.0
34575	15	3257	2018.0	2018.0
28219	4	1877	2018.0	2018.0
11786	4	5960	2018.0	2018.0
10006	4	40952	2018.0	2018.0
28219	4	2606	2018.0	2018.0
36165	19	38148	2018.0	2018.0
7638	30	30942	2018.0	2018.0
5530	15	3159	2018.0	2018.0
28690	4	1660	2018.0	2018.0
16599	15	32298	2018.0	2018.0
7620	4	25090	2018.0	2018.0
29560	123	25282	2018.0	2018.0
8888	4	38939	2018.0	2018.0
5702	4	31377	2018.0	2018.0
30952	16	503	2018.0	2018.0
26640	15	31840	2018.0	2018.0
38939	123	8888	2018.0	2018.0
1207	15	16289	2018.0	2018.0
15264	4	16474	2018.0	2018.0
13857	30	19069	2018.0	2018.0
35236	17	35191	2018.0	2018.0
20517	4	8205	2018.0	2018.0
12844	15	29825	2018.0	2018.0
15644	4	15873	2018.0	2018.0
6636	123	40049	2018.0	2018.0
5575	123	7831	2018.0	2018.0
28997	4	42106	2018.0	2018.0
17538	4	7698	2018.0	2018.0
24778	15	503	2018.0	2018.0
4556	4	15129	2018.0	2018.0
5645	41	455	2018.0	2018.0
16456	4	33033	2018.0	2018.0
9648	70	2227	2018.0	2018.0
40461	4	28042	2018.0	2018.0
29873	15	2851	2018.0	2018.0
5349	4	37326	2018.0	2018.0
35603	15	26293	2018.0	2018.0
13841	60	3475	2018.0	2018.0
13841	4	7783	2018.0	2018.0
2929	4	22599	2018.0	2018.0
32451	4	36660	2018.0	2018.0
19181	4	40489	2018.0	2018.0
3159	30	14686	2018.0	2018.0
10817	15	2752	2018.0	2018.0
5067	15	8317	2018.0	2018.0
34872	4	4901	2018.0	2018.0
11647	15	10103	2018.0	2018.0
18867	4	25090	2018.0	2018.0
23995	15	33969	2018.0	2018.0
17853	15	8535	2018.0	2018.0
16164	4	14356	2018.0	2018.0
14544	4	11157	2018.0	2018.0
13202	15	8535	2018.0	2018.0
19311	41	9821	2018.0	2018.0
6382	15	11678	2018.0	2018.0
29094	15	25594	2018.0	2018.0
20177	123	25027	2018.0	2018.0
9926	123	23866	2018.0	2018.0
33492	4	25273	2018.0	2018.0
31794	25	13620	2018.0	2018.0
19995	15	5583	2018.0	2018.0
16098	15	7449	2018.0	2018.0
6678	4	25647	2018.0	2018.0
23741	15	337	2018.0	2018.0
2239	123	28136	2018.0	2018.0
31538	15	26834	2018.0	2018.0
19801	4	2239	2018.0	2018.0
6837	4	2251	2018.0	2018.0
19069	226	13857	2018.0	2018.0
25670	4	11239	2018.0	2018.0
8231	15	24763	2018.0	2018.0
37384	15	2228	2018.0	2018.0
38976	16	3628	2018.0	2018.0
23252	4	11250	2018.0	2018.0
1087	22	20011	2018.0	2018.0
21825	15	8535	2018.0	2018.0
41272	15	696	2018.0	2018.0
18548	4	12607	2018.0	2018.0
27064	4	2809	2018.0	2018.0
18305	30	18903	2018.0	2018.0
37125	4	63	2018.0	2018.0
9609	15	696	2018.0	2018.0
20206	123	6361	2018.0	2018.0
28663	4	2809	2018.0	2018.0
36207	4	15090	2018.0	2018.0
41361	15	16335	2018.0	2018.0
31253	4	25090	2018.0	2018.0
20657	197	5272	2018.0	2018.0
42539	4	29547	2018.0	2018.0
6208	4	5706	2018.0	2018.0
974	15	526	2018.0	2018.0
24008	4	5575	2018.0	2018.0
20657	143	20009	2018.0	2018.0
9210	25	142	2018.0	2018.0
711	16	524	2018.0	2018.0
30276	4	221	2018.0	2018.0
711	15	524	2018.0	2018.0
9552	4	4213	2018.0	2018.0
35428	15	1650	2018.0	2018.0
38148	19	36165	2018.0	2018.0
10682	15	20253	2018.0	2018.0
22296	4	25090	2018.0	2018.0
42634	4	10161	2018.0	2018.0
33353	21	475	2018.0	2018.0
1162	21	113	2018.0	2018.0
19365	15	8317	2018.0	2018.0
33353	21	641	2018.0	2018.0
25033	15	2752	2018.0	2018.0
39633	4	6275	2018.0	2018.0
16859	4	8869	2018.0	2018.0
28429	4	10237	2018.0	2018.06
27511	3	939	2018.0	2022.0
34185	4	7765	2018.0	2022.0
22598	4	22599	2018.01	2018.01
11987	4	7207	2018.01	2018.01
26668	4	17133	2018.01	2018.08
27047	4	27158	2018.01	2018.12
5050	15	1922	2018.0101	2018.0101
13468	15	7503	2018.0101	2018.0101
26236	52	12871	2018.0101	2018.0101
31241	15	20492	2018.0101	2018.0101
7222	15	7503	2018.0101	2018.0101
17327	15	21120	2018.0101	2018.0101
21120	30	17327	2018.0101	2018.0101
9779	70	13881	2018.0101	2018.0101
17599	15	6846	2018.0101	2018.0101
23565	15	225	2018.0101	2018.0101
24343	4	18814	2018.0105	2018.0105
14814	48	513	2018.0112	2018.0112
17727	123	24972	2018.0112	2018.0112
3103	70	6777	2018.0116	2018.0116
15708	4	5044	2018.0118	2018.0118
28719	4	6257	2018.0118	2018.0118
21760	41	5484	2018.0118	2018.0912
29771	41	5224	2018.0118	2018.103
6486	78	15439	2018.0127	2018.0127
29298	41	5224	2018.0129	2018.053
4077	123	23650	2018.0129	2018.1007
9301	4	5575	2018.0131	2018.0131
29484	12	11193	2018.0131	2018.0131
29484	44	20049	2018.0131	2018.0131
8056	123	13898	2018.0131	2018.0131
16981	4	17523	2018.0131	2018.0701
30348	33	7112	2018.02	2018.02
30348	33	7112	2018.02	2018.02
33131	50	31569	2018.02	2018.02
27714	4	13597	2018.02	2018.02
25399	112	41350	2018.0201	2018.0201
23289	4	22215	2018.0205	2018.0205
17039	123	15557	2018.0206	2018.0416
862	70	31588	2018.0215	2018.0215
14253	4	41827	2018.0215	2018.0215
862	62	31588	2018.0215	2018.0215
19496	40	5504	2018.0223	2018.0223
1312	123	3315	2018.0226	2018.0922
1037	93	7928	2018.0226	2018.1207
15039	123	5856	2018.0228	2018.0228
24167	17	3522	2018.03	2018.03
42619	4	19906	2018.03	2018.08
9571	4	12936	2018.0301	2018.04
23701	4	8205	2018.0301	2018.07
29671	18	16883	2018.0302	2018.0302
442	15	443	2018.0304	2018.0304
39820	123	18491	2018.0305	2018.0305
19784	123	24516	2018.0305	2018.0305
2006	80	27075	2018.0311	2018.0311
27075	41	2006	2018.0311	2018.0311
1736	62	27075	2018.0311	2022.0311
1736	70	27075	2018.0311	2022.0311
13196	21	83	2018.0316	2018.0316
13196	21	814	2018.0316	2018.0316
1290	70	22890	2018.0319	2018.0319
25061	70	22890	2018.0319	2018.0319
17653	15	14446	2018.032	2018.032
22475	37	1300	2018.032	2018.032
37441	15	14446	2018.032	2018.032
13981	123	18197	2018.0322	2018.0322
11541	123	34337	2018.0322	2018.0322
15727	4	15873	2018.0323	2018.0323
11903	41	296	2018.0326	2018.0326
3158	40	5504	2018.0331	2018.0331
24329	123	41293	2018.04	2018.04
38169	123	21761	2018.04	2018.04
917	113	33590	2018.0401	2018.0401
917	52	33590	2018.0401	2018.0401
12443	123	33010	2018.0407	2018.0902
17843	9	17842	2018.0409	2018.0409
31304	40	5504	2018.0412	2018.0412
406	48	38153	2018.0412	2018.0412
31304	48	378	2018.0412	2018.0412
17039	123	21560	2018.0416	2018.0611
5915	70	7581	2018.0421	2018.0421
4046	9	8953	2018.0422	2018.0422
563	17	564	2018.0501	2018.0501
38926	17	12613	2018.0503	2018.0503
42268	17	564	2018.0505	2018.0505
2386	36	12384	2018.0505	2018.0505
1776	70	18948	2018.051	2018.051
25790	15	34363	2018.0513	2018.0513
28136	170	2239	2018.0514	2018.0514
988	32	5685	2018.0515	2018.0515
34006	9	10843	2018.0517	2018.0517
26882	123	4693	2018.0518	2018.0518
16096	123	32601	2018.0518	2018.0901
19010	50	1723	2018.0519	2018.0519
18292	206	42397	2018.052	2018.052
24087	123	11289	2018.0522	2018.0522
25004	170	390	2018.0522	2018.0522
390	123	25004	2018.0522	2018.0522
19069	123	31287	2018.0523	2018.0523
9555	123	19993	2018.0523	2018.0523
22424	4	10450	2018.0523	2018.0523
19993	14	9555	2018.0523	2018.0523
18548	4	15754	2018.0523	2019.053
10575	123	29707	2018.0525	2018.0525
7028	18	61	2018.0529	2018.0529
34647	41	3698	2018.053	2018.053
30955	40	5504	2018.0531	2018.0531
14668	123	26918	2018.0531	2018.0531
5212	21	3051	2018.06	2018.06
30740	4	889	2018.06	2018.06
32911	37	624	2018.06	2018.06
19035	4	2239	2018.06	2018.06
1478	60	3274	2018.06	2018.06
3314	60	1479	2018.06	2018.06
1478	123	25361	2018.06	2018.09
5140	123	11173	2018.0601	2018.0601
359	123	16280	2018.0601	2018.0601
21218	123	25654	2018.0601	2018.0601
18026	40	5504	2018.0602	2018.0602
83	70	36376	2018.0602	2018.0602
3109	4	23287	2018.0607	2018.0607
30559	15	3301	2018.0607	2018.0607
35769	4	28666	2018.0608	2018.0608
12846	123	3728	2018.061	2018.061
15224	21	235	2018.061	2018.061
18047	123	15557	2018.0611	2018.1019
23745	41	1339	2018.0613	2018.0613
6267	70	17602	2018.0614	2018.0614
1170	29	30175	2018.0618	2018.0618
20383	123	7930	2018.0618	2018.0618
26690	4	18047	2018.062	2018.062
30175	44	1170	2018.062	2018.062
27552	20	3157	2018.0621	2018.0621
1660	123	493	2018.0622	2018.0622
18783	19	30988	2018.0623	2018.0623
30988	19	18783	2018.0623	2018.0623
5040	70	974	2018.0624	2018.0624
28074	60	12738	2018.0624	2018.0624
17039	123	1021	2018.0625	2018.08
20131	15	6841	2018.0627	2018.0627
39002	21	8863	2018.0628	2099.0518
3762	60	584	2018.063	2018.063
10378	123	14481	2018.07	2018.07
29452	60	29453	2018.07	2018.07
32228	60	3274	2018.07	2018.07
22673	4	16588	2018.07	2018.07
10378	60	1479	2018.07	2018.07
8198	5	137	2018.07	2018.07
26772	19	12116	2018.07	2018.07
1197	60	8235	2018.07	2018.07
34367	60	1479	2018.07	2018.07
23655	4	33315	2018.07	2018.07
16588	60	3274	2018.07	2018.07
41827	60	29453	2018.07	2018.07
12116	19	26772	2018.07	2018.07
8198	21	137	2018.07	2018.07
18520	4	9178	2018.07	2018.07
32038	60	1479	2018.07	2018.07
18777	60	3274	2018.07	2018.07
28429	4	40410	2018.07	2018.07
3314	60	3274	2018.07	2018.07
10154	60	3274	2018.07	2018.07
10378	123	10379	2018.07	2018.09
24028	123	13398	2018.07	2018.09
4636	4	22599	2018.0701	2018.0701
13627	123	23329	2018.0701	2018.1116
2560	123	23302	2018.0703	2018.0703
31377	123	5702	2018.0704	2018.0704
1416	25	7864	2018.0705	2018.0705
28589	4	11043	2018.0706	2018.0706
21420	123	21421	2018.0709	2018.0709
3899	4	5660	2018.0709	2018.0709
3203	4	37688	2018.0709	2018.0709
7694	4	1877	2018.0709	2018.0709
3109	4	1374	2018.071	2018.071
13347	112	15994	2018.0711	2018.0711
32579	123	32580	2018.0714	2018.1007
12314	123	12315	2018.0716	2018.0716
2480	123	8324	2018.0719	2018.0719
12315	170	12314	2018.072	2018.072
15983	19	8504	2018.0721	2018.0721
8504	19	15983	2018.0721	2018.0721
30785	41	4626	2018.0722	2018.0722
23701	4	23702	2018.08	2018.08
24219	4	8581	2018.08	2018.08
18047	60	3274	2018.08	2018.08
8198	21	7561	2018.08	2018.08
32228	60	1479	2018.08	2018.08
30257	4	12251	2018.08	2018.08
17198	4	1676	2018.08	2018.08
8198	5	7561	2018.08	2018.08
26668	4	38885	2018.08	2018.08
17039	60	3274	2018.08	2018.08
11238	4	2443	2018.08	2018.08
3848	4	1374	2018.08	2018.08
23611	4	9258	2018.08	2018.08
9571	4	8205	2018.08	2018.0928
41439	4	38318	2018.0801	2018.1231
2930	123	16533	2018.0802	2018.0802
11606	4	5660	2018.0809	2018.0809
2225	41	1339	2018.081	2018.081
7630	25	2636	2018.081	2018.081
38914	25	2636	2018.081	2018.081
5701	123	12253	2018.0813	2018.0813
32228	123	13517	2018.0815	2018.0815
2901	70	15342	2018.0818	2018.0818
16981	4	30135	2018.0821	2018.0821
32037	4	32038	2018.0822	2018.0822
19280	15	2140	2018.0823	2018.0823
42028	123	27181	2018.0827	2018.0827
17039	123	29779	2018.0827	2018.1213
10062	32	23550	2018.0829	2018.0829
1478	123	36814	2018.09	2018.09
16096	123	7280	2018.0901	2018.0901
12414	123	26831	2018.0905	2018.0905
12443	123	16412	2018.0905	2018.0905
30898	41	9884	2018.0905	2018.0905
10697	123	30622	2018.0907	2018.0907
16588	123	17038	2018.0909	2018.0909
571	9	2668	2018.0912	2018.0912
18806	182	18807	2018.0913	2018.0913
18807	182	18806	2018.0913	2018.0913
35699	123	41556	2018.0925	2018.0925
25658	70	26633	2018.0926	2018.0926
38166	19	38167	2018.0929	2018.0929
38167	19	38166	2018.0929	2018.0929
20437	123	20438	2018.1	2018.1
10378	123	14481	2018.1	2018.1
41382	4	41660	2018.1	2019.0228
20932	15	1094	2018.1001	2018.1001
15440	15	10359	2018.1001	2018.1001
12725	123	12724	2018.1001	2018.1001
12495	70	30824	2018.1004	2018.1004
31331	25	13738	2018.1004	2018.1004
28074	123	25646	2018.1007	2018.1007
16588	123	7130	2018.1008	2018.1008
38050	4	8869	2018.1008	2018.1008
41827	123	15577	2018.1009	2018.1009
4441	123	39419	2018.101	2018.101
4475	123	13047	2018.1013	2019.01
19176	116	16282	2018.1014	2018.1014
26004	70	21025	2018.1018	2018.1018
3314	123	3315	2018.1019	2018.1019
12792	123	25065	2018.1023	2018.1023
15468	41	1339	2018.1024	2018.1024
18777	123	19294	2018.1027	2018.1027
2148	36	1012	2018.1028	2018.1028
537	36	17908	2018.1028	2018.1028
537	36	1012	2018.1028	2018.1028
2148	36	17908	2018.1028	2018.1028
33001	36	17908	2018.1028	2018.1028
33001	36	1012	2018.1028	2018.1028
33056	36	17908	2018.1028	2018.1028
33056	36	1012	2018.1028	2018.1028
10547	123	23439	2018.1029	2018.1029
15960	41	1339	2018.11	2018.11
5109	9	5110	2018.11	2018.11
5109	9	15960	2018.11	2018.11
33656	123	29684	2018.1102	2018.1102
18948	15	19767	2018.1103	2018.1103
828	70	3962	2018.1105	2018.1105
12866	41	718	2018.1106	2018.1106
27672	123	13426	2018.1108	2018.1108
2792	123	11292	2018.1114	2018.1114
35781	123	10754	2018.1117	2018.1117
14361	40	36795	2018.1119	2018.1119
18033	41	1453	2018.1122	2018.1122
1453	80	18033	2018.1122	2018.1122
821	70	18033	2018.1122	2018.1122
13612	123	17223	2018.1125	2018.1125
30871	32	9796	2018.113	2018.113
9796	32	30871	2018.113	2018.113
41351	18	3698	2018.1201	2018.1201
41351	41	16655	2018.1201	2018.1201
16655	80	41351	2018.1201	2018.1201
30942	15	7638	2018.1203	2018.1203
4901	123	34872	2018.1205	2018.1205
1037	9	7928	2018.1207	2018.1207
1037	93	9265	2018.1208	2018.1208
21397	112	37151	2018.1211	2018.1211
17039	123	10316	2018.1213	2018.1213
12906	15	65	2018.1215	2018.1215
27613	15	65	2018.1215	2018.1215
1384	62	1162	2018.1216	2018.1216
4030	123	8951	2018.1219	2018.1219
19840	17	29310	2018.1228	2018.1228
40580	17	29310	2018.1229	2018.1229
41033	17	29310	2018.1229	2018.1229
20747	12	1105	2018.1231	2018.1231
35998	12	11193	2018.1231	2018.1231
12865	12	11193	2018.1231	2018.1231
24074	12	1105	2018.1231	2018.1231
2639	4	2640	2019.0	2019.0
8830	4	8831	2019.0	2019.0
11249	4	11250	2019.0	2019.0
16979	4	16980	2019.0	2019.0
7204	4	5575	2019.0	2019.0
22681	4	11250	2019.0	2019.0
29416	4	3871	2019.0	2019.0
29121	4	30598	2019.0	2019.0
31446	4	26882	2019.0	2019.0
7406	4	10450	2019.0	2019.0
18486	4	30598	2019.0	2019.0
33992	4	22937	2019.0	2019.0
2409	31	140	2019.0	2019.0
36160	4	8831	2019.0	2019.0
20657	123	10825	2019.0	2019.0
27347	4	24015	2019.0	2019.0
38382	4	35044	2019.0	2019.0
37753	15	14175	2019.0	2019.0
10825	170	20657	2019.0	2019.0
28271	4	31709	2019.0	2019.0
20693	4	20657	2019.0	2019.0
17538	4	40313	2019.0	2019.0
33175	4	16980	2019.0	2019.0
30088	4	25090	2019.0	2019.0
25272	4	19778	2019.0	2019.0
32451	4	20611	2019.0	2019.0
5349	4	30598	2019.0	2019.0
35203	4	2640	2019.0	2019.0
40857	4	26887	2019.0	2019.0
40222	4	28430	2019.0	2019.0
38123	4	30598	2019.0	2019.0
32588	4	2640	2019.0	2019.0
31965	4	11250	2019.0	2019.0
35879	1	227	2019.0	2019.0
40021	4	6894	2019.0	2019.0
22936	4	496	2019.0	2019.0
11497	4	41813	2019.0	2019.0
40508	4	33427	2019.0	2019.0
16456	4	32452	2019.0	2019.0
27184	4	496	2019.0	2019.0
27605	4	20657	2019.0	2019.0
14710	4	20657	2019.0	2019.0
19320	4	30598	2019.0	2019.0
37647	4	3237	2019.0	2019.0
17057	4	11250	2019.0	2019.0
35634	4	11250	2019.0	2019.0
7204	4	8581	2019.0	2019.0
496	1	47	2019.0	2019.0
16164	4	10450	2019.0	2019.0
36625	4	21838	2019.0	2019.0
35281	4	25273	2019.0	2019.0
9664	4	8548	2019.0	2019.0
8396	4	19778	2019.0	2019.0
42462	4	24015	2019.0	2019.0
15981	4	29173	2019.0	2019.0
42586	4	19778	2019.0	2019.0
21478	4	33427	2019.0	2019.0
10682	15	33562	2019.0	2019.0
34325	4	42656	2019.0	2019.0
21653	4	3237	2019.0	2019.0
8693	41	3698	2019.0	2020.0
14194	4	14668	2019.01	2019.01
28771	4	20328	2019.01	2019.01
4297	4	30208	2019.01	2019.01
37503	4	35069	2019.01	2019.01
5065	64	9849	2019.01	2019.01
16754	17	11604	2019.01	2019.01
27047	4	25059	2019.01	2019.01
13836	80	23518	2019.0101	2019.0101
211	62	23518	2019.0101	2019.0101
211	70	23518	2019.0101	2019.0101
23518	41	13836	2019.0101	2019.0101
26516	41	14907	2019.0107	2019.0107
10097	70	26516	2019.0107	2019.0107
4586	70	37973	2019.0107	2019.0107
33395	123	20164	2019.0108	2019.0108
18405	123	16266	2019.011	2019.011
3037	4	4475	2019.0111	2022.063
35569	4	5142	2019.0115	2019.0115
227	70	25267	2019.0123	2019.0123
27896	41	1339	2019.0126	2019.0126
15754	123	22654	2019.0127	2019.0127
41382	4	19778	2019.0301	2019.0301
33863	9	39484	2019.0615	2019.0615
22126	31	2386	2020.0	2020.0
22126	31	2558	2020.0	2020.0
22126	31	203	2020.0	2020.0
22126	31	5915	2020.0	2020.0
22126	31	440	2020.0	2020.0
22126	31	3094	2020.0	2020.0
22126	31	1079	2020.0	2020.0
22126	31	137	2020.0	2020.0
22126	31	809	2020.0	2020.0
22126	31	641	2020.0	2020.0
18679	78	15427	2020.0	2020.0
1142	31	29	2023.0	2023.0
7733	31	140	2025.0101	2025.0101
38537	31	8190	2045.0	2045.0
18505	31	140	2049.0	2049.0
18505	31	4586	2049.0	2049.0
25202	31	21438	2255.0101	2255.0101
33133	31	9614	2265.0117	2265.0117
14951	31	9614	2266.0117	2266.0117
35464	31	9614	2266.0117	2266.0117
28134	31	9614	2266.0117	2266.0117
9615	31	9614	2266.0117	2266.0117
4858	31	35684	2805.0101	2805.0101
