45135	28	319	966	0
29593	28	668	966	0
96320	28	2241	966	0
53529	28	502	966	0
64536	28	741	966	0
46075	28	20160	966	0
74837	28	45	966	0
17276	28	514	966	0
7599	28	906	966	0
9379	28	158	966	0
48503	28	399	966	0
5251	28	5202	966	0
100257	28	1455	966	0
83601	28	2189	966	0
15783	28	1710	966	0
30040	28	241	966	0
20970	28	201	966	0
19683	28	2198	966	0
124768	28	1162	966	0
42816	28	423	966	0
29385	28	1766	966	0
80837	28	2054	966	0
18234	28	213	966	0
13343	28	7113	966	0
28472	28	960	966	0
34352	28	3153	966	0
44459	28	16365	966	0
68613	28	1150	966	0
125023	16	1631	966	0
98626	28	2317	966	0
51553	28	37	966	0
92246	28	651	966	0
108394	28	1552	966	0
71863	28	1267	966	0
93646	28	144	966	0
41169	28	646	966	0
26683	28	413	966	0
39193	28	5124	966	0
92499	28	1547	966	0
91625	28	416	966	0
50352	28	2616	966	0
26797	28	124	966	0
48440	28	156	966	0
80289	28	2053	966	0
9659	28	622	966	0
37107	28	509	966	0
89382	28	3354	966	0
18012	28	69644	966	0
17250	28	681	966	0
54539	28	139	966	0
19239	28	1675	966	0
48557	28	478	966	0
40133	28	1526	966	0
10031	28	540	966	0
73507	28	2228	966	0
25617	28	1216	966	0
92507	28	698	966	0
7138	28	1026	966	0
51486	28	1920	966	0
25045	28	1158	966	0
28452	28	675	966	0
88181	28	421	966	0
37904	28	337	966	0
93775	28	185	966	0
76639	28	785	966	0
46840	28	1181	966	0
21210	28	11128	966	0
108564	28	1255	966	0
12907	28	1164	966	0
125301	28	311	966	0
88793	28	660	966	0
30439	28	618	966	0
38162	28	49265	966	0
14554	28	1932	966	0
16211	28	890	966	0
50994	28	1320	966	0
35267	28	458	966	0
22986	28	1417	966	0
139116	28	1980	966	0
125384	28	83	966	0
33654	28	244	966	0
43543	28	357	966	0
125402	28	927	966	0
108634	28	9131	966	0
64230	28	4429	966	0
93868	28	953	966	0
20015	28	1075	966	0
108667	28	355	966	0
68694	28	167	966	0
97758	28	1091	966	0
81041	28	1137	966	0
31280	28	2033	966	0
93775	28	485	966	0
53289	28	8291	966	0
88606	28	704	966	0
84395	28	413	966	0
125501	28	499	966	0
48979	28	1176	966	0
11081	28	546	966	0
49953	28	4327	966	0
122505	28	68706	966	0
10697	28	371	966	0
50954	28	17089	966	0
81064	28	525	966	0
124480	28	2761	966	0
96375	28	354	966	0
29184	28	725	966	0
61791	28	168	966	0
73649	14	12967	966	0
26720	28	1078	966	0
96037	28	2089	966	0
45123	28	949	966	0
15968	28	2196	966	0
71398	28	404	966	0
93957	28	2330	966	0
8812	28	435	966	0
29576	28	1465	966	0
85860	28	1342	966	0
30014	28	646	966	0
84123	28	1690	966	0
44284	28	975	966	0
87503	28	483	966	0
106252	28	474	966	0
125581	28	6151	966	0
7398	28	69	966	0
144887	28	5046	966	0
12689	28	112	966	0
68974	28	129	966	0
82768	28	4779	966	0
85763	28	20144	966	0
122553	28	809	966	0
14365	28	1132	966	0
8116	28	85	966	0
75396	28	1710	966	0
57997	28	4844	966	0
94032	28	7177	966	0
103532	28	495	966	0
37114	28	152	966	0
48795	28	13706	966	0
104693	28	4509	966	0
10014	28	924	966	0
33316	14	2792	966	0
31945	28	2128	966	0
13504	28	2209	966	0
42680	28	244	966	0
82359	14	15100	966	0
19953	28	19484	966	0
20666	28	49851	966	0
84063	28	13607	966	0
14649	28	1034	966	0
10245	28	791	966	0
62268	28	193	966	0
44411	28	1634	966	0
26700	28	1500	966	0
68451	28	552	966	0
91923	28	1694	966	0
88841	23	145134	966	0
64354	14	105360	966	0
81181	28	6569	966	0
26714	28	842	966	0
85664	28	309	966	0
94087	28	361	966	0
79596	28	7535	966	0
83089	28	1144	966	0
125806	28	5748	966	0
51448	28	1160	966	0
29771	28	423	966	0
12972	28	357	966	0
18420	28	431	966	0
56601	14	943	966	0
69827	28	1776	966	0
52566	28	248	966	0
57686	28	7535	966	0
89291	28	348	966	0
48254	28	2338	966	0
94108	28	85237	966	0
26315	28	32	966	0
97454	28	1370	966	0
125871	28	2257	966	0
93646	28	2048	966	0
115567	28	1430	966	0
125881	28	475	966	0
95769	28	1333	966	0
13836	28	81	966	0
75079	28	1009	966	0
40419	28	1769	966	0
24847	28	4384	966	0
113439	28	1424	966	0
78422	28	401	966	0
56707	28	236	966	0
20669	28	206	966	0
56154	28	1144	966	0
20294	28	547	966	0
72219	28	1015	966	0
20769	28	6518	966	0
21979	28	106	966	0
61014	28	1404	966	0
73001	28	4171	966	0
69874	28	1078	966	0
109099	28	2346	966	0
97837	28	10533	966	0
49600	28	434	966	0
36938	28	459	966	0
21536	28	298	966	0
68234	28	2152	966	0
36134	28	259	966	0
25269	28	89	966	0
51711	14	1491	966	0
38572	28	637	966	0
48251	28	2629	966	0
20928	28	11974	966	0
51074	28	720	966	0
22846	28	45	966	0
92646	28	852	966	0
145534	28	177	966	0
88043	28	1551	966	0
70613	28	8823	966	0
30004	28	1446	966	0
81315	28	1660	966	0
45349	28	1527	966	0
32145	28	315	966	0
126093	28	3194	966	0
116553	28	416	966	0
81328	28	1262	966	0
64326	28	3993	966	0
18862	28	3373	966	0
58318	28	1195	966	0
40177	28	509	966	0
105262	28	1333	966	0
118245	28	3446	966	0
12420	28	821	966	0
69932	28	1063	966	0
6693	28	57	966	0
94310	28	1635	966	0
44601	28	1531	966	0
23403	28	92	966	0
39553	28	4779	966	0
113581	28	4324	966	0
29721	28	3168	966	0
94325	28	119	966	0
83152	28	111	966	0
137004	28	968	966	0
10070	28	1328	966	0
42832	28	101	966	0
31519	28	111	966	0
94347	28	1088	966	0
23467	28	1504	966	0
22249	28	219	966	0
84316	28	2875	966	0
10638	28	525	966	0
64158	28	1263	966	0
80375	28	409	966	0
14058	28	791	966	0
112805	28	2687	966	0
71516	28	232	966	0
125806	28	1703	966	0
7982	28	504	966	0
34391	28	507	966	0
121265	28	507	966	0
90601	28	992	966	0
26474	28	805	966	0
76754	28	3426	966	0
12264	28	4251	966	0
68999	28	4476	966	0
23831	28	216	966	0
17880	28	366	966	0
79878	28	508	966	0
102852	28	453	966	0
81393	28	1333	966	0
118210	28	86164	966	0
126378	28	23	966	0
48275	28	18707	966	0
105483	28	2189	966	0
57734	28	13286	966	0
27480	28	938	966	0
94421	28	1096	966	0
97349	28	35195	966	0
28481	28	1049	966	0
50216	28	248	966	0
54047	28	869	966	0
23805	28	13607	966	0
19754	28	327	966	0
76002	28	718	966	0
13596	28	1545	966	0
126433	28	11636	966	0
126435	23	126286	966	0
126286	23	126435	966	0
65129	28	3824	966	0
28155	28	3199	966	0
71167	28	43587	966	0
109445	28	250	966	0
9108	28	1464	966	0
117159	28	515	966	0
65844	28	24122	966	0
27830	28	6923	966	0
24847	28	5963	966	0
35635	28	185	966	0
20335	28	3381	966	0
63032	28	1195	966	0
53741	28	1544	966	0
120966	28	2773	966	0
107291	28	1134	966	0
10554	28	1738	966	0
142213	28	420	966	0
64325	28	445	966	0
92385	28	4227	966	0
126536	28	8915	966	0
117546	28	570	966	0
53287	28	155	966	0
76187	28	1907	966	0
51132	28	848	966	0
44094	28	2346	966	0
92804	28	791	966	0
20092	28	1135	966	0
109517	28	13912	966	0
19605	28	548	966	0
126573	28	1945	966	0
89219	28	2398	966	0
19225	28	1652	966	0
7495	28	72	966	0
18223	28	2330	966	0
70004	28	1000	966	0
73890	28	478	966	0
44145	28	1186	966	0
18614	28	2083	966	0
15474	28	437	966	0
10032	28	1710	966	0
90906	28	6542	966	0
11514	28	802	966	0
56620	28	184	966	0
60628	28	795	966	0
117390	28	570	966	0
24522	28	1199	966	0
18918	28	754	966	0
12954	28	587	966	0
38148	28	39	966	0
12581	28	1105	966	0
57099	28	1980	966	0
146246	28	505	966	0
16369	28	120	966	0
23097	28	256	966	0
58608	28	2526	966	0
38092	28	913	966	0
48579	28	178	966	0
145644	28	2086	966	0
19682	28	670	966	0
37116	28	1063	966	0
11920	28	770	966	0
109585	28	1329	966	0
11162	28	9035	966	0
94347	28	21356	966	0
106406	28	6143	966	0
39741	28	2346	966	0
91173	28	1363	966	0
35861	28	32368	966	0
30375	28	2182	966	0
40518	28	13835	966	0
72666	28	1332	966	0
78016	28	2264	966	0
92345	28	37470	966	0
80169	28	1258	966	0
126326	28	1195	966	0
136440	28	216	966	0
126734	28	2602	966	0
61887	28	892	966	0
57243	28	1794	966	0
64512	28	135	966	0
103519	28	3251	966	0
73788	28	219	966	0
71471	28	1134	966	0
13791	28	642	966	0
108948	28	2392	966	0
142652	28	809	966	0
71696	28	963	966	0
94586	14	308	966	0
99680	28	20489	966	0
41868	28	992	966	0
11886	28	126	966	0
11241	28	1744	966	0
81503	28	1434	966	0
64027	28	401	966	0
51235	28	253	966	0
109659	28	1339	966	0
27265	28	33	966	0
28098	28	821	966	0
44175	28	3194	966	0
49683	28	27067	966	0
50192	28	1710	966	0
16221	28	6617	966	0
146488	28	129	966	0
44203	28	2196	966	0
19079	28	310	966	0
107358	28	2192	966	0
24468	28	92848	966	0
33962	28	67	966	0
107380	28	988	966	0
8718	31	168550	966	0
17632	28	196	966	0
93634	28	79962	966	0
6843	28	1905	966	0
30380	28	19987	966	0
15684	28	52	966	0
77056	28	449	966	0
122186	28	1018	966	0
92787	28	1801	966	0
19116	28	843	966	0
47430	28	2702	966	0
94626	28	4990	966	0
26084	28	5853	966	0
17426	28	835	966	0
38226	28	3994	966	0
93000	28	1399	966	0
8835	28	27	966	0
24579	28	58	966	0
126933	28	809	966	0
92173	28	703	966	0
40910	28	2078	966	0
101096	28	192	966	0
19864	28	255	966	0
18636	28	91	966	0
38245	28	2571	966	0
65114	28	509	966	0
32087	28	910	966	0
59541	28	690	966	0
46668	28	1785	966	0
115074	28	1220	966	0
109782	28	2148	966	0
26277	28	6113	966	0
13943	28	5070	966	0
79964	28	877	966	0
39330	28	3148	966	0
23538	28	1747	966	0
92333	28	671	966	0
109792	28	1885	966	0
48153	28	2984	966	0
45813	28	1270	966	0
39955	28	354	966	0
126996	28	1703	966	0
71600	28	413	966	0
109796	28	852	966	0
11503	28	3799	966	0
58518	14	36715	966	0
87073	28	371	966	0
73002	28	415	966	0
44084	28	4139	966	0
70068	28	155	966	0
94342	28	1332	966	0
8224	28	784	966	0
47486	28	1250	966	0
11652	28	582	966	0
89657	28	404	966	0
52745	28	413	966	0
100597	28	1618	966	0
61675	28	690	966	0
16681	28	675	966	0
45614	28	2182	966	0
28929	28	32626	966	0
94622	28	2088	966	0
83950	28	746	966	0
21403	28	1180	966	0
18460	28	22742	966	0
57611	28	1208	966	0
14048	28	2259	966	0
79162	14	63082	966	0
120474	28	3034	966	0
48100	28	491	966	0
20870	28	10312	966	0
17790	28	44	966	0
94727	28	1456	966	0
15072	28	1304	966	0
143249	28	1001	966	0
45671	28	484	966	0
25476	28	523	966	0
60214	14	943	966	0
75132	28	703	966	0
60846	28	2226	966	0
68196	28	397	966	0
169145	28	3151	966	0
57983	28	548	966	0
41871	28	7268	966	0
92526	23	124409	966	0
17086	28	766	966	0
9328	28	1055	966	0
74915	28	98	966	0
16343	28	583	966	0
50499	28	1163	966	0
25265	28	334	966	0
32338	28	222	966	0
36738	28	1061	966	0
44459	28	30703	966	0
34088	28	2180	966	0
28019	28	1199	966	0
94535	28	1547	966	0
70053	28	1778	966	0
81617	28	505	966	0
73410	28	42	966	0
74565	28	875	966	0
79996	28	298	966	0
18434	28	7308	966	0
23889	28	32	966	0
32435	28	1769	966	0
112132	28	31207	966	0
8203	28	753	966	0
85402	28	981	966	0
27628	28	2875	966	0
117981	28	17954	966	0
121861	28	1098	966	0
102281	28	774	966	0
35968	28	32	966	0
22905	28	1160	966	0
9051	28	9035	966	0
104562	28	4895	966	0
55502	28	177	966	0
15695	28	1292	966	0
94534	28	5908	966	0
110010	28	5980	966	0
76524	28	1754	966	0
7223	28	46	966	0
59899	28	835	966	0
11661	28	1885	966	0
93306	28	5439	966	0
57878	28	1333	966	0
16302	28	111	966	0
36597	28	1704	966	0
26584	28	92848	966	0
42252	28	32	966	0
107926	28	2689	966	0
4245	28	219	966	0
9533	28	2114	966	0
24607	28	651	966	0
93846	28	399	966	0
51120	28	215	966	0
104787	28	2947	966	0
12296	28	111	966	0
112314	28	1260	966	0
53089	28	2075	966	0
26882	28	16410	966	0
36845	28	1012	966	0
57215	28	1396	966	0
70036	28	4613	966	0
91021	28	1793	966	0
45480	28	1961	966	0
10877	28	1559	966	0
14946	28	277	966	0
66935	28	7895	966	0
127398	28	477	966	0
42628	28	25100	966	0
90732	28	1250	966	0
37447	28	900	966	0
94843	28	8368	966	0
65095	28	1026	966	0
19810	28	1733	966	0
44411	28	509	966	0
31496	28	1588	966	0
53158	28	401	966	0
38262	28	694	966	0
93449	28	1277	966	0
51513	28	1358	966	0
18246	28	704	966	0
51436	28	1943	966	0
102576	28	1300	966	0
147418	28	1522	966	0
12292	28	815	966	0
83679	28	816	966	0
15187	28	494	966	0
127477	28	2216	966	0
64249	28	2004	966	0
108078	28	5229	966	0
56900	28	427	966	0
58146	28	5163	966	0
56341	28	1389	966	0
24582	28	18619	966	0
12060	28	840	966	0
21942	28	380	966	0
24449	28	1618	966	0
7227	28	1002	966	0
29331	28	525	966	0
38322	28	605	966	0
57833	28	499	966	0
61257	28	8913	966	0
51082	28	897	966	0
56255	28	1740	966	0
59715	28	1270	966	0
59776	28	43587	966	0
22769	28	219	966	0
9132	28	42	966	0
34503	28	492	966	0
33784	28	240	966	0
34711	28	975	966	0
81684	28	1208	966	0
88505	28	78467	966	0
87420	28	1500	966	0
32389	28	149	966	0
125949	28	890	966	0
24831	28	4121	966	0
49235	28	71	966	0
169915	14	2461	966	0
72642	28	6566	966	0
27844	28	1124	966	0
147631	28	196	966	0
14226	28	16365	966	0
56039	14	308	966	0
86030	28	1611	966	0
13817	28	30225	966	0
73578	28	1071	966	0
9923	28	1375	966	0
19766	28	1151	966	0
8039	28	1048	966	0
170061	28	1708	966	0
127669	28	22428	966	0
81707	28	2477	966	0
59856	28	1590	966	0
147731	28	602	966	0
66601	28	511	966	0
93077	28	87920	966	0
87357	28	1763	966	0
81431	28	282	966	0
59983	28	1339	966	0
93318	28	435	966	0
39725	28	236	966	0
11507	28	69	966	0
117124	28	2165	966	0
6214	28	2468	966	0
41027	28	334	966	0
22445	28	3207	966	0
28195	28	1529	966	0
147846	28	1214	966	0
5289	28	64	966	0
26193	28	37	966	0
73154	28	5369	966	0
47783	28	485	966	0
14659	28	1289	966	0
15412	28	61	966	0
107279	28	268	966	0
40000	28	240	966	0
12173	28	1744	966	0
123746	28	2809	966	0
10124	28	51	966	0
14346	28	1567	966	0
126881	28	1053	966	0
58873	28	21766	966	0
66741	28	3433	966	0
67068	28	1908	966	0
49330	28	470	966	0
67366	28	1506	966	0
81752	28	1286	966	0
94353	28	642	966	0
31881	28	493	966	0
46368	28	1836	966	0
34738	28	1596	966	0
110359	14	5305	966	0
52856	28	458	966	0
56932	28	509	966	0
31289	28	680	966	0
93020	28	10772	966	0
26124	28	1170	966	0
79955	28	111	966	0
141975	14	93910	966	0
53831	28	3435	966	0
19954	28	8871	966	0
78938	28	3711	966	0
27720	28	621	966	0
123439	28	505	966	0
15692	28	694	966	0
22458	28	53	966	0
104562	28	581	966	0
108562	28	1610	966	0
52458	28	3924	966	0
122299	28	1577	966	0
17994	23	63795	966	0
92135	28	20566	966	0
60081	28	315	966	0
38444	28	1500	966	0
94997	28	673	966	0
9549	28	28	966	0
31483	28	791	966	0
110422	28	1465	966	0
20659	28	1118	966	0
31955	28	578	966	0
37808	28	1146	966	0
80594	28	1777	966	0
7192	28	5202	966	0
82745	28	2592	966	0
33362	28	40	966	0
23280	28	2079	966	0
95039	28	835	966	0
56793	28	690	966	0
90888	28	1553	966	0
14687	28	1375	966	0
50364	28	2456	966	0
24657	28	397	966	0
7180	28	2187	966	0
79702	28	23520	966	0
108734	28	9509	966	0
39082	28	141	966	0
40129	28	60	966	0
35011	28	817	966	0
43793	28	496	966	0
41987	28	220	966	0
170695	14	23757	966	0
116013	28	409	966	0
18456	28	1339	966	0
69980	28	115840	966	0
14266	28	668	966	0
99144	28	24824	966	0
111939	28	1155	966	0
99158	28	1257	966	0
75092	23	110481	966	0
68358	28	1455	966	0
27287	28	4135	966	0
38148	28	120	966	0
19848	28	623	966	0
39305	28	791	966	0
16613	28	345	966	0
72974	28	18387	966	0
32757	28	3174	966	0
64760	28	1107	966	0
15616	28	770	966	0
56269	28	1861	966	0
23305	28	29015	966	0
66198	28	913	966	0
148332	14	20836	966	0
53957	28	622	966	0
148340	28	106	966	0
8044	28	31	966	0
27867	28	178	966	0
102989	28	580	966	0
21875	28	877	966	0
58408	28	162	966	0
119305	28	2503	966	0
38886	28	98	966	0
16790	28	267	966	0
61031	28	3318	966	0
116665	28	3615	966	0
61681	28	1195	966	0
98437	28	297	966	0
106608	28	6939	966	0
13444	28	774	966	0
54710	28	3793	966	0
33221	28	1151	966	0
35418	28	171	966	0
29997	28	52002	966	0
53039	28	2223	966	0
18250	28	1190	966	0
74461	28	13286	966	0
71597	28	177	966	0
39273	28	354	966	0
18094	28	14741	966	0
40268	28	2095	966	0
94323	28	5785	966	0
108067	28	1909	966	0
148480	28	6423	966	0
94342	28	135	966	0
38324	28	180	966	0
17801	28	15092	966	0
58146	28	23526	966	0
56362	14	25228	966	0
74406	28	35195	966	0
106488	28	691	966	0
66103	14	902	966	0
56827	28	948	966	0
58767	28	83	966	0
110564	28	1793	966	0
47200	28	242	966	0
103774	28	1265	966	0
81617	28	3084	966	0
94072	28	268	966	0
28960	28	1068	966	0
82637	28	1690	966	0
92806	28	1331	966	0
49737	28	1478	966	0
42892	28	2970	966	0
17174	28	158	966	0
80818	14	2911	966	0
81168	28	12484	966	0
117101	28	2808	966	0
25580	28	1529	966	0
82637	28	3439	966	0
9247	28	109	966	0
94136	28	651	966	0
55907	28	632	966	0
24209	28	1215	966	0
11478	28	1055	966	0
35537	28	1036	966	0
114581	28	816	966	0
94330	28	570	966	0
141415	28	114	966	0
121489	28	39129	966	0
98092	28	136	966	0
62166	28	2916	966	0
109948	28	1299	966	0
77201	28	2503	966	0
103091	28	51995	966	0
21369	28	3514	966	0
49410	28	110	966	0
39467	28	1351	966	0
54445	28	1096	966	0
21433	28	3156	966	0
120485	28	1265	966	0
20928	28	239	966	0
89656	28	236	966	0
9883	28	1368	966	0
81803	28	3993	966	0
148711	28	3092	966	0
46583	28	70	966	0
81444	28	15797	966	0
12046	28	410	966	0
14583	28	73	966	0
143183	16	9	966	0
41515	28	401	966	0
32364	28	276	966	0
44150	28	220	966	0
148195	28	230	966	0
5847	28	28614	966	0
67989	28	675	966	0
82820	28	483	966	0
14751	28	1759	966	0
110011	28	1776	966	0
8896	28	799	966	0
51015	28	442	966	0
64820	28	139	966	0
73892	28	717	966	0
121365	28	5471	966	0
103456	28	1110	966	0
7292	28	89	966	0
10553	28	1484	966	0
96543	28	1984	966	0
86449	28	1896	966	0
25234	28	88	966	0
110667	28	4327	966	0
14526	28	156	966	0
51427	28	1703	966	0
12725	28	766	966	0
13154	28	72	966	0
17926	28	674	966	0
87503	28	1134	966	0
70224	14	2460	966	0
53996	28	67018	966	0
43876	28	2558	966	0
35635	28	22	966	0
56671	28	1141	966	0
171539	28	1504	966	0
12430	28	48	966	0
104021	28	2415	966	0
27849	28	2316	966	0
96242	28	5758	966	0
25177	28	1883	966	0
45219	28	483	966	0
89268	28	1611	966	0
5473	28	9185	966	0
147344	28	3222	966	0
62810	28	118	966	0
81579	28	1025	966	0
37395	28	1232	966	0
81317	28	596	966	0
41597	28	14	966	0
37155	28	10777	966	0
88949	28	1676	966	0
83067	28	1557	966	0
64745	28	40520	966	0
7764	28	985	966	0
106850	28	659	966	0
14488	28	1328	966	0
109517	28	526	966	0
122783	28	1535	966	0
8187	28	1053	966	0
77927	28	2264	966	0
148995	28	406	966	0
46675	28	1115	966	0
123292	28	2602	966	0
19320	28	114	966	0
57997	28	1282	966	0
15252	28	470	966	0
110739	28	2480	966	0
63353	28	261	966	0
70232	28	3316	966	0
38524	28	1692	966	0
38452	28	962	966	0
87063	28	559	966	0
67375	28	7595	966	0
73901	28	6177	966	0
36873	28	1465	966	0
37077	28	205	966	0
108895	28	1061	966	0
91359	28	1664	966	0
20288	28	694	966	0
29124	28	18758	966	0
95212	28	4933	966	0
48495	28	2411	966	0
65856	28	1199	966	0
39495	28	3739	966	0
93194	28	3777	966	0
64103	28	1747	966	0
145983	28	5276	966	0
78886	28	4169	966	0
83491	28	1847	966	0
59413	28	471	966	0
92900	28	3838	966	0
53877	28	592	966	0
21754	28	615	966	0
77041	28	2809	966	0
44510	28	192	966	0
39164	28	678	966	0
134914	28	1020	966	0
49994	28	2026	966	0
71515	28	3920	966	0
78694	28	1841	966	0
54558	28	1499	966	0
25728	28	501	966	0
22743	28	357	966	0
50627	28	10599	966	0
15816	28	18069	966	0
45012	28	1728	966	0
89953	28	3325	966	0
33130	28	13975	966	0
31511	28	1552	966	0
75409	28	171954	966	0
105912	28	2551	966	0
51854	28	60	966	0
104781	28	192	966	0
149255	28	1711	966	0
18962	28	1206	966	0
55717	28	1611	966	0
82676	28	13975	966	0
55658	28	602	966	0
21688	28	1408	966	0
67366	28	1508	966	0
4901	28	118	966	0
88421	28	2848	966	0
88161	28	595	966	0
15796	28	1900	966	0
69024	28	196	966	0
39994	28	889	966	0
88250	28	260	966	0
60225	28	274	966	0
12048	28	1819	966	0
75736	28	2117	966	0
24767	28	9035	966	0
33047	28	459	966	0
83256	28	12467	966	0
15400	28	86	966	0
93391	28	32	966	0
36924	28	731	966	0
36871	28	1594	966	0
37120	28	276	966	0
17734	28	821	966	0
20515	28	1056	966	0
107603	28	1577	966	0
16264	28	100	966	0
25214	28	53	966	0
40177	28	911	966	0
75396	28	7465	966	0
76189	28	3542	966	0
35761	28	5439	966	0
102565	28	1710	966	0
47202	28	350	966	0
36965	28	1559	966	0
108172	28	98	966	0
117396	28	483	966	0
91649	28	213	966	0
15137	28	234	966	0
16021	28	251	966	0
12560	28	2261	966	0
124892	28	292	966	0
79703	28	739	966	0
87894	28	2912	966	0
90095	28	5136	966	0
85394	28	1363	966	0
84207	28	570	966	0
78041	28	3871	966	0
14060	28	415	966	0
28786	28	1290	966	0
128818	28	4185	966	0
48692	28	11913	966	0
18246	28	629	966	0
38474	28	49	966	0
5384	28	169	966	0
10495	28	276	966	0
95320	28	143	966	0
114972	28	505	966	0
52058	28	8108	966	0
81811	28	3870	966	0
24481	28	397	966	0
55124	28	3364	966	0
70849	28	753	966	0
16034	28	7857	966	0
12319	28	5757	966	0
9441	28	211	966	0
82493	28	5372	966	0
17984	28	1170	966	0
48485	28	53	966	0
78211	28	1725	966	0
25786	28	6346	966	0
52566	28	388	966	0
128875	28	3263	966	0
7893	28	698	966	0
4776	28	43159	966	0
128886	28	1227	966	0
36493	28	23926	966	0
109174	28	4135	966	0
94158	28	16410	966	0
37506	28	24	966	0
53706	28	1803	966	0
128895	28	1394	966	0
107279	28	2795	966	0
18161	28	2948	966	0
54469	28	160	966	0
70997	28	363	966	0
37068	28	283	966	0
149769	28	526	966	0
13894	28	255	966	0
14703	28	693	966	0
88820	28	1028	966	0
27271	28	4363	966	0
68398	28	938	966	0
94027	28	7857	966	0
73646	28	10533	966	0
89169	28	358	966	0
134795	28	1231	966	0
8137	28	158	966	0
39061	28	1430	966	0
49626	28	954	966	0
99104	28	12467	966	0
39372	28	1760	966	0
39340	28	15006	966	0
81322	28	2179	966	0
31150	28	1379	966	0
40214	28	992	966	0
65640	28	92	966	0
103152	28	1752	966	0
51436	28	2948	966	0
38307	28	1654	966	0
90906	28	7071	966	0
16003	28	433	966	0
92801	28	1504	966	0
54802	28	1119	966	0
57163	28	268	966	0
90509	28	188	966	0
17967	28	144	966	0
10637	28	1155	966	0
101534	28	4157	966	0
84533	28	2189	966	0
41052	28	597	966	0
91140	23	81759	966	0
107509	28	1562	966	0
86340	28	484	966	0
95945	28	72	966	0
85136	28	2478	966	0
15920	28	1649	966	0
48515	28	4037	966	0
9011	28	408	966	0
15630	28	13725	966	0
61834	28	1839	966	0
23866	28	1474	966	0
56999	28	360	966	0
75903	28	2571	966	0
22633	28	282	966	0
6039	28	1161	966	0
6794	28	837	966	0
61551	28	1634	966	0
25728	28	840	966	0
28403	28	1075	966	0
43883	28	817	966	0
44264	28	1417	966	0
63566	28	3282	966	0
61791	28	48	966	0
93135	28	12484	966	0
93621	28	2551	966	0
84918	28	569	966	0
95041	28	4324	966	0
41064	28	11561	966	0
69914	28	1134	966	0
21452	28	88	966	0
30042	28	614	966	0
11149	28	1501	966	0
34756	28	3838	966	0
7188	28	234	966	0
90440	28	3819	966	0
50660	28	4185	966	0
119764	28	2980	966	0
93375	28	7890	966	0
25648	28	1254	966	0
79041	28	1178	966	0
28726	28	259	966	0
19379	28	224	966	0
48601	28	420	966	0
14516	28	14	966	0
11478	28	1110	966	0
11712	28	1710	966	0
44353	28	397	966	0
92069	28	570	966	0
14352	28	234	966	0
37039	28	9035	966	0
22006	28	1462	966	0
56594	28	2026	966	0
15760	28	675	966	0
109704	28	524	966	0
117912	28	1456	966	0
73653	28	679	966	0
58255	28	1829	966	0
59610	28	141	966	0
47628	28	815	966	0
79763	28	1082	966	0
95428	28	3941	966	0
51139	28	3058	966	0
47276	28	1728	966	0
8782	28	37	966	0
78714	28	347	966	0
60326	28	640	966	0
127163	14	63082	966	0
109261	28	1147	966	0
38891	28	3081	966	0
29990	28	13912	966	0
56576	28	2216	966	0
49052	28	2877	966	0
120138	23	111169	966	0
22407	28	3213	966	0
36438	28	1012	966	0
8805	28	551	966	0
49474	28	99	966	0
51348	28	2203	966	0
62842	28	15489	966	0
89530	28	2482	966	0
82016	28	1763	966	0
135210	28	703	966	0
82731	16	8	966	0
76243	28	202	966	0
23895	28	1931	966	0
92741	28	5439	966	0
107835	28	404	966	0
40296	28	272	966	0
107829	28	1146	966	0
107594	28	118	966	0
92425	28	756	966	0
63673	28	1395	966	0
24660	28	405	966	0
101233	28	44152	966	0
53751	28	9970	966	0
41908	28	2226	966	0
129247	28	1002	966	0
68589	28	6569	966	0
125595	28	1201	966	0
23977	28	72	966	0
90814	28	404	966	0
72876	28	85237	966	0
12212	28	160	966	0
64735	28	328	966	0
19005	28	1012	966	0
27649	28	325	966	0
129269	28	1269	966	0
55279	28	505	966	0
79966	28	1595	966	0
22835	28	1396	966	0
10829	28	1331	966	0
19425	28	31	966	0
64363	28	19987	966	0
13789	28	660	966	0
72177	28	769	966	0
46503	28	509	966	0
82780	28	2373	966	0
114604	28	3836	966	0
69062	28	1909	966	0
22877	28	266	966	0
6833	28	147	966	0
56041	28	381	966	0
21754	28	206	966	0
60286	28	346	966	0
120357	28	536	966	0
8315	28	39	966	0
128897	28	2216	966	0
25551	28	311	966	0
60185	28	1568	966	0
33156	28	818	966	0
17411	28	1423	966	0
29186	28	184	966	0
46287	28	1263	966	0
22437	28	520	966	0
53597	28	1896	966	0
16225	28	1835	966	0
34163	28	17986	966	0
11696	28	179	966	0
56508	28	185	966	0
145396	28	2114	966	0
144516	28	2970	966	0
15136	28	45	966	0
13134	28	449	966	0
37037	28	1590	966	0
76406	28	401	966	0
110767	28	3084	966	0
8624	28	346	966	0
44173	28	758	966	0
20115	28	1570	966	0
46503	28	139	966	0
97028	28	418	966	0
15642	28	471	966	0
56827	28	184	966	0
110665	28	274	966	0
13838	28	792	966	0
78016	28	866	966	0
41721	28	726	966	0
5851	28	2178	966	0
150706	28	198	966	0
103601	28	10334	966	0
67400	28	30463	966	0
82569	28	1635	966	0
110684	28	8453	966	0
25710	28	1984	966	0
63937	28	3446	966	0
23169	28	1036	966	0
72357	28	5211	966	0
39676	28	1093	966	0
68552	28	1871	966	0
79162	14	28294	966	0
129416	28	2795	966	0
90701	28	216	966	0
30470	28	2088	966	0
46281	28	598	966	0
12394	28	343	966	0
82046	28	44533	966	0
56251	28	2398	966	0
44727	28	8291	966	0
11329	28	840	966	0
48909	28	227	966	0
33123	28	1873	966	0
11652	28	27	966	0
30887	28	589	966	0
127211	28	6939	966	0
38365	28	2479	966	0
105425	28	455	966	0
83005	28	1456	966	0
60153	28	2366	966	0
21712	28	969	966	0
60503	28	1710	966	0
16823	28	719	966	0
50205	28	656	966	0
108734	28	2007	966	0
11187	28	89	966	0
111310	28	477	966	0
35326	28	637	966	0
18427	28	122	966	0
10810	28	1339	966	0
68679	28	215	966	0
12423	28	938	966	0
42923	28	1920	966	0
72931	28	4403	966	0
107501	28	35836	966	0
129416	28	755	966	0
85305	16	8	966	0
37781	14	2995	966	0
8751	28	1753	966	0
70872	28	908	966	0
89702	28	2128	966	0
37951	28	123	966	0
21693	28	483	966	0
18033	28	180	966	0
90543	28	42	966	0
30716	28	255	966	0
67477	28	25560	966	0
26613	28	674	966	0
74573	28	505	966	0
28366	28	16	966	0
33668	28	1887	966	0
91898	28	1122	966	0
47202	28	1679	966	0
48534	28	1633	966	0
23866	28	4363	966	0
24202	28	1590	966	0
35682	28	415	966	0
18847	28	791	966	0
19725	28	1576	966	0
16830	28	282	966	0
21772	28	1349	966	0
70376	28	692	966	0
67329	28	44533	966	0
11873	28	1077	966	0
18258	28	2534	966	0
127198	28	3027	966	0
62377	28	3993	966	0
26620	28	3906	966	0
129564	28	92848	966	0
15392	28	1302	966	0
22446	28	240	966	0
14001	28	298	966	0
33282	28	30	966	0
33595	28	20	966	0
34705	28	1465	966	0
93463	28	1296	966	0
22695	28	1155	966	0
70380	28	770	966	0
38459	28	1158	966	0
73376	28	3027	966	0
74174	28	171	966	0
29755	28	350	966	0
60022	28	1509	966	0
12581	28	778	966	0
90234	28	133	966	0
77103	28	1655	966	0
80335	28	1305	966	0
129599	28	463	966	0
100444	28	1903	966	0
37905	28	909	966	0
71127	28	681	966	0
19269	28	586	966	0
11411	28	1839	966	0
18066	28	238	966	0
78856	28	238	966	0
102240	28	1600	966	0
103460	28	4678	966	0
33539	28	450	966	0
62106	28	405	966	0
11738	28	2481	966	0
151125	28	3151	966	0
102156	28	431	966	0
69956	28	201	966	0
16787	28	36	966	0
14992	28	694	966	0
139163	28	1150	966	0
71480	28	558	966	0
42659	28	1709	966	0
40177	28	866	966	0
13419	28	456	966	0
111042	28	713	966	0
62027	28	179	966	0
107644	28	720	966	0
25234	28	36	966	0
128223	28	1590	966	0
39658	28	1484	966	0
37023	28	377	966	0
21138	28	1137	966	0
77683	28	1199	966	0
174621	28	8523	966	0
109681	28	132	966	0
51820	28	2209	966	0
129573	28	1617	966	0
10239	28	1137	966	0
107091	28	2216	966	0
74535	28	3194	966	0
41515	28	28	966	0
25558	28	680	966	0
106318	28	3939	966	0
104073	28	1765	966	0
85143	28	401	966	0
42878	28	2205	966	0
75704	28	1233	966	0
41908	28	581	966	0
22342	28	450	966	0
93057	28	816	966	0
33242	28	1282	966	0
57536	28	1320	966	0
119659	28	948	966	0
38533	28	224	966	0
27194	28	619	966	0
49033	28	1633	966	0
38190	28	290	966	0
15979	28	1411	966	0
123223	28	1061	966	0
9964	28	1151	966	0
80011	28	580	966	0
96701	28	1389	966	0
34472	28	228	966	0
72343	28	325	966	0
14010	28	1464	966	0
97909	28	509	966	0
56249	28	417	966	0
87790	28	1747	966	0
99452	28	36	966	0
23337	28	3690	966	0
70541	28	236	966	0
12721	28	528	966	0
7192	28	11974	966	0
23934	28	1949	966	0
9019	28	1009	966	0
22589	28	236	966	0
110552	28	4779	966	0
86042	28	346	966	0
6683	28	61	966	0
174910	28	4724	966	0
74881	28	76603	966	0
24588	28	240	966	0
44921	28	1942	966	0
111370	28	717	966	0
56080	28	83	966	0
72635	28	2311	966	0
37822	28	573	966	0
50890	28	795	966	0
71728	28	750	966	0
100489	28	51255	966	0
36631	28	347	966	0
94673	28	295	966	0
9680	28	760	966	0
80178	28	1221	966	0
69827	28	2791	966	0
75309	28	1763	966	0
137058	28	1752	966	0
44902	28	435	966	0
41807	28	717	966	0
56428	28	2259	966	0
102761	28	404	966	0
63490	14	943	966	0
19752	28	969	966	0
86356	28	1267	966	0
41491	28	1709	966	0
10928	28	1099	966	0
25412	28	648	966	0
75885	28	1296	966	0
9061	28	88	966	0
51642	28	437	966	0
60456	28	4139	966	0
37543	28	2389	966	0
77958	28	44	966	0
56922	28	25011	966	0
148926	28	803	966	0
50550	28	361	966	0
59797	28	87	966	0
101305	28	66	966	0
119808	14	63082	966	0
102989	28	482	966	0
16930	28	507	966	0
84802	28	1267	966	0
61954	28	1836	966	0
64698	28	1529	966	0
99993	28	47651	966	0
35771	28	404	966	0
129860	28	1204	966	0
98436	28	156	966	0
80339	28	1176	966	0
26226	28	2196	966	0
96595	28	33940	966	0
8256	28	332	966	0
111508	28	2334	966	0
42498	28	11561	966	0
148831	28	2156	966	0
23338	28	1090	966	0
50796	28	991	966	0
109394	28	3433	966	0
22437	28	795	966	0
84701	28	1325	966	0
10769	28	1268	966	0
20029	28	1268	966	0
87215	14	2911	966	0
175435	28	1871	966	0
23400	28	1299	966	0
26845	28	161	966	0
48896	28	1513	966	0
149649	28	907	966	0
82987	28	995	966	0
21557	28	144	966	0
151706	28	2694	966	0
81762	28	378	966	0
14478	28	24654	966	0
12516	28	1073	966	0
95202	28	791	966	0
129915	28	22018	966	0
70705	28	37	966	0
24578	28	620	966	0
129929	28	1136	966	0
78429	28	2589	966	0
121802	28	5835	966	0
15901	28	129	966	0
89786	28	6227	966	0
33166	28	217	966	0
73904	28	386	966	0
73772	28	1150	966	0
44589	28	2809	966	0
101505	28	2170	966	0
79032	28	1803	966	0
23150	28	100	966	0
20977	28	10100	966	0
92806	28	773	966	0
16055	28	815	966	0
33122	28	938	966	0
13926	28	2585	966	0
23812	28	73	966	0
46927	28	1740	966	0
5689	28	88	966	0
77201	28	159	966	0
99737	28	5963	966	0
61078	28	5202	966	0
46851	28	6388	966	0
58859	28	3100	966	0
35682	28	227	966	0
123449	28	1276	966	0
80975	28	353	966	0
27079	28	484	966	0
38347	28	923	966	0
35216	23	93185	966	0
88582	28	1086	966	0
59421	28	791	966	0
69569	28	815	966	0
22654	28	330	966	0
20080	28	3322	966	0
127477	28	1653	966	0
39288	28	168	966	0
33062	28	153	966	0
88196	28	482	966	0
65514	28	455	966	0
109218	28	1201	966	0
141114	28	37326	966	0
95643	28	934	966	0
47804	28	41	966	0
28786	28	2241	966	0
16522	28	1342	966	0
5361	28	332	966	0
73788	28	79	966	0
76501	28	2534	966	0
79953	28	184	966	0
92250	28	13671	966	0
10345	28	467	966	0
68324	28	7535	966	0
37643	28	1600	966	0
44682	28	240	966	0
23181	28	1536	966	0
11628	28	178	966	0
86524	28	23520	966	0
28799	28	4509	966	0
51687	28	407	966	0
59856	28	276	966	0
20971	28	1464	966	0
94421	28	2011	966	0
143289	28	4626	966	0
121228	28	825	966	0
32946	28	1512	966	0
105047	28	2456	966	0
32363	28	791	966	0
15591	28	106	966	0
59899	28	6370	966	0
31785	28	2415	966	0
176105	28	1975	966	0
32906	28	596	966	0
7801	28	977	966	0
79042	28	1196	966	0
25982	28	78	966	0
94752	28	275	966	0
94248	28	49664	966	0
63148	28	12452	966	0
99919	28	7051	966	0
38938	28	1804	966	0
79996	28	81	966	0
35010	28	2970	966	0
68670	28	4613	966	0
54710	28	973	966	0
108719	28	2079	966	0
16845	28	1690	966	0
11326	28	515	966	0
21374	28	454	966	0
89268	28	1924	966	0
32846	28	3484	966	0
82046	28	7267	966	0
99597	28	2089	966	0
176263	28	16410	966	0
88126	28	706	966	0
92502	28	4003	966	0
56076	28	10552	966	0
36711	28	882	966	0
11641	28	152	966	0
21439	28	43	966	0
27820	28	1195	966	0
33481	28	1710	966	0
41650	28	149	966	0
20248	28	98	966	0
97077	28	1150	966	0
79529	28	4048	966	0
85918	28	6894	966	0
104208	28	1178	966	0
65840	28	3246	966	0
85305	16	9	966	0
25507	28	908	966	0
40412	28	1099	966	0
51454	28	506	966	0
17028	28	3123	966	0
82886	28	836	966	0
67354	28	227	966	0
108505	23	111629	966	0
31945	28	471	966	0
78436	28	505	966	0
88007	28	42240	966	0
79567	28	7612	966	0
58387	28	7117	966	0
55240	28	2086	966	0
84664	28	593	966	0
53625	28	3213	966	0
56547	28	3614	966	0
96332	28	740	966	0
118639	28	95	966	0
49174	28	4605	966	0
38226	28	2809	966	0
176519	28	4588	966	0
25048	28	938	966	0
128527	28	2994	966	0
29339	28	2982	966	0
8055	28	337	966	0
87043	14	902	966	0
15206	28	14452	966	0
66653	28	23520	966	0
17597	28	3614	966	0
18681	28	2785	966	0
10623	28	86	966	0
7237	28	704	966	0
19650	28	1232	966	0
95134	28	11512	966	0
44122	28	1961	966	0
30553	28	699	966	0
49486	28	595	966	0
152339	28	4767	966	0
18651	28	647	966	0
7501	28	758	966	0
41483	28	5525	966	0
51856	28	869	966	0
16178	28	2302	966	0
152071	28	1288	966	0
33675	28	508	966	0
83529	14	308	966	0
151539	28	2694	966	0
22473	28	1600	966	0
9265	28	1351	966	0
108948	28	260	966	0
74174	28	83	966	0
48909	28	52	966	0
11162	28	791	966	0
21492	28	1710	966	0
76187	28	224	966	0
19122	28	1446	966	0
14189	28	976	966	0
24086	28	140	966	0
66675	28	7572	966	0
29660	28	185	966	0
15763	28	86	966	0
78726	28	168	966	0
59344	28	20685	966	0
152439	28	1504	966	0
130228	28	75795	966	0
31013	28	1311	966	0
38482	28	161	966	0
71224	28	1015	966	0
16321	28	1049	966	0
62684	28	3671	966	0
176846	28	1432	966	0
12439	28	637	966	0
51878	28	449	966	0
23663	28	2791	966	0
100411	28	288	966	0
118299	28	7118	966	0
22654	28	514	966	0
37469	28	1484	966	0
21130	28	232	966	0
73151	28	1528	966	0
26624	28	1432	966	0
152515	28	3475	966	0
21486	28	1747	966	0
8381	28	802	966	0
66891	28	298	966	0
66645	28	2166	966	0
11687	28	160	966	0
19768	28	1897	966	0
37825	28	1311	966	0
35219	28	4217	966	0
23792	28	74	966	0
82362	28	44	966	0
105008	28	2282	966	0
34740	14	3057	966	0
84406	14	2911	966	0
27999	28	746	966	0
78897	28	3319	966	0
17916	28	2346	966	0
43419	28	21935	966	0
92728	23	152555	966	0
84096	28	1371	966	0
22394	28	144	966	0
8203	28	1116	966	0
149276	28	289	966	0
48982	28	202	966	0
79844	28	184	966	0
20426	28	740	966	0
82991	28	20	966	0
86562	28	38724	966	0
104667	28	707	966	0
129054	28	1305	966	0
21411	28	16	966	0
14132	28	1484	966	0
23523	28	397	966	0
24831	28	5372	966	0
51305	28	41	966	0
74077	28	1291	966	0
58784	28	56	966	0
81328	28	13725	966	0
54949	28	404	966	0
12290	28	1507	966	0
109392	28	2865	966	0
23653	28	1118	966	0
54455	28	2182	966	0
15591	28	146	966	0
32032	28	81348	966	0
51893	28	327	966	0
38011	28	1610	966	0
81431	28	320	966	0
106169	28	3071	966	0
35083	28	7559	966	0
90958	28	680	966	0
11568	28	67	966	0
31018	28	360	966	0
31754	28	266	966	0
85487	28	3671	966	0
32990	28	401	966	0
69658	28	2346	966	0
59610	28	71	966	0
4245	28	53	966	0
23910	28	669	966	0
31136	28	370	966	0
44852	28	363	966	0
13229	28	30	966	0
63966	28	3246	966	0
56380	28	32	966	0
95489	28	659	966	0
141955	28	4724	966	0
48870	28	4165	966	0
61392	28	361	966	0
7404	28	1056	966	0
99936	28	477	966	0
94124	28	360	966	0
44656	28	816	966	0
22081	28	361	966	0
44175	28	3027	966	0
98590	28	1024	966	0
32862	28	3156	966	0
103751	28	1296	966	0
119179	28	1754	966	0
64865	28	1703	966	0
110398	28	2971	966	0
81022	28	276	966	0
9011	28	155	966	0
65821	28	948	966	0
94045	28	835	966	0
30370	28	121	966	0
76254	28	4845	966	0
34050	28	2160	966	0
86264	28	962	966	0
96936	28	510	966	0
27567	28	640	966	0
78630	28	4429	966	0
7376	28	69	966	0
25562	28	185	966	0
18603	28	698	966	0
81762	28	647	966	0
18962	28	3939	966	0
83989	28	571	966	0
13613	28	1107	966	0
44721	28	383	966	0
7532	28	1829	966	0
27483	28	2440	966	0
51690	28	1119	966	0
67434	28	471	966	0
65974	28	286	966	0
51273	28	5355	966	0
77741	14	57720	966	0
150878	28	167	966	0
83170	28	731	966	0
108007	28	496	966	0
23169	28	1316	966	0
14542	28	186	966	0
98522	28	1351	966	0
27417	28	242	966	0
77429	28	6346	966	0
14530	28	2346	966	0
17690	28	850	966	0
46033	28	882	966	0
38399	28	900	966	0
98388	28	388	966	0
26699	28	485	966	0
100656	28	1333	966	0
68313	28	1265	966	0
8091	28	9035	966	0
78883	28	893	966	0
7546	28	2079	966	0
145805	28	273	966	0
42013	28	1332	966	0
47628	28	111	966	0
13581	28	87	966	0
36597	28	1522	966	0
41856	28	292	966	0
41549	28	1676	966	0
61695	28	2822	966	0
60074	28	257	966	0
96037	28	13288	966	0
7138	28	81	966	0
102565	28	2829	966	0
42016	28	707	966	0
110046	28	7465	966	0
29054	28	833	966	0
35870	28	523	966	0
4768	28	2548	966	0
65468	28	1763	966	0
22972	28	535	966	0
83829	28	7535	966	0
117547	28	1743	966	0
81879	28	802	966	0
52076	28	203	966	0
72642	28	1885	966	0
26966	28	1170	966	0
38644	28	2876	966	0
68826	28	770	966	0
38493	28	3149	966	0
89525	28	3156	966	0
19538	28	2713	966	0
50735	14	308	966	0
26171	28	69	966	0
37415	28	907	966	0
97802	28	4752	966	0
10490	28	977	966	0
15851	28	1358	966	0
26478	28	2162	966	0
14583	28	23	966	0
28537	28	364	966	0
177865	14	1869	966	0
45486	28	746	966	0
23903	28	2398	966	0
93626	28	1672	966	0
91317	28	6569	966	0
177913	28	1504	966	0
85158	28	605	966	0
100611	28	527	966	0
89674	28	418	966	0
39661	28	87920	966	0
55990	28	53	966	0
19357	28	994	966	0
39883	28	953	966	0
111586	28	1164	966	0
49592	28	9679	966	0
80763	28	1468	966	0
9831	28	2081	966	0
18484	28	400	966	0
32192	28	5439	966	0
27603	28	2205	966	0
80806	28	283	966	0
44726	28	516	966	0
36124	28	434	966	0
7923	28	758	966	0
77442	28	1694	966	0
16921	28	569	966	0
45425	28	548	966	0
12360	28	1339	966	0
62354	28	41356	966	0
124862	28	1903	966	0
62684	28	1528	966	0
87524	28	580	966	0
36767	28	2334	966	0
128204	28	3570	966	0
105842	28	3132	966	0
69743	28	2293	966	0
122379	28	1501	966	0
20586	28	330	966	0
84070	28	486	966	0
43364	14	7090	966	0
96761	28	2054	966	0
9199	28	882	966	0
14472	28	9035	966	0
35163	28	1814	966	0
6610	28	821	966	0
16490	28	310	966	0
26889	28	83	966	0
68589	28	3194	966	0
39812	28	2903	966	0
110412	23	116107	966	0
19117	28	1634	966	0
92953	28	294	966	0
8634	28	149	966	0
33750	28	188	966	0
36421	28	241	966	0
21497	28	434	966	0
5206	28	69	966	0
13385	28	3711	966	0
7544	28	1633	966	0
69772	28	14741	966	0
38395	28	6067	966	0
28585	28	39	966	0
178365	28	809	966	0
97587	28	1855	966	0
22995	28	680	966	0
25162	28	109	966	0
25876	28	3219	966	0
65933	28	809	966	0
67513	14	60521	966	0
15595	28	44	966	0
117021	28	6080	966	0
114357	28	156	966	0
18265	28	1635	966	0
87708	28	1270	966	0
111256	28	1710	966	0
38759	28	5980	966	0
15882	28	23	966	0
6013	28	142	966	0
109791	28	4779	966	0
32015	28	24	966	0
60214	14	30867	966	0
68468	28	2011	966	0
50373	28	1905	966	0
14184	28	1158	966	0
93584	28	695	966	0
7330	28	1778	966	0
86120	28	1299	966	0
32498	28	1675	966	0
48968	28	640	966	0
41951	28	294	966	0
88691	28	5180	966	0
100358	28	3246	966	0
18445	28	49	966	0
74613	28	1762	966	0
41375	28	527	966	0
25885	28	809	966	0
25189	28	3690	966	0
66998	28	1409	966	0
66061	28	32	966	0
55778	28	6633	966	0
21866	28	6763	966	0
65542	28	757	966	0
72395	28	1012	966	0
110422	28	3388	966	0
129134	28	575	966	0
58035	28	866	966	0
45548	28	27880	966	0
59569	28	2846	966	0
49708	28	651	966	0
68881	28	694	966	0
77628	28	1175	966	0
73024	28	2503	966	0
62718	28	481	966	0
69260	28	291	966	0
87845	28	797	966	0
32142	28	552	966	0
25773	28	276	966	0
28944	28	3080	966	0
51881	28	651	966	0
108880	28	37326	966	0
9858	28	3513	966	0
23641	28	4845	966	0
40752	28	3491	966	0
80069	28	4200	966	0
51352	28	913	966	0
52193	28	1163	966	0
56540	28	231	966	0
21916	28	22	966	0
34628	28	19553	966	0
6238	28	2785	966	0
62607	28	3420	966	0
114338	28	1822	966	0
40011	28	236	966	0
110547	28	1527	966	0
149427	28	2694	966	0
65640	28	2837	966	0
96028	28	1390	966	0
86105	28	735	966	0
108984	28	505	966	0
10623	28	110	966	0
17880	28	805	966	0
49380	28	2075	966	0
77645	28	4243	966	0
43944	28	485	966	0
95564	28	4363	966	0
81064	28	241	966	0
51800	28	580	966	0
15681	28	546	966	0
11734	28	450	966	0
73228	28	1601	966	0
12227	28	91344	966	0
72048	28	1562	966	0
28130	28	962	966	0
106431	28	781	966	0
153483	28	273	966	0
40686	28	669	966	0
86689	28	4586	966	0
50329	28	3366	966	0
17473	28	559	966	0
48579	28	102	966	0
86502	28	184	966	0
40330	28	336	966	0
97270	28	1277	966	0
76345	28	565	966	0
98512	28	1384	966	0
104604	28	3027	966	0
5894	28	745	966	0
10032	28	7465	966	0
39215	28	2697	966	0
69052	28	591	966	0
15750	28	1124	966	0
52528	28	662	966	0
61168	28	1265	966	0
39164	28	2551	966	0
17339	28	191	966	0
130598	28	1600	966	0
69354	28	241	966	0
140084	28	1251	966	0
127008	28	2562	966	0
44223	28	32	966	0
129735	28	7118	966	0
35264	28	1363	966	0
179100	28	3931	966	0
56664	28	2791	966	0
38347	28	4246	966	0
42869	28	509	966	0
106568	28	1907	966	0
53855	28	64	966	0
50192	28	7465	966	0
14516	28	55	966	0
20660	28	231	966	0
132198	28	970	966	0
11371	28	83	966	0
50273	28	236	966	0
21063	28	1700	966	0
18260	28	222	966	0
116694	28	15006	966	0
23580	28	19	966	0
91694	28	825	966	0
50162	28	1814	966	0
20239	28	1314	966	0
32738	28	582	966	0
92069	28	1370	966	0
6843	28	153	966	0
57611	28	707	966	0
98055	28	156	966	0
39082	28	32	966	0
111663	28	3739	966	0
84918	28	505	966	0
123753	28	2639	966	0
129043	28	3971	966	0
31552	28	653	966	0
42892	28	1300	966	0
70265	28	3702	966	0
93418	28	7535	966	0
149807	28	2694	966	0
89291	28	4845	966	0
26732	28	1942	966	0
40010	28	2263	966	0
61740	28	6549	966	0
70512	28	821	966	0
92461	28	1214	966	0
96881	28	1907	966	0
45276	28	47150	966	0
33144	28	16410	966	0
99852	28	171	966	0
36233	28	2075	966	0
29788	28	933	966	0
9565	28	140	966	0
53674	28	455	966	0
75521	28	119	966	0
130065	28	1909	966	0
134551	28	3151	966	0
42824	28	1775	966	0
83772	28	2334	966	0
64291	28	1099	966	0
136905	28	303	966	0
34417	28	215	966	0
151839	28	505	966	0
16813	28	1919	966	0
56709	28	348	966	0
59443	28	99	966	0
37305	28	3321	966	0
15951	28	977	966	0
7188	28	725	966	0
95860	28	616	966	0
12030	28	88	966	0
55379	28	1081	966	0
79455	28	2912	966	0
19169	28	95	966	0
16321	28	12647	966	0
72485	28	1954	966	0
126353	28	818	966	0
122236	28	4563	966	0
22972	28	2058	966	0
125948	28	1468	966	0
51963	28	2014	966	0
35816	28	1002	966	0
14893	28	1576	966	0
93868	28	1115	966	0
27615	28	123	966	0
17426	28	2689	966	0
71435	28	536	966	0
142642	28	71188	966	0
104284	28	1155	966	0
35530	28	1754	966	0
75039	28	1610	966	0
75369	28	106	966	0
84508	28	404	966	0
88299	28	1610	966	0
111323	28	1221	966	0
66640	28	17207	966	0
11285	28	671	966	0
40504	28	2264	966	0
130494	28	1430	966	0
58129	28	17469	966	0
21165	28	232	966	0
120713	28	2276	966	0
38338	28	618	966	0
129595	28	703	966	0
7007	28	7113	966	0
92396	28	380	966	0
96701	28	1506	966	0
44449	28	233	966	0
6358	28	465	966	0
41375	28	17063	966	0
21888	28	39231	966	0
28404	28	3906	966	0
80048	28	2913	966	0
15915	28	124	966	0
16821	28	1012	966	0
66857	28	1402	966	0
11713	28	836	966	0
92149	28	1134	966	0
20165	28	850	966	0
89506	28	1936	966	0
153864	28	1708	966	0
82079	28	61	966	0
44442	28	452	966	0
82362	28	39	966	0
111067	28	477	966	0
77118	28	3119	966	0
87314	28	4244	966	0
46693	28	963	966	0
44049	28	458	966	0
29347	28	2984	966	0
66381	28	1351	966	0
56972	28	81	966	0
107395	28	1339	966	0
153912	28	2694	966	0
83018	28	1506	966	0
46477	28	964	966	0
89222	28	289	966	0
54116	28	1388	966	0
14335	28	330	966	0
19473	28	67683	966	0
74881	28	357	966	0
141816	28	193	966	0
16209	28	539	966	0
27259	28	31207	966	0
39520	28	19553	966	0
51915	28	648	966	0
80570	28	670	966	0
11149	28	328	966	0
11084	28	223	966	0
42099	28	2592	966	0
11349	28	9035	966	0
45586	28	674	966	0
75290	28	1562	966	0
14193	28	698	966	0
111125	28	1600	966	0
69133	28	1710	966	0
81373	28	551	966	0
12065	28	160	966	0
143578	28	412	966	0
19110	28	43	966	0
118768	28	892	966	0
125812	28	5733	966	0
64128	28	465	966	0
61535	28	37803	966	0
60037	28	501	966	0
54479	28	574	966	0
92622	28	269	966	0
47270	28	3995	966	0
55640	28	12348	966	0
95879	28	292	966	0
80853	28	695	966	0
85241	28	7071	966	0
9148	28	2142	966	0
65134	28	2170	966	0
77605	28	1958	966	0
20861	28	1034	966	0
104537	28	1052	966	0
26235	28	1753	966	0
8571	28	58	966	0
23512	28	1594	966	0
80570	28	1500	966	0
83960	28	843	966	0
6843	28	1475	966	0
19621	28	149	966	0
34334	28	1590	966	0
17040	28	504	966	0
57928	28	1806	966	0
110959	28	3151	966	0
81707	28	191	966	0
37591	14	2990	966	0
31035	28	1008	966	0
87101	14	3622	966	0
76756	28	3583	966	0
95432	28	437	966	0
57255	28	236	966	0
44572	28	492	966	0
28557	28	133	966	0
29416	28	1345	966	0
101761	28	9646	966	0
62810	28	557	966	0
101696	28	580	966	0
37951	28	1296	966	0
30598	28	2762	966	0
92281	28	2970	966	0
38525	28	109	966	0
77134	14	373	966	0
30027	28	68	966	0
17074	28	2187	966	0
88793	28	431	966	0
94481	28	17824	966	0
87463	28	1216	966	0
79860	28	552	966	0
13759	28	552	966	0
40753	28	5797	966	0
37747	28	4328	966	0
89185	28	1160	966	0
23107	28	1562	966	0
98071	28	418	966	0
28161	28	903	966	0
78388	28	2381	966	0
29228	28	2208	966	0
22964	28	2913	966	0
85090	28	875	966	0
111470	28	184	966	0
69354	28	640	966	0
20765	28	1346	966	0
15080	28	58	966	0
45640	28	1296	966	0
70068	28	484	966	0
45952	28	1896	966	0
35971	28	1942	966	0
73446	28	3465	966	0
154153	28	505	966	0
94767	28	28327	966	0
26208	28	1570	966	0
113745	28	1269	966	0
48920	28	49	966	0
52361	28	391	966	0
57759	28	10772	966	0
67400	28	3103	966	0
16577	28	18387	966	0
62166	28	2759	966	0
46468	28	1484	966	0
28403	28	4378	966	0
16352	28	147	966	0
24674	28	2519	966	0
92397	28	2270	966	0
27201	28	1655	966	0
66331	28	3838	966	0
14172	28	1806	966	0
84180	28	1762	966	0
47059	28	291	966	0
40853	28	583	966	0
82506	28	1527	966	0
17228	28	1201	966	0
85083	28	1506	966	0
107828	28	52843	966	0
76788	28	415	966	0
13748	28	1169	966	0
52070	28	397	966	0
55564	28	550	966	0
6181	28	61	966	0
31835	28	2276	966	0
86179	28	1320	966	0
43743	28	659	966	0
53256	28	795	966	0
33199	28	1733	966	0
75050	28	510	966	0
47601	28	1147	966	0
39666	28	1710	966	0
36300	28	493	966	0
77927	28	526	966	0
58413	28	3824	966	0
24323	28	2108	966	0
109517	28	2264	966	0
110707	28	1013	966	0
37170	28	574	966	0
60747	28	165	966	0
30042	28	2054	966	0
12701	28	358	966	0
15658	28	2436	966	0
44459	28	3593	966	0
105232	28	565	966	0
17179	28	35809	966	0
41069	28	1655	966	0
75214	28	5860	966	0
10321	28	76	966	0
99846	28	707	966	0
50224	28	597	966	0
84815	28	5963	966	0
73706	28	28308	966	0
22147	28	159	966	0
9221	28	1937	966	0
18083	28	1577	966	0
85547	28	510	966	0
89374	28	64	966	0
44458	28	5605	966	0
61078	28	2085	966	0
51203	28	2196	966	0
41072	28	348	966	0
10032	28	988	966	0
153166	28	21233	966	0
25710	28	808	966	0
100105	28	835	966	0
54998	28	485	966	0
88691	28	32928	966	0
44944	28	2678	966	0
26108	28	6414	966	0
31214	28	32	966	0
8237	28	22	966	0
69383	28	17258	966	0
23691	28	105	966	0
49739	28	143	966	0
40417	28	583	966	0
81550	28	199	966	0
76612	28	459	966	0
69917	28	3570	966	0
78139	28	4651	966	0
154355	28	1504	966	0
60944	28	160	966	0
7720	28	2666	966	0
154359	28	2156	966	0
29641	28	1885	966	0
24535	28	51051	966	0
87894	28	5406	966	0
71852	28	514	966	0
68640	28	3084	966	0
111695	28	219	966	0
70571	28	427	966	0
68651	28	1131	966	0
30741	28	4238	966	0
75123	28	2829	966	0
111515	28	1745	966	0
82388	28	755	966	0
44735	28	238	966	0
111869	28	2058	966	0
122071	28	1134	966	0
60991	28	675	966	0
47837	28	1002	966	0
154407	28	266	966	0
51893	28	41	966	0
113169	28	32	966	0
41624	28	1562	966	0
83437	28	659	966	0
36465	28	960	966	0
38759	28	758	966	0
21603	28	2791	966	0
130869	28	3649	966	0
51588	28	236	966	0
16219	28	653	966	0
21264	28	1776	966	0
76533	28	168	966	0
62816	28	825	966	0
181485	28	835	966	0
86921	28	3433	966	0
154434	28	196	966	0
77415	28	871	966	0
24583	28	3287	966	0
21162	28	2884	966	0
88354	28	1206	966	0
126558	28	2119	966	0
64016	28	32368	966	0
36022	28	231	966	0
6097	28	68	966	0
68320	28	2051	966	0
106377	28	17227	966	0
80518	28	1004	966	0
33048	28	3075	966	0
110658	28	35938	966	0
68641	28	3103	966	0
39523	28	1154	966	0
123025	28	1214	966	0
19942	28	17258	966	0
86289	28	2023	966	0
94129	28	2196	966	0
8486	28	597	966	0
20986	28	1993	966	0
22926	28	1320	966	0
39495	28	796	966	0
81669	28	1549	966	0
106033	28	837	966	0
24642	28	1829	966	0
52121	28	16	966	0
76401	28	1141	966	0
27096	28	1650	966	0
36864	28	1048	966	0
11569	28	98	966	0
89799	28	1222	966	0
19106	28	8866	966	0
21209	28	622	966	0
97176	28	1458	966	0
9883	28	1601	966	0
88488	28	7411	966	0
18407	28	1193	966	0
51020	28	236	966	0
77026	28	427	966	0
42418	28	5650	966	0
122877	28	2728	966	0
106431	28	1147	966	0
124567	28	524	966	0
19064	28	2179	966	0
73387	28	5755	966	0
100411	28	136	966	0
47089	28	5650	966	0
93388	28	639	966	0
12671	28	1186	966	0
20762	28	1032	966	0
79918	28	2154	966	0
52871	28	3439	966	0
56121	28	361	966	0
41584	28	184	966	0
77706	28	1292	966	0
19212	28	1027	966	0
18413	28	784	966	0
41104	28	504	966	0
107828	28	1150	966	0
61757	28	1536	966	0
30008	28	149	966	0
23670	28	51425	966	0
104845	28	703	966	0
76748	28	1983	966	0
84506	28	1320	966	0
48779	28	106	966	0
23106	14	4413	966	0
24025	28	1545	966	0
110552	28	878	966	0
38454	28	60	966	0
119296	28	1423	966	0
77885	28	2311	966	0
76150	28	2165	966	0
92350	28	10879	966	0
88767	28	524	966	0
25416	28	2585	966	0
37457	28	2182	966	0
8537	28	242	966	0
7184	28	1144	966	0
54983	28	388	966	0
32907	28	693	966	0
87733	28	1016	966	0
75905	28	1134	966	0
105088	28	1338	966	0
147876	14	13798	966	0
13181	28	741	966	0
127321	28	1691	966	0
20559	28	2107	966	0
43085	28	30141	966	0
95952	28	1293	966	0
14954	28	105	966	0
42013	28	2809	966	0
19331	28	4474	966	0
8515	28	256	966	0
67651	28	6528	966	0
71597	28	63	966	0
182106	28	21233	966	0
96269	28	4113	966	0
45626	28	227	966	0
13926	28	1610	966	0
29964	28	607	966	0
103971	28	2948	966	0
88858	28	3246	966	0
20531	28	195	966	0
81757	28	570	966	0
93361	28	1249	966	0
31394	28	31813	966	0
100812	28	2865	966	0
24657	28	1912	966	0
26217	28	1722	966	0
95543	28	701	966	0
31000	28	803	966	0
88354	28	835	966	0
18970	28	222	966	0
42841	28	406	966	0
52772	28	276	966	0
89639	28	2577	966	0
129841	28	1016	966	0
113722	28	481	966	0
48510	28	1840	966	0
64046	28	8663	966	0
9346	28	607	966	0
142817	28	32	966	0
81373	28	186	966	0
62125	28	3999	966	0
108540	28	23	966	0
54163	28	411	966	0
119808	14	83321	966	0
126558	28	10385	966	0
8170	28	41530	966	0
78255	28	530	966	0
152472	28	462	966	0
27798	28	6923	966	0
76253	28	2608	966	0
109597	28	2629	966	0
17972	28	4720	966	0
51603	28	507	966	0
25649	28	22251	966	0
105986	28	2128	966	0
46780	28	32	966	0
14417	28	336	966	0
182350	28	5962	966	0
9432	28	1036	966	0
27898	28	1710	966	0
93090	28	1008	966	0
20734	28	180	966	0
34964	28	29	966	0
51016	28	144	966	0
22447	28	252	966	0
82063	28	298	966	0
68118	28	430	966	0
64075	28	890	966	0
8107	28	557	966	0
67741	28	2848	966	0
111257	28	1430	966	0
13130	28	1985	966	0
67859	28	1116	966	0
30598	28	10772	966	0
116056	28	1412	966	0
62354	28	2151	966	0
40624	28	2075	966	0
21080	28	30	966	0
49134	28	401	966	0
55925	28	1803	966	0
136047	28	1257	966	0
38011	28	882	966	0
21176	28	122	966	0
49252	28	8368	966	0
52398	28	1134	966	0
107053	28	50069	966	0
64323	28	3149	966	0
105511	28	1404	966	0
37889	28	1254	966	0
8687	28	1158	966	0
61817	28	2968	966	0
79202	28	6143	966	0
61572	28	2277	966	0
23923	28	3985	966	0
112085	28	1208	966	0
29445	28	2583	966	0
85235	28	973	966	0
45034	28	348	966	0
23033	28	19	966	0
65583	28	3265	966	0
49603	28	1693	966	0
22891	28	568	966	0
23858	28	32	966	0
52653	28	1547	966	0
8170	28	4831	966	0
17309	28	2412	966	0
92307	28	1342	966	0
40727	28	244	966	0
35511	28	184	966	0
75505	28	463	966	0
145841	28	3151	966	0
67382	28	1937	966	0
95039	28	1776	966	0
16199	28	346	966	0
19157	28	277	966	0
25806	28	1282	966	0
109498	28	1138	966	0
58656	28	3714	966	0
108047	28	394	966	0
11676	28	81	966	0
74693	28	276	966	0
60086	28	675	966	0
82079	28	86	966	0
13501	28	288	966	0
89744	28	1694	966	0
114680	28	4724	966	0
83614	28	678	966	0
129541	14	48717	966	0
66911	28	2809	966	0
40465	28	1090	966	0
79049	28	32033	966	0
45647	28	592	966	0
64525	28	122	966	0
111082	28	171	966	0
19054	28	484	966	0
118798	28	2166	966	0
46205	28	1311	966	0
73237	28	141	966	0
21204	28	358	966	0
18460	28	9035	966	0
105443	28	3470	966	0
12439	28	938	966	0
47289	28	9035	966	0
65583	28	1446	966	0
74980	28	840	966	0
65426	28	3373	966	0
85767	28	35357	966	0
60417	28	938	966	0
12060	28	44	966	0
13595	28	743	966	0
82016	28	430	966	0
29515	28	32	966	0
106815	28	769	966	0
68158	28	185	966	0
30400	28	459	966	0
109504	28	1153	966	0
7568	28	591	966	0
79762	28	4152	966	0
107263	28	1129	966	0
55848	28	71	966	0
95139	28	167	966	0
13453	28	80	966	0
112149	28	3149	966	0
23078	28	149	966	0
64634	28	6983	966	0
71294	28	1151	966	0
80453	28	2086	966	0
48674	28	1257	966	0
5473	28	1302	966	0
106022	28	37326	966	0
109482	28	404	966	0
67351	28	310	966	0
34482	28	3860	966	0
52121	28	5669	966	0
17666	28	1794	966	0
60880	28	901	966	0
68884	28	4748	966	0
41375	28	105143	966	0
110535	23	118957	966	0
31449	28	29	966	0
84111	28	1132	966	0
44481	28	3075	966	0
24653	28	1171	966	0
15251	28	8931	966	0
89692	28	18272	966	0
115976	28	1876	966	0
38218	28	2103	966	0
26299	28	523	966	0
31318	28	1601	966	0
25094	28	583	966	0
21176	28	29	966	0
28365	28	61	966	0
8337	28	1832	966	0
74480	28	1468	966	0
83243	28	483	966	0
69025	28	3317	966	0
80085	28	3475	966	0
63718	28	5439	966	0
74911	28	248	966	0
129246	28	8306	966	0
22116	28	1938	966	0
153394	28	919	966	0
40251	28	41356	966	0
28485	28	2440	966	0
127753	28	2984	966	0
110973	28	2503	966	0
54744	28	4605	966	0
79107	28	1333	966	0
35163	28	3615	966	0
109426	28	570	966	0
15507	28	1776	966	0
68073	28	1053	966	0
10882	28	79	966	0
40088	28	2948	966	0
26446	28	1288	966	0
65443	28	2059	966	0
30932	28	129	966	0
49417	28	1270	966	0
15458	28	153	966	0
31001	28	192	966	0
133960	28	1260	966	0
85189	28	3990	966	0
7435	28	14923	966	0
107125	28	1265	966	0
94137	28	36179	966	0
94492	28	477	966	0
53856	28	3615	966	0
68336	28	6492	966	0
66032	28	3246	966	0
10072	28	42	966	0
80204	28	4919	966	0
83857	28	234	966	0
100319	28	2977	966	0
93852	28	758	966	0
6627	28	1411	966	0
26705	28	1508	966	0
25964	28	526	966	0
108778	28	1577	966	0
42852	28	228	966	0
36220	28	19	966	0
26675	28	536	966	0
25906	28	1265	966	0
45812	28	1254	966	0
15502	28	4146	966	0
11329	28	65	966	0
20508	28	2876	966	0
4557	28	1700	966	0
49005	28	1763	966	0
10460	28	1243	966	0
31429	28	1339	966	0
11375	28	2791	966	0
37110	28	1043	966	0
40481	28	1192	966	0
31834	28	2302	966	0
34538	28	592	966	0
38155	28	216	966	0
29192	28	1690	966	0
7789	28	554	966	0
128256	28	848	966	0
22496	28	2146	966	0
13498	28	1012	966	0
119929	28	19484	966	0
86479	28	75967	966	0
56024	28	234	966	0
63685	28	714	966	0
76830	28	1728	966	0
89772	28	10533	966	0
74065	28	29850	966	0
22572	28	27	966	0
16793	28	37	966	0
36998	28	920	966	0
21037	28	830	966	0
55828	28	558	966	0
8817	28	432	966	0
104949	28	4083	966	0
12749	28	4678	966	0
32847	28	828	966	0
59837	28	76	966	0
9108	28	8291	966	0
154085	28	1660	966	0
125655	28	781	966	0
154355	28	18654	966	0
30815	28	464	966	0
18627	28	2174	966	0
52413	28	2282	966	0
83869	28	5123	966	0
22452	28	484	966	0
126539	28	1653	966	0
30609	28	2257	966	0
104227	28	1501	966	0
23748	28	72	966	0
19842	28	53	966	0
35432	28	5525	966	0
23282	28	1282	966	0
13571	28	1105	966	0
74499	28	1081	966	0
9069	28	47	966	0
104826	28	3470	966	0
42857	28	13607	966	0
11479	28	2108	966	0
12726	28	1195	966	0
7208	28	366	966	0
40994	28	961	966	0
46770	28	413	966	0
66478	28	571	966	0
130636	28	1760	966	0
6115	28	1610	966	0
27803	28	2140	966	0
93268	28	1195	966	0
103714	28	458	966	0
27817	28	5852	966	0
82073	28	887	966	0
21258	28	691	966	0
83924	28	298	966	0
22780	28	401	966	0
8661	28	1731	966	0
16984	28	1268	966	0
123507	28	753	966	0
37456	28	3325	966	0
37415	28	1500	966	0
48346	28	5479	966	0
130581	28	1270	966	0
33164	28	17207	966	0
87888	28	713	966	0
82219	28	1059	966	0
58185	28	3027	966	0
55899	28	2324	966	0
31291	28	461	966	0
42707	28	726	966	0
24756	28	1720	966	0
35326	28	938	966	0
16039	28	526	966	0
108091	28	214	966	0
129595	28	184	966	0
65159	28	17063	966	0
39871	28	348	966	0
6169	28	274	966	0
14836	28	1392	966	0
83989	28	27	966	0
107118	28	1150	966	0
70758	28	273	966	0
129899	28	540	966	0
9365	28	64	966	0
72348	28	391	966	0
16923	28	840	966	0
73716	14	23525	966	0
73920	28	1076	966	0
32399	28	22176	966	0
51828	28	205	966	0
52346	28	1788	966	0
20610	28	37	966	0
107548	28	2264	966	0
113418	28	722	966	0
19640	28	520	966	0
100584	28	169	966	0
11196	28	778	966	0
102851	28	17824	966	0
44243	28	1407	966	0
71224	28	750	966	0
63032	28	2128	966	0
49137	28	346	966	0
98800	28	570	966	0
26112	28	2544	966	0
146415	28	1339	966	0
50869	28	580	966	0
20870	28	1995	966	0
90619	28	2641	966	0
26829	28	1766	966	0
24701	28	476	966	0
21787	28	1481	966	0
17314	28	2075	966	0
77306	28	175	966	0
138639	28	432	966	0
78120	28	907	966	0
52508	28	1135	966	0
117027	28	2054	966	0
15635	28	574	966	0
94874	28	4472	966	0
9913	28	653	966	0
83370	28	3838	966	0
120957	28	4802	966	0
39913	28	143	966	0
62114	28	498	966	0
71402	28	1435	966	0
107829	28	2478	966	0
15882	28	42	966	0
76427	28	1229	966	0
63692	28	72064	966	0
28784	28	1257	966	0
12784	28	1411	966	0
92149	28	483	966	0
51198	28	1975	966	0
26936	28	1153	966	0
184586	28	2694	966	0
10336	28	1506	966	0
64325	28	79	966	0
23636	28	234	966	0
11570	28	147	966	0
37506	28	22	966	0
31682	28	1677	966	0
68746	28	505	966	0
111728	28	213	966	0
38476	28	4477	966	0
44778	28	1876	966	0
83945	28	76	966	0
57159	28	476	966	0
38288	28	2086	966	0
95041	28	2020	966	0
155099	28	532	966	0
110198	28	1766	966	0
81418	28	129	966	0
63074	28	4472	966	0
131888	28	345	966	0
49994	28	4933	966	0
105436	28	2615	966	0
32304	28	2170	966	0
19117	28	251	966	0
108751	28	184729	966	0
42510	28	6108	966	0
139143	28	1568	966	0
25713	28	268	966	0
7806	28	74	966	0
105292	28	1718	966	0
81070	28	2373	966	0
60341	28	2148	966	0
103748	28	357	966	0
11157	28	1742	966	0
49689	28	4319	966	0
17497	28	1158	966	0
65407	28	334	966	0
31511	28	1811	966	0
12354	28	1744	966	0
154511	14	5310	966	0
35223	28	47	966	0
38328	28	135	966	0
131641	28	651	966	0
70891	28	833	966	0
15711	28	1684	966	0
135686	28	533	966	0
98547	28	11137	966	0
33555	28	6055	966	0
97960	28	597	966	0
109880	28	1617	966	0
51455	28	110	966	0
6214	28	1640	966	0
62680	28	37	966	0
32873	28	370	966	0
43660	28	603	966	0
36420	28	477	966	0
8140	28	662	966	0
8824	28	3542	966	0
111182	28	1679	966	0
17161	28	882	966	0
42731	28	964	966	0
10715	28	343	966	0
16232	28	1195	966	0
144948	28	1002	966	0
36856	28	1590	966	0
11096	28	704	966	0
60072	28	3439	966	0
60060	28	105143	966	0
57033	28	13286	966	0
76552	28	864	966	0
88078	28	883	966	0
131043	28	1132	966	0
127094	28	3777	966	0
47063	28	3076	966	0
7296	28	1710	966	0
30008	28	152	966	0
50205	28	681	966	0
40168	28	60	966	0
80870	28	909	966	0
29897	28	120	966	0
34671	28	578	966	0
102793	28	3688	966	0
72579	28	10772	966	0
55973	28	2054	966	0
129146	28	90131	966	0
115047	28	967	966	0
33259	28	1866	966	0
78233	28	679	966	0
98411	28	1294	966	0
67047	28	29009	966	0
82002	28	18	966	0
110872	28	1084	966	0
40225	28	3194	966	0
70063	28	1712	966	0
51799	28	276	966	0
44382	28	74	966	0
23006	28	366	966	0
10325	28	1555	966	0
15760	28	371	966	0
79057	28	3975	966	0
141924	28	1467	966	0
35617	28	154	966	0
66429	28	954	966	0
78170	28	15092	966	0
145604	28	8823	966	0
87802	28	2795	966	0
80931	28	923	966	0
56576	28	268	966	0
27533	28	694	966	0
74023	28	1134	966	0
21797	28	1583	966	0
48425	28	19553	966	0
21693	28	570	966	0
20747	28	3781	966	0
12912	28	2095	966	0
92059	28	681	966	0
36738	28	5089	966	0
53935	28	1690	966	0
13280	28	992	966	0
87912	28	348	966	0
72766	28	815	966	0
79503	14	185346	966	0
49402	28	286	966	0
66535	28	1623	966	0
118229	28	195	966	0
99494	28	1131	966	0
40164	28	547	966	0
8322	28	30	966	0
54764	28	634	966	0
147631	28	499	966	0
89535	28	1644	966	0
116064	28	1980	966	0
38163	28	146	966	0
53735	28	1329	966	0
21712	28	5504	966	0
49362	28	3484	966	0
40217	28	714	966	0
127540	28	1985	966	0
24786	28	2317	966	0
53160	28	3503	966	0
101663	28	3896	966	0
94169	28	1402	966	0
51571	28	615	966	0
81617	28	1342	966	0
69957	28	3193	966	0
73282	28	3583	966	0
15657	28	23520	966	0
130827	28	1049	966	0
97916	28	910	966	0
109967	28	387	966	0
17547	28	2785	966	0
55502	28	221	966	0
81752	28	198	966	0
94359	28	162	966	0
56003	28	60184	966	0
123025	28	2177	966	0
62887	28	1793	966	0
111487	28	1403	966	0
63705	28	1399	966	0
19587	28	73	966	0
75380	28	2182	966	0
47673	28	388	966	0
60885	28	660	966	0
79035	28	1147	966	0
40820	28	2901	966	0
54053	28	24131	966	0
130667	28	6414	966	0
98360	28	757	966	0
102992	28	756	966	0
22771	28	61	966	0
107755	28	232	966	0
71437	28	2185	966	0
62450	14	4424	966	0
61728	28	257	966	0
34097	28	981	966	0
28792	28	1522	966	0
129165	28	3781	966	0
66050	28	95355	966	0
12330	28	1400	966	0
89268	28	2292	966	0
29600	28	227	966	0
31955	28	441	966	0
51108	28	68	966	0
11927	28	140	966	0
12661	28	242	966	0
27761	28	595	966	0
32863	28	13332	966	0
57163	28	2216	966	0
7374	28	175	966	0
40458	28	454	966	0
37258	28	1060	966	0
66516	28	69739	966	0
127440	28	406	966	0
33126	28	2178	966	0
72587	28	13351	966	0
21608	28	107	966	0
28508	28	1810	966	0
7276	28	1158	966	0
56106	28	184	966	0
11470	28	2411	966	0
58237	28	5160	966	0
66024	28	1693	966	0
10602	28	158	966	0
94966	28	1423	966	0
11593	28	2876	966	0
11077	28	224	966	0
78337	28	2182	966	0
24653	28	1861	966	0
75924	28	536	966	0
49488	28	547	966	0
28491	28	923	966	0
59559	28	501	966	0
38026	28	923	966	0
10388	28	634	966	0
9150	28	76	966	0
75702	28	3470	966	0
78341	28	969	966	0
83610	28	953	966	0
99452	28	401	966	0
52398	28	483	966	0
149012	28	565	966	0
14301	28	1043	966	0
73688	28	1396	966	0
54730	28	565	966	0
67500	28	418	966	0
98744	28	3744	966	0
40458	28	1096	966	0
111471	28	2795	966	0
11187	28	410	966	0
7779	28	4831	966	0
117546	28	439	966	0
152970	28	1900	966	0
129010	28	5549	966	0
30296	28	1199	966	0
75507	28	2075	966	0
71432	28	510	966	0
32081	28	353	966	0
67592	28	261	966	0
81366	28	4643	966	0
102117	28	616	966	0
52419	28	3702	966	0
27603	28	435	966	0
16264	28	72	966	0
86241	28	7901	966	0
35764	28	45	966	0
123279	28	394	966	0
65764	28	550	966	0
74409	28	1059	966	0
70673	28	2373	966	0
152199	28	2189	966	0
90379	28	808	966	0
11759	28	67	966	0
111519	28	48860	966	0
149233	28	165	966	0
19767	28	391	966	0
89187	28	5549	966	0
25156	28	931	966	0
12070	28	23	966	0
27183	28	615	966	0
44740	28	179	966	0
83105	28	4682	966	0
51833	28	816	966	0
7851	28	4474	966	0
11689	28	2197	966	0
51379	28	85237	966	0
93702	28	1150	966	0
54988	28	694	966	0
14970	28	1529	966	0
30807	28	557	966	0
31078	28	965	966	0
70334	28	184	966	0
13827	28	171	966	0
71480	28	120	966	0
23441	28	1542	966	0
57217	28	20310	966	0
62554	28	1905	966	0
56402	28	5835	966	0
77121	28	146	966	0
36180	28	691	966	0
29885	28	398	966	0
13922	28	102	966	0
90568	28	78	966	0
139333	28	1711	966	0
124860	28	13351	966	0
18960	28	337	966	0
15195	28	794	966	0
61091	28	2004	966	0
88593	28	1568	966	0
114872	28	412	966	0
121748	28	263	966	0
77880	14	23525	966	0
19650	28	623	966	0
70143	28	992	966	0
47743	28	1710	966	0
110707	28	2916	966	0
60189	28	13912	966	0
59974	28	119	966	0
130183	28	694	966	0
63645	28	2054	966	0
74013	28	816	966	0
81811	28	1430	966	0
116590	28	381	966	0
99531	28	938	966	0
29163	28	3702	966	0
12560	28	34035	966	0
43491	28	263	966	0
17221	28	2941	966	0
28630	28	784	966	0
186651	28	1359	966	0
21157	28	557	966	0
55469	28	676	966	0
73392	28	2568	966	0
52179	28	2138	966	0
38288	28	2791	966	0
109630	28	2280	966	0
38563	28	1693	966	0
111299	28	713	966	0
17507	28	805	966	0
60432	28	201	966	0
7835	28	3284	966	0
36814	28	2226	966	0
49631	28	830	966	0
106783	28	198	966	0
51134	28	1292	966	0
123221	28	8823	966	0
93562	28	570	966	0
47107	28	622	966	0
50320	28	184	966	0
94572	28	3084	966	0
8526	28	30	966	0
9103	28	55	966	0
66680	28	5153	966	0
16327	28	818	966	0
106042	28	32	966	0
95460	28	54	966	0
57527	28	2154	966	0
32566	28	102	966	0
130918	28	120	966	0
109823	28	315	966	0
33063	28	769	966	0
8619	28	44	966	0
89268	28	2663	966	0
14822	28	1839	966	0
63937	28	1562	966	0
130228	28	24824	966	0
128895	28	1112	966	0
37825	28	82177	966	0
13742	28	28794	966	0
15189	28	158	966	0
18901	28	2948	966	0
21249	28	415	966	0
79625	28	28327	966	0
12139	28	2733	966	0
31538	28	6442	966	0
71828	28	1420	966	0
37330	28	1876	966	0
54768	28	44	966	0
51912	28	275	966	0
74448	28	931	966	0
62737	28	872	966	0
98030	28	8108	966	0
16555	28	524	966	0
12517	28	1484	966	0
56008	28	1096	966	0
71971	28	524	966	0
34527	28	68	966	0
92290	28	682	966	0
20840	28	30	966	0
16145	28	520	966	0
11342	28	491	966	0
16061	28	290	966	0
27449	28	8006	966	0
7768	28	78	966	0
68694	28	1672	966	0
79315	28	81	966	0
63685	28	1389	966	0
16971	28	9376	966	0
26709	28	2913	966	0
37159	28	485	966	0
103601	28	47	966	0
19346	28	752	966	0
88336	28	381	966	0
111898	28	1085	966	0
83850	28	1061	966	0
125501	28	1394	966	0
11720	28	55	966	0
8481	28	1293	966	0
14254	28	277	966	0
94727	28	532	966	0
108564	28	2330	966	0
10886	28	48	966	0
114505	28	1085	966	0
94349	28	1180	966	0
72757	28	2292	966	0
8171	28	597	966	0
16584	28	387	966	0
34772	28	694	966	0
36884	28	1396	966	0
21785	28	821	966	0
90508	28	598	966	0
31544	28	18621	966	0
111086	28	4018	966	0
88801	28	6921	966	0
8092	28	86	966	0
22092	28	450	966	0
147115	28	198	966	0
18537	28	745	966	0
93705	28	809	966	0
21536	28	3946	966	0
39414	28	2558	966	0
56489	28	399	966	0
26387	28	33	966	0
16658	28	1107	966	0
40930	28	769	966	0
79151	28	2482	966	0
23955	28	245	966	0
101009	28	1018	966	0
91794	28	418	966	0
41680	28	101	966	0
17678	28	1215	966	0
113433	28	68175	966	0
67667	28	2809	966	0
63033	28	483	966	0
67294	28	1150	966	0
81186	28	1309	966	0
31421	28	1457	966	0
33520	28	509	966	0
52579	28	13180	966	0
88607	28	37470	966	0
95494	28	3544	966	0
52199	28	1288	966	0
49739	28	398	966	0
19537	28	4845	966	0
86957	23	50990	966	0
24869	28	330	966	0
83240	28	750	966	0
21123	14	5700	966	0
58873	28	40664	966	0
42593	28	1059	966	0
21574	28	597	966	0
70422	28	2128	966	0
44009	28	1570	966	0
111727	28	1577	966	0
31973	28	260	966	0
59577	28	598	966	0
111903	28	1178	966	0
55632	28	794	966	0
18973	28	234	966	0
40185	28	2263	966	0
28763	28	222	966	0
60280	28	940	966	0
81173	28	2807	966	0
110473	28	37	966	0
48765	28	419	966	0
39902	28	3838	966	0
9384	28	78	966	0
94032	28	13768	966	0
75462	28	640	966	0
29831	28	319	966	0
88176	28	1509	966	0
155162	28	682	966	0
36079	28	269	966	0
49478	28	3860	966	0
71290	28	1150	966	0
25985	28	1078	966	0
78555	28	13844	966	0
75937	28	2136	966	0
6141	28	1855	966	0
34328	28	181	966	0
19358	28	3177	966	0
66998	28	1158	966	0
82471	28	3781	966	0
67513	14	2368	966	0
52241	28	1332	966	0
30039	28	825	966	0
59760	28	794	966	0
28008	28	1147	966	0
111264	28	353	966	0
55559	28	3194	966	0
13072	28	2807	966	0
69027	28	2059	966	0
25234	28	401	966	0
15987	28	4586	966	0
56284	28	16365	966	0
10087	28	2162	966	0
103720	28	818	966	0
22218	28	2376	966	0
33566	28	618	966	0
81800	28	622	966	0
25096	28	1659	966	0
42252	28	336	966	0
6039	28	1365	966	0
86533	28	708	966	0
67311	28	1088	966	0
30470	28	1456	966	0
49488	28	1359	966	0
79057	28	3711	966	0
132976	28	669	966	0
72015	28	179	966	0
51376	28	671	966	0
28655	28	288	966	0
187837	28	809	966	0
65632	28	1000	966	0
44131	28	2035	966	0
119373	28	47651	966	0
118264	28	2233	966	0
41051	28	2371	966	0
66965	28	1018	966	0
97975	28	145	966	0
13533	28	120	966	0
67496	28	451	966	0
58632	28	962	966	0
31544	28	2959	966	0
41052	28	109	966	0
67989	28	452	966	0
63652	28	1150	966	0
22249	28	2353	966	0
26524	28	248	966	0
56976	28	17363	966	0
18498	28	2968	966	0
92118	28	483	966	0
25933	28	23848	966	0
42085	28	484	966	0
38478	28	526	966	0
59848	28	10779	966	0
38224	28	17207	966	0
116556	28	1506	966	0
61392	28	531	966	966
71435	28	988	966	966
97288	28	133	966	966
97553	28	126	966	966
113745	28	2959	966	966
84355	28	542	966	966
74132	28	363	966	966
100100	28	248	966	966
116556	28	61	966	966
116976	28	155	966	966
36640	28	1676	966	966
76345	28	282	966	966
83067	28	592	966	966
119131	28	82	966	966
74608	28	832	966	966
78617	28	231	966	966
86859	28	17129	966	966
140015	28	1368	966	966
105324	28	931	966	966
105822	28	188	966	966
118206	28	492	966	966
83622	28	1091	966	966
123025	28	304	966	966
115589	28	165	966	966
106478	28	99	966	966
68355	28	2036	966	966
92787	28	124	966	966
79567	28	630	966	966
64961	28	199	966	966
92988	28	16	966	966
84513	28	437	966	966
40755	28	185	966	966
25735	28	1460	966	966
114712	28	254	966	966
38495	28	64454	966	966
35874	28	248	966	966
167203	28	1709	966	966
102865	28	1581	966	966
69580	28	286	966	966
21820	28	5355	966	966
8949	28	998	966	966
32954	28	201	966	966
51833	28	295	966	966
110520	28	5351	966	966
105089	28	735	966	966
103091	28	1734	966	966
6843	28	1712	966	966
36361	28	121	966	966
81302	28	51	966	966
129010	28	593	966	966
90452	28	1985	966	966
118443	28	1127	966	966
104654	28	156	966	966
42324	28	20	966	966
131556	28	104	966	966
46528	28	586	966	966
101528	28	291	966	966
60464	28	16	966	966
136346	28	1380	966	966
109304	28	1351	966	966
80792	28	808	966	966
126573	28	386	966	966
62824	28	598	966	966
129972	28	85	966	966
76115	28	56	966	966
144470	28	317	966	966
149552	28	384	966	966
67711	28	317	966	966
89407	28	37	966	966
95460	28	140	966	966
84226	28	181	966	966
95929	28	72	966	966
128471	28	50	966	966
153115	28	136	966	966
76189	28	571	966	966
58856	28	796	966	966
56353	28	242	966	966
106518	28	30581	966	966
125581	28	198	966	966
61087	28	156	966	966
15794	28	452	966	966
70178	28	20	966	966
79791	28	37	966	966
120051	28	592	966	966
78583	28	47	966	966
63950	28	66	966	966
102246	28	975	966	966
78984	28	36	966	966
49134	28	52	966	966
88607	28	1036	966	966
105139	28	1127	966	966
44739	28	1061	966	967
95839	28	52002	966	967
70484	28	69	966	967
95861	28	500	966	967
18622	28	369	966	967
70567	28	99	966	967
82330	28	4497	966	967
14283	28	878	966	967
18666	28	1595	966	967
112091	28	1795	966	967
16402	28	602	966	967
24891	28	111	966	967
7155	28	240	966	967
18738	28	830	966	967
29102	28	498	966	967
52257	28	679	966	967
24959	28	4643	966	967
24972	28	171	966	967
60866	28	7633	966	967
21898	28	754	966	967
82615	28	2846	966	967
96211	28	1012	966	967
45219	28	570	966	967
61013	28	897	966	967
11426	28	83	966	967
18976	28	1444	966	967
45251	28	680	966	967
18987	28	482	966	967
52579	28	39231	966	967
33812	28	3860	966	967
71191	28	436	966	967
82886	28	1153	966	967
61245	28	1078	966	967
61324	28	1396	966	967
16464	28	2418	966	967
83011	28	2324	966	967
83034	28	3246	966	967
83067	28	1672	966	967
131737	28	4243	966	967
52869	28	1349	966	967
19209	28	1008	966	967
83182	28	1703	966	967
34104	28	2083	966	967
45666	28	344	966	967
14701	28	1847	966	967
10397	28	597	966	967
61572	28	5713	966	967
14723	28	3656	966	967
156074	28	1765	966	967
16804	28	474	966	967
131888	28	1290	966	967
29072	28	1214	966	967
16717	28	467	966	967
83370	28	52269	966	967
45841	28	1703	966	967
25633	28	885	966	967
29825	28	1474	966	967
10456	28	2561	966	967
16368	28	1835	966	967
96983	28	2503	966	967
25710	28	773	966	967
39804	28	3051	966	967
113089	28	483	966	967
61887	28	956	966	967
61889	28	159	966	967
34397	28	3750	966	967
21942	28	16	966	967
11445	28	522	966	967
45454	28	770	966	967
113150	28	22476	966	967
29378	28	5980	966	967
44859	28	248	966	967
22499	28	50	966	967
83639	28	427	966	967
25797	28	36	966	967
39905	28	4512	966	967
16995	28	294	966	967
13258	28	3304	966	967
39871	28	628	966	967
113256	28	53434	966	967
19523	28	169	966	967
7903	28	525	966	967
62083	28	2241	966	967
14925	28	174	966	967
22589	28	666	966	967
18665	28	174	966	967
62210	28	2277	966	967
22614	28	83	966	967
113424	28	261	966	967
13193	28	455	966	967
62280	28	133	966	967
113490	28	201	966	967
52555	28	169	966	967
30171	28	144	966	967
30172	28	1595	966	967
83950	28	1358	966	967
19674	28	998	966	967
15023	28	4403	966	967
25723	28	111	966	967
113643	28	610	966	967
72405	28	2564	966	967
97587	28	215	966	967
30252	28	1005	966	967
84120	28	347	966	967
25260	28	1596	966	967
62496	28	81	966	967
132663	28	2972	966	967
14764	28	192	966	967
72561	28	1684	966	967
26219	28	1794	966	967
26223	28	1618	966	967
22826	28	19832	966	967
72591	28	1409	966	967
34985	28	1022	966	967
25805	28	104	966	967
6105	28	180	966	967
40427	28	1598	966	967
54013	28	855	966	967
97822	28	887	966	967
46747	28	2436	966	967
84530	28	816	966	967
39344	28	1014	966	967
72782	28	690	966	967
22942	28	1499	966	967
46828	28	378	966	967
62887	28	1067	966	967
30516	28	498	966	967
12015	28	8498	966	967
26411	28	1876	966	967
39821	28	19949	966	967
60579	28	3414	966	967
72879	28	1567	966	967
8043	28	421	966	967
52801	28	581	966	967
26441	28	1264	966	967
10702	28	2178	966	967
114262	28	87	966	967
98220	28	483	966	967
84834	28	1779	966	967
63116	28	1396	966	967
98260	28	3284	966	967
19248	28	1755	966	967
9712	28	100	966	967
18988	28	23073	966	967
54466	28	1012	966	967
8401	28	1263	966	967
17426	28	669	966	967
73143	28	202	966	967
98362	28	311	966	967
34515	28	819	966	967
63281	28	803	966	967
11431	28	48	966	967
40466	28	972	966	967
63351	28	1233	966	967
40959	28	40	966	967
54607	28	1321	966	967
114513	28	909	966	967
98518	28	99	966	967
83240	28	257	966	967
30865	28	398	966	967
46423	28	759	966	967
41077	28	1836	966	967
85235	28	3793	966	967
54768	28	48	966	967
114680	28	623	966	967
14203	28	2777	966	967
73468	28	8108	966	967
13652	28	2320	966	967
63641	28	85379	966	967
9787	28	1216	966	967
54198	28	3318	966	967
63697	28	2809	966	967
73538	28	1703	966	967
54948	28	445	966	967
73688	28	1016	966	967
85485	28	908	966	967
133627	28	474	966	967
62392	28	404	966	967
45081	28	3435	966	967
23380	28	1006	966	967
98997	28	3246	966	967
47563	28	1018	966	967
15061	28	5665	966	967
47663	28	3597	966	967
13629	28	770	966	967
47692	28	546	966	967
99169	28	478	966	967
64010	28	1806	966	967
40688	28	3148	966	967
55233	28	836	966	967
47829	28	6923	966	967
23020	28	511	966	967
84068	28	10599	966	967
99290	28	232	966	967
31222	28	1268	966	967
9829	28	2759	966	967
12277	28	39954	966	967
115316	28	2178	966	967
64128	28	1365	966	967
55325	28	72	966	967
25730	28	1561	966	967
134074	28	11290	966	967
8137	28	47	966	967
85980	28	1651	966	967
15630	28	4139	966	967
31288	28	926	966	967
64233	28	13780	966	967
86030	28	558	966	967
31326	28	674	966	967
13179	28	1728	966	967
73267	28	100	966	967
48057	28	1325	966	967
99577	28	3688	966	967
99597	28	1688	966	967
115643	28	1267	966	967
99682	28	2270	966	967
157811	28	64454	966	967
35874	28	580	966	967
115699	28	659	966	967
61087	28	1794	966	967
26353	28	47	966	967
27286	28	616	966	967
64517	28	740	966	967
72249	28	19	966	967
74540	28	315	966	967
85437	28	881	966	967
12914	28	158	966	967
8930	28	99828	966	967
74324	28	13831	966	967
86404	28	234	966	967
13838	28	500	966	967
48282	28	354	966	967
7869	28	441	966	967
19567	28	1592	966	967
99942	28	167	966	967
74689	28	974	966	967
36307	28	1411	966	967
36315	28	210	966	967
86564	28	518	966	967
38947	28	4651	966	967
100064	28	930	966	967
14583	28	102	966	967
12394	28	311	966	967
31626	28	434	966	967
55898	28	273	966	967
64804	28	970	966	967
64813	28	192	966	967
20761	28	2159	966	967
11342	28	2209	966	967
12360	28	694	966	967
25189	28	3435	966	967
27479	28	1268	966	967
40652	28	529	966	967
86815	28	814	966	967
64961	28	351	966	967
19441	28	235	966	967
17164	28	639	966	967
27536	28	694	966	967
48251	28	31726	966	967
27312	28	575	966	967
36468	28	1230	966	967
15276	28	1948	966	967
116341	28	3995	966	967
86371	28	1264	966	967
100070	28	42212	966	967
36595	28	900	966	967
16361	28	298	966	967
14305	28	24	966	967
36635	28	1749	966	967
100525	28	5211	966	967
31792	28	408	966	967
75260	28	3921	966	967
27628	28	1751	966	967
75312	28	31818	966	967
100600	28	455	966	967
46419	28	4624	966	967
135208	28	22476	966	967
135210	28	833	966	967
36690	28	310	966	967
82309	28	5047	966	967
116557	28	920	966	967
48834	28	5059	966	967
87214	28	3038	966	967
61087	28	483	966	967
48886	28	110	966	967
52737	28	816	966	967
11244	28	1314	966	967
100771	28	1527	966	967
100786	28	787	966	967
23707	28	1171	966	967
42458	28	515	966	967
54539	28	39	966	967
100924	28	3994	966	967
87483	28	1855	966	967
8184	28	22	966	967
56576	28	2795	966	967
11539	28	3080	966	967
36869	28	21902	966	967
63356	28	179	966	967
56594	28	337	966	967
85038	28	4624	966	967
25184	28	1959	966	967
55652	28	3354	966	967
135571	28	2485	966	967
42552	28	22751	966	967
32025	28	1190	966	967
86410	28	32033	966	967
18022	28	923	966	967
15618	28	2283	966	967
72827	28	2641	966	967
40088	28	3149	966	967
101208	28	2092	966	967
86574	28	959	966	967
42661	28	839	966	967
75905	28	1076	966	967
10812	28	298	966	967
101283	28	1710	966	967
101291	28	5630	966	967
53996	28	1112	966	967
21913	28	2292	966	967
65819	28	345	966	967
11847	28	1334	966	967
75985	28	482	966	967
31836	28	681	966	967
27893	28	502	966	967
40317	28	679	966	967
11350	28	722	966	967
76022	28	1765	966	967
99767	28	3027	966	967
18795	28	1210	966	967
101383	28	56877	966	967
29541	28	2353	966	967
12511	28	789	966	967
96842	28	3690	966	967
72829	28	2941	966	967
14006	28	256	966	967
53408	28	255	966	967
21107	28	124	966	967
101295	28	15275	966	967
11793	28	1105	966	967
48307	28	99	966	967
76189	28	1446	966	967
32029	28	626	966	967
12976	28	998	966	967
12170	28	535	966	967
57008	28	923	966	967
12228	28	5790	966	967
20664	28	2589	966	967
42876	28	1690	966	967
101655	28	26431	966	967
117516	28	5584	966	967
11192	28	2391	966	967
117527	28	1483	966	967
84074	28	1796	966	967
76303	28	793	966	967
97706	28	3971	966	967
116133	28	893	966	967
88247	28	6151	966	967
101780	28	107	966	967
88256	28	32033	966	967
57141	28	2563	966	967
136295	28	411	966	967
13298	28	304	966	967
57159	28	112	966	967
85692	28	5283	966	967
14287	28	2280	966	967
24170	28	92	966	967
10163	28	618	966	967
53061	28	2277	966	967
11713	28	502	966	967
88370	28	1154	966	967
22393	28	1873	966	967
26841	28	381	966	967
31186	28	554	966	967
15224	28	39	966	967
13491	28	86	966	967
87784	28	971	966	967
24126	28	1267	966	967
16420	28	23073	966	967
95926	28	3994	966	967
117850	28	3129	966	967
20423	28	1778	966	967
57266	28	956	966	967
102053	28	2551	966	967
70674	28	129	966	967
102080	28	1725	966	967
40217	28	298	966	967
45682	28	347	966	967
16995	28	65	966	967
96711	28	2160	966	967
117998	28	6110	966	967
88609	28	3246	966	967
27860	28	1055	966	967
102248	28	215	966	967
23177	28	232	966	967
12205	28	4201	966	967
17276	28	596	966	967
14875	28	504	966	967
37438	28	274	966	967
118123	28	1325	966	967
30037	28	272	966	967
136776	28	75667	966	967
38775	28	1567	966	967
113970	28	5630	966	967
75351	28	233	966	967
12803	28	69	966	967
75662	28	707	966	967
16382	28	72	966	967
44952	28	261	966	967
6613	28	1026	966	967
28876	28	474	966	967
60525	28	833	966	967
88924	28	4497	966	967
102533	28	3426	966	967
5384	28	78	966	967
48878	28	1096	966	967
66680	28	2812	966	967
66687	28	13412	966	967
9195	28	25011	966	967
16514	28	602	966	967
89002	28	5793	966	967
40753	28	3205	966	967
52405	28	1600	966	967
29218	28	703	966	967
52200	28	234	966	967
24904	28	1005	966	967
14376	28	1286	966	967
46681	28	24268	966	967
45330	28	508	966	967
63298	28	3985	966	967
66694	28	235	966	967
61202	28	1547	966	967
39288	28	432	966	967
88794	28	988	966	967
86235	28	1394	966	967
9231	28	39129	966	967
86656	28	514	966	967
18937	28	618	966	967
84316	28	5661	966	967
49961	28	86	966	967
34030	28	63	966	967
118747	28	11290	966	967
82493	28	2571	966	967
57759	28	911	966	967
118768	28	2396	966	967
10386	28	142	966	967
25274	28	913	966	967
63950	28	79	966	967
19106	28	461	966	967
118949	28	205	966	967
72835	28	1476	966	967
100912	28	1076	966	967
102407	28	330	966	967
29657	28	752	966	967
118669	28	42212	966	967
6358	28	67	966	967
73884	28	1012	966	967
70600	28	404	966	967
10201	28	680	966	967
89481	28	998	966	967
137525	28	2615	966	967
29724	28	248	966	967
22314	28	215	966	967
70697	28	1230	966	967
10492	28	357	966	967
83617	28	1561	966	967
77505	28	774	966	967
89549	28	101	966	967
100994	28	659	966	967
103243	28	985	966	967
34322	28	3366	966	967
67084	28	528	966	967
25668	28	1883	966	967
119169	28	238	966	967
67111	28	1237	966	967
25914	28	263	966	967
30092	28	2263	966	967
14951	28	437	966	967
45891	28	4328	966	967
61935	28	3194	966	967
14970	28	1965	966	967
89407	28	1460	966	967
89681	28	539	966	967
97734	28	313	966	967
6358	28	332	966	967
40422	28	1115	966	967
62114	28	370	966	967
67191	28	2719	966	967
40012	28	222	966	967
62402	28	234	966	967
34802	28	2277	966	967
89784	28	2542	966	967
17175	28	377	966	967
64583	28	86	966	967
18987	28	531	966	967
22424	28	1093	966	967
30188	28	1583	966	967
34745	28	1268	966	967
97981	28	707	966	967
117081	28	774	966	967
75515	28	673	966	967
103676	28	1617	966	967
19524	28	991	966	967
15122	28	741	966	967
77835	28	2563	966	967
12867	28	275	966	967
46664	28	2392	966	967
16970	28	963	966	967
103714	28	5088	966	967
67324	28	2189	966	967
98596	28	1163	966	967
62531	28	1522	966	967
99684	28	1595	966	967
52857	28	2276	966	967
97708	28	979	966	967
89981	28	3213	966	967
8507	28	732	966	967
46808	28	1598	966	967
8643	28	1506	966	967
16376	28	142	966	967
58145	28	3769	966	967
67366	28	1712	966	967
74123	28	829	966	967
117553	28	439	966	967
99393	28	1297	966	967
119754	28	1116	966	967
19017	28	796	966	967
40146	28	140	966	967
19579	28	95	966	967
11984	28	799	966	967
19146	28	673	966	967
76533	28	219	966	967
90111	28	2604	966	967
7431	28	954	966	967
85467	28	5980	966	967
54382	28	4919	966	967
23040	28	3470	966	967
8055	28	1013	966	967
70775	28	1547	966	967
6931	28	752	966	967
119933	28	119934	966	967
25772	28	2412	966	967
103875	28	5173	966	967
78097	28	17437	966	967
23006	28	380	966	967
72973	28	1961	966	967
52015	28	1325	966	967
25209	28	2719	966	967
40908	28	2263	966	967
16337	28	4139	966	967
8808	28	1776	966	967
104150	28	901	966	967
138639	28	39	966	967
16758	28	303	966	967
46107	28	2142	966	967
26608	28	1832	966	967
63266	28	1776	966	967
35356	28	1306	966	967
26774	28	282	966	967
52222	28	10779	966	967
120226	28	3213	966	967
47277	28	234	966	967
41215	28	1179	966	967
104364	28	139	966	967
7929	28	1710	966	967
34757	28	392	966	967
30367	28	2277	966	967
15425	28	1570	966	967
10423	28	4328	966	967
10336	28	2548	966	967
41172	28	434	966	967
47464	28	1155	966	967
20294	28	954	966	967
17419	28	76	966	967
62850	28	530	966	967
11700	28	1639	966	967
47693	28	596	966	967
17685	28	26984	966	967
41082	28	1167	966	967
67293	28	2423	966	967
161497	28	2904	966	967
17597	28	885	966	967
88279	28	455	966	967
15268	28	799	966	967
19913	28	69	966	967
87263	28	605	966	967
36753	28	465	966	967
30426	28	1731	966	967
34076	28	575	966	967
29532	28	449	966	967
73327	28	1874	966	967
104654	28	570	966	967
27098	28	2877	966	967
58505	28	1562	966	967
55342	28	5823	966	967
10851	28	330	966	967
15515	28	78	966	967
71608	28	1695	966	967
104720	28	1909	966	967
5827	28	1071	966	967
