67329	28	7437	967	0
65443	28	3316	967	0
91507	28	970	967	0
110959	28	1085	967	0
11060	28	110962	967	0
90017	28	120	967	0
57878	28	195	967	0
78236	28	2762	967	0
20189	28	49	967	0
106850	28	580	967	0
112995	28	3425	967	0
36277	28	33999	967	0
13791	28	1432	967	0
47813	28	3860	967	0
111171	28	1309	967	0
29426	28	1710	967	0
20623	28	489	967	0
54328	28	2054	967	0
34156	28	152	967	0
65092	28	1592	967	0
176610	28	1509	967	0
89060	28	1623	967	0
57266	28	1316	967	0
68441	28	235	967	0
37271	28	49265	967	0
41533	28	13198	967	0
90388	28	532	967	0
9865	28	99	967	0
98627	28	50064	967	0
105428	28	570	967	0
7435	28	2840	967	0
89535	28	509	967	0
7868	28	32603	967	0
128901	28	498	967	0
51079	28	250	967	0
20168	28	526	967	0
34603	28	1276	967	0
84433	28	146938	967	0
33148	28	45	967	0
37643	28	575	967	0
11175	28	445	967	0
34515	28	1243	967	0
64701	28	268	967	0
24904	28	900	967	0
28061	28	394	967	0
21653	28	3553	967	0
148898	28	1132	967	0
19305	28	23	967	0
95580	28	257	967	0
33425	28	327	967	0
75782	28	81920	967	0
51588	28	816	967	0
37678	28	4373	967	0
122095	28	1016	967	0
38633	28	625	967	0
44409	28	4375	967	0
91321	28	1610	967	0
35294	28	818	967	0
152449	28	1455	967	0
17708	28	701	967	0
34721	28	2710	967	0
44554	28	332	967	0
106601	28	408	967	0
31470	28	551	967	0
51300	28	1705	967	0
58632	28	1222	967	0
16561	28	369	967	0
38198	28	1595	967	0
26978	28	424	967	0
48535	28	3426	967	0
20823	28	3213	967	0
20532	28	948	967	0
40731	28	673	967	0
89534	28	2036	967	0
78405	14	2368	967	0
80069	28	2095	967	0
146660	28	2196	967	0
38621	28	223	967	0
109261	28	851	967	0
89263	28	104	967	0
8140	28	2913	967	0
36636	28	1733	967	0
69659	28	184	967	0
14006	28	464	967	0
44463	28	327	967	0
15753	28	87	967	0
38084	28	273	967	0
65874	28	307	967	0
81128	28	31796	967	0
33749	28	3941	967	0
78388	28	1277	967	0
111615	28	263	967	0
70512	28	694	967	0
117145	28	27	967	0
80847	28	348	967	0
109792	28	904	967	0
119227	28	1765	967	0
76638	28	3690	967	0
104560	28	740	967	0
119118	28	331	967	0
69732	28	192	967	0
73884	28	1794	967	0
32416	28	1364	967	0
19940	28	2139	967	0
38229	28	1866	967	0
43574	14	3063	967	0
62765	28	69	967	0
97698	28	126	967	0
86775	28	953	967	0
42884	28	917	967	0
67669	28	1536	967	0
71821	28	547	967	0
61898	28	5124	967	0
16501	28	7530	967	0
128965	28	79	967	0
44364	28	403	967	0
95290	28	1333	967	0
18180	28	45	967	0
10713	28	746	967	0
92461	28	2288	967	0
98744	28	8437	967	0
93135	28	1829	967	0
116964	28	558	967	0
56092	28	1536	967	0
64249	28	2539	967	0
78211	28	2050	967	0
18848	28	1289	967	0
133627	28	1395	967	0
15553	28	1090	967	0
68873	28	193	967	0
52216	28	1738	967	0
20205	28	2301	967	0
26327	28	624	967	0
56116	28	957	967	0
19172	28	661	967	0
33020	28	45439	967	0
45238	28	2165	967	0
12916	28	117	967	0
12785	28	429	967	0
12056	28	694	967	0
28052	28	17258	967	0
97024	28	2848	967	0
111172	28	2116	967	0
81200	28	491	967	0
95560	28	406	967	0
73187	28	195	967	0
107091	28	40668	967	0
32056	28	882	967	0
15981	28	3155	967	0
71463	28	817	967	0
67495	28	23	967	0
39616	28	18	967	0
65159	28	675	967	0
54778	28	377	967	0
6445	28	4375	967	0
10146	28	1363	967	0
79012	28	1635	967	0
27319	28	155	967	0
8505	28	1682	967	0
101640	28	453	967	0
24890	28	112	967	0
140287	28	156	967	0
12046	28	16	967	0
94108	28	130335	967	0
101291	28	8823	967	0
91751	28	422	967	0
177397	28	598	967	0
122551	28	1829	967	0
60429	28	900	967	0
28878	28	1738	967	0
13823	28	6151	967	0
61110	28	83	967	0
119879	28	386	967	0
59983	28	1542	967	0
6794	28	2412	967	0
16801	28	18	967	0
17542	28	1146	967	0
10928	28	899	967	0
25437	28	4375	967	0
34648	28	368	967	0
52413	28	1068	967	0
12661	28	202	967	0
129994	28	2330	967	0
70353	28	5835	967	0
21592	28	39	967	0
22664	28	1675	967	0
129652	28	15275	967	0
22014	28	4577	967	0
36821	28	205	967	0
93562	28	254	967	0
152839	28	892	967	0
19175	28	557	967	0
27844	28	582	967	0
56126	28	1282	967	0
32370	28	27133	967	0
105296	28	37326	967	0
8805	28	111	967	0
95588	28	149	967	0
16977	28	1305	967	0
79596	28	1016	967	0
39871	28	542	967	0
67829	28	743	967	0
21001	28	8318	967	0
70807	28	2614	967	0
55517	28	394	967	0
18988	28	49384	967	0
69949	28	1026	967	0
15050	14	54589	967	0
31729	28	906	967	0
90543	28	3076	967	0
81984	28	1563	967	0
13918	28	535	967	0
92953	28	1319	967	0
9237	28	988	967	0
24993	28	109	967	0
110543	28	1514	967	0
111213	28	4955	967	0
18368	28	1275	967	0
59624	28	232	967	0
26399	28	186	967	0
46609	28	1239	967	0
22883	28	767	967	0
65656	28	2913	967	0
11101	28	653	967	0
36386	28	136	967	0
106934	28	4488	967	0
28392	28	2182	967	0
12535	28	86	967	0
71285	28	2623	967	0
152950	28	4458	967	0
152956	28	4152	967	0
23653	28	2103	967	0
51203	28	1993	967	0
74579	28	504	967	0
7571	28	3888	967	0
73311	28	1655	967	0
152970	28	678	967	0
39134	28	1180	967	0
60439	28	3967	967	0
152554	28	148980	967	0
35368	28	949	967	0
83066	28	605	967	0
75512	28	3103	967	0
10092	28	1204	967	0
62435	28	1052	967	0
8611	28	101	967	0
63886	28	8240	967	0
8990	28	142	967	0
13060	28	1153	967	0
128131	28	6612	967	0
21958	28	250	967	0
30400	28	106	967	0
14150	28	136	967	0
93621	28	678	967	0
18492	28	424	967	0
111728	28	1333	967	0
39125	28	36	967	0
71398	28	65	967	0
21681	28	69	967	0
17282	28	155	967	0
97063	28	387	967	0
86221	28	5962	967	0
6013	28	66	967	0
33789	28	1356	967	0
53159	28	1141	967	0
60399	28	693	967	0
177939	28	1759	967	0
73693	28	87081	967	0
91507	28	245	967	0
81373	28	168	967	0
81322	28	26716	967	0
19193	28	6108	967	0
88183	28	155	967	0
38088	28	722	967	0
30308	28	496	967	0
48380	28	1876	967	0
108151	28	1806	967	0
37107	28	593	967	0
22088	28	7633	967	0
17507	28	1709	967	0
91077	28	215	967	0
25349	28	875	967	0
60056	28	60	967	0
76638	28	518	967	0
124499	28	8663	967	0
32542	28	286	967	0
6293	28	840	967	0
38395	28	49793	967	0
77798	28	411	967	0
88514	28	1728	967	0
130443	28	65072	967	0
62222	28	1357	967	0
59218	28	1835	967	0
36233	28	1513	967	0
47270	28	193	967	0
82298	28	482	967	0
129915	28	3318	967	0
69187	28	2913	967	0
70372	28	1290	967	0
58095	28	4429	967	0
91452	28	1176	967	0
97837	28	310	967	0
19563	28	13288	967	0
44309	28	123	967	0
16188	28	180	967	0
76254	28	4930	967	0
28991	28	520	967	0
16541	28	152	967	0
94667	28	3975	967	0
89296	28	1430	967	0
55421	28	2174	967	0
23565	28	523	967	0
34690	28	5226	967	0
59604	28	6227	967	0
69536	28	948	967	0
91335	28	3059	967	0
57159	28	1007	967	0
64503	28	92	967	0
129527	28	4643	967	0
153183	28	11144	967	0
76552	28	1793	967	0
42243	28	821	967	0
85083	28	3960	967	0
10253	28	1555	967	0
12950	28	41	967	0
87909	28	353	967	0
33288	28	162	967	0
41927	28	519	967	0
44891	28	3282	967	0
57751	28	17469	967	0
81070	28	1610	967	0
51079	28	1158	967	0
42733	28	595	967	0
19406	28	184	967	0
178306	28	1270	967	0
104808	28	1829	967	0
25444	28	156	967	0
32271	28	30	967	0
10087	28	1481	967	0
32906	28	869	967	0
15522	28	2759	967	0
82054	28	3615	967	0
83950	28	678	967	0
83639	28	774	967	0
20906	28	794	967	0
21083	28	882	967	0
14839	28	8871	967	0
70178	28	401	967	0
97444	28	22	967	0
43113	28	470	967	0
95529	28	263	967	0
93194	28	1098	967	0
64517	28	95	967	0
58826	28	485	967	0
110307	28	297	967	0
88889	28	1629	967	0
37015	28	803	967	0
111147	28	1036	967	0
23224	28	2955	967	0
25677	28	1088	967	0
67768	28	1142	967	0
126196	28	570	967	0
40731	28	1076	967	0
7364	28	56	967	0
25661	28	494	967	0
117815	28	80634	967	0
11479	28	3845	967	0
73632	28	44051	967	0
90879	28	6612	967	0
61975	28	234	967	0
19452	28	1434	967	0
51088	28	1105	967	0
17147	28	972	967	0
88784	28	61	967	0
66911	28	135	967	0
16131	28	489	967	0
30004	28	1924	967	0
131088	28	1532	967	0
48644	28	546	967	0
9782	28	57	967	0
32109	28	1570	967	0
114819	28	333	967	0
54730	28	37	967	0
95630	28	695	967	0
88882	28	2373	967	0
65280	28	1549	967	0
64621	14	69115	967	0
178605	28	23	967	0
33543	28	57	967	0
25914	28	696	967	0
109206	28	483	967	0
21601	28	6025	967	0
74837	28	2545	967	0
17721	28	2302	967	0
63833	28	1053	967	0
94421	28	3194	967	0
124419	28	1552	967	0
47619	28	5650	967	0
45891	28	1063	967	0
24445	28	368	967	0
77740	28	920	967	0
6610	28	1474	967	0
9842	28	166	967	0
153396	28	53322	967	0
110533	28	875	967	0
76051	28	1499	967	0
56982	28	2054	967	0
111487	28	570	967	0
6613	28	250	967	0
78711	28	2487	967	0
76087	28	2182	967	0
42702	28	8112	967	0
33079	28	94111	967	0
69545	28	726	967	0
66975	28	1896	967	0
62398	28	1811	967	0
71247	28	1755	967	0
10535	28	558	967	0
87784	28	1740	967	0
14019	28	334	967	0
9188	28	1400	967	0
68381	28	8240	967	0
26675	28	106	967	0
80611	28	1543	967	0
44337	28	835	967	0
25594	28	355	967	0
151639	28	2540	967	0
21157	28	3383	967	0
27248	28	454	967	0
123813	28	4512	967	0
14535	28	219	967	0
178932	28	2192	967	0
111988	28	510	967	0
86752	28	23413	967	0
60458	28	2408	967	0
35596	28	1208	967	0
29377	28	2139	967	0
27813	28	2376	967	0
25922	28	635	967	0
149750	28	1132	967	0
119139	28	1536	967	0
9747	28	2412	967	0
54202	28	805	967	0
16211	28	653	967	0
37529	28	1367	967	0
94243	28	1747	967	0
63090	28	165	967	0
22100	28	1408	967	0
27468	28	582	967	0
118968	28	129	967	0
16631	28	3326	967	0
57058	28	671	967	0
32795	28	2948	967	0
115915	28	570	967	0
39446	28	45	967	0
24442	28	1027	967	0
20403	28	458	967	0
38444	28	1995	967	0
33513	28	7043	967	0
61529	28	501	967	0
44648	28	5381	967	0
108734	28	529	967	0
129061	28	3503	967	0
89808	28	5765	967	0
20479	28	117	967	0
94508	28	8173	967	0
13692	28	489	967	0
109472	28	2189	967	0
84120	28	704	967	0
10049	28	397	967	0
96901	28	10491	967	0
123978	28	2162	967	0
99968	28	388	967	0
79955	28	69	967	0
64649	28	436	967	0
57274	14	1217	967	0
39193	28	2311	967	0
37037	28	141	967	0
45517	28	27471	967	0
92297	28	1074	967	0
18554	28	642	967	0
9437	28	628	967	0
46298	28	156	967	0
75260	28	1101	967	0
10109	28	303	967	0
59869	28	6423	967	0
22137	28	45	967	0
104364	28	126	967	0
11700	28	19216	967	0
13873	28	2678	967	0
111695	28	239	967	0
153619	28	937	967	0
127175	28	83	967	0
96592	28	4794	967	0
30721	28	760	967	0
36864	28	893	967	0
110489	28	205	967	0
52836	28	309	967	0
15117	28	1094	967	0
110269	28	4165	967	0
20312	28	506	967	0
96857	28	890	967	0
41809	28	1167	967	0
78853	28	703	967	0
123611	28	616	967	0
30384	28	1141	967	0
6235	28	459	967	0
90811	28	26984	967	0
152896	28	2301	967	0
69267	28	167	967	0
23961	28	6983	967	0
18932	28	492	967	0
110040	28	8318	967	0
20252	28	18	967	0
17032	28	32	967	0
23464	28	2346	967	0
19768	28	269	967	0
113072	28	2020	967	0
149926	28	4689	967	0
34930	28	2545	967	0
36767	28	58	967	0
57872	28	1828	967	0
179379	28	2694	967	0
130630	28	124648	967	0
81175	28	2808	967	0
10863	28	1107	967	0
16254	28	767	967	0
24468	28	2851	967	0
55840	28	41	967	0
14360	28	2125	967	0
107256	28	2720	967	0
59159	28	681	967	0
93742	28	2070	967	0
50740	28	404	967	0
52114	28	3439	967	0
55946	14	207	967	0
26334	28	1956	967	0
28154	28	29	967	0
10657	28	280	967	0
16145	28	9339	967	0
19063	28	2710	967	0
60938	28	1666	967	0
94671	28	1115	967	0
107370	28	1123	967	0
60158	28	591	967	0
48526	28	7530	967	0
126005	28	195	967	0
83945	28	1333	967	0
111281	28	1592	967	0
45290	28	948	967	0
50869	28	236	967	0
72543	28	704	967	0
64523	28	9131	967	0
92863	28	235	967	0
107961	28	3047	967	0
79081	28	608	967	0
31436	28	1267	967	0
104350	28	310	967	0
103257	28	2464	967	0
23523	28	435	967	0
67495	28	118	967	0
146237	28	3058	967	0
75214	28	1514	967	0
74106	28	1995	967	0
97594	28	404	967	0
54219	28	3426	967	0
87544	28	61084	967	0
69764	28	406	967	0
110663	28	1900	967	0
80809	28	3123	967	0
102059	28	1074	967	0
23566	28	4750	967	0
21998	28	1570	967	0
21035	28	295	967	0
44163	28	5980	967	0
14954	28	465	967	0
95879	28	2503	967	0
30628	28	100	967	0
51384	28	988	967	0
40385	28	450	967	0
44161	28	913	967	0
123966	28	2604	967	0
31910	28	608	967	0
113745	28	786	967	0
44225	28	2054	967	0
20717	28	4373	967	0
63950	28	110	967	0
90669	28	16414	967	0
7227	28	450	967	0
72685	28	2054	967	0
20767	28	69225	967	0
41518	28	6254	967	0
94664	28	386	967	0
86241	28	4272	967	0
97113	28	833	967	0
93155	28	2311	967	0
61645	28	146	967	0
104258	28	1296	967	0
18165	28	158	967	0
7764	28	250	967	0
24630	28	17207	967	0
77828	28	377	967	0
64589	28	235	967	0
38249	28	15489	967	0
45489	28	380	967	0
93953	28	277	967	0
23202	28	1766	967	0
22264	28	825	967	0
20574	28	686	967	0
48561	28	1417	967	0
135834	28	659	967	0
34907	28	1776	967	0
24163	28	784	967	0
117011	28	12452	967	0
179860	28	2347	967	0
57928	28	3354	967	0
40010	28	2485	967	0
44731	28	984	967	0
30503	28	1289	967	0
78314	28	3316	967	0
109993	28	451	967	0
27722	28	13351	967	0
107299	28	1277	967	0
124244	28	4563	967	0
38092	28	1035	967	0
86040	28	192	967	0
25648	28	1926	967	0
77642	28	2807	967	0
81131	28	2780	967	0
22259	28	1141	967	0
81952	28	5192	967	0
34209	28	310	967	0
42249	28	192	967	0
23857	28	169	967	0
44552	28	3230	967	0
80852	28	15840	967	0
128721	28	1430	967	0
54382	28	3702	967	0
90831	28	4324	967	0
55526	28	605	967	0
126305	28	7177	967	0
14892	28	1312	967	0
49616	28	572	967	0
9074	28	74	967	0
23949	28	79	967	0
78436	28	1309	967	0
40637	28	583	967	0
127073	28	1885	967	0
128471	28	178	967	0
86430	28	133	967	0
67797	28	3051	967	0
61046	28	2614	967	0
51427	28	12408	967	0
90525	28	40359	967	0
18671	28	140	967	0
32946	28	1309	967	0
20360	28	18	967	0
111172	28	22189	967	0
26567	28	464	967	0
130689	28	16410	967	0
26125	28	694	967	0
54831	28	5852	967	0
23860	28	2517	967	0
16200	28	508	967	0
49636	28	57	967	0
31208	28	2152	967	0
21322	28	1176	967	0
11236	28	69	967	0
57893	28	1277	967	0
43986	28	996	967	0
28785	28	2104	967	0
51250	28	413	967	0
109202	28	1547	967	0
110966	28	353	967	0
44660	28	4497	967	0
108305	28	1460	967	0
129470	28	213	967	0
77075	28	703	967	0
112923	28	1115	967	0
111826	28	2288	967	0
14273	28	5079	967	0
32198	28	435	967	0
68451	28	691	967	0
17539	28	1363	967	0
36933	28	5502	967	0
21412	28	1196	967	0
21576	28	33	967	0
87769	28	702	967	0
68074	28	18520	967	0
95520	28	1265	967	0
94926	28	526	967	0
94852	28	1830	967	0
27680	28	522	967	0
55203	28	210	967	0
73906	28	5469	967	0
62914	28	430	967	0
154085	28	565	967	0
16283	28	7837	967	0
116277	28	1277	967	0
15816	28	6783	967	0
78422	28	89	967	0
5827	28	465	967	0
154092	28	1383	967	0
52241	28	1837	967	0
123657	28	57067	967	0
31919	28	3446	967	0
96385	28	2857	967	0
46675	28	355	967	0
87954	28	3439	967	0
8281	28	69	967	0
110597	28	1610	967	0
7545	28	277	967	0
71721	28	676	967	0
73067	28	3383	967	0
17624	28	915	967	0
42841	28	2415	967	0
9222	28	1848	967	0
106111	28	281	967	0
94535	28	9215	967	0
15791	28	240	967	0
25298	28	161	967	0
99292	28	260	967	0
14209	28	5043	967	0
36821	28	1995	967	0
30722	28	239	967	0
150886	28	14120	967	0
74633	28	766	967	0
84472	28	2564	967	0
109304	28	887	967	0
79313	28	1306	967	0
150582	28	3507	967	0
92801	28	1195	967	0
59944	28	913	967	0
28774	28	6848	967	0
59767	28	234	967	0
46025	28	2536	967	0
28944	28	1117	967	0
24813	28	1221	967	0
20244	28	893	967	0
58818	28	1501	967	0
34739	28	1765	967	0
82653	28	2713	967	0
26471	28	293	967	0
70277	28	1759	967	0
78189	28	3480	967	0
152863	28	1154	967	0
60500	28	4217	967	0
38631	28	3553	967	0
111487	28	483	967	0
112205	28	2241	967	0
139680	28	66	967	0
7806	28	215	967	0
101645	28	1694	967	0
31568	28	501	967	0
148012	28	427	967	0
19301	28	165	967	0
21545	28	3678	967	0
110423	28	136	967	0
55356	28	1499	967	0
98430	28	112939	967	0
62033	28	5351	967	0
111537	28	1084	967	0
42393	28	1167	967	0
39397	28	69	967	0
42280	28	57	967	0
26182	28	6452	967	0
83944	28	1127	967	0
17276	28	109	967	0
51499	28	166	967	0
46240	28	1508	967	0
30915	28	533	967	0
13713	28	2440	967	0
94833	28	869	967	0
19786	28	2182	967	0
25197	28	506	967	0
38226	28	135	967	0
86096	28	2551	967	0
26768	28	174	967	0
83603	28	5643	967	0
47245	28	1905	967	0
70357	28	1055	967	0
27903	28	3745	967	0
99238	28	273	967	0
52232	28	509	967	0
128562	28	1467	967	0
109609	28	1926	967	0
70419	28	355	967	0
10523	28	708	967	0
54539	28	67	967	0
8481	28	2061	967	0
105822	28	186	967	0
26699	28	181	967	0
41375	28	657	967	0
13936	28	969	967	0
38400	28	1592	967	0
83525	28	198	967	0
112620	28	71188	967	0
34595	28	275	967	0
32061	28	1147	967	0
24585	28	2020	967	0
63787	28	1053	967	0
19559	28	318	967	0
22473	28	1036	967	0
125301	28	1333	967	0
107603	28	3688	967	0
68143	28	5860	967	0
180968	28	260	967	0
45788	28	145	967	0
106353	28	1765	967	0
87074	28	1651	967	0
24648	28	1034	967	0
56900	28	1462	967	0
102436	28	1399	967	0
29866	28	1319	967	0
130743	28	678	967	0
18810	28	73	967	0
113331	28	23	967	0
59231	28	3544	967	0
26646	28	842	967	0
36254	28	646	967	0
154300	28	791	967	0
78610	28	1897	967	0
24504	28	1912	967	0
8281	28	19	967	0
130047	28	1150	967	0
23342	28	1553	967	0
53700	28	32	967	0
154317	28	1332	967	0
118579	28	2192	967	0
32880	28	22174	967	0
11033	28	392	967	0
64793	28	850	967	0
40481	28	1937	967	0
181162	28	238	967	0
68957	28	244	967	0
33578	28	216	967	0
117527	28	120	967	0
65333	28	719	967	0
111402	28	370	967	0
113490	28	621	967	0
18393	28	1358	967	0
48174	28	509	967	0
76535	28	1898	967	0
23419	28	500	967	0
36506	28	4384	967	0
25132	28	766	967	0
81294	28	662	967	0
60396	28	9234	967	0
85774	28	3317	967	0
41077	28	423	967	0
37844	28	710	967	0
88921	14	15388	967	0
5384	28	30	967	0
31881	28	112	967	0
89799	28	1129	967	0
74628	28	456	967	0
11590	28	290	967	0
118802	28	8045	967	0
82368	28	17258	967	0
34221	28	1238	967	0
11448	28	1105	967	0
123808	28	6983	967	0
100924	28	41796	967	0
90009	28	971	967	0
16263	28	210	967	0
35682	28	1559	967	0
50417	28	27	967	0
59294	28	2487	967	0
31964	28	842	967	0
51360	28	1035	967	0
39273	28	607	967	0
7374	28	551	967	0
14018	28	465	967	0
130863	28	710	967	0
17678	28	1573	967	0
79086	28	1898	967	0
108871	28	12647	967	0
17735	28	996	967	0
15268	28	624	967	0
82986	28	1320	967	0
64762	28	4373	967	0
69555	28	7345	967	0
106519	28	557	967	0
79814	28	1063	967	0
10161	28	850	967	0
93874	28	69815	967	0
20312	28	917	967	0
95677	28	6127	967	0
94136	28	106	967	0
31443	28	105	967	0
181446	14	59992	967	0
32396	28	20	967	0
70944	28	6154	967	0
101761	28	4750	967	0
29786	28	260	967	0
56080	28	487	967	0
15359	28	1099	967	0
68641	28	54570	967	0
53391	28	523	967	0
30929	28	1031	967	0
73448	28	605	967	0
17621	28	1497	967	0
36584	28	269	967	0
111673	28	598	967	0
9887	28	1077	967	0
73459	28	869	967	0
32403	28	446	967	0
27019	28	129	967	0
153183	28	2872	967	0
30171	28	913	967	0
69859	28	5964	967	0
151298	28	793	967	0
132183	28	1507	967	0
11218	28	1654	967	0
51455	28	126	967	0
102915	28	310	967	0
44935	28	469	967	0
115725	28	17809	967	0
10072	28	44	967	0
129445	28	2863	967	0
45352	28	850	967	0
9882	28	117	967	0
59231	28	1600	967	0
88974	28	653	967	0
68721	28	429	967	0
59943	28	1049	967	0
154492	28	2170	967	0
48331	28	583	967	0
53905	28	619	967	0
38640	28	2160	967	0
32015	28	27	967	0
25507	28	646	967	0
21693	28	119	967	0
51671	28	254	967	0
153837	28	680	967	0
20633	28	100	967	0
10262	28	165	967	0
76671	28	4488	967	0
18102	28	1268	967	0
44559	28	4047	967	0
27893	28	750	967	0
75676	28	2759	967	0
38095	28	206	967	0
42093	28	19991	967	0
108665	28	887	967	0
69914	28	570	967	0
38612	28	547	967	0
29423	28	276	967	0
10265	28	770	967	0
19569	28	2710	967	0
9449	28	511	967	0
15823	28	69	967	0
53572	28	1048	967	0
124475	28	196	967	0
51499	28	239	967	0
154285	28	85	967	0
87628	28	3514	967	0
27917	28	3177	967	0
66452	28	715	967	0
129010	28	453	967	0
54296	23	120684	967	0
78433	28	1462	967	0
40225	28	6569	967	0
71314	28	5079	967	0
53245	28	30	967	0
60854	28	4117	967	0
145393	28	2398	967	0
12230	28	1034	967	0
63968	28	391	967	0
18273	28	88	967	0
51079	28	347	967	0
151417	28	2615	967	0
14996	28	961	967	0
85090	28	1897	967	0
15507	28	310	967	0
67782	28	2046	967	0
122016	28	64951	967	0
47496	28	2373	967	0
18160	28	129	967	0
110952	28	571	967	0
20074	28	632	967	0
126406	28	1528	967	0
82137	28	162	967	0
42056	28	1829	967	0
103053	28	1811	967	0
39664	28	4651	967	0
154606	28	2291	967	0
27514	28	1875	967	0
89777	28	3230	967	0
38399	28	1733	967	0
101520	28	3570	967	0
63787	28	1179	967	0
128553	28	297	967	0
10723	28	1855	967	0
24657	28	791	967	0
83403	28	1898	967	0
24659	28	1861	967	0
64103	28	703	967	0
28744	28	1751	967	0
29667	28	972	967	0
130919	28	1263	967	0
80669	28	1455	967	0
92463	28	1011	967	0
87225	28	8442	967	0
10563	28	48	967	0
119846	28	749	967	0
129335	28	21552	967	0
23748	28	239	967	0
66573	28	2114	967	0
97194	28	615	967	0
59704	28	1239	967	0
11443	28	186	967	0
41747	28	37158	967	0
90888	28	904	967	0
9640	28	1553	967	0
84979	28	2189	967	0
182245	28	1552	967	0
19064	28	919	967	0
60609	28	3165	967	0
126619	28	1508	967	0
108826	28	1333	967	0
130156	28	2381	967	0
42704	28	833	967	0
154682	28	13844	967	0
125313	28	12147	967	0
70209	28	436	967	0
49029	28	503	967	0
14259	28	692	967	0
55315	28	10125	967	0
11676	28	433	967	0
44934	28	2216	967	0
40174	28	3994	967	0
97587	28	166	967	0
76030	28	10552	967	0
54470	28	179	967	0
64760	28	1388	967	0
90811	28	2551	967	0
53686	28	48	967	0
124164	14	2911	967	0
52673	28	2241	967	0
39905	28	4373	967	0
14333	28	1035	967	0
38075	28	124	967	0
72975	28	1047	967	0
13822	28	1201	967	0
11426	28	1195	967	0
44364	28	184	967	0
154713	28	8523	967	0
57878	28	381	967	0
20509	28	759	967	0
87790	28	1709	967	0
42458	28	158	967	0
25340	28	500	967	0
32396	28	2236	967	0
75457	28	557	967	0
110767	28	2226	967	0
16222	28	331	967	0
49106	28	1293	967	0
65109	28	745	967	0
154506	28	1074	967	0
18265	28	2678	967	0
42856	28	2131	967	0
11214	28	111	967	0
13873	28	852	967	0
65205	28	514	967	0
115093	14	26070	967	0
84494	28	1556	967	0
118397	28	3544	967	0
56707	28	252	967	0
23447	28	1227	967	0
30321	28	2364	967	0
61362	28	162	967	0
90868	28	1161	967	0
22437	28	9339	967	0
12789	28	1547	967	0
99494	28	13328	967	0
33731	28	420	967	0
81850	28	1806	967	0
120715	28	4373	967	0
30856	28	3383	967	0
94775	28	527	967	0
9712	28	511	967	0
22964	28	2311	967	0
146268	28	4152	967	0
11707	28	252	967	0
146924	28	2503	967	0
35176	28	255	967	0
111567	28	7218	967	0
20887	28	81113	967	0
125402	28	1057	967	0
65342	28	1396	967	0
13886	28	9420	967	0
90671	28	1075	967	0
31729	28	1253	967	0
182705	14	2460	967	0
61701	28	1141	967	0
51177	28	1230	967	0
88101	28	1551	967	0
17795	28	42	967	0
85938	28	250	967	0
99084	28	52269	967	0
72525	28	973	967	0
81022	28	2190	967	0
35406	28	3941	967	0
65252	28	1150	967	0
71863	28	3212	967	0
14011	28	1180	967	0
11576	28	1835	967	0
19651	28	5372	967	0
73595	28	120	967	0
125643	28	52269	967	0
82225	28	2205	967	0
127230	28	6016	967	0
109812	28	5406	967	0
21203	28	647	967	0
26572	28	39	967	0
79202	28	1282	967	0
100444	28	1871	967	0
34690	28	388	967	0
11748	14	4167	967	0
34187	28	1041	967	0
37037	28	36	967	0
41069	28	1829	967	0
51823	28	1034	967	0
12511	28	833	967	0
145749	28	429	967	0
20385	28	248	967	0
109573	28	2288	967	0
137510	28	1980	967	0
33809	28	162	967	0
126700	28	131	967	0
77072	28	2154	967	0
60944	28	221	967	0
95214	28	991	967	0
75918	28	940	967	0
101647	28	675	967	0
44689	28	616	967	0
44175	28	1610	967	0
25584	28	1751	967	0
72405	28	793	967	0
89994	28	1753	967	0
34552	28	979	967	0
110010	28	839	967	0
59856	28	2190	967	0
113424	28	3317	967	0
29209	28	4739	967	0
51074	28	1155	967	0
120695	28	1632	967	0
14011	28	1766	967	0
91812	28	778	967	0
107525	28	780	967	0
28928	28	175	967	0
111140	28	28128	967	0
78690	28	6413	967	0
18954	28	5439	967	0
23423	28	5026	967	0
58784	28	44	967	0
100257	28	608	967	0
72884	28	268	967	0
6013	28	77	967	0
44703	28	803	967	0
22967	28	552	967	0
9638	28	36	967	0
70662	28	971	967	0
28682	28	735	967	0
49012	28	1751	967	0
50496	28	3824	967	0
87610	28	6753	967	0
96269	28	2602	967	0
73788	28	215	967	0
8140	28	1468	967	0
5401	28	429	967	0
28708	28	6346	967	0
33957	28	36817	967	0
78984	28	3974	967	0
7423	23	154920	967	0
154920	23	7423	967	0
47653	28	477	967	0
113475	28	2288	967	0
40974	14	1706	967	0
79237	28	1078	967	0
33934	28	22	967	0
11853	28	2282	967	0
31308	28	260	967	0
73114	28	2761	967	0
130065	28	66	967	0
154932	28	23413	967	0
153071	28	7118	967	0
27797	28	458	967	0
38171	28	4187	967	0
7872	28	169	967	0
59536	28	3490	967	0
42979	28	2877	967	0
91886	28	9234	967	0
52921	28	409	967	0
58818	28	33	967	0
154948	28	622	967	0
111147	28	1600	967	0
51139	28	1600	967	0
69822	28	1776	967	0
37921	28	3649	967	0
19011	28	2483	967	0
85387	28	1551	967	0
53862	28	568	967	0
85767	28	1018	967	0
126237	28	614	967	0
18180	28	526	967	0
31318	28	2282	967	0
30802	28	144	967	0
71283	28	1934	967	0
14028	28	2562	967	0
15987	28	2927	967	0
32087	28	757	967	0
80285	28	2261	967	0
41336	28	1260	967	0
57217	28	2519	967	0
100489	28	1959	967	0
7821	28	2198	967	0
90108	28	13768	967	0
31774	28	5553	967	0
42388	28	7654	967	0
92149	28	129	967	0
75079	28	17258	967	0
17907	28	436	967	0
81503	28	909	967	0
127094	28	1098	967	0
55297	28	4509	967	0
154969	28	1596	967	0
40745	28	671	967	0
68930	28	716	967	0
80069	28	1710	967	0
98260	28	130583	967	0
69197	28	1316	967	0
106668	28	919	967	0
85816	28	596	967	0
31291	28	38991	967	0
46214	28	1572	967	0
68640	28	505	967	0
64130	16	152860	967	0
11171	28	180	967	0
24214	28	205	967	0
76832	28	970	967	0
183515	28	136	967	0
14467	28	142	967	0
10336	28	1446	967	0
42864	28	1364	967	0
62404	28	70	967	0
103493	28	44	967	0
6582	28	174	967	0
55195	28	614	967	0
44437	28	909	967	0
31592	28	1834	967	0
83184	28	3503	967	0
69189	28	3860	967	0
28878	28	1712	967	0
40401	28	3288	967	0
108047	28	507	967	0
59513	28	5998	967	0
10769	28	2320	967	0
80108	28	22189	967	0
41209	28	344	967	0
43876	28	2994	967	0
21517	28	87	967	0
129269	28	1107	967	0
49994	28	5860	967	0
36778	28	661	967	0
38544	28	27	967	0
29961	28	1268	967	0
121266	28	3176	967	0
22001	28	82	967	0
16970	28	592	967	0
97802	28	79	967	0
34766	28	93084	967	0
49346	28	11913	967	0
21526	28	186	967	0
19843	28	181	967	0
41542	28	1477	967	0
50273	28	816	967	0
60934	28	1465	967	0
72823	28	936	967	0
96711	28	911	967	0
70744	28	2276	967	0
86382	28	2140	967	0
75101	28	195	967	0
59930	28	990	967	0
69382	28	2977	967	0
18779	28	141	967	0
31472	28	238	967	0
110973	28	1266	967	0
62816	28	1608	967	0
105808	28	1572	967	0
26211	28	7345	967	0
48059	28	532	967	0
26411	28	587	967	0
103345	28	2604	967	0
100601	28	4143	967	0
57589	28	289	967	0
70860	28	11857	967	0
71655	28	2228	967	0
84506	28	3194	967	0
99080	28	3212	967	0
120744	28	1597	967	0
25309	14	7090	967	0
89777	28	2095	967	0
88336	28	152	967	0
20425	28	453	967	0
79049	28	1094	967	0
62260	28	1572	967	0
126006	28	1074	967	0
21154	28	39	967	0
69529	28	1861	967	0
131290	28	3507	967	0
31595	28	841	967	0
25234	28	47	967	0
84382	28	722	967	0
9030	28	967	967	0
18681	28	3243	967	0
17161	28	454	967	0
94572	28	505	967	0
44878	28	1180	967	0
10684	28	571	967	0
76253	28	2809	967	0
90558	28	1741	967	0
22965	28	1192	967	0
28792	28	1862	967	0
153416	28	988	967	0
64865	28	3465	967	0
81789	28	1250	967	0
33263	28	2145	967	0
22804	28	1461	967	0
31035	28	819	967	0
141187	28	703	967	0
17067	28	126	967	0
76002	28	313	967	0
12173	28	637	967	0
23549	28	1921	967	0
67495	28	195	967	0
90906	28	4724	967	0
88822	28	1150	967	0
24689	28	65	967	0
30530	28	1230	967	0
128818	28	3514	967	0
117571	28	467	967	0
81256	28	38	967	0
59837	28	577	967	0
78259	28	12373	967	0
21490	28	1251	967	0
51845	28	1522	967	0
25921	28	46	967	0
43660	28	900	967	0
135302	28	1098	967	0
89681	28	1015	967	0
33965	28	140	967	0
52510	28	36183	967	0
69286	28	470	967	0
42285	28	361	967	0
12288	28	1819	967	0
20800	28	1692	967	0
23536	28	2226	967	0
119332	28	4546	967	0
35478	28	3545	967	0
20860	28	3500	967	0
44589	28	1332	967	0
38105	28	73	967	0
104120	28	1002	967	0
69504	28	476	967	0
55749	28	192	967	0
85688	28	9131	967	0
106859	28	1302	967	0
11922	28	145	967	0
14630	28	42870	967	0
93281	28	1613	967	0
27244	28	2895	967	0
122102	28	1351	967	0
129805	28	6528	967	0
110208	28	165	967	0
87389	28	10557	967	0
43524	28	1150	967	0
31090	28	975	967	0
86719	28	1215	967	0
29825	28	1023	967	0
15549	28	424	967	0
31288	28	1864	967	0
116458	28	2604	967	0
44724	28	1705	967	0
125250	28	2381	967	0
108817	28	1169	967	0
129053	28	1529	967	0
21368	28	101	967	0
108151	28	1533	967	0
33047	28	1432	967	0
14882	28	2487	967	0
108172	28	298	967	0
90040	28	486	967	0
52949	28	799	967	0
20595	28	397	967	0
31544	28	5658	967	0
42869	28	1734	967	0
32129	28	692	967	0
101165	28	101	967	0
54831	28	147	967	0
102053	28	676	967	0
33242	28	840	967	0
57362	28	536	967	0
89819	28	2373	967	0
18665	28	398	967	0
92715	28	1395	967	0
26427	28	484	967	0
7969	28	2026	967	0
11690	28	913	967	0
31169	28	484	967	0
14273	28	926	967	0
118685	28	756	967	0
61223	28	398	967	0
75409	28	1932	967	0
77919	28	146	967	0
72829	28	1497	967	0
10112	28	69	967	0
100240	28	1629	967	0
12431	28	3470	967	0
92461	28	840	967	0
39522	28	1563	967	0
129690	28	2947	967	0
69789	28	2364	967	0
99682	28	58	967	0
66041	28	2562	967	0
46289	28	2408	967	0
103072	28	948	967	0
83152	28	205	967	0
99165	28	13768	967	0
126252	28	415	967	0
97288	28	1404	967	0
41531	28	13835	967	0
141204	28	1229	967	0
12316	28	109	967	0
86570	28	4990	967	0
64173	28	917	967	0
16055	28	57	967	0
116054	28	368	967	0
76671	28	1270	967	0
69527	28	647	967	0
121206	28	1096	967	0
50657	28	4769	967	0
49975	28	2884	967	0
62810	28	597	967	0
94985	28	3414	967	0
11382	28	1018	967	0
51566	28	1978	967	0
24756	28	1932	967	0
40959	28	16	967	0
95869	28	5758	967	0
80403	28	2054	967	0
55517	28	1885	967	0
41350	28	2177	967	0
59489	28	336	967	0
77401	28	1623	967	0
60595	28	214	967	0
23417	28	1885	967	0
30470	28	1468	967	0
44052	28	171	967	0
131905	28	3149	967	0
26846	14	2368	967	0
35638	28	778	967	0
88592	28	2257	967	0
110667	28	871	967	0
79749	28	619	967	0
55738	28	1847	967	0
117481	28	1980	967	0
77459	28	1232	967	0
38328	28	542	967	0
100319	28	2545	967	0
128180	28	3967	967	0
117335	28	70175	967	0
69529	28	653	967	0
148048	28	1907	967	0
62526	28	111843	967	0
33654	28	506	967	0
74744	28	3246	967	0
90601	28	1614	967	0
32394	28	27	967	0
84918	28	135769	967	0
21983	28	32368	967	0
17421	28	1059	967	0
71435	28	111843	967	0
87784	28	1855	967	0
78120	28	3975	967	0
17067	28	38	967	0
89535	28	875	967	0
28423	28	8318	967	0
94673	28	625	967	0
33301	28	915	967	0
95633	28	825	967	0
34116	28	1614	967	0
106394	28	3194	967	0
15192	28	412	967	0
10576	28	83	967	0
87233	28	482	967	0
58917	28	269	967	0
25452	28	69	967	0
78714	28	1158	967	0
155282	28	703	967	0
62423	28	24131	967	0
117103	28	974	967	0
49319	28	1728	967	0
22543	28	1822	967	0
83394	28	1968	967	0
185040	28	848	967	0
124920	28	3514	967	0
101470	28	32121	967	0
31394	28	672	967	0
26697	28	19333	967	0
91886	28	525	967	0
185098	14	50197	967	0
113439	28	526	967	0
15978	28	54067	967	0
87723	28	1254	967	0
93279	28	740	967	0
38482	28	195	967	0
60081	28	2913	967	0
13821	28	569	967	0
42498	28	2514	967	0
36134	28	2346	967	0
103648	28	2189	967	0
61762	28	24131	967	0
51015	28	1099	967	0
18799	28	2487	967	0
153897	28	1975	967	0
77390	28	1163	967	0
38023	28	1871	967	0
108654	28	821	967	0
39291	28	112	967	0
48331	28	715	967	0
59928	28	1035	967	0
14155	28	681	967	0
31825	28	447	967	0
16224	28	3860	967	0
11879	28	31	967	0
85687	28	8108	967	0
122102	28	1078	967	0
23494	28	1320	967	0
37222	28	1399	967	0
58247	14	4279	967	0
76754	28	2798	967	0
20100	28	8790	967	0
9240	28	1199	967	0
33081	28	990	967	0
81294	28	5736	967	0
37095	28	4422	967	0
32925	28	441	967	0
71224	28	836	967	0
95001	28	44026	967	0
23798	28	20176	967	0
133669	28	2240	967	0
30365	28	192	967	0
23857	28	91	967	0
28641	28	231	967	0
141072	28	483	967	0
26849	28	420	967	0
13873	28	714	967	0
125524	28	536	967	0
52508	28	1228	967	0
11764	28	1508	967	0
17474	28	176	967	0
26769	28	1736	967	0
94622	28	505	967	0
155349	6	64688	967	0
37259	28	9577	967	0
30621	28	1495	967	0
76151	28	756	967	0
45542	14	3170	967	0
29416	28	1536	967	0
70484	28	551	967	0
82195	28	9131	967	0
129613	28	1083	967	0
117719	28	753	967	0
95693	28	303	967	0
44271	28	1083	967	0
16295	28	52269	967	0
45012	28	3194	967	0
42847	28	504	967	0
51507	28	953	967	0
9247	28	498	967	0
49994	28	559	967	0
31443	28	149	967	0
13790	28	66	967	0
100924	28	463	967	0
56594	28	3039	967	0
26744	28	59410	967	0
108947	28	537	967	0
91028	28	5192	967	0
33638	28	310	967	0
42892	28	2614	967	0
14687	28	1694	967	0
42201	28	360	967	0
72244	28	453	967	0
99768	14	207	967	0
67622	28	6413	967	0
15316	28	463	967	0
185627	28	205	967	0
130141	28	5089	967	0
109445	28	67	967	0
51152	28	2126	967	0
44851	28	482	967	0
54446	28	220	967	0
23302	28	6518	967	0
15998	28	985	967	0
41019	28	1036	967	0
51459	28	475	967	0
78853	28	1747	967	0
12330	28	2320	967	0
30004	28	2677	967	0
89086	28	524	967	0
19955	28	112	967	0
51460	28	5964	967	0
185710	28	2694	967	0
109791	28	1329	967	0
12725	28	1302	967	0
10183	28	384	967	0
41907	28	471	967	0
73148	28	500	967	0
137909	28	750	967	0
96370	28	392	967	0
26277	28	2807	967	0
20687	28	223	967	0
85727	28	236	967	0
12928	28	1828	967	0
62666	28	2685	967	0
73783	28	34289	967	0
30779	28	3859	967	0
111653	28	325	967	0
127586	28	1416	967	0
95290	28	101	967	0
106181	28	11520	967	0
24098	28	369	967	0
39886	28	2263	967	0
16668	28	552	967	0
84133	28	975	967	0
130016	28	461	967	0
52499	28	712	967	0
44273	28	1711	967	0
92265	28	71355	967	0
59838	28	819	967	0
23193	28	1779	967	0
15082	28	272	967	0
130014	28	1296	967	0
81629	28	1985	967	0
70854	28	154567	967	0
94108	28	50064	967	0
115608	28	597	967	0
24027	28	1399	967	0
43292	28	1563	967	0
43331	28	61	967	0
99457	23	155413	967	0
155413	23	99457	967	0
9307	28	2274	967	0
8849	28	4375	967	0
111224	28	483	967	0
13698	28	103	967	0
58857	28	1135	967	0
28571	28	3484	967	0
74628	28	103	967	0
44663	28	1316	967	0
61066	28	41	967	0
53158	28	63	967	0
20759	28	2075	967	0
77040	28	44	967	0
23680	28	3860	967	0
47663	28	21356	967	0
60137	28	842	967	0
15921	28	3470	967	0
41640	28	484	967	0
95429	28	7530	967	0
109796	28	3542	967	0
9882	28	64	967	0
42003	28	1067	967	0
81936	28	1375	967	0
10118	28	34289	967	0
118539	28	2311	967	0
130844	28	456	967	0
110830	28	155307	967	0
43019	28	745	967	0
17439	28	69	967	0
104495	28	3426	967	0
15101	28	18145	967	0
94049	28	2895	967	0
21605	28	5247	967	0
69743	28	1832	967	0
86706	28	152	967	0
7132	28	1598	967	0
88872	28	210	967	0
75079	28	1160	967	0
58663	28	1679	967	0
47747	28	1751	967	0
130743	28	2551	967	0
58278	28	2088	967	0
35594	28	174	967	0
186219	28	1552	967	0
22027	28	215	967	0
152365	28	519	967	0
95283	28	1747	967	0
56306	28	2302	967	0
54014	28	1745	967	0
24571	28	2117	967	0
6308	28	951	967	0
44021	28	817	967	0
27041	28	2366	967	0
54986	28	124512	967	0
20562	28	2982	967	0
111884	28	177	967	0
38864	28	176	967	0
47072	28	956	967	0
133646	28	2528	967	0
52112	28	261	967	0
186314	28	2948	967	0
86750	28	401	967	0
62116	28	513	967	0
46752	28	619	967	0
71040	28	4422	967	0
92775	28	255	967	0
22314	28	718	967	0
102071	28	1359	967	0
121651	28	392	967	0
70267	28	60	967	0
77421	28	80442	967	0
12091	28	557	967	0
38906	28	1141	967	0
111780	28	1403	967	0
48424	28	3967	967	0
11806	28	46	967	0
49121	28	55	967	0
72525	28	67	967	0
9005	28	1199	967	0
42707	28	1816	967	0
81260	28	3824	967	0
131043	28	1177	967	0
27797	28	661	967	0
15192	28	2190	967	0
73961	28	2100	967	0
15611	28	41	967	0
24468	28	63022	967	0
11622	28	1803	967	0
79037	28	681	967	0
85325	28	770	967	0
9223	28	27471	967	0
39616	28	276	967	0
119053	28	1151	967	0
61954	28	1555	967	0
44214	28	114	967	0
9351	28	65	967	0
110398	28	2216	967	0
28842	28	904	967	0
128241	28	46433	967	0
27533	28	1484	967	0
9686	28	51	967	0
21424	28	431	967	0
14252	28	548	967	0
17715	28	278	967	0
58424	28	4217	967	0
105361	28	1404	967	0
40375	28	766	967	0
100656	28	1222	967	0
114758	28	819	967	0
62114	28	1949	967	0
73153	28	81	967	0
105245	28	1862	967	0
13561	28	2152	967	0
72979	28	821	967	0
11321	28	5197	967	0
130802	28	1460	967	0
42147	28	233	967	0
25184	28	1736	967	0
95253	28	1238	967	0
18191	28	166	967	0
48979	28	2544	967	0
150666	28	1112	967	0
102059	28	1214	967	0
20165	28	30	967	0
103148	28	14110	967	0
54280	28	24815	967	0
82769	28	3051	967	0
82998	28	662	967	0
19428	28	1464	967	0
94185	28	13328	967	0
89313	28	1634	967	0
56199	28	674	967	0
94760	28	9797	967	0
29378	28	1836	967	0
51717	28	7798	967	0
26732	28	509	967	0
144618	28	386	967	0
110756	28	1096	967	0
140124	28	4676	967	0
93740	28	715	967	0
32422	28	4651	967	0
101102	28	1055	967	0
10742	28	232	967	0
75662	28	548	967	0
106601	28	1081	967	0
17967	28	716	967	0
117757	28	483	967	0
26870	28	384	967	0
23859	28	3994	967	0
106799	28	1305	967	0
88176	28	678	967	0
120445	28	1277	967	0
34841	28	3433	967	0
86912	28	571	967	0
42568	28	192	967	0
119857	28	7465	967	0
11475	28	31	967	0
77541	28	436	967	0
10827	28	65	967	0
46851	28	2257	967	0
110897	28	4689	967	0
38903	28	530	967	0
65280	28	8437	967	0
13716	28	514	967	0
38238	28	899	967	0
55102	28	44	967	0
88187	28	1995	967	0
115439	28	1124	967	0
90124	28	1141	967	0
66542	28	3246	967	0
152582	28	5124	967	0
33501	28	69962	967	0
17115	28	760	967	0
99458	28	224	967	0
20288	28	357	967	0
36627	28	49248	967	0
38346	28	16	967	0
24149	28	2174	967	0
22905	28	51894	967	0
110533	28	509	967	0
72704	28	5860	967	0
28765	28	154	967	0
120065	28	1141	967	0
109962	28	1173	967	0
77201	28	707	967	0
23144	28	1204	967	0
31318	28	1690	967	0
64949	28	690	967	0
132464	28	926	967	0
65768	28	5406	967	0
64230	28	1258	967	0
22065	28	753	967	0
64075	28	963	967	0
41868	28	622	967	0
94649	28	415	967	0
87027	28	130932	967	0
42884	28	132	967	0
53326	28	1806	967	0
34560	28	1777	967	0
36286	28	1030	967	0
15750	28	1358	967	0
77659	28	139	967	0
131043	28	1181	967	0
102870	28	1934	967	0
23704	28	106	967	0
35324	28	661	967	0
16369	28	5504	967	0
45752	28	267	967	0
77931	28	1476	967	0
16272	28	40	967	0
9202	28	254	967	0
21424	28	2190	967	0
97163	28	1061	967	0
89309	28	309	967	0
38403	28	866	967	0
44262	28	582	967	0
94117	28	6547	967	0
79034	28	143	967	0
48029	28	1568	967	0
78380	28	4403	967	0
89772	28	904	967	0
31130	28	222	967	0
63074	28	1010	967	0
21369	28	1332	967	0
49694	28	1598	967	0
16849	28	104	967	0
154492	28	459	967	0
9603	28	877	967	0
81440	28	1641	967	0
154144	28	1597	967	0
54576	28	465	967	0
72543	28	188	967	0
25763	28	2283	967	0
126828	28	2117	967	0
62607	28	4947	967	0
77313	28	8428	967	0
94678	28	273	967	0
49200	28	484	967	0
120780	28	1177	967	0
55415	28	802	967	0
37632	28	1075	967	0
124681	28	46787	967	0
68746	28	784	967	0
73143	28	992	967	0
187443	14	2754	967	0
15902	28	1572	967	0
110543	28	1077	967	0
23232	28	461	967	0
97040	28	992	967	0
105822	28	1611	967	0
27626	28	990	967	0
77683	28	24485	967	0
56379	28	513	967	0
108564	28	7308	967	0
26841	28	76	967	0
80814	28	2165	967	0
110550	28	266	967	0
95162	28	2780	967	0
95861	28	1231	967	0
87628	28	4244	967	0
90350	28	770	967	0
56295	28	1292	967	0
85485	28	17523	967	0
41807	28	47	967	0
33916	28	526	967	0
52263	28	766	967	0
7929	28	791	967	0
90234	28	171	967	0
89896	28	774	967	0
23597	28	1561	967	0
66521	28	1477	967	0
113514	28	6566	967	0
95693	28	1862	967	0
108736	28	1618	967	0
75147	28	694	967	0
18436	28	42	967	0
25360	28	263	967	0
70299	23	126202	967	0
96762	28	8663	967	0
136768	28	766	967	0
104988	28	2762	967	0
26394	28	2719	967	0
73566	28	974	967	0
28720	28	1759	967	0
15763	28	91	967	0
82493	28	489	967	0
70726	28	2895	967	0
51711	14	902	967	0
11371	28	99	967	0
13663	28	213	967	0
9391	28	392	967	0
40756	28	8790	967	0
110674	28	1008	967	0
187774	28	454	967	0
10763	28	614	967	0
20248	28	38	967	0
76119	28	102	967	0
57315	28	25069	967	0
15282	28	98	967	0
123968	28	948	967	0
10637	28	1068	967	0
26179	28	1643	967	0
187818	14	32296	967	0
89267	28	27471	967	0
106127	28	430	967	0
16173	28	922	967	0
50224	28	63	967	0
78984	28	195	967	0
102723	28	1282	967	0
86106	28	1141	967	0
51914	28	1549	967	0
130228	28	124648	967	0
16648	28	295	967	0
79955	28	63	967	0
113709	28	3322	967	0
29069	28	1559	967	0
17109	28	504	967	0
70320	28	253	967	0
94798	28	12408	967	0
37747	28	2324	967	0
53209	28	981	967	0
11156	28	49	967	0
92806	28	303	967	0
53562	28	961	967	0
81617	28	1926	967	0
85518	28	1282	967	0
17490	28	333	967	0
155588	28	132	967	967
82329	28	253	967	967
95993	28	252	967	967
71283	28	180	967	967
83437	28	390	967	967
97594	28	30	967	967
114653	28	27	967	967
85596	28	72	967	967
54949	28	30	967	967
100004	28	748	967	967
75109	28	230	967	967
75123	28	519	967	967
100617	28	582	967	967
42285	28	256	967	967
102059	28	435	967	967
76762	28	708	967	967
118113	28	45	967	967
70600	28	20	967	967
44851	28	70	967	967
96460	28	192	967	967
83109	28	516	967	967
61475	28	355	967	967
57826	28	72	967	967
65955	28	240	967	967
77459	28	286	967	967
72350	28	201	967	967
42013	28	1192	967	967
67676	28	363	967	967
90619	28	431	967	967
97749	28	129	967	967
105223	28	240	967	967
91409	28	129	967	967
132376	28	152	967	967
122071	28	83	967	967
141072	28	83	967	967
122379	28	154	967	967
25573	28	289	967	967
32805	28	52	967	967
123606	28	406	967	967
105899	28	516	967	967
43244	28	140	967	967
52458	28	102	967	967
100046	28	169	967	967
15690	28	1034	967	967
81415	28	639	967	967
57952	28	20	967	967
82506	28	286	967	967
92935	28	355	967	967
127247	28	597	967	967
9266	28	1918	967	967
69233	28	2466	967	967
97093	28	158	967	967
48057	28	41	967	967
55021	28	22	967	967
118141	28	328	967	967
11032	28	186	967	967
104130	28	993	967	967
87897	28	454	967	967
92072	28	248	967	967
96920	28	2456	967	967
70275	28	145	967	967
92638	28	37	967	967
73187	28	199	967	967
107316	28	386	967	967
89779	28	355	967	967
64619	28	252	967	967
129474	28	101	967	967
151793	28	169	967	967
45219	28	83	967	967
115902	28	58	967	967
56251	28	180	967	967
11894	28	2877	967	967
104036	28	129	967	967
22780	28	41	967	967
113507	28	85	967	967
90644	28	198	967	967
96498	28	235	967	967
111224	28	1120	967	967
48999	28	293	967	967
95853	28	625	967	967
154626	28	916	967	967
87497	28	141	967	967
182537	28	1509	967	967
92398	28	118	967	967
8256	28	704	967	967
44538	28	185	967	967
31774	28	14396	967	967
110720	28	95	967	967
107835	28	74	967	967
75101	28	199	967	967
130609	28	76	967	967
72003	28	77	967	967
129129	28	146	967	967
21653	28	2391	967	967
152449	28	783	967	967
28747	28	102765	967	967
28334	28	52	967	967
113769	28	37	967	967
16222	28	153	967	967
105364	28	174	967	967
89297	28	390	967	967
106922	28	248	967	967
94049	28	22	967	967
155406	28	1430	967	967
75822	28	18	967	967
126102	28	328	967	967
16489	28	64	967	967
134014	28	263	967	967
154317	28	959	967	967
38676	28	568	967	968
82219	28	920	967	968
131088	28	458	967	968
7645	28	232	967	968
14232	28	2967	967	968
28926	28	1035	967	968
21693	28	295	967	968
131155	28	1005	967	968
16344	28	1837	967	968
82312	28	1264	967	968
112043	28	603	967	968
29037	28	785	967	968
70650	28	877	967	968
18722	28	16437	967	968
14348	28	201	967	968
70775	28	679	967	968
45081	28	1294	967	968
21864	28	73	967	968
70816	28	146	967	968
112255	28	14396	967	968
82640	28	1363	967	968
52398	28	409	967	968
25126	28	245	967	968
22006	28	29313	967	968
14503	28	1576	967	968
96298	28	2113	967	968
61078	28	3542	967	968
16586	28	1654	967	968
61087	28	1460	967	968
96320	28	722	967	968
39201	28	344	967	968
33820	28	1465	967	968
33856	28	967	967	968
44941	28	353	967	968
45455	28	1751	967	968
112576	28	3246	967	968
82241	28	722	967	968
96554	28	1127	967	968
16361	28	1740	967	968
34021	28	1562	967	968
5470	28	51	967	968
70648	28	2843	967	968
29597	28	228	967	968
9337	28	51	967	968
22222	28	3246	967	968
131811	28	39517	967	968
61508	28	1733	967	968
34130	28	751	967	968
34150	28	4272	967	968
83240	28	828	967	968
45731	28	3193	967	968
9374	28	3551	967	968
25535	28	1088	967	968
53135	28	1547	967	968
61740	28	415	967	968
96925	28	278	967	968
29820	28	643	967	968
39736	28	136	967	968
96995	28	96996	967	968
71825	28	234	967	968
111949	28	560	967	968
61867	28	2562	967	968
25723	28	358	967	968
25729	28	446	967	968
71871	28	2236	967	968
46028	28	2577	967	968
53375	28	692	967	968
62021	28	2490	967	968
39964	28	1078	967	968
25858	28	56	967	968
83748	28	829	967	968
72044	28	802	967	968
34565	28	424	967	968
113343	28	18621	967	968
83496	28	9509	967	968
83846	28	1167	967	968
132376	28	2660	967	968
52142	28	1465	967	968
17107	28	2139	967	968
97463	28	29313	967	968
40156	28	670	967	968
30203	28	1568	967	968
15025	28	358	967	968
62406	28	553	967	968
113629	28	798	967	968
26093	28	953	967	968
26123	28	1290	967	968
53810	28	1120	967	968
97626	28	2241	967	968
53831	28	1499	967	968
62551	28	15092	967	968
72502	28	2564	967	968
19790	28	214	967	968
113805	28	2241	967	968
84344	28	1462	967	968
17235	28	1181	967	968
40439	28	2199	967	968
13458	28	896	967	968
84396	28	1097	967	968
19452	28	146	967	968
95899	28	3366	967	968
96836	28	5547	967	968
61202	28	679	967	968
17294	28	42	967	968
22921	28	2714	967	968
40317	28	232	967	968
70758	28	649	967	968
40593	28	1002	967	968
46840	28	694	967	968
30521	28	1500	967	968
61647	28	5247	967	968
39812	28	2100	967	968
46881	28	1765	967	968
132976	28	4128	967	968
29945	28	1286	967	968
44851	28	580	967	968
22675	28	3337	967	968
98136	28	749	967	968
97850	28	48	967	968
73002	28	427	967	968
17390	28	83	967	968
73024	28	133	967	968
98240	28	129	967	968
60747	28	391	967	968
8023	28	1195	967	968
54469	28	16	967	968
114351	28	3507	967	968
84934	28	1363	967	968
35329	28	1921	967	968
40888	28	1305	967	968
13581	28	33	967	968
26305	28	1153	967	968
35428	28	40	967	968
38862	28	103	967	968
17289	28	789	967	968
30428	28	4068	967	968
47256	28	1399	967	968
83424	28	821	967	968
40699	28	408	967	968
114550	28	4724	967	968
71171	28	554	967	968
26715	28	598	967	968
114688	28	2503	967	968
10593	28	239	967	968
25724	28	679	967	968
63601	28	1836	967	968
35638	28	355	967	968
73629	28	821	967	968
26849	28	1609	967	968
73647	28	2018	967	968
73706	28	495	967	968
73169	28	1290	967	968
73730	28	7971	967	968
72125	28	3226	967	968
17631	28	3354	967	968
17386	28	171	967	968
11749	28	953	967	968
47630	28	11424	967	968
7495	28	289	967	968
26931	28	2585	967	968
114238	28	54490	967	968
63891	28	3507	967	968
85645	28	99058	967	968
17664	28	1107	967	968
99143	28	273	967	968
99180	28	7664	967	968
115163	28	47	967	968
63032	28	830	967	968
47837	28	3246	967	968
23473	28	52	967	968
12212	28	186	967	968
73646	28	13332	967	968
133980	28	554	967	968
23494	28	3243	967	968
15603	28	3649	967	968
97553	28	743	967	968
35975	28	82	967	968
55327	28	115345	967	968
99080	28	280	967	968
85930	28	38	967	968
25805	28	332	967	968
74187	28	261	967	968
86014	28	16414	967	968
54965	28	3193	967	968
115559	28	48070	967	968
115608	28	416	967	968
31387	28	2096	967	968
99680	28	571	967	968
41749	28	465	967	968
41753	28	1237	967	968
15681	28	980	967	968
82823	28	888	967	968
86292	28	1998	967	968
27072	28	1180	967	968
64508	28	3931	967	968
55652	28	3435	967	968
39996	28	91	967	968
83161	28	5192	967	968
31519	28	971	967	968
133920	28	2373	967	968
134551	28	712	967	968
20702	28	4748	967	968
18537	28	1937	967	968
23702	28	56	967	968
64577	28	3439	967	968
115915	28	4497	967	968
86541	28	1204	967	968
33754	28	336	967	968
116012	28	478	967	968
133502	28	198	967	968
15763	28	178	967	968
98404	28	152	967	968
55929	28	465	967	968
42014	28	1457	967	968
38886	28	525	967	968
74908	28	278	967	968
86716	28	261	967	968
55984	28	612	967	968
41422	28	418	967	968
100344	28	100345	967	968
17949	28	1207	967	968
75096	28	4146	967	968
36547	28	647	967	968
8055	28	1905	967	968
84551	28	79	967	968
25977	28	328	967	968
42210	28	318	967	968
23160	28	150	967	968
36592	28	449	967	968
13006	28	679	967	968
65129	28	3993	967	968
9600	28	1047	967	968
42245	28	2100	967	968
116396	28	525	967	968
100497	28	536	967	968
82570	28	3750	967	968
15739	28	255	967	968
87065	28	1228	967	968
100564	28	1924	967	968
45349	28	1467	967	968
25489	28	6525	967	968
65291	28	1834	967	968
11423	28	214	967	968
116579	28	1167	967	968
19969	28	155	967	968
7546	28	1855	967	968
17596	28	682	967	968
56391	28	1011	967	968
87261	28	449	967	968
31885	28	514	967	968
135302	28	756	967	968
72598	28	126	967	968
36754	28	83	967	968
10217	28	87	967	968
48934	28	2152	967	968
100154	28	1779	967	968
19782	28	42	967	968
135405	28	6016	967	968
87388	28	792	967	968
27194	28	1749	967	968
100857	28	686	967	968
97314	28	36183	967	968
36829	28	851	967	968
100897	28	310	967	968
56550	28	5211	967	968
116844	28	325	967	968
87503	28	45	967	968
75662	28	133	967	968
20533	28	923	967	968
87574	28	805	967	968
15535	28	437	967	968
116964	28	51	967	968
65631	28	7177	967	968
10638	28	610	967	968
101102	28	101	967	968
29764	28	33	967	968
56747	28	3246	967	968
75888	28	353	967	968
37004	28	1330	967	968
65768	28	1775	967	968
11005	28	674	967	968
52523	28	710	967	968
101305	28	177	967	968
36907	28	4577	967	968
34567	28	415	967	968
10840	28	433	967	968
9995	28	1124	967	968
73202	28	476	967	968
7374	28	72	967	968
22217	28	56	967	968
11578	28	537	967	968
10917	28	846	967	968
9009	28	4895	967	968
136099	28	402	967	968
117458	28	2399	967	968
26031	28	515	967	968
11350	28	1237	967	968
15619	28	105	967	968
45634	28	1181	967	968
117586	28	4048	967	968
31035	28	303	967	968
66124	28	1101	967	968
19347	28	767	967	968
33648	28	423	967	968
47673	28	1155	967	968
117686	28	989	967	968
72998	28	1159	967	968
23025	28	981	967	968
21173	28	1699	967	968
9669	28	74	967	968
65166	28	273	967	968
98139	28	2914	967	968
15412	28	89	967	968
29505	28	1207	967	968
49606	28	1063	967	968
88475	28	781	967	968
21848	28	74	967	968
136491	28	922	967	968
37071	28	241	967	968
117925	28	1963	967	968
76639	28	1334	967	968
23308	28	739	967	968
102134	28	22160	967	968
24214	28	273	967	968
76717	28	1112	967	968
11367	28	554	967	968
57422	28	674	967	968
82222	28	1435	967	968
118104	28	888	967	968
19488	28	53	967	968
88784	28	971	967	968
17472	28	1684	967	968
64724	28	3971	967	968
18628	28	1080	967	968
33388	28	1824	967	968
44882	28	2061	967	968
70584	28	282	967	968
118275	28	1728	967	968
6261	28	3226	967	968
102455	28	1618	967	968
10163	28	529	967	968
27870	28	974	967	968
60731	28	489	967	968
18697	28	1169	967	968
118309	28	2158	967	968
24700	28	660	967	968
82236	28	797	967	968
98372	28	395	967	968
136926	28	1677	967	968
6632	28	238	967	968
44844	28	676	967	968
28930	28	959	967	968
14254	28	3039	967	968
44865	28	95	967	968
39013	28	3403	967	968
102576	28	11561	967	968
21913	28	528	967	968
88987	28	1552	967	968
14440	28	380	967	968
45209	28	694	967	968
5950	28	975	967	968
118477	28	478	967	968
29081	28	1105	967	968
86682	28	1618	967	968
39240	28	975	967	968
45368	28	380	967	968
88780	28	819	967	968
5689	28	78	967	968
89169	28	1034	967	968
96564	28	1016	967	968
9223	28	710	967	968
52511	28	1816	967	968
22009	28	1268	967	968
95945	28	511	967	968
117516	28	882	967	968
102897	28	993	967	968
63523	28	1078	967	968
34070	28	539	967	968
19196	28	1215	967	968
54022	28	433	967	968
34094	28	38	967	968
77026	28	4605	967	968
72328	28	232	967	968
89358	28	4051	967	968
52816	28	1712	967	968
34136	28	3542	967	968
22332	28	86	967	968
82615	28	13607	967	968
14764	28	2481	967	968
8597	28	235	967	968
118968	28	278	967	968
14425	28	745	967	968
96769	28	923	967	968
7752	28	5479	967	968
34194	28	28	967	968
103163	28	1358	967	968
25769	28	1268	967	968
87785	28	2914	967	968
25247	28	1837	967	968
19489	28	1147	967	968
77541	28	16107	967	968
65230	28	1874	967	968
56269	28	3321	967	968
11534	28	1030	967	968
60854	28	808	967	968
11799	28	1812	967	968
77306	28	743	967	968
22596	28	1268	967	968
83067	28	1651	967	968
75905	28	1677	967	968
46269	28	805	967	968
45682	28	120	967	968
82945	28	2564	967	968
97547	28	99106	967	968
77659	28	1149	967	968
44954	28	741	967	968
44982	28	67	967	968
7973	28	1171	967	968
97398	28	10050	967	968
54198	28	49705	967	968
97288	28	1010	967	968
67294	28	1117	967	968
89890	28	357	967	968
119393	28	812	967	968
29836	28	5469	967	968
76671	28	877	967	968
8741	28	1161	967	968
13134	28	2051	967	968
46675	28	986	967	968
77850	28	1208	967	968
37155	28	1176	967	968
7376	28	178	967	968
13417	28	1020	967	968
97668	28	1356	967	968
45253	28	387	967	968
67006	28	1618	967	968
77936	28	280	967	968
133055	28	1177	967	968
77030	28	1054	967	968
11342	28	17258	967	968
66225	28	13818	967	968
34897	28	37	967	968
9240	28	28	967	968
67400	28	99	967	968
36276	28	253	967	968
14465	28	1572	967	968
17285	28	42	967	968
26319	28	422	967	968
19785	28	1154	967	968
77048	28	969	967	968
160907	28	2983	967	968
62824	28	325	967	968
112922	28	1228	967	968
99614	28	3084	967	968
103926	28	219	967	968
53323	28	596	967	968
74053	28	465	967	968
62816	28	4927	967	968
78041	28	866	967	968
137525	28	167	967	968
29184	28	1465	967	968
104024	28	273	967	968
104032	28	469	967	968
98097	28	485	967	968
29505	28	8045	967	968
67477	28	6010	967	968
78080	28	1101	967	968
10161	28	155	967	968
67494	28	1075	967	968
11712	28	2710	967	968
17369	28	231	967	968
14228	28	1576	967	968
90192	28	2280	967	968
10640	28	1290	967	968
19858	28	634	967	968
90226	28	20	967	968
12803	28	3304	967	968
161103	16	5266	967	968
104159	28	1981	967	968
13343	28	332	967	968
16553	28	2310	967	968
90226	28	344	967	968
30943	28	18	967	968
63577	28	833	967	968
28894	28	1777	967	968
104284	28	1639	967	968
34832	28	686	967	968
39168	28	129	967	968
8675	28	318	967	968
18669	28	1078	967	968
87483	28	89	967	968
104370	28	29313	967	968
10810	28	1484	967	968
41151	28	759	967	968
98726	28	410	967	968
18862	28	2923	967	968
43145	28	6904	967	968
12181	28	1048	967	968
35636	28	2714	967	968
15528	28	114	967	968
120471	28	1331	967	968
47692	28	474	967	968
41399	28	666	967	968
20427	28	2324	967	968
41408	28	491	967	968
11810	28	2412	967	968
34085	28	8033	967	968
120565	28	167	967	968
7921	28	1081	967	968
15515	28	74	967	968
120608	28	3967	967	968
61173	28	596	967	968
139210	28	1509	967	968
104626	28	1794	967	968
53245	28	16	967	968
83675	28	2045	967	968
55658	28	1468	967	968
90701	28	3267	967	968
116324	28	1633	967	968
23440	28	596	967	968
7120	28	67	967	968
13733	28	961	967	968
35913	28	511	967	968
139310	28	43704	967	968
78563	28	24101	967	968
26851	28	1959	967	968
104722	28	1677	967	968
64264	28	913	967	968
55588	28	181	967	968
41652	28	614	967	968
31330	28	696	967	968
41690	28	1264	967	968
25643	28	469	967	968
61868	28	3491	967	968
53790	28	4955	967	968
40938	28	449	967	968
15632	28	53641	967	968
98111	28	1611	967	968
101780	28	126	967	968
36047	28	1985	967	968
90868	28	1611	967	968
67963	28	1694	967	968
26218	28	78	967	968
50591	28	994	967	968
10141	28	680	967	968
104921	28	371	967	968
90948	28	1382	967	968
104949	28	885	967	968
30447	28	17809	967	968
78714	28	828	967	968
21820	28	2301	967	968
83454	28	170	967	968
74264	28	111	967	968
63075	28	767	967	968
96774	28	1609	967	968
41863	28	3051	967	968
99919	28	593	967	968
16558	28	1268	967	968
61110	28	1167	967	968
139680	28	168	967	968
78771	28	4003	967	968
64689	28	3507	967	968
18847	28	1424	967	968
31514	28	2054	967	968
26139	28	273	967	968
13875	28	80	967	968
105114	28	892	967	968
17904	28	568	967	968
102080	28	2050	967	968
15503	28	833	967	968
96414	28	179	967	968
64294	28	672	967	968
35323	28	1985	967	968
55966	28	972	967	968
23735	28	1576	967	968
39699	28	442	967	968
15061	28	2397	967	968
105222	28	1547	967	968
70602	28	2131	967	968
21864	28	77	967	968
105296	28	43704	967	968
20795	28	1166	967	968
65817	28	278	967	968
67073	28	25069	967	968
140083	28	3920	967	968
67776	28	1466	967	968
27593	28	1533	967	968
52325	28	24342	967	968
15833	28	380	967	968
105461	28	1134	967	968
99989	28	908	967	968
36709	28	410	967	968
34441	28	159	967	968
90693	28	7971	967	968
42807	28	2456	967	968
20918	28	390	967	968
27603	28	2562	967	968
63199	28	1002	967	968
121638	28	99	967	968
65348	28	7664	967	968
19393	28	877	967	968
76419	28	3931	967	968
91468	28	79	967	968
27642	28	408	967	968
52714	28	2430	967	968
90831	28	2589	967	968
27317	28	39	967	968
140457	28	467	967	968
31784	28	2923	967	968
13750	28	693	967	968
121867	28	1677	967	968
105734	28	16153	967	968
25140	28	4386	967	968
36927	28	205	967	968
22778	28	971	967	968
68346	28	1033	967	968
82827	28	5852	967	968
84241	28	937	967	968
16837	28	242	967	968
74565	28	2160	967	968
18013	28	123	967	968
42650	28	2967	967	968
140725	28	16	967	968
68398	28	558	967	968
91730	28	1758	967	968
99834	28	4048	967	968
77659	28	43	967	968
11431	28	597	967	968
33474	28	56877	967	968
62680	28	16414	967	968
45976	28	1495	967	968
21036	28	380	967	968
105920	28	73841	967	968
85725	28	936	967	968
49277	28	192	967	968
39614	28	2544	967	968
25710	28	602	967	968
65806	28	461	967	968
58290	28	1811	967	968
106022	28	3125	967	968
118023	28	52712	967	968
8576	28	2436	967	968
37162	28	4509	967	968
90691	28	3971	967	968
37111	28	1255	967	968
55962	28	153	967	968
19088	28	872	967	968
106114	28	1208	967	968
54846	28	351	967	968
122319	28	634	967	968
70662	28	147	967	968
27525	28	2895	967	968
12419	28	2131	967	968
11912	28	1164	967	968
67824	28	3476	967	968
70536	28	4757	967	968
34356	28	2943	967	968
37251	28	875	967	968
27155	28	369	967	968
14453	28	872	967	968
70739	28	1743	967	968
102857	28	789	967	968
83601	28	71	967	968
7462	28	518	967	968
32353	28	1043	967	968
119674	28	739	967	968
18228	28	42	967	968
50904	28	409	967	968
28076	28	758	967	968
32360	28	802	967	968
60976	28	3993	967	968
26443	28	2714	967	968
14034	28	1446	967	968
16402	28	1048	967	968
27693	28	254	967	968
122644	28	2478	967	968
92108	28	3246	967	968
12546	28	836	967	968
96498	28	659	967	968
49145	28	4895	967	968
56512	28	632	967	968
100046	28	969	967	968
70845	28	27658	967	968
122692	28	1211	967	968
15573	28	740	967	968
106418	28	1446	967	968
122720	28	1694	967	968
74177	28	37	967	968
92148	28	272	967	968
13126	28	72	967	968
17156	28	85	967	968
20939	28	2018	967	968
84999	28	2967	967	968
37114	28	178	967	968
106478	28	1618	967	968
88766	28	410	967	968
43184	28	241	967	968
29855	28	266	967	968
92258	28	1058	967	968
41590	28	672	967	968
79740	28	1110	967	968
67245	28	554	967	968
22622	28	481	967	968
10070	28	5584	967	968
24861	28	825	967	968
106689	28	3002	967	968
10374	28	1365	967	968
92346	28	36430	967	968
54300	28	1267	967	968
9449	28	82	967	968
44029	28	986	967	968
78781	28	1237	967	968
48518	28	4577	967	968
9319	28	114	967	968
104104	28	791	967	968
27161	28	1251	967	968
72766	28	63	967	968
27110	28	1747	967	968
106177	28	24235	967	968
78984	28	239	967	968
34263	28	2923	967	968
36190	28	1951	967	968
54811	28	455	967	968
106347	28	1368	967	968
73622	28	4738	967	968
90008	28	1137	967	968
21216	28	30	967	968
21787	28	2430	967	968
10102	28	481	967	968
68886	28	1008	967	968
28530	28	949	967	968
89861	28	181	967	968
137043	28	174	967	968
119420	28	232	967	968
77755	28	796	967	968
50176	28	33375	967	968
56126	28	4171	967	968
123313	28	536	967	968
19281	28	357	967	968
116218	28	2710	967	968
80034	28	1484	967	968
14992	28	4047	967	968
33892	28	570	967	968
9123	28	554	967	968
37070	28	653	967	968
15162	28	931	967	968
107079	28	602	967	968
53597	28	1536	967	968
90815	28	7895	967	968
12695	28	124	967	968
13316	28	45	967	968
92558	28	2182	967	968
38056	28	2358	967	968
38178	28	1592	967	968
45596	28	404	967	968
5099	28	48	967	968
65194	28	318	967	968
15925	28	1853	967	968
31101	28	1268	967	968
80154	28	11457	967	968
27867	28	1288	967	968
119764	28	3661	967	968
34097	28	1778	967	968
23310	28	1465	967	968
12928	28	344	967	968
73894	28	87	967	968
7764	28	126	967	968
85596	28	1778	967	968
44786	28	343	967	968
67084	28	82	967	968
62218	28	1582	967	968
69143	28	114	967	968
80312	28	680	967	968
58207	28	85	967	968
69154	28	833	967	968
57243	28	1403	967	968
116396	28	808	967	968
11719	28	1068	967	968
25964	28	515	967	968
105216	14	2305	967	968
103944	28	76	967	968
16210	28	2914	967	968
89780	28	56987	967	968
123935	28	1176	967	968
107520	28	13780	967	968
59571	28	180	967	968
72915	28	605	967	968
57878	28	153	967	968
85485	28	3926	967	968
59586	28	447	967	968
102198	28	1333	967	968
164798	28	8059	967	968
124011	28	2989	967	968
54391	28	2542	967	968
122247	28	33583	967	968
82304	28	21243	967	968
117681	28	1290	967	968
124047	28	881	967	968
29988	28	366	967	968
92209	28	530	967	968
7599	28	192	967	968
18331	28	398	967	968
19567	28	3921	967	968
164932	28	3132	967	968
65663	28	1136	967	968
117805	28	1776	967	968
59384	28	1264	967	968
22510	28	1921	967	968
33916	28	2264	967	968
79935	28	1002	967	968
30972	28	92	967	968
8411	28	1572	967	968
20375	28	1411	967	968
64840	28	2433	967	968
12877	28	101	967	968
28115	28	679	967	968
105371	28	7857	967	968
36308	28	1054	967	968
18470	28	1043	967	968
11138	28	50	967	968
17379	28	76	967	968
49321	28	1811	967	968
143305	28	851	967	968
61048	28	2904	967	968
90974	28	1980	967	968
74837	28	3642	967	968
34769	28	83	967	968
11834	28	202	967	968
49337	28	266	967	968
79086	28	7739	967	968
67230	28	64	967	968
19547	28	1611	967	968
92608	28	7218	967	968
63719	28	133	967	968
15770	28	1019	967	968
17151	28	781	967	968
45819	28	2353	967	968
72312	28	386	967	968
30172	28	5136	967	968
87232	28	298	967	968
40730	28	1834	967	968
87394	28	649	967	968
20355	28	434	967	968
23264	28	1159	967	968
103667	28	769	967	968
83022	28	1101	967	968
90687	28	303	967	968
44374	28	1137	967	968
93305	28	344	967	968
22848	28	1533	967	968
12748	28	89	967	968
71728	28	343	967	968
37903	28	897	967	968
72226	28	1803	967	968
20447	28	1514	967	968
13973	28	129	967	968
29159	28	120	967	968
47277	28	354	967	968
17876	28	219	967	968
102785	28	1435	967	968
82888	28	1677	967	968
75985	28	812	967	968
27913	28	864	967	968
91077	28	445	967	968
15535	28	355	967	968
46516	28	1264	967	968
71495	28	18789	967	968
116719	28	1076	967	968
58318	28	554	967	968
33135	28	191	967	968
90868	28	42	967	968
83109	28	2608	967	968
98111	28	42	967	968
97333	28	1694	967	968
59614	28	3269	967	968
70807	28	3268	967	968
16004	28	454	967	968
12141	28	169	967	968
108186	28	715	967	968
40725	28	192	967	968
49459	28	4577	967	968
7789	28	377	967	968
76303	28	2324	967	968
65291	28	1305	967	968
93527	28	5755	967	968
23811	28	1465	967	968
54117	28	160	967	968
106252	28	8165	967	968
7057	28	977	967	968
108265	28	818	967	968
23889	28	446	967	968
15156	28	666	967	968
57373	28	1302	967	968
97028	28	793	967	968
93585	28	24268	967	968
12709	28	158	967	968
107644	28	819	967	968
124957	28	1396	967	968
23859	28	3418	967	968
86289	28	10707	967	968
30681	28	767	967	968
70646	28	4152	967	968
67546	28	985	967	968
24488	28	1033	967	968
78873	28	1460	967	968
58293	28	3985	967	968
27407	28	61	967	968
43354	28	694	967	968
108398	28	607	967	968
64491	28	965	967	968
9140	28	86	967	968
20409	28	1488	967	968
61997	28	799	967	968
37543	28	2085	967	968
16228	28	153	967	968
10784	28	2912	967	968
89006	28	8931	967	968
12705	28	422	967	968
56353	28	816	967	968
37993	28	486	967	968
20462	28	1351	967	968
31571	28	275	967	968
77072	28	31818	967	968
123266	28	2288	967	968
60967	28	5369	967	968
112294	28	1662	967	968
31186	28	131	967	968
14532	28	65	967	968
15712	28	250	967	968
86921	28	7857	967	968
21638	28	507	967	968
125197	28	260	967	968
33000	28	680	967	968
96375	28	1801	967	968
26220	28	1759	967	968
87733	28	1462	967	968
27501	28	1633	967	968
25613	28	2324	967	968
125306	28	1460	967	968
78809	28	1063	967	968
29205	28	1264	967	968
61695	28	3707	967	968
19923	28	215	967	968
24507	28	83	967	968
93845	28	1641	967	968
35816	28	694	967	968
59983	28	749	967	968
16787	28	419	967	968
31078	28	54	967	968
84751	28	618	967	968
20853	28	201	967	968
59320	28	49265	967	968
10328	28	1210	967	968
138616	28	2158	967	968
33202	28	1196	967	968
60788	28	759	967	968
107536	28	535	967	968
77288	28	3132	967	968
72975	28	1555	967	968
15511	28	278	967	968
87233	28	253	967	968
108736	28	1167	967	968
83347	28	1340	967	968
66730	28	491	967	968
6326	28	635	967	968
91694	28	1308	967	968
125596	28	559	967	968
40368	28	12013	967	968
13662	28	1885	967	968
81112	28	391	967	968
96588	28	2980	967	968
68690	28	111	967	968
43419	28	27471	967	968
46867	28	427	967	968
86167	28	2020	967	968
72642	28	20176	967	968
54607	28	3350	967	968
79143	28	1656	967	968
18418	28	65	967	968
64583	28	89	967	968
17255	28	74	967	968
68613	28	427	967	968
108899	28	1404	967	968
34681	28	251	967	968
22308	28	126	967	968
97602	28	994	967	968
90654	28	4092	967	968
23161	28	16107	967	968
106231	28	1242	967	968
125848	28	4605	967	968
108220	28	1552	967	968
86615	28	843	967	968
28033	28	2327	967	968
27312	28	504	967	968
28576	28	7837	967	968
9806	28	242	967	968
73748	28	4625	967	968
88262	28	2053	967	968
28989	28	325	967	968
35319	28	2955	967	968
90172	28	2376	967	968
89446	28	465	967	968
79702	28	1576	967	968
40558	28	266	967	968
12361	28	104	967	968
29881	28	1568	967	968
41127	28	1543	967	968
27680	28	3750	967	968
14708	28	1195	967	968
73892	28	971	967	968
86018	28	1635	967	968
27494	28	6257	967	968
29302	28	1875	967	968
43507	28	2198	967	968
34093	28	632	967	968
34030	28	72	967	968
64139	28	2829	967	968
97812	28	8240	967	968
109189	28	572	967	968
46503	28	1123	967	968
100233	28	2412	967	968
6725	28	974	967	968
16430	28	156	967	968
61168	28	1002	967	968
45960	28	967	967	968
105761	28	21935	967	968
63336	28	403	967	968
11934	28	88462	967	968
34802	28	977	967	968
126163	28	2561	967	968
42337	28	7083	967	968
19798	28	304	967	968
50726	28	627	967	968
109287	28	1529	967	968
61556	28	1146	967	968
67465	28	749	967	968
17906	28	79	967	968
30037	28	111	967	968
11735	28	436	967	968
47486	28	802	967	968
77867	28	1830	967	968
38046	28	596	967	968
145805	28	16414	967	968
63534	28	401	967	968
11077	28	101	967	968
42589	28	967	967	968
109255	28	110	967	968
105904	28	387	967	968
86520	28	2548	967	968
126381	28	458	967	968
11187	28	272	967	968
76579	28	3318	967	968
167872	28	860	967	968
103816	28	123	967	968
58617	28	2139	967	968
24447	28	49793	967	968
28933	28	4387	967	968
58225	28	956	967	968
12559	28	69	967	968
83770	28	2564	967	968
73080	28	988	967	968
51731	28	3449	967	968
106860	28	2240	967	968
57078	28	5835	967	968
44078	28	577	967	968
83257	28	37459	967	968
65859	28	885	967	968
100470	28	60688	967	968
51057	28	877	967	968
98464	28	869	967	968
82711	28	57280	967	968
25104	28	1609	967	968
13256	28	79	967	968
15877	28	1462	967	968
30479	28	3131	967	968
109149	28	890	967	968
79966	28	430	967	968
51481	28	69185	967	968
87628	28	1232	967	968
17327	28	619	967	968
9010	28	803	967	968
17514	28	36679	967	968
14044	28	85	967	968
126579	28	2564	967	968
146000	28	366	967	968
93486	28	6255	967	968
11674	28	67	967	968
55132	28	1525	967	968
94258	28	1745	967	968
36722	28	5908	967	968
38748	28	325	967	968
112142	28	1060	967	968
54084	28	885	967	968
63661	28	619	967	968
35425	28	785	967	968
112339	28	3136	967	968
77996	28	504	967	968
42148	28	1155	967	968
89000	28	20	967	968
31836	28	572	967	968
94087	28	2528	967	968
77887	28	1633	967	968
23382	28	171	967	968
46970	28	1543	967	968
28588	28	2564	967	968
26154	28	4678	967	968
13446	28	346	967	968
32971	28	476	967	968
109217	28	1571	967	968
47297	28	17986	967	968
59696	28	1749	967	968
28608	28	289	967	968
64698	28	1147	967	968
48913	28	1351	967	968
80482	28	1190	967	968
69104	28	949	967	968
12015	28	6108	967	968
26270	28	357	967	968
76428	28	924	967	968
11922	28	171	967	968
88370	28	899	967	968
89214	28	4757	967	968
28365	28	511	967	968
14227	28	9138	967	968
70053	28	219	967	968
93474	28	1703	967	968
39211	28	2456	967	968
27511	28	213	967	968
11382	28	3433	967	968
91482	28	104	967	968
14411	28	99	967	968
30741	28	1048	967	968
76086	28	427	967	968
87180	28	749	967	968
88203	28	1993	967	968
94110	28	1286	967	968
51273	28	2051	967	968
18589	28	1384	967	968
68380	28	1794	967	968
61681	28	554	967	968
32340	28	2282	967	968
48989	28	1026	967	968
14236	28	1610	967	968
75214	28	88	967	968
30727	28	9409	967	968
102395	28	553	967	968
24884	28	527	967	968
94129	28	4476	967	968
79150	28	1618	967	968
73648	28	3092	967	968
26578	28	92	967	968
57292	28	447	967	968
69246	28	679	967	968
27290	28	725	967	968
15217	28	77	967	968
78599	28	888	967	968
94137	28	1507	967	968
55395	28	86	967	968
71392	28	429	967	968
51201	28	353	967	968
127050	28	2842	967	968
48633	28	156	967	968
13116	28	1847	967	968
9907	28	797	967	968
26284	28	30476	967	968
93138	28	851	967	968
22092	28	415	967	968
127102	28	114	967	968
46017	28	78	967	968
74391	28	78869	967	968
8454	28	792	967	968
34398	28	694	967	968
51800	28	252	967	968
9992	28	277	967	968
25260	28	1552	967	968
12195	28	56	967	968
125628	28	1948	967	968
59654	28	1239	967	968
75867	28	1390	967	968
103645	28	55	967	968
77312	28	1467	967	968
56824	28	2766	967	968
11509	28	65	967	968
28457	28	783	967	968
30816	28	446	967	968
11412	28	417	967	968
84068	28	266	967	968
34417	28	104	967	968
74746	28	20	967	968
57952	28	44	967	968
16817	28	39	967	968
119320	28	621	967	968
20911	28	1027	967	968
169348	28	977	967	968
70704	28	690	967	968
93077	28	4316	967	968
169382	28	2096	967	968
91366	28	911	967	968
43491	28	1577	967	968
104873	28	1745	967	968
90452	28	36244	967	968
12209	28	161	967	968
8805	28	188	967	968
63837	28	400	967	968
67640	28	3993	967	968
42056	28	406	967	968
17650	28	159	967	968
10970	28	1314	967	968
80960	28	138492	967	968
95921	28	1907	967	968
21037	28	1464	967	968
108535	28	2240	967	968
112119	28	222	967	968
18269	28	166	967	968
41650	28	791	967	968
37728	28	447	967	968
51167	28	1160	967	968
74449	28	2974	967	968
15669	28	4047	967	968
27940	28	693	967	968
25974	28	2003	967	968
127247	28	478	967	968
147430	28	554	967	968
72596	28	317	967	968
16390	28	680	967	968
103532	28	1556	967	968
94740	28	56	967	968
28710	28	803	967	968
108921	28	54121	967	968
38114	28	666	967	968
27272	28	1053	967	968
33592	28	1576	967	968
39467	28	899	967	968
45891	28	5547	967	968
101655	28	366	967	968
44430	28	2116	967	968
92265	28	954	967	968
62280	28	409	967	968
56678	28	1330	967	968
13961	28	994	967	968
20920	28	2198	967	968
18918	28	1006	967	968
74391	28	371	967	968
32945	28	65	967	968
79903	28	596	967	968
104393	28	142	967	968
81069	28	1395	967	968
107650	28	720	967	968
10228	28	501	967	968
25633	28	2611	967	968
29673	28	40014	967	968
16481	28	3975	967	968
93572	28	43973	967	968
12166	28	582	967	968
108099	28	4373	967	968
133143	28	1417	967	968
91993	28	330	967	968
12548	28	840	967	968
94727	28	2386	967	968
30677	28	482	967	968
44476	28	2720	967	968
104575	28	318	967	968
42903	28	492	967	968
100592	28	1951	967	968
90341	28	386	967	968
44173	28	1555	967	968
52484	28	598	967	968
90095	28	3373	967	968
127754	28	1325	967	968
7360	28	11647	967	968
30659	28	477	967	968
12626	28	1179	967	968
7679	28	355	967	968
24950	28	489	967	968
44992	28	1280	967	968
40648	28	839	967	968
38104	28	2054	967	968
66172	28	2126	967	968
127789	28	920	967	968
170311	28	882	967	968
61791	28	79	967	968
147924	28	11331	967	968
29689	28	317	967	968
15407	28	1080	967	968
69673	28	39	967	968
93959	28	1434	967	968
41842	28	1710	967	968
82330	28	490	967	968
34126	28	1396	967	968
47691	28	235	967	968
41712	28	318	967	968
34985	28	13328	967	968
108363	28	1351	967	968
16122	28	1033	967	968
27783	28	833	967	968
73316	28	3153	967	968
95824	28	530	967	968
89656	28	378	967	968
55749	28	1885	967	968
90044	28	1618	967	968
27640	28	40788	967	968
31650	28	53	967	968
48214	28	596	967	968
31275	28	83	967	968
77975	28	1171	967	968
8686	28	888	967	968
72308	28	1796	967	968
81302	28	551	967	968
12828	28	104	967	968
36314	28	58	967	968
42243	28	427	967	968
18533	28	1751	967	968
55637	28	5765	967	968
10554	28	9733	967	968
103864	28	311	967	968
19726	28	1738	967	968
89506	28	996	967	968
31437	28	760	967	968
91625	28	404	967	968
148220	28	2967	967	968
92583	28	985	967	968
42246	28	27658	967	968
9860	28	6935	967	968
128063	28	1076	967	968
5992	28	454	967	968
128075	28	330	967	968
22589	28	2139	967	968
170790	14	1790	967	968
39996	28	77	967	968
64331	28	2046	967	968
92418	28	6606	967	968
110511	28	39997	967	968
17086	28	1231	967	968
11798	28	142	967	968
36050	28	1710	967	968
49279	28	1876	967	968
36579	28	402	967	968
92743	28	1080	967	968
51687	28	2562	967	968
7088	28	1026	967	968
21441	28	7794	967	968
82886	28	343	967	968
86634	28	1370	967	968
148454	28	131	967	968
128170	28	1316	967	968
22594	28	234	967	968
13572	28	1294	967	968
94534	28	13831	967	968
88448	28	1396	967	968
108954	28	179	967	968
32738	28	1253	967	968
8009	28	42	967	968
67434	28	792	967	968
92360	28	2542	967	968
22084	28	819	967	968
33892	28	45	967	968
9840	28	7118	967	968
51690	28	1459	967	968
43404	28	1740	967	968
8502	28	1639	967	968
108639	28	1677	967	968
52294	28	821	967	968
81828	28	4631	967	968
70092	28	10552	967	968
52585	28	482	967	968
74985	28	4375	967	968
17666	28	278	967	968
24441	28	806	967	968
14745	28	415	967	968
69253	28	2208	967	968
50411	28	114	967	968
18102	28	5852	967	968
11834	28	409	967	968
105822	28	704	967	968
108233	28	1618	967	968
12789	28	1001	967	968
137994	28	63	967	968
63281	28	2562	967	968
35845	28	8112	967	968
125389	28	5173	967	968
66020	28	263	967	968
24627	28	1921	967	968
56696	28	27471	967	968
98590	28	1099	967	968
32972	28	554	967	968
29911	28	482	967	968
37261	28	331	967	968
81393	28	502	967	968
89535	28	911	967	968
56718	28	38	967	968
53545	28	1033	967	968
16841	28	1173	967	968
29163	28	6154	967	968
87947	28	110	967	968
63033	28	1127	967	968
128385	28	3387	967	968
54972	28	5088	967	968
16505	28	33	967	968
7937	28	7002	967	968
8092	28	53	967	968
50224	28	215	967	968
25299	28	525	967	968
36322	28	1136	967	968
14887	28	1583	967	968
34602	28	1749	967	968
60915	28	321	967	968
103303	28	483	967	968
93361	28	1383	967	968
44110	28	1033	967	968
19248	28	7664	967	968
15233	28	679	967	968
32835	28	485	967	968
17270	28	1049	967	968
67111	28	458	967	968
11855	28	1794	967	968
28803	28	1777	967	968
15932	28	98	967	968
20266	28	1080	967	968
6599	28	1365	967	968
148988	28	232	967	968
110392	28	2662	967	968
69914	28	83	967	968
38794	28	263	967	968
18831	28	92	967	968
90153	28	2542	967	968
49646	28	436	967	968
116371	28	3870	967	968
149024	28	5160	967	968
31429	28	694	967	968
19209	28	1105	967	968
18618	28	1176	967	968
34090	28	1008	967	968
43390	28	60362	967	968
48411	28	401	967	968
56041	28	1160	967	968
71480	28	79	967	968
12241	28	1572	967	968
17568	28	802	967	968
93304	28	1562	967	968
67978	28	144	967	968
31494	28	179	967	968
95184	28	198	967	968
15738	28	819	967	968
30270	28	752	967	968
18424	28	3834	967	968
81756	28	353	967	968
31018	28	1873	967	968
87357	28	504	967	968
16373	28	38462	967	968
23603	28	1553	967	968
64778	28	255	967	968
15329	28	971	967	968
28024	28	1026	967	968
10277	28	714	967	968
149215	28	1794	967	968
127540	28	31207	967	968
89129	28	535	967	968
11812	28	381	967	968
87079	28	2160	967	968
37560	28	255	967	968
149276	28	1333	967	968
79053	28	261	967	968
55526	28	1396	967	968
37330	28	1181	967	968
89670	28	864	967	968
44383	28	2994	967	968
17020	28	739	967	968
82241	28	1617	967	968
149338	28	1745	967	968
6218	28	424	967	968
13381	28	23	967	968
48710	28	2477	967	968
9249	28	1666	967	968
7854	28	666	967	968
16973	28	2177	967	968
34172	28	85	967	968
70473	28	69039	967	968
25222	28	666	967	968
18234	28	23	967	968
122186	28	13481	967	968
20353	28	980	967	968
21846	28	398	967	968
73865	28	3931	967	968
83772	28	522	967	968
46161	28	3862	967	968
21209	28	842	967	968
5926	28	752	967	968
70674	28	330	967	968
81830	28	1490	967	968
28585	28	43159	967	968
116694	28	27792	967	968
60575	28	1466	967	968
9690	28	445	967	968
70708	28	41	967	968
71979	28	254	967	968
67214	28	723	967	968
16717	28	2139	967	968
23342	28	7161	967	968
24986	28	328	967	968
104725	28	1058	967	968
43549	28	3674	967	968
57734	28	3193	967	968
39881	28	81899	967	968
128842	28	1214	967	968
26977	28	377	967	968
32454	28	718	967	968
107998	28	57405	967	968
51833	28	830	967	968
22541	28	2199	967	968
110253	28	1403	967	968
90108	28	37459	967	968
16175	28	469	967	968
17585	28	152	967	968
94647	28	1547	967	968
125684	28	3092	967	968
58917	28	310	967	968
86287	28	4403	967	968
149701	28	69817	967	968
93527	28	793	967	968
50588	28	948	967	968
118422	28	2131	967	968
22971	28	1206	967	968
94492	28	1985	967	968
120875	28	1611	967	968
14195	28	319	967	968
87075	28	1173	967	968
13711	28	175	967	968
54047	28	504	967	968
35770	28	593	967	968
128897	28	690	967	968
28944	28	937	967	968
41812	28	1305	967	968
112980	28	1227	967	968
93117	28	1239	967	968
15518	28	415	967	968
73434	28	155	967	968
67978	28	2048	967	968
149887	28	833	967	968
74881	28	28327	967	968
74510	28	78869	967	968
9887	28	1712	967	968
35326	28	642	967	968
99850	28	11857	967	968
129011	28	2151	967	968
72666	28	2103	967	968
98242	28	3921	967	968
25303	28	1937	967	968
66721	28	1380	967	968
74290	28	877	967	968
101970	28	1394	967	968
23161	28	436	967	968
7969	28	559	967	968
27549	28	55120	967	968
9106	28	1553	967	968
46771	28	3985	967	968
81481	28	133	967	968
9285	28	558	967	968
78694	28	6566	967	968
13423	28	463	967	968
40833	28	977	967	968
17254	28	681	967	968
36297	28	89	967	968
66463	28	741	967	968
17512	28	840	967	968
67855	28	714	967	968
28784	28	2697	967	968
90619	28	1590	967	968
122101	28	280	967	968
8648	28	699	967	968
20169	28	22254	967	968
18419	28	3414	967	968
38626	28	14879	967	968
124930	28	96996	967	968
70332	28	857	967	968
14970	28	1138	967	968
129165	28	1874	967	968
49438	28	773	967	968
74576	28	3418	967	968
132043	28	1618	967	968
55683	28	860	967	968
44530	28	1812	967	968
109993	28	30	967	968
53489	28	273	967	968
76068	28	991	967	968
9065	28	465	967	968
34650	28	83	967	968
97089	28	18454	967	968
14275	28	380	967	968
79668	28	1055	967	968
20280	28	16153	967	968
37783	28	1049	967	968
18496	28	1268	967	968
79489	28	922	967	968
25730	28	1592	967	968
33570	28	3769	967	968
109130	28	111189	967	968
19843	28	363	967	968
32757	28	1155	967	968
32895	28	1847	967	968
118768	28	99	967	968
14568	28	1921	967	968
51908	28	132	967	968
28022	28	603	967	968
90109	28	232	967	968
121576	28	1053	967	968
127597	28	519	967	968
110913	28	5298	967	968
73752	28	1280	967	968
12905	28	192	967	968
101325	28	1032	967	968
111224	28	570	967	968
109448	28	1328	967	968
21416	28	476	967	968
65670	28	5526	967	968
127697	28	2822	967	968
82645	28	2412	967	968
83843	28	1371	967	968
26874	28	63	967	968
11162	28	1182	967	968
10168	28	219	967	968
103189	28	123	967	968
20427	28	474	967	968
64619	28	659	967	968
71655	28	1556	967	968
36568	28	2959	967	968
91912	28	3337	967	968
17352	28	3500	967	968
9812	28	1306	967	968
71971	28	1267	967	968
105139	28	111189	967	968
108233	28	1794	967	968
13922	28	28	967	968
12867	28	574	967	968
94954	28	1466	967	968
33135	28	54	967	968
26260	28	1513	967	968
11470	28	1923	967	968
31222	28	2177	967	968
99648	28	718	967	968
117956	14	76444	967	968
44649	28	461	967	968
40704	28	568	967	968
9680	28	1030	967	968
19556	28	569	967	968
98430	28	956	967	968
74510	28	371	967	968
23707	28	568	967	968
61330	28	1394	967	968
43982	28	1202	967	968
100875	28	263	967	968
62528	28	4809	967	968
150819	28	2489	967	968
19938	28	92	967	968
110391	28	366	967	968
9800	28	537	967	968
26299	28	492	967	968
108667	28	913	967	968
89857	28	1050	967	968
43854	28	2085	967	968
33204	28	959	967	968
111331	28	122	967	968
102793	28	3845	967	968
7801	28	392	967	968
72958	28	6894	967	968
117912	28	1468	967	968
77348	28	4051	967	968
64393	28	1512	967	968
76882	28	516	967	968
124689	28	829	967	968
93268	28	610	967	968
16259	28	334	967	968
66920	28	52102	967	968
48940	28	1090	967	968
58944	28	1576	967	968
105372	28	366	967	968
41106	28	979	967	968
46747	28	2139	967	968
118113	28	386	967	968
69877	28	1499	967	968
77581	28	170	967	968
117340	28	2179	967	968
81186	28	646	967	968
125388	28	282	967	968
42469	28	2816	967	968
23419	28	2464	967	968
67141	28	490	967	968
44459	28	2857	967	968
19388	28	288	967	968
83435	28	4605	967	968
14658	28	1570	967	968
17110	28	589	967	968
12835	28	1738	967	968
110237	28	3921	967	968
61016	28	3648	967	968
16282	28	381	967	968
34964	28	85	967	968
82063	28	597	967	968
104742	28	1618	967	968
84133	28	911	967	968
93524	28	1651	967	968
25772	28	1474	967	968
39340	28	1905	967	968
9087	28	310	967	968
51918	28	1145	967	968
93846	28	696	967	968
48843	28	85	967	968
14649	28	290	967	968
98634	28	679	967	968
95158	28	922	967	968
21942	28	142	967	968
13601	28	1484	967	968
150823	28	848	967	968
129682	28	1380	967	968
93294	28	111	967	968
81985	28	4487	967	968
10036	28	51	967	968
23892	28	732	967	968
106922	28	816	967	968
99618	28	609	967	968
127495	28	2054	967	968
35661	28	11457	967	968
13829	28	3921	967	968
8423	28	64	967	968
55898	28	70	967	968
29992	28	319	967	968
25269	28	1905	967	968
52403	28	60462	967	968
74061	28	6753	967	968
18938	28	1530	967	968
26980	28	17258	967	968
80285	28	394	967	968
79337	28	864	967	968
93165	28	434	967	968
32397	28	1154	967	968
61704	28	1700	967	968
18561	28	909	967	968
47063	28	2702	967	968
77982	28	554	967	968
126301	28	2589	967	968
79812	28	802	967	968
108823	28	6525	967	968
46651	28	2165	967	968
13142	28	272	967	968
99883	28	1522	967	968
37374	28	3354	967	968
27255	28	2139	967	968
36541	28	10962	967	968
105687	28	158	967	968
92939	28	1905	967	968
25376	28	2710	967	968
72763	28	71	967	968
36832	28	701	967	968
30426	28	1474	967	968
51642	28	260	967	968
54582	28	1268	967	968
69559	28	5765	967	968
70323	28	214	967	968
13178	28	1572	967	968
28688	28	3243	967	968
105227	28	1423	967	968
44650	28	1208	967	968
100990	28	2170	967	968
59611	28	3322	967	968
107893	28	192	967	968
93879	28	977	967	968
12061	28	925	967	968
93562	28	1460	967	968
122365	28	150774	967	968
42915	28	4563	967	968
151638	28	554	967	968
98464	28	4515	967	968
66423	28	434	967	968
32716	28	2061	967	968
93927	28	66390	967	968
79271	28	278	967	968
58746	28	1207	967	968
79730	28	5669	967	968
111536	28	4649	967	968
67113	28	2577	967	968
30713	28	186	967	968
81386	28	2280	967	968
60376	28	7664	967	968
85098	28	887	967	968
32954	28	816	967	968
23529	28	1105	967	968
84940	28	5177	967	968
8703	28	3337	967	968
99531	28	642	967	968
19270	28	1177	967	968
43541	28	202	967	968
7783	28	214	967	968
19359	28	774	967	968
44264	28	1887	967	968
107797	28	4678	967	968
45929	28	1571	967	968
50546	28	409	967	968
9778	28	1698	967	968
44672	28	85	967	968
28538	28	111	967	968
87211	28	1462	967	968
90556	28	2396	967	968
129985	28	3870	967	968
87811	28	3080	967	968
55556	28	1394	967	968
38609	28	55	967	968
109486	28	30603	967	968
19218	28	2568	967	968
12049	28	628	967	968
65955	28	816	967	968
17458	28	2464	967	968
36883	28	996	967	968
57210	28	171	967	968
59391	28	1460	967	968
94689	28	926	967	968
39330	28	1731	967	968
70567	28	679	967	968
106329	28	624	967	968
64872	28	909	967	968
78897	28	36244	967	968
82347	28	343	967	968
23481	28	17870	967	968
27697	28	2577	967	968
41563	28	1268	967	968
92219	28	872	967	968
28806	28	168	967	968
115011	28	3921	967	968
73153	28	558	967	968
15125	28	759	967	968
38070	28	1998	967	968
90186	28	222	967	968
96761	28	1098	967	968
79107	28	77	967	968
50843	28	1136	967	968
79945	28	441	967	968
51427	28	3317	967	968
12033	28	1160	967	968
11272	28	215	967	968
8171	28	213	967	968
68536	28	1577	967	968
56972	28	168	967	968
20455	28	214	967	968
48554	28	808	967	968
102248	28	219	967	968
84312	28	3958	967	968
28838	28	1715	967	968
35719	28	266	967	968
68468	28	3194	967	968
100004	28	4117	967	968
25983	28	974	967	968
62186	28	224	967	968
13498	28	1765	967	968
24586	28	46	967	968
82534	28	1237	967	968
12034	28	1047	967	968
7614	28	1380	967	968
27906	28	369	967	968
82140	28	1420	967	968
87862	28	146	967	968
73130	28	29313	967	968
31466	28	122	967	968
44394	28	2116	967	968
21706	28	353	967	968
62626	28	819	967	968
7242	28	1033	967	968
79860	28	1483	967	968
11886	28	381	967	968
10769	28	1146	967	968
22466	28	31	967	968
130156	28	8033	967	968
79614	28	1050	967	968
16283	28	67	967	968
21065	28	1027	967	968
76077	28	821	967	968
42285	28	1395	967	968
60204	28	1067	967	968
88382	28	255	967	968
19848	28	1568	967	968
74053	28	1026	967	968
16338	28	2208	967	968
17426	28	542	967	968
28048	28	1572	967	968
17907	28	2302	967	968
42464	28	603	967	968
53204	28	199	967	968
17100	28	2177	967	968
6545	28	210	967	968
25036	28	455	967	968
106169	28	2896	967	968
55078	28	2276	967	968
77040	28	551	967	968
94325	28	330	967	968
98491	28	2901	967	968
130209	28	2528	967	968
51305	28	1592	967	968
86532	28	2154	967	968
89989	28	3584	967	968
108552	28	657	967	968
16675	28	2208	967	968
81622	28	1147	967	968
28669	28	630	967	968
93209	28	580	967	968
86634	28	37	967	968
103389	28	22189	967	968
85414	28	3267	967	968
140611	28	295	967	968
92137	28	565	967	968
7986	28	2018	967	968
22452	28	4373	967	968
83315	28	746	967	968
77835	28	8165	967	968
119609	28	1275	967	968
43212	28	1747	967	968
33795	28	725	967	968
74661	28	24	967	968
31293	28	1985	967	968
46927	28	1924	967	968
106478	28	570	967	968
20637	28	767	967	968
11666	28	112	967	968
15653	28	628	967	968
60326	28	328	967	968
81741	28	2430	967	968
111657	28	177070	967	968
20567	28	833	967	968
80459	28	1196	967	968
111673	28	132	967	968
57950	28	3769	967	968
43937	28	447	967	968
41248	28	1267	967	968
73507	28	1088	967	968
9622	28	233	967	968
90471	28	330	967	968
15249	28	767	967	968
46050	28	582	967	968
103786	28	4180	967	968
55836	28	1077	967	968
84678	28	88	967	968
24791	28	17258	967	968
22926	28	1728	967	968
80530	28	4796	967	968
28816	28	2666	967	968
18271	28	846	967	968
68346	28	170	967	968
94948	28	318	967	968
11797	28	250	967	968
64798	28	13780	967	968
51696	28	144	967	968
70188	28	1097	967	968
14065	28	1229	967	968
177428	28	133	967	968
119741	28	51362	967	968
