50071	14	3473	921	0
30528	28	1216	921	0
100788	28	232	921	0
20484	14	4314	921	0
33458	28	391	921	0
45877	14	854	921	0
61760	14	308	921	0
13482	14	4167	921	0
92632	14	17928	921	0
42687	14	308	921	0
30814	28	623	921	0
75372	14	237	921	0
59147	30	2443	921	0
150865	14	1706	921	0
21640	14	3111	921	0
91952	14	5693	921	0
95587	28	350	921	0
46655	28	29	921	0
8711	28	2786	921	0
21636	28	176	921	0
92621	28	260	921	0
21550	28	68	921	0
44562	28	885	921	0
67035	28	139	921	0
60387	28	58869	921	0
97172	28	3679	921	0
45038	28	28573	921	0
79223	28	502	921	0
40902	28	885	921	0
43015	28	3156	921	0
11613	28	223	921	0
130803	23	154207	921	0
52708	28	6692	921	0
154246	28	1407	921	0
8450	28	216	921	0
81869	6	3179	921	0
38550	28	54	921	0
101671	16	59755	921	0
35080	28	281	921	0
44756	28	238	921	0
81201	16	8	921	0
74012	14	3055	921	0
67242	14	827	921	0
78354	28	92	921	0
120323	28	552	921	0
34339	28	223	921	0
20522	28	2786	921	0
34061	23	9576	921	0
53975	14	902	921	0
18178	28	3283	921	0
121587	28	337	921	0
118688	14	2797	921	0
17978	28	2483	921	921
109112	28	281	921	921
71081	28	117	921	922
38690	28	629	921	922
22079	28	144	921	922
19137	28	623	921	922
16810	28	6010	921	922
83480	28	63	921	922
62160	28	91	921	922
19084	28	508	921	922
9397	28	103	921	922
99757	28	848	921	922
74683	28	498	921	922
33420	28	1185	921	922
75085	28	1153	921	922
64078	28	71	921	922
22855	28	21770	921	922
53825	28	347	921	922
11368	28	704	921	922
74228	28	118	921	922
88947	28	67	921	922
60760	28	781	921	922
39137	28	91	921	922
39971	28	22	921	922
89761	28	3632	921	922
103604	28	152	921	922
85231	28	289	921	922
90049	28	941	921	922
105182	28	797	921	922
31250	28	252	921	922
78989	28	32	921	922
79175	28	66	921	922
21746	28	560	921	922
79223	28	1616	921	922
9321	28	377	921	922
59178	28	321	921	922
40537	28	27	921	922
57081	28	242	921	922
80010	28	141	921	922
7438	28	92	921	922
107055	28	282	921	922
5883	28	429	921	922
12293	28	88	921	922
38276	28	88	921	922
33108	28	188	921	922
39268	28	621	921	922
53365	28	47	921	922
25775	28	381	921	922
56855	28	53	921	922
48845	28	118	921	922
109112	28	1675	921	922
20464	28	32	921	922
109112	28	267	921	922
68782	28	1496	921	922
15079	28	61	921	922
120902	28	210	921	922
125109	28	21770	921	922
27113	28	70	921	922
23865	28	31	921	922
92180	28	205	921	922
68164	28	79	921	922
15986	28	560	921	922
61944	23	71064	921	922
71064	23	61944	921	922
32277	28	420	921	922
44261	28	464	921	922
41074	28	10774	921	922
25975	28	133	921	922
29616	28	135	921	922
10816	28	231	921	922
67035	28	265	921	922
24547	28	73	921	922
23443	28	71	921	922
13223	28	105	921	922
24982	28	80	921	922
140991	28	1547	921	922
41993	28	80	921	922
58400	28	6224	921	922
39585	28	5135	921	922
32918	28	1032	921	922
28260	28	177	921	922
51248	28	139	921	922
8058	28	61	921	922
111998	28	303	921	922
23087	28	72	921	922
19982	28	1093	921	922
27854	28	41	921	922
88781	28	150	921	922
78597	28	922	921	922
23698	28	235	921	922
77780	28	177	921	922
23064	28	81	921	922
120524	28	91	921	922
10854	28	160	921	922
35151	28	321	921	922
27864	28	343	921	922
40278	28	28	921	922
34092	28	168	921	922
23824	28	7218	921	922
21232	28	57	921	922
25006	28	1847	921	922
18091	28	141	921	922
74393	28	439	921	922
60274	28	73	921	922
22684	28	188	921	922
97737	28	1080	921	922
31574	28	848	921	922
60043	28	191	921	922
17167	28	454	921	922
42239	28	1283	921	922
18504	28	88	921	922
59130	28	699	921	922
24600	28	80	921	922
11907	28	91	921	922
86616	28	836	921	922
55960	28	1483	921	922
60168	28	1818	921	922
55086	28	304	921	922
4444	28	52	921	922
66991	28	2088	921	922
34268	28	291	921	922
32707	28	123	921	922
21323	28	821	921	922
86695	28	277	921	922
30736	28	53	921	922
94191	28	71	921	922
9737	28	41	921	922
27834	28	104	921	922
48531	28	797	921	922
16371	28	74	921	922
20136	28	210	921	922
19792	28	575	921	922
55960	28	445	921	922
12586	28	53	921	922
13287	28	698	921	922
18527	28	16	921	922
59807	28	43	921	922
71867	28	50	921	922
48972	28	1102	921	922
73674	28	985	921	922
125641	28	210	921	922
24834	28	155	921	923
16395	28	78	921	923
52418	28	132	921	923
29751	28	64	921	923
61895	28	40	921	923
17214	28	6625	921	923
95862	28	934	921	923
73059	28	439	921	923
12975	28	353	921	923
62447	28	1034	921	923
23938	28	12231	921	923
64279	28	2045	921	923
55125	28	85	921	923
83480	28	49	921	923
33723	28	150	921	923
35099	28	836	921	923
9639	28	47	921	923
35712	28	1860	921	923
20690	28	1409	921	923
48463	28	2625	921	923
31979	28	1688	921	923
117734	28	288	921	923
69480	28	2060	921	923
97307	28	799	921	923
101278	28	83	921	923
21914	28	95	921	923
25893	28	141	921	923
9535	28	529	921	923
73837	28	265	921	923
17136	28	629	921	923
104245	28	3169	921	923
74066	28	58	921	923
51155	28	220	921	923
27736	28	82	921	923
9741	28	33	921	923
59488	28	140	921	923
55143	28	221	921	923
20501	28	107	921	923
121587	28	31	921	923
66970	28	164	921	923
36550	28	45	921	923
42926	28	395	921	923
4838	23	3215	921	923
26307	28	28	921	923
91531	28	88	921	923
15633	28	693	921	923
29616	28	630	921	923
94221	28	45	921	923
14130	28	251	921	923
68854	28	885	921	923
25081	28	986	921	923
59785	28	1163	921	923
22706	28	3353	921	923
18279	28	959	921	923
7332	28	28141	921	923
74475	28	205	921	923
124183	28	934	921	923
14166	28	51	921	923
39853	28	205	921	923
104702	28	351	921	923
76260	28	156	921	923
16459	28	714	921	923
78104	28	111	921	923
22634	28	80	921	923
60408	28	649	921	923
74385	28	158	921	923
56138	28	160	921	923
17142	28	85	921	923
121964	28	156	921	923
92866	28	232	921	923
55854	28	1695	921	923
16680	28	105	921	923
20763	28	104	921	923
51202	28	123	921	923
63569	28	132	921	923
129094	28	139	921	923
46270	28	177	921	923
130877	28	63	921	923
13978	28	57	921	923
24509	28	73	921	923
16634	28	81	921	923
77600	28	117	921	923
141885	14	4374	921	923
16911	28	102	921	923
55584	28	1165	921	923
13960	28	213	921	923
68283	28	293	921	923
9024	28	136	921	923
8475	28	24	921	923
48641	28	1700	921	923
106510	28	55	921	923
17012	28	122	921	924
47586	28	95	921	924
116537	28	71	921	924
136789	28	169	921	924
18880	28	129	921	924
24837	28	67	921	924
35533	28	164	921	924
78354	28	177	921	924
12247	28	36	921	924
122313	23	11121	921	924
91551	28	44	921	924
23294	28	32	921	924
24181	28	38	921	924
36517	28	30	921	924
11129	23	120576	921	924
94321	28	165	921	924
37099	28	1163	921	924
108154	28	70974	921	924
20670	28	552	921	924
112670	28	166	921	924
79286	28	110	921	924
5151	28	2411	921	924
112401	28	1592	921	924
28840	28	22	921	924
18001	28	65	921	924
104535	28	179	921	924
81590	28	221	921	924
93347	28	88	921	924
45002	28	76	921	924
106210	28	71	921	924
38698	28	63	921	924
93171	28	238	921	924
41998	28	893	921	924
81439	28	846	921	924
50753	28	153	921	924
88217	28	293	921	924
80790	28	350	921	924
50696	28	295	921	924
28165	28	334	921	924
38550	28	34	921	924
102939	28	28	921	924
100967	28	89	921	924
95682	28	99	921	924
22148	28	331	921	924
14471	28	315	921	924
10589	28	73	921	924
47816	28	169	921	924
111607	28	37	921	924
50868	28	20	921	924
98637	28	11252	921	925
26692	28	3284	921	925
7630	28	50	921	925
18964	28	71	921	925
67161	28	120	921	925
89964	28	1102	921	925
26301	28	170	921	925
35424	28	14	921	925
41361	28	88	921	925
32035	28	233	921	925
83252	28	67	921	925
37403	28	70	921	925
23418	28	198	921	925
54386	28	123	921	925
51548	28	676	921	925
83408	28	177	921	925
37701	28	621	921	925
64086	28	88	921	925
28667	28	98	921	925
68915	28	227	921	925
2212	23	48508	921	925
48508	23	2212	921	925
27113	28	220	921	925
56411	28	45	921	925
74362	28	975	921	925
38450	28	95	921	925
128621	28	454	921	925
21618	28	176	921	925
128246	28	350	921	925
59185	28	29	921	925
111296	28	704	921	925
65060	28	350	921	925
13089	28	239	921	925
83526	28	142	921	925
104969	28	358	921	925
40497	28	267	921	925
42974	28	202	921	925
54409	28	124	921	925
19681	28	32	921	925
123420	28	129	921	925
108145	28	78	921	925
32084	28	797	921	925
56438	28	144	921	925
104047	28	634	921	925
37926	28	117	921	925
2674	23	74939	921	925
74939	23	2674	921	925
107646	6	209	921	925
21540	28	55665	921	925
187669	14	827	921	925
25023	28	74	921	926
112687	28	109	921	926
26409	28	29	921	926
60960	28	87	921	926
14506	28	986	921	926
66667	28	377	921	926
13051	28	295	921	926
16463	28	43	921	926
19564	28	508	921	926
72556	28	132	921	926
59561	28	353	921	926
49367	28	28	921	926
33206	28	74	921	926
8731	28	29	921	926
26838	28	494	921	926
21924	28	180	921	926
52219	28	165	921	926
67703	28	2015	921	926
125502	28	129	921	926
9424	28	101	921	926
24440	28	86	921	926
106984	28	364	921	926
33584	28	143	921	926
72996	28	969	921	926
25089	28	240	921	926
44197	28	143	921	926
51975	28	135	921	926
18157	28	186	921	926
7979	28	43	921	926
90609	28	56	921	926
80174	28	343	921	926
21550	28	141	921	926
49731	28	642	921	926
14802	28	1223	921	926
154440	28	171	921	926
89026	28	22	921	926
28889	28	58	921	926
19554	28	162	921	926
29741	28	179	921	926
35080	28	245	921	926
34000	28	259	921	927
53631	28	20	921	927
40151	28	926	921	927
8682	28	41	921	927
73630	28	330	921	927
121374	28	180	921	927
16599	28	203	921	927
12854	23	44942	921	927
59878	28	179	921	927
34043	28	68	921	927
31933	28	20	921	927
47319	28	247	921	927
30974	28	42	921	927
27463	28	233	921	927
94005	28	232	921	927
49460	28	276	921	927
51905	28	164	921	927
75295	23	45814	921	927
81960	28	122	921	927
27463	28	32	921	927
23204	28	742	921	927
72154	28	446	921	927
10796	23	31636	921	927
129483	28	1262	921	927
15406	28	522	921	927
69837	28	44	921	927
41794	28	126	921	927
41379	28	742	921	927
94411	28	291	921	927
28661	28	14	921	927
81968	28	3141	921	927
10722	28	98315	921	928
29620	28	715	921	928
16673	28	623	921	928
32028	28	290	921	928
45318	28	37	921	928
123915	28	453	921	928
20661	28	54	921	928
37262	28	199	921	928
35505	28	109	921	928
16673	28	540	921	928
92845	28	184	921	928
15060	28	290	921	928
8204	28	575	921	928
35404	28	37	921	928
26014	28	698	921	928
109534	28	330	921	928
91854	28	143	921	928
95601	28	107	921	928
28054	28	31	921	928
14022	28	65	921	928
111834	28	268	921	928
75186	28	964	921	928
23615	28	259	921	928
30474	28	121	921	928
83464	28	661	921	929
14643	28	467	921	929
46821	28	34	921	929
20881	28	41	921	929
46184	28	653	921	929
47246	28	34	921	929
65970	28	68	921	929
42904	28	29	921	929
63651	28	95	921	929
109158	28	768	921	929
45925	28	1160	921	929
6136	28	44	921	929
25388	28	216	921	929
60778	28	1608	921	929
10164	28	87	921	929
24777	28	50	921	929
12238	28	185	921	929
43943	23	89610	921	929
89610	23	43943	921	929
111665	28	160	921	929
61483	28	268	921	930
21172	28	383	921	930
54262	28	167	921	930
31096	28	621	921	930
79317	23	79360	921	930
4759	23	62989	921	930
80502	28	224	921	930
50696	28	176	921	930
8953	23	150328	921	930
150328	23	8953	921	930
55389	28	248	921	930
22125	28	60	921	930
33456	28	184	921	930
46003	28	216	921	930
46254	28	135	921	930
33024	28	1733	921	930
90965	28	161	921	930
39182	28	167	921	931
46398	28	64	921	931
73602	14	6882	921	931
20661	28	140	921	931
124146	28	370	921	931
29694	28	227	921	931
60121	28	36	921	931
51150	28	321	921	931
65557	28	350	921	931
46398	28	223	921	932
25336	28	16	921	932
10624	28	661	921	932
31025	28	14	921	932
59799	28	460	921	932
31938	28	33	921	932
5345	23	81569	921	932
34536	28	269	921	932
76155	28	213	921	932
33004	28	32	921	932
24312	23	90524	921	932
80362	28	964	921	932
69015	28	37	921	932
70846	28	48	921	933
18933	28	20	921	933
19426	28	206	921	933
101529	28	144	921	933
61922	28	245	921	933
47498	28	383	921	933
126426	23	59769	921	933
48729	28	417	921	933
16176	28	47	921	933
34448	28	103	921	933
90229	28	2422	921	933
60852	28	34	921	934
25467	28	184	921	934
56917	28	4355	921	934
84893	23	40842	921	935
133497	28	20362	921	935
42863	28	184	921	935
73945	23	107427	921	935
59280	28	4147	921	935
38197	28	355	921	935
66576	28	103	921	936
110956	28	366	921	936
69479	28	22	921	936
31756	28	142	921	937
20680	28	397	921	937
20802	28	242	921	937
41547	28	327	921	937
76818	23	26107	921	938
101568	28	809	921	938
76188	28	757	921	940
92189	28	370	921	940
23760	28	161	921	941
55467	28	447	921	942
67471	23	108971	921	942
80994	23	130245	921	945
130245	23	80994	921	945
118014	16	1256	921	946
5092	23	30715	921	949
24190	23	121369	921	956
121369	23	24190	921	956
109876	16	9	921	956
95958	28	24849	922	0
33710	28	355	922	0
15071	28	6011	922	0
10643	14	7271	922	0
40467	28	7405	922	0
5985	23	84538	922	0
84538	23	5985	922	0
97971	14	308	922	0
19759	28	806	922	0
9741	28	6951	922	0
35570	23	98660	922	0
73791	23	35663	922	0
98808	28	52	922	0
23064	28	552	922	0
64436	14	902	922	0
64465	28	6951	922	0
53825	28	105	922	0
34195	28	7405	922	0
100788	28	205	922	0
46171	14	444	922	0
35869	28	29	922	0
37292	28	6951	922	0
27034	14	32441	922	0
54242	14	22294	922	0
89738	14	902	922	0
36940	28	2483	922	0
74639	14	3473	922	0
10691	28	29	922	0
2647	23	74640	922	0
120415	28	164	922	0
120524	28	39	922	0
11907	28	41	922	0
12263	28	6951	922	0
91188	28	69	922	0
31509	28	1409	922	0
13914	28	29	922	0
105444	14	5000	922	0
8731	28	4619	922	0
48634	14	2726	922	0
140319	6	873	922	0
11287	28	73	922	0
121895	28	267	922	0
101228	14	1706	922	0
36937	28	6951	922	0
92010	6	73437	922	0
85758	28	7405	922	0
140523	14	929	922	0
43906	23	4377	922	0
23187	28	6011	922	0
29702	28	1368	922	0
98041	14	1217	922	0
38330	28	60	922	0
15970	28	110	922	0
18178	28	532	922	0
28999	14	5310	922	0
43050	28	3083	922	0
47246	28	54	922	0
66991	28	505	922	0
37537	14	2188	922	0
11402	28	7405	922	0
45916	28	10774	922	0
86738	28	24849	922	0
34673	14	1343	922	0
56490	28	34	922	0
35940	14	7183	922	0
40467	28	15220	922	0
97172	28	1276	922	0
8520	14	3863	922	0
23881	14	7980	922	0
42262	28	620	922	0
84559	28	6951	922	0
53009	28	7405	922	0
7243	28	27758	922	0
55584	28	45917	922	0
77780	28	166	922	0
57158	28	7405	922	0
76065	28	8323	922	0
51524	28	15220	922	0
27403	28	623	922	0
18556	14	7134	922	0
94961	28	89	922	0
12036	28	24849	922	0
170978	14	3055	922	0
37795	14	25574	922	0
55858	14	902	922	0
74496	28	6011	922	0
56595	6	33909	922	0
39577	14	17538	922	0
51524	28	24849	922	0
89771	28	662	922	0
51867	28	7405	922	0
80355	6	5839	922	0
150353	28	8323	922	0
7293	28	6951	922	0
35758	28	213	922	0
30814	28	1860	922	0
49445	14	308	922	0
87910	14	782	922	0
60168	28	257	922	0
47087	28	757	922	0
18667	28	24849	922	0
11613	28	938	922	0
28733	28	4174	922	0
23581	28	2642	922	0
72664	28	60	922	0
12586	28	2642	922	0
8761	14	1790	922	0
26956	28	180	922	0
88422	28	996	922	0
55173	28	34	922	0
22707	28	6951	922	0
14098	14	3057	922	0
43588	14	7588	922	0
21937	28	14	922	0
21420	28	184	922	0
63856	14	1217	922	0
27231	28	68	922	0
42334	14	308	922	0
77273	14	13261	922	0
60171	6	128228	922	0
49585	28	29	922	0
111334	28	915	922	0
44683	28	6011	922	0
27391	14	3057	922	0
47816	28	4619	922	0
22277	28	54	922	0
55086	28	7405	922	0
18336	28	1151	922	0
23823	28	1874	922	0
95590	14	2783	922	0
59506	28	1844	922	0
56140	14	36533	922	0
30474	28	915	922	0
98236	14	308	922	0
58947	14	2384	922	0
52007	6	27991	922	0
23366	28	60	922	0
110210	6	4009	922	0
184626	14	2815	922	0
33109	28	532	922	0
94067	16	9	922	0
61577	28	259	922	0
106125	14	308	922	0
30416	28	6951	922	0
86821	28	7405	922	0
13287	28	714	922	0
15354	28	6011	922	0
33780	28	34	922	0
91188	28	8809	922	0
70514	28	32	922	0
13914	28	312	922	0
122159	6	389	922	0
9024	28	32	922	0
112492	28	268	922	923
39944	28	164	922	923
54462	28	60	922	923
26760	28	10774	922	923
53825	28	81	922	923
52689	28	273	922	923
99757	28	156	922	923
8255	28	179	922	923
18164	28	49	922	923
88228	28	156	922	923
117819	28	132	922	923
30222	28	192	922	923
53843	28	122	922	923
11280	28	2403	922	923
66417	28	67	922	923
120672	28	83	922	923
16371	28	92	922	923
39700	28	164	922	923
74530	28	10774	922	923
78787	28	82	922	923
17974	28	4797	922	923
121587	28	6011	922	923
11368	28	147	922	923
121833	14	4052	922	923
52107	28	188	922	923
10854	28	55665	922	923
102228	28	67	922	923
30247	28	422	922	923
140991	28	278	922	923
40451	28	266	922	923
74228	28	134	922	923
44338	28	71	922	923
51365	28	44362	922	923
59841	28	120	922	923
12127	28	10774	922	923
87270	28	347	922	923
82946	28	71	922	923
8058	28	347	922	923
35431	28	432	922	923
62716	28	2403	922	923
76621	28	214	922	923
86695	28	629	922	923
27660	28	71	922	923
20639	28	1223	922	923
61270	28	591	922	923
41993	28	126	922	923
50666	28	10774	922	923
98543	28	181	922	923
71081	28	396	922	923
12263	28	50	922	923
65135	28	192	922	923
60274	28	152	922	923
41020	28	14	922	923
20736	28	134	922	923
38398	28	15220	922	923
76363	28	568	922	923
23709	28	1346	922	923
94133	28	139	922	923
36846	28	76	922	923
83255	28	82	922	923
12293	28	723	922	923
19137	28	1407	922	923
10887	28	2136	922	923
14054	28	178	922	923
31100	28	1475	922	923
20356	28	7405	922	923
38468	28	24849	922	923
38565	28	70	922	923
17925	28	710	922	923
12799	28	213	922	923
62548	28	82	922	923
89771	28	3869	922	923
89088	28	277	922	923
12985	28	9832	922	923
81149	28	1055	922	923
23824	28	361	922	923
33359	28	749	922	923
14627	28	123	922	923
9737	28	52	922	923
39137	28	39	922	923
18504	28	30	922	923
51907	28	263	922	923
31038	28	27758	922	923
7438	28	81	922	923
59130	28	693	922	923
45629	28	381	922	923
99010	28	15220	922	923
62507	28	129	922	923
86678	28	3642	922	923
35054	28	98	922	923
138547	28	848	922	923
28593	28	1346	922	923
56238	28	52	922	923
16168	28	29	922	923
65385	28	38	922	923
70392	28	8323	922	923
38470	28	1835	922	923
60043	28	591	922	923
21721	28	168	922	923
24834	28	60	922	923
23760	28	1475	922	923
45743	28	60	922	923
22522	28	199	922	923
33196	28	66	922	923
25226	28	318	922	923
72260	28	1149	922	923
29985	28	3350	922	923
19676	28	8323	922	923
55963	28	44	922	923
75707	28	111	922	923
81475	28	92	922	923
18477	28	669	922	923
89993	28	101	922	923
22707	28	33	922	923
13083	28	171	922	923
62638	28	73	922	923
25466	28	123	922	923
85971	28	1525	922	923
20065	28	6011	922	923
98005	28	110	922	923
67035	28	111	922	923
110287	28	61	922	923
74337	28	10774	922	923
88291	28	232	922	923
19607	28	2403	922	923
55042	28	357	922	923
113915	28	15220	922	923
23717	28	233	922	923
37896	28	171	922	923
28466	28	7559	922	923
52051	28	757	922	923
24451	28	88	922	923
85022	28	89	922	923
25457	28	91	922	923
70608	28	153	922	924
13114	28	149	922	924
9397	28	353	922	924
11819	28	81	922	924
46407	28	10334	922	924
26463	28	74	922	924
63830	28	1234	922	924
41074	28	1035	922	924
47847	28	913	922	924
19792	28	355	922	924
74393	28	45	922	924
48165	28	2703	922	924
86345	28	757	922	924
30752	28	135	922	924
10816	28	191	922	924
13914	28	76	922	924
56975	28	739	922	924
54758	28	4947	922	924
49688	28	39	922	924
61849	28	85	922	924
46655	28	44	922	924
89943	23	83383	922	924
84399	28	145	922	924
4444	28	104	922	924
41768	28	477	922	924
68164	28	177	922	924
44834	28	245	922	924
28085	28	1229	922	924
123307	28	848	922	924
35758	28	152	922	924
51248	28	265	922	924
18381	28	205	922	924
59517	28	560	922	924
24600	28	147	922	924
10807	28	282	922	924
8956	28	126	922	924
88781	28	81	922	924
22000	28	2019	922	924
108389	28	67	922	924
34957	28	100	922	924
33108	28	1483	922	924
16257	28	1015	922	924
105546	28	150	922	924
66991	28	569	922	924
38231	28	53	922	924
20128	28	290	922	924
48963	28	1076	922	924
77195	28	1300	922	924
46869	28	647	922	924
46937	28	144	922	924
79175	28	110	922	924
58400	28	1321	922	924
128797	28	40	922	924
68182	28	235	922	924
20087	28	402	922	924
94778	28	1283	922	924
115718	28	1855	922	924
43926	28	2403	922	924
71687	28	74	922	924
111926	28	321	922	924
68454	28	71	922	924
17248	28	896	922	924
87453	28	453	922	924
17864	28	144	922	924
83130	28	2409	922	924
123404	28	129	922	924
59880	28	47	922	924
92426	28	235	922	924
107055	28	273	922	924
38884	28	79	922	924
111792	28	41152	922	924
27405	28	1592	922	924
41827	28	653	922	924
107229	23	154352	922	924
154352	23	107229	922	924
25217	28	16	922	924
49419	28	30	922	924
97298	28	2403	922	924
20464	28	564	922	924
12183	28	91	922	924
19507	28	89	922	924
33710	28	185	922	924
92113	28	4841	922	924
68159	14	902	922	924
24530	28	53	922	924
42320	28	32	922	924
56501	28	57	922	924
90297	28	71	922	924
41580	28	92	922	924
28484	28	64	922	924
36321	28	39	922	924
26044	28	38	922	924
15852	28	5378	922	924
38425	28	65	922	924
33396	28	11252	922	925
60802	28	518	922	925
29784	28	647	922	925
84060	28	65	922	925
53973	28	105	922	925
46987	28	124	922	925
15354	28	38	922	925
55018	28	158	922	925
55173	28	144	922	925
15744	28	71	922	925
14539	28	141	922	925
11353	28	28	922	925
34448	28	34	922	925
40264	28	98	922	925
45001	28	30	922	925
71867	28	150	922	925
32318	28	132	922	925
11287	28	86	922	925
71788	28	206	922	925
65051	28	231	922	925
27320	28	71	922	925
28525	28	778	922	925
48845	28	81	922	925
51471	28	796	922	925
11584	28	19	922	925
89568	28	2030	922	925
54462	28	235	922	925
17978	28	1262	922	925
60168	28	17969	922	925
146056	28	227	922	925
20522	28	82	922	925
50696	28	915	922	925
29996	28	505	922	925
21665	28	69	922	925
21786	28	3599	922	925
49805	28	117	922	925
36727	28	2780	922	925
8475	28	41	922	925
30009	28	1592	922	925
74437	28	446	922	925
21636	28	915	922	925
44288	28	235	922	925
11142	28	24	922	925
59322	28	919	922	925
37160	28	915	922	925
59683	28	88	922	925
77685	28	47	922	925
70737	28	210	922	925
23824	28	710	922	925
42333	23	24438	922	925
23870	28	103	922	925
130279	28	63	922	925
95403	28	5059	922	925
96568	28	10357	922	925
56855	28	153	922	925
84451	28	268	922	925
15291	28	331	922	925
95490	28	2403	922	925
150195	28	647	922	925
75764	28	283	922	925
31574	28	37	922	925
93586	28	156	922	925
20022	28	58	922	925
21518	28	57	922	925
33420	28	203	922	925
51709	28	56	922	925
83175	28	177	922	925
103660	28	556	922	925
63567	28	184	922	925
75444	28	52	922	925
44170	28	546	922	925
70731	28	1522	922	926
113014	28	37	922	926
53615	28	100	922	926
15067	28	2780	922	926
34644	28	1258	922	926
48637	28	164	922	926
27864	28	311	922	926
11824	28	159	922	926
22079	28	240	922	926
20711	28	893	922	926
42239	28	4355	922	926
23377	28	74	922	926
59727	28	2060	922	926
38450	28	60	922	926
27931	28	161	922	926
87029	28	33	922	926
14433	28	1216	922	926
20551	28	76	922	926
53011	28	360	922	926
124652	28	61	922	926
33461	28	742	922	926
37720	28	65	922	926
40278	28	347	922	926
107313	28	193	922	926
18118	28	55	922	926
32028	28	938	922	926
35151	28	144	922	926
20163	28	46	922	926
76596	28	240	922	926
80521	28	140	922	926
30527	28	16	922	926
69475	28	38	922	926
42500	28	647	922	926
16785	28	503	922	926
87181	28	56	922	926
39971	28	23	922	926
22684	28	67	922	926
65575	28	1093	922	926
86882	28	139	922	926
30939	28	233	922	926
49322	28	506	922	926
9671	28	29	922	926
68915	28	259	922	926
34111	28	89	922	926
93387	28	102	922	926
23824	28	176	922	926
22110	28	2310	922	926
16108	28	88	922	926
39268	28	529	922	926
33621	28	223	922	927
72593	28	83	922	927
19759	28	396	922	927
29751	28	223	922	927
47476	28	546	922	927
15071	28	31	922	927
93004	28	180	922	927
12496	28	153	922	927
29842	28	2331	922	927
82932	28	2015	922	927
34429	28	232	922	927
59198	28	1588	922	927
33114	28	98	922	927
32216	28	240	922	927
23544	28	85	922	927
92957	28	58	922	927
38451	28	211	922	927
34431	28	131	922	927
26506	28	58	922	927
26113	28	1570	922	927
12586	28	4049	922	927
23498	28	32	922	927
44612	28	274	922	927
35942	28	177	922	927
17050	28	174	922	927
46620	28	68	922	927
25787	28	832	922	927
27744	28	27	922	927
31106	28	211	922	927
38276	28	74	922	927
12219	28	28	922	927
97199	28	121	922	928
35025	28	267	922	928
25119	28	73	922	928
86112	28	540	922	928
116144	28	2413	922	928
29249	28	101	922	928
21746	28	467	922	928
86920	28	57	922	928
15761	28	540	922	928
38176	28	540	922	928
3937	23	107642	922	928
107642	23	3937	922	928
28680	28	1279	922	928
59679	28	2487	922	928
11508	28	240	922	928
14439	28	31	922	928
148582	28	5494	922	928
5198	23	60258	922	928
60258	23	5198	922	928
11480	23	114727	922	928
72354	28	452	922	928
56461	28	269	922	928
120931	28	37	922	928
98482	28	268	922	928
54535	28	406	922	928
59302	28	184	922	928
40110	28	70	922	928
95749	28	95	922	928
20546	28	50	922	929
39585	28	251	922	929
52708	28	216	922	929
60869	28	133	922	929
43034	28	159	922	929
33001	28	47	922	929
59681	28	69	922	929
47903	28	60	922	929
39336	28	42	922	929
8564	28	20	922	929
21087	28	29	922	929
34000	28	227	922	929
20933	23	154760	922	929
28692	28	102	922	929
6541	28	66	922	929
74190	28	245	922	929
34268	28	1749	922	929
69532	28	135	922	929
64792	28	37	922	929
39245	28	452	922	930
35333	23	47122	922	930
63361	28	88	922	930
23479	28	176	922	930
26050	28	269	922	930
63554	28	1004	922	930
109112	28	231	922	930
123841	28	179	922	930
27619	28	420	922	930
109182	28	95	922	930
23479	28	256	922	930
47123	28	176	922	930
29661	28	261	922	930
150080	28	167	922	930
95388	28	327	922	930
84630	28	45	922	930
80609	28	222	922	930
7293	28	33	922	930
9967	28	38	922	930
21172	28	135	922	930
75764	28	1300	922	930
62122	28	768	922	931
84814	28	608	922	931
35588	28	216	922	931
62525	28	3083	922	931
13632	28	333	922	931
36603	28	2487	922	931
25962	28	231	922	931
124470	28	609	922	931
65470	28	464	922	931
47399	28	133	922	931
44756	28	167	922	931
69653	28	32	922	931
92180	28	71	922	931
11907	28	102	922	931
22640	28	27	922	932
31576	28	31	922	932
62379	28	492	922	932
65557	28	964	922	932
32058	28	49	922	932
68934	28	1046	922	932
15290	28	247	922	932
28610	28	518	922	932
68782	28	53	922	932
31092	28	206	922	932
132523	28	123	922	933
40947	28	61	922	933
59178	28	132	922	933
110802	16	32090	922	933
57910	28	345	922	933
41983	28	280	922	933
41738	28	34	922	933
80568	16	2817	922	933
59785	28	540	922	933
108468	23	154211	922	933
154211	23	108468	922	933
16645	23	3183	922	934
3183	23	16645	922	934
25490	28	267	922	934
39163	28	167	922	934
39100	28	397	922	934
30919	28	371	922	934
11142	28	52	922	934
24403	28	31	922	934
38142	28	368	922	934
130490	28	2685	922	934
51907	28	413	922	934
43007	23	117786	922	935
31163	28	460	922	935
107427	23	73945	922	935
27276	28	206	922	935
71470	28	768	922	936
47733	28	937	922	936
65051	28	206	922	936
57348	28	124	922	936
28260	28	47	922	936
21636	28	121	922	936
82041	28	123	922	936
31432	28	99	922	937
75328	28	1262	922	937
93481	23	129114	922	937
69682	28	76	922	937
31576	28	247	922	938
18104	28	19	922	938
71124	28	124	922	938
91426	23	24266	922	939
56414	28	1085	922	939
55924	28	30	922	939
100544	28	725	922	939
110765	14	1517	922	940
49227	28	30	922	940
48688	23	100431	922	942
31213	28	101	922	942
106743	16	3964	922	944
110210	23	65420	922	964
76357	23	75753	922	967
75753	23	76357	922	967
153843	23	153844	922	968
153844	23	153843	922	968
34179	28	165	923	0
83341	14	7271	923	0
45916	28	45917	923	0
22829	28	15220	923	0
30636	28	10710	923	0
85758	28	6011	923	0
13800	28	45917	923	0
115795	28	2138	923	0
72396	28	2050	923	0
20236	28	751	923	0
20884	28	539	923	0
29217	28	670	923	0
31809	28	29	923	0
47261	28	68	923	0
74531	6	306	923	0
28184	23	3430	923	0
66743	28	45917	923	0
34195	28	6011	923	0
6578	14	4167	923	0
46604	28	106	923	0
113725	28	1034	923	0
62772	28	46434	923	0
78640	14	902	923	0
71396	14	1746	923	0
20820	28	60	923	0
49079	28	6951	923	0
85954	14	8607	923	0
48956	28	176	923	0
30344	28	6951	923	0
53009	28	3083	923	0
59506	28	1009	923	0
20356	28	6011	923	0
42346	28	505	923	0
8553	23	79747	923	0
143346	6	74307	923	0
76946	14	538	923	0
124537	6	59	923	0
65006	14	32441	923	0
11715	28	6011	923	0
144131	23	3032	923	0
86738	28	6504	923	0
16810	28	6011	923	0
144818	28	211	923	0
56005	14	2417	923	0
97187	28	608	923	0
145399	28	592	923	0
85996	28	7313	923	0
13407	14	1746	923	0
43153	28	27758	923	0
34458	14	1217	923	0
18404	28	35032	923	0
6677	14	89199	923	0
77600	28	1844	923	0
11402	28	6011	923	0
44197	28	34	923	0
74228	28	168	923	0
7438	28	283	923	0
147287	14	6305	923	0
34458	14	308	923	0
80881	14	58242	923	0
38468	28	6504	923	0
29796	14	2188	923	0
8711	28	46434	923	0
52776	28	417	923	0
11819	28	250	923	0
42334	14	8683	923	0
22739	28	4989	923	0
32919	28	259	923	0
54128	28	1031	923	0
7985	28	670	923	0
65447	14	943	923	0
172315	14	3057	923	0
12080	14	2384	923	0
94149	6	338	923	0
18933	28	14	923	0
80367	28	3679	923	0
36759	28	1071	923	0
10643	14	1126	923	0
33066	28	1123	923	0
87818	28	45917	923	0
51524	28	6504	923	0
3992	23	39624	923	0
56283	28	494	923	0
35681	28	34	923	0
77243	14	918	923	0
16474	28	1874	923	0
59841	28	188	923	0
72107	14	2995	923	0
116605	28	21243	923	0
76780	14	308	923	0
57363	28	10334	923	0
64078	28	205	923	0
64078	28	45	923	0
13841	14	20600	923	0
128883	6	853	923	0
44419	14	1706	923	0
85323	23	38463	923	0
59505	28	347	923	0
177466	28	45917	923	0
62578	6	59	923	0
73837	28	6951	923	0
177900	14	15905	923	0
10747	30	209	923	0
42506	14	5693	923	0
51867	28	6011	923	0
20236	28	188	923	0
6668	14	444	923	0
134570	28	114	923	0
49674	28	168	923	0
15262	28	223	923	0
37051	16	13389	923	0
51045	28	7595	923	0
15986	28	2483	923	0
105244	28	233	923	0
51361	28	238	923	0
56753	28	461	923	0
145180	14	229	923	0
93734	14	7055	923	0
41599	14	2783	923	0
46839	14	775	923	0
17978	28	32000	923	0
30528	28	391	923	0
60274	28	63	923	0
91188	28	1844	923	0
62447	28	6951	923	0
61895	28	56	923	0
41661	14	24005	923	0
182438	16	5286	923	0
83626	14	308	923	0
6280	14	96507	923	0
16911	28	91	923	0
36759	28	28	923	0
21097	28	361	923	0
126354	14	7183	923	0
151167	28	8323	923	0
29528	28	8323	923	0
45916	28	166	923	0
86821	28	6011	923	0
71081	28	7059	923	0
54695	6	59	923	0
18384	14	308	923	0
64152	28	1071	923	0
33912	14	5000	923	0
68523	14	4523	923	0
66222	28	60	923	0
55086	28	6011	923	0
7438	28	250	923	0
121895	28	46434	923	0
66515	14	104650	923	0
15262	28	938	923	0
76199	28	786	923	0
59505	28	53	923	0
35349	14	3741	923	0
18527	28	152	923	0
83785	14	444	923	0
97226	14	6456	923	0
61577	28	46434	923	0
106718	28	44956	923	0
82800	28	6644	923	0
34609	28	27758	923	0
94672	28	1495	923	0
22410	28	29	923	0
70298	28	44956	923	0
47080	28	46434	923	0
10887	28	35032	923	0
40151	28	164	923	0
95216	28	164	923	0
58336	14	308	923	0
97613	28	27758	923	0
92010	6	1089	923	0
87899	28	35032	923	0
82220	28	45	923	924
29105	28	4989	923	924
82696	28	156	923	924
25226	28	2087	923	924
19084	28	896	923	924
9321	28	515	923	924
16889	28	6384	923	924
84034	28	156	923	924
62638	28	33	923	924
62716	28	53	923	924
98005	28	111	923	924
84650	28	61	923	924
22707	28	24	923	924
31367	28	55	923	924
74385	28	118	923	924
31603	28	134	923	924
55960	28	149	923	924
55963	28	64	923	924
134860	28	110	923	924
83480	28	98	923	924
46145	28	4437	923	924
13978	28	89	923	924
74416	28	73	923	924
52746	28	354	923	924
22591	28	44956	923	924
97199	28	176	923	924
64279	28	147	923	924
54095	28	265	923	924
104055	28	51	923	924
78104	28	1742	923	924
77141	28	67	923	924
22722	28	64	923	924
26916	28	542	923	924
104702	28	331	923	924
36080	28	50	923	924
71066	28	66	923	924
102228	28	283	923	924
32107	28	752	923	924
26393	28	265	923	924
27486	28	64	923	924
57172	28	134	923	924
101164	28	612	923	924
7621	28	106	923	924
24469	28	1109	923	924
14389	28	55	923	924
14130	28	2060	923	924
54847	28	134	923	924
27359	28	38	923	924
107560	28	2015	923	924
56283	28	160	923	924
55143	28	339	923	924
12816	28	29	923	924
69021	28	15759	923	924
33066	28	2551	923	924
21680	28	35696	923	924
29770	28	164	923	924
67288	28	71	923	924
65295	28	4459	923	924
28736	28	291	923	924
69872	28	2403	923	924
22000	28	281	923	924
62507	28	848	923	924
34195	28	106	923	924
59154	28	14	923	924
24012	28	140	923	924
9737	28	38	923	924
59841	28	105	923	924
50195	28	37	923	924
83206	28	273	923	924
14166	28	152	923	924
69119	28	45	923	924
169643	28	46	923	924
61149	28	253	923	924
85757	28	1129	923	924
147933	28	156	923	924
68283	28	253	923	924
8910	28	53	923	924
36759	28	1668	923	924
21806	28	43	923	924
41251	28	6504	923	924
11402	28	8223	923	924
42460	28	836	923	924
26428	28	3367	923	924
45803	28	848	923	924
89073	28	552	923	924
12293	28	5063	923	924
27300	28	1488	923	924
88291	28	205	923	924
80010	28	232	923	924
39882	28	377	923	924
21440	28	16	923	924
20757	28	392	923	924
23823	28	500	923	924
56238	28	120	923	924
29468	28	100	923	924
82724	28	941	923	924
81406	28	361	923	924
46270	28	53	923	924
18667	28	6504	923	924
27834	28	557	923	924
77600	28	72	923	924
73661	28	1245	923	924
116585	28	44631	923	924
66967	28	1392	923	924
68854	28	500	923	924
37539	28	4051	923	924
77988	28	210	923	924
69881	28	126	923	924
60274	28	92	923	924
44297	28	24	923	924
62447	28	120	923	924
98078	28	132	923	924
57019	23	81832	923	924
81832	23	57019	923	924
22639	28	717	923	924
78971	28	71	923	924
66743	28	289	923	924
56238	28	152	923	924
17229	28	104	923	924
54837	28	83	923	924
90827	28	221	923	924
53939	28	391	923	924
36328	28	395	923	924
129981	28	757	923	924
79223	28	962	923	924
23171	28	45	923	924
26088	28	110	923	924
40451	28	191	923	924
16634	28	5023	923	924
23572	28	15220	923	924
60444	28	267	923	924
42283	28	583	923	924
92621	28	211	923	924
13083	28	156	923	924
66943	28	210	923	924
54311	28	252	923	924
18504	28	1071	923	924
20236	28	100	923	924
48229	28	1052	923	924
37896	28	141	923	924
40208	28	146	923	924
69818	28	1242	923	924
28440	28	986	923	924
44752	28	100	923	925
60563	28	39	923	925
34339	28	10458	923	925
22634	28	48	923	925
113429	28	120	923	925
25975	28	615	923	925
35025	28	231	923	925
64078	28	83	923	925
74228	28	78	923	925
25490	28	1459	923	925
20824	28	463	923	925
116605	28	5494	923	925
30495	28	56	923	925
8964	28	3593	923	925
8058	28	494	923	925
76952	28	166	923	925
75231	28	1234	923	925
70969	28	216	923	925
117819	28	146	923	925
35040	28	318	923	925
13085	28	103	923	925
21721	28	188	923	925
33559	28	39	923	925
102600	28	82	923	925
91531	28	166	923	925
18716	28	1321	923	925
66118	28	2390	923	925
28917	28	1136	923	925
27736	28	88	923	925
37234	28	1853	923	925
13022	28	3255	923	925
42908	28	4437	923	925
55741	28	132	923	925
11613	28	5023	923	925
30424	28	44956	923	925
25639	28	2413	923	925
93715	28	82	923	925
81016	28	1080	923	925
69876	28	71	923	925
34174	28	797	923	925
28439	28	400	923	925
24546	28	34	923	925
52418	28	2087	923	925
106211	28	309	923	925
53843	28	117	923	925
17738	28	220	923	925
82671	28	49	923	925
44254	28	71	923	925
10235	28	2413	923	925
64465	28	58	923	925
110287	28	79	923	925
83255	28	122	923	925
38374	28	318	923	925
67888	28	19	923	925
124352	28	1392	923	925
42419	28	57	923	925
38576	28	72	923	925
68527	28	282	923	925
94003	28	14	923	925
79173	28	1731	923	925
20501	28	111	923	925
65385	28	92	923	925
77911	28	996	923	925
33241	28	152	923	925
53721	28	383	923	925
55125	28	120	923	925
23333	28	51	923	925
49472	28	12869	923	925
33723	28	134	923	925
29592	28	6504	923	925
109435	28	123	923	925
73483	28	690	923	925
5813	16	5701	923	925
24181	28	23	923	925
43105	28	144	923	925
16371	28	56	923	925
8095	28	169	923	925
28810	28	402	923	925
89476	28	1354	923	925
82727	28	136	923	925
127858	28	232	923	925
70292	28	1755	923	925
20609	28	40	923	925
30651	28	44	923	925
50895	28	5008	923	925
82276	28	1731	923	925
31400	28	64	923	925
16748	28	875	923	925
51071	28	381	923	925
95248	28	396	923	925
84973	28	180	923	925
33210	28	100	923	925
130877	28	91	923	925
18985	28	32	923	925
81475	28	166	923	925
42685	28	101	923	925
34723	28	74	923	925
51155	28	2030	923	925
27124	28	710	923	925
14587	28	802	923	925
53825	28	51	923	925
9639	28	104	923	925
38550	28	309	923	925
49244	28	533	923	925
42760	28	2390	923	925
12717	28	22	923	925
112111	28	77	923	926
33527	28	177	923	926
17136	28	105	923	926
26307	28	85	923	926
65135	28	235	923	926
11392	28	265	923	926
21914	28	144	923	926
16403	28	168	923	926
11417	28	47	923	926
22493	28	797	923	926
34467	28	88	923	926
26050	28	193	923	926
30458	28	60	923	926
23361	28	69	923	926
78676	28	64	923	926
78787	28	188	923	926
8058	28	168	923	926
66417	28	147	923	926
92984	28	2283	923	926
124183	28	369	923	926
12225	28	181	923	926
60785	28	741	923	926
16680	28	86	923	926
51506	28	41	923	926
85022	28	111	923	926
47090	28	1688	923	926
70037	28	67	923	926
54162	28	216	923	926
94138	28	402	923	926
31103	28	28221	923	926
51851	28	80	923	926
15986	28	1500	923	926
31659	28	710	923	926
11280	28	1165	923	926
26050	28	45	923	926
13536	28	2015	923	926
12495	28	66	923	926
25457	28	122	923	926
10854	28	219	923	926
69205	28	289	923	926
115795	28	1788	923	926
80014	28	51	923	926
10625	28	178	923	926
52689	28	679	923	926
75129	28	661	923	926
83893	28	514	923	926
89993	28	169	923	926
128982	28	1617	923	926
42262	28	315	923	926
44894	28	354	923	926
9741	28	82	923	926
17202	28	174	923	926
70418	23	130317	923	926
130317	23	70418	923	926
54195	28	245	923	926
12975	28	179	923	926
38015	28	103	923	926
51892	28	883	923	926
75707	28	47	923	926
55584	28	642	923	926
24451	28	64	923	926
98728	6	3907	923	926
7243	28	38	923	926
106906	28	1545	923	926
23656	28	248	923	926
90084	28	19	923	926
15952	28	321	923	926
20846	28	26111	923	926
80929	28	10113	923	926
59845	28	1754	923	926
28162	28	364	923	926
17925	28	252	923	926
27125	28	4924	923	926
45107	23	131339	923	927
29985	28	179	923	927
97193	28	1300	923	927
11747	28	38	923	927
76234	28	690	923	927
18279	28	961	923	927
25062	28	164	923	927
160076	28	464	923	927
17681	28	257	923	927
25081	28	981	923	927
66101	28	368	923	927
26615	28	14	923	927
22522	28	19	923	927
28733	28	494	923	927
89088	28	111	923	927
44562	28	333	923	927
51045	28	402	923	927
134870	28	293	923	927
87270	28	111	923	927
101362	28	1025	923	927
76199	28	2349	923	927
77165	28	1085	923	927
36937	28	23	923	927
109451	28	169	923	927
67179	28	37	923	927
107999	28	28	923	927
51186	28	280	923	927
173909	28	526	923	927
13800	28	422	923	927
9535	28	292	923	927
28376	28	76	923	927
84362	28	30	923	927
87142	28	658	923	927
86738	28	199	923	927
29751	28	698	923	927
58016	28	67	923	927
83700	28	174	923	927
98181	28	53	923	927
95078	28	661	923	927
45038	28	199	923	927
28820	28	38	923	927
103128	28	156	923	927
100667	28	55	923	927
8951	23	109113	923	927
109113	23	8951	923	927
93806	28	40	923	927
22707	28	52	923	927
24923	28	16	923	928
71357	28	144	923	928
46596	28	260	923	928
25293	28	402	923	928
50413	28	1018	923	928
55580	28	70	923	928
141033	28	71	923	928
96977	28	3109	923	928
61895	28	88	923	928
87142	28	540	923	928
76349	28	71	923	928
93665	28	88	923	928
20763	28	56	923	928
21097	28	531	923	928
21323	28	167	923	928
16163	28	149	923	928
28376	28	29	923	928
114433	28	1025	923	928
12263	28	38	923	928
100513	28	2349	923	928
83932	28	76	923	928
30508	28	165	923	928
38606	28	86	923	928
66893	28	460	923	928
69846	28	210	923	928
12189	28	4890	923	928
47087	28	165	923	928
104022	28	213	923	928
16911	28	265	923	928
78508	28	64	923	928
29770	28	159	923	928
22949	28	61	923	929
12799	28	48	923	929
10974	28	16	923	929
30736	28	22	923	929
74485	28	216	923	929
87055	28	244	923	929
46742	28	142	923	929
14471	28	32	923	929
84814	28	453	923	929
33716	28	355	923	929
140098	28	260	923	929
31978	28	47	923	929
141501	28	180	923	929
35132	28	79	923	929
92938	28	123	923	929
22277	28	321	923	929
56138	28	178	923	929
47855	28	637	923	929
15845	28	32	923	929
60534	28	453	923	929
62379	28	460	923	929
67344	28	82	923	929
73284	28	661	923	929
69747	28	934	923	929
79612	28	43	923	929
38510	28	19	923	929
33211	28	169	923	929
13085	28	244	923	929
27446	28	593	923	929
30144	28	101	923	929
17974	28	626	923	929
45629	28	161	923	929
44951	28	2349	923	929
60869	28	164	923	929
18916	28	70	923	929
28355	28	49	923	929
74656	23	10122	923	929
57400	28	41	923	929
80894	28	269	923	929
28610	28	135	923	929
30584	28	2422	923	929
121440	28	964	923	929
14054	28	40	923	929
56810	28	417	923	929
97609	28	327	923	930
62492	23	19740	923	930
24814	28	181	923	930
65267	28	364	923	930
9253	28	22	923	930
21087	28	20	923	930
76831	28	95	923	930
52290	28	254	923	930
36681	23	7718	923	930
46804	28	52	923	930
74046	28	107	923	930
35573	28	153	923	930
59560	28	295	923	930
54236	28	263	923	930
7395	28	126	923	930
91247	28	413	923	930
46625	28	643	923	930
67703	28	244	923	930
49565	28	422	923	930
48511	28	260	923	930
81913	28	608	923	930
50513	28	346	923	930
128883	6	284	923	930
111313	28	233	923	930
16244	28	7530	923	930
16638	28	23	923	931
36759	28	1844	923	931
69573	28	135	923	931
60534	28	608	923	931
19776	28	452	923	931
76621	28	222	923	931
81399	28	1193	923	931
63061	28	102	923	931
37072	28	164	923	931
95862	28	996	923	931
101529	28	34	923	931
17367	28	65	923	931
9394	28	42	923	931
24573	28	133	923	931
51441	28	44	923	931
15257	28	36	923	931
21658	28	162	923	931
51033	28	164	923	931
110867	28	304	923	931
111295	28	397	923	931
32754	28	31	923	931
90435	28	402	923	931
22000	28	267	923	931
22042	28	159	923	932
115064	28	454	923	932
13960	28	33	923	932
29485	28	70	923	932
27707	28	460	923	932
28825	28	327	923	932
41185	28	34	923	932
35088	28	27	923	932
60437	28	364	923	932
53581	28	133	923	933
16599	28	244	923	933
51061	28	159	923	933
33196	28	23	923	933
20999	28	159	923	933
3044	23	71585	923	933
71585	23	3044	923	933
57565	23	38514	923	933
42987	28	303	923	933
47498	28	135	923	933
38470	28	198	923	933
36279	28	926	923	933
19207	28	98	923	934
57910	28	413	923	934
51719	28	240	923	934
149016	28	256	923	934
52081	28	142	923	934
32452	28	206	923	934
23938	28	206	923	934
9425	28	46	923	934
28649	28	66	923	934
83698	28	608	923	935
44266	28	452	923	935
96440	23	91384	923	935
53011	28	268	923	935
69955	28	453	923	935
45925	28	269	923	935
51636	28	675	923	935
154332	28	2059	923	935
48522	28	231	923	935
14802	28	494	923	935
165060	14	2815	923	936
93188	28	412	923	936
95267	28	419	923	936
120820	28	71	923	936
49292	28	73	923	936
49567	28	540	923	937
94513	23	14043	923	937
111418	28	228	923	937
56211	28	217	923	938
24814	28	464	923	938
102067	28	593	923	938
50212	28	68	923	938
54021	28	255	923	940
54537	23	66690	923	944
97755	16	1256	923	945
97581	23	132543	923	947
120738	14	2824	923	952
85165	30	24270	923	953
11112	16	2169	923	960
65420	23	110210	923	964
43888	23	34821	923	965
51179	16	10046	923	966
154715	23	30669	923	968
82300	14	9093	924	0
82587	16	2817	924	0
29253	28	1216	924	0
33811	28	361	924	0
52748	28	238	924	0
34448	28	54	924	0
20087	28	1688	924	0
26044	28	105	924	0
73822	6	393	924	0
55196	14	3057	924	0
23482	14	782	924	0
53814	14	918	924	0
134303	14	2797	924	0
134570	28	71	924	0
56018	14	100250	924	0
23870	28	54	924	0
101278	28	2601	924	0
76182	28	161	924	0
23717	28	626	924	0
42881	28	1458	924	0
117734	28	233	924	0
37103	14	3057	924	0
50059	14	1217	924	0
19676	28	1409	924	0
22720	14	308	924	0
120132	14	138684	924	0
47817	28	785	924	0
15079	28	3928	924	0
18570	28	1354	924	0
67648	14	32441	924	0
20867	14	308	924	0
66832	14	17538	924	0
44798	14	34273	924	0
35349	14	6176	924	0
85649	14	854	924	0
49419	28	105	924	0
64086	28	166	924	0
56930	14	87661	924	0
5907	14	308	924	0
77243	14	163698	924	0
17748	14	902	924	0
55235	14	308	924	0
27699	28	288	924	0
89073	28	53	924	0
26505	28	1136	924	0
56283	28	4174	924	0
10514	28	142	924	0
43260	14	801	924	0
89771	28	1407	924	0
33427	28	242	924	0
91750	14	22294	924	0
7293	28	6504	924	0
13848	14	943	924	0
108306	14	1217	924	0
24641	28	1145	924	0
80454	28	514	924	0
93440	28	52	924	0
26793	28	134	924	0
44226	14	87661	924	0
11715	28	1844	924	0
69881	28	6407	924	0
19792	28	206	924	0
16634	28	552	924	0
145705	28	464	924	0
77566	6	3897	924	0
10887	28	893	924	0
99500	14	32441	924	0
41262	28	29	924	0
60561	28	29	924	0
43153	28	10774	924	0
45916	28	4989	924	0
51708	28	147	924	0
44616	28	8809	924	0
37795	30	285	924	0
90699	28	402	924	0
76167	14	854	924	0
29468	28	158	924	0
40511	28	365	924	0
45916	28	117	924	0
78751	14	4413	924	0
49349	14	7271	924	0
31933	28	265	924	0
43588	14	308	924	0
19884	14	1343	924	0
20356	28	8323	924	0
6578	14	2951	924	0
87899	28	8323	924	0
27410	28	236	924	0
57806	14	444	924	0
15079	28	2409	924	0
33131	28	92	924	0
40040	14	444	924	0
3320	23	7604	924	0
31367	28	44	924	0
79456	14	7134	924	0
56809	28	238	924	0
177928	14	2815	924	0
22829	28	8323	924	0
67161	28	65	924	0
27300	28	3906	924	0
20192	28	315	924	0
84559	28	6504	924	0
60408	28	164	924	0
59505	28	168	924	0
37292	28	6504	924	0
70631	28	1448	924	0
38487	28	67	924	0
138685	6	497	924	0
7621	28	72	924	0
121207	28	542	924	0
64560	28	134	924	0
67242	14	2986	924	0
18504	28	117	924	0
86821	28	1844	924	0
55389	28	60	924	0
69481	23	83300	924	0
83300	23	69481	924	0
67305	14	2368	924	0
48963	28	119	924	0
52272	14	32441	924	0
91188	28	177	924	0
81613	14	2369	924	0
37401	14	4314	924	0
14121	14	2783	924	0
15677	28	74	924	0
17012	28	74	924	0
24530	28	134	924	0
131034	23	95728	924	0
17898	28	552	924	0
34431	28	32	924	0
46604	28	6504	924	0
22600	28	42	924	0
57172	28	552	924	0
62378	28	1227	924	0
34195	28	8323	924	0
46957	28	107	924	0
41580	28	61	924	0
78971	28	273	924	0
58842	23	111137	924	0
4712	23	55519	924	924
7522	23	54619	924	924
8672	28	231	924	925
62447	28	552	924	925
97952	28	5063	924	925
54452	28	364	924	925
20217	28	23103	924	925
55086	28	1766	924	925
60778	28	661	924	925
47816	28	1223	924	925
47857	28	205	924	925
85231	28	221	924	925
64560	28	142	924	925
86190	28	205	924	925
30257	28	136	924	925
56238	28	1149	924	925
88781	28	134	924	925
52088	28	63	924	925
112670	28	1149	924	925
60534	28	1755	924	925
118774	28	377	924	925
52936	28	134	924	925
73848	28	22	924	925
52569	28	45	924	925
97298	28	55	924	925
19507	28	134	924	925
20054	28	120	924	925
22000	28	575	924	925
120568	28	360	924	925
45002	28	23103	924	925
9905	28	4739	924	925
64792	28	119	924	925
15677	28	298	924	925
23366	28	252	924	925
54412	28	45	924	925
106210	28	449	924	925
67179	28	930	924	925
56283	28	67	924	925
92113	28	1077	924	925
74385	28	215	924	925
28466	28	1481	924	925
104535	28	170	924	925
100652	28	1400	924	925
104843	28	37	924	925
59638	28	399	924	925
56501	28	73	924	925
33811	28	475	924	925
72261	28	2812	924	925
91779	28	29	924	925
66743	28	750	924	925
47797	28	574	924	925
46270	28	2439	924	925
27243	28	20	924	925
19676	28	1223	924	925
84540	28	71	924	925
28440	28	206	924	925
29902	28	14242	924	925
59841	28	81	924	925
77165	28	350	924	925
113915	28	122	924	925
53581	28	796	924	925
41580	28	53	924	925
61367	28	45	924	925
72190	28	1110	924	925
26903	28	60	924	925
101056	28	99	924	925
128797	28	166	924	925
69646	28	331	924	925
104881	28	2668	924	925
20757	28	649	924	925
14166	28	122	924	925
37539	28	798	924	925
46655	28	122	924	925
38330	28	252	924	925
121672	28	133	924	925
44263	28	38	924	925
20670	28	1158	924	925
13287	28	290	924	925
28925	28	230	924	925
9737	28	16	924	925
91061	28	289	924	925
90340	28	45	924	925
42673	28	429	924	925
35142	28	1025	924	925
94555	28	64	924	925
18164	28	351	924	925
23171	28	129	924	925
40021	28	155	924	925
68164	28	552	924	925
44616	28	239	924	925
19508	28	14242	924	925
21097	28	915	924	925
100788	28	439	924	925
85905	28	1033	924	925
87055	28	112	924	925
52746	28	179	924	925
80665	28	79	924	925
27834	28	339	924	925
78476	28	232	924	925
63701	28	235	924	925
81787	28	1395	924	925
48963	28	205	924	925
52448	28	406	924	925
48641	28	23413	924	925
38231	28	104	924	925
74530	28	6504	924	925
26903	28	1661	924	925
28165	28	235	924	925
12238	28	575	924	925
28736	28	162	924	925
33066	28	1358	924	925
76349	28	119	924	925
48165	28	452	924	925
46869	28	155	924	925
85723	28	460	924	925
35847	28	40	924	925
97988	28	64	924	925
93347	28	166	924	925
68283	28	1973	924	925
110688	28	1129	924	925
60444	28	242	924	925
25602	28	552	924	925
28840	28	55	924	925
24048	28	797	924	925
80724	28	144	924	925
31645	28	1026	924	925
20820	28	230	924	925
69925	28	1749	924	925
85273	28	1077	924	925
12127	28	70	924	925
82381	28	1294	924	926
25217	28	28	924	926
25324	28	66	924	926
46937	28	354	924	926
20128	28	698	924	926
19153	28	969	924	926
21680	28	245	924	926
23479	28	915	924	926
11824	28	2098	924	926
18872	28	140	924	926
38884	28	1021	924	926
29093	28	2526	924	926
45084	28	77	924	926
13083	28	210	924	926
26253	28	174	924	926
40591	28	119	924	926
12111	28	3119	924	926
26793	28	47	924	926
25611	28	36	924	926
35869	28	28	924	926
10807	28	806	924	926
121440	28	350	924	926
102939	28	177	924	926
35017	28	43	924	926
38711	28	14	924	926
34957	28	1021	924	926
59055	28	701	924	926
2883	28	1149	924	926
55174	28	1368	924	926
125062	28	2390	924	926
10811	28	846	924	926
15167	28	2087	924	926
26506	28	247	924	926
18880	28	45	924	926
59880	28	61	924	926
95814	28	57	924	926
5151	28	723	924	926
50195	28	99	924	926
81390	28	37	924	926
27486	28	92	924	926
13987	28	124	924	926
24600	28	89	924	926
78971	28	210	924	926
51191	28	2914	924	926
29616	28	990	924	926
15744	28	119	924	926
26088	28	2135	924	926
30458	28	242	924	926
77141	28	629	924	926
39576	28	247	924	926
126119	28	55	924	926
127760	28	104	924	926
34736	28	98	924	926
42925	28	358	924	926
23443	28	232	924	926
49556	28	319	924	926
34426	28	20	924	926
14675	28	532	924	926
32314	28	289	924	926
40451	28	321	924	926
66576	28	54	924	926
23717	28	259	924	926
18001	28	49	924	926
28566	28	181	924	926
43237	28	72091	924	926
17142	28	98	924	926
69703	28	681	924	926
51886	28	327	924	926
8956	28	152	924	926
23572	28	990	924	926
50753	28	213	924	926
110867	28	323	924	926
36862	28	619	924	926
11819	28	89	924	926
24330	28	140	924	926
84034	28	282	924	926
39912	28	20	924	926
15403	28	174	924	926
70306	28	1262	924	926
12183	28	343	924	926
51929	28	798	924	926
19084	28	868	924	926
26463	28	92	924	926
154246	28	2390	924	926
17864	28	354	924	926
102335	28	56525	924	926
19982	28	252	924	926
10589	28	29	924	926
84650	28	347	924	926
28484	28	153	924	926
17328	28	786	924	926
98005	28	1354	924	926
51289	28	295	924	926
27559	28	2331	924	926
88338	28	311	924	926
13212	28	4641	924	926
98078	28	395	924	926
10816	28	220	924	926
12919	28	111	924	926
80741	28	92	924	926
24610	28	165	924	926
9024	28	500	924	926
23824	28	915	924	926
21069	28	48	924	926
61149	28	252	924	926
58400	28	430	924	926
104930	28	2310	924	926
60953	28	70974	924	927
71066	28	65	924	927
10589	28	33	924	927
15079	28	89	924	927
26156	28	1232	924	927
46799	28	647	924	927
35758	28	42	924	927
55580	28	60	924	927
100967	28	134	924	927
41074	28	201	924	927
71139	28	180	924	927
33710	28	240	924	927
137371	28	748	924	927
7332	28	6425	924	927
90297	28	210	924	927
29083	28	289	924	927
76631	28	1411	924	927
61849	28	61	924	927
12574	28	38	924	927
65002	28	40	924	927
80233	28	92	924	927
39995	28	2331	924	927
15501	23	143339	924	927
31603	28	177	924	927
17248	28	124	924	927
33131	28	161	924	927
50868	28	51	924	927
40591	28	232	924	927
53302	28	477	924	927
14130	28	3668	924	927
144800	28	145	924	927
76878	28	56	924	927
54847	28	1668	924	927
101164	28	4051	924	927
54941	28	364	924	927
105204	28	156	924	927
92426	28	319	924	927
36517	28	72	924	927
148881	28	716	924	927
84607	28	27792	924	927
44834	28	132	924	927
33146	28	55	924	927
49419	28	117	924	927
71687	28	120	924	927
108389	28	39	924	927
67288	28	210	924	927
91551	28	432	924	927
8711	28	41	924	927
14389	28	46	924	927
81439	28	2575	924	927
26664	28	2525	924	927
31509	28	102	924	927
12293	28	2409	924	927
67288	28	119	924	927
55960	28	188	924	927
15060	28	938	924	927
120568	28	755	924	927
69876	28	119	924	927
88217	28	155	924	927
20690	28	92	924	927
32876	28	51	924	927
35474	28	1656	924	927
55963	28	79	924	927
17257	28	211	924	927
10363	28	974	924	927
104245	28	174	924	927
22701	28	1752	924	927
81215	28	484	924	927
53208	28	77	924	927
95480	28	160	924	927
71610	28	22727	924	927
31432	28	119	924	927
18504	28	27	924	927
81787	28	176	924	927
33108	28	79	924	927
21658	28	206	924	928
30658	28	282	924	928
74649	28	395	924	928
65762	28	211	924	928
115718	28	56	924	928
45346	28	1864	924	928
36080	28	347	924	928
106718	28	7405	924	928
38374	28	54	924	928
93774	28	381	924	928
108858	28	156	924	928
29753	28	240	924	928
47646	28	140	924	928
21806	28	48	924	928
11402	28	1844	924	928
13914	28	289	924	928
34236	28	51	924	928
27359	28	73	924	928
38206	28	33	924	928
59890	28	120	924	928
20346	28	91	924	928
9355	28	1411	924	928
70608	28	1475	924	928
39418	28	143	924	928
68090	28	77	924	928
22148	28	38	924	928
101276	28	139	924	928
61127	28	259	924	928
81590	28	117	924	928
174064	6	1038	924	928
26393	28	1015	924	928
93344	28	103	924	928
38197	28	206	924	928
18652	28	309	924	928
24517	28	169	924	928
76182	28	1475	924	928
38487	28	104	924	928
44300	28	748	924	928
42735	28	20	924	928
41886	28	1119	924	928
34510	28	1435	924	928
82977	28	213	924	928
30207	28	60	924	928
29753	28	60	924	928
14824	28	89	924	928
6639	28	55	924	929
52699	28	143	924	929
19228	28	68	924	929
23779	23	74900	924	929
96834	28	170	924	929
9671	28	33	924	929
33438	28	321	924	929
25962	28	206	924	929
13114	28	52	924	929
72499	28	527	924	929
24056	28	422	924	929
82476	28	52	924	929
42806	28	144	924	929
12247	28	46	924	929
31979	28	233	924	929
24534	28	167	924	929
33215	28	36	924	929
96695	28	210	924	929
70514	28	256	924	929
59169	28	36	924	929
69566	28	333	924	929
13221	28	259	924	929
24834	28	248	924	929
112171	23	4693	924	929
79175	28	111	924	929
33004	28	500	924	929
105125	28	37	924	929
99439	28	71	924	929
17898	28	19	924	929
20054	28	65	924	929
86678	28	25924	924	929
46596	28	32	924	929
20417	28	2177	924	929
69834	28	506	924	929
31471	28	899	924	929
13632	28	32	924	929
79286	28	158	924	929
51859	28	2943	924	929
30222	28	143	924	929
111834	28	360	924	929
71404	28	28794	924	929
74900	23	23779	924	930
54665	28	1644	924	930
100317	28	768	924	930
42346	28	387	924	930
12127	28	1844	924	930
62525	28	106	924	930
21217	28	123	924	930
38402	28	2807	924	930
28772	28	38	924	930
9394	28	223	924	930
51708	28	117	924	930
16594	28	303	924	930
10501	28	162	924	930
24605	28	986	924	930
60514	28	288	924	930
14541	28	1091	924	930
56622	28	165	924	930
46254	28	959	924	930
59602	28	334	924	930
64164	28	217	924	930
35054	28	63	924	930
153788	28	365	924	930
109709	28	261	924	930
81567	28	149	924	930
54562	23	121910	924	930
121910	23	54562	924	930
95728	23	131034	924	930
6918	28	31	924	930
19029	28	37	924	930
24530	28	751	924	930
34980	28	269	924	931
10691	28	101	924	931
57242	28	492	924	931
54318	28	180	924	931
36321	28	104	924	931
102632	28	1495	924	931
92378	28	368	924	931
20241	28	22	924	931
76452	28	60	924	931
45603	28	1864	924	931
51033	28	159	924	931
43900	28	277	924	931
24403	28	223	924	931
4693	23	112171	924	931
54849	28	159	924	931
25442	28	637	924	931
54963	28	20	924	931
92845	28	262	924	931
21440	28	31	924	931
23162	28	87	924	931
35494	28	29	924	931
94778	28	1036	924	931
130772	28	274	924	931
93946	28	165	924	931
96452	28	547	924	932
16313	28	2752	924	932
61483	28	360	924	932
47689	28	213	924	932
21825	28	248	924	932
53365	28	134	924	932
39948	28	2078	924	932
48229	28	460	924	932
50696	28	121	924	932
104055	28	63	924	932
42460	28	169	924	932
58079	28	397	924	932
116537	28	210	924	932
46019	28	101	924	932
62983	28	453	924	932
70631	28	1086	924	932
116585	28	309	924	933
18872	28	244	924	933
33780	28	112	924	933
70839	23	35304	924	933
12179	28	85	924	933
51867	28	1844	924	933
111295	28	889	924	933
35221	28	417	924	933
66991	28	610	924	933
51251	28	1864	924	933
111926	28	896	924	934
55854	28	1644	924	934
16001	28	129	924	934
71594	28	757	924	934
15406	28	520	924	934
49717	28	1316	924	934
8711	28	223	924	934
65811	28	228	924	934
32876	28	494	924	934
122967	28	98	924	934
92641	28	180	924	934
22639	28	247	924	935
133497	28	2059	924	935
20802	28	60	924	935
48229	28	1283	924	935
31363	28	112	924	935
31991	28	23	924	935
59322	28	413	924	935
11142	28	14	924	935
11680	23	107141	924	935
68726	28	216	924	935
139615	28	255	924	936
18381	28	45	924	936
64533	28	198	924	936
37264	28	85	924	936
97813	23	18346	924	936
18346	23	97813	924	936
64164	28	527	924	936
99715	28	85	924	936
27243	28	223	924	936
38573	28	244	924	936
75316	28	531	924	936
17595	28	247	924	936
31392	23	26766	924	937
26766	23	31392	924	937
37099	28	540	924	937
111937	28	2109	924	937
152641	28	957	924	937
50983	28	540	924	937
42500	28	60	924	937
111792	28	959	924	937
76833	28	45	924	938
69264	28	630	924	938
6419	23	55033	924	938
55033	23	6419	924	938
123885	28	136	924	939
84570	28	167	924	939
65288	28	45	924	939
155068	23	4583	924	939
54535	28	397	924	940
107851	16	8	924	940
54021	28	768	924	940
92766	28	2331	924	941
57685	16	2817	924	941
8964	28	276	924	941
40201	28	464	924	941
55967	16	74925	924	946
103718	16	1256	924	946
36714	23	100816	924	946
100816	23	36714	924	946
127285	16	1256	924	946
111137	23	58842	924	952
7604	23	3320	924	965
18834	23	77437	924	966
83121	28	1216	925	0
113915	28	221	925	0
8564	28	14	925	0
46614	28	1780	925	0
25284	14	3111	925	0
55042	28	4003	925	0
63629	14	5305	925	0
86173	6	1615	925	0
27623	23	116476	925	0
4964	14	2368	925	0
35940	14	3111	925	0
14300	28	52	925	0
87260	14	918	925	0
74834	28	4641	925	0
77685	28	89	925	0
24008	16	1157	925	0
66605	14	7271	925	0
72850	28	4387	925	0
77002	23	103897	925	0
102601	28	1831	925	0
75657	14	3568	925	0
54816	28	23	925	0
72674	14	8683	925	0
104969	28	65	925	0
13690	28	7405	925	0
11584	28	91	925	0
9903	28	3265	925	0
66118	28	1193	925	0
162307	16	8	925	0
17978	28	2390	925	0
56238	28	221	925	0
43011	28	180	925	0
21678	14	308	925	0
76730	28	2209	925	0
32411	28	1302	925	0
122259	14	902	925	0
13022	28	216	925	0
142564	16	3238	925	0
62692	14	13	925	0
87899	28	1844	925	0
82381	28	361	925	0
43663	14	3473	925	0
24837	28	552	925	0
24262	28	889	925	0
93715	28	188	925	0
108799	28	460	925	0
144980	6	2550	925	0
63556	14	4167	925	0
93347	28	5063	925	0
71203	23	125175	925	0
125175	23	71203	925	0
51779	14	2188	925	0
23294	28	364	925	0
82696	28	1234	925	0
19630	14	9717	925	0
80613	28	2174	925	0
56005	14	2964	925	0
106696	28	370	925	0
97193	28	15163	925	0
79569	28	1031	925	0
48995	14	106015	925	0
51803	23	107315	925	0
107315	23	51803	925	0
18527	28	2135	925	0
77988	28	156	925	0
44761	14	3473	925	0
44254	28	129	925	0
25103	14	12967	925	0
3517	6	6378	925	0
40497	28	1340	925	0
24007	28	361	925	0
21493	28	402	925	0
8520	14	764	925	0
66048	31	81957	925	0
12816	28	120	925	0
31135	28	1909	925	0
173318	6	116952	925	0
53982	14	8683	925	0
94321	28	454	925	0
30309	14	579	925	0
24511	14	308	925	0
36222	28	32	925	0
95157	28	277	925	0
6618	23	11129	925	0
49674	28	134	925	0
58604	6	1615	925	0
64560	28	74	925	0
117430	28	3387	925	0
89380	14	9093	925	0
74496	28	24	925	0
93440	28	86	925	0
6578	14	308	925	0
55018	28	186	925	0
175746	14	3473	925	0
78989	28	211	925	0
35989	28	60	925	0
28840	28	100	925	0
6302	28	959	925	0
53378	14	3057	925	0
25457	28	72	925	0
43847	6	43351	925	0
49688	28	552	925	0
10747	14	3111	925	0
59453	28	267	925	0
15971	28	739	925	0
60380	28	361	925	0
2531	14	16647	925	0
65385	28	160	925	0
21800	28	28425	925	0
13460	23	5105	925	0
76831	28	54	925	0
41134	6	367	925	0
46407	28	20715	925	0
45916	28	82	925	0
32027	14	4314	925	0
95778	14	2417	925	0
34952	14	8683	925	0
29432	14	1869	925	0
17050	28	34	925	0
39577	14	308	925	0
38269	28	2985	925	0
45755	14	38774	925	0
57002	28	68	925	0
81827	14	13	925	0
115973	14	308	925	0
118052	14	2783	925	0
30136	14	17538	925	0
4606	23	62886	925	0
104857	23	32209	925	0
10643	14	2995	925	0
49732	14	91417	925	0
184047	6	367	925	0
32020	6	59	925	0
15354	28	74	925	0
14558	28	938	925	0
39026	28	354	925	0
23187	28	265	925	0
65928	14	943	925	0
72358	14	2384	925	0
24546	28	103	925	0
152095	28	179	925	0
153356	14	207	925	0
75764	28	3933	925	0
131468	28	32000	925	0
62716	28	117	925	0
32240	28	117	925	0
87910	14	902	925	0
31135	28	642	925	0
19299	28	1056	925	0
119309	14	187458	925	0
21721	28	110	925	926
6302	28	4147	925	926
22000	28	1259	925	926
45125	28	2390	925	926
112670	28	221	925	926
83571	28	4412	925	926
72565	28	142	925	926
27024	28	4437	925	926
99445	28	261	925	926
18714	28	1031	925	926
33811	28	1492	925	926
30247	28	986	925	926
15852	28	17561	925	926
56337	28	318	925	926
35431	28	557	925	926
15677	28	166	925	926
48252	28	986	925	926
13900	28	304	925	926
35142	28	1496	925	926
76199	28	281	925	926
52915	28	626	925	926
61931	28	37310	925	926
43153	28	1844	925	926
10235	28	508	925	926
84973	28	141	925	926
22469	28	221	925	926
62436	28	231	925	926
30835	28	778	925	926
90340	28	71	925	926
75316	28	67664	925	926
47857	28	282	925	926
36539	28	658	925	926
43821	28	1216	925	926
30495	28	74	925	926
121672	28	951	925	926
41827	28	417	925	926
36855	28	56556	925	926
89476	28	4243	925	926
76952	28	3554	925	926
64152	28	215	925	926
23333	28	347	925	926
74416	28	221	925	926
11287	28	63	925	926
11613	28	698	925	926
34723	28	89	925	926
21800	28	1101	925	926
41958	28	361	925	926
24469	28	59	925	926
33936	28	289	925	926
12717	28	33	925	926
9849	28	52	925	926
33146	28	39	925	926
60654	28	5798	925	926
80948	28	51	925	926
51248	28	1149	925	926
21540	28	642	925	926
46511	28	248	925	926
37767	28	291	925	926
11584	28	150	925	926
44927	28	1182	925	926
12135	28	1034	925	926
35818	28	40	925	926
32024	28	259	925	926
76065	28	719	925	926
112687	28	221	925	926
33066	28	678	925	926
81593	28	9018	925	926
89508	28	40	925	926
43095	28	235	925	926
14761	28	980	925	926
18667	28	1459	925	926
147981	28	167	925	926
95997	28	291	925	926
52659	28	2785	925	926
30009	28	1101	925	926
62447	28	126	925	926
68283	28	379	925	926
113429	28	53	925	926
20757	28	496	925	926
60090	28	9892	925	926
33519	28	156	925	926
31306	28	179	925	926
62447	28	81	925	926
38576	28	61	925	926
77685	28	152	925	926
81475	28	1855	925	926
65953	28	41	925	926
71866	28	57	925	926
55741	28	123	925	926
44684	28	442	925	926
77020	28	351	925	926
26044	28	343	925	926
25602	28	1349	925	926
150541	28	52	925	926
7621	28	1071	925	926
60380	28	554	925	926
36739	28	203	925	926
88228	28	45	925	926
48611	28	89	925	926
34723	28	57	925	926
26863	28	70	925	926
35347	28	938	925	926
93183	28	29	925	926
53552	28	228	925	926
64205	28	69	925	926
53825	28	63	925	926
67161	28	1102	925	926
76980	28	1544	925	926
60274	28	110	925	926
52088	28	39	925	926
8574	28	333	925	926
14539	28	449	925	926
67179	28	119	925	926
15609	28	169	925	926
130660	28	612	925	926
31400	28	1354	925	926
10652	28	1616	925	926
116605	28	214	925	926
110287	28	283	925	926
21463	28	3141	925	926
80463	28	44362	925	926
21481	28	420	925	926
92669	28	205	925	926
80724	28	353	925	926
29330	28	1258	925	926
26645	28	396	925	926
38248	28	318	925	926
14351	28	2409	925	926
38812	28	191	925	926
17167	28	228	925	926
84540	28	205	925	926
69876	28	45	925	926
117162	28	44134	925	926
133949	28	345	925	926
98591	28	646	925	926
33559	28	69	925	926
8475	28	40	925	926
34195	28	619	925	926
21518	28	41	925	926
31570	28	572	925	926
89568	28	9731	925	926
78476	28	145	925	926
109895	28	280	925	926
48845	28	63	925	926
95157	28	87	925	926
83252	28	111	925	926
16459	28	7059	925	926
60561	28	331	925	927
28925	28	379	925	927
70982	28	39	925	927
29775	28	363	925	927
25639	28	508	925	927
83526	28	56	925	927
13212	28	1323	925	927
8731	28	65	925	927
98439	28	72	925	927
56283	28	2575	925	927
9903	28	46	925	927
33622	28	1195	925	927
102600	28	166	925	927
39297	28	315	925	927
35614	28	750	925	927
5655	28	1698	925	927
105479	28	2413	925	927
72190	28	331	925	927
39588	28	477	925	927
7630	28	39	925	927
106510	28	175	925	927
29902	28	220	925	927
28880	28	986	925	927
80159	28	234	925	927
69180	28	174	925	927
44261	28	1420	925	927
17498	28	146	925	927
100513	28	267	925	927
9904	28	986	925	927
59683	28	1514	925	927
37403	28	154	925	927
36376	28	32	925	927
69340	28	432	925	927
58597	28	175	925	927
89659	28	211	925	927
42259	28	710	925	927
32091	28	1086	925	927
97839	28	65	925	927
45001	28	331	925	927
59955	28	156	925	927
41232	28	144	925	927
34609	28	166	925	927
56501	28	51	925	927
86190	28	168119	925	927
36083	28	463	925	927
46062	28	74	925	927
19507	28	81	925	927
34339	28	698	925	927
38330	28	70	925	927
21747	28	231	925	927
93586	28	45	925	927
79173	28	181	925	927
16786	28	141	925	927
33066	28	368	925	927
38550	28	529	925	927
54386	28	179	925	927
51709	28	89	925	927
28667	28	265	925	927
59841	28	432	925	927
14166	28	67	925	927
36222	28	136	925	927
34219	28	2060	925	927
51548	28	3064	925	927
84060	28	39	925	927
72261	28	515	925	927
32084	28	155	925	927
97988	28	166	925	927
79261	28	4752	925	927
173682	14	2815	925	927
56238	28	175	925	927
71994	28	66036	925	927
22634	28	58	925	927
28525	28	231	925	927
120542	28	22643	925	927
59517	28	402	925	927
35040	28	2030	925	927
34401	28	757	925	927
18030	28	742	925	927
33001	28	29	925	927
36135	28	1844	925	927
40171	28	71	925	927
14587	28	143	925	927
65385	28	166	925	927
71867	28	2208	925	927
42419	28	42	925	927
76199	28	267	925	927
20065	28	6485	925	927
93715	28	177	925	927
46561	28	2525	925	927
54412	28	156	925	927
56204	28	4387	925	927
38138	28	102	925	927
56917	28	460	925	927
21167	28	698	925	927
32030	28	292	925	927
59888	28	1159	925	927
37050	28	361	925	927
27231	28	71	925	927
13114	28	24	925	927
27243	28	92	925	927
9905	28	12869	925	927
11353	28	175	925	927
56975	28	136	925	927
109435	28	174	925	927
130978	28	184	925	927
30218	28	3720	925	927
24994	28	3480	925	927
9967	28	29	925	927
34179	28	216	925	927
62351	28	1100	925	927
64915	28	2030	925	927
57081	28	621	925	927
23870	28	354	925	927
61463	28	1755	925	928
83408	28	25590	925	928
73848	28	88	925	928
40318	28	508	925	928
23695	28	31	925	928
24745	28	355	925	928
34114	28	477	925	928
74385	28	74	925	928
28917	28	6633	925	928
73862	28	768	925	928
56855	28	351	925	928
33318	28	47	925	928
85573	28	464	925	928
56438	28	179	925	928
87029	28	494	925	928
32206	28	1151	925	928
44752	28	67	925	928
20834	28	290	925	928
17036	28	89	925	928
72927	28	38	925	928
49447	28	69	925	928
28783	28	81	925	928
73466	28	49	925	928
46604	28	1844	925	928
30651	28	55	925	928
37896	28	455	925	928
109856	28	16	925	928
41818	28	261	925	928
38450	28	70	925	928
97065	28	129	925	928
28627	28	134	925	928
10022	28	1145	925	928
20087	28	742	925	928
41329	28	28323	925	928
40208	28	708	925	928
171999	6	29588	925	928
15139	28	22	925	928
34174	28	647	925	928
62459	28	922	925	928
24837	28	2949	925	928
21543	28	623	925	928
36538	28	477	925	928
28566	28	464	925	928
35147	28	30	925	928
83272	28	171	925	928
74379	28	102	925	928
89964	28	111	925	928
38807	28	1229	925	928
24641	28	131	925	928
35978	28	14	925	928
13089	28	92	925	928
44659	28	437	925	928
16303	28	583	925	928
54990	28	749	925	928
14558	28	223	925	928
15261	28	1149	925	928
60277	28	170	925	928
45916	28	188	925	928
42974	28	420	925	928
16080	28	19	925	928
38231	28	166	925	928
25975	28	1180	925	928
84524	28	259	925	928
69925	28	291	925	928
60168	28	800	925	928
110813	28	2413	925	928
38374	28	132	925	928
63348	28	591	925	928
12534	28	193	925	928
19114	23	126956	925	928
24914	28	41	925	928
62107	28	103	925	928
82671	28	105	925	928
103660	28	155	925	928
8095	28	22	925	928
28840	28	166	925	928
49156	28	1242	925	928
53992	28	183	925	929
46145	28	757	925	929
54845	28	48	925	929
74834	28	309	925	929
48963	28	99	925	929
70737	28	99	925	929
53889	28	1321	925	929
73023	28	885	925	929
17380	28	477	925	929
43105	28	701	925	929
38196	28	690	925	929
37926	28	4890	925	929
23615	28	227	925	929
80665	28	339	925	929
17190	28	634	925	929
144384	28	2187	925	929
75133	28	1644	925	929
22173	28	281	925	929
65288	28	68	925	929
94555	28	7944	925	929
25748	28	1688	925	929
43432	28	321	925	929
96568	28	3667	925	929
68527	28	37	925	929
31135	28	1015	925	929
40971	28	2390	925	929
19508	28	220	925	929
74362	28	269	925	929
26838	28	48	925	929
30144	28	29	925	929
13212	28	179	925	929
72371	28	319	925	929
56809	28	167	925	929
85511	28	170	925	929
37166	28	92	925	929
118774	28	610	925	929
23418	28	926	925	929
95373	28	889	925	929
44344	28	123	925	929
81406	28	176	925	929
95112	1	46587	925	929
19391	28	56	925	929
20192	28	256	925	929
53150	28	575	925	929
30939	28	32	925	929
153304	6	16756	925	929
35847	28	16	925	930
10361	28	293	925	930
45180	28	73	925	930
54046	28	608	925	930
18632	28	408	925	930
49782	28	32	925	930
31058	28	965	925	930
79414	28	123	925	930
80805	28	38	925	930
32952	28	6485	925	930
20824	28	10384	925	930
31176	28	837	925	930
112385	28	381	925	930
91877	23	40720	925	930
40720	23	91877	925	930
35818	28	82	925	930
58628	28	124	925	930
28466	28	252	925	930
108334	28	170	925	930
17613	28	102	925	930
21319	28	750	925	930
46270	28	2642	925	930
30024	28	251	925	930
20008	28	136	925	930
18019	28	4180	925	930
41110	28	60	925	930
126956	23	19114	925	930
24546	28	242	925	930
27699	28	260	925	930
28020	28	346	925	931
24181	28	43	925	931
27069	28	31	925	931
85905	28	170	925	931
20501	28	91	925	931
42685	28	118	925	931
38978	28	274	925	931
26140	28	16	925	931
27124	28	2668	925	931
10681	28	164	925	931
60760	28	757	925	931
77744	28	48	925	931
4610	28	152	925	931
11494	28	402	925	931
91531	28	1149	925	931
66138	28	73	925	931
33811	28	176	925	931
55428	28	136	925	931
32114	28	53	925	931
33396	28	214	925	931
29694	28	431	925	931
27320	28	45	925	931
49317	28	92	925	931
33723	28	23	925	931
17738	28	103	925	931
14471	28	333	925	931
63034	28	101	925	932
54758	28	4743	925	932
53843	28	72	925	932
36706	28	164	925	932
75444	28	40	925	932
31678	28	49	925	932
82724	28	268	925	932
23601	28	164	925	932
60914	28	228	925	932
25638	28	321	925	932
45491	28	3083	925	932
49161	28	573	925	932
44263	28	358	925	932
67888	28	118	925	932
59517	28	32	925	932
66970	28	248	925	932
127858	28	37	925	932
64152	28	1844	925	932
95246	28	48	925	932
32026	28	327	925	932
117193	28	1016	925	932
152095	28	365	925	932
60050	28	214	925	932
21665	28	47	925	932
13122	28	80	925	932
28819	28	58	925	932
111792	28	135	925	932
61249	28	133	925	933
40592	28	253	925	933
36205	28	315	925	933
67185	28	166	925	933
41591	28	244	925	933
18017	28	169	925	933
24007	28	295	925	933
51089	28	1283	925	933
28623	28	135	925	933
11129	23	6618	925	933
15744	28	45	925	933
56857	23	152615	925	933
85224	23	101668	925	933
53734	28	251	925	933
23460	28	164	925	933
29483	28	42	925	933
22639	28	52	925	933
25787	28	269	925	934
84845	28	99	925	934
31827	28	383	925	934
33210	28	46	925	934
41361	28	30	925	934
39880	28	227	925	934
33241	28	81	925	934
15262	28	637	925	934
4838	23	4123	925	934
41687	28	29	925	934
29822	28	103	925	934
27634	28	20	925	934
31827	28	135	925	934
59322	28	263	925	934
130490	28	1028	925	934
23370	28	44	925	934
55151	28	492	925	935
23460	28	133	925	935
29295	23	67930	925	935
60802	28	135	925	935
9504	28	76	925	935
56753	28	217	925	935
81787	28	256	925	935
31092	28	231	925	935
44616	28	28	925	935
31103	28	2838	925	935
70292	28	453	925	935
52754	28	184	925	935
23824	28	121	925	935
126805	28	255	925	935
19368	28	85	925	936
111995	28	214	925	936
87393	28	757	925	936
45002	28	351	925	936
69849	28	167	925	936
143460	16	226	925	936
75741	28	768	925	936
41403	30	1756	925	936
69490	28	768	925	936
129709	28	167	925	936
107457	28	1156	925	936
24361	28	136	925	936
13102	28	206	925	936
111821	28	413	925	936
75732	28	2984	925	936
128982	28	869	925	936
41030	28	140	925	936
30048	28	370	925	937
42826	28	780	925	937
69479	28	494	925	937
43381	28	179	925	937
38470	28	164	925	937
51636	28	217	925	937
133779	28	996	925	938
39287	14	1706	925	938
38348	28	77	925	938
37572	23	107557	925	938
69490	28	370	925	938
109306	28	1239	925	939
32163	28	8588	925	939
81016	28	542	925	939
59468	28	132	925	939
115757	28	996	925	940
36313	23	28080	925	941
37531	28	230	925	941
75741	28	370	925	941
70292	28	608	925	943
22173	28	267	925	944
6136	28	14	925	945
112100	16	9	925	947
31837	14	3698	925	947
130030	23	112679	925	950
77336	23	130970	925	954
103897	23	77002	925	959
107784	16	124207	925	961
85447	16	9	925	963
19356	23	134742	925	966
134742	23	19356	925	966
39140	28	781	926	0
39578	14	444	926	0
83698	28	453	926	0
15071	28	2210	926	0
15291	28	351	926	0
53208	28	2210	926	0
12496	28	29	926	0
6523	28	347	926	0
88080	6	27961	926	0
11287	28	110	926	0
21800	28	915	926	0
61515	14	7134	926	0
45871	28	464	926	0
89476	28	45567	926	0
19027	6	2594	926	0
22731	28	119	926	0
14439	28	2210	926	0
85273	28	2548	926	0
20307	28	80	926	0
82381	28	915	926	0
58542	14	139383	926	0
55429	28	2310	926	0
121207	28	1405	926	0
33622	28	915	926	0
31809	28	76	926	0
14351	28	806	926	0
10243	14	2258	926	0
84065	28	32	926	0
21800	28	176	926	0
48641	28	1956	926	0
12816	28	55	926	0
57603	14	2258	926	0
58816	1	33350	926	0
45845	6	2618	926	0
14147	28	551	926	0
66118	28	1262	926	0
13287	28	1034	926	0
102977	14	2764	926	0
7985	28	1031	926	0
123310	14	801	926	0
145472	14	782	926	0
38206	28	16	926	0
106560	23	102667	926	0
94321	28	167	926	0
26760	28	1844	926	0
6278	28	5171	926	0
27182	14	12802	926	0
32035	28	131	926	0
37925	14	17538	926	0
49674	28	1149	926	0
169467	6	5011	926	0
73661	28	211	926	0
46070	28	3906	926	0
56005	14	943	926	0
68283	28	235	926	0
87181	28	247	926	0
33459	14	25574	926	0
17287	28	46	926	0
81343	14	5000	926	0
49322	28	244	926	0
22522	28	28	926	0
67161	28	5063	926	0
22684	28	120	926	0
72565	28	51	926	0
26835	28	4998	926	0
50753	28	40	926	0
14506	28	206	926	0
81475	28	4922	926	0
20991	14	1706	926	0
33206	28	28	926	0
80367	28	1829	926	0
47418	16	8	926	0
19369	28	647	926	0
32878	28	5008	926	0
32240	28	19907	926	0
30527	28	105	926	0
34297	14	2783	926	0
14896	28	290	926	0
79141	28	629	926	0
16001	28	68	926	0
81568	14	444	926	0
51150	28	206	926	0
15648	28	134	926	0
71357	28	34	926	0
60520	14	12802	926	0
60380	28	915	926	0
76155	28	29	926	0
147187	14	3473	926	0
7279	14	4314	926	0
47418	16	9	926	0
44546	28	14	926	0
32240	28	239	926	0
41030	28	54	926	0
130772	28	29	926	0
180628	6	284	926	0
59955	28	119	926	0
63856	14	2188	926	0
99996	6	389	926	0
33211	28	29	926	0
32028	28	223	926	0
83526	28	166	926	0
140950	14	36533	926	0
10811	28	2232	926	0
149016	28	915	926	0
55871	28	1018	926	0
17205	14	2964	926	0
81787	28	915	926	0
110359	6	2443	926	0
17380	28	60	926	0
74385	28	247	926	0
153423	14	2754	926	0
20417	28	1214	926	0
130129	14	27157	926	0
86255	6	338	926	0
92010	6	2194	926	0
27854	28	41578	926	0
81827	14	613	926	0
26505	28	275	926	0
128621	28	592	926	0
82977	28	29	926	0
28889	28	150	926	927
38975	28	159	926	927
45125	28	4139	926	927
11433	28	637	926	927
16680	28	100	926	927
83014	28	872	926	927
131710	28	170	926	927
84359	28	169	926	927
85022	28	134	926	927
17629	28	70	926	927
20428	28	351	926	927
35869	28	432	926	927
10854	28	186	926	927
49565	28	206	926	927
49717	28	460	926	927
49728	28	28	926	927
77020	28	343	926	927
64152	28	629	926	927
33541	28	1229	926	927
76878	28	134	926	927
102940	28	396	926	927
40100	28	22643	926	927
30527	28	63	926	927
90084	28	39	926	927
98808	28	39	926	927
40278	28	31345	926	927
58400	28	1119	926	927
72989	28	45	926	927
38663	28	361	926	927
23361	28	122	926	927
105125	28	129	926	927
48742	28	754	926	927
31933	28	105	926	927
42925	28	502	926	927
20724	28	1653	926	927
15291	28	1616	926	927
89379	28	754	926	927
48845	28	347	926	927
56501	28	150	926	927
121207	28	610	926	927
49735	28	400	926	927
13287	28	642	926	927
36909	28	109	926	927
165777	6	59	926	927
13538	28	234	926	927
105125	28	119	926	927
59880	28	110	926	927
81215	28	1933	926	927
19457	28	634	926	927
126119	28	56	926	927
49367	28	29	926	927
22275	28	103	926	927
68810	28	234	926	927
93473	28	963	926	927
71687	28	110	926	927
24330	28	234	926	927
30835	28	1082	926	927
55547	28	5247	926	927
124649	28	45	926	927
93335	28	2003	926	927
34111	28	81	926	927
147260	28	572	926	927
70667	28	43	926	927
147408	28	273	926	927
20307	28	79	926	927
43407	28	22	926	927
110290	28	156	926	927
48641	28	304	926	927
22079	28	408	926	927
37237	28	98	926	927
70037	28	283	926	927
74158	28	210	926	927
37701	28	286	926	927
86919	28	1409	926	927
12495	28	168	926	927
5151	28	4922	926	927
35147	28	36268	926	927
31306	28	234	926	927
50753	28	432	926	927
106211	28	395	926	927
35522	28	2015	926	927
122175	28	22643	926	927
28736	28	235	926	927
102335	28	2724	926	927
28566	28	503	926	927
93399	28	347	926	927
33811	28	1006	926	927
24600	28	53	926	927
70312	28	857	926	927
18164	28	311	926	927
93774	28	29	926	927
19982	28	797	926	927
12111	28	63	926	927
12134	28	251	926	927
23333	28	104	926	927
59695	28	2403	926	927
33936	28	836	926	927
129981	28	238	926	927
9424	28	40	926	927
11584	28	118	926	927
82048	28	990	926	927
67746	28	2907	926	927
11613	28	539	926	927
37336	28	343	926	927
37926	28	938	926	927
80010	28	210	926	927
16916	28	14	926	927
26307	28	105	926	927
132237	28	785	926	927
26165	28	51	926	927
13051	28	2338	926	927
94411	28	5931	926	927
13089	28	43	926	927
49112	28	361	926	927
95748	28	89	926	927
34736	28	104	926	927
74416	28	81	926	927
22487	28	800	926	927
84362	28	64	926	927
11417	28	86	926	927
22595	28	961	926	927
83893	28	251	926	927
80372	28	4094	926	927
70579	28	1935	926	927
36539	28	542	926	927
20042	28	95	926	927
22731	28	37	926	927
7979	28	19	926	927
38335	28	18982	926	927
12717	28	66	926	927
93636	28	701	926	927
134743	28	402	926	927
10500	28	50	926	927
110212	14	229	926	927
77685	28	54126	926	927
9741	28	85	926	927
27834	28	1496	926	927
6523	28	432	926	927
84540	28	114	926	927
70161	28	1778	926	927
38219	28	343	926	927
14539	28	3132	926	927
35142	28	311	926	927
20022	28	215	926	927
27559	28	12869	926	927
13548	28	3648	926	927
24703	28	417	926	928
33559	28	152	926	928
25602	28	1668	926	928
71866	28	104	926	928
16403	28	53	926	928
12816	28	169	926	928
22684	28	53	926	928
29822	28	54	926	928
53783	28	170	926	928
12919	28	73	926	928
42239	28	1156	926	928
36825	28	2376	926	928
27931	28	750	926	928
18683	28	542	926	928
52569	28	449	926	928
53552	28	757	926	928
34324	28	2015	926	928
119906	28	3255	926	928
35989	28	420	926	928
42018	28	14	926	928
35533	28	248	926	928
8087	28	1122	926	928
8956	28	221	926	928
49367	28	43	926	928
46918	28	227	926	928
104535	28	4178	926	928
39173	28	40	926	928
79876	28	4181	926	928
43805	28	70	926	928
5732	28	396	926	928
22125	28	252	926	928
41983	28	164	926	928
26409	28	65	926	928
93387	28	111	926	928
6252	28	247	926	928
20163	28	82	926	928
30103	28	98	926	928
37767	28	3064	926	928
13083	28	114	926	928
83255	28	396	926	928
22415	28	2289	926	928
15257	28	14	926	928
144773	28	71	926	928
10849	28	1742	926	928
69951	28	134	926	928
124652	28	110	926	928
41361	28	24	926	928
27854	28	1772	926	928
34408	28	615	926	928
69475	28	186	926	928
6311	28	265	926	928
77988	28	83	926	928
55208	28	3648	926	928
19804	28	169	926	928
64560	28	188	926	928
61367	28	449	926	928
16463	28	51	926	928
13868	28	33	926	928
31103	28	140	926	928
54690	28	103	926	928
24459	28	508	926	928
79141	28	117	926	928
44197	28	245	926	928
24451	28	92	926	928
87029	28	122	926	928
21924	28	1076	926	928
81406	28	1492	926	928
56461	28	202	926	928
27572	28	28	926	928
25457	28	1483	926	928
82800	28	511	926	928
35681	28	245	926	928
60449	28	516	926	928
17656	28	2487	926	928
83348	28	67	926	928
99176	28	7059	926	928
38663	28	1752	926	928
34426	28	2033	926	928
33519	28	232	926	928
72996	28	213	926	928
84559	28	85	926	928
36862	28	162	926	928
80948	28	177	926	928
139615	28	768	926	928
73553	28	120	926	928
6252	28	23	926	928
31659	28	1492	926	928
18118	28	149	926	928
32314	28	502	926	928
57202	28	76	926	928
22706	28	223	926	928
33196	28	29	926	928
39971	28	186	926	928
30350	28	112	926	928
19564	28	103	926	928
95157	28	110	926	928
23656	28	400	926	928
10235	28	103	926	928
101221	28	37	926	928
18500	28	4267	926	928
6278	28	95	926	928
59561	28	123	926	928
109895	28	796	926	928
48611	28	343	926	928
24543	28	742	926	928
74458	28	343	926	928
154349	28	643	926	928
21550	28	156	926	928
41392	28	48	926	928
18880	28	71	926	928
23443	28	114	926	928
11888	28	82	926	928
39585	28	520	926	928
37720	28	6644	926	928
76980	28	471	926	928
12127	28	1082	926	928
38366	28	220	926	928
25023	28	77	926	928
48306	28	50	926	928
33206	28	89	926	928
14506	28	231	926	928
36030	28	286	926	928
25611	28	91	926	928
110889	28	430	926	928
90609	28	23	926	928
9948	28	143	926	928
119830	28	143	926	928
51450	28	142	926	928
17142	28	69	926	928
5874	28	1971	926	929
44843	28	41	926	929
29217	28	660	926	929
9196	28	1619	926	929
97919	28	132	926	929
54195	28	354	926	929
86882	28	89	926	929
133983	28	268	926	929
73040	28	101	926	929
76596	28	70	926	929
29330	28	162	926	929
10399	28	43	926	929
137544	28	191	926	929
119859	28	547	926	929
19369	28	293	926	929
120910	28	19	926	929
85191	28	37	926	929
48908	28	69	926	929
30709	28	122	926	929
72565	28	265	926	929
23377	28	80	926	929
39326	28	280	926	929
15167	28	868	926	929
26494	28	30	926	929
45008	28	463	926	929
64205	28	347	926	929
18518	28	186	926	929
17185	28	41	926	929
74189	28	227	926	929
48793	28	55	926	929
120906	28	37	926	929
35017	28	51	926	929
94052	28	22057	926	929
73781	28	100	926	929
31367	28	147	926	929
16108	28	46	926	929
29996	28	893	926	929
9024	28	420	926	929
22637	28	1245	926	929
51851	28	152	926	929
26863	28	400	926	929
94114	28	325	926	929
27341	28	289	926	929
46070	28	101	926	929
8974	28	198	926	929
65470	28	181	926	929
114905	28	706	926	929
23204	28	32	926	929
89993	28	343	926	929
15952	28	633	926	929
15403	28	1958	926	929
33621	28	74	926	929
94070	28	785	926	929
6302	28	1562	926	929
70113	28	170	926	929
52693	28	315	926	929
18872	28	2003	926	929
80741	28	147	926	929
41070	28	3901	926	929
40476	28	260	926	929
44288	28	621	926	929
54452	28	581	926	929
30495	28	51	926	929
14771	28	3584	926	929
12975	28	15464	926	929
9914	28	1475	926	929
82173	28	419	926	929
15648	28	56	926	929
38263	28	508	926	929
100804	28	402	926	929
47247	28	177	926	929
44684	28	1278	926	929
106984	28	1195	926	929
37108	28	140	926	929
38468	28	3083	926	929
96052	28	48	926	930
71008	28	23	926	930
98078	28	309	926	930
73667	28	129	926	930
33527	28	52	926	930
18017	28	29	926	930
2883	28	28	926	930
18545	28	560	926	930
119562	28	63	926	930
84660	28	24342	926	930
30257	28	233	926	930
54977	28	131	926	930
26692	28	165	926	930
82381	28	176	926	930
78676	28	160	926	930
9397	28	132	926	930
24440	28	16	926	930
70731	28	280	926	930
60043	28	334	926	930
45355	28	1138	926	930
76952	28	2045	926	930
20217	28	351	926	930
25324	28	55	926	930
21493	28	233	926	930
51506	28	57	926	930
60299	28	1592	926	930
80894	28	19256	926	930
127760	28	347	926	930
34723	28	642	926	930
92984	28	92	926	930
44547	28	43	926	930
69876	28	171	926	930
8255	28	354	926	930
55042	28	412	926	930
94858	28	38	926	930
64381	28	41	926	930
69872	28	7560	926	930
150541	28	177	926	930
36727	28	885	926	930
62422	28	253	926	930
106283	28	5008	926	930
44933	28	135	926	930
95306	28	323	926	930
21562	28	223	926	930
40488	28	3325	926	930
36273	28	76	926	930
67703	28	95	926	930
41998	28	626	926	930
7243	28	65	926	930
13960	28	29	926	930
99154	28	392	926	930
59727	28	429	926	930
55015	28	131	926	930
13371	28	162	926	930
17626	28	292	926	930
33461	28	242	926	930
81185	28	701	926	930
88338	28	351	926	930
95814	28	92	926	930
18100	28	147	926	930
42018	28	7932	926	930
11394	28	177	926	930
42801	28	275	926	930
114100	28	678	926	931
8705	28	85	926	931
27486	28	43	926	931
40937	28	1700	926	931
14802	28	142	926	931
34794	28	181	926	931
35151	28	245	926	931
41085	28	43	926	931
74450	28	1008	926	931
36855	28	602	926	931
10500	28	100	926	931
46263	28	132	926	931
127543	28	481	926	931
83571	28	186	926	931
76065	28	4872	926	931
39700	28	621	926	931
11453	28	52	926	931
87055	28	291	926	931
53615	28	118	926	931
60380	28	176	926	931
56337	28	144	926	931
16785	28	464	926	931
14351	28	47	926	931
128106	28	836	926	931
95628	28	184	926	931
38921	28	155	926	931
95271	28	247	926	931
21680	28	95	926	931
29332	28	41	926	931
24007	28	176	926	931
80848	28	1390	926	931
24777	28	14	926	932
61499	28	179	926	932
34644	28	193	926	932
8475	28	44	926	932
51344	28	383	926	932
28260	28	14	926	932
43111	23	146050	926	932
10652	28	28	926	932
35080	28	267	926	932
14147	28	47	926	932
35080	28	112	926	932
26238	28	33	926	932
112687	28	139	926	932
46247	28	44	926	932
23166	28	230	926	932
85544	28	661	926	932
93869	28	181	926	932
10625	28	52	926	932
16748	28	1644	926	932
49322	28	344	926	932
49731	28	223	926	932
15219	28	153	926	932
53581	28	164	926	932
69405	28	132	926	932
5898	28	16	926	932
42262	28	256	926	932
41110	28	252	926	933
41185	28	112	926	933
42500	28	252	926	933
47785	28	169	926	933
49305	23	96721	926	933
80521	28	144	926	933
37006	28	2838	926	933
33584	28	504	926	933
18519	28	28	926	933
69135	28	632	926	933
13800	28	267	926	933
33173	28	152	926	933
126140	23	33462	926	933
94138	28	446	926	933
16785	28	181	926	933
8964	28	626	926	933
12087	28	16	926	933
18109	28	253	926	933
56422	28	228	926	933
66576	28	34	926	933
56412	28	235	926	933
95388	28	193	926	933
41664	28	29	926	933
44612	28	29	926	933
21518	28	44	926	933
38208	28	50	926	933
133949	28	413	926	934
2819	23	102821	926	934
30111	28	74	926	934
79261	28	1135	926	934
40451	28	174	926	934
38099	28	33	926	934
28532	28	177	926	934
8058	28	2575	926	934
49731	28	701	926	934
33094	28	577	926	934
40075	28	518	926	934
60471	28	124	926	934
9849	28	55	926	934
102062	23	130175	926	934
46937	28	140	926	934
153484	28	268	926	934
23385	28	41	926	934
43648	28	179	926	934
55980	28	260	926	934
53721	28	961	926	934
53883	28	193	926	935
107313	28	327	926	935
142965	28	121	926	935
112111	28	102	926	935
102779	28	71	926	935
107457	28	460	926	935
17864	28	140	926	935
18768	28	174	926	935
95370	28	233	926	935
4160	23	93225	926	935
93225	23	4160	926	935
89026	28	110	926	935
18091	28	37	926	935
32452	28	193	926	935
50775	28	63	926	935
83823	23	110859	926	935
13114	28	14	926	935
10811	28	65	926	936
52764	28	1211	926	936
19493	28	92	926	936
26280	28	318	926	936
76730	28	1216	926	936
21665	28	29	926	936
93714	28	126	926	936
69549	28	614	926	936
44951	28	267	926	936
38248	28	144	926	936
47797	28	228	926	936
25099	28	38	926	936
114100	28	368	926	937
49452	28	112	926	937
