6925	28	238	953	0
15975	28	1757	953	0
8980	28	1021	953	0
47998	28	483	953	0
12445	28	450	953	0
56429	28	394	953	0
25209	28	76616	953	0
22367	28	1860	953	0
61853	28	3864	953	0
9464	28	351	953	0
184298	14	70540	953	0
51618	28	53	953	0
7278	28	617	953	0
91324	14	308	953	0
38490	28	1392	953	0
8369	28	507	953	0
59377	28	323	953	0
6155	28	1476	953	0
18571	28	428	953	0
66651	28	1660	953	0
36445	28	11965	953	0
68410	28	2440	953	0
28534	28	1871	953	0
58010	28	3864	953	0
46591	28	904	953	0
66902	28	216	953	0
11648	28	192	953	0
36532	14	1706	953	0
19177	28	119	953	0
16465	28	1092	953	0
7846	28	85	953	0
41916	28	1141	953	0
20363	28	24	953	0
8939	28	161	953	0
51721	28	2395	953	0
7551	28	2338	953	0
65851	28	8436	953	0
24365	28	57	953	0
75833	28	1088	953	0
60711	28	17491	953	0
61571	28	1679	953	0
54215	14	4266	953	0
11177	28	1134	953	0
9048	28	623	953	0
8709	28	461	953	0
24164	28	635	953	0
22799	28	615	953	0
15434	28	129	953	0
19787	28	87	953	0
155361	14	3741	953	0
8799	28	54	953	0
81817	28	1392	953	0
6464	28	1323	953	0
81068	28	548	953	0
23979	28	54	953	0
16707	28	8163	953	0
81442	28	11742	953	0
14736	28	450	953	0
58860	28	50991	953	0
16849	28	1100	953	0
94375	6	6179	953	0
111310	28	2977	953	0
38178	28	713	953	0
10311	28	1323	953	0
67860	28	502	953	0
29000	28	930	953	0
93327	28	510	953	0
49034	14	4266	953	0
82887	28	11742	953	0
26234	28	3918	953	0
56851	28	821	953	0
6187	28	2780	953	0
16827	28	175	953	0
21987	28	1030	953	0
82162	28	386	953	0
38047	28	595	953	0
33101	28	1405	953	0
27477	28	1346	953	0
33922	28	499	953	0
59989	28	1100	953	0
26593	28	256	953	0
20667	28	1176	953	0
130502	1	186810	953	0
91610	14	76132	953	0
111867	28	2327	953	0
4223	28	31	953	0
12174	28	55903	953	0
10366	28	361	953	0
46923	28	417	953	0
145377	28	4347	953	0
8593	28	366	953	0
5714	28	1544	953	0
22803	28	161	953	0
8624	28	44	953	0
52359	1	73877	953	0
64201	28	11742	953	0
187244	6	3444	953	0
21451	28	1935	953	0
30211	28	743	953	0
21098	28	177	953	0
7994	28	261	953	0
69251	28	266	953	0
6636	28	122	953	0
5517	28	825	953	0
4659	28	110	953	0
101484	28	459	953	0
21534	28	37470	953	0
64169	14	4314	953	0
18466	28	54	953	0
46042	28	122	953	0
7477	28	110	953	0
23790	28	40	953	0
19816	28	4883	953	0
46984	28	559	953	0
36548	28	265	953	0
23849	28	5163	953	0
77664	28	492	953	0
93161	28	527	953	0
5477	28	1000	953	0
4732	28	969	953	953
11159	28	21338	953	953
72384	28	3876	953	953
14287	28	198	953	953
12729	28	20	953	953
52802	28	36120	953	953
37112	28	41	953	953
13788	28	2300	953	953
18563	28	50	953	954
24782	28	1499	953	954
82372	28	83	953	954
70678	28	109	953	954
11316	28	295	953	954
24920	28	70735	953	954
5419	28	1131	953	954
70767	28	1036	953	954
14402	28	11364	953	954
10210	28	2126	953	954
7711	28	9147	953	954
16559	28	773	953	954
5960	28	272	953	954
22043	28	88	953	954
29387	28	11461	953	954
61159	28	71	953	954
39069	28	670	953	954
22104	28	1294	953	954
45498	28	2447	953	954
9150	28	293	953	954
96794	28	848	953	954
13141	28	220	953	954
19339	28	325	953	954
61761	28	1013	953	954
16898	28	1309	953	954
25691	28	398	953	954
13228	28	111	953	954
71923	28	498	953	954
46036	28	2482	953	954
7893	28	294	953	954
10343	28	1085	953	954
17090	28	22	953	954
62284	28	2745	953	954
9155	28	144	953	954
19715	28	495	953	954
71113	28	641	953	954
46510	28	695	953	954
40308	28	5171	953	954
46547	28	1522	953	954
16969	28	447	953	954
62700	28	954	953	954
72641	28	1609	953	954
6431	28	582	953	954
8016	28	199	953	954
15150	28	475	953	954
8748	28	1122	953	954
25552	28	1774	953	954
10662	28	370	953	954
35117	28	222	953	954
9663	28	742	953	954
22951	28	4049	953	954
70678	28	38	953	954
84649	28	16457	953	954
19968	28	313	953	954
30579	28	1430	953	954
46659	28	280	953	954
72946	28	1307	953	954
47025	28	5765	953	954
20039	28	98	953	954
47040	28	24747	953	954
5280	28	180	953	954
9709	28	1112	953	954
9177	28	152	953	954
15310	28	233	953	954
21730	28	334	953	954
25947	28	806	953	954
4925	28	2975	953	954
46853	28	533	953	954
17510	28	122	953	954
21885	28	5262	953	954
85243	28	821	953	954
19861	28	34	953	954
26796	28	273	953	954
10790	28	358	953	954
17584	28	720	953	954
10342	28	31002	953	954
9788	28	6518	953	954
17065	28	1308	953	954
98851	28	1919	953	954
73744	28	198	953	954
71606	28	2105	953	954
35776	28	1041	953	954
26193	28	15526	953	954
63906	28	1030	953	954
16797	28	911	953	954
35857	28	38	953	954
20452	28	1964	953	954
64004	28	693	953	954
63151	28	511	953	954
13141	28	19716	953	954
14332	28	686	953	954
14763	28	160	953	954
45582	28	56	953	954
10583	28	1005	953	954
16323	28	295	953	954
7836	28	78	953	954
14514	28	1984	953	954
7485	28	784	953	954
27174	28	30949	953	954
72633	28	1933	953	954
8129	28	221	953	954
34939	28	186	953	954
26071	28	455	953	954
64582	28	1141	953	954
17518	28	143	953	954
74619	28	2485	953	954
61083	28	18	953	954
10931	28	91	953	954
41760	28	58	953	954
31557	28	1936	953	954
46109	28	395	953	954
11282	28	1016	953	954
12377	28	1606	953	954
62373	28	239	953	954
7178	28	104	953	954
23756	28	4883	953	954
18905	28	54	953	954
15784	28	361	953	954
73455	28	3726	953	954
10556	28	2085	953	954
31687	28	516	953	954
31694	28	377	953	954
41316	28	378	953	954
17941	28	168	953	954
12291	28	8562	953	954
46803	28	119	953	954
84597	28	2040	953	954
39729	28	52102	953	954
11202	28	467	953	954
65242	28	23841	953	954
22527	28	837	953	954
100645	28	16342	953	954
12822	28	2310	953	954
56418	28	749	953	954
13029	28	254	953	954
9940	28	973	953	954
53458	28	4476	953	954
27718	28	169	953	954
20593	28	462	953	954
6102	28	462	953	954
46563	28	903	953	954
13631	28	259	953	954
11721	28	633	953	954
9835	28	2841	953	954
18061	28	404	953	954
100106	28	1122	953	954
87456	28	17089	953	954
75617	28	701	953	954
55318	28	1652	953	954
19026	28	1025	953	954
22553	28	3178	953	954
8387	28	122	953	954
56577	28	794	953	954
32005	28	475	953	954
96855	28	1542	953	954
11451	28	88	953	954
33548	28	250	953	954
101048	28	74	953	954
36853	28	336	953	954
70808	28	793	953	954
4962	28	61	953	954
27522	28	516	953	954
6211	28	1317	953	954
7977	28	286	953	954
17642	28	79	953	954
24823	28	1195	953	954
13827	28	20437	953	954
37117	28	2105	953	954
88106	28	972	953	954
66137	28	1831	953	954
14716	28	198	953	954
14320	28	539	953	954
3240	28	186	953	954
16657	28	542	953	954
61374	28	280	953	954
22434	28	56630	953	954
27226	28	156	953	954
32331	28	42	953	954
12307	28	680	953	954
10271	28	292	953	954
48910	28	452	953	954
63653	28	1895	953	954
88602	28	1835	953	954
49706	28	1234	953	954
15512	28	100	953	954
66570	28	449	953	954
57460	28	610	953	954
56360	28	38	953	954
24721	28	7641	953	954
7706	28	1567	953	954
25013	28	3169	953	954
16516	28	1964	953	954
25043	28	2580	953	954
14442	28	386	953	954
41693	28	1652	953	954
11468	28	678	953	954
52631	28	1139	953	954
21789	28	295	953	954
11437	28	282	953	954
17226	28	713	953	954
11452	28	4152	953	954
11560	28	265	953	954
16781	28	48	953	954
12956	28	1267	953	954
25310	28	469	953	954
6258	28	377	953	954
89452	28	1288	953	954
22264	28	1060	953	954
76455	28	1088	953	954
22296	28	259	953	954
45746	28	2093	953	954
16816	28	513	953	954
61927	28	1379	953	954
14813	28	360	953	954
19573	28	1688	953	954
9513	28	4185	953	954
17071	28	371	953	954
50114	28	1987	953	954
39957	28	2693	953	954
14814	28	826	953	954
119379	28	932	953	954
41099	28	228	953	954
58037	28	531	953	954
71088	28	2185	953	954
11217	28	72	953	954
89511	28	303	953	954
9193	28	647	953	954
49141	28	455	953	954
13442	28	780	953	954
77849	28	1142	953	954
6464	28	54	953	954
67374	28	136	953	954
35144	28	1096	953	954
56225	28	69	953	954
8018	28	211	953	954
78000	28	2519	953	954
6342	28	22	953	954
62509	28	409	953	954
15271	28	887	953	954
9325	28	784	953	954
13529	28	3901	953	954
12039	28	38	953	954
30792	28	199	953	954
35156	28	83	953	954
45575	28	977	953	954
67581	28	4933	953	954
13577	28	109	953	954
20169	28	931	953	954
43294	28	1964	953	954
33885	28	2571	953	954
58403	28	169	953	954
35609	28	174	953	954
24356	28	162	953	954
10436	28	179	953	954
10539	28	331	953	954
19091	28	135	953	954
17683	28	903	953	954
30083	28	64	953	954
12824	28	1086	953	954
23560	28	1727	953	954
27192	28	3918	953	954
35813	28	1112	953	954
11739	28	3624	953	954
17840	28	2717	953	954
13815	28	961	953	954
14364	28	81	953	954
55570	28	1020	953	954
13132	28	936	953	954
25044	28	2841	953	954
17471	28	1984	953	954
31451	28	2146	953	954
12374	28	2113	953	954
15643	28	42	953	954
49177	28	179	953	954
10170	28	88	953	954
6350	28	647	953	954
87840	28	1413	953	954
4397	28	408	953	954
29748	28	877	953	954
31583	28	911	953	954
41981	28	3447	953	954
47134	28	2601	953	954
34807	28	494	953	954
105291	28	1213	953	954
17052	28	144	953	954
10197	28	1177	953	954
6895	28	864	953	954
20862	28	112	953	954
9468	28	386	953	954
7364	28	961	953	954
41916	28	536	953	954
20451	28	386	953	954
25822	28	669	953	954
56421	28	1120	953	954
47440	28	794	953	954
26079	28	224	953	954
8113	28	855	953	954
15904	28	254	953	954
84161	28	30094	953	954
21993	28	56630	953	954
12471	28	841	953	954
49615	28	1571	953	954
70542	28	210	953	954
11795	28	369	953	954
79250	28	1261	953	954
34229	28	536	953	954
62542	28	714	953	954
58610	28	2447	953	954
104798	28	1261	953	954
20995	28	449	953	954
9393	28	309	953	954
5142	28	1163	953	954
20068	28	3349	953	954
19891	28	232	953	954
50291	28	1405	953	954
9857	28	984	953	954
86304	28	2534	953	954
8268	28	2033	953	954
49269	28	2422	953	954
27767	28	48	953	954
76395	28	477	953	954
42722	28	1397	953	954
20523	28	715	953	954
5083	28	331	953	954
77692	28	774	953	954
56876	28	124	953	954
66195	28	13720	953	954
18187	28	2113	953	954
40036	28	1160	953	954
91889	28	22	953	954
9105	28	1736	953	954
18565	28	191	953	954
32200	28	968	953	954
22711	28	161	953	954
14707	28	1656	953	954
14939	28	1030	953	954
12956	28	2467	953	954
7836	28	976	953	954
88205	28	673	953	954
31633	28	1682	953	954
42918	28	202	953	954
25366	28	6024	953	954
8892	28	637	953	954
37318	28	129	953	954
29851	28	3614	953	954
19494	28	89	953	954
11093	28	150	953	954
12977	28	253	953	954
5419	28	388	953	954
17373	28	129	953	954
57585	28	7895	953	954
5517	28	203	953	954
23971	28	1231	953	954
79794	28	708	953	954
9332	28	1968	953	954
7702	28	248	953	954
73990	28	241	953	954
39518	28	5160	953	954
53918	28	633	953	954
19589	28	798	953	954
92347	28	14137	953	954
84984	28	1652	953	954
29452	28	766	953	954
32126	28	1960	953	954
27899	28	1338	953	954
44748	28	3167	953	954
7674	28	1610	953	954
38069	28	155	953	954
59237	28	80	953	954
18409	28	313	953	954
51043	28	220	953	954
8041	28	436	953	954
14145	28	171	953	954
14682	28	27	953	954
7861	28	3173	953	954
10675	28	857	953	954
51073	28	140	953	954
51074	28	825	953	954
98915	28	64270	953	954
12681	28	282	953	954
16135	28	2777	953	954
31878	28	515	953	954
28531	28	1180	953	954
17457	28	2571	953	954
114367	28	489	953	954
12308	28	74	953	954
44082	28	4844	953	954
5915	28	1296	953	954
80071	28	363	953	954
37161	28	411	953	954
23315	28	7756	953	954
14010	28	129	953	954
7310	28	628	953	954
6653	28	408	953	954
67713	28	1641	953	954
20490	28	1609	953	954
17742	28	361	953	954
19603	28	1625	953	954
41324	28	1669	953	954
9561	28	124	953	954
7855	28	240	953	954
29606	28	1414	953	954
8972	28	291	953	954
6519	28	124	953	954
7467	28	1186	953	954
4557	28	4674	953	954
45543	28	546	953	954
98675	28	16319	953	954
49262	28	44966	953	954
77346	28	570	953	954
55534	28	2717	953	954
34196	28	1432	953	954
10581	28	1609	953	954
13200	28	515	953	954
14635	28	109	953	954
39913	28	140	953	954
32800	28	11170	953	954
6234	28	89	953	954
15764	28	1227	953	954
23353	28	70	953	954
54193	28	23510	953	954
77737	28	54015	953	954
46861	28	1182	953	954
26847	28	215	953	954
14459	28	1263	953	954
7778	28	265	953	954
82840	28	1324	953	954
7038	28	1245	953	954
51394	28	292	953	954
54404	28	973	953	954
80509	28	52	953	954
26185	28	1809	953	954
16420	28	28528	953	954
7254	28	1293	953	954
53255	28	131	953	954
38338	28	292	953	954
83534	28	675	953	954
13257	28	1527	953	954
24529	28	1635	953	954
9400	28	458	953	954
14152	28	206	953	954
37444	28	2593	953	954
10605	28	102	953	954
63868	28	7898	953	954
15699	28	640	953	954
15668	28	1229	953	954
70451	28	1760	953	954
10794	28	2136	953	954
8613	28	3148	953	954
9085	28	1414	953	954
20730	28	973	953	954
92633	28	201	953	954
37626	28	610	953	954
19311	28	633	953	954
8372	28	65	953	954
48243	28	1936	953	954
5804	28	82	953	954
21460	28	56	953	954
84338	28	1016	953	954
30708	28	1956	953	954
9968	28	1060	953	954
67260	28	1577	953	954
33433	28	411	953	954
9722	28	20258	953	954
45823	28	245	953	954
22183	28	669	953	954
5037	28	265	953	954
17219	28	275	953	954
25174	28	232	953	954
21748	28	398	953	954
51570	28	1293	953	954
21476	28	1984	953	954
40769	28	1938	953	954
19474	28	435	953	954
33545	28	1016	953	954
21523	28	47	953	954
40181	28	154	953	954
8322	28	404	953	954
18462	28	1294	953	954
21575	28	2209	953	954
5421	28	626	953	954
7666	28	1394	953	954
36853	28	674	953	954
92114	28	136	953	954
30233	28	933	953	954
7747	28	701	953	954
17414	28	73	953	954
6146	28	3282	953	954
65685	28	150	953	954
69465	28	266	953	954
13634	28	122	953	954
43820	28	1471	953	954
9719	28	290	953	954
37320	28	42	953	954
20109	28	55	953	954
76781	28	170	953	954
21584	28	626	953	954
72805	28	72	953	954
24632	28	490	953	954
12777	28	83	953	954
20149	28	265	953	954
6776	28	2733	953	954
59876	28	974	953	954
108875	28	2907	953	954
94043	28	2680	953	954
51943	28	122	953	954
11731	28	211	953	954
14409	28	616	953	954
12610	28	121	953	954
10475	28	4181	953	954
22952	28	5442	953	954
112885	28	3870	953	954
8331	28	404	953	954
15498	28	1864	953	954
12542	28	145	953	954
16420	28	1400	953	954
12032	28	298	953	954
30960	28	112	953	954
13241	28	1931	953	954
66436	28	6880	953	954
42528	28	1426	953	954
18505	28	1186	953	954
76224	28	45	953	954
62664	28	202	953	954
12730	28	120	953	954
17861	28	353	953	954
26147	28	83	953	954
10577	28	936	953	954
57567	28	1883	953	954
11887	28	394	953	954
14160	28	251	953	954
21565	28	446	953	954
68238	28	1774	953	954
30872	28	669	953	954
126027	28	406	953	954
18205	28	1019	953	954
109186	28	2300	953	954
14139	28	129	953	954
16131	28	227	953	954
19479	28	2062	953	954
7413	28	1965	953	954
76868	28	649	953	954
7759	28	432	953	954
7451	28	1397	953	954
145643	28	47030	953	954
42742	28	617	953	954
31128	28	1388	953	954
14232	28	674	953	954
16683	28	54	953	954
14375	28	972	953	954
12442	28	973	953	954
43390	28	1294	953	954
16273	28	50	953	954
68174	28	2907	953	954
20251	28	1324	953	954
36625	28	615	953	954
15128	28	942	953	954
11326	28	462	953	954
82989	28	1803	953	954
23094	28	1004	953	954
59614	28	433	953	954
40263	28	474	953	954
12223	28	698	953	954
41707	28	170	953	954
6086	28	54	953	954
21026	28	214	953	954
16156	28	103	953	954
24503	28	465	953	954
51106	28	1736	953	954
8227	28	428	953	954
5065	28	28425	953	954
35652	28	428	953	954
38161	28	893	953	954
63092	28	303	953	954
19970	28	141	953	954
45072	28	52	953	954
27601	28	192	953	954
12413	28	4068	953	954
65376	28	1345	953	954
16012	28	3811	953	954
76224	28	570	953	954
94547	28	14120	953	954
49288	28	387	953	954
77355	28	325	953	954
5004	28	67	953	954
19517	28	1004	953	954
37774	28	461	953	954
8890	28	233	953	954
50754	28	1174	953	954
41785	28	7756	953	954
75929	28	1501	953	954
7394	28	139	953	954
20234	28	181	953	954
14227	28	811	953	954
15061	28	33	953	954
10077	28	502	953	954
13687	28	77	953	954
30189	28	1137	953	954
25798	28	1078	953	954
23943	28	161	953	954
7714	28	619	953	954
6871	28	33	953	954
19332	28	509	953	954
42087	28	546	953	954
18005	28	1467	953	954
6209	28	623	953	954
12909	28	278	953	954
21528	28	88	953	954
20849	28	533	953	954
5127	28	1983	953	954
20306	28	180	953	954
18781	28	5261	953	954
13194	28	52	953	954
9070	28	191	953	954
14140	28	3668	953	954
29448	28	888	953	954
94771	28	2978	953	954
28210	28	1698	953	954
87845	28	253	953	954
87466	28	145	953	954
15467	28	16101	953	954
17360	28	2214	953	954
47049	28	202	953	954
26394	28	462	953	954
92449	28	530	953	954
79466	28	1286	953	954
80580	28	794	953	954
81435	28	708	953	954
3789	28	3553	953	954
20719	28	193	953	954
11936	28	507	953	954
18617	28	143	953	954
47088	28	871	953	954
14783	28	723	953	954
44350	28	1968	953	954
18856	28	191	953	954
36480	28	590	953	954
10128	28	1497	953	954
7334	28	888	953	954
33820	28	3206	953	954
70120	28	325	953	954
109529	28	1119	953	954
76908	28	7756	953	954
8000	28	1091	953	954
20330	28	85	953	954
23513	28	282	953	954
6821	28	1055	953	954
38436	28	3791	953	954
66579	28	1016	953	954
4065	28	72	953	954
7408	28	92	953	954
61501	28	318	953	954
33178	28	193	953	954
12521	28	23	953	954
88599	28	1567	953	954
10642	28	66	953	954
39080	28	2975	953	954
67090	28	2293	953	954
9707	28	361	953	954
38312	28	14120	953	954
24934	28	266	953	954
89108	28	211	953	954
75754	28	1614	953	954
103343	28	937	953	954
12299	28	570	953	954
38272	28	123	953	954
14956	28	266	953	954
16287	28	402	953	954
81776	28	1742	953	954
19753	28	669	953	954
8858	28	748	953	954
17763	28	2083	953	954
66293	28	257	953	954
9770	28	434	953	954
5327	28	994	953	954
22804	28	808	953	954
5534	28	732	953	954
4945	28	132	953	954
26356	28	6024	953	954
12011	28	773	953	954
30687	28	449	953	954
18582	28	1758	953	954
28676	28	40	953	954
43062	28	2440	953	954
77664	28	1052	953	954
62822	28	4937	953	954
70962	28	872	953	954
32181	28	442	953	954
8197	28	4185	953	954
41558	28	1402	953	954
7261	28	85	953	954
7784	28	719	953	954
17804	28	23	953	954
31721	28	583	953	954
25039	28	1057	953	954
9775	28	423	953	954
36106	28	363	953	954
16227	28	363	953	954
78870	28	37	953	954
15411	28	1142	953	954
38457	28	1380	953	954
44607	28	280	953	954
32948	28	1218	953	954
12160	28	339	953	954
85804	28	37	953	954
12758	28	234	953	954
19288	28	1279	953	954
13589	28	1112	953	954
42672	28	634	953	954
12729	28	117	953	954
12414	28	161	953	954
5554	28	1809	953	954
74299	28	65	953	954
7189	28	1201	953	954
85527	28	2848	953	954
13910	28	112	953	954
26885	28	1278	953	954
21479	28	408	953	954
8423	28	2214	953	954
67996	28	739	953	954
59037	28	1652	953	954
83885	28	3760	953	954
20541	28	231	953	954
39089	28	280	953	954
5027	28	6135	953	954
28770	28	1609	953	954
15945	28	254	953	954
16394	28	1400	953	954
27274	28	13793	953	954
83860	28	515	953	954
13392	28	500	953	954
10982	28	817	953	954
86110	28	1025	953	954
9089	28	61	953	954
12034	28	1268	953	954
6211	28	462	953	954
76331	28	1016	953	954
21555	28	515	953	954
14632	28	211	953	954
53632	28	1987	953	954
91492	28	303	953	954
35291	28	784	953	954
33096	28	1123	953	954
7114	28	71	953	954
29542	28	102	953	954
9627	28	141	953	954
27082	28	681	953	954
16655	28	2653	953	954
25657	28	7083	953	954
11338	28	170	953	954
6986	28	100567	953	954
55652	28	58113	953	954
9128	28	255	953	954
47709	28	609	953	954
56874	28	3309	953	954
11203	28	18	953	954
38066	28	1925	953	954
8970	28	2536	953	954
19182	28	811	953	954
100752	28	3325	953	954
8793	28	625	953	954
8965	28	868	953	954
25900	28	5147	953	954
9558	28	257	953	954
4535	28	489	953	954
11994	28	2415	953	954
55166	28	369	953	954
10626	28	1959	953	954
15721	28	251	953	954
49355	28	447	953	954
45996	28	1137	953	954
44959	28	298	953	954
72258	28	2539	953	954
60034	28	633	953	954
47484	28	5062	953	954
9250	28	404	953	954
39759	28	177	953	954
53852	28	2449	953	954
92523	28	523	953	954
16259	28	1112	953	954
11910	28	160	953	954
8237	28	713	953	954
64031	28	1060	953	954
59508	28	281	953	954
14734	28	4384	953	954
105967	28	951	953	954
24933	28	1949	953	954
6544	28	800	953	954
43021	28	231	953	954
8260	28	40	953	954
10548	28	2035	953	954
116307	28	2957	953	954
18411	28	38	953	954
8035	28	23111	953	954
76970	28	3637	953	954
10445	28	64	953	954
30729	28	176	953	954
78254	28	13575	953	954
22560	28	2062	953	954
34599	28	254	953	954
8226	28	105	953	954
67860	28	1100	953	954
66935	28	120798	953	954
5932	28	3309	953	954
8771	28	2119	953	954
26495	28	961	953	954
14980	28	281	953	954
37760	28	1488	953	954
11611	28	674	953	954
8275	28	348	953	954
16152	28	351	953	954
7579	28	54	953	954
5368	28	169	953	954
51492	28	24747	953	954
58520	28	1346	953	954
55276	28	1682	953	954
87436	28	22254	953	954
7057	28	369	953	954
82043	28	263	953	954
69426	28	1416	953	954
6695	28	591	953	954
82334	28	949	953	954
95141	28	2693	953	954
16229	28	260	953	954
48309	28	5757	953	954
19719	28	192	953	954
24031	28	313	953	954
54654	28	857	953	954
12197	28	103	953	954
9176	28	280	953	954
76888	28	718	953	954
55693	28	169	953	954
40616	28	319	953	954
12707	28	969	953	954
14053	28	995	953	954
41564	28	615	953	954
69943	28	42476	953	954
38178	28	462	953	954
106286	28	537	953	954
23898	28	234	953	954
13464	28	266	953	954
6903	28	1910	953	954
96481	28	449	953	954
9866	28	377	953	954
13024	28	1174	953	954
32788	28	2199	953	954
26221	28	450	953	954
46042	28	1122	953	954
6268	28	25472	953	954
21130	28	180	953	954
10971	28	51	953	954
37207	28	50	953	954
13503	28	1831	953	954
5626	28	404	953	954
5600	28	265	953	954
5718	28	1478	953	954
27181	28	669	953	954
34505	28	522	953	954
35177	28	45	953	954
33505	28	203	953	954
82109	28	458	953	954
67880	28	233	953	954
10992	28	254	953	954
7488	28	331	953	954
36733	28	961	953	954
65001	28	942	953	954
71589	28	21338	953	954
69900	28	104	953	954
8338	28	1711	953	954
87840	28	1005	953	954
18526	28	2714	953	954
6389	28	253	953	954
8652	28	8436	953	954
28588	28	2812	953	954
8739	28	54277	953	954
27868	28	1571	953	954
71933	28	1643	953	954
129928	28	1424	953	954
20469	28	806	953	954
8852	28	2482	953	954
8162	28	1261	953	954
32226	28	6225	953	954
18858	28	612	953	954
13864	28	2680	953	954
35947	28	783	953	954
8193	28	328	953	954
12295	28	280	953	954
43920	28	592	953	954
11463	28	4116	953	954
7799	28	607	953	954
14454	28	441	953	954
11448	28	408	953	954
4390	28	101	953	954
16927	28	530	953	954
30995	28	1152	953	954
12600	28	68	953	954
13945	28	452	953	954
8401	28	350	953	954
27257	28	964	953	954
6795	28	141	953	954
10572	28	2418	953	954
81107	28	6124	953	954
15873	28	896	953	954
18426	28	395	953	954
22708	28	2447	953	954
11556	28	23	953	954
12375	28	379	953	954
55244	28	2416	953	954
11469	28	610	953	954
23487	28	202	953	954
8085	28	452	953	954
7489	28	1218	953	954
15540	28	1018	953	954
9298	28	461	953	954
11930	28	146	953	954
9054	28	887	953	954
18734	28	404	953	954
125449	28	167	953	954
15232	28	5354	953	954
33075	28	1736	953	954
10083	28	560	953	954
46984	28	2418	953	954
19935	28	3737	953	954
26982	28	54	953	954
18647	28	1488	953	954
5554	28	808	953	954
6881	28	5165	953	954
28468	28	1392	953	954
16535	28	327	953	954
38640	28	13819	953	954
28729	28	2802	953	954
12618	28	872	953	954
76726	28	278	953	954
42074	28	1349	953	954
12567	28	887	953	954
19870	28	2363	953	954
9565	28	3122	953	954
16389	28	1704	953	954
68485	28	1833	953	954
48727	28	2433	953	954
14255	28	22781	953	954
8254	28	766	953	954
17405	28	739	953	954
19545	28	623	953	954
41572	28	2822	953	954
10301	28	313	953	954
15154	28	615	953	954
38610	28	1897	953	954
111707	28	994	953	954
12680	28	28	953	954
10335	28	1426	953	954
69155	28	171	953	954
6479	28	4181	953	954
16271	28	2542	953	954
63476	28	114	953	954
13080	28	1152	953	954
38603	28	462	953	954
29478	28	384	953	954
12701	28	195	953	954
89737	28	57985	953	954
72447	28	170	953	954
32931	28	36	953	954
17741	28	3811	953	954
13806	28	442	953	954
51836	28	1076	953	954
7983	28	2867	953	954
17816	28	6257	953	954
11903	28	607	953	954
22955	28	307	953	954
9286	28	887	953	954
111073	28	3193	953	954
11283	28	620	953	954
50440	28	3640	953	954
44693	28	13172	953	954
6573	28	1213	953	954
51964	28	1164	953	954
10696	28	4049	953	954
24477	28	626	953	954
65391	28	255	953	954
28636	28	439	953	954
16945	28	973	953	954
6039	28	166	953	954
11061	28	70	953	954
35448	28	2413	953	954
32044	28	743	953	954
15909	28	1221	953	954
15109	28	1182	953	954
39520	28	759	953	954
51325	28	387	953	954
62936	28	2126	953	954
52875	28	1987	953	954
50345	28	1390	953	954
8038	28	4185	953	954
14173	28	73	953	954
12072	28	331	953	954
28548	28	630	953	954
9484	28	6880	953	954
8938	28	136	953	954
10339	28	36	953	954
26814	28	2331	953	954
70647	28	3901	953	954
120529	14	54298	953	954
9512	28	2027	953	954
6719	28	872	953	954
12006	28	67	953	954
29577	28	228	953	954
28936	28	31832	953	954
46881	28	1242	953	954
5696	28	92	953	954
44850	28	40	953	954
6408	28	458	953	954
9467	28	2440	953	954
12157	28	40	953	954
20259	28	230	953	954
49570	28	2399	953	954
11227	28	366	953	954
13647	28	51	953	954
9546	28	1596	953	954
17484	28	390	953	954
85426	28	514	953	954
20434	28	630	953	954
18337	28	215	953	954
9790	28	131	953	954
70045	28	1412	953	954
60060	28	1101	953	954
10351	28	74	953	954
68410	28	637	953	954
36251	28	369	953	954
21326	28	1609	953	954
9711	28	972	953	954
5468	28	85	953	954
18053	28	40	953	954
85833	28	3413	953	954
11660	28	1288	953	954
43178	28	675	953	954
27679	28	2611	953	954
42180	28	411	953	954
16179	28	1055	953	954
4887	28	28	953	954
6232	28	46	953	954
29731	28	887	953	954
62966	28	2580	953	954
50721	28	568	953	954
22389	28	2777	953	954
12236	28	193	953	954
60259	28	2399	953	954
16077	28	1060	953	954
11993	28	875	953	954
20110	28	1100	953	954
11863	28	124	953	954
31419	28	2717	953	954
24402	28	1307	953	954
51449	28	328	953	954
28991	28	259	953	954
9330	28	1956	953	954
12019	28	211	953	954
5397	28	3269	953	954
17825	28	1312	953	954
10665	28	1669	953	954
76585	28	1167	953	954
44423	28	386	953	954
17073	28	739	953	954
33606	28	11118	953	954
12887	28	936	953	954
92390	28	1738	953	954
8566	28	23564	953	954
23979	28	192	953	954
12598	28	353	953	954
81498	28	3864	953	954
11143	28	236	953	954
16427	28	11150	953	954
28609	28	937	953	954
4916	28	123	953	954
28800	28	981	953	954
20885	28	490	953	954
8276	28	363	953	954
33164	28	217	953	954
12315	28	119	953	954
27716	28	400	953	954
93956	28	556	953	954
66797	28	1514	953	954
5896	28	1177	953	954
5017	28	3959	953	954
20263	28	868	953	954
13509	28	1185	953	954
55204	28	3645	953	954
24096	28	161	953	954
125941	28	2267	953	954
46130	28	30811	953	954
7983	28	808	953	954
65084	28	4051	953	954
79997	28	956	953	954
81053	28	1041	953	954
70276	28	248	953	954
23646	28	633	953	954
80793	28	1984	953	954
74299	28	551	953	954
12475	28	3862	953	954
45750	28	11364	953	954
16223	28	170	953	954
12465	28	390	953	954
18876	28	447	953	954
53055	28	2136	953	954
11177	28	483	953	954
11870	28	256	953	954
7053	28	452	953	954
12277	28	713	953	954
20604	28	496	953	954
5699	28	339	953	954
38652	28	855	953	954
81597	28	6053	953	954
9538	28	221	953	954
10413	28	377	953	954
56424	28	1660	953	954
7831	28	87	953	954
6322	28	1311	953	954
18150	28	319	953	954
34028	28	274	953	954
16954	28	254	953	954
21602	28	30	953	954
80348	28	14197	953	954
21971	28	437	953	954
24634	28	378	953	954
7570	28	336	953	954
12329	28	583	953	954
49222	28	15464	953	954
21515	28	123	953	954
40737	28	4724	953	954
20275	28	95	953	954
12346	28	214	953	954
25578	28	1325	953	954
113818	28	1520	953	954
42846	28	3118	953	954
12278	28	222	953	954
34107	28	1316	953	954
61364	28	1508	953	954
116131	28	605	953	954
70818	28	436	953	954
102264	28	4189	953	954
60073	28	661	953	954
10866	28	43	953	954
64887	28	43	953	954
23617	28	4137	953	954
46893	28	45	953	954
26992	28	4903	953	954
11060	28	65	953	954
65900	28	477	953	954
39095	28	760	953	954
26994	28	295	953	954
9931	28	449	953	954
14862	28	1307	953	954
28024	28	253	953	954
10010	28	4181	953	954
5640	28	1311	953	954
4618	28	2418	953	954
43324	28	3172	953	954
78186	28	6152	953	954
66469	28	2703	953	954
21288	28	298	953	954
52360	28	712	953	954
45158	28	694	953	954
24775	28	510	953	954
20027	28	965	953	954
18429	28	1021	953	954
100188	28	1141	953	954
22342	28	216	953	954
12867	28	640	953	954
13009	28	39449	953	954
20093	28	191	953	954
69424	28	14120	953	954
38191	28	281	953	954
52544	28	1968	953	954
20730	28	53	953	954
17076	28	37115	953	954
11055	28	927	953	954
34597	28	2454	953	954
83387	28	3994	953	954
16491	28	4183	953	954
14269	28	514	953	954
57868	28	531	953	954
46204	28	439	953	954
8679	28	256	953	954
7711	28	388	953	954
71068	28	605	953	954
17259	28	95	953	954
6642	28	612	953	954
53091	28	624	953	954
10441	28	37	953	954
44460	28	289	953	954
36526	28	332	953	954
69081	28	694	953	954
81562	28	610	953	954
29262	28	1993	953	954
7184	28	281	953	954
12726	28	713	953	954
28775	28	461	953	954
6996	28	188	953	954
38649	28	2109	953	954
79582	28	1031	953	954
9062	28	345	953	954
75449	28	6062	953	954
7124	28	347	953	954
28759	28	1397	953	954
53373	28	2975	953	954
23671	28	2198	953	954
13004	28	89	953	954
19667	28	180	953	954
13500	28	1172	953	954
68369	28	668	953	954
24150	28	1936	953	954
58501	28	1049	953	954
90064	28	171	953	954
12924	28	37	953	954
29687	28	786	953	954
63322	28	481	953	954
12299	28	1076	953	954
6731	28	1495	953	954
73568	28	1265	953	954
23728	28	2812	953	954
41574	28	1968	953	954
11710	28	1245	953	954
53757	28	192	953	954
44993	28	410	953	954
9488	28	3791	953	954
67618	28	609	953	954
51239	28	2068	953	954
11820	28	1031	953	954
17777	28	145	953	954
38650	28	1159	953	954
32446	28	122	953	954
6355	28	104	953	954
46445	28	58	953	954
64853	28	122	953	954
20195	28	7187	953	954
17025	28	6921	953	954
6211	28	713	953	954
9273	28	146	953	954
27622	28	14492	953	954
38592	28	345	953	954
17130	28	117	953	954
6336	28	1959	953	954
54972	28	925	953	954
17510	28	74	953	954
61865	28	1514	953	954
34052	28	2583	953	954
63860	28	617	953	954
110882	28	841	953	954
10942	28	653	953	954
9243	28	230	953	954
81878	28	31245	953	954
126998	28	245	953	954
21489	28	848	953	954
44328	28	2449	953	954
21410	28	339	953	954
15920	28	1767	953	954
22179	28	360	953	954
46458	28	1965	953	954
54347	28	7345	953	954
10311	28	66074	953	954
17315	28	696	953	954
18092	28	518	953	954
56759	28	259	953	954
38167	28	387	953	954
5054	28	2127	953	954
14198	28	30	953	954
111394	28	821	953	954
89803	28	81403	953	954
130383	28	1853	953	954
106411	28	64270	953	954
35633	28	2580	953	954
8105	28	1464	953	954
6460	28	100	953	954
36316	28	124	953	954
13147	28	336	953	954
61985	28	781	953	954
94312	28	42188	953	954
97379	28	574	953	954
18388	28	615	953	954
26847	28	1810	953	954
69130	28	669	953	954
50422	28	92	953	954
14435	28	290	953	954
6128	28	447	953	954
34906	28	1628	953	954
26231	28	2113	953	954
130921	28	1383	953	954
11172	28	792	953	954
17981	28	719	953	954
25428	28	343	953	954
100869	28	391	953	954
75843	28	957	953	954
22313	28	646	953	954
38343	28	10497	953	954
15801	28	202	953	954
12423	28	2135	953	954
69297	28	508	953	954
16433	28	710	953	954
21474	28	387	953	954
5610	28	170	953	954
16027	28	171	953	954
10418	28	313	953	954
18074	28	394	953	954
9917	28	1080	953	954
26002	28	304	953	954
38635	28	124	953	954
8921	28	780	953	954
10276	28	294	953	954
36775	28	888	953	954
43085	28	2096	953	954
19125	28	602	953	954
33129	28	45	953	954
49787	28	8562	953	954
22460	28	1527	953	954
8150	28	167	953	954
8644	28	713	953	954
15245	28	40	953	954
19514	28	1088	953	954
13613	28	2326	953	954
56145	28	1758	953	954
11880	28	887	953	954
33326	28	2027	953	954
64071	28	68151	953	954
124172	28	4164	953	954
62406	28	275	953	954
38199	28	31764	953	954
12030	28	40	953	954
5498	28	276	953	954
27006	28	881	953	954
10359	28	660	953	954
27996	28	293	953	954
47997	28	826	953	954
66721	28	3047	953	954
17682	28	1173	953	954
60905	28	1196	953	954
76647	28	1984	953	954
44680	28	552	953	954
76960	28	180	953	954
16269	28	16447	953	954
79090	28	593	953	954
61612	28	92	953	954
25499	28	1833	953	954
24877	28	668	953	954
12686	28	64	953	954
8413	28	1639	953	954
58195	28	366	953	954
32621	28	640	953	954
32853	28	648	953	954
16170	28	798	953	954
58353	28	647	953	954
8183	28	160	953	954
44496	28	145	953	954
11205	28	1741	953	954
35651	28	193	953	954
12876	28	1339	953	954
14290	28	904	953	954
14566	28	429	953	954
12006	28	85	953	954
9043	28	85	953	954
28993	28	8373	953	955
21629	28	760	953	955
7103	28	1392	953	955
33570	28	169	953	955
14430	28	1931	953	955
12981	28	2447	953	955
11472	28	79	953	955
10310	28	1514	953	955
61218	28	1571	953	955
33931	28	77	953	955
9302	28	70	953	955
39519	28	7253	953	955
14281	28	570	953	955
61584	28	141	953	955
33857	28	379	953	955
53050	28	439	953	955
11262	28	1500	953	955
13199	28	86	953	955
10223	28	37	953	955
34428	28	19451	953	955
71995	28	668	953	955
9293	28	1600	953	955
24736	28	266	953	955
19628	28	109	953	955
40133	28	703	953	955
9573	28	61	953	955
40432	28	89	953	955
11804	28	132	953	955
30441	28	933	953	955
5289	28	77	953	955
8768	28	241	953	955
4221	28	126	953	955
40713	28	2148	953	955
26522	28	43	953	955
13544	28	1697	953	955
11267	28	88	953	955
10724	28	887	953	955
63258	28	129	953	955
47156	28	3443	953	955
4077	28	670	953	955
23212	28	188	953	955
14962	28	181	953	955
7242	28	112	953	955
73640	28	6984	953	955
13457	28	1412	953	955
26343	28	2682	953	955
13697	28	117	953	955
9267	28	526	953	955
63351	28	23416	953	955
99311	28	311	953	955
6464	28	220	953	955
72287	28	2234	953	955
12851	28	995	953	955
27163	28	4703	953	955
41646	28	4162	953	955
20240	28	1021	953	955
7676	28	250	953	955
29783	28	143	953	955
48112	28	641	953	955
48198	28	9341	953	955
23659	28	1616	953	955
15663	28	492	953	955
5473	28	377	953	955
47108	28	1153	953	955
15743	28	242	953	955
6690	28	1933	953	955
36384	28	887	953	955
14885	28	162	953	955
55910	28	610	953	955
74858	28	610	953	955
27452	28	386	953	955
36460	28	1082	953	955
65019	28	878	953	955
27568	28	4921	953	955
23530	28	174	953	955
15776	28	241	953	955
72430	28	3449	953	955
17364	28	469	953	955
5588	28	159	953	955
22231	28	447	953	955
87433	28	1060	953	955
65585	28	221	953	955
27809	28	701	953	955
6514	28	2319	953	955
18915	28	3195	953	955
60633	28	210	953	955
29803	28	48	953	955
23360	28	366	953	955
13954	28	5185	953	955
26135	28	49265	953	955
47281	28	515	953	955
9284	28	973	953	955
34863	28	605	953	955
88072	28	2532	953	955
42505	28	1653	953	955
6594	28	74	953	955
71311	28	3864	953	955
12607	28	800	953	955
14486	28	1100	953	955
6243	28	36	953	955
10917	28	800	953	955
11251	28	149	953	955
55297	28	623	953	955
10102	28	154	953	955
28952	28	510	953	955
16534	28	89	953	955
18875	28	1174	953	955
10255	28	48	953	955
18965	28	36	953	955
34079	28	746	953	955
13092	28	548	953	955
9347	28	24	953	955
22248	28	1199	953	955
39371	28	778	953	955
33967	28	79	953	955
45544	28	4162	953	955
66935	28	1499	953	955
9156	28	196	953	955
53102	28	593	953	955
25576	28	546	953	955
89467	28	1499	953	955
11615	28	365	953	955
63963	28	531	953	955
19477	28	52	953	955
67154	28	231	953	955
77642	28	2784	953	955
26085	28	796	953	955
10588	28	896	953	955
19506	28	1340	953	955
77783	28	230	953	955
16429	28	55	953	955
61346	28	937	953	955
5924	28	76	953	955
5644	28	554	953	955
9224	28	1809	953	955
17311	28	411	953	955
19820	28	3362	953	955
26065	28	701	953	955
15357	28	282	953	955
15299	28	924	953	955
9723	28	156	953	955
14883	28	36	953	955
9580	28	446	953	955
35676	28	368	953	955
12202	28	292	953	955
90453	28	250	953	955
11808	28	124	953	955
10453	28	82	953	955
5641	28	48	953	955
7894	28	295	953	955
15213	28	380	953	955
23077	28	1541	953	955
17648	28	1311	953	955
63848	28	3413	953	955
26947	28	143	953	955
17116	28	205	953	955
11880	28	371	953	955
41476	28	464	953	955
64138	28	1985	953	955
42021	28	1262	953	955
14525	28	2812	953	955
35725	28	370	953	955
33922	28	1656	953	955
7408	28	49	953	955
83442	28	1316	953	955
23124	28	38	953	955
19830	28	3818	953	955
17705	28	2440	953	955
99660	28	1185	953	955
72459	28	224	953	955
18083	28	114	953	955
83993	28	387	953	955
29852	28	100	953	955
49998	28	1294	953	955
26369	28	390	953	955
32177	28	1919	953	955
27023	28	193	953	955
20988	28	253	953	955
78962	28	1316	953	955
20937	28	241	953	955
27967	28	394	953	955
15268	28	639	953	955
14435	28	637	953	955
29059	28	618	953	955
17226	28	121	953	955
5450	28	351	953	955
68578	28	2442	953	955
14595	28	39	953	955
8148	28	131	953	955
75575	28	732	953	955
52596	28	1123	953	955
58766	28	797	953	955
10601	28	1173	953	955
10549	28	155	953	955
10441	28	570	953	955
91921	28	1734	953	955
67767	28	981	953	955
27725	28	80	953	955
36335	28	1695	953	955
26642	28	3864	953	955
34232	28	529	953	955
21223	28	491	953	955
6206	28	55	953	955
9743	28	50	953	955
18855	28	887	953	955
9935	28	222	953	955
12073	28	353	953	955
9676	28	73	953	955
19112	28	934	953	955
72278	28	44134	953	955
8208	28	178	953	955
9267	28	253	953	955
45056	28	177	953	955
61891	28	925	953	955
6636	28	998	953	955
21884	28	232	953	955
34956	28	548	953	955
33007	28	21509	953	955
41043	28	240	953	955
31052	28	222	953	955
20221	28	3864	953	955
51293	28	6984	953	955
117631	28	203	953	955
21884	28	1403	953	955
36167	28	248	953	955
22612	28	1014	953	955
39331	28	9781	953	955
17268	28	114	953	955
27928	28	111	953	955
60712	28	419	953	955
15529	28	1964	953	955
56222	28	897	953	955
11533	28	198	953	955
13689	28	476	953	955
38734	28	1774	953	955
7616	28	1426	953	955
23917	28	693	953	955
15715	28	119	953	955
87283	28	1910	953	955
14301	28	134	953	955
79682	28	1910	953	955
93378	28	1554	953	955
6744	28	317	953	955
15183	28	240	953	955
15340	28	100	953	955
8050	28	680	953	955
6189	28	1013	953	955
80746	28	2625	953	955
132526	28	2532	953	955
19314	28	28	953	955
30303	28	1073	953	955
21533	28	215	953	955
9154	28	617	953	955
44461	28	120	953	955
4732	28	2162	953	955
22489	28	745	953	955
9192	28	1213	953	955
10118	28	887	953	955
59467	28	456	953	955
9359	28	161	953	955
7649	28	92	953	955
9457	28	792	953	955
57517	28	3388	953	955
5067	28	175	953	955
103894	28	778	953	955
30290	28	1255	953	955
52741	28	481	953	955
144729	28	1938	953	955
11841	28	1259	953	955
43796	28	504	953	955
23221	28	119	953	955
74481	28	642	953	955
53485	28	399	953	955
6438	28	612	953	955
11177	28	99	953	955
9608	28	235	953	955
7574	28	293	953	955
100359	28	881	953	955
8283	28	31	953	955
56481	28	2051	953	955
44249	28	282	953	955
15693	28	119	953	955
15723	28	1213	953	955
21781	28	179	953	955
8581	28	16704	953	955
27812	28	110	953	955
31099	28	1080	953	955
14056	28	800	953	955
20062	28	298	953	955
22284	28	710	953	955
18230	28	323	953	955
12335	28	3141	953	955
24536	28	140	953	955
61796	28	4930	953	955
15569	28	371	953	955
26187	28	68	953	955
27933	28	481	953	955
40870	28	1609	953	955
93556	28	4018	953	955
11016	28	109135	953	955
30668	28	1541	953	955
37148	28	446	953	955
47474	28	693	953	955
6319	28	887	953	955
15221	28	201	953	955
96778	28	2957	953	955
19255	28	119	953	955
76230	28	395	953	955
23216	28	245	953	955
13269	28	786	953	955
8021	28	1600	953	955
7861	28	887	953	955
27981	28	515	953	955
6888	28	288	953	955
46580	28	930	953	955
126337	28	1260	953	955
126351	28	1588	953	955
12504	28	699	953	955
12562	28	298	953	955
18400	28	866	953	955
3837	28	43	953	955
14574	28	800	953	955
23667	28	649	953	955
24736	28	3416	953	955
58436	28	369	953	955
28500	28	676	953	955
20696	28	210	953	955
7311	28	347	953	955
12101	28	573	953	955
12681	28	119	953	955
17192	28	1182	953	955
14302	28	583	953	955
37153	28	1464	953	955
16217	28	40	953	955
11047	28	7098	953	955
28576	28	43	953	955
16901	28	548	953	955
23541	28	20237	953	955
44210	28	2532	953	955
25026	28	400	953	955
16288	28	602	953	955
41504	28	248	953	955
27294	28	355	953	955
59537	28	903	953	955
27151	28	19	953	955
31747	28	435	953	955
26234	28	783	953	955
51347	28	1659	953	955
12059	28	2517	953	955
12511	28	974	953	955
69301	28	1671	953	955
10010	28	388	953	955
12964	28	1005	953	955
14849	28	740	953	955
18917	28	1055	953	955
10004	28	630	953	955
22864	28	1560	953	955
21535	28	630	953	955
14971	28	40	953	955
52012	28	1034	953	955
24002	28	529	953	955
6260	28	511	953	955
8878	28	662	953	955
4811	28	754	953	955
21459	28	135	953	955
10571	28	981	953	955
51440	28	155	953	955
42063	28	117	953	955
21147	28	334	953	955
110065	28	36296	953	955
12353	28	76	953	955
46230	28	1213	953	955
18497	28	14004	953	955
108513	28	254	953	955
92144	28	666	953	955
22257	28	66	953	955
11316	28	241	953	955
18961	28	508	953	955
38221	28	984	953	955
44367	28	139	953	955
6589	28	411	953	955
26892	28	6380	953	955
10189	28	80	953	955
26982	28	95	953	955
6931	28	66	953	955
25651	28	100	953	955
32684	28	1571	953	955
13023	28	114	953	955
38203	28	231	953	955
7846	28	149	953	955
51132	28	83	953	955
5099	28	22	953	955
21034	28	171	953	955
21960	28	192	953	955
56575	28	242	953	955
5183	28	752	953	955
44773	28	546	953	955
95052	28	1919	953	955
15176	28	365	953	955
18746	28	292	953	955
34338	28	2327	953	955
128058	28	9781	953	955
17829	28	1060	953	955
7489	28	350	953	955
20007	28	661	953	955
84494	28	461	953	955
23236	28	87	953	955
32916	28	510	953	955
9938	28	593	953	955
38387	28	144	953	955
9157	28	1394	953	955
77468	28	2534	953	955
42114	28	319	953	955
34329	28	295	953	955
40236	28	295	953	955
27372	28	1617	953	955
81237	28	19370	953	955
6299	28	2446	953	955
4629	28	1328	953	955
26525	28	653	953	955
38090	28	490	953	955
40857	28	1949	953	955
8245	28	436	953	955
24921	28	1876	953	955
20320	28	23	953	955
11499	28	1170	953	955
12785	28	219	953	955
11899	28	503	953	955
15123	28	28	953	955
8773	28	752	953	955
16078	28	994	953	955
33144	28	1052	953	955
39816	28	916	953	955
58763	28	71	953	955
35152	28	30327	953	955
30147	28	1309	953	955
102288	28	119	953	955
50721	28	27618	953	955
83449	28	321	953	955
27214	28	496	953	955
56578	28	192	953	955
24598	28	64	953	955
23635	28	21509	953	955
105990	28	36296	953	955
12105	28	325	953	955
51490	28	233	953	955
14962	28	388	953	955
11107	28	1279	953	955
128806	28	2872	953	955
33695	28	43	953	955
13777	28	976	953	955
7304	28	311	953	955
23951	28	363	953	955
44494	28	679	953	955
35519	28	960	953	955
21104	28	1009	953	955
12955	28	65	953	955
28575	28	274	953	955
41889	28	1018	953	955
8021	28	146	953	955
15111	28	166	953	955
35652	28	144	953	955
24133	28	400	953	955
10340	28	78	953	955
13466	28	887	953	955
7029	28	1561	953	955
9508	28	710	953	955
41595	28	235	953	955
23734	28	722	953	955
16466	28	241	953	955
7365	28	70	953	955
120924	28	1034	953	955
66811	28	11364	953	955
11425	28	195	953	955
31966	28	701	953	955
26696	28	111	953	955
36518	28	171	953	955
20430	28	1745	953	955
68056	28	976	953	955
9491	28	47	953	955
97891	28	139	953	955
14461	28	19	953	955
22072	28	147	953	955
18486	28	396	953	955
8666	28	456	953	955
110143	28	166	953	955
7278	28	241	953	955
8335	28	27	953	955
7108	28	195	953	955
55514	28	2326	953	955
26802	28	336	953	955
19993	28	2440	953	955
36194	28	156	953	955
16310	28	2975	953	955
8430	28	205	953	955
43580	28	1182	953	955
22451	28	3731	953	955
6178	28	139	953	955
5454	28	64	953	955
75955	28	1552	953	955
9894	28	19	953	955
29312	28	986	953	955
17726	28	43	953	955
12031	28	1861	953	955
26083	28	66	953	955
22837	28	1181	953	955
18806	28	380	953	955
12299	28	37	953	955
27450	28	1704	953	955
11260	28	796	953	955
38367	28	1335	953	955
13281	28	422	953	955
8067	28	30	953	955
32953	28	1671	953	955
17355	28	995	953	955
11799	28	1609	953	955
80387	28	2488	953	955
17115	28	1442	953	955
14895	28	274	953	955
12693	28	192	953	955
26830	28	491	953	955
18897	28	321	953	955
14332	28	2865	953	955
9268	28	647	953	955
25482	28	499	953	955
16063	28	516	953	955
21259	28	50	953	955
15401	28	16	953	955
62612	28	965	953	955
111114	28	834	953	955
8084	28	411	953	955
11410	28	3167	953	955
21005	28	365	953	955
29383	28	1289	953	955
12958	28	82	953	955
26015	28	2580	953	955
15335	28	525	953	955
14653	28	348	953	955
37321	28	185	953	955
108076	28	37	953	955
12360	28	2040	953	955
46455	28	51	953	955
10105	28	1166	953	955
25000	28	121	953	955
9615	28	180	953	955
7152	28	46	953	955
104865	28	255	953	955
25939	28	129	953	955
7579	28	220	953	955
11886	28	56	953	955
12303	28	702	953	955
9822	28	43	953	955
109013	28	1639	953	955
59416	28	474	953	955
58371	28	417	953	955
26595	28	1288	953	955
58061	28	1340	953	955
11176	28	49	953	955
102406	28	883	953	955
106572	28	4860	953	955
7788	28	78	953	955
35878	28	1367	953	955
59663	28	1231	953	955
6526	28	23	953	955
60766	28	85	953	955
16827	28	199	953	955
46760	28	766	953	955
17952	28	492	953	955
13665	28	560	953	955
27248	28	882	953	955
7386	28	175	953	955
16174	28	47	953	955
28790	28	528	953	955
48387	28	170	953	955
90684	28	1175	953	955
16660	28	1093	953	955
8755	28	1153	953	955
48920	28	24	953	955
43615	28	1850	953	955
99878	28	4184	953	955
8176	28	259	953	955
9456	28	34	953	955
12308	28	24	953	955
15956	28	146	953	955
14969	28	351	953	955
5730	28	437	953	955
12539	28	40	953	955
44418	28	232	953	955
17894	28	191	953	955
24439	28	276	953	955
67779	28	474	953	955
143020	28	210	953	955
22046	28	3624	953	955
4223	28	105	953	955
6887	28	319	953	955
42694	28	47	953	955
23963	28	213	953	955
10865	28	361	953	955
6086	28	95	953	955
11587	28	354	953	955
82011	28	3118	953	955
19941	28	343	953	955
20197	28	27	953	955
6429	28	188	953	955
80020	28	109	953	955
11698	28	176	953	955
12055	28	722	953	955
14664	28	951	953	955
10222	28	251	953	955
13052	28	171	953	955
88047	28	19729	953	955
11756	28	1671	953	955
44270	28	436	953	955
70297	28	555	953	955
111707	28	869	953	955
7904	28	307	953	955
7045	28	24	953	955
51245	28	681	953	955
59381	28	435	953	955
35629	28	1283	953	955
24471	28	1181	953	955
21218	28	1213	953	955
10496	28	192	953	955
50148	28	241	953	955
34253	28	144	953	955
6515	28	1119	953	955
24627	28	578	953	955
20893	28	1264	953	955
18186	28	53	953	955
38179	28	608	953	955
10209	28	51	953	955
79794	28	253	953	955
6163	28	88	953	955
14940	28	388	953	955
17039	28	50	953	955
85037	28	141	953	955
10270	28	1124	953	955
69686	28	193	953	955
24229	28	752	953	955
9239	28	309	953	955
46616	28	288	953	955
39989	28	18084	953	955
13854	28	4998	953	955
21271	28	9602	953	955
8314	28	64	953	955
17632	28	112	953	955
73805	28	449	953	955
74727	28	104	953	955
41815	28	80941	953	955
38273	28	1643	953	955
68403	28	610	953	955
27071	28	133	953	955
9400	28	720	953	955
47806	28	866	953	955
88170	28	871	953	955
68369	28	417	953	955
102298	28	80941	953	955
5103	28	86	953	955
16275	28	112	953	955
27126	28	283	953	955
20948	28	27	953	955
81850	28	121	953	955
18038	28	5527	953	955
40615	28	749	953	955
7578	28	458	953	955
17796	28	55	953	955
80087	28	513	953	955
58421	28	85	953	955
46893	28	119	953	955
46437	28	110	953	955
31128	28	159	953	955
21609	28	526	953	955
28241	28	3925	953	955
28267	28	101	953	955
9203	28	111	953	955
14778	28	596	953	955
7715	28	41	953	955
20592	28	102	953	955
23576	28	365	953	955
56455	28	1752	953	955
127956	28	1070	953	955
16330	28	56	953	955
30733	28	1307	953	955
130331	28	2826	953	955
15391	28	386	953	955
10194	28	39	953	955
14917	28	47	953	955
5645	28	65	953	955
36545	28	388	953	955
56253	28	6068	953	955
29046	28	101	953	955
47966	28	1492	953	955
47714	28	232	953	955
18466	28	192	953	955
154868	28	453	953	955
50096	28	405	953	955
15904	28	71	953	955
11574	28	7367	953	955
11079	28	1319	953	955
14689	28	23582	953	955
130977	28	1618	953	955
13184	28	926	953	955
12756	28	974	953	955
30746	28	2341	953	955
130216	28	379	953	955
4428	28	13793	953	955
38876	28	327	953	955
15607	28	112	953	955
51813	28	439	953	955
58403	28	1185	953	955
48792	28	552	953	955
65936	28	124	953	955
7733	28	476	953	955
20387	28	903	953	955
12569	28	98	953	955
76832	28	220	953	955
99656	28	533	953	955
10144	28	699	953	955
69377	28	787	953	955
15386	28	15464	953	955
29153	28	3864	953	955
9458	28	1774	953	955
13539	28	411	953	955
56049	28	8764	953	955
37788	28	3864	953	955
9563	28	628	953	955
20955	28	365	953	955
5145	28	411	953	955
10685	28	1980	953	955
50379	28	201	953	955
70498	28	632	953	955
54540	28	614	953	955
94782	28	20237	953	955
48826	28	1101	953	955
10992	28	119	953	955
8258	28	219	953	955
6821	28	169	953	955
7490	28	18	953	955
36034	28	2719	953	955
4897	28	38	953	955
58694	28	23	953	955
16013	28	104	953	955
27585	28	198	953	955
11896	28	283	953	955
18704	28	70	953	955
16971	28	2276	953	955
6675	28	39	953	955
13381	28	3946	953	955
29579	28	583	953	955
17387	28	256	953	955
23894	28	12949	953	955
9802	28	1094	953	955
62745	28	53635	953	955
54780	28	3864	953	955
24591	28	161	953	955
11078	28	871	953	955
53361	28	799	953	955
9120	28	710	953	955
130709	14	101130	953	955
10775	28	119	953	955
65256	28	447	953	955
17071	28	887	953	955
4754	28	1345	953	955
95996	28	7876	953	955
84290	28	390	953	955
30341	28	515	953	955
6475	28	1354	953	955
68829	28	119	953	955
84016	28	1227	953	955
7223	28	378	953	955
18472	28	1161	953	955
15995	28	857	953	955
88483	28	1537	953	955
26448	28	703	953	955
7123	28	507	953	955
27169	28	77	953	955
15919	28	78	953	955
16225	28	1394	953	955
8720	28	109	953	955
16436	28	8726	953	955
95059	28	2490	953	955
21554	28	176	953	955
30997	28	371	953	955
33572	28	261	953	955
34714	28	345	953	955
10850	28	855	953	955
17422	28	1395	953	955
25831	28	984	953	955
9137	28	503	953	955
6196	28	1005	953	955
12083	28	1408	953	955
21494	28	455	953	955
18011	28	67	953	955
9885	28	404	953	955
34366	28	582	953	955
6987	28	12392	953	955
50812	28	778	953	955
110340	28	1677	953	955
68162	28	615	953	955
86914	28	1211	953	955
9946	28	40	953	955
108312	28	215	953	955
36326	28	887	953	955
11193	28	38	953	956
12818	28	2548	953	956
82472	28	1022	953	956
38960	28	2644	953	956
52613	28	263	953	956
45351	28	1671	953	956
39360	28	155	953	956
112770	28	8562	953	956
19308	28	695	953	956
25624	28	641	953	956
29276	28	72	953	956
45994	28	1094	953	956
39879	28	281	953	956
7107	28	707	953	956
34318	28	146	953	956
97496	28	3136	953	956
7952	28	79	953	956
17236	28	1186	953	956
21651	28	3522	953	956
7848	28	456	953	956
83124	28	232	953	956
17425	28	110	953	956
19702	28	231	953	956
7277	28	131	953	956
19986	28	1163	953	956
10755	28	1945	953	956
17723	28	269	953	956
17742	28	1653	953	956
10129	28	203	953	956
23584	28	48	953	956
41772	28	30	953	956
15445	28	87	953	956
39250	28	1328	953	956
17584	28	825	953	956
31586	28	715	953	956
11859	28	4380	953	956
9606	28	161	953	956
41354	28	161	953	956
23011	28	210	953	956
23217	28	402	953	956
7041	28	46	953	956
31016	28	98	953	956
48665	28	1370	953	956
18040	28	105	953	956
10984	28	286	953	956
8416	28	509	953	956
25302	28	400	953	956
13986	28	1774	953	956
14762	28	1340	953	956
48231	28	6152	953	956
29687	28	281	953	956
64253	28	3387	953	956
65900	28	390	953	956
12319	28	239	953	956
15472	28	529	953	956
7848	28	307	953	956
36048	28	28	953	956
7381	28	552	953	956
8472	28	231	953	956
6758	28	124	953	956
28120	28	2003	953	956
9153	28	133	953	956
21682	28	1176	953	956
23800	28	193	953	956
38720	28	143	953	956
14529	28	888	953	956
25191	28	1971	953	956
83007	28	628	953	956
12946	28	532	953	956
9244	28	894	953	956
34088	28	4665	953	956
33969	28	547	953	956
42099	28	3167	953	956
16800	28	216	953	956
14838	28	2422	953	956
7904	28	501	953	956
14983	28	752	953	956
10474	28	51	953	956
25864	28	1092	953	956
22729	28	423	953	956
118453	28	1479	953	956
54905	28	574	953	956
72067	28	490	953	956
30002	28	1360	953	956
19836	28	1357	953	956
34998	28	798	953	956
3704	28	57	953	956
26183	28	169	953	956
30332	28	676	953	956
15106	28	263	953	956
16588	28	2975	953	956
78217	28	1960	953	956
5961	28	121	953	956
63947	28	746	953	956
47069	28	463	953	956
35944	28	49	953	956
11655	28	1101	953	956
10852	28	22	953	956
31199	28	586	953	956
33749	28	3848	953	956
72205	28	2848	953	956
23542	28	2446	953	956
23548	28	11427	953	956
8140	28	670	953	956
36152	28	386	953	956
12297	28	2580	953	956
7848	28	103	953	956
52045	28	1085	953	956
13453	28	38	953	956
36454	28	175	953	956
67553	28	358	953	956
20798	28	1299	953	956
25462	28	363	953	956
11958	28	213	953	956
22082	28	43	953	956
27666	28	832	953	956
16539	28	98	953	956
3854	28	110	953	956
30500	28	4143	953	956
18008	28	1628	953	956
9075	28	86	953	956
40978	28	2468	953	956
31786	28	142	953	956
36908	28	396	953	956
27815	28	70	953	956
14624	28	1796	953	956
8128	28	995	953	956
9412	28	238	953	956
101365	28	1525	953	956
29723	28	1177	953	956
19885	28	104	953	956
21816	28	409	953	956
12222	28	19	953	956
34262	28	78	953	956
30509	28	144	953	956
12604	28	386	953	956
39753	28	76	953	956
48744	28	1014	953	956
101387	28	1853	953	956
21430	28	315	953	956
6237	28	39	953	956
20935	28	868	953	956
25585	28	169	953	956
21986	28	1522	953	956
23807	28	179	953	956
27382	28	3185	953	956
7741	28	85	953	956
70624	28	92	953	956
107311	28	773	953	956
18787	28	185	953	956
9462	28	2482	953	956
24581	28	450	953	956
7665	28	1801	953	956
15374	28	675	953	956
23613	28	1520	953	956
4928	28	101	953	956
42205	28	3505	953	956
80511	28	15797	953	956
11889	28	121	953	956
92320	28	71	953	956
93170	28	394	953	956
9264	28	991	953	956
11780	28	317	953	956
26188	28	61	953	956
5013	28	46	953	956
23984	28	780	953	956
5393	28	250	953	956
10950	28	532	953	956
15568	28	37	953	956
15619	28	195	953	956
61038	28	617	953	956
21735	28	661	953	956
25232	28	756	953	956
125112	28	88	953	956
49211	28	1227	953	956
60567	28	2259	953	956
13953	28	89	953	956
79396	28	1392	953	956
9989	28	499	953	956
72926	28	3173	953	956
75207	28	568	953	956
44367	28	5009	953	956
24487	28	170	953	956
30335	28	86	953	956
28775	28	217	953	956
81020	28	434	953	956
27017	28	122	953	956
144779	28	1920	953	956
8159	28	245	953	956
87709	28	1095	953	956
17615	28	181	953	956
80536	28	6902	953	956
13331	28	175	953	956
41227	28	256	953	956
12659	28	201	953	956
65439	28	2489	953	956
60072	28	2662	953	956
11294	28	1420	953	956
37174	28	1774	953	956
8311	23	12322	953	956
12322	23	8311	953	956
63752	28	21552	953	956
7007	28	57	953	956
33231	28	185	953	956
48401	28	1525	953	956
11998	28	132	953	956
21153	28	1238	953	956
11919	28	433	953	956
17668	28	235	953	956
49052	28	4810	953	956
15832	28	132	953	956
7200	28	105	953	956
18103	28	752	953	956
45737	28	286	953	956
15592	28	1095	953	956
18581	28	46	953	956
7130	28	46	953	956
71778	28	449	953	956
114976	28	254	953	956
12609	28	30	953	956
7984	28	303	953	956
5470	28	22	953	956
70090	28	609	953	956
54127	28	235	953	956
20009	28	1860	953	956
89762	28	261	953	956
7149	28	57	953	956
6667	28	31	953	956
38178	28	1960	953	956
99194	28	676	953	956
92002	28	796	953	956
10568	28	489	953	956
22736	28	469	953	956
51282	28	46	953	956
22120	28	22	953	956
47163	28	1195	953	956
15048	28	752	953	956
107469	28	4860	953	956
17646	28	202	953	956
25425	28	30	953	956
24364	28	46	953	956
9803	28	358	953	956
21495	28	493	953	956
46759	28	533	953	956
15607	28	54	953	956
81098	28	3645	953	956
6059	28	358	953	956
8747	28	274	953	956
95113	28	35912	953	956
12342	28	1409	953	956
11861	28	276	953	956
42133	28	224	953	956
27943	28	268	953	956
41117	28	394	953	956
34790	28	740	953	956
85038	28	3141	953	956
17664	28	678	953	956
25270	28	347	953	956
101736	28	19729	953	956
40840	28	41685	953	956
21199	28	1013	953	956
23425	28	174	953	956
34139	28	686	953	956
5464	28	56	953	956
12210	28	49	953	956
69694	28	453	953	956
70266	28	910	953	956
19002	28	499	953	956
10995	28	36	953	956
13971	28	539	953	956
12258	28	136	953	956
13613	28	786	953	956
88267	28	166	953	956
38786	28	95	953	956
44705	28	901	953	956
16893	28	2534	953	956
21549	28	40	953	956
8407	28	72	953	956
83826	28	16	953	956
9311	28	153	953	956
26456	28	1883	953	956
12381	28	51	953	956
19023	28	134	953	956
13522	28	1178	953	956
56641	28	1629	953	956
14611	28	66	953	956
47661	28	185	953	956
23561	28	1227	953	956
21036	28	42741	953	956
23163	28	295	953	956
46495	28	903	953	956
20309	28	313	953	956
23411	28	1897	953	956
73467	28	1098	953	956
10369	28	680	953	956
6174	28	275	953	956
41606	28	37	953	956
28933	28	8428	953	956
35358	28	162	953	956
24453	28	1099	953	956
26754	28	369	953	956
13668	28	1131	953	956
8691	28	199	953	956
16029	28	117	953	956
68502	28	141	953	956
25801	28	205	953	956
28717	28	400	953	956
6521	28	109	953	956
17689	28	16101	953	956
15136	28	18	953	956
20177	28	1264	953	956
14125	28	1061	953	956
7500	28	274	953	956
7461	28	1478	953	956
35530	28	1960	953	956
12766	28	649	953	956
12053	28	893	953	956
10980	28	1095	953	956
14840	28	964	953	956
8184	28	720	953	956
6368	28	47	953	956
68279	28	799	953	956
11609	28	1110	953	956
79344	28	80	953	956
20460	28	196	953	956
70326	28	165	953	956
17122	28	40	953	956
16715	28	615	953	956
9934	28	149	953	956
35049	28	476	953	956
60334	28	2003	953	956
12811	28	568	953	956
15785	28	233	953	956
100147	28	1879	953	956
71120	28	5770	953	956
11967	28	2122	953	956
6155	28	503	953	956
7191	28	786	953	956
45648	28	215	953	956
111141	28	386	953	956
35131	28	185	953	956
37003	28	2899	953	956
7280	28	2853	953	956
19506	28	281	953	956
21677	28	58	953	956
38641	28	365	953	956
19932	28	85	953	956
26603	28	2335	953	956
18771	28	1408	953	956
28151	28	490	953	956
14354	28	283	953	956
15830	28	91	953	956
18968	28	2223	953	956
10744	28	1000	953	956
22546	28	744	953	956
42928	28	720	953	956
11224	28	760	953	956
32948	28	1174	953	956
22060	28	174	953	956
28778	28	2201	953	956
14209	28	378	953	956
7759	28	347	953	956
5920	28	66	953	956
64155	28	582	953	956
9874	28	518	953	956
33506	28	43	953	956
74361	28	1641	953	956
38475	28	132	953	956
11610	28	20	953	956
34242	28	111	953	956
14691	28	954	953	956
18258	28	1430	953	956
6288	28	1809	953	956
20078	28	343	953	956
26252	28	33	953	956
10668	28	216	953	956
10092	28	379	953	956
11091	28	276	953	956
32172	28	269	953	956
13880	28	481	953	956
19526	28	484	953	956
13054	28	169	953	956
19273	28	23416	953	956
30394	28	1690	953	956
10356	28	1073	953	956
50320	28	4303	953	956
7070	28	81	953	956
31296	28	178	953	956
20227	28	38	953	956
7358	28	56	953	956
28688	28	592	953	956
31300	16	180010	953	956
64091	28	31976	953	956
42122	28	956	953	956
12913	28	133	953	956
18441	28	357	953	956
10407	28	568	953	956
10547	28	1309	953	956
20370	28	394	953	956
4928	28	195	953	956
34743	28	1777	953	956
37052	28	1690	953	956
17327	28	291	953	956
13764	28	91	953	956
8309	28	142	953	956
6119	28	74	953	956
21325	28	343	953	956
38496	28	317	953	956
104383	28	99	953	956
7781	28	507	953	956
12878	28	396	953	956
12703	28	3000	953	956
29081	28	3059	953	956
28632	28	842	953	956
55664	28	752	953	956
47314	28	179	953	956
18922	28	193	953	956
9759	28	490	953	956
19861	28	143	953	956
28436	28	43	953	956
8357	28	98	953	956
65495	28	1625	953	956
12645	28	699	953	956
69111	28	147	953	956
48538	28	1547	953	956
31791	28	70	953	956
39758	28	1063	953	956
44137	28	180	953	956
43816	28	282	953	956
31132	28	307	953	956
21600	28	7339	953	956
15777	28	2446	953	956
20516	28	124	953	956
24496	28	2867	953	956
4690	28	19	953	956
47948	28	496	953	956
51768	28	632	953	956
28509	28	1292	953	956
5830	28	219	953	956
29070	28	739	953	956
8685	28	24	953	956
39161	28	1162	953	956
10186	28	387	953	956
54573	28	924	953	956
9259	28	74	953	956
127902	28	389	953	956
25288	28	185	953	956
15381	28	70	953	956
44304	28	1528	953	956
78549	28	749	953	956
24240	28	30	953	956
30071	28	720	953	956
10663	28	956	953	956
12248	28	2568	953	956
37817	28	991	953	956
9287	28	235	953	956
20004	28	228	953	956
38648	28	619	953	956
32137	28	41	953	956
183723	28	3217	953	956
6936	28	49	953	956
68532	28	446	953	956
7566	28	234	953	956
24246	28	1086	953	956
54691	28	193	953	956
106284	28	159	953	956
16349	28	114	953	956
8096	28	153	953	956
21660	28	395	953	956
10012	28	117	953	956
49239	28	31	953	956
8294	28	450	953	956
15765	28	146	953	956
7175	28	1409	953	956
21297	28	989	953	956
11010	28	670	953	956
16588	28	327	953	956
20450	28	1213	953	956
12206	28	27	953	956
53818	28	4665	953	956
12709	28	825	953	956
57017	28	201	953	956
77496	28	155307	953	956
9162	28	242	953	956
36783	28	195	953	956
51067	28	369	953	956
68575	28	8588	953	956
12043	28	336	953	956
6967	28	124	953	956
36712	28	369	953	956
8392	28	1098	953	956
14131	28	117	953	956
73968	28	4392	953	956
10174	28	20	953	956
28079	28	1541	953	956
34190	28	630	953	956
26421	28	43	953	956
29827	28	1086	953	956
7626	28	216	953	956
12650	28	105	953	956
17810	28	1774	953	956
81836	28	386	953	956
6910	28	675	953	956
23714	28	76	953	956
6158	28	52	953	956
38635	28	141	953	956
53010	28	616	953	956
11631	28	123	953	956
59414	28	1170	953	956
9346	28	2477	953	956
62703	28	524	953	956
13494	28	303	953	956
16819	28	766	953	956
9645	28	37	953	956
8416	28	1228	953	956
94734	28	2040	953	956
54403	28	167	953	956
8596	28	31	953	956
18726	28	477	953	957
33515	28	141	953	957
45724	28	922	953	957
96963	28	159	953	957
9363	28	213	953	957
16557	28	722	953	957
62185	28	10537	953	957
6772	28	82	953	957
62278	28	6062	953	957
21996	28	377	953	957
25984	28	142	953	957
17174	28	436	953	957
6032	28	445	953	957
84652	28	1583	953	957
14860	28	379	953	957
14893	28	905	953	957
31057	28	469	953	957
15612	28	253	953	957
31371	28	100	953	957
35817	28	459	953	957
12786	28	1476	953	957
15608	28	219	953	957
33973	28	48	953	957
100225	28	1027	953	957
29876	28	1095	953	957
52571	28	617	953	957
65362	28	626	953	957
86989	28	1779	953	957
27716	28	135	953	957
14337	28	289	953	957
100953	28	402	953	957
75561	28	1656	953	957
47424	28	564	953	957
61021	28	531	953	957
27520	28	461	953	957
101345	28	1640	953	957
56876	28	1801	953	957
135958	28	1462	953	957
24151	28	40	953	957
25762	28	510	953	957
85076	28	968	953	957
28921	28	2060	953	957
10229	28	348	953	957
39220	28	518	953	957
19045	28	1162	953	957
14548	28	69	953	957
21918	28	10552	953	957
30077	28	532	953	957
30362	28	222	953	957
55242	28	2672	953	957
30314	28	136	953	957
17213	28	19	953	957
36479	28	203	953	957
40794	28	49	953	957
30595	28	968	953	957
26069	28	63	953	957
35445	28	674	953	957
19584	28	293	953	957
9219	28	484	953	957
85522	28	4823	953	957
13518	28	106	953	957
6534	28	41	953	957
11644	28	34	953	957
18608	28	105	953	957
104929	28	1127	953	957
24690	28	19	953	957
22264	28	1138	953	957
7382	28	72	953	957
72131	28	1757	953	957
8233	28	780	953	957
36723	28	1629	953	957
33944	28	2109	953	957
4061	28	98	953	957
88737	28	1308	953	957
7079	28	693	953	957
7404	28	315	953	957
79440	28	57	953	957
17042	28	13172	953	957
7731	28	78	953	957
52502	28	1028	953	957
77702	28	1670	953	957
19874	28	2975	953	957
7186	28	2088	953	957
12204	28	107	953	957
33474	28	1752	953	957
56766	28	293	953	957
18448	28	222	953	957
142642	28	50572	953	957
36839	28	67	953	957
15569	28	217	953	957
5838	28	74	953	957
15966	28	222	953	957
13230	28	77	953	957
26853	28	508	953	957
112607	28	4227	953	957
12685	28	474	953	957
30511	28	800	953	957
22582	28	456	953	957
100555	28	5062	953	957
10617	28	185	953	957
20615	28	2162	953	957
18766	28	30327	953	957
21733	28	22	953	957
5546	28	347	953	957
19075	28	383	953	957
25190	28	1230	953	957
7101	28	742	953	957
15008	28	114	953	957
33116	28	1267	953	957
27651	28	133	953	957
30185	28	371	953	957
26414	28	327	953	957
14469	28	260	953	957
73467	28	263	953	957
31594	28	518	953	957
30894	28	280	953	957
12037	28	970	953	957
22655	28	429	953	957
26926	28	819	953	957
31241	28	627	953	957
68787	28	9797	953	957
19559	28	146	953	957
20251	28	145	953	957
28520	28	2078	953	957
25396	28	1693	953	957
44434	28	916	953	957
28103	28	336	953	957
5125	28	16	953	957
57883	28	366	953	957
10252	28	752	953	957
11046	28	2109	953	957
12009	28	523	953	957
27984	28	220	953	957
16518	28	993	953	957
69618	28	50	953	957
8935	28	380	953	957
18562	28	1581	953	957
15745	28	7909	953	957
37420	28	123	953	957
91145	28	14061	953	957
38128	28	260	953	957
14157	28	253	953	957
68944	28	1468	953	957
7986	28	213	953	957
27659	28	175	953	957
93742	28	830	953	957
26521	28	1004	953	957
6105	28	236	953	957
107310	28	505	953	957
12708	28	1704	953	957
34724	28	1616	953	957
8401	28	1384	953	957
124074	28	1345	953	957
33085	28	34	953	957
19367	28	47	953	957
19177	28	83	953	957
11488	28	40	953	957
7918	28	951	953	957
31740	28	429	953	957
9613	28	9785	953	957
14020	28	235	953	957
76275	28	286	953	957
59860	28	1291	953	957
25078	28	15163	953	957
6573	28	336	953	957
75374	28	674	953	957
44503	28	333	953	957
12328	28	336	953	957
44475	28	273	953	957
21165	28	1076	953	957
26261	28	40	953	957
16291	28	1013	953	957
23273	28	217	953	957
14607	28	27	953	957
20729	28	228	953	957
33770	28	959	953	957
21567	28	121	953	957
110674	28	1105	953	957
21652	28	743	953	957
39177	28	235	953	957
10724	28	587	953	957
51845	28	13406	953	957
38608	28	419	953	957
39177	28	106	953	957
10014	28	1903	953	957
4464	28	85	953	957
74335	28	454	953	957
16000	28	996	953	957
16041	28	228	953	957
24163	28	1938	953	957
40010	28	350	953	957
19421	28	3177	953	957
21928	28	759	953	957
11175	28	51	953	957
15653	28	5257	953	957
7470	28	276	953	957
7185	28	450	953	957
29129	28	405	953	957
64384	28	37221	953	957
16537	28	875	953	957
12752	28	435	953	957
21456	28	445	953	957
26052	28	74	953	957
38628	28	2023	953	957
29268	28	996	953	957
73707	28	2015	953	957
9896	28	71	953	957
21482	28	491	953	957
18170	28	505	953	957
7154	28	98	953	957
8735	28	231	953	957
108885	28	2259	953	957
21265	28	818	953	957
8543	28	206	953	957
24398	28	811	953	957
7568	28	2114	953	957
22346	28	1423	953	957
40816	28	396	953	957
21527	28	217	953	957
49655	28	653	953	957
36377	28	1300	953	957
7154	28	102	953	957
41090	28	91	953	957
25352	28	5420	953	957
30282	28	583	953	957
38385	28	1903	953	957
43922	28	228	953	957
71216	28	27778	953	957
6808	28	1524	953	957
38537	28	1623	953	957
49470	28	931	953	957
9021	28	64	953	957
45571	28	313	953	957
33798	28	177	953	957
5709	28	29	953	957
51035	28	135	953	957
29535	28	68	953	957
101292	28	149	953	957
60019	28	40	953	957
9361	28	180	953	957
34907	28	1711	953	957
24234	28	286	953	957
23842	28	3122	953	957
74534	23	94812	953	957
12938	28	131	953	957
22565	28	429	953	957
43079	28	1745	953	957
55778	28	624	953	957
15250	28	348	953	957
30839	28	64	953	957
6619	28	661	953	957
18578	28	288	953	957
47581	28	321	953	957
16803	28	742	953	957
49209	28	1765	953	957
42082	28	89	953	957
10002	28	307	953	957
27265	28	1151	953	957
19075	28	135	953	957
59305	28	10518	953	957
13644	28	132	953	957
51890	28	1370	953	957
45709	28	470	953	957
75489	28	1468	953	957
29848	28	577	953	957
9622	28	9797	953	957
26381	23	91165	953	957
25105	28	248	953	957
38167	28	622	953	957
28672	28	961	953	957
12744	28	752	953	957
5623	28	405	953	957
12625	28	215	953	957
14062	28	1340	953	957
15564	28	582	953	957
11728	28	3778	953	957
45865	28	877	953	957
77804	28	1095	953	957
8280	28	55	953	957
122533	28	2601	953	957
36872	28	618	953	957
95198	28	756	953	957
10402	28	406	953	957
80154	28	371	953	957
15629	28	259	953	957
32306	28	20	953	957
15876	28	2215	953	957
29310	28	1978	953	957
26759	28	484	953	957
44103	28	288	953	957
18020	28	1399	953	957
14963	28	668	953	957
9855	28	3668	953	957
30776	28	1227	953	957
28611	28	973	953	957
26221	28	216	953	957
57366	28	513	953	957
15750	28	469	953	957
31230	28	1942	953	957
27762	28	72	953	957
22380	28	2660	953	957
61225	28	1690	953	957
89395	28	605	953	957
61389	28	1968	953	957
65699	28	286	953	957
58257	28	1067	953	957
18593	28	1581	953	957
15346	28	899	953	957
42795	28	311	953	957
9160	28	702	953	957
5017	28	531	953	957
5599	28	23	953	957
63831	28	170	953	957
21525	28	360	953	957
44231	28	1758	953	957
15791	28	9582	953	957
20154	28	124	953	957
36307	28	259	953	957
13611	28	124	953	957
8709	28	369	953	957
65851	28	1395	953	957
11588	28	5147	953	957
95591	28	392	953	957
21276	28	146	953	957
10775	28	449	953	957
22691	28	106	953	957
11302	28	290	953	957
12721	28	30	953	957
53901	28	402	953	957
15865	28	101	953	957
46468	28	2488	953	957
20363	28	30	953	957
69289	28	817	953	957
18402	28	402	953	957
31120	28	745	953	957
63431	28	205	953	957
103047	28	261	953	957
119076	28	622	953	957
24533	28	40	953	957
17444	28	38	953	957
71446	28	303	953	957
41576	28	5643	953	957
25221	28	114	953	957
47430	28	219	953	957
38318	28	830	953	957
19335	28	170	953	958
83628	28	2871	953	958
11582	28	817	953	958
18833	28	377	953	958
35003	28	144	953	958
14915	28	71	953	958
26181	28	390	953	958
14913	28	201	953	958
35370	28	222	953	958
47585	28	132	953	958
63957	28	1016	953	958
6934	28	379	953	958
27128	28	540	953	958
27476	28	378	953	958
23768	28	64	953	958
45733	28	491	953	958
75062	28	36469	953	958
27784	28	672	953	958
24052	28	403	953	958
5975	28	1153	953	958
37075	28	76	953	958
15984	28	328	953	958
35233	28	817	953	958
18232	28	110	953	958
9528	28	642	953	958
44842	28	1501	953	958
11540	28	102	953	958
11601	28	252	953	958
61946	28	369	953	958
61795	28	325	953	958
34521	28	49	953	958
7353	28	893	953	958
4788	28	77	953	958
71928	28	1161	953	958
8448	28	48	953	958
40490	28	71	953	958
73152	28	1028	953	958
30938	28	523	953	958
12966	28	3997	953	958
74083	28	47	953	958
20492	28	321	953	958
63811	28	1031	953	958
47939	28	412	953	958
11901	28	1559	953	958
6182	28	78	953	958
14906	28	41	953	958
22230	28	1413	953	958
8641	28	676	953	958
14504	28	184	953	958
10729	28	176	953	958
75892	28	106	953	958
3003	28	67	953	958
45505	28	917	953	958
31719	28	461	953	958
53791	23	122426	953	958
122426	23	53791	953	958
39617	28	748	953	958
17906	28	152	953	958
17575	28	146	953	958
78139	28	463	953	958
33346	28	245	953	958
79729	28	1260	953	958
52554	28	66	953	958
56528	28	310	953	958
37931	28	1841	953	958
24905	28	960	953	958
103931	28	291	953	958
12892	28	818	953	958
14552	28	44	953	958
21538	28	1628	953	958
46892	28	2527	953	958
13121	28	133	953	958
12336	28	572	953	958
31705	28	1171	953	958
22533	28	1944	953	958
80936	28	1095	953	958
19754	28	193	953	958
19442	28	76	953	958
81028	28	45	953	958
17692	28	49	953	958
58768	28	315	953	958
11883	28	289	953	958
28760	28	42	953	958
96396	28	1282	953	958
18743	28	162	953	958
36141	28	857	953	958
22338	28	134	953	958
8308	28	1199	953	958
40081	28	936	953	958
28885	28	2677	953	958
81090	28	86	953	958
20461	28	469	953	958
33813	28	91	953	958
30303	28	388	953	958
12944	28	19	953	958
21114	28	259	953	958
33969	28	317	953	958
33351	28	202	953	958
21671	28	2975	953	958
16797	28	975	953	958
19923	28	177	953	958
8047	28	33	953	958
46816	28	523	953	958
10234	28	532	953	958
8542	28	222	953	958
7912	28	649	953	958
28702	28	524	953	958
11334	28	91	953	958
30497	28	70	953	958
30323	28	68	953	958
14001	28	110	953	958
5910	28	41	953	958
33112	28	348	953	958
10585	28	107	953	958
21029	28	91	953	958
33162	28	221	953	958
61698	28	974	953	958
8322	28	27	953	958
101687	28	13180	953	958
111086	28	131	953	958
7463	28	406	953	958
22536	28	2041	953	958
33130	28	712	953	958
14192	28	3876	953	958
10936	28	1101	953	958
90344	28	7420	953	958
20723	28	573	953	958
11363	28	1164	953	958
89277	28	180	953	958
5216	28	3145	953	958
17017	28	155	953	958
9299	28	142	953	958
21876	28	22	953	958
20994	28	5079	953	958
18111	28	3395	953	958
33709	28	2766	953	958
86430	28	159	953	958
9842	28	72	953	958
14804	28	358	953	958
22490	28	13163	953	958
59758	28	1524	953	958
19771	28	22	953	958
12063	28	64	953	958
20159	28	156	953	958
92797	28	70	953	958
26978	28	615	953	958
28674	28	991	953	958
9417	28	30	953	958
32111	28	170	953	958
15925	28	1455	953	958
13257	28	535	953	958
16231	28	65	953	958
15034	28	297	953	958
9500	28	51	953	958
38784	28	1340	953	958
7617	28	41	953	958
24079	28	1656	953	958
23736	28	30	953	958
7972	28	498	953	958
15417	28	390	953	958
72431	28	3465	953	958
46408	28	539	953	958
7049	28	377	953	958
29183	28	2041	953	958
87169	28	2430	953	958
17988	28	174	953	958
20453	28	648	953	958
27701	28	95	953	958
34134	28	400	953	958
12835	28	36	953	958
33133	28	1434	953	958
11752	28	450	953	958
8127	28	917	953	958
112441	28	1059	953	958
82406	28	136	953	958
39583	28	692	953	958
15913	28	231	953	958
20470	28	290	953	958
31937	28	150	953	958
20635	28	248	953	958
116735	28	1944	953	958
28545	28	628	953	958
5967	28	51	953	958
89932	28	1684	953	958
6628	28	78	953	958
4034	28	47	953	958
16222	28	289	953	958
76245	28	7224	953	958
22357	28	120	953	958
9043	28	65	953	958
50847	28	165	953	958
5840	28	181	953	958
54983	28	16247	953	958
65375	28	88	953	958
93584	28	542	953	958
125967	28	379	953	958
49008	28	594	953	958
22627	28	174	953	958
14322	28	30	953	958
7823	28	396	953	958
44836	28	30	953	958
72579	28	735	953	958
23329	28	760	953	958
63874	28	622	953	958
16200	28	1434	953	958
20337	28	102	953	958
17266	28	37	953	958
11723	28	44	953	959
22468	28	217	953	959
98310	28	380	953	959
40858	28	1267	953	959
39803	28	3177	953	959
8118	28	43	953	959
22196	28	49	953	959
41635	28	1371	953	959
9704	28	244	953	959
17454	28	19	953	959
32120	28	43	953	959
65956	28	770	953	959
49184	28	766	953	959
49477	28	413	953	959
7959	28	63	953	959
12050	28	34	953	959
38748	28	220	953	959
40064	28	371	953	959
25469	28	248	953	959
13316	28	2019	953	959
38775	28	1652	953	959
29788	28	1743	953	959
11921	28	515	953	959
38815	28	434	953	959
22165	28	87	953	959
5555	28	16	953	959
87027	28	770	953	959
23133	28	3630	953	959
6105	28	390	953	959
17722	28	484	953	959
20137	28	132	953	959
23811	28	242	953	959
16871	28	1050	953	959
22750	28	2901	953	959
31959	28	496	953	959
8936	28	22	953	959
21093	28	239	953	959
61864	28	88	953	959
76172	28	1282	953	959
45872	28	669	953	959
18739	28	44	953	959
20543	28	726	953	959
32689	28	1159	953	959
9229	28	223	953	959
8030	28	121	953	959
18973	28	469	953	959
27062	28	251	953	959
14876	28	247	953	959
41245	28	2872	953	959
11659	28	748	953	959
18629	28	171	953	959
27053	28	315	953	959
28766	28	1964	953	959
41161	28	334	953	959
29657	28	476	953	959
24656	28	386	953	959
31448	28	57	953	959
23523	28	671	953	959
15925	28	1796	953	959
109076	28	2146	953	959
14318	28	203	953	959
17675	28	569	953	959
27261	28	239	953	959
21070	28	397	953	959
24144	28	1431	953	959
35172	28	159	953	959
26902	28	133	953	959
68380	28	263	953	959
10958	28	494	953	959
38163	28	245	953	959
44100	28	41	953	959
30537	28	378	953	959
76439	28	136	953	959
59691	28	267	953	959
31132	28	680	953	959
21753	28	496	953	959
21120	28	518	953	959
51939	28	470	953	959
69694	28	783	953	959
63278	28	240	953	959
36636	28	2024	953	959
16192	28	445	953	959
24497	28	73	953	959
35372	28	350	953	959
12729	28	169	953	959
32453	28	592	953	959
21789	28	176	953	959
13875	28	43	953	959
15669	28	510	953	959
51862	28	293	953	959
13582	28	616	953	959
38707	28	269	953	959
68905	28	3100	953	959
9649	28	1075	953	959
43113	28	883	953	959
19313	28	787	953	959
28644	28	68	953	959
7102	28	435	953	959
50833	28	92	953	959
21657	28	253	953	959
13644	28	917	953	959
33371	28	346	953	959
26591	28	227	953	959
30162	28	180	953	959
44730	28	213	953	959
12559	28	50	953	959
15699	28	798	953	959
5829	28	136	953	959
19041	28	196	953	959
27500	28	41	953	959
35089	28	48	953	959
107660	28	202	953	959
32383	28	121	953	959
123558	28	546	953	959
9011	28	230	953	959
57842	28	334	953	959
30273	28	186	953	959
36899	28	1758	953	959
12091	28	104	953	959
29190	28	263	953	959
28500	28	368	953	959
37672	28	381	953	959
10085	28	230	953	959
58260	28	1549	953	959
18187	28	461	953	959
21891	28	1920	953	959
92523	28	492	953	959
23058	28	1763	953	959
12412	28	268	953	959
27645	28	274	953	959
10649	28	57	953	959
45364	28	505	953	959
23435	28	355	953	959
29719	28	286	953	959
11608	28	331	953	959
20562	28	1411	953	959
19500	28	88	953	959
47681	28	101	953	959
5896	28	1132	953	959
33638	28	57	953	959
15980	28	501	953	959
15624	28	44	953	959
90059	28	268	953	959
83304	28	59240	953	959
16044	28	180	953	959
23574	28	129	953	959
27419	28	332	953	959
29804	28	117	953	959
56957	28	449	953	959
27860	28	76	953	959
48800	28	904	953	959
55968	28	1679	953	959
19948	28	371	953	959
6226	28	181	953	959
21840	28	436	953	959
12862	28	42	953	959
44207	28	109	953	959
66539	28	260	953	959
41206	28	783	953	959
44063	28	239	953	959
60052	28	177	953	959
12672	28	43	953	959
187859	28	1948	953	959
22427	28	103	953	960
54265	28	40668	953	960
15330	28	1944	953	960
61296	28	496	953	960
65026	28	317	953	960
31373	28	627	953	960
14436	28	180	953	960
7320	28	87	953	960
11878	28	132	953	960
15796	28	1695	953	960
22714	28	1401	953	960
27020	28	155	953	960
12264	28	1164	953	960
63236	28	244	953	960
39762	28	1444	953	960
67001	28	9000	953	960
92036	28	266	953	960
19636	28	135	953	960
15640	28	217	953	960
39996	28	101	953	960
8164	28	817	953	960
34171	28	1375	953	960
49148	28	1375	953	960
31783	28	551	953	960
33505	28	430	953	960
21653	28	48	953	960
12703	28	510	953	960
36261	28	718	953	960
40831	28	595	953	960
29687	28	1253	953	960
11391	28	540	953	960
51032	28	1444	953	960
25522	28	217	953	960
31679	28	1975	953	960
18755	28	41	953	960
9563	28	917	953	960
51032	28	470	953	960
17844	28	20	953	960
32985	28	99	953	960
26527	28	1628	953	960
17387	28	176	953	960
28493	28	213	953	960
69485	28	559	953	960
68813	28	1177	953	960
10638	28	121	953	960
76414	28	292	953	960
10535	28	27	953	960
19442	28	29	953	960
64703	28	57145	953	960
39572	28	1059	953	960
23884	28	345	953	960
24651	28	280	953	960
19336	28	136	953	960
11156	28	317	953	960
28247	28	110	953	960
44036	28	903	953	960
59224	28	2485	953	960
4970	23	5152	953	960
5152	23	4970	953	960
56409	28	5548	953	960
19696	28	4586	953	960
99741	28	957	953	960
111363	23	23041	953	960
38853	28	835	953	960
10002	28	435	953	960
151403	16	21186	953	960
9171	28	313	953	960
111064	28	1623	953	960
18061	28	55	953	960
15069	28	518	953	960
13942	28	758	953	960
36905	28	261	953	960
21815	28	1148	953	960
17252	28	252	953	960
34745	28	2175	953	960
22810	28	71	953	960
36625	28	162	953	960
19083	28	124	953	960
17767	28	508	953	960
42629	28	520	953	960
41791	28	57	953	960
62528	28	387	953	960
30373	28	121	953	960
83802	28	796	953	960
4526	28	57	953	960
32012	28	531	953	960
22179	28	397	953	960
8783	28	223	953	960
28400	28	140	953	960
11757	28	244	953	960
11068	28	181	953	960
55234	28	2353	953	960
51437	28	1662	953	960
21489	28	156	953	960
25328	28	44	953	960
46389	28	1277	953	960
13186	28	531	953	960
44729	28	989	953	960
90404	28	397	953	960
8061	28	450	953	961
98369	28	1431	953	961
36276	28	458	953	961
36410	28	178	953	961
158602	28	7794	953	961
17828	28	185	953	961
36625	28	106	953	961
37196	28	413	953	961
70860	28	143	953	961
39738	28	87	953	961
19577	28	509	953	961
75312	28	2488	953	961
35011	28	452	953	961
12025	28	464	953	961
35399	28	400	953	961
22107	28	6254	953	961
6084	28	397	953	961
25571	28	2467	953	961
11840	28	199	953	961
17743	28	1162	953	961
12401	28	153	953	961
98898	28	55	953	961
92080	28	2482	953	961
6844	28	30	953	961
43638	28	328	953	961
42647	28	850	953	961
17641	28	126	953	961
24917	28	2059	953	961
17840	28	327	953	961
44932	28	1665	953	961
50966	28	789	953	961
12681	28	18	953	961
14723	28	470	953	961
43793	28	812	953	961
12057	28	471	953	961
28013	28	22	953	961
9620	28	699	953	961
59333	28	1014	953	961
7237	28	405	953	961
30150	28	699	953	961
7863	28	428	953	961
97656	28	2315	953	961
75207	28	2032	953	961
38032	28	1277	953	961
15522	28	247	953	961
41997	28	526	953	961
26934	28	1300	953	961
55527	28	16437	953	961
38570	28	933	953	961
36605	28	917	953	961
28150	28	476	953	961
8037	28	223	953	961
53839	28	2153	953	961
94029	28	132	953	961
28717	28	1028	953	961
9989	28	428	953	961
51076	28	1153	953	961
15995	28	1277	953	961
17321	28	1853	953	961
54796	28	1788	953	961
47129	28	323	953	961
36245	28	49	953	961
20460	28	428	953	961
60480	28	1028	953	961
74842	28	1981	953	961
60369	28	143	953	961
49820	28	328	953	961
25340	28	885	953	961
51349	28	103	953	961
21026	28	869	953	961
38479	28	269	953	961
26369	28	135	953	961
7733	28	622	953	962
34171	28	1094	953	962
62687	14	23757	953	962
36507	28	1058	953	962
18331	28	242	953	962
53102	28	1135	953	962
30950	28	45	953	962
5589	28	368	953	962
11493	28	752	953	962
27651	28	917	953	962
30975	28	520	953	962
42920	28	784	953	962
9709	28	196	953	962
88655	16	15147	953	962
20637	28	413	953	962
28742	28	1282	953	962
18209	28	726	953	962
94879	28	537	953	962
65892	16	15147	953	962
125431	28	809	953	962
29032	28	355	953	962
10465	28	88	953	962
104080	28	1965	953	962
37618	23	62776	953	962
92127	28	6452	953	962
58095	28	154	953	962
28778	28	417	953	962
36429	28	1277	953	962
24579	28	55	953	962
89877	28	809	953	962
80812	28	1282	953	962
72206	28	1282	953	962
27104	28	1394	953	962
37015	28	1442	953	962
28117	28	1632	953	962
40012	28	103	953	962
63718	28	132	953	962
28052	28	2568	953	962
45513	28	184	953	962
35857	28	327	953	962
49298	28	106	953	962
80287	28	1282	953	962
23380	28	1177	953	962
111147	28	1283	953	962
17152	28	542	953	962
41612	28	913	953	963
31117	28	5962	953	963
15443	28	323	953	963
27522	28	135	953	963
105222	28	1175	953	963
28048	28	672	953	963
39319	28	423	953	963
36968	28	4201	953	963
7605	28	336	953	963
21075	28	34	953	963
101369	28	957	953	963
7911	28	1075	953	963
110047	28	1805	953	963
15777	28	1277	953	963
26721	28	1665	953	963
58795	28	280	953	963
7846	28	11974	953	963
35823	28	818	953	963
10815	28	1135	953	963
5822	28	668	953	963
33048	28	1384	953	963
14150	28	60	953	963
106032	26	59017	953	963
64242	28	1943	953	963
72096	28	42	953	963
64174	28	2977	953	963
18255	28	215	953	963
15386	28	123	953	963
101147	28	273	953	963
23745	28	957	953	963
101909	28	378	953	963
19282	28	676	953	963
131963	28	1526	953	964
157036	16	15338	953	964
6588	28	247	953	964
34062	28	55	953	964
88846	28	101	953	964
25041	28	331	953	964
25385	28	836	953	964
68913	28	2629	953	964
42682	28	184	953	964
65377	28	3452	953	964
34167	28	117	953	964
10065	28	1000	953	964
80234	28	4975	953	964
49298	28	394	953	964
19192	28	453	953	964
51931	23	70299	953	964
70299	23	51931	953	964
46455	28	29	953	964
23888	28	1223	953	964
17876	28	74	953	964
18028	28	135	953	964
12300	28	217	953	964
70243	28	1526	953	964
99474	14	4052	953	965
34462	28	1120	953	965
57684	28	1665	953	965
6462	28	60	953	965
27917	28	470	953	965
16373	28	648	953	965
69002	28	1943	953	965
34116	28	526	953	965
61320	28	217	953	965
14940	28	464	953	965
38495	28	1277	953	965
151644	28	1870	953	965
44815	28	413	953	965
129146	28	5192	953	965
16397	28	1763	953	965
61745	28	869	953	965
36456	28	413	953	965
11279	28	817	953	965
33612	28	269	953	965
69841	23	155468	953	965
30039	28	925	953	966
76135	28	809	953	966
21494	28	156	953	966
10073	28	484	953	966
121327	28	46329	953	966
51664	28	28	953	966
110665	28	50	953	966
42583	28	1260	953	966
19702	28	206	953	966
68968	28	1174	953	966
9802	28	1375	953	966
130844	28	1749	953	966
53751	28	2096	953	966
88073	28	1764	953	967
25517	28	223	953	967
57389	28	77	953	967
30624	23	22127	953	967
96917	14	86843	953	967
51840	28	413	953	967
82104	28	213	953	967
17810	28	410	953	967
17576	28	648	953	967
35033	28	220	953	967
11661	28	2871	953	967
8150	28	1000	953	967
29658	28	1178	953	968
20955	28	716	953	968
10157	28	510	953	968
11927	28	453	953	968
107694	28	1099	953	968
21140	28	596	953	968
30162	28	548	953	968
86961	16	15369	953	969
19230	28	184	953	969
70455	28	2289	954	0
60567	28	2041	954	0
38753	28	2386	954	0
70581	28	216	954	0
29031	28	445	954	0
14290	28	12819	954	0
52231	28	111	954	0
7164	14	6267	954	0
82513	28	16457	954	0
38971	28	8428	954	0
25004	28	1774	954	0
10217	28	9194	954	0
6661	28	380	954	0
29196	28	967	954	0
45229	28	110	954	0
39104	28	330	954	0
8471	28	4823	954	0
5961	28	2398	954	0
9228	28	418	954	0
29399	28	1218	954	0
96511	28	537	954	0
52812	28	413	954	0
11582	28	3064	954	0
112761	28	1150	954	0
112804	28	446	954	0
22300	28	388	954	0
61641	28	2148	954	0
7278	28	1213	954	0
24775	28	731	954	0
8491	28	800	954	0
34479	28	294	954	0
34539	28	415	954	0
5468	28	348	954	0
52218	28	712	954	0
132379	28	454	954	0
26051	28	254	954	0
5083	28	1565	954	0
60711	28	22734	954	0
5747	28	251	954	0
7988	28	2327	954	0
45223	28	32	954	0
25653	28	65	954	0
15111	28	3835	954	0
11941	14	3863	954	0
113869	28	3901	954	0
19162	28	1370	954	0
19312	28	3122	954	0
26349	28	850	954	0
40548	28	731	954	0
35124	28	1057	954	0
62925	28	1016	954	0
22960	28	19374	954	0
8771	28	378	954	0
13007	28	565	954	0
10688	28	1727	954	0
17365	14	1491	954	0
13227	28	47030	954	0
47057	28	319	954	0
63161	28	89	954	0
114376	16	54510	954	0
7373	28	3443	954	0
16458	28	1321	954	0
61719	28	452	954	0
20122	28	162	954	0
35481	28	454	954	0
63477	28	3975	954	0
13631	28	419	954	0
35562	28	507	954	0
7477	28	58	954	0
14980	28	178	954	0
9352	28	241	954	0
62349	28	1738	954	0
8121	28	251	954	0
22082	28	91	954	0
10379	28	56	954	0
60766	28	118	954	0
10831	28	1897	954	0
18575	28	548	954	0
11249	28	428	954	0
20453	28	2483	954	0
11425	28	213	954	0
14682	28	101	954	0
48030	28	615	954	0
10886	28	2293	954	0
4077	28	16405	954	0
9870	28	905	954	0
5923	28	87	954	0
55715	28	673	954	0
64697	14	1667	954	0
30973	28	1551	954	0
15235	28	593	954	0
74849	28	3526	954	0
20085	28	220	954	0
23797	28	507	954	0
7056	28	2449	954	0
12860	28	602	954	0
8237	28	1960	954	0
12864	28	1669	954	0
48780	28	3686	954	0
71849	28	26039	954	0
64204	28	781	954	0
17400	28	3835	954	0
55080	28	303	954	0
75489	28	52342	954	0
65445	28	216	954	0
48975	28	3819	954	0
6872	28	358	954	0
75689	28	1703	954	0
101000	28	42153	954	0
6382	28	259	954	0
5103	28	118	954	0
6957	28	2035	954	0
11887	28	13431	954	0
17236	28	2190	954	0
41452	28	794	954	0
25329	28	14	954	0
54641	28	603	954	0
24096	28	1110	954	0
14926	28	1152	954	0
5682	28	2748	954	0
6502	28	546	954	0
27943	28	2216	954	0
7848	28	144	954	0
11533	28	428	954	0
26547	28	565	954	0
53308	28	101643	954	0
28013	28	815	954	0
18179	28	1153	954	0
63092	28	8554	954	0
16620	28	6033	954	0
15003	28	1652	954	0
5083	28	257	954	0
10429	28	871	954	0
40834	28	1497	954	0
62890	28	1346	954	0
11525	28	227	954	0
88716	28	809	954	0
9133	28	941	954	0
118175	16	35076	954	0
76914	28	1091	954	0
10150	28	161	954	0
102485	28	1774	954	0
47264	28	462	954	0
16289	28	1535	954	0
5880	28	975	954	0
51989	28	1172	954	0
14234	28	89	954	0
21651	28	927	954	0
33379	28	1263	954	0
12909	28	439	954	0
9214	28	99	954	0
26994	28	829	954	0
18781	28	2452	954	0
12878	28	1458	954	0
18883	28	2228	954	0
19166	28	962	954	0
33911	28	540	954	0
61571	28	1218	954	0
8582	28	1057	954	0
34443	28	995	954	0
39931	28	319	954	0
57953	14	13261	954	0
77613	28	10599	954	0
40057	28	70	954	0
74310	28	1559	954	0
19520	28	186	954	0
4666	28	178	954	0
85633	28	1384	954	0
11195	28	180	954	0
19706	28	536	954	0
7937	28	2041	954	0
52629	28	5767	954	0
46591	28	13431	954	0
17315	28	1171	954	0
15205	28	5074	954	0
11391	28	1196	954	0
43544	28	934	954	0
40465	28	731	954	0
12825	28	927	954	0
137305	6	306	954	0
19603	28	410	954	0
78015	28	23413	954	0
47051	28	1734	954	0
66315	28	3820	954	0
33601	28	964	954	0
112032	14	35392	954	0
19787	28	2693	954	0
103451	28	7480	954	0
19336	28	418	954	0
42292	28	402	954	0
6146	28	2641	954	0
35438	28	153	954	0
13662	28	536	954	0
6978	28	410	954	0
