56199	28	793	963	965
15591	28	912	963	965
124799	28	40645	963	965
107500	28	673	963	965
15282	28	105	963	965
35011	28	328	963	965
33967	28	3119	963	965
13315	28	185	963	965
7620	28	175	963	965
63881	28	1801	963	965
12271	28	89	963	965
16830	28	509	963	965
12604	28	3739	963	965
66601	28	272	963	965
6358	28	219	963	965
27312	28	1182	963	965
44468	28	1063	963	965
97055	28	10491	963	965
4428	28	29	963	965
25488	28	235	963	965
27468	28	676	963	965
66838	28	83	963	965
19602	28	502	963	965
35845	28	2381	963	965
9829	28	147	963	965
80642	28	1027	963	965
75315	28	586	963	965
35843	28	888	963	965
23663	28	1664	963	965
10742	28	20	963	965
112723	28	45	963	965
7617	28	405	963	965
36983	28	3092	963	965
49184	28	532	963	965
22848	28	292	963	965
77471	28	3435	963	965
75205	28	1512	963	965
43231	28	1779	963	965
79588	28	812	963	965
28704	28	16	963	965
34842	28	39	963	965
108880	28	9261	963	965
35492	28	1562	963	965
64614	28	1049	963	965
72226	28	2843	963	965
25465	28	1404	963	965
55239	28	1332	963	965
8760	28	1213	963	965
10014	28	746	963	965
120147	28	2179	963	965
32109	28	1067	963	965
27626	28	575	963	965
49458	28	177	963	965
109045	28	1312	963	965
108391	28	1803	963	965
125949	28	963	963	965
35657	28	1749	963	965
13426	28	1061	963	965
24606	28	1263	963	965
102761	28	478	963	965
51731	28	922	963	965
38320	28	123	963	965
26026	28	1314	963	965
25197	28	174	963	965
59263	28	785	963	965
29385	28	840	963	965
31517	28	2478	963	965
81313	28	332	963	965
38476	28	1788	963	965
25096	28	363	963	965
12701	28	153	963	965
51316	28	24	963	965
12205	28	2298	963	965
70638	28	2053	963	965
9104	28	55	963	965
73101	28	1395	963	965
51203	28	1098	963	965
9331	28	1049	963	965
11837	28	628	963	965
103931	28	3364	963	965
82645	28	1840	963	965
25664	28	358	963	965
38016	28	4113	963	965
54300	28	2412	963	965
12625	28	147	963	965
21631	28	1329	963	965
31516	28	1227	963	965
50988	28	2901	963	965
88078	28	3700	963	965
19208	28	666	963	965
7814	28	159	963	965
14261	28	198	963	965
59512	28	11925	963	965
57449	28	1035	963	965
14696	28	476	963	965
92804	28	1033	963	965
13164	28	280	963	965
48495	28	528	963	965
86682	28	1383	963	965
28493	28	110	963	965
16089	28	461	963	965
24123	28	537	963	965
81431	28	1176	963	965
41721	28	1541	963	965
38115	28	102	963	965
85791	28	3119	963	965
26120	28	255	963	965
93876	28	3688	963	965
11717	28	1173	963	965
33542	28	572	963	965
71515	28	2050	963	965
76409	28	1106	963	965
14252	28	303	963	965
36700	28	1022	963	965
117936	28	11144	963	965
20203	28	29	963	965
16212	28	1900	963	965
6599	28	89	963	965
109558	28	1370	963	965
18833	28	674	963	965
87354	28	864	963	965
70674	28	205	963	965
49881	28	1147	963	965
77041	28	961	963	965
12748	28	91	963	965
109610	28	2346	963	965
30227	28	715	963	965
51184	28	1403	963	965
44163	28	803	963	965
32045	28	900	963	965
118658	28	263	963	965
21173	28	132	963	965
13267	28	2411	963	965
51194	28	419	963	965
27833	28	553	963	965
5662	28	110	963	965
66909	28	3119	963	965
47743	28	914	963	965
45069	28	686	963	965
55041	28	1370	963	965
15863	28	231	963	965
102187	28	537	963	965
16165	28	842	963	965
9492	28	725	963	965
89786	28	506	963	965
9516	28	415	963	965
108959	28	1142	963	965
67275	28	1549	963	965
34107	28	518	963	965
168567	28	395	963	965
101351	28	17870	963	965
65092	28	1499	963	965
21120	28	463	963	965
8139	28	82	963	965
115122	28	1592	963	965
57865	28	1018	963	965
38137	28	959	963	965
37447	28	936	963	965
38244	28	1107	963	965
30847	28	568	963	965
18691	28	1773	963	965
66674	28	596	963	965
75219	28	19	963	965
21056	28	408	963	965
7374	28	223	963	965
40753	28	1073	963	965
146833	28	402	963	965
38056	28	476	963	965
47371	28	91	963	965
69266	28	1529	963	965
10726	28	672	963	965
40168	28	940	963	965
27904	28	1082	963	965
7451	28	175	963	965
13582	28	595	963	965
21046	28	2576	963	965
19694	28	309	963	965
35492	28	1332	963	965
75039	28	1728	963	965
15172	28	1639	963	965
16581	28	3172	963	965
26481	28	555	963	965
15729	28	82	963	965
19537	28	1444	963	965
107922	28	146	963	965
64117	28	442	963	965
51484	28	1595	963	965
61153	28	358	963	965
44935	28	509	963	965
66704	28	4175	963	965
34343	28	887	963	965
75831	28	32737	963	965
16259	28	242	963	965
33576	28	806	963	965
17152	28	6779	963	965
15679	28	1431	963	965
119469	28	7583	963	965
33566	28	1060	963	965
169895	28	4164	963	965
19018	28	1417	963	965
28792	28	3103	963	965
45805	28	850	963	965
52537	28	144	963	965
144057	28	345	963	965
20971	28	136	963	965
13863	28	304	963	965
58207	28	1333	963	965
17434	28	83	963	965
18874	28	1383	963	965
5827	28	110	963	965
44463	28	442	963	965
59865	28	4205	963	965
23772	28	42145	963	965
6734	28	840	963	965
29227	28	2576	963	965
17542	28	840	963	965
23441	28	1083	963	965
17416	28	1495	963	965
127753	28	7372	963	965
36662	28	52	963	965
22038	28	236	963	965
72520	28	54	963	965
36562	28	69	963	965
59754	28	195	963	965
9817	28	92	963	965
98682	28	2277	963	965
33156	28	1816	963	965
6463	28	215	963	965
13922	28	401	963	965
16084	28	82	963	965
95001	28	825	963	965
48059	28	856	963	965
103944	28	1296	963	965
47160	28	1115	963	965
33437	28	2087	963	965
58236	28	83	963	965
20092	28	1887	963	965
80856	28	1771	963	965
14613	28	47	963	965
125482	28	981	963	965
27753	28	708	963	965
20291	28	295	963	965
22677	28	3331	963	965
17643	28	3938	963	965
25816	28	1333	963	965
8401	28	964	963	965
17090	28	122	963	965
29544	28	533	963	965
89808	28	1542	963	965
49560	28	345	963	965
6129	28	56	963	965
15657	28	37861	963	965
51168	28	3139	963	965
17232	28	289	963	965
11200	28	1314	963	965
28730	28	1292	963	965
34428	28	102	963	965
60012	28	1160	963	965
40368	28	134	963	965
25852	28	578	963	965
38078	28	1871	963	965
40994	28	1332	963	965
43169	28	13263	963	965
15350	28	1836	963	965
38143	28	998	963	965
43885	28	1243	963	965
59167	28	914	963	965
30545	28	4113	963	965
40752	28	214	963	965
44161	28	355	963	965
50830	28	179	963	965
109022	28	498	963	965
42279	28	377	963	965
20918	28	123	963	965
28875	28	384	963	965
30095	28	421	963	965
39013	28	1085	963	965
17028	28	6581	963	965
28491	28	1154	963	965
27255	28	1762	963	965
67141	28	1333	963	965
32268	28	791	963	965
27366	28	621	963	965
14554	28	336	963	965
16343	28	795	963	965
91146	28	1167	963	965
15253	28	732	963	965
11488	28	38	963	965
93305	28	1336	963	965
14170	28	67	963	965
65061	28	598	963	965
11524	28	1073	963	965
57997	28	6143	963	965
82823	28	48958	963	965
21538	28	5070	963	965
22801	28	959	963	965
128407	28	5852	963	965
9753	28	760	963	965
68931	28	286	963	965
23133	28	431	963	965
148926	28	931	963	965
56565	28	3750	963	965
31884	28	1006	963	965
32539	28	214	963	965
74255	28	37178	963	965
112007	28	162	963	965
17183	28	469	963	965
44617	28	1505	963	965
22744	28	992	963	965
30004	28	2270	963	965
88007	28	3914	963	965
8783	28	166	963	965
62322	28	1874	963	965
15618	28	971	963	965
34073	28	707	963	965
12290	28	940	963	965
22226	28	574	963	965
4428	28	33	963	965
25465	28	707	963	965
52555	28	1458	963	965
17080	28	746	963	965
72702	28	710	963	965
8141	28	153	963	965
10961	28	481	963	965
38478	28	219	963	965
97851	28	2119	963	965
16282	28	39	963	965
36115	28	681	963	965
6039	28	571	963	965
6843	28	343	963	965
33496	28	1305	963	965
47148	28	38991	963	965
18428	28	86	963	965
18923	28	1801	963	965
16182	28	710	963	965
73732	28	1073	963	965
102495	28	581	963	965
50491	28	501	963	965
75736	28	3414	963	965
125955	28	2117	963	965
117553	28	45	963	965
38128	28	560	963	965
32776	28	491	963	965
81811	28	796	963	965
12706	28	266	963	965
5361	28	213	963	965
18411	28	109	963	965
58109	28	3251	963	965
18929	28	630	963	965
27831	28	910	963	965
9655	28	82	963	965
18649	28	259	963	965
12712	28	192	963	965
22445	28	2179	963	965
68183	28	1688	963	965
17339	28	251	963	965
106252	28	22160	963	965
41436	28	2276	963	965
44459	28	1151	963	965
51342	28	117	963	965
13398	28	1390	963	965
34417	28	81	963	965
9258	28	83	963	965
15769	28	428	963	965
52406	28	2227	963	965
16744	28	598	963	965
57596	28	971	963	965
42886	28	607	963	965
97259	28	1286	963	965
5350	28	147	963	965
7662	28	147	963	965
12243	28	1866	963	965
28601	28	1058	963	965
49360	28	30581	963	965
24484	28	4174	963	965
41872	28	4669	963	965
15714	28	30	963	965
8751	28	481	963	965
19364	28	1431	963	965
80853	28	1317	963	965
34159	28	787	963	965
34088	28	1041	963	965
27870	28	123	963	965
12224	28	829	963	965
80476	28	360	963	965
61028	28	15634	963	965
9057	28	101	963	965
61143	28	900	963	965
32863	28	1262	963	965
21510	28	318	963	965
23299	28	578	963	965
12754	28	1918	963	965
6871	28	28	963	965
5405	28	1204	963	965
100077	28	58113	963	965
44622	28	5658	963	965
36624	28	1616	963	965
22925	28	924	963	965
19199	28	1035	963	965
30369	28	275	963	965
9399	28	477	963	965
8054	28	89	963	965
51178	28	266	963	965
19701	28	50	963	965
84456	28	19	963	965
86635	28	1172	963	965
52509	28	58	963	965
102539	28	3165	963	965
32174	28	1417	963	965
27060	28	871	963	965
52328	28	1136	963	965
69276	28	430	963	965
7882	28	357	963	965
13929	28	2125	963	965
24535	28	4117	963	965
67834	28	1655	963	965
7404	28	288	963	965
53528	28	422	963	965
19006	28	233	963	965
47379	28	615	963	965
13311	28	41	963	965
35510	28	354	963	965
4926	28	219	963	965
104085	28	73	963	965
12187	28	469	963	965
39850	28	118	963	965
107050	28	678	963	965
52415	28	332	963	965
24629	28	1026	963	965
28621	28	454	963	965
49080	28	394	963	965
95508	28	2517	963	965
9413	28	74	963	965
97274	28	3949	963	965
36700	28	181	963	965
33563	28	821	963	965
10313	28	40	963	965
19379	28	36	963	965
108254	28	263	963	965
9995	28	47	963	965
95291	28	930	963	965
21447	28	1867	963	965
57589	28	51	963	965
51421	28	328	963	965
52955	28	617	963	965
19083	28	354	963	965
15351	28	332	963	965
6347	28	248	963	965
20597	28	58	963	965
31075	28	1417	963	965
79614	28	353	963	965
25086	28	582	963	965
31013	28	136	963	965
42014	28	967	963	965
33256	28	40	963	965
91383	28	109	963	965
38134	28	975	963	965
36218	28	1965	963	965
27514	28	1227	963	965
4491	28	181	963	965
83005	28	1597	963	965
118509	28	1131	963	965
134257	28	51995	963	965
16063	28	959	963	965
13539	28	1562	963	965
44092	28	1332	963	965
23859	28	900	963	965
16965	28	74	963	965
12015	28	3597	963	965
14364	28	2203	963	965
8753	28	160	963	965
35207	28	675	963	965
41395	28	2478	963	965
13233	28	291	963	965
39729	28	1067	963	965
49615	28	1294	963	965
20476	28	1351	963	965
25933	28	1356	963	965
81486	28	752	963	965
23740	28	1035	963	965
49850	28	309	963	965
7828	28	720	963	965
17379	28	161	963	965
7032	28	153	963	965
125704	28	911	963	965
23817	28	1431	963	965
64182	28	2528	963	965
22869	28	609	963	965
49734	28	1529	963	965
30393	28	252	963	965
75375	28	211	963	965
92847	28	2941	963	965
129599	28	5808	963	965
21875	28	681	963	965
17881	28	1328	963	965
80899	28	75037	963	965
35901	28	910	963	965
87045	28	3561	963	965
12955	28	89	963	965
16222	28	213	963	965
16380	28	3700	963	965
24558	28	145	963	965
21610	28	201	963	965
60022	28	678	963	965
27567	28	486	963	965
125554	28	1421	963	965
35352	28	453	963	965
59005	28	430	963	965
10487	28	328	963	965
10328	28	392	963	965
89506	28	245	963	965
54697	28	386	963	965
66392	28	2846	963	965
22919	28	2223	963	965
41350	28	840	963	965
28676	28	23	963	965
111519	28	5059	963	965
41007	28	1520	963	965
82050	28	2228	963	965
20074	28	506	963	965
36999	28	883	963	965
69529	28	1945	963	965
30530	28	1179	963	965
88224	28	1066	963	965
16553	28	1139	963	965
70112	28	131	963	965
25610	28	933	963	965
11601	28	1293	963	965
26714	28	803	963	965
35563	28	1022	963	965
13846	28	388	963	965
59571	28	1660	963	965
14869	28	2334	963	965
110755	28	1001	963	965
111567	28	1544	963	965
16042	28	29	963	965
12335	28	2875	963	965
28225	28	1082	963	965
47315	28	657	963	965
16221	28	421	963	965
48425	28	1659	963	965
29288	28	676	963	965
18923	28	124	963	965
105223	28	70	963	965
70036	28	2289	963	965
8908	28	49	963	965
37068	28	61	963	965
11162	28	162	963	965
124976	28	3173	963	965
63185	28	1030	963	965
12890	28	828	963	965
51201	28	447	963	965
27367	28	1144	963	965
57589	28	973	963	965
81256	28	223	963	965
112207	28	80298	963	965
23749	28	967	963	965
23934	28	1312	963	965
27884	28	1027	963	965
140111	28	5385	963	965
51005	28	98	963	965
12511	28	318	963	965
48064	28	5153	963	965
10502	28	337	963	965
29186	28	2788	963	965
10116	28	430	963	965
20515	28	288	963	965
62827	28	1968	963	965
51403	28	2051	963	965
26667	28	508	963	965
26700	28	469	963	965
17092	28	44	963	965
30175	28	5171	963	965
12073	28	214	963	965
19002	28	1092	963	965
70277	28	23	963	965
77310	28	1492	963	965
104882	28	263	963	965
5402	28	222	963	965
34671	28	2545	963	965
69607	28	1312	963	965
24846	28	28	963	965
27921	28	317	963	965
24626	28	126	963	965
33443	28	242	963	965
7964	28	304	963	965
47584	28	1496	963	965
39502	28	2358	963	965
10743	28	126	963	965
10430	28	168	963	965
47877	28	1734	963	965
103707	28	2534	963	965
33649	28	1465	963	965
16830	28	45	963	965
27806	28	619	963	965
51481	28	274	963	965
120517	28	3765	963	965
20588	28	141	963	965
86648	28	114	963	965
63090	28	315	963	965
103862	28	273	963	965
15998	28	219	963	965
10658	28	1949	963	965
28856	28	1624	963	965
94753	28	1651	963	965
26181	28	1116	963	965
8763	28	757	963	965
17546	28	454	963	965
10970	28	311	963	965
17825	28	996	963	965
10749	28	141	963	965
13313	28	171	963	965
16219	28	1741	963	965
88279	28	409	963	965
12697	28	2786	963	965
27577	28	47	963	965
28130	28	331	963	965
8201	28	74	963	965
87245	28	1395	963	965
37256	28	753	963	965
14244	28	354	963	965
28071	28	959	963	965
72022	28	1803	963	965
74290	28	1116	963	965
70222	28	37274	963	965
104797	28	1811	963	965
5592	28	188	963	965
23885	28	41	963	965
14867	28	391	963	965
51742	28	3930	963	965
50688	28	390	963	965
37456	28	391	963	965
11045	28	433	963	965
70334	28	703	963	965
64649	28	266	963	965
19734	28	436	963	965
11679	28	174	963	965
32386	28	1293	963	965
12296	28	19	963	965
88043	28	42240	963	965
90466	28	1896	963	965
34594	28	378	963	965
70362	28	592	963	965
124817	28	1223	963	965
17734	28	575	963	965
73120	28	1066	963	965
12393	28	16	963	965
58285	28	1013	963	965
57444	28	720	963	965
15616	28	145	963	965
70344	28	220	963	965
19437	28	1345	963	965
82042	28	454	963	965
29232	28	3100	963	965
93233	28	19402	963	965
17059	28	70	963	965
33143	28	4246	963	965
33130	28	1692	963	965
26176	28	1582	963	965
19814	28	996	963	965
13776	28	509	963	965
17508	28	364	963	965
10486	28	784	963	965
35915	28	715	963	965
73021	28	1396	963	965
60612	28	2575	963	965
13052	28	1734	963	965
91592	28	309	963	965
40574	28	2605	963	965
19693	28	4978	963	965
21138	28	530	963	965
32120	28	23	963	965
153175	28	3073	963	965
38324	28	251	963	965
63660	28	13412	963	965
50133	28	1291	963	965
13550	28	914	963	965
41686	28	1492	963	965
48382	28	578	963	965
9690	28	239	963	965
33856	28	2058	963	965
75717	28	4235	963	965
23447	28	504	963	965
46582	28	42	963	965
19674	28	239	963	965
31136	28	607	963	965
55546	28	2632	963	965
59983	28	905	963	965
14278	28	492	963	965
106150	28	1559	963	965
16276	28	153	963	965
44150	28	959	963	965
16432	28	58	963	965
7358	28	79	963	965
49273	28	1627	963	965
40740	28	592	963	965
33214	28	143	963	965
77583	28	4605	963	965
153394	28	3073	963	965
82412	28	47	963	965
16225	28	428	963	965
77835	28	336	963	965
81902	28	680	963	965
8158	28	753	963	965
9020	28	118	963	965
44214	28	30463	963	965
16450	28	829	963	965
70473	28	4051	963	965
136463	28	848	963	965
38901	28	5852	963	965
15088	28	3103	963	965
15289	28	463	963	965
14018	28	974	963	965
85214	28	506	963	965
6812	28	445	963	965
27488	28	388	963	965
36436	28	1024	963	965
16003	28	56	963	965
38238	28	989	963	965
68345	28	1061	963	965
13374	28	290	963	965
55565	28	123	963	965
8256	28	61	963	965
67951	28	6254	963	965
35734	28	760	963	965
45945	28	3446	963	965
40164	28	1296	963	965
21164	28	381	963	965
24465	28	1334	963	965
11046	28	23	963	965
10076	28	2452	963	965
80440	28	1656	963	965
69442	28	796	963	965
46253	28	988	963	965
42645	28	2068	963	965
26537	28	83	963	965
70726	28	906	963	965
122692	28	989	963	965
58814	28	36	963	965
6699	28	242	963	965
44622	28	35195	963	965
30295	28	392	963	965
32005	28	515	963	965
81597	28	1898	963	965
21514	28	509	963	965
21596	28	156	963	965
109222	28	421	963	965
32268	28	536	963	965
40938	28	386	963	965
46001	28	174	963	965
24647	28	793	963	965
40261	28	587	963	965
40868	28	784	963	965
37346	28	1199	963	965
36962	28	384	963	965
102533	28	2553	963	965
12965	28	1289	963	965
79588	28	1945	963	965
81878	28	2154	963	965
56187	28	4143	963	965
9907	28	1367	963	965
25535	28	3597	963	965
58835	28	295	963	965
108026	28	17986	963	965
40624	28	694	963	965
124019	28	4251	963	965
93807	28	1950	963	965
51575	28	3999	963	965
85322	28	334	963	965
84170	28	41	963	965
106931	28	2376	963	965
64813	28	598	963	965
28841	28	196	963	965
69830	28	888	963	965
24211	28	572	963	965
12173	28	294	963	965
56561	28	591	963	965
68954	28	524	963	965
20655	28	1155	963	965
27457	28	262	963	965
51269	28	756	963	965
49924	28	2968	963	965
37023	28	754	963	965
117850	28	2728	963	965
18669	28	1275	963	965
111476	28	1543	963	965
71763	28	13217	963	965
51128	28	1864	963	965
12058	28	1161	963	965
52940	28	5160	963	965
49493	28	832	963	965
34329	28	3047	963	965
40185	28	1057	963	965
26991	28	6779	963	965
15994	28	280	963	965
67546	28	42	963	965
69911	28	390	963	965
15252	28	236	963	965
10723	28	4179	963	965
30977	28	370	963	965
29214	28	1801	963	965
38215	28	1383	963	965
72219	28	66	963	965
45336	28	1639	963	965
39804	28	612	963	965
59936	28	186	963	965
9363	28	691	963	965
7192	28	219	963	965
44648	28	1577	963	965
5529	28	150	963	965
129831	28	796	963	965
27963	28	784	963	965
9603	28	387	963	965
15412	28	57	963	965
28785	28	911	963	965
44309	28	174	963	965
50787	28	233	963	965
49033	28	1924	963	965
73267	28	490	963	965
32399	28	507	963	965
130827	28	5755	963	965
13784	28	780	963	965
35513	28	503	963	965
38181	28	502	963	965
13533	28	105	963	965
7711	28	770	963	965
23913	28	2668	963	965
92017	28	1319	963	965
37951	28	3388	963	965
15098	28	502	963	965
38506	28	1331	963	965
76850	28	1664	963	965
48632	28	253	963	965
31422	28	51	963	965
18391	28	1850	963	965
4875	28	150	963	965
34345	28	1124	963	965
53391	28	1600	963	965
15732	28	3834	963	965
57258	28	4533	963	965
28790	28	40	963	965
17854	28	236	963	965
50591	28	2605	963	965
105447	28	522	963	965
86284	28	2022	963	965
83127	28	574	963	965
10465	28	166	963	965
27815	28	708	963	965
89395	28	920	963	965
13381	28	31	963	965
30497	28	647	963	965
40167	28	1481	963	965
11687	28	51	963	965
17570	28	913	963	965
5996	28	52	963	965
14172	28	1395	963	965
68920	28	171	963	965
26179	28	317	963	965
51885	28	135	963	965
12776	28	92	963	965
74566	28	11092	963	965
26469	28	990	963	965
11771	28	228	963	965
20596	28	89	963	965
63912	28	830	963	965
66109	28	2247	963	965
53672	28	1357	963	965
15575	28	178	963	965
55046	28	1741	963	965
94353	28	2335	963	965
29208	28	42	963	965
25050	28	343	963	965
9457	28	856	963	965
152469	28	2742	963	965
22443	28	3222	963	965
16333	28	622	963	965
94108	28	1839	963	965
9299	28	61	963	965
7575	28	398	963	965
38312	28	455	963	965
33083	28	325	963	965
121510	28	10620	963	965
21099	28	1600	963	965
20646	28	1336	963	965
32869	28	572	963	965
24428	28	3626	963	965
4557	28	912	963	965
41698	28	1092	963	965
45858	28	2965	963	965
20448	28	2762	963	965
25838	28	222	963	965
50096	28	147	963	965
92640	28	4152	963	965
58424	28	15083	963	965
64961	28	4682	963	965
20379	28	1461	963	965
53749	28	88	963	965
53545	28	112	963	965
53489	28	129700	963	965
37107	28	5355	963	965
23536	28	1309	963	965
31945	28	560	963	965
46822	28	491	963	965
92265	28	1196	963	965
12065	28	91	963	965
42060	28	52	963	965
39282	28	476	963	965
12754	28	1030	963	965
53141	28	1793	963	965
12478	28	78	963	965
25906	28	1139	963	965
67175	28	897	963	965
24760	28	981	963	965
69723	28	18363	963	965
57398	28	3892	963	965
116673	28	4068	963	965
109312	28	22768	963	965
31752	28	1223	963	965
90913	28	330	963	965
130368	28	2412	963	965
107397	28	1316	963	965
91665	28	610	963	965
17411	28	133	963	965
67824	28	1652	963	965
17321	28	1796	963	965
21397	28	44	963	965
28836	28	463	963	965
45081	28	16413	963	965
40383	28	489	963	965
61834	28	2323	963	965
10713	28	791	963	965
9405	28	1127	963	965
44575	28	159	963	965
95630	28	3926	963	965
15794	28	931	963	965
22965	28	185	963	965
93391	28	364	963	965
35891	28	193	963	965
14407	28	526	963	965
12762	28	184	963	965
17690	28	236	963	965
7828	28	2692	963	965
40895	28	678	963	965
57414	28	1136	963	965
32973	28	280	963	965
28760	28	1161	963	965
54767	28	692	963	965
5950	28	596	963	965
23742	28	242	963	965
27490	28	924	963	965
21427	28	220	963	965
38217	28	3073	963	965
124701	28	1421	963	965
12368	28	899	963	965
45976	28	498	963	965
31959	28	686	963	965
92396	28	2668	963	965
39223	28	1204	963	965
15704	28	842	963	965
12803	28	1801	963	965
44053	28	1431	963	965
23422	28	1139	963	965
131001	28	1139	963	965
10568	28	37	963	965
14232	28	977	963	965
20641	28	537	963	965
81401	28	1867	963	965
13834	28	465	963	965
118257	28	92894	963	965
44232	28	136	963	965
36906	28	2153	963	965
40387	28	531	963	965
13417	28	1107	963	965
72512	28	232	963	965
31909	28	66	963	965
95677	28	866	963	965
25650	28	150	963	965
27731	28	715	963	965
10805	28	83	963	965
24545	28	1158	963	965
49288	28	1806	963	965
77284	28	925	963	965
54674	28	2138	963	965
80289	28	3667	963	965
108319	28	1002	963	965
57003	28	132	963	965
44269	28	310	963	965
130762	28	392	963	965
98043	28	922	963	965
65640	28	85	963	965
41205	28	165	963	965
44549	28	250	963	965
30203	28	360	963	965
27484	28	560	963	965
81898	28	979	963	965
69473	28	357	963	965
52905	28	570	963	965
25619	28	651	963	965
34759	28	1596	963	965
19377	28	222	963	965
49223	28	1801	963	965
77401	28	1096	963	965
30789	28	245	963	965
32582	28	220	963	965
107645	28	1400	963	965
44703	28	318	963	965
92993	28	3920	963	965
25465	28	159	963	965
13962	28	33	963	965
79202	28	31818	963	965
59220	28	1030	963	965
56084	28	5211	963	965
80167	28	570	963	965
32186	28	1400	963	965
32895	28	575	963	965
26960	28	501	963	965
21157	28	5658	963	965
12330	28	758	963	965
70400	28	1370	963	965
56384	28	1112	963	965
26193	28	1653	963	965
62551	28	6894	963	965
130922	28	71	963	965
22885	28	1641	963	965
25763	28	239	963	965
36322	28	647	963	965
49628	28	5713	963	965
9761	28	44	963	965
94753	28	2227	963	965
82534	28	14446	963	965
24021	28	1492	963	965
32873	28	1335	963	965
16077	28	1394	963	965
26492	28	297	963	965
92649	28	3794	963	965
20946	28	819	963	965
23452	28	516	963	965
28369	28	100	963	965
29319	28	486	963	965
67951	28	911	963	965
16199	28	1488	963	965
25832	28	1067	963	965
6616	28	1917	963	965
17761	28	504	963	965
17422	28	905	963	965
41879	28	355	963	965
36933	28	1312	963	965
37143	28	986	963	965
16219	28	1324	963	965
35751	28	369	963	965
18055	28	286	963	965
40911	28	5089	963	965
47260	28	195	963	965
44216	28	89	963	965
14258	28	548	963	965
45770	28	1309	963	965
12507	28	99	963	965
14125	28	1867	963	965
17082	28	155	963	965
51243	28	4083	963	965
72405	28	830	963	965
102797	28	2068	963	965
24528	28	134	963	965
38723	28	914	963	965
7056	28	1806	963	965
26260	28	491	963	965
20516	28	354	963	965
27681	28	593	963	965
101909	28	363	963	965
73468	28	1339	963	965
17624	28	121	963	965
38532	28	1731	963	965
9609	28	297	963	965
17369	28	575	963	965
120685	28	3926	963	965
127059	28	2788	963	965
7516	28	175	963	965
29373	28	558	963	965
31449	28	110	963	965
51552	28	1321	963	965
82178	28	4696	963	965
61498	28	2423	963	965
20835	28	331	963	965
51374	28	1144	963	965
55034	28	292	963	965
62801	28	842	963	965
83246	28	1257	963	965
28842	28	2791	963	965
68715	28	87	963	965
48841	28	1651	963	965
17425	28	1077	963	965
9330	28	1509	963	965
27333	28	107	963	965
81566	28	2117	963	965
76087	28	42	963	965
7922	28	203	963	965
69903	28	516	963	965
28493	28	195	963	965
11670	28	140	963	965
18609	28	572	963	965
15449	28	379	963	965
32169	28	1379	963	965
109792	28	27067	963	965
69396	28	703	963	965
95240	28	1137	963	965
62971	28	1092	963	965
16442	28	1505	963	965
60060	28	1499	963	965
27979	28	82	963	965
89948	28	3914	963	965
41165	28	992	963	965
32970	28	509	963	965
15208	28	22	963	965
18918	28	753	963	965
82016	28	506	963	965
7952	28	2663	963	965
25355	28	643	963	965
42490	28	2733	963	965
40158	28	1296	963	965
11734	28	905	963	965
126947	28	1359	963	965
24429	28	524	963	965
79042	28	1523	963	965
20300	28	623	963	965
36479	28	430	963	965
28026	28	603	963	965
44722	28	840	963	965
74853	28	4281	963	965
39976	28	401	963	965
23722	28	152	963	965
78381	28	1164	963	965
10481	28	612	963	965
116457	28	1401	963	965
36893	28	328	963	965
49596	28	78	963	965
31434	28	1221	963	965
87832	28	1402	963	965
15502	28	105	963	965
26856	28	960	963	965
25617	28	1785	963	965
104490	28	967	963	965
53487	28	14137	963	965
40778	28	2659	963	965
29910	28	2742	963	965
18415	28	511	963	965
6627	28	5755	963	965
87692	28	3080	963	965
31519	28	142	963	965
80967	28	1262	963	965
11367	28	201	963	965
33494	28	1434	963	965
36226	28	135	963	965
30505	28	9811	963	965
7114	28	132	963	965
20520	28	88	963	965
18271	28	289	963	965
32872	28	891	963	965
8210	28	219	963	965
32438	28	716	963	965
51198	28	5525	963	965
57579	28	1018	963	965
12803	28	124	963	965
31544	28	1253	963	965
46849	28	2733	963	965
14552	28	67	963	965
69102	28	328	963	965
9352	28	699	963	965
61066	28	1527	963	965
82697	28	1251	963	965
26968	28	14617	963	965
100942	28	4429	963	965
26226	28	756	963	965
38572	28	215	963	965
24695	28	455	963	966
11187	28	58	963	966
24812	28	759	963	966
60669	28	2740	963	966
11272	28	637	963	966
24847	28	522	963	966
44944	28	1365	963	966
38891	28	1537	963	966
9065	28	277	963	966
52406	28	417	963	966
18855	28	1581	963	966
18892	28	508	963	966
29281	28	1581	963	966
82740	28	353	963	966
18949	28	188	963	966
29354	28	132	963	966
96332	28	95	963	966
16636	28	995	963	966
52662	28	722	963	966
53039	28	4175	963	966
96831	28	1918	963	966
39644	28	511	963	966
83424	28	1484	963	966
34392	28	289	963	966
97102	28	2381	963	966
19604	28	317	963	966
83880	28	491	963	966
40000	28	155	963	966
26087	28	506	963	966
97602	28	328	963	966
40296	28	73	963	966
26204	28	469	963	966
17023	28	166	963	966
22846	28	180	963	966
46668	28	1887	963	966
72633	28	2119	963	966
19736	28	28	963	966
113643	28	5547	963	966
54212	28	2158	963	966
35176	28	220	963	966
62509	28	1677	963	966
8056	28	348	963	966
84940	28	2611	963	966
47201	28	467	963	966
26683	28	263	963	966
82244	28	1286	963	966
26720	28	787	963	966
20283	28	610	963	966
52076	28	995	963	966
8043	28	7708	963	966
114907	28	146	963	966
133711	28	6880	963	966
23379	28	158	963	966
73730	28	2528	963	966
63864	28	2577	963	966
11892	28	477	963	966
47913	28	303	963	966
99376	28	1279	963	966
64259	28	2563	963	966
38873	28	292	963	966
16658	28	286	963	966
86371	28	379	963	966
26474	28	1154	963	966
35329	28	919	963	966
11957	28	66	963	966
116046	28	3153	963	966
17464	28	101	963	966
45484	28	1629	963	966
20057	28	346	963	966
9747	28	961	963	966
18533	28	1956	963	966
14581	28	155	963	966
65017	28	616	963	966
64703	28	54120	963	966
15553	28	1070	963	966
83911	28	1320	963	966
56154	28	746	963	966
15835	28	2522	963	966
36631	28	552	963	966
7184	28	983	963	966
114972	28	1926	963	966
75462	28	610	963	966
65425	28	22251	963	966
42418	28	1675	963	966
9143	28	1253	963	966
13269	28	735	963	966
9820	28	149	963	966
42482	28	548	963	966
7191	28	363	963	966
46281	28	740	963	966
46423	28	1777	963	966
42566	28	203	963	966
11039	28	754	963	966
65243	28	605	963	966
42733	28	459	963	966
65856	28	1417	963	966
17040	28	354	963	966
17472	28	1697	963	966
21108	28	1136	963	966
47288	28	1596	963	966
63277	28	3985	963	966
88176	28	7654	963	966
88181	28	44	963	966
17569	28	630	963	966
42979	28	1847	963	966
34352	28	3282	963	966
10536	28	380	963	966
88734	28	3788	963	966
88805	28	455	963	966
85101	28	1132	963	966
12768	28	693	963	966
42227	28	1400	963	966
71501	28	353	963	966
86075	28	1850	963	966
6688	28	27	963	966
29205	28	174	963	966
45216	28	328	963	966
12973	28	693	963	966
25156	28	910	963	966
89263	28	34698	963	966
13033	28	812	963	966
42578	28	842	963	966
39518	28	910	963	966
14251	28	45	963	966
74633	28	1254	963	966
46025	28	177	963	966
19409	28	142	963	966
85219	28	605	963	966
19435	28	77	963	966
12940	28	2114	963	966
13267	28	1506	963	966
8643	28	120	963	966
137812	28	3958	963	966
54768	28	4845	963	966
13298	28	423	963	966
7679	28	193	963	966
30242	28	159	963	966
11898	28	31	963	966
30179	28	866	963	966
40129	28	236	963	966
29102	28	909	963	966
17254	28	165	963	966
17307	28	236	963	966
14959	28	256	963	966
11979	28	142	963	966
90124	28	536	963	966
19974	28	1223	963	966
29764	28	516	963	966
73904	28	570	963	966
35377	28	1900	963	966
18847	28	310	963	966
30716	28	235	963	966
90334	28	1614	963	966
30941	28	178	963	966
20183	28	3414	963	966
7173	28	969	963	966
23266	28	165	963	966
46583	28	669	963	966
63652	28	412	963	966
78388	28	1380	963	966
45087	28	1227	963	966
41317	28	2430	963	966
56076	28	2564	963	966
37783	28	885	963	966
47652	28	454	963	966
47865	28	507	963	966
55195	28	1290	963	966
20472	28	676	963	966
23463	28	102	963	966
27050	28	988	963	966
36059	28	390	963	966
40655	28	102	963	966
33887	28	1679	963	966
105047	28	1363	963	966
120124	28	1359	963	966
20773	28	423	963	966
78655	28	1677	963	966
121294	28	1096	963	966
78878	23	101167	963	966
55342	28	5009	963	966
62106	28	56	963	966
14301	28	559	963	966
29801	28	1117	963	966
20523	28	975	963	966
48712	28	492	963	966
24817	28	193	963	966
100659	28	500	963	966
26870	28	159	963	966
40011	28	201	963	966
140318	28	3235	963	966
55469	28	1903	963	966
8812	28	674	963	966
17539	28	956	963	966
121871	28	16107	963	966
28993	28	694	963	966
18078	28	36	963	966
87763	28	135791	963	966
30909	28	556	963	966
49119	28	325	963	966
36947	28	542	963	966
25231	28	169	963	966
14524	28	403	963	966
11236	28	105	963	966
91881	28	16107	963	966
42869	28	5355	963	966
65974	28	242	963	966
79471	28	6388	963	966
24905	28	253	963	966
113316	28	2187	963	966
106177	28	2057	963	966
17112	28	51	963	966
92019	28	210	963	966
57266	28	1052	963	966
57306	28	141	963	966
106347	28	79580	963	966
27479	28	155	963	966
43081	28	2753	963	966
26099	28	328	963	966
83617	28	1190	963	966
106589	28	28949	963	966
106057	28	5547	963	966
122960	28	3993	963	966
10460	28	900	963	966
47897	28	1267	963	966
26285	28	1096	963	966
100845	28	2728	963	966
50966	28	369	963	966
31639	28	102	963	966
68827	28	1659	963	966
27287	28	1239	963	966
18116	28	121	963	966
62021	28	2517	963	966
51134	28	956	963	966
9441	28	366	963	966
29319	28	1653	963	966
67738	28	198	963	966
66020	28	390	963	966
106435	28	2381	963	966
92583	28	1043	963	966
59467	28	1239	963	966
59487	28	2203	963	966
38220	28	760	963	966
32650	28	795	963	966
84895	28	3446	963	966
56366	28	1136	963	966
13125	28	554	963	966
51305	28	755	963	966
69187	28	623	963	966
62867	28	318	963	966
16228	28	169	963	966
22614	28	496	963	966
121102	28	2135	963	966
93000	28	981	963	966
45330	28	1335	963	966
143083	14	4374	963	966
21000	28	647	963	966
51348	28	1158	963	966
51384	28	814	963	966
68364	28	740	963	966
44329	28	1096	963	966
21536	28	92	963	966
19318	28	231	963	966
54669	28	1105	963	966
99572	28	754	963	966
57077	28	1752	963	966
16358	28	114	963	966
8675	28	140	963	966
24445	28	145	963	966
25730	28	610	963	966
48100	28	1096	963	966
124567	28	1666	963	966
49478	28	5047	963	966
77913	28	46284	963	966
91709	28	985	963	966
18960	28	1158	963	966
19579	28	231	963	966
93486	28	2301	963	966
19209	28	1359	963	966
12790	28	1430	963	966
63037	28	725	963	966
72502	28	1968	963	966
36932	28	4135	963	966
40515	28	1314	963	966
28570	28	778	963	966
38325	28	593	963	966
91028	28	3872	963	966
20961	28	120	963	966
14263	28	260	963	966
16061	28	82	963	966
93692	28	1998	963	966
56774	28	1616	963	966
28763	28	95	963	966
42847	28	1629	963	966
6396	28	799	963	966
42271	28	198	963	966
22303	28	345	963	966
47967	28	1682	963	966
52142	28	211	963	966
24993	28	81	963	966
87065	28	1144	963	966
93828	28	848	963	966
12813	28	47	963	966
88659	28	1096	963	966
24588	28	49	963	966
39962	28	1199	963	966
8361	28	68	963	966
49425	28	392	963	966
54635	28	2412	963	966
14882	28	2558	963	966
69793	28	2697	963	966
116387	28	456	963	966
14133	28	156	963	966
13321	28	241	963	966
49172	28	421	963	966
97135	28	8823	963	966
30571	28	169	963	966
23909	28	1058	963	966
28551	28	282	963	966
30713	28	445	963	966
12451	28	101	963	966
8805	28	86	963	966
16302	28	81	963	966
12240	28	155	963	966
66345	28	436	963	966
14708	28	262	963	966
36636	28	1005	963	966
11972	28	33	963	966
13134	28	1012	963	966
54989	28	596	963	966
40417	28	1402	963	966
32454	28	708	963	966
40174	28	1562	963	966
108817	28	131	963	966
13991	28	778	963	966
45227	28	817	963	966
100209	28	121	963	966
102660	28	1850	963	966
16264	28	57	963	966
18644	28	19	963	966
81366	28	1811	963	966
15976	28	24	963	966
24086	28	170	963	966
58505	28	2024	963	966
126326	28	475	963	966
43990	28	907	963	966
18393	28	368	963	966
74726	28	20160	963	966
72857	28	649	963	966
45197	28	766	963	966
16175	28	175	963	966
82604	28	238	963	966
20705	28	535	963	966
64735	28	2477	963	966
61223	28	3416	963	966
67374	28	1601	963	966
63837	28	639	963	966
55990	28	1830	963	966
92740	28	259	963	966
30389	28	117	963	966
12273	28	1096	963	966
35617	28	201	963	966
102284	28	1752	963	966
59797	28	971	963	966
15080	28	22	963	966
48989	28	51	963	966
6246	28	272	963	966
31869	28	558	963	966
14177	28	377	963	966
51152	28	506	963	966
66164	28	2048	963	966
80402	28	318	963	966
47119	28	1162	963	966
22594	28	1050	963	966
58145	28	4155	963	966
23955	28	103	963	966
101204	28	64	963	966
94753	28	417	963	966
109948	28	4488	963	966
8845	28	64	963	966
49310	28	124	963	966
58833	28	1151	963	966
58338	28	1779	963	966
38163	28	309	963	966
18622	28	124	963	966
20212	28	1875	963	966
65963	28	6726	963	966
33031	28	723	963	966
6877	28	766	963	966
34748	28	490	963	966
72590	28	1296	963	966
7867	28	753	963	966
86498	28	495	963	966
69434	28	1118	963	966
26649	28	1022	963	966
9103	28	144	963	966
14376	28	161	963	966
22490	28	354	963	966
19938	28	47	963	966
27480	28	846	963	966
20718	28	203	963	966
29816	28	1861	963	966
24217	28	67	963	966
38603	28	98723	963	966
51571	28	1722	963	966
34751	28	757	963	966
15548	28	247	963	966
79151	28	1968	963	966
86238	28	160	963	966
12248	28	129	963	966
40704	28	920	963	966
18211	28	146	963	966
11790	28	2114	963	966
9010	28	493	963	966
70822	28	1861	963	966
8451	28	85	963	966
10890	28	1900	963	966
16053	28	441	963	966
14797	28	111	963	966
81032	28	417	963	966
31815	28	255	963	966
67217	28	1730	963	966
9562	28	735	963	966
15838	28	159	963	966
28446	28	1987	963	966
55328	28	442	963	966
9659	28	231	963	966
38445	28	16	963	966
11628	28	65	963	966
67935	28	1617	963	966
38385	28	1123	963	966
52033	28	2187	963	966
26774	28	620	963	966
21572	28	643	963	966
21425	28	1124	963	966
12726	28	377	963	966
15120	28	514	963	966
97889	28	3896	963	966
34070	28	637	963	966
18186	28	109	963	966
37577	28	612	963	966
128509	28	680	963	966
25991	28	1629	963	966
15664	28	64	963	966
23819	28	256	963	966
79600	28	2089	963	966
9193	28	556	963	966
23518	28	458	963	966
22049	28	87	963	966
66684	28	435	963	966
9061	28	117	963	966
50013	28	193	963	966
31881	28	931	963	966
65768	28	1995	963	966
20304	28	910	963	966
7116	28	1693	963	966
36821	28	145	963	966
26208	28	1847	963	966
22879	28	1731	963	966
56007	28	456	963	966
88488	28	956	963	966
70301	28	3544	963	966
11258	28	40	963	966
82343	28	1096	963	966
107118	28	238	963	966
28769	28	3707	963	966
21753	28	253	963	966
120896	28	1682	963	966
94110	28	392	963	966
42707	28	875	963	966
32353	28	44	963	966
88009	28	2568	963	966
82243	28	954	963	966
36123	28	1058	963	966
14119	28	733	963	966
36047	28	492	963	966
20702	28	954	963	966
67477	28	1190	963	966
8203	28	170	963	966
16464	28	2837	963	966
14373	28	843	963	966
24479	28	900	963	966
67006	28	1370	963	966
14925	28	112	963	966
60225	28	51	963	966
40055	28	1221	963	966
27797	28	1082	963	966
60432	28	112	963	966
32308	28	155	963	966
9712	28	56	963	966
66345	28	16107	963	966
82640	28	16	963	966
8138	28	49	963	966
20664	28	253	963	966
118539	28	3781	963	966
150580	28	3326	963	966
17110	28	887	963	966
111256	28	3836	963	966
8502	28	181	963	966
41422	28	121	963	966
21983	28	920	963	966
21141	28	30	963	966
35808	28	4037	963	966
42661	28	1268	963	966
21248	28	1481	963	966
35163	28	3892	963	966
56395	28	133	963	966
21901	28	49	963	966
15693	28	99	963	966
12503	28	168	963	966
36584	28	1629	963	966
17179	28	4051	963	966
28019	28	1020	963	966
51486	28	15683	963	966
21465	28	1063	963	966
95276	28	1314	963	966
29599	28	423	963	966
129607	28	145	963	966
19450	28	695	963	966
7949	23	5914	963	966
5914	23	7949	963	966
24405	28	1359	963	966
77082	28	144	963	966
38938	28	202	963	966
88889	28	1634	963	966
8365	28	64	963	966
10636	28	110	963	966
5838	28	72	963	966
30844	28	597	963	966
27020	28	1228	963	966
17973	28	1107	963	966
25005	28	890	963	966
41071	28	1139	963	966
80852	28	5616	963	966
38530	28	69	963	966
14496	28	293	963	966
8259	28	108620	963	966
15423	28	575	963	966
38428	28	794	963	966
11853	28	2197	963	966
13961	28	508	963	966
71563	28	103	963	966
9784	28	366	963	966
14348	28	248	963	966
47297	28	1293	963	966
17433	28	4488	963	966
58795	28	675	963	966
22023	28	623	963	966
6326	28	568	963	966
23190	28	98	963	966
37012	28	129643	963	966
42832	28	47	963	966
95123	28	899	963	966
51841	28	1138	963	966
36482	28	1127	963	966
42068	28	386	963	966
22113	28	387	963	966
110869	28	1213	963	966
32566	28	30	963	966
45614	28	722	963	966
27655	28	1816	963	966
103907	28	2011	963	966
20064	28	429	963	966
27196	28	260	963	966
83370	28	1756	963	966
33651	28	507	963	966
19117	28	429	963	966
9463	28	331	963	966
96782	28	595	963	966
20797	28	910	963	966
20312	28	146	963	966
22645	28	991	963	966
17054	28	6388	963	966
89998	28	981	963	966
60410	28	133	963	966
15750	28	1123	963	966
14812	28	1176	963	966
25856	28	79	963	966
23829	28	191	963	966
48110	28	4720	963	966
29274	28	1812	963	966
28703	28	38	963	966
35628	28	422	963	966
135980	28	3131	963	966
11506	28	2058	963	966
16242	28	64	963	966
16935	28	201	963	966
48440	28	129	963	966
22913	28	52	963	966
7133	28	66	963	966
90879	28	2311	963	966
59402	28	2255	963	966
42597	28	171	963	966
88710	28	5047	963	966
60642	28	1213	963	966
83161	28	3872	963	966
11642	28	71	963	966
21528	28	1712	963	966
41680	28	1830	963	966
60397	28	994	963	966
11096	28	188	963	966
51643	28	770	963	966
45891	28	1571	963	966
27277	28	193	963	966
59759	28	672	963	966
110953	28	181	963	966
44633	28	839	963	966
16793	28	83	963	966
16232	28	458	963	966
7141	28	432	963	966
8824	28	110	963	966
41310	28	242	963	966
16200	28	123	963	966
6610	28	2104	963	966
33067	28	746	963	966
100875	28	1828	963	966
73706	28	1581	963	966
45135	28	1520	963	966
18451	28	639	963	966
19354	28	1049	963	966
75317	28	872	963	966
31631	28	252	963	966
25265	28	582	963	966
8896	28	615	963	966
8527	28	142	963	966
81418	28	649	963	966
44382	28	44	963	966
60807	28	1394	963	966
61324	28	1339	963	966
29142	28	263	963	966
41516	28	174	963	966
36541	28	5853	963	966
14532	28	36	963	966
16593	28	1180	963	966
28515	28	132	963	966
72096	28	46	963	966
28989	28	1050	963	966
34141	28	437	963	966
51320	28	981	963	966
19524	28	901	963	966
7546	28	46	963	966
86356	28	933	963	966
120179	28	38888	963	966
20732	28	174	963	966
38520	28	43	963	966
88051	28	4720	963	966
78097	28	1641	963	966
30887	28	1035	963	966
24585	28	1987	963	966
67859	28	303	963	966
25149	28	1639	963	966
23954	28	856	963	966
25927	28	4386	963	966
15204	28	179	963	966
29072	28	868	963	966
27072	28	407	963	966
95253	28	2479	963	966
38495	28	857	963	966
59331	28	42	963	966
21234	28	45	963	966
51076	28	343	963	966
103385	28	4750	963	966
108253	28	496	963	966
43184	28	121	963	966
23592	28	1417	963	966
23778	28	1139	963	966
24681	28	666	963	966
125466	28	5855	963	966
44822	28	983	963	966
81576	28	1012	963	966
51437	28	1280	963	966
76888	28	379	963	966
48601	28	230	963	966
13090	28	101	963	966
14259	28	245	963	966
46093	28	5795	963	966
19678	28	304	963	966
51143	28	591	963	966
39446	28	1665	963	966
54961	28	3416	963	966
88336	28	50	963	966
105210	28	1368	963	966
18211	28	1434	963	966
29132	28	1228	963	966
21812	28	620	963	966
51262	28	506	963	966
100481	28	1936	963	966
71510	28	202	963	966
10954	28	215	963	966
91237	28	495	963	966
94171	28	2563	963	966
26214	28	681	963	966
25584	28	52	963	966
33254	28	22339	963	966
100257	28	2480	963	966
44831	28	37274	963	966
93852	28	4669	963	966
138444	28	330	963	966
19179	28	406	963	966
110485	28	1309	963	966
22744	28	942	963	966
11768	28	30	963	966
16517	28	693	963	966
30893	28	2742	963	966
44974	28	628	963	966
62792	28	615	963	966
7418	28	149	963	966
130880	28	2659	963	966
18895	28	693	963	966
43404	28	2223	963	966
23680	28	371	963	966
65012	28	1793	963	966
37039	28	1336	963	966
28050	28	211	963	966
49235	28	248	963	966
29667	28	942	963	966
11241	28	63	963	966
14259	28	970	963	966
56367	28	205	963	966
36226	28	516	963	966
72827	28	431	963	966
116570	28	500	963	966
55036	28	666	963	966
5099	28	58	963	966
42864	28	288	963	966
38616	28	623	963	966
14892	28	725	963	966
126796	28	4103	963	966
102248	28	30	963	966
73237	28	315	963	966
29319	28	295	963	966
29016	28	581	963	966
55581	28	329	963	966
68804	28	1394	963	966
63281	28	1146	963	966
48317	28	2808	963	966
98363	28	17038	963	966
38533	28	991	963	966
35071	28	1173	963	966
14381	28	78	963	966
71828	28	855	963	966
114701	28	2477	963	966
41096	28	744	963	966
17433	28	26431	963	966
19434	28	524	963	966
7197	28	162	963	966
14535	28	9646	963	966
41072	28	616	963	966
47688	28	598	963	966
10092	28	92	963	966
7731	28	69	963	966
30171	28	1004	963	966
49648	28	612	963	966
42575	28	901	963	966
18257	28	746	963	966
38653	28	981	963	966
19770	28	531	963	966
21050	28	1483	963	966
19547	28	1365	963	966
22866	28	573	963	966
15915	28	146	963	966
36621	28	144	963	966
12413	28	1213	963	966
88167	28	1728	963	966
20841	28	583	963	966
34363	28	132	963	966
32142	28	973	963	966
60378	28	2569	963	966
19186	28	114	963	966
42598	28	413	963	966
96320	28	2728	963	966
18562	28	109	963	966
13121	28	400	963	966
8023	28	437	963	966
20794	28	290	963	966
30348	28	78	963	966
45832	28	1998	963	966
57398	28	8198	963	966
28758	28	64	963	966
18484	28	253	963	966
44052	28	141	963	966
25805	28	81	963	966
96264	28	175	963	966
39082	28	364	963	966
40410	28	1096	963	966
15791	28	707	963	966
42252	28	1049	963	966
62827	28	377	963	966
46851	28	1664	963	966
15871	28	52	963	966
62054	28	634	963	966
51550	28	492	963	966
54455	28	614	963	966
107650	28	1963	963	966
23887	28	238	963	966
86257	28	4379	963	966
13973	28	812	963	966
16272	28	82	963	966
19270	28	778	963	966
35898	28	1370	963	966
184956	16	15338	963	966
28782	28	64	963	966
30143	28	317	963	966
54715	28	162	963	966
11167	28	55	963	966
76894	28	1766	963	966
31487	28	2160	963	966
14306	28	49	963	966
19857	28	722	963	966
12210	28	743	963	966
20141	28	82	963	966
7752	28	1375	963	966
104284	28	503	963	966
17907	28	1033	963	966
51227	28	292	963	966
33309	28	251	963	966
11001	28	708	963	966
76163	28	201	963	966
45520	28	692	963	966
57070	28	856	963	966
12209	28	1034	963	966
22572	28	63	963	966
16376	28	31	963	966
10277	28	272	963	966
38726	28	681	963	966
20130	28	969	963	966
38407	28	245	963	966
118275	28	1610	963	966
18976	28	1847	963	966
75213	28	210	963	966
51637	28	1138	963	966
12142	28	991	963	966
99290	28	930	963	966
102102	28	1743	963	966
32915	28	1659	963	966
34529	28	602	963	966
54244	28	406	963	966
37911	28	355	963	966
99192	28	2011	963	966
47409	28	586	963	966
19246	28	38	963	966
75214	28	56	963	966
28792	28	1267	963	966
31035	28	1987	963	966
13931	28	69	963	966
21191	28	942	963	966
55327	28	3750	963	966
11452	28	715	963	966
29126	28	1933	963	966
35832	28	795	963	966
18046	28	875	963	966
30297	28	76	963	966
95141	28	5442	963	966
22025	28	872	963	966
108962	28	3926	963	966
30856	28	586	963	966
30480	28	150	963	966
11843	28	586	963	966
27848	28	66	963	966
28569	28	398	963	966
29607	28	1093	963	966
123935	28	634	963	966
18033	28	282	963	966
106394	28	2011	963	966
85816	28	16107	963	966
52425	28	64214	963	966
25715	28	1551	963	966
94931	28	4729	963	966
14531	28	83	963	966
8921	28	784	963	966
41808	28	1532	963	966
18755	28	220	963	966
80167	28	145	963	966
12148	28	46	963	966
39357	28	502	963	966
61959	28	1314	963	966
21681	28	272	963	967
70549	28	4227	963	967
21878	28	417	963	967
24998	28	254	963	967
33750	28	44	963	967
19062	28	34	963	967
39810	16	3128	963	967
30046	28	248	963	967
13068	28	629	963	967
17110	28	43	963	967
72295	28	970	963	967
13321	28	336	963	967
26178	28	43	963	967
156688	28	3129	963	967
84616	28	1442	963	967
54224	28	745	963	967
40756	28	1314	963	967
9622	28	792	963	967
85083	28	67	963	967
54703	28	129	963	967
13628	28	83	963	967
12229	28	121	963	967
41237	28	126	963	967
13685	28	715	963	967
86083	28	198	963	967
36142	28	87	963	967
74499	28	203	963	967
41868	28	205	963	967
48299	28	1634	963	967
48498	28	1144	963	967
35286	28	1020	963	967
12471	28	981	963	967
158355	28	210	963	967
7501	28	1141	963	967
48843	28	47	963	967
19488	28	272	963	967
12893	28	318	963	967
19696	28	625	963	967
117070	28	995	963	967
98641	28	6904	963	967
27940	28	390	963	967
40731	28	45	963	967
15597	28	254	963	967
24061	28	398	963	967
28048	28	840	963	967
115605	28	383	963	967
49712	28	66457	963	967
37120	28	146	963	967
32395	28	1035	963	967
102395	28	825	963	967
44937	28	1887	963	967
21995	28	2190	963	967
19005	28	232	963	967
33947	28	548	963	967
22078	28	22	963	967
19229	28	44	963	967
61078	28	89	963	967
89674	28	560	963	967
85994	28	589	963	967
67245	28	2528	963	967
22683	28	1239	963	967
26154	28	242	963	967
77958	28	19	963	967
118312	28	1435	963	967
35288	28	171	963	967
62961	28	370	963	967
9638	28	2614	963	967
23161	28	26669	963	967
23107	28	900	963	967
13692	28	417	963	967
63719	28	1522	963	967
26874	28	50	963	967
120445	28	64454	963	967
19010	28	857	963	967
47671	28	514	963	967
102826	28	9797	963	967
63802	28	595	963	967
78456	28	1573	963	967
104562	28	6631	963	967
31230	28	586	963	967
85816	28	436	963	967
13280	28	437	963	967
31494	28	596	963	967
20725	28	143	963	967
41974	28	2477	963	967
74699	28	846	963	967
50546	28	1722	963	967
64872	28	318	963	967
48841	28	417	963	967
105422	28	524	963	967
23857	28	31	963	967
112043	28	916	963	967
96543	28	693	963	967
26578	28	87	963	967
99329	28	2162	963	967
42114	28	193	963	967
18031	28	1009	963	967
29597	28	1987	963	967
79236	28	1731	963	967
118606	28	2394	963	967
106007	28	797	963	967
66041	28	1288	963	967
119254	28	39517	963	967
43031	28	781	963	967
22664	28	3383	963	967
48878	28	454	963	967
72369	28	3584	963	967
46769	28	759	963	967
46357	28	232	963	967
13343	28	723	963	967
9266	28	145	963	967
123383	28	2522	963	967
47344	28	185	963	967
23832	28	77	963	967
9437	28	319	963	967
19519	28	533	963	967
38229	28	366	963	967
44242	28	2614	963	967
33025	28	1264	963	967
7738	28	50	963	967
21209	28	162	963	967
92226	28	1351	963	967
51352	28	231	963	967
76286	28	1582	963	967
124194	28	64454	963	967
51411	28	593	963	967
7789	28	36	963	967
71487	28	224	963	967
37359	28	624	963	967
15608	28	571	963	967
21140	28	123	963	967
69313	28	417	963	967
15173	28	653	963	967
13873	28	219	963	967
22009	28	695	963	967
76791	28	1002	963	967
15757	28	917	963	967
11806	28	64	963	967
68143	28	3081	963	967
13733	28	491	963	967
90143	28	2526	963	967
15162	28	574	963	967
113343	28	1020	963	967
125250	28	64454	963	967
69589	28	461	963	967
44329	28	454	963	967
12603	28	195	963	967
59963	28	702	963	967
36079	28	593	963	967
36753	28	551	963	967
89120	28	13844	963	967
36158	28	248	963	967
104873	28	1052	963	967
56972	28	27	963	967
14159	28	30	963	967
24576	28	114	963	967
25146	28	598	963	967
56295	28	1173	963	967
27676	28	38	963	967
13394	28	95	963	967
94015	28	1139	963	967
8423	28	112	963	967
25437	28	481	963	967
24614	28	2278	963	967
18432	28	387	963	967
18790	28	988	963	967
16177	28	222	963	967
12564	28	2762	963	967
33205	28	145	963	967
19766	28	467	963	967
145664	28	1154	963	967
38006	28	10135	963	967
57582	28	2528	963	967
122319	28	581	963	967
20130	28	836	963	967
24156	28	44	963	967
29689	28	129	963	967
65891	28	2456	963	967
99165	28	16414	963	967
8802	28	89	963	967
32950	28	37	963	967
74700	28	274	963	967
9799	28	107	963	967
65917	28	99	963	967
57190	28	2430	963	967
38842	28	131	963	967
14169	28	216	963	967
21688	28	72	963	967
113424	28	391	963	967
39000	28	193	963	967
58225	28	3446	963	967
18561	28	334	963	967
17471	28	785	963	967
26218	28	53	963	967
44364	28	910	963	967
17113	28	596	963	967
115739	28	1227	963	967
10831	28	231	963	967
108785	28	2762	963	967
57872	28	615	963	967
57444	28	925	963	967
68853	28	735	963	967
110040	28	527	963	967
29115	28	117	963	967
24233	28	196	963	967
24199	28	252	963	967
110253	28	930	963	967
12292	28	16	963	967
44795	28	240	963	967
28505	28	201	963	967
18922	28	535	963	967
12091	28	39	963	967
20800	28	968	963	967
94976	28	1596	963	967
25452	28	168	963	967
44007	28	1783	963	967
67951	28	1160	963	967
101762	28	634	963	967
46516	28	2165	963	967
94031	28	2486	963	967
79143	28	325	963	967
14931	28	961	963	967
72583	28	1477	963	967
10058	28	46	963	967
30233	28	10879	963	967
109287	28	392	963	967
28432	28	839	963	967
53258	28	26274	963	967
110756	28	1345	963	967
17386	28	114	963	967
27905	28	839	963	967
74187	28	167	963	967
43541	28	872	963	967
51993	28	224	963	967
72130	28	2153	963	967
69069	28	1613	963	967
142374	28	2480	963	967
64502	28	427	963	967
4322	28	36	963	967
33058	28	469	963	967
16614	28	36	963	967
10810	28	238	963	967
45775	28	1531	963	967
21424	28	467	963	967
84719	28	1528	963	967
37325	28	1414	963	967
53326	28	710	963	967
18965	28	51	963	967
13964	28	181	963	967
78211	28	181	963	967
23310	28	317	963	967
15833	28	101	963	967
17261	28	170	963	967
111140	28	5052	963	967
83696	28	11253	963	967
10112	28	27	963	967
44258	28	45	963	967
36582	28	1166	963	967
119237	28	257	963	967
33148	28	145	963	967
77854	28	781	963	967
93281	28	649	963	967
91515	28	802	963	967
14284	28	216	963	967
30861	28	843	963	967
15699	28	693	963	967
35382	28	469	963	967
36004	28	691	963	967
14583	28	33	963	967
23279	28	336	963	967
37014	28	1180	963	967
149252	28	1267	963	967
60374	28	2489	963	967
56393	28	252	963	967
8136	28	31	963	967
51438	28	1282	963	967
151298	28	560	963	967
24695	28	171	963	967
80342	28	2346	963	967
39531	28	13327	963	967
98139	28	248	963	967
18588	28	248	963	967
85071	28	131	963	967
48628	28	699	963	967
60376	28	608	963	967
43983	28	1296	963	967
20435	28	256	963	967
75326	28	1358	963	967
20479	28	65	963	967
38289	28	1314	963	967
21643	28	103	963	967
23469	28	140	963	967
29239	28	132	963	967
14006	28	525	963	967
67425	28	2528	963	967
102482	28	1942	963	967
15106	28	20	963	967
46927	28	40	963	967
48393	28	1264	963	967
74053	28	277	963	967
32394	28	76	963	967
107079	28	1155	963	967
89086	28	2412	963	967
130193	28	1383	963	967
110423	28	1305	963	967
18445	28	18	963	967
13824	28	501	963	967
34954	28	235	963	967
30503	28	319	963	967
9276	28	630	963	967
23398	28	1769	963	967
89309	28	1595	963	967
81153	28	2807	963	967
48979	28	1873	963	967
65984	28	635	963	967
87859	28	1918	963	967
20911	28	83	963	967
24719	28	132	963	967
129379	28	1314	963	967
20532	28	628	963	967
7435	28	6388	963	967
34357	28	198	963	967
22259	28	595	963	967
22496	28	1361	963	967
67313	28	240	963	967
47194	28	651	963	967
44437	28	191	963	967
72611	28	554	963	967
103257	28	1601	963	967
38118	28	1228	963	967
20152	28	510	963	967
95714	28	1127	963	967
14275	28	387	963	967
50417	28	40	963	967
18932	28	469	963	967
14365	28	1639	963	967
49810	28	702	963	967
51615	28	2259	963	967
128710	28	131	963	967
48045	28	47	963	967
27852	28	91	963	967
40129	28	293	963	967
30807	28	49	963	967
21526	28	80	963	967
36883	28	369	963	967
59902	28	487	963	967
23431	28	674	963	967
53220	28	906	963	967
6013	28	51	963	967
15304	28	691	963	967
83368	28	1317	963	967
10284	28	525	963	967
15341	28	77	963	967
41867	28	973	963	967
75786	28	1098	963	967
95693	28	2522	963	967
48423	28	491	963	967
33593	28	4037	963	967
38544	28	1961	963	967
11922	28	45	963	967
63095	28	417	963	967
36422	28	732	963	967
40959	28	46	963	967
24590	28	85	963	967
26683	28	1098	963	967
16531	28	1107	963	967
30769	28	87	963	967
53686	28	63	963	967
55502	28	43	963	967
23469	28	1945	963	967
70021	28	71	963	967
10060	28	124	963	967
52453	28	161	963	967
10576	28	437	963	967
63661	28	1050	963	967
41184	28	1670	963	967
6462	28	41	963	967
14869	28	429	963	967
89446	28	40	963	967
7521	28	445	963	967
47024	28	238	963	967
35900	28	331	963	967
99818	28	1709	963	967
135774	28	248	963	967
17718	28	586	963	967
67769	28	1421	963	967
105977	28	2053	963	967
110597	28	1345	963	967
8092	28	40	963	967
41127	28	657	963	967
80909	28	282	963	967
110315	28	345	963	967
18903	28	390	963	967
18439	28	840	963	967
48334	28	469	963	967
21544	28	76	963	967
45680	28	161	963	967
109824	28	43923	963	967
80756	28	2274	963	967
109933	28	431	963	967
60944	28	98	963	967
109151	28	680	963	967
130187	28	920	963	967
22527	28	2943	963	967
49643	28	991	963	967
33135	28	222	963	967
71625	28	926	963	967
48664	28	524	963	967
40753	28	2436	963	967
109445	28	126	963	967
21733	28	149	963	967
64604	28	38	963	967
35988	28	715	963	967
91974	28	4854	963	967
51771	28	1232	963	967
123968	28	1876	963	967
12734	28	2418	963	967
128465	28	211	963	967
27642	28	76	963	967
77126	28	1693	963	967
31437	28	44	963	967
55402	28	899	963	967
37070	28	516	963	967
73220	28	13415	963	967
28709	28	253	963	967
94381	28	4139	963	967
80158	28	458	963	967
15630	28	1276	963	967
127175	28	37	963	967
24586	28	41	963	967
31937	28	2837	963	967
25965	28	198	963	967
81629	28	1745	963	967
87544	28	210	963	967
105227	28	30476	963	967
12068	28	424	963	967
28655	28	753	963	967
91088	28	1292	963	967
187254	28	333	963	967
9330	28	1288	963	967
6266	28	82	963	967
18718	28	132	963	967
72979	28	8368	963	967
100914	28	273	963	967
34699	28	112	963	967
80838	28	1801	963	967
52175	16	47848	963	967
15691	28	318	963	967
25346	28	586	963	968
71559	28	591	963	968
96842	28	2903	963	968
39311	28	1642	963	968
22668	28	1666	963	968
22711	28	56	963	968
30234	28	725	963	968
28857	28	624	963	968
98964	28	1779	963	968
55155	28	257	963	968
55260	28	4720	963	968
111922	28	2104	963	968
33650	28	2280	963	968
48344	28	716	963	968
13805	28	475	963	968
86757	28	319	963	968
100398	28	1918	963	968
75263	28	546	963	968
19310	28	102	963	968
56275	28	1035	963	968
13968	28	542	963	968
46185	28	452	963	968
54276	28	901	963	968
117159	28	3926	963	968
76114	28	291	963	968
57088	23	66095	963	968
66210	28	1675	963	968
34486	28	156	963	968
86760	28	3099	963	968
12141	28	19	963	968
43151	28	1020	963	968
45990	28	417	963	968
52144	28	839	963	968
70772	28	495	963	968
61271	28	1536	963	968
18733	28	180	963	968
61728	28	199	963	968
46485	28	574	963	968
25419	28	3131	963	968
90108	28	129	963	968
78028	28	37	963	968
115083	28	716	963	968
104742	28	1120	963	968
53698	28	959	963	968
40907	28	230	963	968
74714	28	1123	963	968
90088	28	1267	963	968
88890	28	3958	963	968
138864	28	1267	963	968
98248	28	2371	963	968
18806	28	2324	963	968
121820	28	1728	963	968
37290	28	475	963	968
24217	28	1633	963	968
57458	28	461	963	968
50996	28	537	963	968
92089	28	2154	963	968
19424	28	80	963	968
92444	28	875	963	968
29974	28	614	963	968
91841	28	495	963	968
123430	28	254	963	968
44154	28	28	963	968
35318	28	174	963	968
123784	28	232	963	968
8526	28	36	963	968
24486	28	582	963	968
93057	28	1659	963	968
24115	28	146	963	968
93256	28	364	963	968
36847	28	224	963	968
88318	28	716	963	968
13446	28	2018	963	968
51221	28	1136	963	968
34030	28	73	963	968
42931	28	231	963	968
69702	28	8059	963	968
132904	28	1525	963	968
48331	28	514	963	968
77998	28	1496	963	968
93455	28	220	963	968
32650	28	129	963	968
15694	28	101	963	968
98430	28	1117	963	968
15649	28	290	963	968
49770	28	315	963	968
55891	28	1695	963	968
98653	28	632	963	968
21917	28	55	963	968
20675	28	722	963	968
24677	28	510	963	968
72863	28	6073	963	968
18613	28	2904	963	968
51013	28	1090	963	968
14205	28	1581	963	968
136034	28	15083	963	968
13546	28	117	963	968
26310	28	274	963	968
47253	28	141	963	968
59385	28	2363	963	968
20696	28	180	963	968
69072	28	568	963	968
32970	28	832	963	968
13779	28	143	963	968
61955	28	38	963	968
29397	28	317	963	968
20973	28	293	963	968
30681	28	696	963	968
36882	28	318	963	968
81120	28	2280	963	968
28607	28	67	963	968
42454	28	114	963	968
22907	28	593	963	968
42832	28	29	963	968
51276	28	514	963	968
147342	28	83	963	968
35906	28	598	963	968
8262	28	36	963	968
69970	28	602	963	968
28646	28	280	963	968
23977	28	56	963	968
22715	28	1541	963	968
95184	28	165	963	968
34103	28	975	963	968
64303	28	696	963	968
38621	28	49	963	968
55049	28	70	963	968
14943	28	181	963	968
149758	28	442	963	968
36356	28	37	963	968
128659	28	1210	963	968
9298	28	1078	963	968
107522	28	693	963	968
31186	28	387	963	968
118314	28	3674	963	968
48733	28	266	963	968
30968	28	175	963	968
56197	28	1407	963	968
45901	28	167	963	968
18493	28	2104	963	968
48197	28	1444	963	968
109581	28	745	963	968
9123	28	720	963	968
55260	28	607	963	968
13913	28	99	963	968
7820	28	247	963	968
24103	28	231	963	968
93845	28	8033	963	968
38226	28	463	963	968
33933	28	131	963	968
20575	28	166	963	968
83127	28	10620	963	968
38906	28	1335	963	968
94647	28	129	963	968
21085	28	363	963	968
39421	28	1862	963	968
64031	28	1394	963	968
128763	28	370	963	968
75062	28	2875	963	968
28817	28	869	963	968
11047	28	1070	963	968
51974	28	3416	963	968
33118	28	653	963	968
18702	28	64	963	968
152472	28	121	963	968
40980	28	196	963	968
74540	28	131	963	968
93947	28	254	963	968
7132	28	193	963	968
128849	28	1670	963	968
82383	28	720	963	968
108984	28	3084	963	968
51910	28	1120	963	968
106723	28	73	963	968
18555	28	117	963	968
44696	28	1094	963	968
61978	28	328	963	968
150173	28	635	963	968
35043	28	696	963	968
14353	28	354	963	968
30282	28	220	963	968
109476	28	1018	963	968
68345	28	291	963	968
28232	28	100	963	968
111131	28	11144	963	968
38071	28	681	963	968
53408	28	1335	963	968
47870	28	222	963	968
79359	28	417	963	968
124872	28	812	963	968
48534	28	27	963	968
39762	28	1847	963	968
21432	28	366	963	968
6986	28	1592	963	968
21600	28	1162	963	968
92629	28	145	963	968
21273	28	1258	963	968
29350	28	165	963	968
41808	28	720	963	968
79471	28	33940	963	968
41314	28	199	963	968
122769	28	882	963	968
20726	28	46	963	968
111442	28	916	963	968
38747	28	900	963	968
79850	28	1691	963	968
41211	28	1554	963	968
49691	28	145	963	968
136285	28	1396	963	968
14600	28	1091	963	968
23892	28	181	963	968
44230	28	432	963	968
27900	28	117	963	968
32852	28	53	963	968
61361	26	30682	963	968
32929	28	228	963	968
102284	28	550	963	968
108289	28	2544	963	968
35179	28	162	963	968
20351	28	1022	963	968
22650	28	581	963	968
103925	28	1993	963	968
19335	28	222	963	968
21047	28	4472	963	968
19783	28	33	963	968
39591	28	877	963	968
38491	28	238	963	968
33172	28	291	963	968
90894	28	1359	963	968
83089	28	2274	963	968
79539	28	2563	963	968
40317	28	156	963	968
36641	28	657	963	968
44391	28	903	963	968
21822	28	14396	963	968
128480	28	1025	963	968
91184	28	481	963	968
40117	28	3606	963	968
27140	28	158	963	968
54346	28	1431	963	968
51070	28	136	963	968
95723	28	1623	963	968
41951	28	109	963	968
34016	28	1741	963	968
65114	28	832	963	968
68894	28	456	963	968
33445	28	695	963	968
8002	28	2411	963	968
40932	28	1193	963	968
47303	28	643	963	968
113530	28	531	963	968
20137	28	146	963	969
45480	28	964	963	969
47678	28	740	963	969
73647	28	161	963	969
84787	28	1031	963	969
23792	28	64	963	969
13760	28	49	963	969
20244	28	216	963	969
72884	28	590	963	969
104884	28	1380	963	969
36827	28	101	963	969
87330	28	232	963	969
8241	28	1917	963	969
15347	28	3637	963	969
24484	28	1223	963	969
24400	28	533	963	969
51329	28	56	963	969
30060	28	162	963	969
63881	28	124	963	969
17135	28	36	963	969
17868	28	98	963	969
40058	28	575	963	969
127913	23	92227	963	969
35178	28	167	963	969
93385	28	121	963	969
26417	28	145	963	969
41974	28	191	963	969
49146	28	869	963	969
87569	28	150	963	969
110262	28	330	963	969
29956	28	242	963	969
13922	28	55	963	969
62213	28	48	963	969
74551	28	88	963	969
55453	28	360	963	969
80330	28	1794	963	969
59725	28	252	963	969
60644	28	65	963	969
9817	28	168	963	969
38782	28	423	963	969
74108	28	1033	963	969
15402	28	44	963	969
70137	28	49	963	969
10057	28	866	963	969
79915	28	262	963	969
64056	28	1424	963	969
42966	28	286	963	969
20248	28	19	963	969
114907	28	140	963	969
27541	28	458	963	969
18533	28	4779	964	0
28878	28	451	964	0
38683	28	7112	964	0
28885	28	1161	964	0
70523	28	712	964	0
9089	28	42	964	0
12779	28	202	964	0
52058	28	3661	964	0
70547	28	89	964	0
70574	28	1993	964	0
44923	23	82387	964	0
112096	28	781	964	0
52171	28	112116	964	0
82433	28	1028	964	0
52199	28	7151	964	0
60765	28	401	964	0
16451	28	707	964	0
14350	28	4639	964	0
45031	28	446	964	0
4798	31	60814	964	0
18764	28	792	964	0
9175	28	217	964	0
45067	28	1011	964	0
131306	28	193	964	0
70796	28	2608	964	0
29170	28	1690	964	0
9197	28	1364	964	0
29192	28	397	964	0
8448	28	1034	964	0
5214	28	451	964	0
14236	28	1623	964	0
11322	28	2323	964	0
52413	28	2236	964	0
131425	28	8453	964	0
39082	28	418	964	0
131426	28	1260	964	0
82672	28	3678	964	0
33675	28	1011	964	0
14465	28	307	964	0
82722	28	469	964	0
71047	28	1467	964	0
29358	28	89	964	0
22056	28	1357	964	0
52610	28	1512	964	0
14553	28	427	964	0
82881	28	3867	964	0
29433	28	397	964	0
39319	28	2320	964	0
19063	28	459	964	0
52736	28	595	964	0
14602	28	169	964	0
19079	28	477	964	0
39372	28	662	964	0
71311	28	45515	964	0
9313	28	100	964	0
39414	28	672	964	0
52856	28	7112	964	0
96585	28	1420	964	0
71392	28	837	964	0
82580	28	433	964	0
28918	28	451	964	0
61448	28	95	964	0
52897	28	1981	964	0
52914	28	451	964	0
29599	28	428	964	0
5705	28	629	964	0
71456	28	2218	964	0
29646	28	571	964	0
11292	28	1905	964	0
25462	28	1137	964	0
61553	28	61554	964	0
25474	28	386	964	0
83234	28	7232	964	0
61557	28	1462	964	0
22038	28	1027	964	0
5717	28	11636	964	0
61695	28	53121	964	0
61697	28	891	964	0
71728	28	213	964	0
71730	28	2242	964	0
22379	28	815	964	0
96936	28	1085	964	0
11679	28	184	964	0
16899	28	1690	964	0
29845	28	2088	964	0
113043	28	536	964	0
39793	28	2062	964	0
83529	14	4413	964	0
71837	28	215	964	0
13207	28	4866	964	0
71849	28	2366	964	0
22444	28	92	964	0
29918	28	1146	964	0
13227	28	537	964	0
29921	28	3930	964	0
39850	28	1333	964	0
46017	28	41	964	0
11735	28	912	964	0
71971	28	1404	964	0
12972	28	450	964	0
19511	28	136	964	0
83701	28	2040	964	0
22542	28	1239	964	0
7906	28	811	964	0
97221	28	2282	964	0
83765	28	527	964	0
83770	28	241	964	0
30060	28	484	964	0
71244	28	526	964	0
83850	28	2846	964	0
33789	28	1085	964	0
29216	28	3711	964	0
18552	28	13143	964	0
10111	28	2929	964	0
97398	28	1653	964	0
72257	28	1027	964	0
30182	28	5525	964	0
72288	28	2165	964	0
97453	28	6442	964	0
19183	28	142	964	0
46368	28	1214	964	0
6358	28	1161	964	0
72299	28	6073	964	0
7964	28	428	964	0
13367	28	1541	964	0
53718	28	2893	964	0
7969	28	63	964	0
8717	28	3155	964	0
84111	28	1014	964	0
40253	28	413	964	0
97638	28	2798	964	0
12924	28	455	964	0
7382	28	122	964	0
40330	28	713	964	0
12850	28	2261	964	0
16358	28	254	964	0
84241	28	3080	964	0
113778	28	3714	964	0
25501	28	523	964	0
62633	28	418	964	0
53957	28	1325	964	0
84320	28	890	964	0
62597	28	3985	964	0
72596	28	1504	964	0
22835	28	4308	964	0
10554	28	3786	964	0
62691	28	1512	964	0
72635	28	4199	964	0
84395	28	263	964	0
97851	28	10599	964	0
35081	28	87	964	0
62818	28	3990	964	0
62825	28	2128	964	0
72737	28	6113	964	0
22454	28	622	964	0
97965	28	3526	964	0
10495	28	4200	964	0
62852	28	2227	964	0
84573	28	4533	964	0
54194	28	1709	964	0
19942	28	2366	964	0
40634	28	1528	964	0
16865	28	1611	964	0
6899	28	2912	964	0
26419	28	640	964	0
40648	28	1074	964	0
72859	28	1484	964	0
46895	28	68	964	0
5540	28	492	964	0
84682	28	897	964	0
4322	28	150	964	0
63032	28	6080	964	0
84733	28	540	964	0
9687	28	63	964	0
12046	28	98	964	0
9249	28	1002	964	0
46981	28	4195	964	0
84803	28	4199	964	0
73012	28	1512	964	0
84815	28	732	964	0
47038	28	1328	964	0
22711	28	47	964	0
71176	28	40814	964	0
24754	28	6459	964	0
73080	28	1725	964	0
17414	28	66	964	0
63185	28	38991	964	0
98360	28	1651	964	0
84956	28	1741	964	0
25756	28	1330	964	0
73187	28	4682	964	0
40887	28	624	964	0
47161	27	54548	964	0
73220	28	4308	964	0
13587	28	8459	964	0
53385	28	914	964	0
13156	28	3739	964	0
40957	28	228	964	0
63360	28	634	964	0
40977	28	1193	964	0
6693	28	215	964	0
20168	28	310	964	0
98516	28	3129	964	0
41013	28	889	964	0
13616	28	44948	964	0
114567	28	2196	964	0
62655	28	791	964	0
12139	28	139	964	0
63496	28	346	964	0
114632	28	1752	964	0
61608	28	123	964	0
73446	28	61554	964	0
8099	28	887	964	0
11709	28	1034	964	0
85276	28	494	964	0
30929	28	739	964	0
35572	28	587	964	0
85298	28	1557	964	0
157216	28	532	964	0
73547	28	2583	964	0
54856	28	1050	964	0
30972	28	147	964	0
20288	28	165	964	0
85363	28	120	964	0
83786	28	3222	964	0
133568	28	2848	964	0
26327	28	2876	964	0
63673	28	4384	964	0
13684	28	1596	964	0
63702	28	244	964	0
85454	28	1096	964	0
23319	28	1004	964	0
114872	28	1215	964	0
71733	28	1346	964	0
47561	28	749	964	0
54980	28	1728	964	0
34016	28	917	964	0
72974	28	4059	964	0
17231	28	1014	964	0
53756	28	1446	964	0
14784	28	23	964	0
73823	28	139	964	0
47674	28	3674	964	0
8875	28	298	964	0
10325	28	2320	964	0
12241	28	1069	964	0
26311	28	1543	964	0
85654	28	1829	964	0
157430	28	1504	964	0
52423	28	4750	964	0
52112	28	1985	964	0
14516	28	36	964	0
26969	28	29	964	0
63937	28	6033	964	0
13740	28	3661	964	0
14501	28	415	964	0
85752	28	1553	964	0
72800	28	1659	964	0
99204	28	3714	964	0
47795	28	3416	964	0
29723	28	4048	964	0
16308	28	5246	964	0
11271	28	2197	964	0
35914	28	357	964	0
132243	28	1672	964	0
99238	28	484	964	0
11440	28	882	964	0
34140	28	20489	964	0
23478	28	1465	964	0
85862	28	19092	964	0
99330	28	2798	964	0
47897	28	707	964	0
30804	28	41530	964	0
40665	28	1563	964	0
64151	28	856	964	0
9365	28	2007	964	0
55341	28	134	964	0
99397	28	395	964	0
74061	28	2040	964	0
64173	28	1741	964	0
55402	28	185	964	0
25431	28	1728	964	0
64240	28	35020	964	0
64242	28	5627	964	0
4322	28	571	964	0
55444	28	330	964	0
20577	28	1032	964	0
64311	28	4121	964	0
30782	28	474	964	0
36096	28	597	964	0
11182	28	452	964	0
64407	28	2373	964	0
63858	28	1333	964	0
86238	28	277	964	0
40713	28	6273	964	0
17816	28	3583	964	0
19858	28	402	964	0
12343	28	493	964	0
74504	28	565	964	0
22303	28	1098	964	0
20535	28	1553	964	0
55315	28	3437	964	0
48241	28	793	964	0
4322	28	92	964	0
74573	28	2088	964	0
20106	28	821	964	0
64577	28	131	964	0
74596	28	1769	964	0
96070	28	1132	964	0
48278	28	145	964	0
55749	28	1501	964	0
13846	28	1420	964	0
86501	28	16320	964	0
74699	28	2575	964	0
26046	28	2434	964	0
115953	28	2872	964	0
15549	28	850	964	0
29115	28	445	964	0
8217	28	53	964	0
46345	28	2571	964	0
41690	28	222	964	0
10354	28	15092	964	0
74876	28	716	964	0
31007	28	1456	964	0
116152	28	2793	964	0
10784	28	1364	964	0
12808	28	662	964	0
116222	28	1794	964	0
9500	28	48605	964	0
47550	28	32	964	0
75062	28	8094	964	0
6141	28	1712	964	0
75115	28	313	964	0
42205	28	23848	964	0
86979	28	2150	964	0
100444	28	2863	964	0
45223	28	13288	964	0
29104	28	1009	964	0
65124	14	48717	964	0
26895	28	2518	964	0
31733	28	1169	964	0
42246	28	781	964	0
65136	28	1848	964	0
27594	28	891	964	0
6782	28	1862	964	0
82832	28	17987	964	0
16292	28	1408	964	0
21679	28	2320	964	0
84657	28	1829	964	0
26705	28	852	964	0
135189	28	2259	964	0
65243	28	3193	964	0
18005	28	942	964	0
100617	28	1269	964	0
28960	28	2415	964	0
87190	28	255	964	0
23903	28	3810	964	0
75377	28	773	964	0
100648	28	116582	964	0
75388	28	3385	964	0
74023	28	565	964	0
116642	28	3321	964	0
48277	28	48895	964	0
18027	28	493	964	0
25990	28	67	964	0
71553	28	20930	964	0
75482	28	21697	964	0
31909	28	168	964	0
75492	28	1333	964	0
56455	28	612	964	0
48937	28	646	964	0
6088	28	166	964	0
64233	28	570	964	0
23004	28	492	964	0
8256	28	1905	964	0
135438	28	1793	964	0
48982	28	236	964	0
87457	28	570	964	0
116803	28	4767	964	0
42469	28	3480	964	0
19722	28	432	964	0
20977	28	1329	964	0
19523	28	65	964	0
11312	28	15395	964	0
36863	28	2162	964	0
74744	28	427	964	0
56578	28	5853	964	0
17451	28	2320	964	0
25759	28	31	964	0
158659	28	3157	964	0
75704	28	2189	964	0
72468	28	1150	964	0
10336	28	28	964	0
84406	14	3622	964	0
116989	28	1260	964	0
72452	28	95	964	0
38979	28	18107	964	0
31428	28	2162	964	0
9873	28	239	964	0
117039	28	1654	964	0
12296	28	53	964	0
31261	28	22755	964	0
12546	28	1616	964	0
113690	28	254	964	0
20564	28	11981	964	0
75881	28	1002	964	0
15359	28	901	964	0
75894	28	1020	964	0
75903	28	4831	964	0
56765	28	4488	964	0
56576	28	755	964	0
75928	28	1137	964	0
5780	28	23	964	0
56803	28	3337	964	0
55109	28	1623	964	0
75959	28	4620	964	0
53445	28	35020	964	0
54567	28	2901	964	0
39372	28	1254	964	0
75993	28	1404	964	0
11443	28	1508	964	0
53947	28	48895	964	0
65853	28	2527	964	0
44852	28	1968	964	0
23356	28	504	964	0
37078	28	2007	964	0
21901	28	815	964	0
87954	28	397	964	0
7669	28	49	964	0
49314	28	13770	964	0
21096	28	4092	964	0
41879	28	1046	964	0
76163	28	816	964	0
101520	28	4217	964	0
116427	28	5525	964	0
42864	28	418	964	0
17444	28	551	964	0
101612	28	3113	964	0
101620	28	5180	964	0
88161	28	394	964	0
23440	28	555	964	0
49438	28	2863	964	0
136203	28	3799	964	0
57077	28	486	964	0
6262	28	1365	964	0
27117	28	5808	964	0
20009	28	1014	964	0
25562	28	33	964	0
10480	28	499	964	0
88230	28	2228	964	0
47053	28	694	964	0
21157	28	2632	964	0
8537	28	32023	964	0
47536	28	13327	964	0
88286	28	63	964	0
117683	28	1371	964	0
88373	28	4676	964	0
95915	28	505	964	0
7366	28	311	964	0
41807	28	2270	964	0
35426	28	526	964	0
17256	28	2072	964	0
23704	28	914	964	0
87136	28	4324	964	0
101964	28	532	964	0
37213	28	1214	964	0
18083	28	1024	964	0
74815	28	49583	964	0
42490	28	2232	964	0
33593	28	3781	964	0
54675	28	227	964	0
76589	28	3661	964	0
7814	28	3739	964	0
12273	28	1171	964	0
15706	28	427	964	0
24004	28	13770	964	0
88582	28	6547	964	0
76697	28	486	964	0
117999	28	32	964	0
8039	28	660	964	0
57390	28	214	964	0
13398	28	675	964	0
9317	28	628	964	0
25998	23	102209	964	0
102209	23	25998	964	0
13546	28	445	964	0
57098	28	1601	964	0
102266	28	1568	964	0
17675	28	564	964	0
57444	28	661	964	0
53503	28	424	964	0
20248	28	815	964	0
88747	28	1145	964	0
8467	28	7535	964	0
23035	28	4412	964	0
47063	28	723	964	0
88793	28	115228	964	0
49756	28	310	964	0
48909	28	1793	964	0
9606	28	105	964	0
24792	28	7654	964	0
54178	28	48895	964	0
18587	28	850	964	0
88858	28	3661	964	0
33449	28	1005	964	0
7138	28	221	964	0
44940	28	4031	964	0
76942	28	9466	964	0
76950	28	3793	964	0
102468	28	6633	964	0
14203	28	1627	964	0
24696	28	5627	964	0
46898	28	3155	964	0
9474	23	76966	964	0
16295	28	3155	964	0
24712	28	1403	964	0
38681	28	1862	964	0
60546	28	368	964	0
7640	28	459	964	0
102539	28	5432	964	0
24742	28	318	964	0
24743	28	499	964	0
95869	28	2774	964	0
42855	28	1531	964	0
44854	28	184	964	0
10218	28	1228	964	0
56008	28	1320	964	0
56550	28	13415	964	0
29227	28	1265	964	0
57643	14	25938	964	0
14466	28	1921	964	0
9148	28	985	964	0
16430	28	68	964	0
11322	28	3230	964	0
11320	28	186	964	0
18746	28	3599	964	0
60827	28	2641	964	0
11337	28	400	964	0
77118	28	973	964	0
118560	28	4083	964	0
84733	28	4199	964	0
11456	28	366	964	0
77150	28	4244	964	0
118579	28	1134	964	0
43076	28	1514	964	0
19017	28	917	964	0
45423	28	647	964	0
39324	28	990	964	0
60848	28	3661	964	0
57715	28	20930	964	0
33717	28	1349	964	0
29278	28	672	964	0
7192	28	2678	964	0
52510	28	11298	964	0
57725	28	1616	964	0
11272	28	294	964	0
16580	28	4233	964	0
29151	28	1601	964	0
8398	28	2051	964	0
12952	28	2903	964	0
13080	28	103	964	0
71458	28	471	964	0
11581	28	1014	964	0
54764	28	410	964	0
73629	28	4605	964	0
7814	28	4157	964	0
49985	28	890	964	0
9289	28	2394	964	0
115461	28	2629	964	0
45496	28	2207	964	0
82987	28	203	964	0
29530	28	1007	964	0
87597	28	40645	964	0
96571	28	33992	964	0
52855	28	739	964	0
75696	14	1517	964	0
96868	28	2712	964	0
16855	28	6018	964	0
38938	28	1265	964	0
89446	28	551	964	0
22014	28	1808	964	0
16887	28	2753	964	0
27603	28	30093	964	0
66998	28	828	964	0
22995	28	323	964	0
39414	28	593	964	0
74947	28	1542	964	0
99420	28	3688	964	0
57909	28	7267	964	0
61997	28	7890	964	0
39733	28	2398	964	0
63546	14	32579	964	0
54426	28	3921	964	0
103306	28	1557	964	0
102052	28	605	964	0
19576	28	74	964	0
11793	28	496	964	0
30124	28	357	964	0
9524	28	1410	964	0
54224	28	2551	964	0
13321	28	640	964	0
25977	28	909	964	0
13280	28	1467	964	0
71363	28	510	964	0
11771	28	415	964	0
22559	28	451	964	0
137877	28	1117	964	0
77729	28	39757	964	0
50109	28	32603	964	0
8365	28	47	964	0
119513	28	1728	964	0
73080	28	2050	964	0
37659	28	248	964	0
89869	28	15464	964	0
58083	28	276	964	0
6241	28	846	964	0
30361	28	890	964	0
138075	28	614	964	0
26242	28	1061	964	0
53986	28	10599	964	0
19844	28	10518	964	0
40435	28	9191	964	0
12785	28	533	964	0
66172	28	3750	964	0
17256	28	726	964	0
74007	28	662	964	0
15080	28	28	964	0
8922	14	2792	964	0
61255	28	742	964	0
103744	28	2478	964	0
103748	28	415	964	0
84998	28	3798	964	0
52413	28	907	964	0
89994	28	1532	964	0
50241	28	4605	964	0
90009	28	1122	964	0
58155	28	4232	964	0
22019	28	1354	964	0
83748	28	361	964	0
55989	28	660	964	0
5433	28	11974	964	0
14839	28	1131	964	0
56439	28	1068	964	0
30457	28	47	964	0
28941	28	3714	964	0
39193	28	4199	964	0
30475	28	1921	964	0
12058	28	1506	964	0
75462	28	361	964	0
70762	28	3793	964	0
18256	23	103999	964	0
26545	28	346	964	0
133114	28	1186	964	0
64046	28	2445	964	0
26549	28	1834	964	0
24776	28	2422	964	0
113218	28	2766	964	0
119947	28	2793	964	0
14841	28	1150	964	0
15239	28	1294	964	0
40737	28	1251	964	0
8802	28	38	964	0
30775	28	135	964	0
5967	28	39	964	0
33517	28	1775	964	0
85276	28	15006	964	0
58293	28	1576	964	0
120065	28	536	964	0
18965	28	44	964	0
54505	28	550	964	0
30741	28	2884	964	0
10730	28	723	964	0
12090	28	1679	964	0
4587	28	215	964	0
136694	28	4083	964	0
19590	28	3155	964	0
47094	28	712	964	0
84003	28	5627	964	0
55590	14	308	964	0
71507	28	2264	964	0
26699	28	1325	964	0
117949	28	1741	964	0
13381	28	98	964	0
41040	28	2963	964	0
23193	28	1557	964	0
5727	28	1924	964	0
112149	28	5627	964	0
67667	28	4244	964	0
75905	28	565	964	0
7239	28	388	964	0
138864	28	2467	964	0
54988	28	1150	964	0
21901	28	401	964	0
78314	28	2264	964	0
15476	28	47	964	0
6722	28	4971	964	0
75326	28	678	964	0
20355	28	1332	964	0
39337	28	732	964	0
33887	28	1057	964	0
104425	28	451	964	0
24757	28	454	964	0
52171	28	77932	964	0
66975	28	454	964	0
25126	28	54	964	0
43249	14	5700	964	0
21878	28	668	964	0
8042	28	4157	964	0
21875	28	402	964	0
17670	28	690	964	0
33717	28	2536	964	0
62673	28	2151	964	0
16518	28	3071	964	0
115620	28	4017	964	0
139143	28	1873	964	0
9309	28	168	964	0
8136	28	69	964	0
133743	28	809	964	0
78484	28	4002	964	0
119659	28	703	964	0
63095	28	1672	964	0
15223	28	3621	964	0
41533	28	3075	964	0
45160	28	887	964	0
8802	28	239	964	0
89896	28	415	964	0
50514	28	2334	964	0
55338	28	1265	964	0
5708	28	1171	964	0
120713	28	2004	964	0
104690	28	4410	964	0
15560	28	494	964	0
90725	28	2659	964	0
7014	28	766	964	0
20485	28	1692	964	0
97851	28	484	964	0
50068	28	750	964	0
90760	28	2151	964	0
21785	28	1150	964	0
31329	28	1375	964	0
33927	28	1421	964	0
83436	28	1214	964	0
28898	28	883	964	0
104787	28	392	964	0
48197	28	2753	964	0
13050	28	72	964	0
72859	28	2204	964	0
15149	28	1656	964	0
56512	28	574	964	0
55370	28	5627	964	0
55391	28	79	964	0
47970	28	145	964	0
90844	28	2242	964	0
16840	28	630	964	0
90866	28	1105	964	0
7160	28	882	964	0
48172	28	3834	964	0
29918	28	1397	964	0
8894	28	57	964	0
101000	28	20930	964	0
35861	28	115741	964	0
50588	28	703	964	0
55535	28	1554	964	0
67989	28	1945	964	0
58608	28	694	964	0
55544	28	2216	964	0
6328	28	4533	964	0
29849	28	1709	964	0
29867	28	1081	964	0
38869	28	268	964	0
52294	28	21697	964	0
115580	28	2381	964	0
12809	28	1507	964	0
74023	28	1660	964	0
71199	28	50626	964	0
20756	28	126	964	0
56594	28	432	964	0
103663	28	1060	964	0
77055	28	33940	964	0
8429	28	29	964	0
121261	28	1660	964	0
35668	28	3525	964	0
41957	28	13725	964	0
86083	28	5247	964	0
121303	28	37861	964	0
68118	28	2846	964	0
15370	28	642	964	0
15812	28	1788	964	0
121371	23	121370	964	0
36453	28	348	964	0
15654	28	80	964	0
13830	28	758	964	0
91273	28	1282	964	0
6775	28	42	964	0
45909	28	346	964	0
48562	28	959	964	0
102707	28	7654	964	0
12424	28	310	964	0
87025	28	310	964	0
74609	28	1442	964	0
23756	28	1008	964	0
82277	28	890	964	0
48752	28	582	964	0
56251	28	3810	964	0
72467	28	989	964	0
58247	14	7271	964	0
87240	28	1214	964	0
74957	14	121568	964	0
135023	28	1731	964	0
91366	28	1266	964	0
7741	28	72	964	0
10503	28	451	964	0
75701	28	4620	964	0
58814	28	445	964	0
91408	28	21697	964	0
64959	28	3325	964	0
9531	28	1300	964	0
58821	28	45515	964	0
11004	28	49	964	0
50735	14	4167	964	0
58826	28	1325	964	0
47191	28	1627	964	0
31893	28	2992	964	0
11661	28	569	964	0
65364	28	214	964	0
85722	28	4341	964	0
62156	28	4779	964	0
97000	28	2653	964	0
15757	28	133	964	0
8528	28	2929	964	0
39850	28	1149	964	0
12079	28	26274	964	0
27649	28	398	964	0
105576	28	6542	964	0
15752	28	467	964	0
42337	28	5246	964	0
24788	28	1407	964	0
26906	28	2695	964	0
77418	28	20930	964	0
36248	28	1370	964	0
36821	28	2724	964	0
22452	28	2695	964	0
68292	28	1078	964	0
15884	28	8165	964	0
79180	28	13881	964	0
65409	28	3447	964	0
73195	28	30535	964	0
42558	28	4410	964	0
45873	28	20927	964	0
41973	28	337	964	0
83846	28	1044	964	0
14504	28	280	964	0
8983	28	714	964	0
42869	28	1266	964	0
57826	28	1740	964	0
29600	28	2347	964	0
49040	28	4255	964	0
140667	28	136	964	0
78205	28	20930	964	0
5727	28	6560	964	0
65574	28	619	964	0
79151	28	617	964	0
58944	28	357	964	0
105839	28	21697	964	0
57589	28	134	964	0
79118	28	4199	964	0
65779	28	334	964	0
25109	28	1421	964	0
54138	28	698	964	0
47821	28	1777	964	0
13809	28	1302	964	0
91744	28	4113	964	0
105912	28	2863	964	0
9688	28	1190	964	0
11434	28	387	964	0
11205	28	78	964	0
48136	28	7798	964	0
15667	28	432	964	0
73318	28	2204	964	0
24009	14	902	964	0
9061	28	81	964	0
140935	14	308	964	0
63378	28	388	964	0
18648	28	1543	964	0
11873	28	1478	964	0
49200	28	133	964	0
72611	28	640	964	0
42848	28	1962	964	0
36483	28	19	964	0
38836	28	304	964	0
66019	28	1302	964	0
29406	28	43923	964	0
17564	28	2415	964	0
12201	28	877	964	0
15325	28	2311	964	0
17233	28	2785	964	0
27953	28	904	964	0
13171	28	553	964	0
70673	28	2798	964	0
88240	28	439	964	0
74483	28	1238	964	0
83904	28	2663	964	0
24134	28	74506	964	0
47757	28	5442	964	0
9436	28	255	964	0
34286	28	2024	964	0
68536	28	8632	964	0
96815	28	5512	964	0
30816	28	590	964	0
23729	28	413	964	0
32254	28	2629	964	0
43507	28	2007	964	0
45212	28	236	964	0
90299	28	13286	964	0
87799	28	2728	964	0
57527	28	21697	964	0
37218	28	2977	964	0
85101	28	1177	964	0
101944	28	55690	964	0
79529	28	2539	964	0
19957	28	49	964	0
43022	28	348	964	0
122551	28	6067	964	0
12593	28	552	964	0
79562	28	6779	964	0
46828	28	484	964	0
58663	28	1218	964	0
35493	28	198	964	0
59085	28	4422	964	0
8143	28	1766	964	0
26179	28	4235	964	0
78409	28	233	964	0
68634	28	1535	964	0
31913	28	147	964	0
28119	28	4268	964	0
56439	28	1912	964	0
11996	28	2311	964	0
33532	28	746	964	0
25178	28	1571	964	0
15979	28	885	964	0
102074	28	2371	964	0
27219	28	850	964	0
89006	28	78116	964	0
141587	28	14282	964	0
31586	28	10777	964	0
22217	28	327	964	0
18831	28	1122	964	0
70949	28	2798	964	0
23694	28	998	964	0
9923	28	22251	964	0
18033	28	68	964	0
49471	28	32	964	0
57510	28	32023	964	0
24742	28	1028	964	0
47382	28	6525	964	0
28090	14	32579	964	0
35079	28	464	964	0
76788	28	835	964	0
100659	28	32	964	0
10345	28	587	964	0
17490	28	32	964	0
47464	28	808	964	0
65102	28	92	964	0
53896	28	20930	964	0
135438	28	259	964	0
122894	28	273	964	0
59150	28	2216	964	0
65362	28	2908	964	0
36938	28	660	964	0
16717	28	573	964	0
36333	28	540	964	0
12235	28	86	964	0
58237	28	872	964	0
7028	28	1116	964	0
8084	28	1018	964	0
6457	28	46	964	0
42507	28	54	964	0
122972	28	507	964	0
47484	28	3465	964	0
54514	28	106	964	0
82412	28	985	964	0
71935	28	37861	964	0
88349	28	1290	964	0
121934	28	2088	964	0
3	27	43310	964	0
19189	28	1359	964	0
44801	28	216	964	0
65901	28	18706	964	0
12606	28	1354	964	0
52534	28	357	964	0
31209	28	2033	964	0
32566	28	815	964	0
10763	28	3129	964	0
10201	28	811	964	0
20975	28	642	964	0
12980	28	1985	964	0
78170	28	198	964	0
92418	28	3642	964	0
142015	28	1019	964	0
55041	28	7177	964	0
57750	28	18654	964	0
10098	28	70	964	0
82637	28	6983	964	0
13037	28	2912	964	0
9676	28	17890	964	0
16970	28	568	964	0
54664	28	2078	964	0
92502	28	4410	964	0
11060	28	708	964	0
62827	28	612	964	0
43546	28	1446	964	0
59318	28	1371	964	0
22318	28	1825	964	0
18428	28	186	964	0
55082	28	3129	964	0
107005	28	4546	964	0
28356	14	3057	964	0
45682	28	751	964	0
12230	28	1015	964	0
64224	28	4031	964	0
14803	28	114	964	0
53847	28	16162	964	0
6277	28	900	964	0
33523	28	8562	964	0
66446	28	1549	964	0
18398	28	8057	964	0
142350	28	889	964	0
18234	28	28	964	0
54154	28	1613	964	0
123457	28	10913	964	0
36323	28	442	964	0
67763	28	13286	964	0
49810	28	1651	964	0
142383	28	2871	964	0
31913	28	1026	964	0
62887	28	4083	964	0
30346	28	31932	964	0
27753	28	1659	964	0
92646	28	74	964	0
14159	28	40	964	0
70678	28	2663	964	0
50352	28	2366	964	0
67506	28	36676	964	0
17159	28	1178	964	0
12374	28	78389	964	0
25134	28	1104	964	0
54832	28	1330	964	0
65261	28	135	964	0
20723	28	4384	964	0
21869	28	843	964	0
33289	28	483	964	0
71290	28	905	964	0
63561	28	2802	964	0
25376	28	1432	964	0
142538	28	1124	964	0
8020	28	670	964	0
35442	28	38	964	0
31633	28	1081	964	0
123613	28	2699	964	0
36045	28	13705	964	0
15300	28	1682	964	0
49712	28	5163	964	0
65185	28	781	964	0
16402	28	670	964	0
51066	28	2187	964	0
49762	28	165	964	0
54780	28	2040	964	0
20171	28	388	964	0
80212	28	3267	964	0
51231	28	1346	964	0
19674	28	433	964	0
6899	28	5406	964	0
68661	28	5089	964	0
72611	28	241	964	0
13817	28	5605	964	0
69111	28	4243	964	0
105681	28	17987	964	0
15405	28	537	964	0
11487	28	1231	964	0
29950	28	4003	964	0
30410	28	2334	964	0
57243	28	1134	964	0
53605	28	2558	964	0
107366	28	1260	964	0
121451	28	1755	964	0
79162	14	76444	964	0
44237	28	1208	964	0
49881	28	2151	964	0
47763	28	591	964	0
31185	28	76526	964	0
69151	28	781	964	0
34929	28	963	964	0
8990	28	465	964	0
7193	28	646	964	0
56133	28	13770	964	0
13237	28	1926	964	0
92900	28	3467	964	0
18860	28	869	964	0
28451	28	551	964	0
22185	28	673	964	0
45171	28	65366	964	0
15323	28	1300	964	0
17256	28	1329	964	0
8675	28	1139	964	0
49239	28	1026	964	0
75108	28	13607	964	0
92922	28	1430	964	0
5716	28	298	964	0
123919	28	988	964	0
14159	28	24	964	0
11090	28	1477	964	0
51316	28	55	964	0
89994	28	1099	964	0
142956	28	37803	964	0
52566	28	1762	964	0
116	27	54548	964	0
30414	28	69225	964	0
57674	28	1633	964	0
51329	28	815	964	0
51024	28	1793	964	0
13790	28	1467	964	0
4768	28	1635	964	0
69240	28	493	964	0
12871	28	755	964	0
47477	28	4347	964	0
87354	28	262	964	0
10025	28	112	964	0
32650	28	1403	964	0
22306	28	690	964	0
107643	28	673	964	0
56682	28	1600	964	0
68634	28	277	964	0
78529	28	749	964	0
13742	28	1371	964	0
58083	28	2528	964	0
83059	28	36296	964	0
4926	28	629	964	0
123645	28	6367	964	0
15400	28	2653	964	0
39881	28	1708	964	0
69286	28	2753	964	0
82965	28	23926	964	0
26679	28	850	964	0
124151	28	2456	964	0
107723	28	821	964	0
69310	28	2639	964	0
29836	28	2742	964	0
35594	28	2048	964	0
44039	28	659	964	0
165070	14	308	964	0
11992	28	178	964	0
24102	28	176	964	0
112484	28	2724	964	0
35399	28	32023	964	0
45412	28	13725	964	0
85616	28	1644	964	0
77139	28	1692	964	0
38254	28	6584	964	0
54768	28	2398	964	0
65134	28	904	964	0
76021	28	569	964	0
51230	28	619	964	0
59696	28	1061	964	0
107050	28	924	964	0
63080	28	1691	964	0
45577	28	1590	964	0
51427	28	20930	964	0
32353	28	1333	964	0
17408	28	2816	964	0
49174	28	3767	964	0
19346	28	256	964	0
69386	28	22428	964	0
80570	28	1594	964	0
24603	28	1712	964	0
36875	28	2876	964	0
69411	28	4048	964	0
9565	28	146	964	0
46885	28	78467	964	0
106625	28	18479	964	0
63697	28	516	964	0
9898	28	2082	964	0
15474	28	482	964	0
53245	28	416	964	0
17301	28	568	964	0
12296	28	815	964	0
73567	28	1576	964	0
21247	28	2011	964	0
107951	28	1201	964	0
97663	28	3765	964	0
89657	28	416	964	0
6430	28	73	964	0
79283	28	881	964	0
19645	28	1785	964	0
5827	28	1354	964	0
11901	28	1655	964	0
41198	28	80634	964	0
6683	28	186	964	0
107998	28	1529	964	0
76830	28	3798	964	0
16887	28	4143	964	0
96285	28	2373	964	0
108010	28	1408	964	0
107011	28	3544	964	0
77421	28	8165	964	0
92740	28	1793	964	0
103611	28	869	964	0
71805	28	540	964	0
28188	28	135	964	0
93374	23	120859	964	0
120859	23	93374	964	0
28555	28	493	964	0
37950	28	30862	964	0
7768	28	43	964	0
53790	28	526	964	0
103306	28	653	964	0
104284	28	388	964	0
78572	28	900	964	0
36096	28	973	964	0
92731	28	785	964	0
42280	28	1300	964	0
45787	28	386	964	0
39389	28	506	964	0
44413	28	1174	964	0
22006	28	2040	964	0
107645	28	1074	964	0
106914	28	3467	964	0
21424	28	1590	964	0
59793	28	37	964	0
11777	28	962	964	0
23193	28	1672	964	0
108151	28	402	964	0
71054	28	1265	964	0
78618	28	1329	964	0
35386	28	17987	964	0
16211	28	696	964	0
12564	28	751	964	0
17090	28	92	964	0
42393	28	565	964	0
12858	28	407	964	0
10592	28	781	964	0
117936	28	1708	964	0
16451	28	1238	964	0
21536	28	3074	964	0
