102467	28	210	931	935
81747	28	257	931	935
25111	28	31	931	935
52092	28	176	931	936
98298	28	176	931	936
22538	28	27	931	936
13606	28	380	931	936
64714	28	110	931	936
8232	28	594	931	936
32114	28	122	931	936
13787	28	288	931	936
89379	28	888	931	936
9355	28	227	931	936
47235	28	830	931	936
25384	28	739	931	936
14558	28	698	931	936
65125	28	15621	931	936
18019	28	1123	931	936
83933	28	241	931	936
63370	28	60	931	936
27669	28	1275	931	936
47090	28	131	931	936
24404	28	234	931	936
23162	28	74	931	936
26096	28	144	931	936
36914	28	951	931	936
51033	28	252	931	936
38252	28	20	931	936
48002	28	167	931	936
43432	28	234	931	936
18006	28	40	931	936
30257	28	131	931	936
13114	28	65	931	936
16080	28	48	931	936
93975	28	360	931	936
36080	28	265	931	936
57072	28	3011	931	936
46263	28	292	931	936
17344	28	397	931	936
70253	28	184	931	936
70345	28	661	931	936
35718	28	53	931	936
6498	28	3011	931	936
39056	28	2160	931	936
36593	28	38	931	936
9046	28	941	931	936
104174	28	205	931	936
97682	28	649	931	937
17197	28	1720	931	937
84898	28	1232	931	937
55980	28	32	931	937
19517	28	4164	931	937
18952	28	134	931	937
22010	28	37	931	937
67460	28	133	931	937
36279	28	164	931	937
27777	28	177	931	937
92239	28	71	931	937
31008	28	124	931	937
5404	28	49	931	937
19989	28	155	931	937
127182	28	79	931	937
19480	28	293	931	937
23179	28	12348	931	937
43182	28	228	931	937
25748	28	256	931	937
113589	28	259	931	937
102204	28	345	931	937
70169	28	135	931	937
90084	28	6177	931	937
12666	28	247	931	937
85122	28	768	931	937
37050	28	176	931	937
22487	28	1300	931	937
38614	28	27	931	937
9683	28	27	931	937
18104	28	14	931	937
88269	28	309	931	937
30202	28	164	931	937
27323	28	119	931	937
28414	28	51	931	937
51146	28	134	931	937
17220	28	33	931	937
26789	28	40	931	937
12002	28	4937	931	938
31497	28	147	931	938
29744	28	29	931	938
86047	28	27	931	938
40335	28	133	931	938
120017	28	141	931	938
12001	28	119	931	938
51277	28	832	931	938
15587	28	343	931	938
33396	28	146	931	938
16684	23	144731	931	938
86266	28	293	931	938
25819	28	136	931	938
32297	28	364	931	938
15952	28	143	931	938
51778	28	649	931	938
81127	28	975	931	938
64541	28	1164	931	938
35132	28	14	931	938
51359	28	253	931	938
68802	28	165	931	938
106846	23	131030	931	938
131030	23	106846	931	938
27861	28	135	931	938
89982	28	610	931	938
10752	28	66	931	938
29642	28	368	931	939
27808	28	135	931	939
34360	28	327	931	939
94127	28	217	931	939
10849	28	142	931	939
79141	28	1102	931	939
149224	28	470	931	939
5916	28	60	931	939
49112	28	121	931	939
79205	28	184	931	939
19294	28	44	931	939
18869	28	107	931	939
79893	23	94019	931	939
94019	23	79893	931	939
54649	28	397	931	940
28109	28	798	931	940
85331	28	419	931	940
36378	28	269	931	940
22142	28	855	931	940
7816	28	142	931	940
41130	28	244	931	940
80357	28	242	931	940
29946	28	937	931	940
44108	28	542	931	940
19760	28	926	931	940
40100	28	245	931	940
111121	28	3879	931	940
13325	28	223	931	940
59324	28	176	931	940
52260	28	50	931	940
33617	28	40	931	940
24636	28	159	931	940
12889	28	494	931	941
24054	28	198	931	941
54578	28	661	931	941
13643	28	112	931	941
22904	28	494	931	941
12071	28	938	931	941
8816	28	247	931	941
45402	28	413	931	941
29473	28	34	931	941
5642	28	14	931	941
24640	28	146	931	941
60055	28	276	931	941
81968	28	464	931	941
72850	28	1193	931	941
42048	28	464	931	941
107685	28	60	931	941
18019	28	368	931	941
10434	28	956	931	941
9540	28	142	931	941
44060	28	1358	931	941
33573	28	168	931	941
18751	28	198	931	941
61973	16	8	931	942
35772	28	27430	931	942
45653	28	51	931	942
52866	28	454	931	942
42502	28	267	931	942
75897	28	124	931	942
35787	28	327	931	942
44147	28	569	931	942
70247	28	366	931	942
22984	28	247	931	942
44910	28	484	931	942
29332	28	56	931	942
65463	28	527	931	942
25869	28	1300	931	943
31655	28	661	931	943
33024	28	135	931	943
108591	23	2696	931	943
111361	28	592	931	943
33004	28	131	931	943
19801	28	45	931	944
16180	28	622	931	944
32282	28	92	931	944
74450	28	366	931	945
58351	28	268	931	945
34566	28	2027	931	945
36912	28	30	931	945
44708	28	101	931	945
51859	28	608	931	945
7100	28	223	931	945
8534	28	1135	931	946
65892	16	7247	931	946
84866	28	18	931	947
68573	28	2929	931	947
31522	23	147717	931	947
130980	23	107078	931	947
72703	28	223	931	948
29891	23	58158	931	948
44457	28	370	931	948
21952	28	484	931	949
141438	14	15888	931	952
55493	28	1193	931	953
25919	14	22103	931	960
50330	14	1517	931	961
58074	28	50811	931	967
131688	28	269	932	0
71988	28	1831	932	0
97532	14	1706	932	0
97585	6	393	932	0
30350	28	162	932	0
30437	28	649	932	0
9671	28	1244	932	0
14471	28	742	932	0
35588	28	635	932	0
61606	28	288	932	0
41329	28	32	932	0
12179	28	186	932	0
48239	28	4900	932	0
10514	28	14	932	0
42262	28	131	932	0
42320	28	634	932	0
87239	14	7343	932	0
48901	23	116664	932	0
19029	28	570	932	0
87716	28	11051	932	0
53263	28	247	932	0
54329	28	464	932	0
37237	28	4900	932	0
117793	28	39	932	0
40347	14	39285	932	0
17303	28	361	932	0
24814	28	7658	932	0
33427	28	155	932	0
102523	14	22294	932	0
43249	14	49846	932	0
11394	28	29237	932	0
98082	8	37519	932	0
29162	28	3011	932	0
71415	1	43302	932	0
25110	28	105	932	0
19564	28	7658	932	0
86885	14	50197	932	0
29079	14	943	932	0
77239	28	11051	932	0
78078	23	28296	932	0
15243	28	1048	932	0
58351	28	2216	932	0
161410	28	11051	932	0
19630	14	308	932	0
26505	28	797	932	0
5333	28	47	932	0
19300	28	3011	932	0
18703	28	8779	932	0
105350	28	1216	932	0
65150	28	195	932	0
15845	28	1688	932	0
60836	14	2792	932	0
101013	14	229	932	0
29681	28	29	932	0
140515	6	284	932	0
41835	14	5000	932	0
67039	28	781	932	0
83933	28	640	932	0
104047	28	936	932	0
10235	28	7658	932	0
57603	14	9403	932	0
17012	28	72	932	0
82671	28	4900	932	0
77237	28	241	932	0
92206	28	6644	932	0
42320	28	546	932	0
164330	14	87689	932	0
82346	28	2480	932	0
17498	28	594	932	0
22910	28	3113	932	0
50744	14	7134	932	0
30483	28	78	932	0
13925	28	7658	932	0
71988	28	2097	932	0
80224	28	118	932	0
67566	6	284	932	0
29432	14	2792	932	0
48313	28	241	932	0
27001	28	16704	932	0
133595	14	92416	932	0
140404	14	6176	932	0
53303	28	5028	932	0
68996	28	14551	932	0
106711	14	144684	932	0
26473	28	640	932	0
9424	28	691	932	0
92692	28	398	932	0
20194	28	216	932	0
55255	14	4611	932	0
92878	28	265	932	0
59132	14	902	932	0
94058	28	2480	932	0
7082	28	7072	932	0
73848	28	2548	932	0
109122	28	1922	932	0
30422	28	505	932	0
28532	28	1244	932	0
89982	28	241	932	0
67460	28	6928	932	0
21087	28	1244	932	0
14401	28	806	932	0
126805	28	768	932	0
61782	28	110	932	0
106984	28	546	932	0
10243	14	943	932	0
13925	28	11051	932	0
70443	28	35035	932	0
90609	28	1772	932	0
44752	28	7658	932	0
58291	28	14551	932	0
42986	23	45509	932	0
33168	28	1193	932	0
10399	28	11051	932	0
41361	28	11051	932	0
147808	14	229	932	0
112129	6	72461	932	0
44108	28	241	932	0
15648	28	158	932	0
52883	14	444	932	0
13158	28	1269	932	0
22800	28	2006	932	0
42018	28	64	932	0
18358	14	98702	932	0
19742	28	6568	932	0
13866	28	7658	932	0
149236	14	14397	932	0
19102	14	89199	932	0
18507	28	1123	932	0
59575	28	1831	932	0
78676	28	1244	932	0
15071	28	642	932	0
76650	6	3719	932	0
116595	14	6305	932	0
65762	28	32	932	0
109709	28	774	932	0
8757	14	3721	932	0
7630	28	147	932	0
114666	28	453	932	0
68724	28	629	932	0
9849	28	14	932	0
36727	28	233	932	0
40366	28	110	932	0
103727	28	232	932	0
26165	28	100	932	0
32839	28	67	932	0
15670	28	4900	932	0
151357	14	7271	932	0
40381	28	253	932	0
77461	28	11051	932	0
112125	14	36533	932	0
5333	28	91	932	0
13688	23	81650	932	0
81650	23	13688	932	0
46351	28	66	932	0
24914	28	81	932	0
72670	6	92968	932	0
16313	28	3914	932	0
25179	28	22315	932	0
130129	14	3280	932	0
48690	28	195	932	0
31363	28	34	932	0
96845	14	128729	932	0
42756	28	1922	932	0
30483	28	11051	932	0
22637	28	288	932	0
50532	14	775	932	0
13841	14	3057	932	0
20194	28	6692	932	0
28109	28	241	932	0
38797	14	2188	932	0
20301	28	640	932	0
70037	28	56	932	0
11753	14	58242	932	0
44234	28	1338	932	0
71984	23	114024	932	0
41788	14	12873	932	0
108543	28	4900	932	0
96622	28	3762	932	0
59387	28	1244	932	0
58629	28	57	932	0
67888	28	1149	932	0
64716	28	640	932	0
106369	14	32577	932	0
34623	28	7658	932	0
27404	28	546	932	0
34496	28	7658	932	0
38846	28	2006	932	0
40040	14	782	932	0
181596	14	17928	932	0
182170	14	229	932	0
67185	28	74	932	0
30422	28	1056	932	0
16108	28	1922	932	0
12080	14	3721	932	0
61699	14	54976	932	0
56337	28	2087	932	0
38424	28	3118	932	0
36243	28	11051	932	0
25235	28	11051	932	0
94058	28	3144	932	0
23695	28	64	932	0
43588	14	2922	932	0
74175	28	6563	932	0
80665	28	8192	932	0
6826	28	11051	932	0
57409	28	140	932	0
56644	14	2792	932	0
54676	28	12991	932	0
8893	14	66807	932	0
89978	28	4900	932	0
47568	14	902	932	0
65217	28	236	932	0
34496	28	11051	932	0
63540	28	24	932	0
40937	28	1432	932	0
20868	14	4314	932	0
69656	28	557	932	0
17875	28	241	932	0
105562	6	1798	932	0
9424	28	257	932	0
28482	28	3083	932	0
69031	14	902	932	0
73778	28	553	932	0
12179	28	51	932	0
61249	28	164	932	0
51251	28	164	932	0
18522	28	3339	932	0
42067	14	13152	932	0
52099	14	4611	932	0
22749	14	444	932	0
43407	28	74	932	932
70514	28	2668	932	933
70667	28	86	932	933
14587	28	140	932	933
13349	28	682	932	933
72434	28	217	932	933
46689	28	57	932	933
45139	28	1231	932	933
35088	28	42	932	933
11773	28	13756	932	933
53303	28	74	932	933
45828	28	14242	932	933
31509	28	186	932	933
41665	28	800	932	933
55791	28	365	932	933
24980	28	643	932	933
31678	28	221	932	933
38711	28	51	932	933
65085	28	198	932	933
22022	28	347	932	933
96991	28	171	932	933
87933	28	198	932	933
26653	28	1127	932	933
27986	28	289	932	933
112409	28	165	932	933
96550	28	2941	932	933
62463	28	7059	932	933
21860	28	829	932	933
24763	28	575	932	933
55476	28	1129	932	933
13083	28	180	932	933
34191	28	1110	932	933
90155	28	396	932	933
40476	28	742	932	933
17613	28	46	932	933
77461	28	2525	932	933
34466	28	1234	932	933
43407	28	298	932	933
11494	28	211	932	933
76902	28	169	932	933
11888	28	78	932	933
20146	28	290	932	933
36273	28	750	932	933
49728	28	51	932	933
49405	28	1232	932	933
9024	28	1464	932	933
10691	28	502	932	933
15952	28	34	932	933
28376	28	381	932	933
5874	28	247	932	933
68782	28	1021	932	933
66662	28	3884	932	933
5718	28	42	932	933
9517	28	361	932	933
75534	28	280	932	933
53615	28	77	932	933
68090	28	111	932	933
37048	28	4614	932	933
93183	28	311	932	933
48257	28	2027	932	933
31938	28	3011	932	933
90818	28	89	932	933
88615	28	122	932	933
78476	28	71	932	933
14673	28	662	932	933
12717	28	149	932	933
57471	28	14989	932	933
69656	28	118	932	933
37423	28	4525	932	933
18447	28	2575	932	933
93909	28	46	932	933
15261	28	290	932	933
145067	28	28	932	933
86919	28	81	932	933
28810	28	610	932	933
70776	28	392	932	933
33001	28	1844	932	933
32839	28	47	932	933
69905	28	365	932	933
75876	28	20144	932	933
57363	28	185	932	933
64935	28	3987	932	933
72444	28	629	932	933
36027	28	43	932	933
91247	28	2196	932	933
64205	28	175	932	933
56925	28	27	932	933
28623	28	630	932	933
33035	28	1537	932	933
18703	28	74	932	933
15552	28	400	932	933
14200	28	3132	932	933
104340	28	1158	932	933
16916	28	81	932	933
57143	28	136	932	933
48199	28	44	932	933
110351	28	232	932	933
109451	28	2006	932	933
81072	28	170	932	933
54977	28	1468	932	933
15648	28	2045	932	933
27025	28	594	932	933
43904	28	1216	932	933
35404	28	114	932	933
91309	28	449	932	933
76462	28	40014	932	933
37661	28	51	932	933
9945	28	147	932	933
10224	28	1733	932	933
22156	28	439	932	933
25843	28	897	932	933
11394	28	1668	932	933
92692	28	14242	932	933
93316	28	57489	932	933
6311	28	44	932	933
19426	28	140	932	933
94916	28	213	932	933
20307	28	25151	932	933
76129	28	47	932	933
70161	28	2548	932	933
29485	28	420	932	933
36339	28	897	932	933
109122	28	31	932	933
78083	28	232	932	933
117162	28	156	932	933
32809	28	50	932	933
29470	28	1242	932	933
22640	28	347	932	933
24573	28	797	932	933
67179	28	282	932	933
175717	28	44	932	933
14147	28	40	932	933
38366	28	325	932	933
58597	28	396	932	933
88301	28	254	932	933
18279	28	883	932	933
121270	28	3941	932	933
150157	28	234	932	933
10399	28	58	932	933
15605	28	333	932	933
15327	28	126	932	933
9948	28	353	932	933
30028	28	1032	932	933
49072	28	119	932	933
12591	28	609	932	933
10878	28	49	932	933
12715	28	297	932	933
62374	28	231	932	933
70982	28	502	932	933
8316	28	24	932	933
77274	28	1531	932	933
111361	28	228	932	933
7082	28	557	932	933
24575	28	108292	932	933
31445	28	133	932	933
56685	28	178	932	933
45959	28	60	932	933
71058	28	14551	932	933
65637	28	48740	932	933
78152	28	205	932	933
35062	28	1788	932	933
30422	28	446	932	933
11314	28	19	932	933
95246	28	122	932	933
12135	28	120	932	933
62895	28	30811	932	933
19493	28	3011	932	933
20301	28	241	932	933
27027	28	354	932	933
21116	28	206	932	933
75621	28	2114	932	933
24337	28	170	932	933
37006	28	286	932	933
66358	23	66240	932	933
36222	28	530	932	933
47065	28	191	932	933
76234	28	941	932	933
127858	28	254	932	933
13401	28	503	932	933
18202	28	29	932	933
80848	28	2745	932	933
35978	28	4520	932	933
40159	28	503	932	933
11580	28	3674	932	933
96960	28	37	932	933
33280	28	3977	932	933
35025	28	986	932	933
22292	28	757	932	933
5916	28	253	932	933
99203	28	111	932	933
103507	28	1844	932	933
49896	28	8955	932	933
78882	28	205	932	933
89449	28	110	932	933
110813	28	179	932	933
14802	28	57	932	933
49135	28	3011	932	933
67703	28	618	932	933
16594	28	164	932	933
22949	28	47	932	933
39326	28	164	932	933
33215	28	5090	932	933
12710	28	91	932	933
39944	28	31832	932	933
19012	28	77	932	933
32026	28	420	932	933
104174	28	57489	932	933
49436	28	38	932	933
59679	28	429	932	933
32276	28	1922	932	933
12098	28	4703	932	933
19564	28	1258	932	933
69897	28	1110	932	933
24903	28	156	932	933
10545	28	738	932	933
41517	28	104	932	933
71988	28	34780	932	933
37539	28	176	932	933
31124	28	400	932	933
31862	28	315	932	933
20639	28	539	932	933
13960	28	101	932	933
46804	28	92	932	933
12071	28	698	932	933
62463	28	4922	932	933
20881	28	72	932	933
24991	28	290	932	934
4376	23	7760	932	934
96513	28	141	932	934
13085	28	1459	932	934
61782	28	48	932	934
113283	28	386	932	934
13122	28	88	932	934
62470	28	602	932	934
12225	28	535	932	934
74046	28	67	932	934
4107	28	77	932	934
32058	28	48	932	934
33723	28	126	932	934
8810	28	27	932	934
15961	28	424	932	934
32202	28	37115	932	934
70880	28	503	932	934
7630	28	111	932	934
33541	28	60	932	934
14592	28	708	932	934
29717	28	1922	932	934
25748	28	176	932	934
67221	28	120	932	934
67279	28	131	932	934
23166	28	248	932	934
20631	28	68	932	934
64338	28	122	932	934
57643	6	17535	932	934
121334	28	1695	932	934
21665	28	65	932	934
17257	28	131	932	934
27266	28	33	932	934
18134	28	118	932	934
90598	28	515	932	934
14427	28	149	932	934
96114	28	101	932	934
16601	28	400	932	934
22634	28	109	932	934
69080	28	1461	932	934
78212	28	1736	932	934
93027	28	325	932	934
11099	28	149	932	934
124649	28	114	932	934
64161	28	951	932	934
8204	28	913	932	934
12799	28	55	932	934
32919	28	366	932	934
72927	28	188	932	934
11201	28	82	932	934
96622	28	198	932	934
22110	28	25647	932	934
20546	28	31	932	934
64716	28	475	932	934
31024	28	1616	932	934
39687	28	63	932	934
69173	28	360	932	934
44297	28	56	932	934
17328	28	214	932	934
67888	28	80	932	934
9517	28	5798	932	934
147458	28	345	932	934
22277	28	103	932	934
18507	28	745	932	934
50195	28	273	932	934
41722	28	431	932	934
6918	28	589	932	934
17656	28	832	932	934
46184	28	2027	932	934
15067	28	1176	932	934
5353	28	1179	932	934
8232	28	34	932	934
75129	28	458	932	934
90115	28	2724	932	934
49697	28	361	932	934
84839	28	4059	932	934
8902	28	43	932	934
14641	28	3148	932	934
41085	28	16	932	934
9397	28	365	932	934
57000	28	336	932	934
42881	28	223	932	934
31336	28	516	932	934
24866	28	110	932	934
14750	28	572	932	934
44263	28	101	932	934
45008	28	2748	932	934
24517	28	110	932	934
73466	28	57	932	934
80502	28	297	932	934
36855	28	1476	932	934
38846	28	107	932	934
60437	28	233	932	934
9936	28	888	932	934
64425	28	1618	932	934
38263	28	179	932	934
106565	28	3141	932	934
23739	28	133	932	934
18147	28	5643	932	934
17050	28	140	932	934
18652	28	174	932	934
14471	28	211	932	934
24620	28	24	932	934
14351	28	44	932	934
20691	28	371	932	934
17940	28	1201	932	934
21799	28	757	932	934
71848	28	1752	932	934
74496	28	63	932	934
12250	28	7947	932	934
22034	28	500	932	934
33280	28	2145	932	934
13787	28	418	932	934
31576	28	98	932	934
41587	23	57829	932	934
28849	28	336	932	934
10974	28	14	932	934
25336	28	274	932	934
38379	28	69	932	934
10431	28	55	932	934
24181	28	319	932	934
60561	28	1025	932	934
85115	28	1317	932	934
83014	28	464	932	934
36517	28	57	932	934
24182	28	1780	932	934
79149	28	70735	932	934
80698	28	178	932	934
33708	28	2341	932	934
24563	28	1110	932	934
34545	28	3011	932	934
13371	28	400	932	934
19283	28	897	932	934
18670	28	1562	932	934
21195	28	1805	932	934
19825	28	281	932	934
51708	28	80	932	934
117289	28	174	932	934
53551	28	82	932	934
46471	28	45011	932	935
25925	28	27	932	935
98783	28	2057	932	935
3198	23	36064	932	935
36064	23	3198	932	935
47076	28	2006	932	935
12855	28	245	932	935
71534	28	780	932	935
23098	28	192	932	935
56443	28	119	932	935
65823	28	111	932	935
37099	28	623	932	935
88422	28	768	932	935
28129	28	355	932	935
62376	28	89	932	935
16748	28	70	932	935
13089	28	31	932	935
25273	28	102	932	935
45553	28	395	932	935
11508	28	293	932	935
13255	28	346	932	935
26268	28	449	932	935
73553	28	1102	932	935
30350	28	309	932	935
13761	28	64	932	935
74652	28	133	932	935
29941	28	2114	932	935
34037	28	653	932	935
66254	28	783	932	935
18030	28	155	932	935
38260	28	20	932	935
37262	28	4604	932	935
39585	28	1093	932	935
114290	28	22	932	935
58351	28	360	932	935
30508	28	774	932	935
12496	28	2006	932	935
48252	28	162	932	935
56975	28	532	932	935
8705	28	72	932	935
38153	28	710	932	935
9077	28	91	932	935
25110	28	36	932	935
59597	28	2422	932	935
17453	28	195	932	935
44344	28	4178	932	935
50376	28	31	932	935
38510	28	16	932	935
24552	28	3791	932	935
48419	28	132	932	935
33206	28	56	932	935
75327	28	105	932	935
53355	28	1206	932	935
24777	28	85	932	935
53140	28	120	932	935
64874	28	27	932	935
110877	14	119043	932	935
9639	28	27	932	935
39573	28	309	932	935
20711	28	51021	932	935
63034	28	750	932	935
56110	28	979	932	935
18202	28	98	932	935
6278	28	143	932	935
91546	28	103873	932	935
47667	28	23526	932	935
20241	28	44	932	935
10625	28	112	932	935
10652	28	50	932	935
59575	28	6621	932	935
45180	28	134	932	935
7315	28	47	932	935
16186	28	354	932	935
35126	28	205	932	935
10701	28	28528	932	935
13022	28	165	932	935
39679	28	159	932	935
40898	28	230	932	935
6007	28	213	932	935
34174	28	530	932	935
9914	28	169	932	935
33260	28	73	932	935
31163	28	937	932	935
81567	28	8988	932	935
26983	28	47	932	935
66254	28	453	932	935
44292	28	78	932	935
17521	28	155	932	935
25009	28	5527	932	935
83014	28	525	932	935
91560	28	178	932	935
47178	28	346	932	935
19455	28	267	932	935
23601	28	103	932	935
50983	28	623	932	935
18249	28	1102	932	935
66267	28	453	932	935
69811	28	143	932	935
26725	28	56	932	935
86897	28	553	932	935
21431	28	114	932	935
41142	28	559	932	935
50696	28	256	932	935
61780	28	965	932	935
14304	28	56	932	935
10988	28	22	932	935
53263	28	38	932	936
11625	28	1475	932	936
36706	28	366	932	936
4298	28	16	932	936
83893	28	533	932	936
14771	28	286	932	936
102011	28	396	932	936
16881	28	2376	932	936
34951	28	290	932	936
35046	28	648	932	936
30939	28	315	932	936
67754	28	1317	932	936
88422	28	370	932	936
67973	28	897	932	936
9206	28	234	932	936
32171	28	134	932	936
86076	28	63	932	936
20217	28	199	932	936
80081	28	175	932	936
15290	28	58	932	936
18455	28	442	932	936
11819	28	134	932	936
13990	28	57	932	936
5677	28	40	932	936
34891	28	3011	932	936
23043	28	122	932	936
133771	6	3224	932	936
5898	28	65	932	936
31737	28	248	932	936
15403	28	103	932	936
140347	28	2546	932	936
47199	28	71	932	936
33860	28	191	932	936
42460	28	153	932	936
35046	28	1922	932	936
39983	28	1132	932	936
33080	28	1488	932	936
10022	28	336	932	936
54618	28	505	932	936
45509	23	42986	932	936
61499	28	143	932	936
22701	28	295	932	936
47206	28	50	932	936
53127	28	144	932	936
27069	28	69	932	936
64163	28	3141	932	936
34566	28	653	932	936
9483	28	86	932	936
38301	28	311	932	936
47096	28	64	932	936
39805	28	82	932	936
20045	28	88	932	936
52298	28	333	932	936
68676	28	22	932	936
41794	28	104	932	936
18473	28	315	932	936
21116	28	193	932	936
66055	28	3011	932	936
92414	28	1743	932	936
26639	28	133	932	936
19080	28	181	932	936
11824	28	286	932	936
30519	28	124	932	936
16605	28	408	932	936
28398	28	221	932	936
31921	28	136	932	936
47387	28	45	932	936
12495	28	38	932	936
11832	28	739	932	936
14541	28	123	932	936
11708	28	43	932	937
36585	28	195	932	937
40557	28	37	932	937
100804	28	446	932	937
7156	28	38	932	937
20155	28	503	932	937
56305	28	205	932	937
25248	28	380	932	937
9556	28	52	932	937
33340	28	149	932	937
26272	28	206	932	937
20346	28	14	932	937
12919	28	30	932	937
101493	28	2709	932	937
10071	28	92	932	937
51089	28	460	932	937
6136	28	65	932	937
107435	28	1169	932	937
83798	28	230	932	937
117793	28	178	932	937
83784	28	111	932	937
8734	28	103	932	937
55493	28	1262	932	937
16377	28	176	932	937
81696	28	750	932	937
38335	28	383	932	937
60090	28	452	932	937
44217	28	80	932	937
28638	28	170	932	937
90724	28	1162	932	937
22130	28	103	932	937
41030	28	34	932	937
20162	28	24	932	937
21695	28	4650	932	937
51224	28	402	932	937
94555	28	1478	932	937
9568	28	53	932	937
111285	28	530	932	937
44196	28	42	932	937
110397	28	37	932	937
62259	28	168	932	937
130684	28	71	932	937
91437	28	49325	932	937
16878	28	122	932	937
51661	28	45	932	937
45355	28	164	932	938
29946	28	460	932	938
88521	28	1023	932	938
62369	28	282	932	938
106913	28	126	932	938
92580	28	118	932	938
25638	28	170	932	938
66870	28	460	932	938
27435	28	48	932	938
9465	28	28	932	938
11585	28	78	932	938
60607	28	60	932	938
20690	28	27	932	938
128783	28	897	932	938
68373	23	56323	932	938
101103	28	71	932	938
26266	28	14	932	938
51344	28	516	932	938
58333	28	429	932	938
81185	28	123	932	938
24646	28	86	932	938
84607	28	2035	932	938
7076	28	91	932	938
27674	28	240	932	938
8506	28	164	932	938
44259	28	48	932	938
33026	28	43	932	938
46625	28	206	932	938
88697	28	111	932	938
60140	28	217	932	938
96858	28	253	932	938
24678	28	55	932	938
37029	28	164	932	938
35566	28	315	932	938
38878	28	358	932	938
70825	28	370	932	939
27375	28	164	932	939
31707	28	251	932	939
46457	28	95	932	939
26238	28	22	932	939
45121	28	726	932	939
15175	28	836	932	939
32993	28	368	932	939
39150	28	623	932	939
38437	28	358	932	939
49800	28	217	932	939
15219	28	213	932	939
102018	28	99	932	939
42513	28	132	932	939
62326	28	837	932	939
18472	28	40	932	939
55642	28	1656	932	939
66170	28	1100	932	939
62993	28	135	932	939
34888	28	346	932	939
32927	28	40	932	939
56588	28	1216	932	939
22066	28	251	932	940
19254	28	554	932	940
25293	28	540	932	940
8833	28	22	932	940
135033	28	1160	932	940
25781	28	261	932	940
36877	28	262	932	940
25521	28	206	932	940
10849	28	14	932	940
47801	28	518	932	940
53331	28	21358	932	940
10600	28	245	932	940
52618	28	164	932	940
96305	28	4650	932	940
69680	28	67	932	940
56730	28	30	932	940
17771	28	470	932	940
36610	28	1164	932	940
24592	28	80	932	940
74966	28	941	932	940
7327	28	276	932	940
21611	28	22	932	940
71238	28	184	932	940
9196	28	323	932	941
25179	28	91	932	941
35625	28	2331	932	941
41308	28	474	932	941
21319	28	101	932	941
38140	28	47	932	941
5253	28	64	932	941
44500	28	368	932	941
25521	28	231	932	941
49479	28	470	932	941
65913	28	1260	932	941
68025	28	520	932	941
23158	28	95	932	941
57471	28	922	932	941
24336	28	68	932	941
13643	28	34	932	941
19620	28	315	932	941
32330	28	228	932	941
53815	28	133	932	941
60050	28	123	932	941
57367	28	453	932	941
26165	28	122	932	941
123934	28	933	932	941
27323	28	114	932	941
47936	28	60	932	941
78710	28	2100	932	941
51593	28	623	932	941
49387	28	155	932	941
98274	28	171	932	942
49138	23	65673	932	942
23043	28	223	932	942
19382	28	161	932	942
113494	28	1275	932	942
21007	28	121	932	942
116818	28	547	932	942
16359	28	19	932	942
11204	28	454	932	942
21577	28	66	932	942
31336	28	135	932	942
66112	28	214	932	942
122169	28	141	932	942
51655	28	463	932	942
45161	28	608	932	942
31313	28	454	932	943
62651	28	327	932	943
46010	28	29	932	943
75341	23	119762	932	943
15176	28	8027	932	943
14434	28	213	932	943
39478	28	165	932	943
21346	28	756	932	943
56443	28	141	932	943
60469	28	327	932	943
24991	28	66	932	943
130927	28	1057	932	943
149666	28	297	932	943
155531	28	744	932	943
50985	28	76	932	944
17940	28	1132	932	944
38508	28	55	932	944
13349	28	1193	932	944
24237	28	230	932	944
43055	28	60	932	944
46019	28	52	932	945
36145	28	71	932	945
122354	28	399	932	945
32218	28	185	932	945
51900	28	1495	932	945
65807	28	165	932	945
4622	23	43489	932	945
35762	28	164	932	945
47384	28	255	932	945
121280	28	531	932	945
45523	28	146	932	946
65531	28	327	932	946
72208	28	52	932	946
56509	28	996	932	946
6007	28	346	932	947
5253	28	223	932	947
66997	16	6623	932	947
94393	28	550	932	947
35892	28	622	932	947
155433	28	1444	932	947
9046	28	268	932	949
13787	28	32	932	949
68819	28	676	932	950
12911	28	55	932	951
84324	28	712	932	951
94276	28	37	932	952
129018	23	102387	932	952
4442	28	3035	932	953
77104	23	36071	932	961
36071	23	77104	932	961
123812	16	79117	932	961
96550	28	165	933	0
39548	14	16795	933	0
13158	28	786	933	0
83440	14	3055	933	0
19095	28	52	933	0
16911	28	44	933	0
97933	28	927	933	0
15186	23	72740	933	0
54348	14	229	933	0
35279	28	5120	933	0
71572	28	3232	933	0
10389	28	19	933	0
27002	28	1249	933	0
64205	28	53	933	0
134315	28	165	933	0
116177	28	892	933	0
158610	14	15888	933	0
22538	28	1922	933	0
44752	28	4520	933	0
101513	28	215	933	0
23158	28	594	933	0
76440	28	4007	933	0
65271	14	444	933	0
13925	28	3160	933	0
36077	28	6563	933	0
101952	28	4520	933	0
31741	14	943	933	0
40511	28	594	933	0
71058	28	4415	933	0
12135	28	166	933	0
25308	28	774	933	0
15845	28	131	933	0
76902	28	4520	933	0
24751	14	2951	933	0
75577	14	6176	933	0
14771	28	60	933	0
25785	28	223	933	0
34623	28	1244	933	0
103660	28	3678	933	0
34955	28	1581	933	0
58119	14	17538	933	0
103814	14	3111	933	0
26473	28	241	933	0
67615	14	1217	933	0
26692	28	5331	933	0
86094	28	5120	933	0
54392	28	164	933	0
41897	28	123	933	0
35718	28	6563	933	0
18703	28	4007	933	0
31471	28	164	933	0
8514	28	23929	933	0
6302	28	1922	933	0
40351	14	2188	933	0
32240	28	54126	933	0
106283	28	5120	933	0
8956	28	104	933	0
11373	14	3111	933	0
78837	14	6882	933	0
68915	28	1327	933	0
76878	28	3232	933	0
8514	28	122	933	0
33026	28	3232	933	0
10878	28	178	933	0
55255	14	943	933	0
22720	14	2258	933	0
69405	28	245	933	0
18500	28	1844	933	0
58038	14	9093	933	0
8922	14	80481	933	0
31124	28	897	933	0
39244	14	4314	933	0
69760	14	918	933	0
19300	28	4007	933	0
10752	28	175	933	0
16176	28	283	933	0
62146	28	28	933	0
8475	28	3687	933	0
2883	28	89	933	0
69925	28	244	933	0
32450	14	5693	933	0
20065	28	4415	933	0
94393	28	241	933	0
28525	28	2006	933	0
10235	28	1922	933	0
92240	28	768	933	0
18098	28	1844	933	0
116963	14	2797	933	0
45491	28	1244	933	0
44579	28	3232	933	0
21437	28	294	933	0
40366	28	3232	933	0
27764	14	9717	933	0
38108	28	5120	933	0
11453	28	67	933	0
43157	28	594	933	0
90699	28	45239	933	0
98591	28	13129	933	0
12717	28	1900	933	0
146319	14	24375	933	0
59169	28	3687	933	0
9903	28	5120	933	0
12238	28	206	933	0
30111	28	4007	933	0
98401	14	13870	933	0
44949	14	2995	933	0
5373	28	80	933	0
95118	14	22294	933	0
82751	28	261	933	0
98908	28	195	933	0
38711	28	1514	933	0
110824	28	5120	933	0
61931	28	176	933	0
17167	28	3021	933	0
4444	28	629	933	0
55519	23	4712	933	0
80880	14	13870	933	0
20364	28	3687	933	0
16916	28	1349	933	0
22800	28	5120	933	0
116425	28	238	933	0
59807	28	92	933	0
7999	28	81	933	0
14054	28	1071	933	0
106956	28	5120	933	0
49590	14	125864	933	0
62134	28	539	933	0
93975	28	268	933	0
37661	28	36293	933	0
88819	28	2111	933	0
15986	28	45408	933	0
50131	28	60	933	0
43102	28	5120	933	0
18522	28	4700	933	0
34414	14	13261	933	0
46517	14	902	933	0
6302	28	459	933	0
25324	28	347	933	0
113321	6	8876	933	0
95641	28	3160	933	0
10988	28	973	933	0
63856	14	2417	933	0
21323	28	2991	933	0
36328	28	5120	933	0
176596	14	11216	933	0
6826	28	4415	933	0
65953	28	3687	933	0
91304	14	50197	933	0
80046	14	6305	933	0
25235	28	3160	933	0
67512	6	874	933	0
11907	28	1676	933	0
69760	14	764	933	0
49405	28	1733	933	0
13987	28	317	933	0
8574	28	1201	933	0
32712	28	508	933	0
49135	28	5120	933	0
127277	28	11409	933	0
69717	28	241	933	0
20834	28	4520	933	0
9253	28	3011	933	0
33210	28	24	933	0
26694	30	3972	933	0
68724	28	355	933	0
48995	14	54976	933	0
61655	28	169	933	0
13463	14	1491	933	0
33087	28	206	933	0
79261	28	6476	933	0
45789	28	223	933	0
71533	14	50197	933	0
180688	14	229	933	0
59185	28	4415	933	0
52637	28	232	933	0
120290	14	2783	933	0
3296	23	102393	933	0
43795	16	6623	933	0
30318	28	8192	933	0
89245	14	5451	933	0
18098	28	4415	933	0
16108	28	219	933	0
34951	28	4520	933	0
7315	28	4007	933	0
10389	28	1409	933	0
8534	28	1551	933	0
108286	14	12276	933	0
107994	28	244	933	0
111882	28	5120	933	0
16331	28	361	933	0
21172	28	1244	933	0
38921	28	230	933	0
17657	28	1831	933	0
17858	28	29953	933	0
7082	28	188	933	0
111313	28	742	933	0
16023	28	24	933	0
5167	28	82	933	0
18104	28	24	933	0
112178	28	158	933	0
14127	14	1491	933	0
26504	28	206	933	0
19662	28	64	933	0
52099	14	943	933	0
9683	28	2006	933	0
24469	28	5120	933	0
15559	28	1147	933	0
11907	28	4520	933	0
95626	28	23	933	0
27266	28	24	933	0
44546	28	1922	933	0
6639	28	16	933	0
33070	28	74	933	0
27497	28	92	933	0
37177	28	3160	933	0
11753	14	100250	933	0
88615	28	42	933	0
81661	14	17928	933	0
146242	28	868	933	0
90783	28	2941	933	0
6302	28	5120	933	0
55692	28	143	933	0
13579	28	223	933	0
59427	23	30418	933	0
37751	28	2733	933	933
24208	28	50	933	933
76659	28	5742	933	933
49697	28	1806	933	933
60841	28	757	933	934
83681	28	210	933	934
19494	28	2627	933	934
17012	28	82	933	934
97344	28	216	933	934
72609	28	494	933	934
12069	28	103	933	934
34385	28	365	933	934
19956	28	234	933	934
8665	28	4007	933	934
17785	28	4200	933	934
26831	28	330	933	934
115801	28	3232	933	934
14834	28	18963	933	934
56412	28	252	933	934
40476	28	2197	933	934
100783	28	8842	933	934
41930	28	460	933	934
101056	28	409	933	934
65637	28	3941	933	934
56118	28	74	933	934
76136	28	49325	933	934
16966	28	1136	933	934
6498	28	19	933	934
42556	28	20144	933	934
15847	28	16	933	934
37423	28	12991	933	934
7646	28	273	933	934
45104	28	1244	933	934
22022	28	111	933	934
71377	28	893	933	934
55780	28	3308	933	934
5718	28	1611	933	934
40519	28	741	933	934
17380	28	230	933	934
19833	28	17610	933	934
84230	28	234	933	934
20301	28	2324	933	934
48199	28	81	933	934
71249	28	119908	933	934
53078	28	328	933	934
102601	28	3914	933	934
22640	28	2292	933	934
13960	28	1338	933	934
91621	28	1127	933	934
71058	28	17610	933	934
84436	28	50874	933	934
43095	28	60	933	934
49801	28	17610	933	934
65970	28	171	933	934
27001	28	1926	933	934
122942	28	156	933	934
43407	28	89	933	934
21167	28	539	933	934
13579	28	52	933	934
34879	28	2718	933	934
106956	28	17610	933	934
5874	28	6625	933	934
28566	28	1567	933	934
22904	28	58	933	934
25062	28	7098	933	934
24703	28	238	933	934
8690	28	400	933	934
15852	28	17610	933	934
14430	28	290	933	934
11571	28	2575	933	934
55182	28	1162	933	934
68090	28	175	933	934
74175	28	2529	933	934
78882	28	83	933	934
27707	28	1052	933	934
13208	28	162	933	934
38446	28	89311	933	934
36481	28	897	933	934
32809	28	101	933	934
69717	28	1806	933	934
15257	28	73	933	934
78083	28	171	933	934
34931	28	6410	933	934
65675	28	710	933	934
6475	28	404	933	934
12715	28	1156	933	934
103507	28	1922	933	934
30709	28	91	933	934
79173	28	748	933	934
30416	28	28	933	934
58597	28	8192	933	934
45121	28	1844	933	934
14761	28	176	933	934
51061	28	230	933	934
57412	28	449	933	934
11257	28	5572	933	934
5732	28	82	933	934
76129	28	396	933	934
12959	28	28	933	934
8956	28	150	933	934
65085	28	1835	933	934
27672	28	235	933	934
15881	28	174	933	934
20054	28	41	933	934
12717	28	186	933	934
94921	28	1922	933	934
10681	28	1958	933	934
80827	28	71	933	934
86516	28	657	933	934
91247	28	919	933	934
116536	28	53	933	934
78476	28	439	933	934
41110	28	897	933	934
38269	28	17610	933	934
25843	28	253	933	934
75231	28	673	933	934
48639	28	304	933	934
14896	28	223	933	934
30711	28	191	933	934
6003	28	23	933	934
10263	28	126	933	934
17410	28	87	933	934
8268	28	52	933	934
31938	28	186	933	934
90155	28	1478	933	934
60226	28	3132	933	934
110351	28	83	933	934
28810	28	888	933	934
19228	28	129	933	934
34623	28	17610	933	934
49194	28	1492	933	934
48239	28	3687	933	934
35141	28	156	933	934
106210	28	706	933	934
19426	28	235	933	934
150157	28	434	933	934
46804	28	158	933	934
44482	28	17610	933	934
19300	28	17610	933	934
7082	28	27	933	934
21483	28	7953	933	934
93774	28	1100	933	934
13877	28	594	933	934
76037	28	31832	933	934
75534	28	3884	933	934
34236	28	1304	933	934
3655	28	985	933	934
25017	28	4007	933	934
151151	28	238	933	934
47065	28	328	933	934
12071	28	290	933	934
76155	28	73	933	934
16911	28	110	933	934
5333	28	27	933	934
15022	28	343	933	934
33215	28	2006	933	934
13514	28	800	933	934
70846	28	78	933	934
24552	28	22	933	934
8982	28	539	933	934
92984	28	23	933	934
8795	28	742	933	934
33189	28	47	933	934
72014	28	241	933	934
16163	28	186	933	934
14324	28	161	933	934
17714	28	878	933	934
53486	28	210	933	934
51089	28	1156	933	934
29483	28	215	933	934
68872	28	247	933	934
71994	28	114	933	934
81215	28	5283	933	934
77290	28	4415	933	934
31862	28	1145	933	934
34448	28	506	933	934
63361	28	74	933	934
152933	28	205	933	934
60457	28	219	933	934
33816	28	281	933	934
27699	28	2341	933	934
9945	28	88	933	934
113540	28	409	933	934
109306	28	768	933	934
21132	28	897	933	934
37006	28	6223	933	934
25503	28	29953	933	934
71572	28	147	933	934
59472	28	325	933	934
56855	28	1475	933	934
70318	28	2718	933	934
32276	28	2006	933	934
58893	28	50	933	934
29822	28	191	933	934
8672	28	513	933	934
18818	28	506	933	934
68996	28	3160	933	934
9671	28	67	933	934
17013	28	3141	933	934
14047	28	267	933	934
11405	28	500	933	934
81964	28	4794	933	934
18893	28	2780	933	934
59681	28	53	933	934
33146	28	158	933	934
90818	28	714	933	934
7774	28	1338	933	934
23650	28	4614	933	934
62602	28	2529	933	934
11747	28	33	933	934
19140	28	111	933	934
41308	28	361	933	934
92402	28	184	933	934
56685	28	118	933	934
38379	28	67	933	934
44546	28	158	933	934
145067	28	53	933	934
70930	28	80	933	934
60381	28	768	933	934
83348	28	704	933	934
92967	28	5572	933	934
20418	28	144	933	934
8475	28	51	933	934
53728	28	353	933	934
42275	28	897	933	934
43805	28	2341	933	934
90297	28	930	933	934
80805	28	4007	933	934
69869	28	181	933	934
20099	28	195	933	934
118812	28	409	933	934
73848	28	8779	933	934
36934	28	6909	933	934
57135	28	325	933	934
95626	28	74	933	934
21860	28	474	933	934
108033	28	3232	933	934
23346	28	2542	933	934
13538	28	309	933	934
67039	28	2991	933	934
117193	28	165	933	934
18778	28	161	933	934
37072	28	7098	933	934
111685	28	3977	933	934
22904	28	221	933	934
53734	28	124	933	934
30418	23	59427	933	934
46689	28	1071	933	934
38824	28	594	933	935
52212	28	104	933	935
2883	28	40	933	935
131759	28	150	933	935
18872	28	1119	933	935
19457	28	387	933	935
84524	28	387	933	935
114740	28	932	933	935
13709	28	195	933	935
31103	28	442	933	935
16677	28	145	933	935
133821	28	2059	933	935
48272	28	274	933	935
17626	28	618	933	935
13800	28	1244	933	935
24914	28	1478	933	935
87129	28	2529	933	935
65477	28	2529	933	935
18109	28	252	933	935
34389	28	1340	933	935
88278	28	4415	933	935
46660	28	188	933	935
16599	28	2015	933	935
13084	28	784	933	935
77443	28	2023	933	935
72565	28	1102	933	935
4038	23	74468	933	935
84060	28	1810	933	935
8682	28	3687	933	935
22538	28	294	933	935
15060	28	1015	933	935
19813	28	43	933	935
138223	28	1216	933	935
35029	28	104	933	935
15079	28	147	933	935
12135	28	110	933	935
77744	28	67	933	935
31124	28	252	933	935
8087	28	22	933	935
47785	28	1110	933	935
13654	28	47	933	935
55755	28	9837	933	935
104026	28	71	933	935
121379	28	167	933	935
48132	28	529	933	935
23853	28	134	933	935
17330	28	141	933	935
8142	28	328	933	935
140664	28	119	933	935
25785	28	4520	933	935
22348	28	124	933	935
91783	28	4143	933	935
66743	28	3232	933	935
15782	28	1117	933	935
34572	28	4007	933	935
12178	28	1958	933	935
27231	28	205	933	935
92113	28	3687	933	935
31678	28	28	933	935
70667	28	64	933	935
64101	28	2568	933	935
55374	28	1098	933	935
14047	28	174	933	935
26653	28	83	933	935
15648	28	1772	933	935
39948	28	216	933	935
107994	28	291	933	935
87716	28	4415	933	935
108543	28	3687	933	935
16067	28	16320	933	935
69656	28	1832	933	935
81021	28	216	933	935
51045	28	634	933	935
45038	28	800	933	935
6311	28	158	933	935
90635	28	195	933	935
82346	28	453	933	935
39444	28	251	933	935
48306	28	1297	933	935
21481	28	960	933	935
15614	28	578	933	935
21502	28	412	933	935
30429	28	9837	933	935
49072	28	37	933	935
8182	28	265	933	935
108204	28	4415	933	935
144635	28	347	933	935
53889	28	353	933	935
22042	28	380	933	935
80014	28	3232	933	935
7999	28	1349	933	935
13538	28	594	933	935
72609	28	47	933	935
24608	28	52	933	935
14802	28	86	933	935
33196	28	3232	933	935
30899	28	106	933	935
75444	28	3160	933	935
41185	28	95	933	935
21087	28	3011	933	935
128234	28	56	933	935
15916	28	698	933	935
21973	28	3378	933	935
86870	28	4415	933	935
85002	28	29	933	935
24641	28	379	933	935
42735	28	177	933	935
12189	28	149	933	935
12427	28	136	933	935
92820	28	144	933	935
19369	28	1609	933	935
86995	28	365	933	935
80862	28	31	933	935
25278	28	6994	933	935
73216	28	266	933	935
24770	28	750	933	935
51125	28	365	933	935
57302	28	592	933	935
40039	28	4520	933	935
81072	28	49055	933	935
51010	28	872	933	935
87249	28	5527	933	935
20299	28	242	933	935
33260	28	24	933	935
7061	28	46	933	935
128325	28	216	933	935
23656	28	621	933	935
94138	28	23562	933	935
32130	28	868	933	935
49361	28	51	933	935
46188	28	623	933	935
10500	28	53	933	935
5916	28	70	933	935
11314	28	51	933	935
10320	28	132	933	935
93909	28	396	933	935
11868	28	205	933	935
60394	28	112	933	935
83177	28	85	933	935
58629	28	105	933	935
48637	28	974	933	935
10389	28	134	933	935
28602	28	4007	933	935
79670	28	53	933	935
71963	28	682	933	935
6523	28	43	933	935
82127	28	228	933	935
51358	28	180	933	935
70776	28	796	933	935
95246	28	69	933	935
18971	28	100	933	935
11877	28	1165	933	935
83681	28	83	933	935
44933	28	1243	933	935
28820	28	61	933	935
11571	28	53	933	935
5024	28	77	933	935
15265	28	6938	933	935
11545	28	162	933	935
109362	28	4520	933	935
49728	28	23	933	935
37661	28	48	933	935
81263	28	1627	933	935
9750	28	35035	933	935
21518	28	4007	933	935
90229	28	390	933	935
33527	28	298	933	935
110036	28	2006	933	935
36253	28	57	933	935
15881	28	594	933	935
62463	28	723	933	935
32026	28	319	933	935
35088	28	2006	933	935
82057	28	970	933	935
12179	28	82	933	935
13212	28	245	933	935
23695	28	4415	933	935
102672	28	883	933	935
28610	28	1232	933	935
39818	28	4007	933	935
26541	28	100	933	935
22788	28	23	933	935
73334	14	902	933	935
101362	28	969	933	935
8095	28	64	933	935
93666	28	4415	933	935
58628	28	275	933	935
46070	28	2006	933	935
9253	28	27	933	936
4050	28	73	933	936
29742	28	222	933	936
34597	28	3106	933	936
14343	28	98	933	936
62895	28	1405	933	936
98543	28	1476	933	936
47498	28	19	933	936
16313	28	1644	933	936
86897	28	661	933	936
86926	28	460	933	936
87142	28	623	933	936
27939	28	31	933	936
27243	28	16	933	936
6665	28	38	933	936
29681	28	51	933	936
62541	28	343	933	936
31025	28	158	933	936
67703	28	3720	933	936
47689	28	29	933	936
85573	28	855	933	936
41517	28	111	933	936
25791	28	140	933	936
55692	28	365	933	936
42461	28	248	933	936
18714	28	286	933	936
106280	28	318	933	936
24698	28	231	933	936
41003	28	135	933	936
21443	28	185	933	936
10399	28	73	933	936
57250	28	162	933	936
123108	28	1922	933	936
31509	28	42	933	936
119546	28	168	933	936
27415	28	290	933	936
32993	28	745	933	936
59807	28	81	933	936
67550	28	965	933	936
17657	28	4752	933	936
28482	28	3160	933	936
60561	28	800	933	936
122177	28	180	933	936
14054	28	57	933	936
107478	28	3011	933	936
109838	28	550	933	936
80521	28	4548	933	936
126914	16	2181	933	936
31135	28	1744	933	936
44195	28	2718	933	936
60348	28	587	933	936
81877	28	20789	933	936
23982	28	144	933	936
44170	28	1163	933	936
8816	28	20	933	936
51251	28	916	933	936
10878	28	15621	933	936
18519	28	16	933	936
78676	28	58	933	936
12087	28	149	933	936
16130	28	540	933	936
31325	28	268	933	936
92692	28	365	933	936
12591	28	202	933	936
13473	28	69533	933	936
100679	28	259	933	936
11893	28	136	933	936
79797	28	228	933	936
39179	28	2718	933	936
107177	28	57	933	936
29485	28	155	933	936
45169	28	98	933	936
91253	28	454	933	936
76902	28	44	933	936
56755	28	621	933	936
29810	28	56630	933	936
99253	28	2941	933	936
47582	28	530	933	936
72058	28	2526	933	936
63716	28	1505	933	936
73643	28	49	933	936
44251	28	41	933	936
37751	28	47	933	936
39326	28	610	933	936
64339	28	843	933	936
92086	28	57	933	936
23196	28	594	933	936
24801	28	38	933	936
10158	28	47	933	936
60071	28	206	933	936
38590	28	238	933	936
38921	28	252	933	936
20054	28	51	933	936
33560	28	1164	933	936
71300	28	261	933	937
61347	28	114	933	937
112498	28	79	933	937
17660	28	10833	933	937
115477	28	254	933	937
49436	28	186	933	937
97933	28	3522	933	937
29857	28	58	933	937
11595	28	165	933	937
55476	28	337	933	937
53664	28	192	933	937
36273	28	1025	933	937
64864	28	20782	933	937
15460	28	74	933	937
56574	28	133	933	937
89510	23	45384	933	937
45384	23	89510	933	937
5787	28	196	933	937
13173	28	88	933	937
17875	28	176	933	937
18017	28	43	933	937
122636	28	53	933	937
48679	28	2160	933	937
38366	28	170	933	937
86274	28	233	933	937
33956	28	235	933	937
29330	28	142	933	937
67185	28	147	933	937
25324	28	806	933	937
5167	28	31	933	937
11617	28	55	933	937
99341	28	88	933	937
15552	28	60	933	937
39433	28	68	933	937
36727	28	2662	933	937
62650	28	381	933	937
14587	28	266	933	937
44490	28	31	933	937
72434	28	675	933	937
24892	28	143	933	937
53615	28	56	933	937
8366	28	98	933	937
19276	28	23	933	937
51358	28	119	933	937
129676	28	277	933	937
13480	28	48	933	937
15665	28	220	933	937
35450	28	422	933	937
27044	28	572	933	937
28162	28	32	933	937
19012	28	85	933	937
68978	28	247	933	937
38810	28	506	933	937
6475	28	65	933	937
53631	28	77	933	937
27027	28	132	933	937
15327	28	221	933	937
25093	28	214	933	937
24763	28	355	933	937
24474	28	181	933	937
9948	28	124	933	937
19009	28	117	933	937
59877	28	64	933	937
10818	28	53	933	937
28582	28	206	933	937
54937	28	2045	933	937
7792	28	92	933	937
27506	28	195	933	937
26146	28	41	933	937
18500	28	63	933	937
103570	28	2319	933	937
71866	28	80	933	937
51859	28	453	933	937
19254	28	241	933	937
27986	28	195	933	937
60457	28	72	933	937
96680	28	2718	933	937
27952	28	6223	933	937
41284	28	1253	933	937
12849	28	1855	933	938
53152	28	68	933	938
46588	28	502	933	938
40592	28	530	933	938
30767	28	47150	933	938
17190	28	36	933	938
48639	28	726	933	938
27712	28	23	933	938
49433	28	321	933	938
15139	28	46	933	938
66274	28	286	933	938
31154	28	124	933	938
62519	28	2718	933	938
115243	28	240	933	938
13548	28	112	933	938
20983	28	832	933	938
27986	28	38	933	938
44143	28	39	933	938
10959	28	281	933	938
72444	28	41	933	938
38150	28	107	933	938
117537	28	213	933	938
22225	28	41	933	938
15027	28	293	933	938
71960	28	110	933	938
38208	28	49	933	938
21421	28	73	933	938
19755	28	175	933	938
16695	28	55	933	938
24007	28	336	933	938
20367	28	206	933	938
86575	28	1459	933	938
21437	28	290	933	938
70365	28	164	933	938
24573	28	1095	933	938
110290	28	254	933	938
5373	28	69	933	938
94453	28	133	933	938
47188	28	6974	933	938
49711	28	395	933	938
76648	28	133	933	938
41329	28	336	933	938
57595	28	45	933	938
89974	28	63	933	938
30202	28	198	933	938
19407	28	637	933	938
28111	28	832	933	938
93071	28	111	933	938
83326	16	8	933	938
7813	28	118	933	938
89449	28	298	933	938
92330	28	1358	933	938
18641	28	98	933	938
18579	28	964	933	938
130247	28	159	933	938
20999	28	27	933	938
68506	28	4147	933	938
27025	28	34	933	938
43336	28	718	933	938
15983	28	38	933	938
32088	28	188	933	938
23724	28	286	933	938
37331	28	198	933	938
39796	23	97001	933	939
31768	28	16	933	939
27443	28	244	933	939
23982	28	281	933	939
76016	28	446	933	939
8889	28	153	933	939
78152	28	83	933	939
22831	28	16	933	939
67617	28	941	933	939
22639	28	158	933	939
16659	28	131	933	939
47064	28	55	933	939
11827	28	33	933	939
56925	28	48	933	939
49896	28	2023	933	939
24469	28	2718	933	939
47918	28	253	933	939
94510	28	231	933	939
22097	28	354	933	939
48521	28	625	933	939
90956	28	2718	933	939
42662	28	313	933	939
101493	28	484	933	939
14561	28	290	933	939
129198	28	261	933	939
39140	28	592	933	939
28982	28	360	933	939
86919	28	552	933	939
55791	28	191	933	939
90635	28	72	933	939
40937	28	38724	933	939
49048	28	413	933	939
10015	28	43	933	939
15167	28	123	933	939
7182	28	36	933	940
73068	28	92	933	940
158024	28	348	933	940
52264	28	768	933	940
72883	28	661	933	940
83379	28	275	933	940
20603	28	44	933	940
38470	28	429	933	940
68506	28	135	933	940
94052	28	387	933	940
54396	28	89	933	940
116314	14	2754	933	940
148358	23	117026	933	940
6344	28	213	933	940
44677	28	221	933	940
49268	28	889	933	940
107277	28	167	933	940
21817	28	675	933	940
64926	28	20	933	940
76136	28	602	933	940
99895	28	739	933	940
60393	28	355	933	940
20617	28	464	933	940
21654	28	422	933	941
52927	28	276	933	941
62107	28	11776	933	941
10224	28	135	933	941
91796	28	1847	933	941
68810	28	112	933	941
51495	28	1156	933	941
17481	28	66	933	941
36027	28	169	933	941
41923	28	413	933	941
23158	28	34	933	941
5007	28	22	933	941
14354	28	110	933	941
67185	28	57	933	941
53283	28	447	933	941
47338	28	167	933	941
34065	28	637	933	941
40929	28	4854	933	941
5423	28	52	933	941
8019	28	164	933	941
54643	28	133	933	941
35330	28	143	933	941
24605	28	990	933	941
31674	28	1032	933	941
31071	28	390	933	941
86138	28	524	933	941
14639	28	159	933	941
25883	28	36	933	942
91046	28	159	933	942
71393	28	368	933	942
66358	23	86825	933	942
26983	28	223	933	942
59688	28	350	933	942
44879	28	383	933	942
22969	28	195	933	942
47724	28	73	933	942
91816	28	167	933	942
33448	28	20	933	942
94053	28	30033	933	942
63085	28	216	933	942
69345	28	460	933	942
19801	28	68	933	942
56322	28	159	933	942
60466	28	275	933	942
69445	28	1211	933	942
87363	28	996	933	943
37048	28	92	933	943
39433	28	71	933	943
36257	28	20	933	943
89721	28	275	933	943
69161	28	452	933	943
40256	28	244	933	943
22037	28	34	933	943
5659	28	36	933	943
11835	28	247	933	943
65926	28	132	933	943
16023	28	14	933	943
29330	28	206	933	943
94916	28	153	933	943
15461	28	518	933	944
64161	28	244	933	944
15243	28	625	933	944
73765	28	256	933	944
56030	28	470	933	944
70356	28	413	933	944
10866	28	8027	933	944
21443	28	1135	933	945
49332	28	255	933	945
69717	28	336	933	945
135456	28	27880	933	946
11339	28	39338	933	946
16914	28	227	933	946
42289	23	69150	933	946
53303	28	117	933	946
45009	28	170	933	946
70012	28	268	933	946
110802	16	2181	933	946
88771	28	676	933	946
111852	28	202	933	946
22066	28	520	933	946
32839	28	396	933	947
30483	28	31	933	948
108127	14	4374	933	948
137605	28	27430	933	948
72527	23	23448	933	949
22969	28	213	933	949
101847	28	1371	933	950
82057	28	245	933	950
58848	28	251	933	952
72042	28	2793	933	952
71129	28	101	933	953
32202	28	2838	933	953
42198	23	138984	933	954
138984	23	42198	933	954
146262	16	226	933	955
116252	23	36681	933	963
36681	23	116252	933	964
14427	28	2529	934	0
61025	14	444	934	0
155823	14	3055	934	0
9348	28	294	934	0
61606	28	13129	934	0
9394	28	938	934	0
39687	28	92	934	0
46082	28	1922	934	0
62698	28	3687	934	0
54934	28	1035	934	0
54962	28	1218	934	0
31024	28	161	934	0
41308	28	640	934	0
26692	28	13720	934	0
31106	28	288	934	0
38698	28	81	934	0
15219	28	195	934	0
11885	28	485	934	0
64215	28	1922	934	0
11893	28	418	934	0
9870	28	774	934	0
32020	14	12486	934	0
27546	28	1244	934	0
38710	28	347	934	0
19833	28	11409	934	0
65942	14	4266	934	0
115905	28	3011	934	0
52721	28	808	934	0
76878	28	24075	934	0
66849	14	3057	934	0
63184	30	270	934	0
17050	28	3011	934	0
25925	28	117	934	0
84373	6	874	934	0
41980	16	90046	934	0
22538	28	223	934	0
30899	28	2403	934	0
120185	28	24075	934	0
99042	14	3055	934	0
13709	28	41	934	0
15847	28	780	934	0
105943	14	13870	934	0
61782	28	7525	934	0
22701	28	915	934	0
91984	14	7090	934	0
22831	28	186	934	0
41308	28	486	934	0
21195	28	938	934	0
24171	28	14452	934	0
76980	28	1309	934	0
68724	28	3160	934	0
5732	28	92	934	0
24403	28	7174	934	0
59343	28	739	934	0
80002	14	1706	934	0
123524	14	3741	934	0
61782	28	1496	934	0
91322	14	2368	934	0
96120	14	5693	934	0
11907	28	2403	934	0
61436	28	3687	934	0
57176	28	4430	934	0
76648	28	12128	934	0
90818	28	1937	934	0
14147	28	2403	934	0
39578	14	782	934	0
83751	28	2115	934	0
44482	28	106	934	0
61436	28	4007	934	0
28082	14	4314	934	0
27002	28	14027	934	0
4107	28	4520	934	0
49697	28	640	934	0
25925	28	28	934	0
121926	14	18354	934	0
69717	28	176	934	0
109362	28	311	934	0
91354	28	3632	934	0
18447	28	938	934	0
27486	28	975	934	0
14427	28	24075	934	0
49697	28	486	934	0
96457	14	52889	934	0
60570	28	1396	934	0
47235	28	915	934	0
41591	28	913	934	0
10514	28	422	934	0
9426	23	82790	934	0
61510	28	3011	934	0
48169	23	44928	934	0
44928	23	48169	934	0
31024	28	41	934	0
14639	28	12128	934	0
36805	28	2403	934	0
93869	28	4007	934	0
19564	28	3160	934	0
7298	28	24	934	0
68688	28	14551	934	0
47235	28	176	934	0
127538	14	13870	934	0
56119	14	20836	934	0
40039	28	106	934	0
114777	14	308	934	0
24494	28	11779	934	0
33779	14	308	934	0
8672	28	1244	934	0
171928	6	2307	934	0
22640	28	9944	934	0
69869	28	808	934	0
110546	14	108209	934	0
68366	14	3568	934	0
34216	14	308	934	0
38398	28	11914	934	0
94058	28	990	934	0
27004	28	11331	934	0
79649	28	927	934	0
3768	23	94925	934	0
150490	1	146493	934	0
16048	14	62575	934	0
39863	14	1217	934	0
9517	28	640	934	0
111313	28	364	934	0
91395	28	3011	934	0
9587	14	308	934	0
57409	28	309	934	0
48007	28	298	934	0
151201	23	69919	934	0
42987	28	2403	934	0
123108	28	3687	934	0
5594	28	2625	934	0
45789	28	938	934	0
15587	28	195	934	0
38824	28	34	934	0
175250	14	2815	934	0
87131	28	1297	934	0
5073	28	81	934	0
49268	28	1827	934	0
123777	16	9	934	0
17287	28	86	934	0
9517	28	486	934	0
51150	28	1844	934	0
49112	28	915	934	0
68915	28	864	934	0
6917	23	34703	934	0
36205	28	131	934	0
82942	28	1922	934	0
150934	28	2403	934	0
9435	28	147	934	0
38361	28	653	934	0
11580	28	915	934	0
15559	28	4625	934	0
177096	14	827	934	0
90598	28	176	934	0
95011	28	8192	934	0
57143	28	260	934	0
44108	28	176	934	0
27805	14	308	934	0
19630	14	3089	934	0
88278	28	2529	934	0
11580	28	176	934	0
14673	28	634	934	0
44108	28	915	934	0
19198	28	276	934	0
36090	14	7210	934	0
64716	28	241	934	0
24166	28	14551	934	0
21159	28	12128	934	0
17875	28	4430	934	0
25248	28	915	934	0
48201	28	3011	934	0
151151	28	5331	934	0
50977	28	2701	934	0
22034	28	32	934	0
5073	28	3687	934	0
17303	28	640	934	0
13114	28	938	934	0
41599	14	50197	934	0
8672	28	10064	934	0
58291	28	6563	934	0
91796	28	3977	934	0
49324	28	2526	934	0
13987	28	1922	934	0
15007	14	3063	934	0
6270	23	21396	934	0
61606	28	3687	934	0
29661	28	774	934	0
49361	28	221	934	0
15050	14	918	934	0
8204	28	1244	934	0
25881	14	8497	934	0
98625	28	3232	934	0
20868	14	943	934	0
12179	28	72	934	0
55995	14	2964	934	0
106287	14	54976	934	0
8475	28	92	934	0
6541	28	65	934	0
39393	28	23	934	0
40335	28	164	934	0
22206	28	1218	934	0
130927	28	350	934	0
10916	28	1269	934	0
22522	28	168	934	0
150732	14	58988	934	0
18579	28	1218	934	0
21597	28	530	934	0
10514	28	47	934	0
70216	14	12873	934	0
111833	28	2403	934	0
94921	28	2403	934	0
122000	28	1249	934	0
153484	28	2136	934	0
35424	28	161	934	0
7156	28	105	934	0
91611	28	6563	934	0
118536	28	2027	934	0
80951	28	1244	934	0
44200	28	927	934	0
5024	28	150	934	0
28680	28	594	934	0
23881	14	308	934	0
75060	28	3687	934	0
42350	14	2951	934	0
34500	23	3399	934	0
51675	28	1922	934	0
11773	28	1844	934	0
104783	28	927	934	0
24797	28	77	934	0
32020	14	2754	934	0
27912	28	60	934	0
155447	14	39285	934	0
76155	28	4520	934	0
187455	6	338	934	0
109677	28	261	934	0
20135	14	39030	934	0
6639	28	23	934	0
103629	28	51	934	934
102320	28	133	934	934
23938	28	1244	934	934
12496	28	2529	934	934
71058	28	4520	934	935
82818	28	141	934	935
82977	28	161	934	935
61429	28	105	934	935
11715	28	5269	934	935
11584	28	65	934	935
53551	28	105	934	935
72190	28	153	934	935
40278	28	1668	934	935
12010	28	4142	934	935
29717	28	4520	934	935
61436	28	2529	934	935
16403	28	751	934	935
10624	28	14621	934	935
31645	28	6928	934	935
116255	28	4142	934	935
88067	28	1022	934	935
21136	28	621	934	935
17136	28	2529	934	935
34306	28	303	934	935
16444	28	317	934	935
57595	28	156	934	935
39026	28	508	934	935
61606	28	6563	934	935
33836	28	131	934	935
18896	28	11409	934	935
66963	28	161	934	935
13122	28	64	934	935
29902	28	4415	934	935
34879	28	11914	934	935
34913	28	1167	934	935
26050	28	11845	934	935
17268	28	5481	934	935
47016	28	2006	934	935
19698	28	49	934	935
54849	28	248	934	935
35819	28	2449	934	935
104055	28	432	934	935
90818	28	396	934	935
67981	28	109	934	935
41315	28	2006	934	935
7816	28	24	934	935
57000	28	554	934	935
14592	28	155	934	935
56236	28	960	934	935
20272	28	969	934	935
73781	28	19	934	935
79040	28	2529	934	935
8255	28	530	934	935
20194	28	653	934	935
8974	28	170	934	935
15803	28	24	934	935
13987	28	23912	934	935
67999	28	24075	934	935
12521	28	404	934	935
11257	28	504	934	935
8460	28	74	934	935
42987	28	4415	934	935
24182	28	7308	934	935
21658	28	1258	934	935
20418	28	214	934	935
29770	28	2060	934	935
68688	28	5269	934	935
8649	28	5471	934	935
32754	28	55	934	935
22640	28	1161	934	935
17328	28	11914	934	935
28532	28	58	934	935
12574	28	67	934	935
36538	28	1229	934	935
14147	28	23	934	935
22022	28	42	934	935
13866	28	2529	934	935
6826	28	5269	934	935
21488	28	4007	934	935
91743	28	474	934	935
28658	28	52	934	935
83634	28	104	934	935
16331	28	2672	934	935
18933	28	1844	934	935
5718	28	629	934	935
18769	28	24	934	935
93027	28	9837	934	935
72371	28	986	934	935
69080	28	872	934	935
108204	28	1297	934	935
11895	28	16	934	935
13208	28	122	934	935
19228	28	171	934	935
7630	28	53	934	935
50805	28	155	934	935
11747	28	43	934	935
34980	28	2160	934	935
69869	28	1073	934	935
16474	28	515	934	935
21007	28	915	934	935
32216	28	4007	934	935
84660	28	176	934	935
48639	28	2331	934	935
59249	28	408	934	935
116536	28	42	934	935
8058	28	698	934	935
7792	28	717	934	935
44259	28	152	934	935
5732	28	19	934	935
38269	28	11914	934	935
4442	28	150	934	935
11907	28	111	934	935
8154	28	63	934	935
38189	28	276	934	935
16911	28	39	934	935
18504	28	2529	934	935
80665	28	11914	934	935
47871	28	56352	934	935
25414	28	662	934	935
31862	28	6880	934	935
58291	28	347	934	935
45959	28	230	934	935
21423	28	174	934	935
5608	28	46	934	935
25073	28	267	934	935
23753	28	261	934	935
5989	28	149	934	935
9397	28	95	934	935
29784	28	14445	934	935
56510	14	7271	934	935
109895	28	400	934	935
11773	28	11914	934	935
8591	28	2468	934	935
33241	28	109	934	935
9355	28	259	934	935
67179	28	128631	934	935
33211	28	43	934	935
36077	28	3232	934	935
11626	28	981	934	935
28810	28	5800	934	935
16601	28	230	934	935
9435	28	422	934	935
49452	28	34	934	935
17330	28	119	934	935
48239	28	5269	934	935
79040	28	4520	934	935
10361	28	253	934	935
37331	28	164	934	935
52569	28	171	934	935
120736	28	5269	934	935
80260	16	8	934	935
42987	28	2529	934	935
33114	28	42	934	935
37177	28	2718	934	935
52721	28	872	934	935
13606	28	915	934	935
9540	28	24	934	935
31445	28	280	934	935
26831	28	232	934	935
17200	28	85	934	935
22924	28	3011	934	935
18507	28	610	934	935
34496	28	3160	934	935
10263	28	78	934	935
33094	28	121	934	935
8600	28	855	934	935
98578	28	24075	934	935
94074	28	283	934	935
81261	28	768	934	935
22130	28	594	934	935
6937	28	169	934	935
11888	28	3160	934	935
38402	28	164	934	935
3652	28	6568	934	935
13401	28	42155	934	935
68996	28	2718	934	935
38108	28	11914	934	935
44580	28	2403	934	935
52627	28	5478	934	935
22277	28	11914	934	935
94393	28	915	934	935
8142	28	54	934	935
16785	28	748	934	935
96550	28	261	934	935
25336	28	91	934	935
72989	28	156	934	935
59890	28	67	934	935
89982	28	176	934	935
42451	28	442	934	935
6482	28	28221	934	935
94393	28	176	934	935
83571	28	86	934	935
85115	28	295	934	935
127448	28	4007	934	935
34510	28	5269	934	935
70880	28	2023	934	935
38028	28	445	934	935
33260	28	14	934	935
8844	28	6974	934	935
16176	28	551	934	935
20155	28	388	934	935
15613	28	786	934	935
101952	28	24075	934	935
8564	28	50	934	935
28819	28	42	934	935
70161	28	2663	934	935
29642	28	185	934	935
55153	28	465	934	935
20561	28	19	934	935
23346	28	42131	934	935
60168	28	432	934	935
34951	28	223	934	935
18933	28	552	934	935
58074	28	2114	934	935
28849	28	888	934	935
35494	28	104	934	935
40827	28	77	934	935
34362	28	1153	934	935
8784	28	235	934	935
110455	28	1244	934	935
45121	28	4415	934	935
10017	28	219	934	935
9678	28	14242	934	935
77611	28	101	934	935
18134	28	109	934	935
13240	28	406	934	935
29005	28	1167	934	935
69876	28	1370	934	935
77274	28	489	934	935
30111	28	40	934	935
6166	28	136	934	935
16966	28	286	934	935
55650	28	193	934	935
64338	28	58	934	935
13960	28	1129	934	935
33617	28	223	934	935
18913	28	5354	934	935
88615	28	134	934	935
78613	28	19	934	935
49444	28	396	934	935
7182	28	1722	934	935
20613	28	1922	934	935
106182	28	37221	934	935
93127	28	45	934	935
125958	28	11914	934	935
27002	28	3232	934	935
46689	28	1855	934	935
11833	28	637	934	935
64908	28	174	934	935
94736	28	145	934	935
146987	28	28	934	935
128667	28	4520	934	935
13538	28	34	934	935
57412	28	3761	934	935
39687	28	120	934	935
65923	28	1922	934	935
14750	28	575	934	935
52081	28	110	934	935
46457	28	34	934	935
44580	28	106	934	935
88278	28	5269	934	935
78999	28	43	934	935
59168	28	5269	934	935
41778	28	2403	934	935
110388	28	449	934	935
87716	28	2529	934	935
29483	28	24075	934	935
49079	28	4142	934	935
32276	28	11914	934	935
63245	28	11914	934	935
89771	28	4078	934	935
91354	28	188	934	935
16673	28	1922	934	935
45399	28	23	934	935
66112	28	54	934	935
12799	28	158	934	936
113589	28	227	934	936
18896	28	4142	934	936
17521	28	60	934	936
12219	28	111	934	936
45828	28	1007	934	936
15609	28	161	934	936
74175	28	5269	934	936
27241	28	4472	934	936
36222	28	797	934	936
13925	28	1922	934	936
56632	28	45	934	936
101164	28	121	934	936
47060	28	661	934	936
9408	28	358	934	936
101451	28	46	934	936
87465	28	525	934	936
20672	28	575	934	936
12534	28	286	934	936
71994	28	71	934	936
24797	28	346	934	936
18818	28	530	934	936
22050	28	58	934	936
19029	28	449	934	936
102853	28	690	934	936
10444	28	633	934	936
46007	28	4418	934	936
14430	28	698	934	936
22537	28	49	934	936
53721	28	3480	934	936
22277	28	1844	934	936
10164	28	4924	934	936
103449	28	893	934	936
23370	28	49	934	936
8514	28	66	934	936
9425	28	40	934	936
35347	28	1588	934	936
74379	28	111	934	936
79008	28	609	934	936
16875	28	19	934	936
8982	28	290	934	936
106565	28	4264	934	936
83121	28	415	934	936
80065	28	748	934	936
77845	28	214	934	936
8734	28	594	934	936
49978	28	1244	934	936
44263	28	346	934	936
13538	28	144	934	936
17595	28	36	934	936
108157	28	78	934	936
56216	28	40	934	936
80951	28	3160	934	936
28268	28	818	934	936
131582	28	679	934	936
40075	28	253	934	936
38180	28	38	934	936
44500	28	103	934	936
24991	28	16	934	936
23171	28	71	934	936
23650	28	50	934	936
112768	28	141	934	936
9849	28	50	934	936
37108	28	143	934	936
9904	28	422	934	936
44022	28	927	934	936
11494	28	315	934	936
38846	28	78	934	936
23750	28	792	934	936
88057	28	396	934	936
103727	28	83	934	936
22110	28	1958	934	936
29058	28	167	934	936
52128	28	1844	934	936
17656	28	202	934	936
75297	28	3160	934	936
75534	28	926	934	936
8810	28	40	934	936
28706	28	1052	934	936
87906	28	102	934	936
29744	28	65	934	936
97957	28	3255	934	936
7646	28	171	934	936
170774	28	568	934	936
6003	28	50	934	936
71008	28	178	934	936
34236	28	104	934	936
6541	28	50	934	936
14298	28	1835	934	936
5870	28	46	934	936
37054	28	140	934	936
45689	28	881	934	936
33035	28	126	934	936
17043	28	3011	934	936
24892	28	54	934	936
11815	28	253	934	936
119087	28	524	934	936
56412	28	248	934	936
9936	28	295	934	936
77290	28	3160	934	936
94925	23	3768	934	936
11592	28	22	934	936
38710	28	552	934	936
80372	28	4922	934	936
22441	28	868	934	936
76525	28	749	934	936
43034	28	6625	934	936
17672	28	476	934	936
62864	28	228	934	936
115196	28	44	934	936
67344	28	58	934	936
44077	28	1119	934	936
21530	28	86	934	936
15896	28	395	934	936
11201	28	50	934	936
38139	28	2480	934	936
33189	28	46	934	936
35573	28	47	934	936
36877	28	184	934	936
6918	28	16	934	936
36498	28	27880	934	936
15917	28	1931	934	936
31655	28	52	934	936
81863	28	365	934	936
23385	28	50	934	936
19426	28	1922	934	936
67039	28	261	934	936
24620	28	66	934	936
33280	28	1693	934	936
52947	28	80	934	936
56755	28	60	934	936
73667	28	409	934	936
97065	28	2601	934	936
65150	28	85	934	936
48007	28	142	934	936
128159	28	402	934	936
17328	28	1844	934	936
122291	28	57	934	936
119129	28	16	934	936
18472	28	24	934	936
23732	28	28	934	936
24563	28	274	934	936
23204	28	235	934	936
24337	28	70374	934	936
49717	28	1052	934	936
130986	28	47962	934	936
95403	28	70	934	936
56685	28	177	934	936
10431	28	122	934	936
5149	28	637	934	936
51907	28	366	934	936
13325	28	92	934	936
78212	28	1461	934	936
30711	28	140	934	936
19833	28	5269	934	936
93316	28	129	934	936
96852	28	170	934	936
73234	28	2403	934	936
23938	28	615	934	936
18670	28	959	934	936
73040	28	1055	934	936
20546	28	51	934	936
14200	28	273	934	936
63361	28	42	934	936
51431	28	366	934	936
18703	28	3160	934	936
15605	28	360	934	936
70579	28	9101	934	937
9296	28	29	934	937
29483	28	1297	934	937
19207	28	66	934	937
73023	28	682	934	937
41085	28	91	934	937
72593	28	71	934	937
31453	28	231	934	937
100472	28	309	934	937
21206	28	20	934	937
38698	28	39	934	937
11885	28	1259	934	937
137905	28	222	934	937
16594	28	41	934	937
12069	28	355	934	937
23568	28	179	934	937
16638	28	46	934	937
31751	28	165	934	937
56204	28	1193	934	937
91395	28	4142	934	937
36880	28	149	934	937
70592	28	295	934	937
66628	28	52	934	937
33708	28	379	934	937
16186	28	54	934	937
57652	28	434	934	937
43407	28	1102	934	937
58935	28	708	934	937
39393	28	66	934	937
21132	28	253	934	937
13868	28	50	934	937
10652	28	29	934	937
42229	28	30	934	937
17367	28	134	934	937
16163	28	188	934	937
3461	23	8517	934	937
8517	23	3461	934	937
38282	28	397	934	937
88552	28	99	934	937
72996	28	351	934	937
103579	28	219	934	937
114252	28	144	934	937
8629	28	276	934	937
59817	28	244	934	937
59519	28	78	934	937
12483	28	2662	934	937
19391	28	88	934	937
63777	28	167	934	937
93373	28	908	934	937
70930	28	1102	934	937
131376	28	245	934	937
8910	28	36	934	937
5353	28	1139	934	937
6316	28	3339	934	937
80117	28	456	934	937
126218	28	269	934	937
96513	28	145	934	937
90598	28	121	934	937
12699	28	74	934	937
24575	28	20	934	937
25093	28	54	934	937
57202	28	126	934	937
22522	28	120	934	937
8268	28	7953	934	937
65920	28	1358	934	937
41670	28	1300	934	937
51719	28	379	934	937
28649	28	77	934	937
33173	28	126	934	937
21454	28	38	934	937
69919	23	151201	934	937
32202	28	437	934	937
21578	28	447	934	937
21665	28	16	934	937
31970	28	51	934	937
19494	28	152	934	937
32630	28	1805	934	937
53804	28	503	934	937
12085	28	637	934	937
93665	28	2468	934	937
11893	28	32	934	937
19775	28	990	934	937
12959	28	105	934	937
49317	28	1297	934	937
11099	28	92	934	937
5333	28	48	934	937
17380	28	379	934	937
113946	28	23	934	937
12225	28	103142	934	937
90542	28	1454	934	937
16528	28	1937	934	937
79612	28	221	934	937
84681	28	23	934	937
5400	28	50	934	937
41235	28	54	934	937
54251	28	51	934	937
55225	28	232	934	937
27278	28	990	934	937
8618	28	78	934	937
67221	28	110	934	937
69405	28	146	934	937
41235	28	179	934	937
46545	28	164	934	937
17771	28	420	934	937
74042	28	238	934	937
46320	28	32	934	937
27497	28	82	934	937
81439	28	1034	934	937
8665	28	147	934	937
114100	28	746	934	937
183297	28	86	934	937
5594	28	67	934	937
78009	28	92	934	937
98197	28	37	934	937
51926	28	257	934	937
44579	28	43	934	937
6332	28	118	934	937
34489	28	1395	934	937
45376	28	240	934	937
60452	28	64	934	937
79876	28	602	934	937
94841	28	1216	934	937
45104	28	2718	934	937
26789	28	247	934	937
39818	28	106	934	937
19300	28	2718	934	937
32927	28	24	934	937
12574	28	31	934	937
54962	28	66246	934	937
21943	28	1297	934	937
11872	28	30	934	937
4107	28	16	934	937
21676	28	80	934	938
86387	28	89	934	938
13153	28	28	934	938
36181	28	29	934	938
24142	28	89	934	938
56822	28	4147	934	938
52081	28	6644	934	938
60666	28	124	934	938
45170	28	624	934	938
61857	28	281	934	938
62378	28	234	934	938
57877	28	109	934	938
16783	28	142	934	938
41665	28	1129	934	938
55083	28	1244	934	938
18635	28	766	934	938
58893	28	55	934	938
17220	28	247	934	938
24048	28	363	934	938
27266	28	46	934	938
21260	28	31	934	938
76129	28	2548	934	938
5870	28	24	934	938
101538	28	210	934	938
80698	28	107	934	938
25141	28	102	934	938
6180	28	101	934	938
83776	28	45	934	938
13371	28	240	934	938
69666	28	50	934	938
13382	28	51	934	938
31471	28	61	934	938
83272	28	210	934	938
77782	28	102	934	938
99093	28	364	934	938
126302	28	365	934	938
27348	28	88	934	938
24517	28	152	934	938
40519	28	124	934	938
36473	28	16	934	938
22932	28	254	934	938
84932	28	1023	934	938
19608	28	766	934	938
92766	28	327	934	938
21860	28	176	934	938
101276	28	221	934	938
78015	28	396	934	938
50479	28	306	934	938
80855	28	52	934	938
9903	28	48	934	938
12007	28	87	934	938
22410	28	2135	934	938
18438	28	395	934	938
13606	28	176	934	938
23167	28	1411	934	938
29162	28	49	934	938
29903	28	539	934	938
57096	28	475	934	938
38556	28	745	934	938
5575	28	186	934	938
13620	28	144	934	938
25280	28	76	934	938
27619	28	248	934	938
69135	28	216	934	938
17013	28	181	934	938
9952	28	55	934	938
21877	28	3213	934	938
72713	28	139	934	938
81888	28	293	934	938
11706	28	33	934	938
33087	28	231	934	938
44076	28	133	934	938
16045	28	4406	934	938
60121	28	30	934	938
22903	28	118	934	938
43900	28	42	934	938
113540	28	273	934	938
18778	28	358	934	938
31246	28	34	934	938
31576	28	158	934	938
32813	28	1080	934	938
17410	28	596	934	938
81508	28	48811	934	938
45889	28	50	934	938
7049	28	52517	934	938
104434	28	107	934	938
38398	28	3885	934	938
67158	28	351	934	938
28942	28	69	934	938
10437	28	5135	934	938
49194	28	176	934	938
4436	23	15582	934	938
33021	28	122	934	938
24474	28	464	934	938
28020	28	101	934	938
46561	28	4178	934	938
33464	28	162	934	938
11940	28	55	934	938
21937	28	22	934	938
79820	28	165	934	938
33448	28	24	934	939
11481	28	837	934	939
52764	28	164	934	939
19283	28	6796	934	939
22337	28	784	934	939
35221	28	261	934	939
10320	28	34	934	939
7082	28	81	934	939
14285	28	122	934	939
137702	28	205	934	939
28892	28	837	934	939
34219	28	514	934	939
71388	28	178	934	939
57135	28	112	934	939
90972	28	1275	934	939
22292	28	228	934	939
94331	28	354	934	939
10295	28	55	934	939
33060	28	92	934	939
56365	28	1244	934	939
69747	28	768	934	939
16978	28	109	934	939
47952	28	3640	934	939
8982	28	938	934	939
29694	28	864	934	939
53734	28	429	934	939
20691	28	527	934	939
69902	28	167	934	939
37423	28	64	934	939
44327	28	408	934	939
13795	28	102	934	939
28658	28	29	934	939
154013	28	621	934	939
21817	28	217	934	939
41003	28	961	934	939
46952	28	47	934	939
25855	28	475	934	939
23724	28	60	934	939
17453	28	29	934	939
39052	28	297	934	939
60471	28	103	934	939
8902	28	213	934	939
49405	28	383	934	939
15582	23	4436	934	939
3399	23	34500	934	939
12521	28	87	934	939
121162	28	4142	934	939
5642	28	20	934	939
35141	28	45	934	940
10725	28	553	934	940
35621	28	1216	934	940
75114	28	1211	934	940
39952	28	327	934	940
17686	28	33	934	940
104558	16	90046	934	940
31058	28	206	934	940
10567	28	30	934	940
116563	28	45	934	940
21684	28	837	934	940
56118	28	1505	934	940
92111	28	435	934	940
28326	28	477	934	940
28689	28	637	934	940
39249	16	90046	934	940
15022	28	106	934	940
47844	28	235	934	940
44279	28	63	934	940
32809	28	80	934	940
22330	28	164	934	940
23620	28	986	934	940
12001	28	68	934	940
81252	28	402	934	940
28582	28	231	934	940
44208	28	69	934	940
18147	28	926	934	940
29002	28	43	934	940
40334	28	102	934	940
40468	28	1739	934	940
64935	28	1260	934	940
65463	28	217	934	940
13322	28	262	934	940
101239	28	540	934	940
22010	28	68	934	941
87530	28	309	934	941
37146	28	259	934	941
26531	28	4669	934	941
28864	28	235	934	941
14896	28	938	934	941
72424	28	422	934	941
41033	28	255	934	941
30222	28	220	934	941
7482	28	89	934	941
19688	28	213	934	941
56835	28	242	934	941
31453	28	206	934	941
120892	28	309	934	941
28680	28	34	934	941
14977	28	458	934	941
69895	28	81	934	941
48521	28	276	934	941
19825	28	185	934	941
126218	28	1160	934	941
58259	28	198	934	941
90724	28	510	934	941
46844	28	103	934	941
33233	28	27	934	941
93680	28	350	934	941
13709	28	29	934	941
59597	28	135	934	941
111456	28	27	934	941
55452	28	179	934	941
51831	28	977	934	941
87753	28	268	934	941
41244	28	227	934	941
26912	28	363	934	941
36177	28	184	934	941
20162	28	66	934	941
89607	28	170	934	941
36548	28	102	934	941
84866	28	68	934	941
16843	28	142	934	942
20301	28	915	934	942
64864	28	726	934	942
24866	28	1223	934	942
39041	28	364	934	942
26403	28	19	934	942
26473	28	531	934	942
31668	28	463	934	942
56130	28	505	934	942
68300	14	2824	934	942
141920	28	2045	934	942
42511	28	51	934	942
93724	28	540	934	942
37775	28	926	934	942
113494	28	217	934	942
12017	28	104	934	942
72208	28	29	934	942
89636	28	1016	934	942
80749	28	280	934	942
43648	28	309	934	942
9348	28	46	934	942
18172	28	626	934	942
38299	28	527	934	942
44168	28	217	934	942
13620	28	398	934	942
32855	28	160	934	942
145557	28	941	934	942
36571	28	210	934	942
59139	28	360	934	942
28680	28	103	934	942
27040	28	198	934	943
33816	28	267	934	943
25093	28	594	934	943
63077	28	360	934	943
8402	28	14	934	943
49194	28	531	934	943
57367	28	783	934	943
36773	28	56	934	943
142823	28	1632	934	943
13709	28	161	934	943
27926	28	291	934	943
21710	28	159	934	943
33146	28	82	934	943
51900	28	768	934	943
9517	28	295	934	943
4744	28	396	934	943
23116	28	345	934	943
71815	28	774	934	943
96888	28	348	934	943
19775	28	267	934	943
51842	28	1330	934	943
26785	28	41	934	943
19149	28	961	934	944
25254	28	540	934	944
34955	28	587	934	944
45322	28	996	934	944
18530	28	213	934	944
80631	28	1495	934	944
86516	28	628	934	944
13795	28	494	934	944
24054	28	164	934	944
38263	28	112	934	944
13016	28	540	934	944
28268	28	368	934	944
65125	28	726	934	944
100783	28	933	934	944
12012	28	397	934	944
130986	28	510	934	944
155128	28	1623	934	944
111685	28	470	934	944
30778	16	55468	934	944
14324	28	153	934	945
39478	28	183	934	945
56509	28	768	934	945
147836	28	1632	934	945
50985	28	29	934	945
18751	28	164	934	945
44494	28	129	934	945
14657	28	454	934	945
24129	28	227	934	945
33210	28	30	934	945
69756	28	165	934	945
66186	28	622	934	945
16331	28	295	934	946
84438	28	1135	934	946
36481	28	230	934	946
123477	16	9	934	946
44708	28	29	934	946
58483	23	79136	934	946
79136	23	58483	934	946
34001	28	327	934	946
18006	28	247	934	947
70271	28	2871	934	947
55638	28	471	934	948
71848	28	550	934	948
28664	28	850	934	948
48794	28	184	934	948
21955	28	397	934	949
28378	28	1837	934	949
21195	28	52	934	949
31707	28	520	934	949
85115	28	336	934	950
131025	23	92373	934	950
107185	28	155	934	951
88303	23	125506	934	952
66077	28	3574	934	952
60498	28	18	934	954
114593	16	1376	934	955
76092	14	3483	934	958
11416	23	77855	934	965
143183	16	8	934	966
25272	28	3687	935	0
22130	28	34	935	0
61436	28	2403	935	0
46320	28	780	935	0
46498	28	951	935	0
10514	28	107	935	0
26725	28	110	935	0
15461	28	135	935	0
133643	14	4374	935	0
47586	28	1897	935	0
30349	28	67	935	0
15559	28	1921	935	0
48007	28	404	935	0
74286	28	64266	935	0
4224	23	6054	935	0
36205	28	967	935	0
83023	14	55817	935	0
75372	14	4265	935	0
8731	28	257	935	0
42355	14	2764	935	0
23958	28	213	935	0
32001	14	3501	935	0
42506	14	1217	935	0
101103	28	119	935	0
135858	14	13870	935	0
17672	28	206	935	0
15261	28	2403	935	0
85606	28	3011	935	0
25044	28	1417	935	0
89026	28	4007	935	0
72445	14	12873	935	0
56037	16	9	935	0
102320	28	214	935	0
77268	28	915	935	0
118812	28	129	935	0
8856	23	9170	935	0
88028	14	943	935	0
29476	28	1156	935	0
138021	14	77797	935	0
17287	28	41	935	0
115801	28	2403	935	0
33920	28	164	935	0
41396	28	3319	935	0
161479	14	2754	935	0
12189	28	6938	935	0
10263	28	6177	935	0
34448	28	843	935	0
14285	28	24	935	0
27300	28	4520	935	0
78830	23	50042	935	0
9253	28	65	935	0
89778	28	361	935	0
7061	28	22	935	0
33860	28	594	935	0
12495	28	3232	935	0
122000	28	2403	935	0
22564	14	3057	935	0
10320	28	54	935	0
5916	28	773	935	0
53551	28	215	935	0
89848	28	80	935	0
28147	28	36293	935	0
23739	28	164	935	0
44076	28	164	935	0
76980	28	1169	935	0
58929	28	415	935	0
68951	28	238	935	0
42569	14	2964	935	0
6668	14	4523	935	0
164485	14	12967	935	0
79670	28	1742	935	0
25017	28	4020	935	0
74258	28	250	935	0
18641	28	175	935	0
59575	28	1551	935	0
123346	16	8	935	0
75048	28	4415	935	0
58542	14	19895	935	0
82587	16	8857	935	0
96399	28	768	935	0
18438	28	54	935	0
11617	28	61	935	0
55450	28	31	935	0
13460	23	79693	935	0
30954	28	2571	935	0
18098	28	175	935	0
33427	28	240	935	0
105350	28	1545	935	0
7061	28	24	935	0
39548	14	764	935	0
57509	28	108620	935	0
36615	28	2693	935	0
49711	28	54	935	0
124464	14	3055	935	0
101513	28	178	935	0
47766	23	36736	935	0
46935	14	60521	935	0
94138	28	1031	935	0
5732	28	72	935	0
71660	28	648	935	0
92428	28	4520	935	0
126118	28	963	935	0
18913	28	474	935	0
26475	14	1491	935	0
91560	28	1640	935	0
27276	28	2006	935	0
145908	14	7055	935	0
14761	28	136	935	0
72014	28	915	935	0
116602	28	1006	935	0
18769	28	14	935	0
109181	28	2980	935	0
29996	28	51174	935	0
81558	14	78580	935	0
32020	14	764	935	0
146987	28	20827	935	0
13089	28	23	935	0
21860	28	915	935	0
57521	14	36533	935	0
34879	28	648	935	0
46481	28	29	935	0
23196	28	34	935	0
104376	23	53142	935	0
53142	23	104376	935	0
14896	28	1227	935	0
34913	28	180	935	0
77742	28	713	935	0
81747	28	4873	935	0
50059	14	782	935	0
81143	28	2006	935	0
28374	14	1491	935	0
44553	14	1706	935	0
7350	14	4167	935	0
20803	28	3687	935	0
50240	14	902	935	0
15983	28	4528	935	0
108033	28	3687	935	0
42687	14	14397	935	0
12189	28	58	935	0
21463	28	489	935	0
54990	28	238	935	0
95312	28	768	935	0
69843	28	1922	935	0
17940	28	634	935	0
94921	28	24075	935	0
86285	14	2005	935	0
99688	28	217	935	0
36473	28	24	935	0
64235	1	44866	935	0
77454	28	119	935	0
123889	14	56792	935	0
150877	14	11067	935	0
150934	28	3011	935	0
129593	14	1790	935	0
41055	28	6177	935	0
68724	28	3687	935	0
56285	28	4007	935	0
102567	28	315	935	0
128317	14	902	935	0
12134	28	556	935	0
70330	16	9	935	0
74390	28	4415	935	0
106956	28	24075	935	0
50977	28	418	935	0
67279	28	634	935	0
27941	28	23	935	0
61377	27	6819	935	0
22798	28	774	935	0
62924	28	1052	935	0
67512	30	98428	935	0
15060	28	642	935	0
21994	28	135	935	0
104390	28	415	935	0
70330	16	8	935	0
4107	28	2687	935	0
70667	28	57	935	0
89982	28	915	935	0
15257	28	1611	935	0
22722	28	2210	935	0
37925	14	1491	935	0
67163	23	91737	935	0
121334	28	1338	935	0
16947	31	33759	935	0
177855	14	11216	935	0
67981	28	178	935	0
44806	14	1217	935	0
26692	28	3021	935	0
15613	28	1340	935	0
12496	28	3687	935	0
51335	14	2368	935	0
65966	14	5693	935	0
44616	28	122	935	0
14054	28	4415	935	0
23223	28	640	935	0
63893	28	989	935	0
24910	28	594	935	0
85979	28	1722	935	0
38614	28	24	935	0
10722	28	1311	935	0
25308	28	238	935	0
62257	14	54976	935	0
12941	28	380	935	0
15916	28	642	935	0
7156	28	3232	935	0
19407	28	938	935	0
105914	6	3972	935	0
68996	28	11914	935	0
8810	28	53	935	0
10671	31	33759	935	0
7036	14	308	935	0
31339	28	6563	935	0
71988	28	1551	935	0
13866	28	3160	935	0
20613	28	2006	935	0
64235	14	153489	935	0
15559	28	1216	935	0
87404	28	24075	935	0
45613	28	4007	935	0
25591	28	176	935	0
130673	14	8005	935	0
84418	28	4520	935	0
10071	28	79	935	0
24641	28	500	935	0
8734	28	34	935	0
95370	28	364	935	0
53263	28	3232	935	0
24706	28	2403	935	0
15670	28	1922	935	0
29736	14	2258	935	0
48522	28	2030	935	0
95641	28	3939	935	0
15060	28	539	935	0
13430	28	4007	935	0
62994	6	16792	935	0
35656	28	1922	935	0
79141	28	878	935	0
32191	28	91	935	0
49406	14	4314	935	0
117289	28	2060	935	0
16186	28	594	935	0
91611	28	4415	935	0
54329	28	542	935	0
60514	28	21766	935	0
69945	23	41195	935	0
15670	28	4415	935	0
124464	14	1126	935	0
60437	28	288	935	0
18425	28	422	935	0
68996	28	6563	935	0
55291	14	38774	935	0
49194	28	915	935	0
10855	28	235	935	0
81214	14	1869	935	0
48639	28	866	935	0
72393	14	7090	935	0
6665	28	3232	935	0
14861	28	713	935	0
5333	28	2487	935	0
117589	28	4700	935	0
145586	16	8857	935	0
10363	28	1844	935	0
129040	28	2006	935	0
68724	28	7803	935	0
94215	16	8	935	935
119723	28	88	935	935
21658	28	990	935	936
60614	28	1244	935	936
38937	28	146	935	936
52439	28	82677	935	936
18971	28	41	935	936
71249	28	1006	935	936
19080	28	4264	935	936
11584	28	88	935	936
14834	28	145	935	936
13208	28	43	935	936
10434	28	460	935	936
72371	28	213	935	936
62463	28	2411	935	936
97695	28	1033	935	936
98082	30	497	935	936
20241	28	61	935	936
36243	28	7803	935	936
27243	28	23	935	936
82843	28	1086	935	936
134743	28	446	935	936
56110	28	365	935	936
116563	28	145	935	936
82818	28	706	935	936
87817	28	1922	935	936
76069	28	2649	935	936
49405	28	135	935	936
49684	28	268	935	936
16331	28	1592	935	936
102601	28	1695	935	936
71058	28	1297	935	936
61436	28	1244	935	936
25336	28	78	935	936
77455	28	273	935	936
54329	28	181	935	936
22125	28	496	935	936
37301	28	756	935	936
8032	28	2158	935	936
30508	28	2980	935	936
4223	28	91	935	936
84436	28	2403	935	936
90435	28	1031	935	936
10842	28	573	935	936
17056	28	20	935	936
57509	28	798	935	936
19522	28	19	935	936
104251	28	273	935	936
121280	28	176	935	936
55780	28	5269	935	936
8382	28	22556	935	936
79149	28	5269	935	936
9914	28	175	935	936
56470	28	3011	935	936
53201	28	979	935	936
77268	28	176	935	936
74056	28	74	935	936
8266	28	95	935	936
122532	28	5269	935	936
33527	28	2409	935	936
45038	28	502	935	936
112111	28	28	935	936
62602	28	4142	935	936
21440	28	150	935	936
24451	28	152	935	936
59228	28	568	935	936
14148	28	1117	935	936
30584	28	897	935	936
65637	28	2782	935	936
13866	28	13077	935	936
42925	28	1153	935	936
78999	28	12506	935	936
77443	28	4264	935	936
41290	28	395	935	936
93127	28	1076	935	936
16474	28	336	935	936
86897	28	122	935	936
78817	28	2323	935	936
32560	28	365	935	936
106956	28	18067	935	936
8682	28	7803	935	936
32833	28	291	935	936
87129	28	5269	935	936
7061	28	40	935	936
20522	28	539	935	936
12179	28	134	935	936
59890	28	80	935	936
18030	28	252	935	936
16677	28	129	935	936
8292	28	50	935	936
96669	28	141	935	936
100011	28	452	935	936
20008	28	387	935	936
9750	28	353	935	936
12010	28	2718	935	936
12069	28	206	935	936
85511	28	504	935	936
37292	28	1244	935	936
15191	28	20	935	936
16785	28	4264	935	936
28109	28	176	935	936
24532	28	55	935	936
31827	28	2718	935	936
60561	28	1496	935	936
23098	28	3720	935	936
28623	28	245	935	936
79670	28	91	935	936
22022	28	178	935	936
41371	28	22	935	936
96960	28	232	935	936
27914	28	797	935	936
56415	28	1007	935	936
83776	28	282	935	936
8142	28	95	935	936
22275	28	909	935	936
25272	28	3232	935	936
53551	28	871	935	936
6060	28	539	935	936
23695	28	3011	935	936
110388	28	71	935	936
22243	28	147	935	936
10389	28	87	935	936
29616	28	1244	935	936
5108	28	67	935	936
31306	28	1936	935	936
4610	28	50	935	936
81072	28	16625	935	936
88387	28	238	935	936
110775	28	4142	935	936
52637	28	145	935	936
10722	28	4238	935	936
23443	28	110434	935	936
57409	28	365	935	936
34165	28	2689	935	936
21172	28	5269	935	936
22910	28	1057	935	936
173234	28	470	935	936
57000	28	1049	935	936
12855	28	112	935	936
69080	28	855	935	936
24104	28	739	935	936
94510	28	476	935	936
5404	28	139	935	936
92113	28	3160	935	936
21087	28	28	935	936
24679	28	2668	935	936
8095	28	3885	935	936
30859	28	3132	935	936
144136	28	1780	935	936
22034	28	364	935	936
81747	28	1129	935	936
20631	28	210	935	936
15665	28	54	935	936
21423	28	193	935	936
111509	28	819	935	936
8534	28	143	935	936
79068	28	141	935	936
16013	28	65	935	936
25248	28	176	935	936
25747	28	2680	935	936
25639	28	234	935	936
49697	28	829	935	936
74258	28	91	935	936
10916	28	786	935	936
129015	28	11409	935	936
21747	28	1606	935	936
94736	28	232	935	936
89026	28	86	935	936
19989	28	60	935	936
152470	28	415	935	936
11257	28	979	935	936
40827	28	64	935	936
83014	28	732	935	936
128106	28	351	935	936
66529	28	593	935	936
40278	28	29237	935	936
38446	28	2403	935	936
20834	28	1227	935	936
14427	28	6563	935	936
37099	28	25281	935	936
44292	28	178	935	936
93157	28	781	935	936
80805	28	2403	935	936
83571	28	445	935	936
46471	28	1720	935	936
14861	28	361	935	936
46952	28	53	935	936
12134	28	408	935	936
55755	28	3326	935	936
15839	28	2418	935	936
122000	28	18067	935	936
58628	28	1279	935	936
16748	28	2687	935	936
73848	28	2403	935	936
18507	28	778	935	936
5868	28	49	935	936
107172	23	95148	935	936
81787	28	710	935	936
5732	28	46	935	936
37576	28	235	935	936
110455	28	967	935	936
17714	28	103	935	936
11626	28	5222	935	936
26787	28	516	935	936
40366	28	1297	935	936
76155	28	331	935	936
5889	28	5553	935	936
9750	28	54	935	936
48419	28	174	935	936
96991	28	129	935	936
21431	28	205	935	936
26831	28	114	935	936
88133	28	293	935	936
36033	28	1844	935	936
18109	28	621	935	936
78613	28	150	935	936
64338	28	14101	935	936
53140	28	91	935	936
7630	28	337	935	936
44951	28	162	935	936
13536	28	140	935	936
86148	28	796	935	936
91309	28	232	935	936
49072	28	180	935	936
34174	28	718	935	936
37525	28	9832	935	936
16484	28	1795	935	936
81924	28	24	935	936
70345	28	122	935	936
120978	28	1922	935	936
62698	28	6563	935	936
5655	28	233	935	936
51848	28	19	935	936
58291	28	91	935	936
30635	28	713	935	936
28006	28	625	935	936
16180	28	286	935	936
102320	28	321	935	936
6495	28	2403	935	936
11405	28	233	935	936
10624	28	3207	935	936
50513	28	199	935	936
20299	28	155	935	936
8974	28	3030	935	936
43904	28	357	935	936
95480	28	219	935	936
36497	28	1922	935	936
14304	28	120	935	936
41897	28	144	935	936
10361	28	70	935	936
14750	28	64	935	936
78042	28	361	935	936
104055	28	175	935	936
24403	28	150	935	936
25447	28	924	935	936
35730	28	3376	935	936
81485	28	1216	935	936
131502	28	170	935	937
24777	28	73	935	937
52754	28	910	935	937
40201	28	602	935	937
24923	28	105	935	937
63276	28	123	935	937
6985	28	168	935	937
21855	28	248	935	937
64505	28	213	935	937
63276	28	25647	935	937
75327	28	3632	935	937
31678	28	502	935	937
29661	28	13720	935	937
86647	28	3885	935	937
30111	28	46	935	937
114740	28	5970	935	937
53056	28	390	935	937
4050	28	24	935	937
45149	28	44	935	937
11868	28	71	935	937
30433	28	5946	935	937
58181	28	2439	935	937
6311	28	277	935	937
19250	28	1420	935	937
13636	28	27	935	937
33780	28	1321	935	937
14809	28	158	935	937
121064	28	477	935	937
55151	28	2385	935	937
63034	28	800	935	937
27276	28	162	935	937
25191	28	704	935	937
19813	28	169	935	937
41983	28	916	935	937
42735	28	265	935	937
8564	28	77	935	937
18249	28	168	935	937
66548	28	95	935	937
8255	28	245	935	937
8087	28	40	935	937
59280	28	578	935	937
49361	28	81	935	937
12407	28	177	935	937
68926	28	532	935	937
38197	28	1182	935	937
56236	28	379	935	937
66115	28	1244	935	937
18091	28	180	935	937
45553	28	594	935	937
28335	28	112	935	937
59602	28	234	935	937
31216	28	1066	935	937
10625	28	27	935	937
28716	28	95	935	937
17521	28	248	935	937
64874	28	53	935	937
8204	28	422	935	937
26725	28	160	935	937
90783	28	6753	935	937
58629	28	82	935	937
5874	28	109	935	937
26140	28	118	935	937
44200	28	3000	935	937
12071	28	637	935	937
17892	28	195	935	937
95814	28	42	935	937
50376	28	44	935	937
64385	28	704	935	937
42061	28	245	935	937
24752	28	49	935	937
91289	28	60	935	937
52627	28	557	935	937
59472	28	1244	935	937
53078	28	395	935	937
146712	28	18067	935	937
73781	28	43	935	937
24994	28	603	935	937
53815	28	164	935	937
99374	28	1244	935	937
52693	28	32	935	937
127448	28	18067	935	937
26653	28	439	935	937
169839	28	348	935	937
52569	28	180	935	937
65675	28	1492	935	937
44022	28	1162	935	937
35029	28	422	935	937
7698	28	117	935	937
42556	28	1276	935	937
14800	28	18067	935	937
74458	28	149	935	937
13401	28	602	935	937
65477	28	4142	935	937
17389	28	10384	935	937
13900	28	811	935	937
33932	23	30285	935	937
26541	28	28	935	937
15240	28	30726	935	937
6482	28	144	935	937
40476	28	1145	935	937
60394	28	741	935	937
18504	28	3885	935	937
46498	28	291	935	937
13122	28	58	935	937
8591	28	1633	935	937
48132	28	162	935	937
26345	28	5331	935	937
95246	28	102	935	937
30429	28	741	935	937
42239	28	951	935	937
70608	28	381	935	937
38651	28	68	935	937
11970	28	54	935	937
80862	28	53	935	937
117438	28	3885	935	937
38844	28	27	935	937
21361	28	45	935	937
13761	28	52	935	937
16599	28	291	935	937
34389	28	906	935	937
12111	28	89	935	937
6278	28	191	935	937
67981	28	139	935	937
14645	28	24	935	937
23656	28	390	935	937
84524	28	769	935	937
13548	28	34	935	937
94074	28	28	935	937
24500	28	179	935	937
82155	23	70114	935	937
31933	28	552	935	937
53247	28	3630	935	937
