63633	28	2865	954	0
6408	28	1715	954	0
20361	28	343	954	0
26941	28	2153	954	0
42490	28	494	954	0
17743	28	927	954	0
90720	28	5048	954	0
41455	28	1152	954	0
27142	28	325	954	0
27187	28	749	954	0
6184	28	298	954	0
15699	28	241	954	0
139572	14	3055	954	0
25432	28	13172	954	0
74444	28	1121	954	0
15444	28	215	954	0
78741	28	13431	954	0
83791	28	47030	954	0
88953	28	22685	954	0
63863	28	37	954	0
33384	28	31245	954	0
42025	28	2301	954	0
78841	14	1445	954	0
8942	28	45	954	0
105186	28	3835	954	0
13396	28	1458	954	0
49262	28	2677	954	0
40786	28	404	954	0
67260	28	7756	954	0
9458	28	106	954	0
6672	28	139	954	0
7220	28	3420	954	0
19815	28	1874	954	0
17216	28	167	954	0
31793	28	1384	954	0
4077	28	4422	954	0
49177	28	1324	954	0
85553	28	547	954	0
52089	28	1041	954	0
90487	28	4078	954	0
83166	28	722	954	0
101002	28	2870	954	0
15857	28	3760	954	0
4132	28	1100	954	0
27477	28	13720	954	0
7787	28	114	954	0
31951	28	1261	954	0
11700	28	74810	954	0
9417	28	490	954	0
65495	28	106	954	0
63239	28	1105	954	0
27154	28	547	954	0
55850	28	242	954	0
12371	28	46	954	0
8063	28	461	954	0
74243	28	38	954	0
9986	28	337	954	0
20267	28	1336	954	0
18004	28	781	954	0
15211	28	1841	954	0
43588	14	3622	954	0
87857	28	431	954	0
10232	28	181	954	0
10581	28	583	954	0
122305	28	4868	954	0
13171	28	1780	954	0
66468	28	2546	954	0
12533	28	404	954	0
23106	14	2574	954	0
56148	28	3061	954	0
66651	28	1134	954	0
5947	28	550	954	0
11829	28	82	954	0
68604	28	391	954	0
27868	28	475	954	0
90362	28	22685	954	0
32395	28	1467	954	0
10262	28	20437	954	0
11782	28	100	954	0
12609	28	88	954	0
49755	28	1458	954	0
65604	28	3176	954	0
56145	28	1304	954	0
99145	28	5046	954	0
30702	28	404	954	0
13708	28	707	954	0
10688	28	533	954	0
11730	28	68	954	0
67131	28	1545	954	0
48698	28	2040	954	0
11513	28	289	954	0
32877	28	5147	954	0
58903	28	109	954	0
17726	28	178	954	0
32162	28	1966	954	0
51044	28	511	954	0
92408	28	989	954	0
32675	28	1644	954	0
98310	28	674	954	0
38053	28	100	954	0
64195	28	7113	954	0
31228	28	1625	954	0
80005	28	20237	954	0
47264	28	713	954	0
8939	28	88	954	0
52680	28	80095	954	0
6583	28	120	954	0
17920	28	74	954	0
89900	28	4189	954	0
30702	28	36	954	0
77123	14	308	954	0
7986	28	29	954	0
13634	28	4327	954	0
38203	28	1336	954	0
44036	28	1231	954	0
17226	28	462	954	0
26898	28	131	954	0
16387	28	505	954	0
60764	28	134	954	0
31986	28	235	954	0
62483	28	1774	954	0
90852	28	4181	954	0
17065	28	694	954	0
12287	28	447	954	0
16226	28	244	954	0
28429	28	778	954	0
67618	28	153	954	0
96365	28	1016	954	0
10260	28	16162	954	0
13372	28	991	954	0
89197	28	540	954	0
80433	28	3924	954	0
10081	28	633	954	0
18999	28	1444	954	0
53442	28	12819	954	0
7923	28	1214	954	0
51135	28	1185	954	0
28073	28	7876	954	0
25901	28	462	954	0
7294	28	67	954	0
3689	28	221	954	0
11785	28	459	954	0
61833	28	167	954	0
15897	28	118	954	0
13589	28	2185	954	0
112103	28	12755	954	0
51252	28	491	954	0
10937	28	640	954	0
51180	28	904	954	0
7373	28	2452	954	0
51494	28	410	954	0
25155	28	3924	954	0
6844	28	239	954	0
24496	28	388	954	0
80691	28	1765	954	0
99101	28	1261	954	0
85942	28	12819	954	0
9959	28	1500	954	0
165608	16	151	954	0
14231	28	51021	954	0
37660	28	491	954	0
7408	28	109	954	0
72023	28	1698	954	0
63258	28	114	954	0
16051	28	1397	954	0
5960	28	80	954	0
40090	28	3443	954	0
64407	28	21187	954	0
20456	28	37	954	0
10992	28	439	954	0
52826	28	49291	954	0
4615	28	1715	954	0
28741	28	1288	954	0
59438	28	1324	954	0
47684	28	4868	954	0
7334	28	295	954	0
22489	28	42	954	0
8922	14	2797	954	0
144132	16	9	954	0
12707	28	1488	954	0
35071	28	2105	954	0
12721	28	42	954	0
35527	28	69	954	0
40195	28	10187	954	0
43390	28	1984	954	0
46784	28	1356	954	0
8443	28	507	954	0
6954	28	3420	954	0
79145	28	2605	954	0
13801	28	351	954	0
65355	28	694	954	0
22460	28	826	954	0
30459	28	1132	954	0
87938	28	1497	954	0
16255	28	1775	954	0
19118	28	63	954	0
12381	28	1458	954	0
56073	14	854	954	0
12998	28	406	954	0
44544	28	1142	954	0
20865	28	1535	954	0
14963	28	228	954	0
13664	28	2910	954	0
43326	28	871	954	0
14890	28	91	954	0
53252	28	3022	954	0
28010	28	478	954	0
7062	23	91384	954	0
91384	23	7062	954	0
125674	28	4037	954	0
19863	28	746	954	0
40090	28	12819	954	0
22896	28	1088	954	0
77156	28	156	954	0
11050	28	16457	954	0
47088	28	2122	954	0
23205	14	782	954	0
67343	28	154	954	0
35066	28	1477	954	0
79725	28	1497	954	0
109031	30	338	954	0
30197	28	640	954	0
143441	28	1177	954	0
38055	28	669	954	0
6197	28	122	954	0
66467	28	1016	954	0
83470	28	1265	954	0
81277	28	54024	954	0
38175	28	386	954	0
9172	28	8373	954	0
49404	28	1898	954	0
38535	28	1134	954	0
41090	28	2293	954	0
11566	28	77	954	0
126128	28	809	954	0
8035	28	1049	954	0
13459	28	139	954	0
9326	28	1730	954	0
145649	28	2676	954	0
145690	14	94314	954	0
78288	28	913	954	0
4271	28	239	954	0
5709	28	16	954	0
59623	28	1708	954	0
74933	28	21300	954	0
34266	28	2014	954	0
51006	28	2162	954	0
61411	28	22685	954	0
10582	28	536	954	0
8068	28	3982	954	0
14107	28	1698	954	0
11603	28	366	954	0
126354	14	20071	954	0
56491	28	1477	954	0
13764	28	358	954	0
8260	28	16	954	0
23558	28	1544	954	0
28895	28	391	954	0
15947	28	13515	954	0
12077	28	36	954	0
7801	28	1179	954	0
42936	28	1601	954	0
36982	28	129	954	0
28082	14	943	954	0
36326	28	811	954	0
15054	28	366	954	0
41810	28	620	954	0
13945	28	12405	954	0
24498	28	456	954	0
81442	28	47030	954	0
58890	28	216	954	0
7311	28	13957	954	0
82332	28	2991	954	0
6090	28	44	954	0
81468	23	87517	954	0
87517	23	81468	954	0
109572	28	16101	954	0
144132	16	8	954	0
101137	28	54024	954	0
8939	28	87	954	0
10815	28	2274	954	0
15068	28	1380	954	0
9318	28	478	954	0
6583	28	2822	954	0
78247	28	1060	954	0
20805	28	507	954	0
92750	28	1504	954	0
22801	28	23330	954	0
48975	28	1311	954	0
24569	28	100	954	0
96668	28	297	954	0
33014	28	360	954	0
12357	28	120	954	0
25901	28	361	954	0
5554	28	2139	954	0
29138	28	5740	954	0
12533	28	815	954	0
33931	28	1831	954	0
7016	28	33	954	0
6277	28	34	954	0
20469	28	1257	954	0
15629	28	227	954	0
13355	28	91	954	0
51356	28	968	954	0
20395	28	70706	954	0
23168	28	1214	954	0
16797	28	33926	954	0
42067	14	3795	954	0
21398	28	2105	954	0
27308	28	620	954	0
7640	28	3835	954	0
25732	28	1861	954	0
47622	28	628	954	0
12033	28	6254	954	0
12215	28	3524	954	0
25078	28	3924	954	0
87335	28	413	954	0
12037	28	54	954	0
51492	28	1159	954	0
147261	28	184	954	0
5804	28	28	954	0
49477	28	1180	954	0
53517	28	7410	954	0
9738	28	166	954	0
16417	28	1202	954	0
12559	28	24	954	0
42186	28	1162	954	0
5141	14	4658	954	0
7768	28	142	954	0
46835	28	106	954	0
19247	28	418	954	0
146206	14	38774	954	0
10804	28	339	954	0
104709	28	22983	954	0
18745	28	1809	954	0
147810	28	7897	954	0
51231	28	920	954	0
5099	28	478	954	0
15578	28	1214	954	0
38490	28	1908	954	0
9278	28	1643	954	0
96045	28	16602	954	0
49398	28	28238	954	0
33548	28	177	954	0
49404	28	9041	954	0
8234	28	1590	954	0
11232	28	5165	954	0
69691	28	216	954	0
81753	28	1142	954	0
61683	28	904	954	0
6171	28	418	954	0
18398	28	1468	954	0
66777	28	2822	954	0
17241	28	1016	954	0
40646	28	339	954	0
36958	28	15486	954	0
81214	14	138684	954	0
9836	28	843	954	0
128027	14	24194	954	0
102900	28	266	954	0
30877	28	1983	954	0
4508	28	31	954	0
9079	28	571	954	0
71743	28	232	954	0
66167	28	254	954	0
12325	28	256	954	0
24609	28	1152	954	0
18755	28	726	954	0
4733	28	31	954	0
84176	28	427	954	0
20865	28	1625	954	0
57643	14	308	954	0
12897	28	2381	954	0
31699	14	1126	954	0
42696	28	294	954	0
16952	28	904	954	0
12703	28	927	954	0
12009	28	1117	954	0
21988	28	2840	954	0
7914	28	1969	954	0
35776	28	1151	954	0
27119	28	24789	954	0
10457	28	89	954	0
8491	28	552	954	0
57520	28	1841	954	0
38168	28	2870	954	0
64992	28	216	954	0
34353	14	308	954	0
53353	28	633	954	0
27967	28	13431	954	0
55166	28	1264	954	0
9661	28	58	954	0
26881	28	174	954	0
21523	28	166	954	0
7194	28	206	954	0
80020	28	28	954	0
32941	28	86	954	0
47684	28	2271	954	0
10457	28	79	954	0
20915	28	398	954	0
82674	28	1408	954	0
14374	28	386	954	0
15698	28	1162	954	0
12900	28	3836	954	0
13232	28	1021	954	0
66446	28	1613	954	0
101367	28	2991	954	0
70254	28	3663	954	0
32621	28	241	954	0
21479	28	526	954	0
42848	28	960	954	0
90292	28	702	954	0
48975	28	893	954	0
149340	28	413	954	0
32446	28	3172	954	0
62069	28	3432	954	0
19967	28	410	954	0
24569	28	745	954	0
3240	28	2389	954	0
107423	28	1112	954	0
12726	28	462	954	0
20676	28	276	954	0
18151	28	135	954	0
8166	28	937	954	0
7322	28	3949	954	0
25691	28	1335	954	0
25004	28	507	954	0
8487	28	81	954	0
53620	28	2415	954	0
15643	28	40	954	0
15700	28	808	954	0
12720	28	222	954	0
6684	28	65	954	0
28864	28	3584	954	0
19474	28	458	954	0
20897	28	92	954	0
51539	28	167	954	0
87786	28	1660	954	0
14537	28	417	954	0
5037	28	178	954	0
35562	28	1774	954	0
17762	28	5147	954	0
6512	27	6819	954	0
5518	28	405	954	0
65115	28	2957	954	0
4132	28	1223	954	0
12175	28	1504	954	0
18692	28	732	954	0
8969	28	536	954	0
36960	28	61	954	0
3240	28	4232	954	0
127237	28	7572	954	0
68488	28	1935	954	0
15482	28	4624	954	0
9127	28	1458	954	0
8624	28	56	954	0
52425	28	4743	954	0
83832	16	94679	954	0
173103	28	809	954	0
30226	28	152	954	0
14191	28	1264	954	0
18524	28	1148	954	0
10659	28	3388	954	0
12006	28	28	954	0
6868	28	1000	954	0
62373	28	511	954	0
18662	28	392	954	0
4132	28	1436	954	0
111141	28	439	954	0
4897	28	91	954	0
12372	28	3022	954	0
58694	28	168	954	0
12160	28	79	954	0
4842	28	24	954	0
11632	28	4311	954	0
62925	28	1497	954	0
31172	28	99	954	0
33036	28	1763	954	0
5926	28	1152	954	0
105920	28	1095	954	0
71311	28	165	954	0
6460	28	1080	954	0
11940	28	2135	954	0
34450	28	605	954	0
89284	28	774	954	0
27122	28	603	954	0
13106	28	265	954	0
8676	28	256	954	0
24009	14	3721	954	0
16009	28	86	954	0
60556	28	1016	954	0
24569	28	1330	954	0
5699	28	1426	954	0
60653	28	3064	954	0
76930	28	4083	954	0
12190	28	14	954	0
95507	28	11189	954	0
63890	28	1088	954	0
12006	28	92	954	0
55455	28	649	954	0
13248	28	365	954	0
14840	28	1218	954	0
45903	14	308	954	0
33612	28	99	954	0
78896	28	1266	954	0
23808	28	1690	954	0
68576	28	1690	954	0
7994	28	391	954	0
104171	28	317	954	0
9693	28	165	954	0
80077	28	2957	954	0
10276	28	2575	954	0
59494	28	2870	954	0
66749	28	432	954	0
9382	28	1500	954	0
60180	28	690	954	0
13577	28	53	954	0
19409	28	2660	954	0
42224	28	20950	954	0
20182	28	651	954	0
18856	28	34	954	0
63094	28	129704	954	0
81090	28	120	954	0
18081	28	339	954	0
4654	28	569	954	0
57557	28	1346	954	0
5449	28	2095	954	0
88102	28	501	954	0
59932	28	2688	954	0
25728	28	1074	954	0
11326	28	1960	954	0
7661	28	1034	954	0
42811	28	640	954	0
21535	28	135	954	0
8644	28	462	954	0
17365	14	30214	954	0
13660	28	505	954	0
8527	28	117	954	0
11635	28	1458	954	0
18032	14	308	954	0
90453	28	298	954	0
8491	28	3640	954	0
45907	28	2745	954	0
108107	14	175463	954	0
5392	28	815	954	0
20604	28	23	954	0
5776	28	110	954	0
26068	28	1711	954	0
10342	28	1535	954	0
8916	28	3524	954	0
62724	28	3265	954	0
30575	14	308	954	0
26348	28	263	954	0
12998	28	397	954	0
7105	28	1286	954	0
30001	28	559	954	0
46075	28	462	954	0
15245	28	366	954	0
94387	28	14136	954	0
93789	28	1547	954	0
9359	28	69	954	0
19670	28	171	954	0
8527	28	87	954	0
14595	28	100	954	0
18151	28	959	954	0
23205	14	3622	954	0
31826	28	626	954	0
41442	28	1152	954	0
43324	28	1924	954	0
7414	28	47	954	0
30707	28	1263	954	0
14196	28	1504	954	0
9674	28	3731	954	0
4948	28	100	954	0
20924	28	167	954	0
56500	28	22685	954	0
34718	28	232	954	0
48698	28	605	954	0
29070	28	546	954	0
4735	28	4594	954	0
8848	28	142	954	0
33048	28	136	954	0
53442	28	16457	954	0
70047	28	410	954	0
17584	28	661	954	0
106468	28	821	954	0
6544	28	969	954	0
34767	28	118	954	0
5027	28	5107	954	0
10231	28	51	954	0
9513	28	1179	954	0
28333	28	13431	954	0
16628	28	2139	954	0
20543	28	818	954	0
7240	23	50524	954	0
50524	23	7240	954	0
80767	28	2413	954	0
32853	28	1535	954	0
39919	28	555	954	0
16539	28	1458	954	0
19877	28	1311	954	0
13232	28	109	954	0
14983	28	2264	954	0
47025	28	3824	954	0
13232	28	126	954	0
14803	28	273	954	0
9310	28	47	954	0
13009	28	14136	954	0
51435	28	1201	954	0
6226	28	65	954	0
27407	28	1408	954	0
50926	28	980	954	0
13864	28	640	954	0
35957	28	506	954	0
23174	28	69	954	0
41099	28	668	954	0
16191	28	140	954	0
49468	28	180	954	0
46509	28	32	954	0
10467	28	478	954	0
43324	28	22556	954	0
58421	28	975	954	0
80548	28	5765	954	0
21200	28	4180	954	0
68121	28	5616	954	0
12554	28	12819	954	0
12624	28	3078	954	0
107234	14	24194	954	0
17130	28	69	954	0
16151	28	1413	954	0
11674	28	1458	954	0
73298	28	1908	954	0
5589	28	76	954	0
53690	28	2271	954	0
6408	28	778	954	0
21098	28	53	954	0
16518	28	619	954	0
6579	28	276	954	0
8276	28	70	954	0
23861	28	1074	954	0
74637	28	821	954	0
7647	28	78	954	0
12592	28	1513	954	0
7353	28	4059	954	0
59097	28	265	954	0
12900	28	3561	954	0
58903	28	118	954	0
110763	28	1052	954	0
7696	28	1956	954	0
4390	28	213	954	0
20935	28	2398	954	0
49769	28	3731	954	0
61654	28	429	954	0
17851	28	1289	954	0
69346	14	9720	954	0
5923	28	149	954	0
83915	28	1462	954	0
5244	28	22	954	0
91590	28	2853	954	0
21859	28	13431	954	0
14547	28	678	954	0
52503	14	5376	954	0
7781	28	3835	954	0
32259	14	3501	954	0
15669	28	927	954	0
6672	28	104	954	0
5949	28	2148	954	0
153135	14	4374	954	0
81824	28	428	954	0
13434	28	1544	954	0
9916	28	629	954	0
22858	28	181	954	0
60256	28	2035	954	0
41265	28	86	954	0
10429	28	1740	954	0
15856	28	2097	954	0
58903	28	16	954	0
33272	28	439	954	0
12850	28	2857	954	0
28995	28	388	954	0
47845	28	2381	954	0
68747	28	2870	954	0
94716	28	427	954	0
34807	28	28	954	0
10273	28	240	954	0
8691	28	42	954	0
17204	28	1464	954	0
90720	28	259	954	0
8771	28	408	954	0
10077	28	836	954	0
7521	28	88	954	0
36397	28	707	954	0
38121	28	605	954	0
10154	28	178	954	0
38392	28	30	954	0
27140	28	274	954	0
33327	28	91	954	0
6355	28	63	954	0
57068	28	1660	954	0
10386	28	105	954	0
14287	28	30378	954	0
15947	28	12819	954	0
51695	28	80	954	0
77603	14	3089	954	0
39405	28	2107	954	0
59203	28	2870	954	0
25835	28	418	954	0
7393	28	1497	954	0
40514	28	1625	954	0
44557	28	1057	954	0
8994	28	1060	954	0
4397	28	292	954	0
60513	28	633	954	0
51054	28	186	954	0
86759	28	10557	954	0
6209	28	1302	954	0
23053	28	4987	954	0
28168	28	34	954	0
30439	28	5461	954	0
64992	28	1261	954	0
62643	14	104256	954	0
13988	28	13793	954	0
18885	28	71	954	0
57596	28	2122	954	0
57543	28	167	954	0
54902	28	2271	954	0
5911	28	89	954	0
8359	28	3299	954	0
108483	28	781	954	0
6638	28	490	954	0
76914	28	745	954	0
20885	28	311	954	0
42430	28	68	954	0
8202	28	3997	954	0
39274	28	1497	954	0
57584	28	408	954	0
10568	28	1590	954	0
46289	28	1995	954	0
14198	28	65	954	0
54701	28	2053	954	0
108624	28	622	954	0
58228	28	1935	954	0
8685	28	64	954	0
40981	28	2624	954	0
23109	28	2264	954	0
28685	28	417	954	0
30289	28	422	954	0
72133	28	1462	954	0
53776	28	1124	954	0
15480	28	715	954	0
46784	28	1289	954	0
58010	28	2518	954	0
39729	28	4068	954	0
43374	28	247	954	0
16844	28	210	954	0
16213	28	2971	954	0
48052	23	33808	954	0
103959	28	821	954	0
63333	28	3118	954	0
5626	28	815	954	0
27746	28	1741	954	0
4132	28	118	954	0
69662	28	427	954	0
49262	28	8779	954	0
125280	16	35076	954	0
106573	28	310	954	0
61853	28	2518	954	0
34190	28	2398	954	0
59587	28	1346	954	0
17221	28	1261	954	0
62111	28	1542	954	0
62704	28	154073	954	0
5902	28	67	954	0
92581	28	1342	954	0
111819	28	1814	954	0
83482	28	4437	954	0
47605	28	7385	954	0
9558	28	188	954	0
72946	28	2201	954	0
4001	28	1018	954	0
8326	28	354	954	0
20330	28	386	954	0
5297	28	3686	954	0
6355	28	337	954	0
27976	28	89	954	0
8922	14	36695	954	0
8275	28	171	954	0
5397	28	215	954	0
30174	28	1261	954	0
30708	28	3437	954	0
13582	28	1408	954	0
18179	28	358	954	0
15928	28	4311	954	0
119068	23	180956	954	0
11061	28	379	954	0
19665	28	276	954	0
41453	28	317	954	0
8351	28	552	954	0
59147	14	12787	954	0
81134	28	3864	954	0
50345	28	1095	954	0
60606	28	1139	954	0
32450	14	902	954	0
61038	28	1984	954	0
46984	28	1304	954	0
27152	28	135	954	0
82043	28	413	954	0
74852	14	26402	954	0
61612	28	274	954	0
58764	28	3331	954	0
6610	28	2097	954	0
42083	28	295	954	0
8621	28	74	954	0
47977	14	5305	954	0
9603	28	418	954	0
109645	28	1660	954	0
8080	28	1718	954	0
52750	28	1356	954	0
15102	28	166	954	0
9250	28	815	954	0
53650	28	571	954	0
6767	28	239	954	0
51936	28	121046	954	0
6996	28	28	954	0
110770	14	44164	954	0
37272	28	1218	954	0
9830	28	1308	954	0
10063	28	1176	954	0
93899	28	1497	954	0
19284	28	1408	954	0
5175	28	82	954	0
12354	28	1458	954	0
16454	28	670	954	0
7704	28	177	954	0
9869	28	478	954	0
23478	28	5147	954	0
128289	28	1231	954	0
8818	28	16457	954	0
21460	28	100	954	0
8783	28	117	954	0
48563	30	3991	954	0
130651	23	11075	954	0
39666	28	230	954	0
6583	28	265	954	0
27542	28	501	954	0
19314	28	53	954	0
38972	14	3721	954	0
127902	28	536	954	0
15054	28	16	954	0
70254	28	2027	954	0
39461	28	766	954	0
51494	28	106	954	0
10254	28	1625	954	0
13634	28	1514	954	0
7467	28	625	954	0
128213	28	16457	954	0
59237	28	552	954	0
76781	28	4400	954	0
7696	28	3686	954	0
114718	14	5738	954	0
68833	28	1088	954	0
8567	28	3061	954	0
13679	28	217	954	0
85862	28	1497	954	0
9208	28	333	954	0
6776	28	118	954	0
14890	28	118	954	0
38639	28	363	954	0
24096	28	691	954	0
91010	28	1597	954	0
4615	28	1364	954	0
66453	28	199	954	0
10077	28	4752	954	0
16123	28	11981	954	0
8332	28	1426	954	0
19008	28	2078	954	0
13948	28	1229	954	0
10530	28	1458	954	0
11785	28	1625	954	0
24478	28	81	954	0
95563	28	1628	954	0
68598	28	4185	954	0
12688	28	989	954	0
67338	28	26039	954	0
20395	28	1000	954	0
17831	28	2449	954	0
9021	28	109	954	0
20197	28	188	954	0
68312	28	4797	954	0
16656	28	24	954	0
77272	28	313	954	0
6268	28	2433	954	0
33277	28	1148	954	0
19441	28	2551	954	0
25209	28	713	954	0
14567	28	1458	954	0
86835	14	444	954	0
76560	28	781	954	0
51592	28	273	954	0
42811	28	241	954	0
40697	28	3283	954	0
41638	14	39030	954	0
7357	28	2571	954	0
8147	28	122	954	0
88919	28	781	954	0
50110	28	961	954	0
82162	28	930	954	0
24828	28	1458	954	0
7738	28	43	954	0
13765	28	145	954	0
6352	28	64	954	0
27523	28	259	954	0
30997	28	217	954	0
4792	28	16704	954	0
12407	28	339	954	0
44505	28	170	954	0
16391	28	1831	954	0
110945	28	391	954	0
33228	28	12819	954	0
44427	28	268	954	0
78746	28	2271	954	0
30595	28	2289	954	0
61185	28	1105	954	0
79981	28	71	954	0
41995	28	2398	954	0
51669	28	15862	954	0
15382	28	104	954	0
14480	28	471	954	0
10157	28	731	954	0
74691	28	213	954	0
15539	28	1458	954	0
32891	28	2422	954	0
25039	28	1004	954	0
55109	28	21338	954	0
30321	28	4663	954	0
85649	14	1746	954	0
5051	28	2878	954	0
8190	28	85	954	0
14243	28	408	954	0
63947	28	368	954	0
15400	28	3078	954	0
10831	28	20437	954	0
10276	28	102	954	0
105637	14	4086	954	0
31356	28	18387	954	0
35394	28	455	954	0
45177	28	516	954	0
130735	14	95275	954	0
105199	28	3820	954	0
72058	28	81403	954	0
7565	28	1668	954	0
8215	28	85	954	0
20798	28	2261	954	0
27664	28	489	954	0
6293	28	1214	954	0
11936	28	1774	954	0
5923	28	250	954	0
47496	28	1623	954	0
14491	28	351	954	0
10085	28	707	954	0
24096	28	346	954	0
77692	28	5765	954	0
13634	28	8779	954	0
84338	28	605	954	0
47164	28	2180	954	0
110868	28	2546	954	0
10077	28	691	954	0
7855	28	2327	954	0
54716	28	98425	954	0
8237	28	462	954	0
76164	16	4370	954	0
20197	28	86	954	0
65725	28	671	954	0
11367	28	536	954	0
72110	28	261	954	0
22615	28	384	954	0
58159	28	2803	954	0
11010	28	660	954	0
10359	28	2136	954	0
112699	14	764	954	0
95650	28	968	954	0
4618	28	1013	954	0
7903	28	1660	954	0
82607	28	1841	954	0
5291	28	3420	954	0
88576	28	484	954	0
21415	28	64	954	0
6664	28	856	954	0
23893	28	1601	954	0
31406	28	1526	954	0
57472	28	2216	954	0
8980	28	298	954	0
57310	28	20237	954	0
13064	28	2136	954	0
7106	28	57	954	0
4807	28	2338	954	0
23542	28	2381	954	0
15444	28	122	954	0
6206	28	134	954	0
13467	28	126	954	0
110366	28	7624	954	0
120529	14	28294	954	0
59224	28	2263	954	0
32370	28	1288	954	0
8254	28	310	954	0
75164	28	4003	954	0
7075	28	153	954	0
5626	28	149	954	0
13998	28	294	954	0
84176	28	605	954	0
17763	28	1942	954	0
5362	28	19	954	0
21123	14	34273	954	0
88953	28	53635	954	0
116682	14	24596	954	0
77756	28	427	954	0
81332	28	280	954	0
46075	28	713	954	0
67566	14	20836	954	0
27511	28	195	954	0
10675	28	40	954	0
10781	28	992	954	0
99455	16	10046	954	0
51044	28	973	954	0
27184	28	574	954	0
75527	28	1497	954	0
5244	28	70	954	0
42730	28	564	954	0
20944	28	14	954	0
68030	28	1740	954	0
101048	28	122	954	0
5673	28	1124	954	0
10868	28	53	954	0
25927	28	1627	954	0
46437	28	1426	954	0
16213	28	268	954	0
14665	23	15906	954	0
15906	23	14665	954	0
8158	28	43954	954	0
70919	28	620	954	954
6616	28	3924	954	954
9052	28	313	954	954
95798	28	2519	954	955
18554	28	1458	954	955
8343	28	1948	954	955
6640	28	351	954	955
14261	28	649	954	955
82334	28	1215	954	955
33415	28	199	954	955
24832	28	2388	954	955
10153	28	1403	954	955
9177	28	118	954	955
70818	28	255	954	955
18804	28	2975	954	955
7710	28	800	954	955
70903	28	826	954	955
29220	28	739	954	955
16549	28	2138	954	955
12924	28	282	954	955
9250	28	150	954	955
39226	28	384	954	955
16648	28	2255	954	955
52680	28	2293	954	955
8505	28	22	954	955
22101	28	354	954	955
61465	28	171	954	955
9344	28	354	954	955
11603	28	436	954	955
14578	28	259	954	955
61586	28	1478	954	955
24976	28	583	954	955
39617	28	2867	954	955
16872	28	556	954	955
7848	28	234	954	955
19247	28	141	954	955
22385	28	19370	954	955
29869	28	1400	954	955
6797	28	3413	954	955
29351	28	61872	954	955
11710	28	1860	954	955
10490	28	703	954	955
19174	28	282	954	955
71932	28	1289	954	955
9491	28	100	954	955
6426	28	2803	954	955
22296	28	1531	954	955
19610	28	1101	954	955
83871	28	774	954	955
6653	28	6066	954	955
9551	28	196	954	955
39622	28	1018	954	955
53797	28	1691	954	955
7977	28	2172	954	955
22747	28	220	954	955
62542	28	1635	954	955
19048	28	195	954	955
19787	28	1196	954	955
62597	28	7385	954	955
13429	28	53	954	955
19715	28	527	954	955
5696	28	490	954	955
132720	28	184	954	955
53972	28	881	954	955
6439	28	100	954	955
62724	28	2389	954	955
8387	28	166	954	955
46425	28	1948	954	955
5961	28	181	954	955
34230	28	498	954	955
54193	28	1669	954	955
19339	28	1324	954	955
46853	28	1987	954	955
8769	28	215	954	955
25578	28	1115	954	955
40769	28	1317	954	955
19753	28	951	954	955
4884	28	240	954	955
10477	28	170	954	955
61612	28	61872	954	955
84876	28	1895	954	955
47055	28	257	954	955
30745	28	256	954	955
63249	28	925	954	955
6903	28	1552	954	955
21971	28	4739	954	955
30828	28	963	954	955
26696	28	339	954	955
25243	28	968	954	955
34505	28	6024	954	955
22036	28	731	954	955
63322	28	20237	954	955
24823	28	17558	954	955
26833	28	192	954	955
23304	28	319	954	955
30704	28	8559	954	955
35717	28	432	954	955
24876	28	1527	954	955
17623	28	105	954	955
26902	28	1238	954	955
73784	28	1740	954	955
35792	28	3064	954	955
8133	28	55	954	955
17707	28	292	954	955
99122	28	1757	954	955
41509	28	360	954	955
35973	28	365	954	955
36006	28	2568	954	955
9446	28	481	954	955
47996	28	800	954	955
86042	28	153	954	955
41621	28	92	954	955
8176	28	227	954	955
95901	28	5062	954	955
41651	28	235	954	955
72447	28	1394	954	955
20618	28	1006	954	955
38765	28	63237	954	955
6342	28	2088	954	955
34712	28	121	954	955
17827	28	1384	954	955
15693	28	210	954	955
41785	28	5440	954	955
26582	28	252	954	955
9127	28	1319	954	955
13270	28	1167	954	955
12072	28	120	954	955
55744	28	100	954	955
86629	28	240	954	955
14208	28	442	954	955
86659	28	124	954	955
39099	28	974	954	955
27450	28	411	954	955
53496	28	12405	954	955
64904	28	718	954	955
27387	28	36469	954	955
4271	28	89	954	955
9150	28	201	954	955
15836	28	7187	954	955
35072	28	731	954	955
11528	28	7051	954	955
116388	28	31764	954	955
65249	28	4164	954	955
17360	28	1279	954	955
73192	28	696	954	955
40834	28	774	954	955
87326	28	4345	954	955
15387	28	233	954	955
16855	28	6584	954	955
15913	28	458	954	955
19823	28	699	954	955
42544	28	345	954	955
25059	28	459	954	955
13864	28	3047	954	955
63730	28	515	954	955
101055	28	379	954	955
15536	28	1013	954	955
24808	28	666	954	955
26638	28	1457	954	955
27580	28	89	954	955
18125	28	1142	954	955
41558	28	633	954	955
75929	28	15459	954	955
27897	28	1959	954	955
19351	28	783	954	955
112514	28	4068	954	955
83246	28	61	954	955
21091	28	404	954	955
20730	28	87	954	955
6211	28	674	954	955
32204	28	331	954	955
6743	28	55	954	955
10260	28	353	954	955
117617	28	1943	954	955
5084	28	2592	954	955
26557	28	49	954	955
35875	28	692	954	955
25642	28	1082	954	955
4897	28	23	954	955
66293	28	1110	954	955
28895	28	1273	954	955
66307	28	2703	954	955
21214	28	423	954	955
19667	28	141	954	955
76647	28	260	954	955
5421	28	474	954	955
39021	28	195	954	955
33605	28	1521	954	955
54317	28	829	954	955
61654	28	583	954	955
27645	28	358	954	955
43078	28	485	954	955
33551	28	2732	954	955
8101	28	41240	954	955
75205	28	2128	954	955
76908	28	8764	954	955
28998	28	872	954	955
24828	28	846	954	955
24855	28	257	954	955
11297	28	708	954	955
16287	28	564	954	955
18562	28	887	954	955
18565	28	95	954	955
12882	28	713	954	955
77043	28	547	954	955
18858	28	273	954	955
14454	28	215	954	955
98675	28	3173	954	955
11317	28	2388	954	955
45030	28	529	954	955
21879	28	40	954	955
14566	28	2343	954	955
39299	28	965	954	955
88437	28	1289	954	955
89093	28	1700	954	955
11451	28	2389	954	955
9155	28	506	954	955
74118	28	476	954	955
112885	28	1577	954	955
19125	28	912	954	955
11643	28	297	954	955
22335	28	16	954	955
6017	28	1043	954	955
14769	28	1021	954	955
19332	28	269	954	955
22367	28	1305	954	955
39865	28	979	954	955
18855	28	295	954	955
14890	28	104	954	955
11681	28	1407	954	955
13200	28	754	954	955
8614	28	732	954	955
45198	28	520	954	955
103343	28	1555	954	955
72045	28	391	954	955
30227	28	2214	954	955
53757	28	255	954	955
30255	28	1340	954	955
19730	28	1370	954	955
12808	28	1544	954	955
7706	28	1652	954	955
11316	28	256	954	955
26217	28	1932	954	955
19852	28	54024	954	955
35009	28	3173	954	955
56774	28	691	954	955
40365	28	594	954	955
66570	28	366	954	955
26209	28	3642	954	955
7413	28	2745	954	955
6669	28	4380	954	955
73298	28	3663	954	955
36191	28	696	954	955
8035	28	10676	954	955
9666	28	69	954	955
29420	28	6902	954	955
17289	28	132833	954	955
35089	28	120	954	955
73744	28	1138	954	955
13603	28	1213	954	955
9725	28	119	954	955
54003	28	1554	954	955
55167	28	339	954	955
7855	28	759	954	955
52059	14	120174	954	955
13611	28	54	954	955
17513	28	702	954	955
104357	28	2271	954	955
67600	28	365	954	955
13687	28	2053	954	955
114886	28	976	954	955
17603	28	829	954	955
26817	28	555	954	955
13672	28	53	954	955
30023	28	708	954	955
15178	28	381	954	955
26992	28	2446	954	955
41693	28	1639	954	955
62406	28	1962	954	955
90595	28	286	954	955
12032	28	17652	954	955
22272	28	580	954	955
35947	28	334	954	955
20523	28	1054	954	955
23458	28	1745	954	955
17763	28	30	954	955
6544	28	836	954	955
20558	28	315	954	955
21853	28	1956	954	955
41246	28	354	954	955
48083	28	2544	954	955
41707	28	395	954	955
5397	28	86	954	955
47484	28	3864	954	955
58501	28	24342	954	955
15715	28	232	954	955
36436	28	1608	954	955
15563	28	514	954	955
40765	28	132	954	955
8215	28	139	954	955
83219	28	4860	954	955
7922	28	3491	954	955
22300	28	1809	954	955
13867	28	52	954	955
15814	28	1723	954	955
36527	28	43	954	955
31773	28	508	954	955
31770	28	1975	954	955
71205	28	612	954	955
20849	28	292	954	955
48091	28	1592	954	955
11317	28	3640	954	955
15150	28	181	954	955
65604	28	92	954	955
31598	28	542	954	955
5776	28	871	954	955
12181	28	2095	954	955
100845	28	345	954	955
40646	28	283	954	955
46659	28	524	954	955
4755	28	48	954	955
36783	28	221	954	955
41996	28	1743	954	955
75153	28	449	954	955
13156	28	18062	954	955
19683	28	514	954	955
29406	28	1651	954	955
7684	28	933	954	955
7561	28	535	954	955
10732	28	1560	954	955
11795	28	434	954	955
60855	28	936	954	955
48907	28	2050	954	955
12328	28	674	954	955
31873	28	773	954	955
17246	28	319	954	955
82989	28	3109	954	955
46042	28	215	954	955
10794	28	4613	954	955
6121	28	195	954	955
6479	28	1809	954	955
26900	28	193	954	955
30170	28	458	954	955
6102	28	361	954	955
20593	28	361	954	955
28037	28	6984	954	955
23718	28	2078	954	955
11217	28	396	954	955
58860	28	3354	954	955
9310	28	65	954	955
8921	28	980	954	955
11367	28	1141	954	955
84581	28	22251	954	955
10823	28	628	954	955
7023	28	5616	954	955
8034	28	2447	954	955
76571	28	358	954	955
5640	28	670	954	955
42998	28	254	954	955
26784	28	186	954	955
6117	28	623	954	955
10337	28	379	954	955
52667	28	1744	954	955
36180	28	1032	954	955
15077	28	1057	954	955
90800	28	1346	954	955
37320	28	175	954	955
49693	28	368	954	955
106411	28	18963	954	955
46842	28	368	954	955
37117	28	3385	954	955
56113	28	836	954	955
27793	28	591	954	955
15787	28	1179	954	955
7441	28	483	954	955
25260	28	2348	954	955
6156	28	1033	954	955
20840	28	477	954	955
18388	28	643	954	955
9128	28	266	954	955
31719	28	887	954	955
12965	28	12801	954	955
9482	28	38	954	955
100147	28	1757	954	955
77613	28	2709	954	955
11872	28	272	954	955
28468	28	680	954	955
39158	28	325	954	955
29521	28	855	954	955
9513	28	3514	954	955
19210	28	14	954	955
6607	28	760	954	955
48379	28	1213	954	955
12019	28	136	954	955
6844	28	109	954	955
48107	28	13172	954	955
54716	28	25560	954	955
58607	28	739	954	955
8413	28	1964	954	955
16196	28	159	954	955
28542	28	3061	954	955
20585	28	290	954	955
14862	28	2580	954	955
9340	28	377	954	955
28545	28	720	954	955
106334	28	7284	954	955
17920	28	78	954	955
17741	28	980	954	955
44144	28	63	954	955
27316	28	3799	954	955
19906	28	6016	954	955
18080	28	119	954	955
92663	28	586	954	955
12229	28	1345	954	955
26904	28	1144	954	955
7575	28	2113	954	955
19409	28	283	954	955
35266	28	388	954	955
45072	28	293	954	955
13170	28	672	954	955
9762	28	1007	954	955
12213	28	967	954	955
15392	28	623	954	955
20490	28	647	954	955
26403	28	147	954	955
12377	28	1643	954	955
86304	28	1304	954	955
55201	28	897	954	955
10475	28	503	954	955
5554	28	388	954	955
16443	28	11150	954	955
20431	28	528	954	955
12217	28	439	954	955
21728	28	968	954	955
25381	28	1402	954	955
34266	28	3918	954	955
36490	28	1964	954	955
15513	28	87	954	955
69041	28	319	954	955
23222	28	184	954	955
7274	28	1883	954	955
41083	28	2136	954	955
16781	28	213	954	955
4792	28	474	954	955
99750	28	1704	954	955
31144	28	936	954	955
61234	28	3376	954	955
26018	28	42	954	955
12879	28	398	954	955
17440	28	731	954	955
21876	28	240	954	955
93085	28	573	954	955
37736	28	2532	954	955
64952	28	841	954	955
65685	28	110	954	955
10083	28	38010	954	955
8369	28	1625	954	955
12201	28	37158	954	955
58694	28	265	954	955
15352	28	40788	954	955
7759	28	332	954	955
29852	28	445	954	955
65584	28	1196	954	955
77439	28	1137	954	955
11326	28	361	954	955
6614	28	38	954	955
5759	28	304	954	955
14177	28	15683	954	955
55109	28	4868	954	955
66344	28	797	954	955
6535	28	500	954	955
33978	28	358	954	955
108076	28	455	954	955
65743	28	20160	954	955
13298	28	3990	954	955
22583	28	365	954	955
10667	28	1265	954	955
15271	28	461	954	955
12434	28	922	954	955
21646	28	30	954	955
56360	28	642	954	955
35204	28	2271	954	955
25803	28	2172	954	955
17703	28	1229	954	955
25730	28	38204	954	955
18617	28	124	954	955
32300	28	829	954	955
50677	28	20310	954	955
26512	28	1269	954	955
89108	28	1824	954	955
12585	28	474	954	955
12086	28	4049	954	955
90466	28	78884	954	955
18742	28	1530	954	955
61339	28	4281	954	955
16269	28	1969	954	955
84345	28	141	954	955
44352	28	1249	954	955
76075	28	888	954	955
125205	28	80941	954	955
18004	28	963	954	955
9227	28	141	954	955
38167	28	612	954	955
61761	28	2178	954	955
10865	28	1571	954	955
52663	28	2310	954	955
72957	28	263	954	955
125351	28	7410	954	955
13064	28	1305	954	955
11418	28	131	954	955
67992	28	1850	954	955
28782	28	887	954	955
8289	28	2095	954	955
51641	28	701	954	955
7912	28	499	954	955
16179	28	257	954	955
6281	28	5158	954	955
5468	28	33	954	955
24664	28	1458	954	955
27255	28	4917	954	955
16657	28	256	954	955
13088	28	742	954	955
56333	28	731	954	955
30727	28	713	954	955
19094	28	99	954	955
28048	28	49384	954	955
47687	28	522	954	955
21001	28	371	954	955
49288	28	1063	954	955
21993	28	690	954	955
6992	28	83	954	955
23815	28	2122	954	955
23849	28	1081	954	955
53568	28	843	954	955
28800	28	422	954	955
22043	28	82	954	955
8652	28	28425	954	955
8961	28	353	954	955
19421	28	897	954	955
7477	28	178	954	955
34734	28	1085	954	955
6171	28	211	954	955
54331	28	350	954	955
93986	28	20	954	955
16220	28	635	954	955
3509	28	30	954	955
53255	28	513	954	955
21624	28	967	954	955
6242	28	502	954	955
51449	28	951	954	955
8648	28	109129	954	955
38069	28	201	954	955
15792	28	149	954	955
59764	28	2132	954	955
10010	28	1809	954	955
7105	28	2185	954	955
8791	28	167	954	955
22982	28	633	954	955
15421	28	217	954	955
16876	28	360	954	955
9091	28	2446	954	955
28684	28	780	954	955
67026	28	2126	954	955
42162	28	191	954	955
7655	28	260	954	955
14869	28	715	954	955
60179	28	12405	954	955
23845	28	146	954	955
44496	28	3761	954	955
17813	28	1809	954	955
60183	28	3425	954	955
11766	28	233	954	955
10677	28	989	954	955
98816	28	1207	954	955
94369	28	1137	954	955
10073	28	253	954	955
69611	28	754	954	955
5610	28	1033	954	955
7647	28	61	954	955
96031	28	1736	954	955
90997	28	313	954	955
14374	28	400	954	955
23167	28	13129	954	955
27345	28	273	954	955
31317	28	1085	954	955
5122	28	79	954	955
65485	28	19256	954	955
5503	28	253	954	955
88391	28	23	954	955
6868	28	603	954	955
10903	28	423	954	955
19625	28	8436	954	955
51053	28	926	954	955
8202	28	298	954	955
8122	28	79	954	955
12552	28	256	954	955
5534	28	1736	954	955
50846	28	236	954	955
7802	28	1099	954	955
74989	28	1261	954	955
18905	28	179	954	955
61518	28	45	954	955
11454	28	292	954	955
22213	28	1311	954	955
37302	28	986	954	955
27520	28	887	954	955
6800	28	634	954	955
11811	28	1131	954	955
68502	28	180	954	955
49500	28	1688	954	955
10020	28	228	954	955
17882	28	275	954	955
78785	28	743	954	955
87642	28	400	954	955
12196	28	1006	954	955
14160	28	626	954	955
17878	28	28	954	955
91728	28	1261	954	955
27803	28	1251	954	955
6712	28	1531	954	955
39021	28	358	954	955
22933	28	1139	954	955
18924	28	637	954	955
65191	28	1283	954	955
44188	28	1426	954	955
10961	28	990	954	955
93224	28	508	954	955
14586	28	283	954	955
46458	28	198	954	955
19815	28	129	954	955
48227	28	623	954	955
7173	28	331	954	955
12704	28	1458	954	955
49119	28	266	954	955
18462	28	612	954	955
21006	28	27778	954	955
4557	28	11849	954	955
8089	28	423	954	955
7919	28	826	954	955
45666	28	578	954	955
72712	28	4116	954	955
27575	28	984	954	955
81562	28	1317	954	955
8016	28	118	954	955
21523	28	23	954	955
26347	28	1016	954	955
26025	28	2113	954	955
35090	28	290	954	955
47875	28	124	954	955
54431	28	547	954	955
11831	28	573	954	955
109821	28	369	954	955
5822	28	1360	954	955
15043	28	256	954	955
53852	28	1080	954	955
16197	28	748	954	955
12396	28	1758	954	955
37360	28	1027	954	955
13500	28	514	954	955
58818	28	3177	954	955
106797	28	3400	954	955
12554	28	3309	954	955
83310	28	7756	954	955
20788	28	983	954	955
64071	28	1736	954	955
81597	28	2532	954	955
64623	28	2452	954	955
34050	28	1404	954	955
9322	28	1290	954	955
15873	28	4178	954	955
9058	28	554	954	955
88950	28	2616	954	955
44853	28	1018	954	955
6021	28	3413	954	955
101484	28	1625	954	955
77866	28	556	954	955
52826	28	65080	954	955
11471	28	245	954	955
6638	28	117	954	955
20741	28	552	954	955
5714	28	1860	954	955
22677	28	298	954	955
84679	28	3122	954	955
9462	28	710	954	955
32188	28	633	954	955
14183	28	1684	954	955
5948	28	1919	954	955
23475	28	2138	954	955
31830	28	1201	954	955
15235	28	2994	954	955
14709	28	2580	954	955
5037	28	147	954	955
12790	28	8764	954	955
81671	28	188	954	955
33134	28	144	954	955
51517	28	1966	954	955
59879	28	2132	954	955
6477	28	2623	954	955
46190	28	384	954	955
20314	28	1464	954	955
12210	28	139	954	955
57258	28	899	954	955
86858	28	31	954	955
42041	28	848	954	955
78767	28	1400	954	955
69750	28	825	954	955
12079	28	1788	954	955
14685	28	41	954	955
10740	28	210	954	955
31667	28	904	954	955
16874	28	67	954	955
23908	28	1162	954	955
93719	28	1780	954	955
22074	28	222	954	955
25984	28	166	954	955
30417	28	1655	954	955
8525	28	288	954	955
102614	28	4921	954	955
21342	28	2680	954	955
6887	28	363	954	955
19643	28	205	954	955
10759	28	6412	954	955
4526	28	973	954	955
35071	28	3385	954	955
36973	28	141	954	955
9682	28	66	954	955
15484	28	1082	954	955
24026	28	353	954	955
14140	28	1328	954	955
36947	28	336	954	955
26087	28	981	954	955
6097	28	560	954	955
60034	28	1434	954	955
24029	28	126	954	955
58076	28	1273	954	955
18503	28	99	954	955
4928	28	29	954	955
55100	28	496	954	955
17515	28	37	954	955
55664	28	695	954	955
44391	28	968	954	955
41564	28	1082	954	955
8875	28	294	954	955
39617	28	808	954	955
44586	28	715	954	955
31878	28	1988	954	955
10685	28	27588	954	955
22183	28	379	954	955
13806	28	23	954	955
103723	28	16782	954	955
17436	28	1090	954	955
9871	28	2732	954	955
46209	28	1165	954	955
58353	28	841	954	955
11385	28	16937	954	955
49177	28	318	954	955
6932	28	828	954	955
21335	28	2682	954	955
14324	28	1222	954	955
68410	28	3347	954	955
38548	28	251	954	955
55252	28	1063	954	955
7691	28	13435	954	955
16465	28	192	954	955
7362	28	2717	954	955
58925	28	1294	954	955
19158	28	169	954	955
6303	28	1766	954	955
112483	28	4178	954	955
17937	28	365	954	955
22393	28	660	954	955
6925	28	2271	954	955
85694	28	2433	954	955
80246	28	24	954	955
110633	28	71	954	955
17981	28	2416	954	955
15211	28	2452	954	955
15859	28	2605	954	955
13906	28	2062	954	955
63906	28	1099	954	955
42696	28	79	954	955
39196	28	394	954	955
34631	28	22365	954	955
19545	28	2680	954	955
75798	28	641	954	955
7960	28	1290	954	955
72805	28	2087	954	955
35609	28	234	954	955
66453	28	351	954	955
17808	28	940	954	955
6295	28	757	954	955
102060	28	2644	954	955
33073	28	1471	954	955
13509	28	2003	954	955
55435	28	14445	954	955
9512	28	27618	954	955
10931	28	81	954	955
23363	28	242	954	955
29783	28	458	954	955
60398	28	529	954	955
21888	28	1052	954	955
81622	28	641	954	955
37995	28	2803	954	955
9017	28	857	954	955
16300	28	245	954	955
28616	28	1023	954	955
16781	28	74	954	955
18068	28	52	954	955
7160	28	417	954	955
8352	28	1400	954	955
40376	28	1302	954	955
109427	28	2872	954	955
70000	28	3136	954	955
78566	28	651	954	955
6439	28	615	954	955
55136	28	1968	954	955
9932	28	1009	954	955
11224	28	2422	954	955
94283	28	706	954	955
20085	28	1400	954	955
20577	28	750	954	955
3003	28	79	954	955
30204	28	174	954	955
19547	28	188	954	955
75250	28	162	954	955
81707	28	1156	954	955
22592	28	5494	954	955
28140	28	193	954	955
17510	28	695	954	955
6070	28	692	954	955
4926	28	2389	954	955
85112	28	2065	954	955
37359	28	910	954	955
70808	28	28425	954	955
55449	28	1116	954	955
36172	28	12326	954	955
34066	28	968	954	955
4735	28	501	954	955
14173	28	82	954	955
24776	28	1330	954	955
7364	28	633	954	955
9452	28	2709	954	955
80767	28	3999	954	955
24574	28	230	954	955
23115	28	339	954	955
6961	28	623	954	955
7053	28	4116	954	955
28313	28	964	954	955
11642	28	1618	954	955
23898	28	170	954	955
72459	28	1704	954	955
64582	28	616	954	955
16656	28	48	954	955
5529	28	219	954	955
4635	28	3207	954	955
92322	28	31	954	955
4659	28	339	954	955
19260	28	1752	954	955
11464	28	575	954	955
40220	28	192	954	955
7776	28	435	954	955
66977	28	686	954	955
26495	28	1825	954	955
53514	28	20237	954	955
7551	28	475	954	955
44325	28	8842	954	955
24794	28	198	954	955
77346	28	330	954	955
47305	28	578	954	955
20306	28	439	954	955
6221	28	552	954	955
6350	28	351	954	955
12064	28	1968	954	955
9070	28	365	954	955
43032	28	6053	954	955
52918	28	2538	954	955
51269	28	1290	954	955
76781	28	334	954	955
24668	28	628	954	955
44180	28	578	954	955
82075	28	250	954	955
18989	28	2053	954	955
9243	28	617	954	955
56661	28	1328	954	955
17130	28	72	954	955
22928	28	578	954	955
12984	28	1311	954	955
24538	28	214	954	955
8061	28	238	954	955
12703	28	731	954	955
48792	28	298	954	955
41642	28	20362	954	955
151183	28	809	954	955
13474	28	1159	954	955
68933	28	766	954	955
18906	28	1442	954	955
8199	28	37	954	955
9738	28	23	954	955
95570	28	386	954	955
85633	28	968	954	955
44091	28	447	954	955
7060	28	416	954	955
109945	28	2435	954	955
15433	28	485	954	955
8405	28	41	954	955
5435	28	784	954	955
16077	28	1112	954	955
8939	28	178	954	955
12262	28	5478	954	955
7784	28	11981	954	955
62966	28	435	954	955
20279	28	9864	954	955
75800	28	2125	954	955
16619	28	42	954	955
23517	28	2159	954	955
20587	28	617	954	955
31419	28	141	954	955
12730	28	188	954	955
30345	28	4497	954	955
24621	28	1879	954	955
47057	28	1141	954	955
9959	28	3630	954	955
41531	28	990	954	955
50974	28	20	954	955
6454	28	321	954	955
32012	28	888	954	955
38652	28	1293	954	955
36545	28	2051	954	955
21016	28	1440	954	955
7516	28	99	954	955
7614	28	829	954	955
12861	28	2148	954	955
21515	28	701	954	955
15232	28	9631	954	955
77560	28	255	954	955
6816	28	8842	954	955
102288	28	449	954	955
26994	28	1006	954	955
6395	28	139	954	955
9057	28	1032	954	955
14175	28	2467	954	955
29665	28	142	954	955
75449	28	516	954	955
18426	28	398	954	955
20627	28	109	954	955
62488	28	13180	954	955
24684	28	193	954	955
28166	28	751	954	955
73585	28	1758	954	955
17816	28	4345	954	955
19234	28	114	954	955
15957	28	888	954	955
60693	28	1395	954	955
22858	28	51	954	955
24096	28	2705	954	955
82109	28	1018	954	955
95307	28	3761	954	955
31667	28	134	954	955
30089	28	1141	954	955
10606	28	3226	954	955
32916	28	731	954	955
51785	28	2061	954	955
56503	28	1774	954	955
8169	28	852	954	955
69968	28	441	954	955
6859	28	250	954	955
25831	28	77	954	955
95198	28	413	954	955
33487	28	1098	954	955
78870	28	449	954	955
43677	28	180	954	955
44235	28	707	954	955
54641	28	1330	954	955
94895	28	1116	954	955
10963	28	294	954	955
23264	28	68175	954	955
55766	28	28	954	955
34524	28	205	954	955
7406	28	174	954	955
13103	28	1458	954	955
86958	28	122	954	955
7558	28	922	954	955
23872	28	377	954	955
12081	28	899	954	955
13653	28	313	954	955
7038	28	1860	954	955
12295	28	1095	954	955
25817	28	37470	954	955
14191	28	1936	954	955
15960	28	1180	954	955
60428	28	2485	954	955
24572	28	523	954	955
26620	28	691	954	955
66721	28	23111	954	955
68618	28	2975	954	955
10481	28	65	954	955
51026	28	141	954	955
11785	28	3217	954	955
12130	28	1119	954	955
60395	28	1132	954	955
14232	28	1405	954	955
11739	28	603	954	955
24825	28	805	954	955
47773	28	2803	954	955
9653	28	211	954	955
7861	28	475	954	955
21633	28	1269	954	955
93159	28	1181	954	955
10581	28	1402	954	955
44691	28	396	954	955
4916	28	365	954	955
15508	28	1983	954	955
36366	28	379	954	955
16482	28	292	954	955
56936	28	134	954	955
76571	28	257	954	955
18223	28	889	954	955
4601	28	22	954	955
77272	28	3761	954	955
28619	28	68	954	955
18195	28	4324	954	955
8965	28	2516	954	955
55004	28	1161	954	955
84093	28	1074	954	955
21100	28	277	954	955
11623	28	67018	954	955
58222	28	2677	954	955
66143	28	1808	954	955
59042	28	280	954	955
24749	28	12326	954	955
60764	28	732	954	955
9810	28	2803	954	955
29542	28	221	954	955
16123	28	1099	954	955
88106	28	501	954	955
34485	28	6902	954	955
87709	28	1743	954	955
28704	28	51	954	955
6402	28	435	954	955
43502	28	523	954	955
74181	28	903	954	955
8044	28	676	954	955
12744	28	710	954	955
92392	28	679	954	955
6128	28	192	954	955
11313	28	45	954	955
15003	28	1499	954	955
23522	28	2975	954	955
5822	28	702	954	955
6725	28	17038	954	955
11611	28	1006	954	955
8666	28	103	954	955
32158	28	304	954	955
12315	28	232	954	955
65934	28	871	954	955
29517	28	1608	954	955
26593	28	47	954	955
178527	28	809	954	955
17513	28	228	954	955
12743	28	666	954	955
22626	28	17833	954	955
16506	28	40788	954	955
66290	28	2957	954	955
11085	28	5165	954	955
12700	28	233	954	955
80889	28	1476	954	955
11025	28	1259	954	955
17910	28	99	954	955
7710	28	195	954	955
42811	28	380	954	955
9361	28	70	954	955
72512	28	282	954	955
18187	28	887	954	955
31072	28	3835	954	955
7870	28	41	954	955
8187	28	4917	954	955
16207	28	3443	954	955
29254	28	280	954	955
8882	28	92	954	955
100645	28	1962	954	955
38178	28	361	954	955
5671	28	88	954	955
43201	28	2113	954	955
89816	28	3918	954	955
31258	28	358	954	955
5362	28	100	954	955
8611	28	4185	954	955
9492	28	9927	954	955
18883	28	887	954	955
13229	28	1561	954	955
6870	28	2887	954	955
35700	28	17899	954	955
91518	28	2680	954	955
31526	28	673	954	955
9456	28	467	954	955
58790	28	3799	954	955
8865	28	1332	954	955
67860	28	969	954	955
4618	28	347	954	955
6661	28	233	954	955
62452	28	717	954	955
7404	28	6880	954	955
35314	28	119	954	955
107377	28	509	954	955
8248	28	1488	954	955
13440	28	1524	954	955
12428	28	51	954	955
9920	28	498	954	955
60256	28	1772	954	955
32046	28	1860	954	955
28708	28	4078	954	955
24632	28	962	954	955
30559	28	220	954	955
52771	28	616	954	955
20318	28	71	954	955
57804	28	298	954	955
32985	28	1167	954	955
8513	28	2464	954	955
86945	28	3299	954	955
32181	28	355	954	955
25860	28	1628	954	955
14428	28	625	954	955
67255	28	20237	954	955
18393	28	1020	954	955
65342	28	3425	954	955
7839	28	98	954	955
4925	28	1968	954	955
11028	28	1289	954	955
25762	28	731	954	955
69606	28	1462	954	955
3789	28	332	954	955
37693	28	1405	954	955
23299	28	319	954	955
38066	28	255	954	955
8409	28	458	954	955
18718	28	1131	954	955
12170	28	1023	954	955
64891	28	240	954	955
5490	28	363	954	955
7894	28	1919	954	955
38682	28	1841	954	955
13357	28	1461	954	955
15706	28	653	954	955
90219	28	22983	954	955
31256	28	2938	954	955
62345	28	2325	954	955
17743	28	731	954	955
96708	28	11461	954	955
12077	28	951	954	955
16299	28	109	954	955
64887	28	63	954	955
22546	28	54	954	955
12673	28	72	954	955
16021	28	429	954	955
20196	28	2113	954	955
30926	28	1095	954	955
15818	28	1033	954	955
21748	28	1264	954	955
12806	28	222	954	955
11843	28	1266	954	955
57567	28	353	954	955
11227	28	1405	954	955
58903	28	250	954	955
77364	28	977	954	955
36009	28	1526	954	955
56760	28	568	954	955
80068	28	261	954	955
8126	28	542	954	955
97493	28	556	954	955
79381	28	298	954	955
55896	28	2271	954	955
83851	28	1057	954	955
5501	28	147	954	955
61919	28	71	954	955
33170	28	1294	954	955
13197	28	903	954	955
50938	28	1711	954	955
19339	28	1577	954	955
10576	28	887	954	955
92347	28	1879	954	955
32446	28	1161	954	955
24480	28	1458	954	955
69900	28	89	954	955
13178	28	423	954	955
17938	28	136	954	955
14619	28	224	954	955
23556	28	2975	954	955
78416	28	590	954	955
13270	28	99	954	955
33797	28	671	954	955
20615	28	1329	954	955
6436	28	365	954	955
5239	28	1571	954	955
39729	28	39954	954	955
86557	28	28	954	955
62700	28	1304	954	955
21459	28	179	954	955
21651	28	731	954	955
51350	28	722	954	955
14514	28	1231	954	955
14885	28	47	954	955
11431	28	2916	954	955
5902	28	126	954	955
9931	28	259	954	955
40346	28	829	954	955
121859	28	30703	954	955
12002	28	41	954	955
53756	28	72	954	955
97198	28	442	954	955
22480	28	489	954	955
34023	28	713	954	955
6881	28	442	954	955
5600	28	104	954	955
24097	28	3761	954	955
13982	28	474	954	955
12401	28	195	954	955
22036	28	510	954	955
14230	28	937	954	955
111684	28	4164	954	955
123078	28	21778	954	955
81853	28	805	954	955
16946	28	79	954	955
70300	28	2167	954	955
8865	28	146	954	955
62503	28	1959	954	955
6958	28	478	954	955
66443	28	3811	954	955
23963	28	89	954	955
97863	28	1693	954	955
19277	28	568	954	955
50099	28	409	954	955
25133	28	52	954	955
10665	28	220	954	955
26642	28	165	954	955
14320	28	161	954	955
25105	28	530	954	955
10085	28	133	954	955
8793	28	256	954	955
21891	28	88	954	955
14415	28	455	954	955
20089	28	12405	954	955
44155	28	2897	954	955
12404	28	22	954	955
16227	28	161	954	955
11971	28	699	954	955
38603	28	2062	954	955
15065	28	3205	954	955
63890	28	574	954	955
9371	28	28	954	955
76030	28	1405	954	955
88734	28	2119	954	955
81489	28	37310	954	955
27444	28	124	954	955
40584	28	1097	954	955
19665	28	101	954	955
5632	28	252	954	955
6664	28	885	954	955
36698	28	1101	954	955
76156	28	523	954	955
95612	28	2680	954	955
19516	28	355	954	955
6102	28	1571	954	955
58977	28	2088	954	955
93995	28	1346	954	955
9211	28	1021	954	955
48535	28	1181	954	955
36049	28	461	954	955
74743	28	20237	954	955
12567	28	461	954	955
63386	28	168	954	955
68551	28	100	954	955
18423	28	2114	954	955
25979	28	752	954	955
15376	28	1335	954	955
28710	28	21198	954	955
63860	28	515	954	955
23091	28	817	954	955
23664	28	913	954	955
14198	28	101	954	955
40263	28	715	954	955
20740	28	996	954	955
101825	28	1227	954	955
5613	23	11311	954	955
11311	23	5613	954	955
110882	28	759	954	955
14444	28	666	954	955
8145	28	1273	954	955
39816	28	428	954	955
33272	28	979	954	955
17270	28	1395	954	955
11039	28	1395	954	955
50422	28	188	954	955
67558	28	261	954	955
8892	28	1723	954	955
70634	28	321	954	955
111707	28	1058	954	955
94000	28	1345	954	955
74715	28	395	954	955
8686	28	713	954	955
12977	28	496	954	955
8001	28	122	954	955
47747	28	615	954	955
27181	28	1334	954	955
8038	28	3514	954	955
33203	28	18009	954	955
80140	28	4898	954	955
56225	28	13957	954	955
27825	28	2680	954	955
6084	28	830	954	955
21547	28	100	954	955
13284	28	646	954	955
20955	28	54	954	955
17011	28	1180	954	955
18170	28	564	954	955
33234	28	794	954	955
11195	28	171	954	955
12338	28	1345	954	955
14620	28	24	954	955
8543	28	256	954	955
12797	28	410	954	955
10388	28	542	954	955
66167	28	273	954	955
112546	28	459	954	955
24883	28	1180	954	955
29978	28	1477	954	955
56360	28	358	954	955
15691	28	192	954	955
10154	28	58	954	955
4535	28	3819	954	955
25512	28	20	954	955
85833	28	77775	954	955
94821	28	4384	954	955
44699	28	1610	954	955
24580	28	995	954	955
12478	28	1408	954	955
25267	14	3863	954	955
58768	28	288	954	955
110108	28	848	954	955
11388	28	5722	954	955
46036	28	38435	954	955
27648	28	261	954	955
9842	28	294	954	955
44423	28	141	954	955
13500	28	795	954	955
44198	28	288	954	955
82043	28	1825	954	955
72191	28	3182	954	955
18366	28	995	954	955
7635	28	1983	954	955
55218	28	2719	954	955
28729	28	1333	954	955
60766	28	122	954	955
7495	28	1025	954	955
16891	28	30	954	955
31197	28	129	954	955
42065	28	64	954	955
110075	28	2276	954	955
42861	28	2271	954	955
15233	28	291	954	955
51623	28	1841	954	955
69460	28	848	954	955
90750	28	1477	954	955
49024	28	493	954	955
47598	28	23	954	955
19794	28	1458	954	955
12307	28	477	954	955
47466	28	1440	954	955
5350	28	69	954	955
13910	28	365	954	955
65900	28	841	954	955
28775	28	1925	954	955
16273	28	253	954	955
56424	28	565	954	955
15106	28	1098	954	955
8768	28	752	954	955
12287	28	58	954	955
43324	28	2292	954	955
6158	28	118	954	955
19194	28	351	954	955
18560	28	1942	954	955
17147	28	12418	954	955
29979	28	433	954	955
39531	28	202	954	955
51695	28	53	954	955
28013	28	40	954	955
6389	28	70	954	955
16586	28	518	954	955
21542	28	568	954	955
41920	28	866	954	955
74299	28	120	954	955
35776	28	515	954	955
32703	28	2446	954	955
21352	28	894	954	955
16185	28	1181	954	955
14429	28	1082	954	955
12158	28	27618	954	955
63389	28	1325	954	955
7436	28	240	954	955
7025	28	171	954	955
28211	28	7218	954	955
31356	28	504	954	955
9709	28	1965	954	955
58682	28	3864	954	955
9638	28	4379	954	955
76738	28	1122	954	955
37216	28	609	954	955
21494	28	570	954	955
44820	28	1057	954	955
38592	28	27618	954	955
99977	28	17523	954	955
42528	28	1013	954	955
21028	28	232	954	955
55276	28	836	954	955
17251	28	345	954	955
14227	28	837	954	955
25359	28	408	954	955
69164	28	4844	954	955
11806	28	149	954	955
37334	28	70	954	955
45996	28	718	954	955
12626	28	4185	954	955
9062	28	614	954	955
7178	28	347	954	955
93864	28	1179	954	955
66315	28	410	954	955
23827	28	291	954	955
130493	28	133	954	955
18187	28	1410	954	955
14526	28	20847	954	955
53326	28	560	954	955
10875	28	19	954	955
78673	28	273	954	955
21401	28	4729	954	955
25499	28	1227	954	955
6086	28	144	954	955
26325	28	99	954	955
24365	28	871	954	955
17684	28	131	954	955
26605	28	366	954	955
14734	28	1812	954	955
44748	28	2867	954	955
12618	28	1809	954	955
75414	28	848	954	955
52667	28	539	954	955
43326	28	571	954	955
67205	28	38893	954	955
19919	28	1414	954	955
24356	28	615	954	955
71827	28	641	954	955
14983	28	1652	954	955
92931	28	252	954	955
61373	28	273	954	955
81836	28	848	954	955
15532	28	233	954	955
15162	28	3425	954	955
30579	28	145	954	955
34985	28	1031	954	955
38185	28	170	954	955
24489	28	6024	954	955
71703	28	574	954	955
32621	28	2447	954	955
52004	28	20	954	955
12057	28	2449	954	955
42916	28	1206	954	955
11278	28	5165	954	955
18409	28	1547	954	955
5041	28	842	954	955
46377	28	459	954	955
42742	28	1190	954	955
10550	28	12405	954	955
87963	28	1363	954	955
17676	28	2348	954	955
11990	28	1544	954	955
12670	28	469	954	955
26396	28	334	954	955
66572	28	495	954	955
14501	28	7583	954	955
48246	28	1380	954	955
101251	28	1440	954	955
128203	28	3869	954	955
123169	28	1384	954	955
78254	28	2422	954	955
44136	28	1294	954	955
58500	28	739	954	955
117421	28	2475	954	955
12160	28	120	954	955
130921	28	1010	954	955
6791	28	2677	954	955
28748	28	423	954	955
23877	28	507	954	955
10020	28	702	954	955
63750	28	2719	954	955
106573	28	3443	954	955
67128	28	537	954	955
11903	28	701	954	955
38707	28	818	954	956
9104	28	88	954	956
24916	28	2271	954	956
52242	28	263	954	956
16545	28	318	954	956
96293	28	303	954	956
12952	28	1780	954	956
6714	28	52	954	956
61236	28	1345	954	956
7778	28	104	954	956
61501	28	214	954	956
61467	28	19333	954	956
14783	28	30	954	956
9422	28	395	954	956
22388	28	27	954	956
6385	28	1653	954	956
61865	28	1772	954	956
25738	28	54	954	956
83651	28	675	954	956
5274	28	66	954	956
53458	28	796	954	956
53570	28	793	954	956
97409	28	8439	954	956
83942	28	675	954	956
83947	28	1542	954	956
38929	28	1033	954	956
62471	28	612	954	956
6035	28	317	954	956
52363	28	1264	954	956
22797	28	2877	954	956
19816	28	6433	954	956
30354	28	587	954	956
13465	28	2324	954	956
8038	28	518	954	956
9193	28	363	954	956
6391	28	980	954	956
8774	28	259	954	956
35203	28	547	954	956
7145	28	199	954	956
22045	28	76	954	956
72986	28	774	954	956
84795	28	1679	954	956
63151	28	465	954	956
47088	28	1738	954	956
63298	28	749	954	956
14763	28	87	954	956
45885	28	461	954	956
10662	28	1335	954	956
26643	28	4205	954	956
54715	28	4068	954	956
8110	28	174	954	956
10781	28	202	954	956
98816	28	492	954	956
73722	28	85	954	956
11578	28	797	954	956
8127	28	196	954	956
17635	28	3388	954	956
9809	28	1186	954	956
8703	28	4184	954	956
27110	28	703	954	956
15322	28	1736	954	956
10634	28	89	954	956
5051	28	2851	954	956
36091	28	1359	954	956
7428	28	1883	954	956
13662	28	394	954	956
26224	28	1082	954	956
11180	28	1249	954	956
7662	28	433	954	956
23001	28	37	954	956
74691	28	459	954	956
15382	28	80	954	956
15738	28	553	954	956
19224	28	995	954	956
12882	28	1850	954	956
12413	28	1063	954	956
22899	28	82	954	956
72767	28	578	954	956
6575	28	31	954	956
65120	28	850	954	956
87064	28	345	954	956
12479	28	546	954	956
11492	28	154	954	956
62226	28	1882	954	956
26852	28	54	954	956
12994	28	554	954	956
23100	28	332	954	956
23463	28	485	954	956
39323	28	95	954	956
13459	28	22768	954	956
36962	28	3990	954	956
46173	28	347	954	956
42083	28	550	954	956
20323	28	45	954	956
53650	28	1738	954	956
9558	28	351	954	956
18094	28	398	954	956
76113	28	1710	954	956
14653	28	266	954	956
9007	28	126	954	956
11326	28	121	954	956
49404	28	1691	954	956
49168	28	774	954	956
48403	28	2100	954	956
32221	28	48	954	956
6556	28	2335	954	956
66188	28	103	954	956
6215	28	33	954	956
23728	28	1809	954	956
35796	28	2033	954	956
24141	28	12949	954	956
14411	28	260	954	956
13631	28	49	954	956
19472	28	240	954	956
118061	28	248	954	956
21885	28	1653	954	956
49777	28	680	954	956
9105	28	732	954	956
29076	28	41	954	956
6234	28	61	954	956
62373	28	72	954	956
29195	28	109	954	956
8460	28	50	954	956
112169	28	99	954	956
24931	28	179	954	956
8494	28	1021	954	956
19192	28	112	954	956
9352	28	754	954	956
19062	28	701	954	956
7784	28	1651	954	956
64093	28	377	954	956
9389	28	124	954	956
29973	28	154	954	956
53385	28	2984	954	956
25657	28	1081	954	956
16945	28	494	954	956
19498	28	702	954	956
30044	28	50	954	956
50149	28	1122	954	956
89819	28	11118	954	956
13159	28	1063	954	956
26023	28	1228	954	956
35898	28	2701	954	956
19756	28	185	954	956
34153	28	380	954	956
10197	28	1132	954	956
11993	28	213	954	956
15285	28	222	954	956
29457	28	515	954	956
8772	28	101	954	956
13522	28	3760	954	956
39528	28	396	954	956
26455	28	1283	954	956
20095	28	964	954	956
6371	28	331	954	956
78178	28	1251	954	956
98851	28	1137	954	956
20259	28	154	954	956
50422	28	1446	954	956
8113	28	266	954	956
71653	28	1760	954	956
30989	28	35649	954	956
78431	28	37	954	956
10822	28	2022	954	956
11452	28	156	954	956
15502	28	973	954	956
31190	28	720	954	956
17175	28	546	954	956
39259	28	1774	954	956
67970	28	40	954	956
14289	28	251	954	956
27226	28	171	954	956
10937	28	241	954	956
40182	28	968	954	956
67785	28	10512	954	956
20659	28	1263	954	956
70798	28	1803	954	956
7512	28	45	954	956
7704	28	19	954	956
86914	28	1095	954	956
66420	28	1195	954	956
36540	28	139	954	956
71828	28	68151	954	956
9574	28	1085	954	956
13722	28	145	954	956
35735	28	442	954	956
5747	28	395	954	956
14221	28	1360	954	956
17025	28	2003	954	956
22308	28	27	954	956
27655	28	15862	954	956
11686	28	19	954	956
36505	28	73	954	956
65396	28	1059	954	956
14449	28	518	954	956
29653	28	1021	954	956
118836	28	193	954	956
57582	28	58915	954	956
18071	28	155	954	956
22521	28	175	954	956
33478	28	485	954	956
86329	28	514	954	956
19924	28	192	954	956
10548	28	46	954	956
67834	28	1690	954	956
14392	28	969	954	956
24716	28	400	954	956
39434	28	1774	954	956
49143	28	2053	954	956
14402	28	1945	954	956
31442	28	1009	954	956
8083	28	343	954	956
14768	28	180	954	956
8815	28	2768	954	956
8147	28	1077	954	956
14580	28	1093	954	956
57033	28	2991	954	956
17076	28	1312	954	956
11292	28	529	954	956
65247	28	2435	954	956
79565	28	883	954	956
31694	28	695	954	956
12614	28	44	954	956
10418	28	363	954	956
79019	28	8588	954	956
8708	28	399	954	956
18034	28	76	954	956
5291	28	2878	954	956
37420	28	54	954	956
27529	28	48070	954	956
18390	28	54	954	956
7570	28	254	954	956
28158	28	1330	954	956
32882	28	646	954	956
12385	28	214	954	956
17464	28	740	954	956
20391	28	3632	954	956
22762	28	365	954	956
17631	28	38019	954	956
4945	28	353	954	956
55894	28	3038	954	956
27068	28	180	954	956
28473	28	390	954	956
15738	28	720	954	956
25382	28	30	954	956
26556	28	1221	954	956
38173	28	1035	954	956
14259	28	112	954	956
14144	28	112	954	956
24746	28	261	954	956
9298	28	1119	954	956
28168	28	124	954	956
142780	28	850	954	956
23258	28	66270	954	956
38230	28	155	954	956
19123	28	363	954	956
50065	28	508	954	956
19706	28	146	954	956
89878	28	523	954	956
20060	28	77	954	956
63020	28	44152	954	956
89452	28	1734	954	956
37953	28	263	954	956
58143	28	154	954	956
40181	28	43	954	956
16418	28	123	954	956
4598	28	2677	954	956
22872	28	2326	954	956
78734	28	552	954	956
17457	28	633	954	956
12313	28	507	954	956
38312	28	1076	954	956
55973	28	1825	954	956
31028	28	191	954	956
15311	28	2580	954	956
34071	28	33926	954	956
12227	28	4080	954	956
9595	28	458	954	956
80565	28	282	954	956
10851	28	156	954	956
22942	28	1190	954	956
28279	28	436	954	956
11938	28	55	954	956
10695	28	616	954	956
17560	28	1555	954	956
9346	28	191	954	956
30189	28	1919	954	956
26588	28	529	954	956
38386	28	825	954	956
70767	28	1283	954	956
9898	28	1021	954	956
30352	28	1101	954	956
17924	28	377	954	956
8645	28	240	954	956
62836	28	2276	954	956
6268	28	843	954	956
36831	28	412	954	956
10413	28	752	954	956
83934	28	83	954	956
35527	28	82	954	956
22633	28	280	954	956
90534	28	461	954	956
8226	28	1021	954	956
6403	28	500	954	956
20759	28	167	954	956
57883	28	547	954	956
14707	28	1394	954	956
52586	28	471	954	956
26587	28	1279	954	956
51639	28	832	954	956
113894	28	42188	954	956
20028	28	318	954	956
14116	28	250	954	956
20814	28	2436	954	956
14590	28	364	954	956
65445	28	1324	954	956
16741	28	2283	954	956
45089	28	608	954	956
11245	28	52	954	956
35851	28	957	954	956
49924	28	6485	954	956
34381	28	12231	954	956
24061	28	456	954	956
108996	28	345	954	956
44585	28	240	954	956
14488	28	390	954	956
57602	28	5185	954	956
17570	28	1174	954	956
13375	28	29889	954	956
86945	28	198	954	956
41939	28	45	954	956
21529	28	499	954	956
48910	28	4116	954	956
8138	28	20	954	956
16655	28	975	954	956
81334	28	940	954	956
68929	28	1960	954	956
20216	28	1297	954	956
7310	28	1024	954	956
126240	28	21766	954	956
24061	28	103	954	956
90555	28	1076	954	956
20251	28	778	954	956
15764	28	325	954	956
8762	28	2519	954	956
21117	28	71	954	956
29729	28	962	954	956
55318	28	1969	954	956
14042	28	1101	954	956
51066	28	1414	954	956
12686	28	74	954	956
18337	28	277	954	956
126232	28	537	954	956
15193	28	41	954	956
6587	28	2003	954	956
109640	28	1124	954	956
21398	28	1704	954	956
109186	28	2172	954	956
5414	28	78	954	956
50619	28	409	954	956
36192	28	449	954	956
45016	28	669	954	956
77857	28	427	954	956
60711	28	1592	954	956
9437	28	1185	954	956
24156	28	79	954	956
26159	28	741	954	956
16613	28	1092	954	956
21037	28	402	954	956
62930	28	7224	954	956
58073	28	1478	954	956
17431	28	1190	954	956
17030	28	143	954	956
14940	28	121	954	956
56874	28	2435	954	956
13630	28	150	954	956
19573	28	1031	954	956
11709	28	19	954	956
35569	28	1692	954	956
15825	28	379	954	956
19315	28	160	954	956
36737	28	11150	954	956
12218	28	102	954	956
93108	28	1124	954	956
73509	28	1016	954	956
14295	28	395	954	956
112761	28	167	954	956
23179	28	725	954	956
64199	28	315	954	956
36594	28	899	954	956
32539	28	52712	954	956
70896	28	9041	954	956
124976	28	371	954	956
5004	28	109	954	956
44388	28	523	954	956
37196	28	1180	954	956
19677	28	720	954	956
39325	28	260	954	956
11390	28	434	954	956
53634	28	54	954	956
16744	28	54	954	956
10605	28	331	954	956
38753	28	471	954	956
13967	28	265	954	956
29355	28	490	954	956
10160	28	2104	954	956
14186	28	99	954	956
53373	28	623	954	956
38006	28	692	954	956
14189	28	1181	954	956
71619	28	159	954	956
81725	28	686	954	956
93334	28	5331	954	956
11960	28	1841	954	956
42224	28	2310	954	956
19350	28	2310	954	956
170553	28	1504	954	956
16532	28	744	954	956
7067	28	2422	954	956
12705	28	185	954	956
28049	28	32938	954	956
8991	28	360	954	956
6658	28	177	954	956
11084	28	1744	954	956
117928	28	614	954	956
20541	28	1670	954	956
84265	28	2271	954	956
10499	28	458	954	956
9468	28	387	954	956
18440	28	114	954	956
15328	28	174	954	956
28534	28	924	954	956
12777	28	304	954	956
22104	28	2812	954	956
48649	28	1432	954	956
25065	28	31	954	956
27946	28	199	954	956
32856	28	633	954	956
26349	28	253	954	956
12849	28	30	954	956
14168	28	617	954	956
74104	28	686	954	956
21326	28	477	954	956
26885	28	123	954	956
57642	28	431	954	956
10726	28	811	954	956
10335	28	3074	954	956
15133	28	537	954	956
8748	28	1738	954	956
110346	28	593	954	956
49865	28	2563	954	956
53366	28	110704	954	956
54331	28	712	954	956
9880	28	331	954	956
16986	28	170	954	956
12074	28	612	954	956
38400	28	674	954	956
13458	28	146	954	956
93789	28	129	954	956
17066	28	250	954	956
37445	28	1096	954	956
94888	28	794	954	956
119474	1	25055	954	956
31055	28	103	954	956
80691	28	679	954	956
54965	28	95359	954	956
22766	28	1551	954	956
41245	28	31832	954	956
81993	28	547	954	956
44340	28	690	954	956
8528	28	286	954	956
9242	28	160	954	956
31950	28	1351	954	956
20813	28	51	954	956
27790	28	344	954	956
15264	28	22781	954	956
36316	28	594	954	956
12215	28	3630	954	956
70351	28	1334	954	956
10980	28	707	954	956
84465	28	996	954	956
13752	28	397	954	956
14907	28	3771	954	956
54393	28	641	954	956
33014	28	590	954	956
9834	28	2139	954	956
8666	28	509	954	956
17373	28	99	954	956
14616	28	2105	954	956
37835	28	1864	954	956
52605	28	591	954	956
40786	28	24	954	956
13491	28	36	954	956
11780	28	135	954	956
46068	28	384	954	956
69155	28	71	954	956
6385	28	295	954	956
40485	28	23125	954	956
26258	28	195	954	956
13856	28	1279	954	956
67060	28	31	954	956
61454	28	793	954	956
12626	28	3514	954	956
10890	28	3901	954	956
65628	28	1363	954	956
41103	28	800	954	956
9917	28	100	954	956
49615	28	475	954	956
127306	28	989	954	956
9788	28	3811	954	956
11317	28	337	954	956
9086	28	175	954	956
48625	28	449	954	956
12478	28	42	954	956
24648	28	539	954	956
13390	28	1094	954	956
13863	28	318	954	956
38141	28	676	954	956
46074	28	1338	954	956
34107	28	9000	954	956
29257	28	369	954	956
13209	28	304	954	956
23142	28	85	954	956
72038	28	2867	954	956
21459	28	174	954	956
69426	28	1525	954	956
38272	28	435	954	956
22841	28	397	954	956
14420	28	291	954	956
48299	28	1091	954	956
10109	28	2522	954	956
16026	28	80	954	956
17135	28	23863	954	956
8743	28	6320	954	956
10081	28	1279	954	956
46419	28	1809	954	956
32243	28	73144	954	956
32931	28	617	954	956
20638	28	537	954	956
8963	28	317	954	956
9263	28	2580	954	956
7777	28	153	954	956
6116	28	2916	954	956
18571	28	855	954	956
117076	28	904	954	956
22395	28	4143	954	956
21512	28	1883	954	956
91891	28	885	954	956
84053	28	1088	954	956
28064	28	675	954	956
55652	28	2577	954	956
18209	28	746	954	956
9464	28	490	954	956
27666	28	509	954	956
19186	28	232	954	956
95655	28	686	954	956
36954	28	1075	954	956
73005	28	819	954	956
5894	28	1288	954	956
19933	28	30	954	956
42849	28	99	954	956
52285	28	67	954	956
38595	28	1182	954	956
129373	28	692	954	956
70120	28	133	954	956
24719	28	741	954	956
19756	28	11015	954	956
23818	28	169	954	956
47007	28	2592	954	956
10718	28	46	954	956
6156	28	170	954	956
24577	28	1181	954	956
12291	28	1816	954	956
83011	28	922	954	956
7099	28	283	954	956
20334	28	65	954	956
17314	28	1704	954	956
10553	28	2717	954	956
39021	28	55	954	956
9868	28	3173	954	956
13237	28	546	954	956
23793	28	41	954	956
57284	28	286	954	956
77423	28	139	954	956
12384	28	1101	954	956
10831	28	45	954	956
18759	28	437	954	956
76982	28	508	954	956
39078	28	818	954	956
12039	28	199	954	956
25878	28	3443	954	956
8193	28	170	954	956
16516	28	996	954	956
95652	28	582	954	956
9806	28	379	954	956
12178	28	255	954	956
70281	28	193	954	956
38592	28	568	954	956
18580	28	6062	954	956
38422	28	2519	954	956
13391	28	67	954	956
9723	28	119	954	956
18061	28	24	954	956
11177	28	570	954	956
14735	28	547	954	956
5894	28	1551	954	956
6508	28	283	954	956
34423	28	22	954	956
10929	28	202	954	956
41089	28	325	954	956
57212	28	1675	954	956
39706	28	715	954	956
6153	28	72	954	956
13241	28	19	954	956
10262	28	1634	954	956
36365	28	603	954	956
11124	28	1139	954	956
55693	28	343	954	956
27617	28	453	954	956
36753	28	38	954	956
15850	28	405	954	956
8487	28	111	954	956
10445	28	169	954	956
29548	28	2086	954	956
20493	28	54	954	956
22683	28	2399	954	956
8858	28	1567	954	956
5175	28	405	954	956
53019	28	3939	954	956
47876	28	458	954	956
20674	28	379	954	956
13420	28	866	954	956
22257	28	717	954	956
56421	28	156	954	956
41042	28	1074	954	956
13670	28	573	954	956
32641	28	456	954	956
61832	28	230	954	956
19922	28	325	954	956
22258	28	145	954	956
16696	28	47	954	956
19244	28	61	954	956
36192	28	37	954	956
21498	28	23	954	956
123558	28	418	954	956
11003	28	593	954	956
38896	28	377	954	956
58754	28	1693	954	956
22389	28	1020	954	956
28727	28	37	954	956
24091	28	159	954	956
9176	28	1267	954	956
19968	28	363	954	956
13875	28	24	954	956
12618	28	388	954	956
23913	28	1968	954	956
69540	28	1708	954	956
5968	28	552	954	956
46510	28	2812	954	956
16537	28	509	954	956
9316	28	1625	954	956
8237	28	361	954	956
46269	28	2241	954	956
41997	28	3122	954	956
5992	28	133	954	956
26170	28	134	954	956
29572	28	304	954	956
24402	28	261	954	956
12346	28	334	954	956
60337	28	2117	954	956
80509	28	64	954	956
28617	28	309	954	956
41985	28	972	954	956
13432	28	240	954	956
38604	28	1041	954	956
5300	28	478	954	956
21391	28	786	954	956
65086	28	139	954	956
37892	23	101713	954	956
22276	28	1399	954	956
25286	28	1009	954	956
11049	28	89	954	956
5730	28	1551	954	956
30095	28	117	954	956
81817	28	452	954	956
95409	28	358	954	956
110431	28	45408	954	956
38337	28	22	954	956
14517	28	42	954	956
29606	28	715	954	956
10790	28	67	954	956
8981	28	2240	954	956
8980	28	743	954	956
6374	28	515	954	956
13425	28	121	954	956
80469	28	23587	954	956
10436	28	1173	954	956
51672	28	2534	954	956
93956	28	883	954	956
24619	28	54	954	956
29246	28	3206	954	956
23379	28	2577	954	956
20326	28	456	954	956
17052	28	222	954	956
4948	28	150	954	956
80296	28	2957	954	956
66828	28	836	954	956
75833	28	427	954	956
15109	28	1204	954	956
13864	28	241	954	956
51758	28	109	954	956
26079	28	1018	954	956
26768	28	692	954	956
11624	28	383	954	956
10992	28	145	954	956
53331	28	5018	954	956
64090	28	3918	954	956
6684	28	38	954	956
94047	28	732	954	956
26614	28	1190	954	956
25316	28	423	954	956
3986	28	2571	954	956
58439	28	5481	954	956
47574	28	286	954	956
24144	28	510	954	956
70386	28	2843	954	956
10456	28	18653	954	956
13271	28	57	954	956
23353	28	240	954	956
8970	28	1971	954	956
86744	28	160	954	956
73043	28	888	954	956
51093	28	5552	954	956
34790	28	95	954	956
70400	28	364	954	956
80342	28	2226	954	956
4800	28	4594	954	956
31215	28	498	954	956
5543	28	2582	954	956
18647	28	5298	954	956
32877	28	797	954	956
8611	28	3514	954	956
32891	28	1118	954	956
27111	28	124	954	956
16420	28	4594	954	956
77494	28	261	954	956
16458	28	1033	954	956
31850	28	2938	954	956
7836	28	274	954	956
56774	28	1032	954	956
12171	28	161	954	956
31234	28	458	954	956
40482	28	515	954	956
14612	28	984	954	956
91146	28	83	954	956
7596	28	72	954	956
24581	28	165	954	956
15540	28	937	954	956
56759	28	288	954	956
11164	28	396	954	956
6672	28	89	954	956
17448	28	1074	954	956
63496	28	101	954	956
8438	28	318	954	956
54327	28	354	954	956
6169	28	24	954	956
23430	28	351	954	956
33545	28	605	954	956
23784	28	100	954	956
13717	28	2271	954	956
75754	28	274	954	956
58022	28	265	954	956
12388	28	1625	954	956
6474	28	230	954	956
28694	28	230	954	956
6319	28	675	954	956
19682	28	3105	954	956
4708	28	288	954	956
14221	28	702	954	956
24619	28	970	954	956
12487	28	193	954	956
51044	28	72	954	956
15755	28	1833	954	956
63476	28	129	954	956
22593	28	533	954	956
86317	28	1058	954	956
8754	28	179	954	956
155357	28	1504	954	956
31593	28	1263	954	956
12914	28	2139	954	956
35813	28	499	954	956
50677	28	2602	954	956
40960	28	33	954	956
19757	28	1903	954	956
40365	28	222	954	956
24155	28	1925	954	956
88299	28	15572	954	956
31562	28	109	954	956
49536	28	547	954	956
8132	28	720	954	956
43001	28	89	954	956
8322	28	24	954	956
59614	28	3626	954	956
14606	28	800	954	956
8372	28	78	954	956
51504	28	154	954	956
44160	28	91	954	956
12116	28	1076	954	956
7711	28	3167	954	956
11505	28	419	954	956
12681	28	71	954	956
60139	28	826	954	956
10621	28	1234	954	956
77310	28	1984	954	956
15891	28	1253	954	956
103086	28	156	954	956
21387	28	1182	954	956
40547	28	3135	954	956
18563	28	77	954	956
64705	28	2957	954	956
30070	28	378	954	956
96993	28	2872	954	956
71638	28	1643	954	956
74619	28	1356	954	956
69042	28	45	954	956
130596	28	1059	954	956
155512	28	1774	954	956
51342	28	1292	954	956
31840	28	1395	954	956
9989	28	210	954	956
122172	28	868	954	956
80358	28	1132	954	956
9546	28	17883	954	956
12490	28	31	954	956
21447	28	1581	954	956
12131	28	153	954	956
5673	28	235	954	956
33911	28	245	954	956
13807	28	160	954	956
84189	28	117	954	956
8331	28	24	954	956
12369	28	250	954	956
56729	28	498	954	956
18016	28	89	954	956
78863	28	2475	954	956
18536	28	146	954	957
21921	28	463	954	957
9286	28	675	954	957
52802	28	531	954	957
38969	28	2027	954	957
34012	28	358	954	957
52875	28	2479	954	957
25822	28	248	954	957
11523	28	1623	954	957
7147	28	937	954	957
22488	28	469	954	957
46861	28	627	954	957
14852	28	110	954	957
30729	28	256	954	957
10251	28	682	954	957
17518	28	354	954	957
35435	28	637	954	957
12197	28	174	954	957
23037	28	123	954	957
9322	28	263	954	957
11463	28	1094	954	957
47874	28	55	954	957
10817	28	41	954	957
12279	28	289	954	957
55244	28	1142	954	957
11570	28	465	954	957
27176	28	1138	954	957
7254	28	503	954	957
48157	28	104	954	957
47501	28	331	954	957
31525	28	811	954	957
10280	28	214	954	957
42167	28	1968	954	957
9862	28	754	954	957
45151	28	1864	954	957
36852	28	149	954	957
73803	28	436	954	957
42531	28	1371	954	957
22953	28	4379	954	957
24031	28	60	954	957
42708	28	672	954	957
13778	28	979	954	957
28057	28	313	954	957
37323	28	38	954	957
9657	28	123	954	957
6532	28	161	954	957
10028	28	555	954	957
28131	28	318	954	957
36212	28	916	954	957
5807	28	2292	954	957
7732	28	181	954	957
12003	28	429	954	957
88959	28	1610	954	957
39089	28	916	954	957
19352	28	620	954	957
35207	28	303	954	957
99625	28	254	954	957
25683	28	98	954	957
11813	28	396	954	957
19414	28	1296	954	957
62124	28	34550	954	957
14999	28	926	954	957
19748	28	37	954	957
19794	28	55	954	957
9693	28	1528	954	957
25999	28	984	954	957
58269	28	85	954	957
7457	28	1660	954	957
21158	28	842	954	957
20290	28	27	954	957
26914	28	309	954	957
13729	28	413	954	957
20451	28	83	954	957
39719	28	4665	954	957
11526	28	828	954	957
55396	28	436	954	957
48500	28	2518	954	957
7783	28	3000	954	957
23135	28	43	954	957
8944	28	86	954	957
20879	28	39	954	957
31735	28	3614	954	957
17078	28	192	954	957
31185	28	666	954	957
46127	28	1641	954	957
61708	28	471	954	957
20897	28	57	954	957
6184	28	1640	954	957
15305	28	143	954	957
4014	28	42	954	957
45499	28	92	954	957
5143	28	92	954	957
19288	28	649	954	957
24052	28	703	954	957
7521	28	58	954	957
106059	28	1421	954	957
16019	28	122	954	957
5682	28	1123	954	957
28010	28	104	954	957
84445	28	908	954	957
7807	28	2085	954	957
28068	28	213	954	957
46348	28	176	954	957
10232	28	30	954	957
21720	28	3818	954	957
43206	28	1720	954	957
29558	28	78	954	957
59151	28	1641	954	957
54404	28	76	954	957
17976	28	309	954	957
27123	28	315	954	957
16636	28	429	954	957
50291	28	710	954	957
49262	28	72	954	957
15332	28	211	954	957
38881	28	1853	954	957
24098	28	2399	954	957
142143	28	4458	954	957
9893	28	720	954	957
69025	28	905	954	957
42177	28	956	954	957
92776	28	841	954	957
8929	28	1760	954	957
15514	28	348	954	957
26735	28	617	954	957
16796	28	56	954	957
34392	28	51	954	957
8676	28	830	954	957
14635	28	126	954	957
16229	28	136	954	957
44256	28	740	954	957
22995	28	35649	954	957
41878	28	21778	954	957
14512	28	233	954	957
15520	28	575	954	957
90144	28	329	954	957
88908	28	1407	954	957
33100	28	155	954	957
16543	28	333	954	957
83840	28	378	954	957
99598	28	2485	954	957
8794	28	40	954	957
76888	28	883	954	957
25394	28	554	954	957
40673	28	381	954	957
38184	28	105	954	957
59458	28	615	954	957
79145	28	365	954	957
17761	28	234	954	957
57788	28	6135	954	957
13503	28	1551	954	957
44352	28	9843	954	957
25406	28	780	954	957
56311	28	572	954	957
62320	28	74	954	957
7445	28	1050	954	957
30011	28	386	954	957
40057	28	379	954	957
19783	28	147	954	957
7496	28	215	954	957
16871	28	143	954	957
7896	28	1296	954	957
12598	28	318	954	957
77051	28	461	954	957
11362	28	51	954	957
26317	28	289	954	957
21091	28	16	954	957
20604	28	101	954	957
27996	28	447	954	957
125987	28	409	954	957
52544	28	793	954	957
31101	28	10676	954	957
21666	28	142	954	957
6101	28	88	954	957
8125	28	2483	954	957
20461	28	281	954	957
15669	28	731	954	957
44607	28	587	954	957
7639	28	670	954	957
17113	28	124	954	957
11560	28	432	954	957
44086	28	327	954	957
21395	28	251	954	957
45173	28	144	954	957
15646	28	411	954	957
39755	28	266	954	957
21460	28	433	954	957
43021	28	145	954	957
49430	28	8354	954	957
88740	28	1036	954	957
17637	28	459	954	957
19201	28	1296	954	957
12374	28	371	954	957
59532	28	319	954	957
22659	28	50	954	957
36856	28	45	954	957
9640	28	64	954	957
103017	28	439	954	957
11397	28	35020	954	957
24439	28	71	954	957
47751	28	531	954	957
9612	28	104	954	957
16084	28	51	954	957
42616	28	718	954	957
18495	28	191	954	957
9677	28	36	954	957
34842	28	105	954	957
9027	28	33	954	957
11249	28	196	954	957
12778	28	906	954	957
5804	28	110	954	957
8768	28	377	954	957
10386	28	72	954	957
44502	28	3413	954	957
11863	28	628	954	957
7376	28	149	954	957
84619	28	99	954	957
85384	28	309	954	957
23289	28	578	954	957
14596	28	798	954	957
76362	28	347	954	957
31403	28	892	954	957
8228	28	149	954	957
29530	28	1656	954	957
8896	28	1020	954	957
30965	28	248	954	957
5911	28	178	954	957
66257	28	920	954	957
12719	28	259	954	957
56589	28	992	954	957
44299	28	2516	954	957
79330	28	1836	954	957
46775	28	328	954	957
43920	28	696	954	957
29731	28	1275	954	957
145665	28	592	954	957
59613	28	4665	954	957
6246	28	88	954	957
61634	28	20	954	957
14139	28	39	954	957
9632	28	198	954	957
24613	28	74	954	957
62512	28	1653	954	957
14341	28	259	954	957
25428	28	274	954	957
6435	28	893	954	957
14913	28	236	954	957
38440	28	469	954	957
48309	28	250	954	957
38494	28	470	954	957
24512	28	70	954	957
94955	28	756	954	957
17841	28	174	954	957
18411	28	55	954	957
18729	28	832	954	957
11992	28	85	954	957
38021	28	102	954	957
54178	28	23269	954	957
44044	28	3109	954	957
26852	28	328	954	957
81776	28	1295	954	957
25981	28	855	954	957
19727	28	1335	954	957
23135	28	118	954	957
37174	28	106	954	957
36506	28	408	954	957
41531	28	193	954	957
21247	28	454	954	957
20463	28	676	954	957
15205	28	459	954	957
41963	28	19038	954	957
91349	28	293	954	957
51043	28	354	954	957
22255	28	244	954	957
11767	28	965	954	957
12278	28	436	954	957
16376	28	556	954	957
124313	28	1896	954	957
32200	28	964	954	957
59037	28	609	954	957
16583	28	951	954	957
17294	28	495	954	957
18188	28	42	954	957
10182	28	54121	954	957
31696	28	123	954	957
14171	28	117	954	957
40682	28	117	954	957
28843	28	102	954	957
13801	28	1153	954	957
58945	28	11118	954	957
78994	28	132	954	957
41760	28	265	954	957
72655	28	893	954	957
20285	28	1535	954	957
7114	28	171	954	957
44446	28	7525	954	957
51074	28	181	954	957
7488	28	265	954	957
67426	28	1948	954	957
33258	28	16301	954	957
67818	28	885	954	957
9670	28	274	954	957
10825	28	447	954	957
28501	28	19890	954	957
110850	28	1289	954	957
11865	28	43120	954	957
27088	28	154	954	957
14814	28	1092	954	957
37444	28	328	954	957
15816	28	351	954	957
28034	28	1643	954	957
19732	28	501	954	957
9853	28	743	954	957
17806	28	38	954	957
42679	28	256	954	957
14480	28	136	954	957
62383	28	89	954	957
16954	28	119	954	957
50980	28	348	954	957
13783	28	522	954	957
22400	28	674	954	957
70045	28	986	954	957
113869	28	745	954	957
18029	28	983	954	957
12394	28	257	954	957
41139	28	231	954	957
51563	28	390	954	957
111239	28	919	954	957
56760	28	668	954	957
32005	28	474	954	957
46356	28	550	954	957
15643	28	1161	954	957
27679	28	885	954	957
9561	28	220	954	957
29969	28	379	954	957
74873	28	162	954	957
65001	28	319	954	957
26250	28	99	954	957
16240	28	452	954	957
8689	28	86	954	957
6121	28	73	954	957
10094	28	4349	954	957
47105	28	77	954	957
25437	28	739	954	957
11581	28	2464	954	957
7697	28	1164	954	957
8621	28	199	954	957
41583	28	475	954	957
34944	28	1093	954	957
42716	28	136	954	957
39443	28	175	954	957
28769	28	2104	954	957
32788	28	3122	954	957
6112	28	27	954	957
41420	28	3413	954	957
68485	28	1883	954	957
29260	28	28023	954	957
11826	28	2719	954	957
89619	28	1216	954	957
68202	28	693	954	957
68183	28	1031	954	957
24933	28	2516	954	957
109431	28	1174	954	957
13596	28	8373	954	957
5254	28	70	954	957
17979	28	149	954	957
31391	28	114	954	957
40563	28	20365	954	957
51880	28	235	954	957
51419	28	295	954	957
7755	28	411	954	957
40023	28	1530	954	957
81002	28	641	954	957
76985	28	213	954	957
28479	28	422	954	957
44740	28	1808	954	957
29511	28	193	954	957
37323	28	269	954	957
10145	28	143	954	957
40977	28	7213	954	957
10895	28	1671	954	957
28497	28	38462	954	957
10829	28	228	954	957
72946	28	417	954	957
28739	28	327	954	957
11338	28	842	954	957
23979	28	436	954	957
17795	28	26713	954	957
130867	28	1468	954	957
17073	28	333	954	957
35740	28	630	954	957
59988	28	674	954	957
20110	28	1496	954	957
15040	28	76	954	957
33655	30	2437	954	957
22667	28	976	954	957
13713	28	98	954	957
9038	28	19	954	957
11823	28	78	954	957
38053	28	177	954	957
24248	28	65	954	957
25476	28	6824	954	957
10580	28	101	954	957
38237	28	6022	954	957
12471	28	1182	954	957
4318	28	31	954	957
66934	28	1653	954	957
16918	28	16	954	957
109428	28	95359	954	957
29232	28	122	954	957
40670	28	3173	954	957
18400	28	269	954	957
34392	28	195	954	957
27716	28	383	954	957
11060	28	669	954	957
13232	28	63	954	957
11635	28	20	954	957
15061	28	265	954	957
25948	28	739	954	957
13985	28	325	954	957
12503	28	80	954	957
16224	28	527	954	957
13784	28	754	954	957
8129	28	139	954	957
74386	28	932	954	957
18230	28	501	954	957
6238	28	1945	954	957
18525	28	65846	954	957
34074	28	292	954	957
15892	28	129	954	957
12706	28	214	954	957
9769	28	830	954	957
20315	28	114	954	957
21438	28	46	954	957
38571	28	327	954	957
33684	28	1093	954	957
111872	28	1803	954	957
12485	28	192	954	957
51231	28	95359	954	957
18397	28	635	954	957
92847	28	2046	954	957
5054	28	233	954	957
18458	28	417	954	957
25094	28	533	954	957
119799	28	291	954	957
61757	28	1345	954	957
8593	28	732	954	957
9656	28	16	954	957
6959	28	893	954	957
27953	28	64462	954	957
34823	28	114	954	957
15710	28	153	954	957
22629	28	288	954	957
20601	28	32	954	957
7239	28	2992	954	957
31733	28	1544	954	957
29322	28	1121	954	957
8482	28	19	954	957
29577	28	1360	954	957
24466	28	133	954	957
9330	28	1432	954	957
48241	28	695	954	957
11205	28	796	954	958
6235	28	179	954	958
28888	28	133	954	958
29035	28	133	954	958
33682	28	937	954	958
14547	28	38	954	958
14715	28	696	954	958
13130	28	1117	954	958
13292	28	161	954	958
84039	28	1129	954	958
11879	28	153	954	958
7896	28	547	954	958
17071	28	619	954	958
35338	28	38	954	958
13147	28	49	954	958
35821	28	95	954	958
26960	28	423	954	958
16848	28	591	954	958
29883	28	65	954	958
27242	28	88	954	958
14682	28	72	954	958
46719	28	378	954	958
44805	28	743	954	958
27449	28	21912	954	958
15721	28	292	954	958
24971	28	437	954	958
52512	28	923	954	958
42364	28	33	954	958
12190	28	36	954	958
36932	28	255	954	958
6244	28	726	954	958
54321	28	437	954	958
11489	28	107	954	958
76205	28	496	954	958
49493	28	1942	954	958
20533	28	1009	954	958
23109	28	951	954	958
25603	28	647	954	958
21238	28	5770	954	958
10149	28	471	954	958
8392	28	722	954	958
33592	28	749	954	958
24989	28	5171	954	958
14534	28	1414	954	958
21858	28	1758	954	958
18970	28	411	954	958
6664	28	227	954	958
39347	28	143	954	958
89474	28	1099	954	958
40081	28	471	954	958
32195	28	154	954	958
13059	28	239	954	958
8424	28	70	954	958
103595	28	3836	954	958
34994	28	162	954	958
19862	28	458	954	958
14255	28	378	954	958
26448	28	162	954	958
138556	28	3376	954	958
20115	28	8078	954	958
26322	28	903	954	958
15324	28	3144	954	958
78285	28	1346	954	958
26173	28	752	954	958
15539	28	19	954	958
17640	28	1007	954	958
11349	28	469	954	958
16341	28	201	954	958
55455	28	1801	954	958
14269	28	292	954	958
104943	28	461	954	958
23600	28	234	954	958
8157	28	469	954	958
15420	28	220	954	958
7992	28	752	954	958
19249	28	144	954	958
36854	28	961	954	958
10612	28	180	954	958
65549	28	1213	954	958
8959	28	397	954	958
27847	28	1073	954	958
79342	28	1095	954	958
7378	28	44	954	958
91974	28	66314	954	958
32057	28	149	954	958
9423	28	88	954	958
20725	28	1340	954	958
103997	28	248	954	958
8080	28	31	954	958
25396	28	470	954	958
74670	28	1007	954	958
11666	28	203	954	958
45498	28	2152	954	958
9069	28	49	954	958
92773	23	6103	954	958
15316	28	4883	954	958
48952	28	447	954	958
28636	28	210	954	958
21528	28	219	954	958
44086	28	47	954	958
30643	28	396	954	958
33690	28	48	954	958
12030	28	42	954	958
38404	28	8074	954	958
20103	28	1704	954	958
49559	28	2955	954	958
26814	28	1416	954	958
85467	28	40569	954	958
13194	28	95	954	958
80980	28	1132	954	958
15182	28	22	954	958
36421	28	752	954	958
10831	28	509	954	958
47182	28	994	954	958
36267	28	70	954	958
15784	28	475	954	958
99936	28	70	954	958
13029	28	145	954	958
10642	28	117	954	958
43004	28	1679	954	958
62632	28	916	954	958
37273	28	691	954	958
98824	28	671	954	958
22794	28	1628	954	958
22679	28	1204	954	958
6793	28	18357	954	958
30855	28	48	954	958
16971	28	957	954	958
46547	28	1910	954	958
87872	28	1828	954	958
57596	28	142	954	958
24202	28	2806	954	958
94484	28	447	954	958
14253	28	20	954	958
16816	28	742	954	958
41837	28	327	954	958
20283	28	2766	954	958
12587	28	111	954	958
43078	28	572	954	958
30968	28	3118	954	958
16228	28	331	954	958
40726	28	936	954	958
29098	28	37	954	958
88618	28	2033	954	958
86157	28	1399	954	958
5716	28	38	954	958
24332	23	147976	954	958
38506	28	1258	954	958
6986	28	1653	954	958
16671	28	615	954	958
23646	28	1264	954	958
17394	28	51	954	958
11721	28	234	954	958
13315	28	476	954	958
26147	28	673	954	958
109290	28	2872	954	958
69266	28	1024	954	958
52231	28	339	954	958
68775	28	3815	954	958
57725	28	101	954	958
51124	28	60	954	958
31470	28	47	954	958
44899	28	1206	954	958
71171	28	1960	954	958
16323	28	752	954	958
22481	28	586	954	958
28768	28	252	954	958
45777	28	27430	954	958
47827	28	498	954	958
38844	28	85	954	958
24667	28	95	954	958
46803	28	386	954	958
11984	28	103	954	958
14980	28	38	954	958
47079	28	162	954	958
40925	28	2644	954	958
78958	28	3193	954	958
5826	28	219	954	958
13365	28	1173	954	958
55546	28	2963	954	958
9926	28	1010	954	958
20992	28	1608	954	958
47342	28	268	954	958
82020	28	568	954	958
33078	28	253	954	958
8659	28	248	954	958
28542	28	1554	954	958
7485	28	43	954	958
17245	28	8414	954	958
26092	28	331	954	958
43202	28	20	954	958
9228	28	233	954	958
20234	28	50	954	958
5156	28	41	954	958
9722	28	491	954	958
37480	23	8211	954	958
8211	23	37480	954	958
6804	28	365	954	958
22716	28	47	954	958
