14366	28	533	959	960
22372	28	156	959	960
45872	28	621	959	960
19358	28	2376	959	960
46268	28	111	959	960
113548	28	2066	959	960
19263	28	1831	959	960
71828	28	5661	959	960
14739	28	548	959	960
14852	28	38	959	960
57804	28	3016	959	960
41947	28	2467	959	960
25803	28	235	959	960
10506	28	1336	959	960
22521	28	346	959	960
41563	28	2289	959	960
39919	28	744	959	960
50068	28	1025	959	960
22527	28	255	959	960
34328	28	315	959	960
16927	28	1160	959	960
25734	28	239	959	960
25735	28	114	959	960
25540	28	740	959	960
11793	28	42	959	960
25929	28	1159	959	960
30095	28	751	959	960
19616	28	48	959	960
7188	28	916	959	960
47687	28	792	959	960
19521	28	628	959	960
30030	28	1012	959	960
34558	28	1269	959	960
11589	28	4682	959	960
25820	28	211	959	960
15044	28	39	959	960
9571	28	58	959	960
61833	28	36676	959	960
76838	28	5409	959	960
34582	28	216	959	960
17173	28	974	959	960
73228	28	784	959	960
39320	28	10099	959	960
13343	28	77	959	960
11837	28	1181	959	960
15117	28	10620	959	960
26252	28	1825	959	960
16338	28	2270	959	960
7850	28	56	959	960
64538	28	931	959	960
103755	28	2527	959	960
12733	28	1294	959	960
15192	28	907	959	960
56900	28	165	959	960
70929	28	1772	959	960
30067	28	2336	959	960
26423	28	1084	959	960
19777	28	983	959	960
24754	28	313	959	960
45951	28	2105	959	960
77975	28	2227	959	960
30452	28	386	959	960
40538	28	2125	959	960
62832	28	3466	959	960
63799	28	232	959	960
61719	28	16733	959	960
16400	28	597	959	960
6487	28	51	959	960
20036	28	894	959	960
13072	28	179	959	960
26556	28	597	959	960
64952	28	797	959	960
66437	28	2226	959	960
58255	28	288	959	960
10548	28	56	959	960
6340	28	7634	959	960
5501	28	250	959	960
15341	28	815	959	960
40925	28	217	959	960
40992	28	481	959	960
54582	28	1688	959	960
17477	28	213	959	960
21793	28	72	959	960
63389	28	1182	959	960
10546	28	571	959	960
19424	28	1614	959	960
48214	28	1050	959	960
26587	28	1951	959	960
35343	28	2189	959	960
10486	28	1601	959	960
15408	28	499	959	960
26702	28	7675	959	960
78273	28	2046	959	960
6239	28	141	959	960
26228	28	81	959	960
17511	28	551	959	960
34443	28	2624	959	960
13689	28	1082	959	960
76893	28	940	959	960
19952	28	2218	959	960
19548	28	3466	959	960
15430	28	792	959	960
20275	28	192	959	960
30975	28	693	959	960
35629	28	994	959	960
30451	28	1557	959	960
15449	28	1049	959	960
16525	28	1063	959	960
52216	28	142	959	960
26966	28	927	959	960
117758	28	596	959	960
42928	28	628	959	960
31142	28	147	959	960
22861	28	625	959	960
15498	28	198	959	960
103560	28	66214	959	960
50496	28	1016	959	960
55062	28	4459	959	960
13577	28	77	959	960
75800	28	1875	959	960
14360	28	843	959	960
6284	28	339	959	960
13747	28	1421	959	960
14915	28	780	959	960
21869	28	607	959	960
61421	28	703	959	960
64884	28	797	959	960
9306	28	681	959	960
41635	28	2742	959	960
20534	28	612	959	960
74239	28	525	959	960
8197	28	4898	959	960
14661	28	65	959	960
67955	28	74	959	960
8030	28	43	959	960
75632	28	4353	959	960
17841	28	132	959	960
76781	28	3226	959	960
25067	28	2068	959	960
23475	28	3460	959	960
76212	28	6016	959	960
14382	28	43	959	960
11335	28	234	959	960
6078	28	149	959	960
20616	28	1925	959	960
17605	28	2233	959	960
8212	28	974	959	960
36322	28	2158	959	960
36326	28	217	959	960
20615	28	4080	959	960
29554	28	1084	959	960
86385	28	2199	959	960
13803	28	405	959	960
20674	28	883	959	960
12131	28	490	959	960
82840	28	3135	959	960
48458	28	171	959	960
12387	28	47	959	960
9745	28	828	959	960
49360	28	577	959	960
41944	28	815	959	960
6115	28	890	959	960
11506	28	202	959	960
16778	28	1476	959	960
17448	28	842	959	960
40887	28	2353	959	960
19172	28	1532	959	960
18608	28	1923	959	960
39142	28	855	959	960
13906	28	256	959	960
9686	28	46	959	960
23793	28	1426	959	960
14630	28	3283	959	960
31676	28	12418	959	960
54156	28	505	959	960
4755	28	451	959	960
47256	28	206	959	960
11321	28	56	959	960
27555	28	536	959	960
12451	28	462	959	960
16341	28	759	959	960
31705	28	1950	959	960
63156	28	610	959	960
12240	28	17516	959	960
8944	28	28	959	960
7990	28	139	959	960
58835	28	462	959	960
18648	28	1532	959	960
26527	28	5665	959	960
11020	28	44	959	960
14723	28	2376	959	960
11264	28	331	959	960
22563	28	216	959	960
33309	28	48927	959	960
67040	28	68308	959	960
11016	28	1047	959	960
13508	28	76	959	960
12404	28	416	959	960
50685	28	406	959	960
6070	28	234	959	960
68331	28	2132	959	960
46395	28	168	959	960
66796	28	31420	959	960
17040	28	124	959	960
21020	28	145	959	960
65840	28	2040	959	960
25396	28	2713	959	960
20980	28	1404	959	960
14517	28	265	959	960
101915	28	2105	959	960
5640	28	626	959	960
29762	28	238	959	960
65738	28	353	959	960
36508	28	1190	959	960
35654	28	1627	959	960
18138	28	1294	959	960
37022	28	388	959	960
18637	28	58	959	960
12186	28	3113	959	960
19806	28	481	959	960
18116	28	462	959	960
32074	28	118	959	960
57585	28	1155	959	960
45159	28	797	959	960
58860	28	1294	959	960
39521	28	998	959	960
91792	28	533	959	960
15594	28	63	959	960
26573	28	39	959	960
9634	28	110	959	960
22488	28	572	959	960
106057	28	752	959	960
43922	28	8437	959	960
17658	28	1544	959	960
13092	28	1213	959	960
6411	28	136	959	960
39868	28	4726	959	960
66109	28	2806	959	960
13201	28	61	959	960
50577	28	2338	959	960
57008	28	610	959	960
24118	28	53	959	960
65646	28	3027	959	960
87177	28	565	959	960
9153	28	280	959	960
98944	28	3848	959	960
26651	28	1286	959	960
8685	28	23	959	960
46853	28	2426	959	960
76970	28	2418	959	960
40724	28	2014	959	960
34813	28	587	959	960
88267	28	3016	959	960
18198	28	1099	959	960
21210	28	2228	959	960
12218	28	332	959	960
8080	28	56	959	960
12049	28	720	959	960
53716	28	95	959	960
15549	28	580	959	960
14725	28	536	959	960
13784	28	446	959	960
17028	28	481	959	960
58143	28	2172	959	960
12811	28	592	959	960
84581	28	232	959	960
18235	28	462	959	960
25927	28	321	959	960
23781	28	70	959	960
14735	28	706	959	960
53921	28	593	959	960
106503	28	30811	959	960
27050	28	676	959	960
10730	28	478	959	960
9687	28	22	959	960
47397	28	2735	959	960
15624	28	65	959	960
23535	28	529	959	960
18258	28	719	959	960
29795	28	1319	959	960
17285	28	79	959	960
54321	28	1598	959	960
41211	28	4549	959	960
22950	28	1120	959	960
8256	28	2639	959	960
7617	28	160	959	960
11618	28	4548	959	960
25415	28	792	959	960
9050	28	465	959	960
11808	28	3925	959	960
59204	28	105	959	960
28477	28	456	959	960
26631	28	22	959	960
12516	28	1476	959	960
9950	28	118	959	960
26177	28	1024	959	960
29081	28	3195	959	960
27568	28	974	959	960
21428	28	508	959	960
56760	28	1171	959	960
17145	28	1907	959	960
10471	28	1237	959	960
14689	28	9509	959	960
6995	28	404	959	960
18151	28	603	959	960
92488	28	1144	959	960
101618	28	881	959	960
13603	28	1666	959	960
68905	28	1712	959	960
63752	28	926	959	960
11615	28	334	959	960
24497	28	30	959	960
58323	28	2772	959	960
5717	28	111	959	960
40055	28	666	959	960
82672	28	3700	959	960
32941	28	23	959	960
22988	28	3982	959	960
13331	28	346	959	960
7097	28	669	959	960
33720	28	1822	959	960
32970	28	2880	959	960
8336	28	1416	959	960
101407	28	6380	959	960
11004	28	24	959	960
9286	28	527	959	960
26005	28	1088	959	960
35661	28	2113	959	960
9389	28	1910	959	960
48017	28	2158	959	960
14318	28	292	959	960
34117	28	1431	959	960
14713	28	702	959	960
7439	28	965	959	960
4061	28	107	959	960
121795	28	28858	959	960
58900	28	2571	959	960
14997	28	2426	959	960
5138	28	744	959	960
43854	28	219	959	960
99143	28	3761	959	960
24507	28	156	959	960
10890	28	269	959	960
80284	28	1535	959	960
21709	28	1283	959	960
65786	28	1060	959	960
9600	28	307	959	960
17360	28	732	959	960
13337	28	499	959	960
9176	28	1596	959	960
12926	28	1099	959	960
5367	28	85	959	960
20864	28	1595	959	960
12271	28	88	959	960
47320	28	2897	959	960
107500	28	1618	959	960
85491	28	5432	959	960
10626	28	1155	959	960
17690	28	155	959	960
70722	28	796	959	960
15173	28	248	959	960
21114	28	2338	959	960
107606	28	1370	959	960
5382	28	263	959	960
27387	28	1293	959	960
54235	28	6708	959	960
17537	28	74	959	960
25510	28	1932	959	960
14310	28	283	959	960
27060	28	1149	959	960
45081	28	3750	959	960
39528	28	257	959	960
90427	28	657	959	960
107718	28	1340	959	960
65242	28	2532	959	960
124152	28	23848	959	960
67744	28	1043	959	960
6206	28	67	959	960
9330	28	217	959	960
12877	28	3435	959	960
107768	28	1430	959	960
47163	28	612	959	960
20334	28	1013	959	960
6042	28	1071	959	960
18937	28	251	959	960
88869	28	1047	959	960
12609	28	1161	959	960
42983	28	2418	959	960
8371	28	794	959	960
10049	28	671	959	960
16974	28	2343	959	960
35370	28	436	959	960
19453	28	647	959	960
6275	28	506	959	960
5625	28	5669	959	960
46636	28	3039	959	960
27847	28	2051	959	960
77118	28	1165	959	960
36458	28	1269	959	960
29912	28	2062	959	960
113256	28	1934	959	960
69282	28	5363	959	960
24701	28	3688	959	960
25313	28	3632	959	960
5402	28	1050	959	960
59753	28	616	959	960
38052	28	391	959	960
7936	28	245	959	960
11635	28	3106	959	960
16207	28	904	959	960
7689	28	78	959	960
59764	28	4387	959	960
30536	28	1606	959	960
6931	28	114	959	960
67374	28	1533	959	960
20490	28	1606	959	960
36029	28	6459	959	960
14173	28	1506	959	960
10090	28	2644	959	960
8452	28	1526	959	960
8043	28	31	959	960
8231	28	142	959	960
16068	28	486	959	960
17731	28	552	959	960
5641	28	110	959	960
32959	28	871	959	960
41987	28	54	959	960
80154	28	1078	959	960
9422	28	144	959	960
12582	28	234	959	960
67245	28	713	959	960
13864	28	829	959	960
10507	28	44	959	960
12364	28	565	959	960
45981	28	1527	959	960
20542	28	401	959	960
7929	28	529	959	960
18506	28	897	959	960
10873	28	702	959	960
21668	28	1830	959	960
102676	28	1760	959	960
19307	28	2338	959	960
54457	28	2576	959	960
36627	28	185	959	960
24784	28	1948	959	960
143995	28	1541	959	960
6871	28	78	959	960
40214	28	193	959	960
37456	28	167	959	960
16855	28	3135	959	960
124877	28	13435	959	960
30357	28	1084	959	960
102929	28	3645	959	960
9706	28	2148	959	960
9669	28	42	959	960
10989	28	1571	959	960
52403	28	713	959	960
144103	28	25924	959	960
18218	28	2003	959	960
15750	28	368	959	960
16854	28	124	959	960
37388	28	360	959	960
10273	28	123	959	960
99365	28	1356	959	960
82366	28	355	959	960
122592	28	1134	959	960
22444	28	3564	959	960
28514	28	191	959	960
59395	28	3658	959	960
24449	28	71	959	960
69635	28	45408	959	960
91974	28	13881	959	960
9256	28	529	959	960
13924	28	91	959	960
59913	28	1407	959	960
108456	28	345	959	960
112632	28	1981	959	960
22542	28	996	959	960
60861	28	9261	959	960
12367	28	2103	959	960
59828	28	1758	959	960
25347	28	805	959	960
10096	28	332	959	960
18499	28	1229	959	960
14888	28	67	959	960
22645	28	2105	959	960
93337	28	13780	959	960
144526	28	2519	959	960
41491	28	1075	959	960
27765	28	36916	959	960
54991	28	742	959	960
32150	28	5755	959	960
9384	28	100	959	960
15300	28	615	959	960
5620	28	252	959	960
48991	28	1153	959	960
23664	28	304	959	960
17364	28	1412	959	960
7627	28	222	959	960
12626	28	463	959	960
4981	28	551	959	960
87859	28	899	959	960
10515	28	1421	959	960
24660	28	36	959	960
12390	28	743	959	960
22244	28	288	959	960
24569	28	676	959	960
9676	28	1740	959	960
106971	28	38010	959	960
107011	28	9000	959	960
67886	28	3325	959	960
64085	28	144	959	960
12269	28	1332	959	960
21125	28	195	959	960
17813	28	1131	959	960
59658	28	1699	959	960
9800	28	378	959	960
11898	28	759	959	960
26670	28	369	959	960
8274	28	332	959	960
13339	28	1112	959	960
17640	28	740	959	960
18331	28	659	959	960
21442	28	13957	959	960
20227	28	3456	959	960
61984	28	2242	959	960
74098	28	180	959	960
8118	28	55	959	960
24663	28	313	959	960
60937	28	30093	959	960
18615	28	504	959	960
57347	28	474	959	960
19713	28	240	959	960
11735	28	1279	959	960
12258	28	155	959	960
27697	28	550	959	960
21913	28	2283	959	960
25459	28	267	959	960
18690	28	3799	959	960
8214	28	61	959	960
17250	28	669	959	960
58022	28	19966	959	960
23900	28	3282	959	960
19524	28	411	959	960
15199	28	24	959	960
61301	28	2992	959	960
32399	28	4078	959	960
25382	28	24	959	960
15635	28	1541	959	960
23030	28	732	959	960
67592	28	252	959	960
4439	28	110	959	960
10067	28	3762	959	960
20853	28	659	959	960
21418	28	1150	959	960
10482	28	56	959	960
68504	28	2023	959	960
20435	28	366	959	960
21255	28	837	959	960
17844	28	199	959	960
20266	28	92949	959	960
56217	28	707	959	960
55661	28	4678	959	960
9319	28	570	959	960
12562	28	743	959	960
9484	28	2539	959	960
29171	28	1218	959	960
22025	28	41627	959	960
9604	28	1819	959	960
20370	28	595	959	960
9103	28	310	959	960
94243	28	19984	959	960
85280	28	843	959	960
55435	28	351	959	960
11469	28	1619	959	960
71980	28	281	959	960
12152	28	122	959	960
29513	28	1074	959	960
30027	28	1134	959	960
30844	28	195	959	960
46845	28	572	959	960
51250	28	1098	959	960
27544	28	905	959	960
23253	28	1221	959	960
28975	28	1049	959	960
9851	28	617	959	960
4943	28	149	959	960
12458	28	887	959	960
19857	28	940	959	960
55242	28	5800	959	960
73090	28	1098	959	960
9771	28	330	959	960
142842	28	99	959	960
22167	28	718	959	960
30687	28	114	959	960
7848	28	304	959	960
13177	28	16	959	960
50273	28	496	959	960
44931	28	980	959	960
23001	28	171	959	960
18650	28	43434	959	960
12264	28	554	959	960
60567	28	2109	959	960
69830	28	8436	959	960
10540	28	23624	959	960
16604	28	748	959	960
57596	28	723	959	960
51245	28	1619	959	960
25101	28	496	959	960
66083	28	2023	959	960
17162	28	1945	959	960
88602	28	198	959	960
58084	28	1074	959	960
12021	28	48	959	960
23070	28	1971	959	960
71199	28	1446	959	960
45658	28	333	959	960
57068	28	1403	959	960
7078	28	1938	959	960
17266	28	73	959	960
6975	28	214	959	960
24082	28	439	959	960
7640	28	616	959	960
10935	28	1238	959	960
105576	28	17519	959	960
72981	28	365	959	960
54127	28	378	959	960
10333	28	662	959	960
66514	28	1606	959	960
39350	28	2289	959	960
19249	28	191	959	960
61143	28	1232	959	960
11080	28	5661	959	960
37479	28	114	959	960
6205	28	1819	959	960
43580	28	981	959	960
31360	28	1359	959	960
39463	28	402	959	960
9973	28	2623	959	960
72125	28	44192	959	960
77072	28	2488	959	960
105363	28	703	959	960
8104	28	571	959	960
92828	28	2991	959	960
36356	28	236	959	960
24488	28	22569	959	960
14155	28	1325	959	960
37855	28	2682	959	960
79413	28	2218	959	960
29772	28	2763	959	960
13824	28	842	959	960
28047	28	27	959	960
6863	28	2553	959	960
16216	28	211	959	960
13303	28	280	959	960
58939	28	14648	959	960
100953	28	1860	959	960
60051	28	1367	959	960
7966	28	423	959	960
43209	28	344	959	960
24740	28	1292	959	960
46431	28	449	959	960
38178	28	1067	959	960
7489	28	58	959	960
75715	28	17558	959	960
7553	28	186	959	960
44187	28	489	959	960
67933	28	1196	959	960
8486	28	401	959	960
17664	28	368	959	960
51276	28	899	959	960
23291	28	528	959	960
57017	28	1919	959	960
82944	28	2353	959	960
30265	28	819	959	960
44905	28	3811	959	960
35790	28	100	959	960
59460	28	1132	959	960
25149	28	1027	959	960
14519	28	673	959	960
10984	28	102	959	960
70063	28	40	959	960
11039	28	1063	959	960
31594	28	1330	959	960
78217	28	2672	959	960
6638	28	257	959	960
9346	28	255	959	960
12691	28	170	959	960
96354	28	55263	959	960
11081	28	211	959	960
24574	28	1027	959	960
28392	28	3385	959	960
63864	28	22734	959	960
51177	28	1733	959	960
11514	28	979	959	960
14962	28	185	959	960
67788	28	2583	959	960
4034	28	100	959	960
17006	28	37	959	960
13531	28	235	959	960
21834	28	112	959	960
23202	28	979	959	960
35823	28	368	959	960
35427	28	292	959	960
21076	28	1151	959	960
72349	28	1111	959	960
59483	28	565	959	960
12673	28	465	959	960
6147	28	502	959	960
28474	28	2893	959	960
15764	28	179	959	960
56999	28	2058	959	960
35798	28	1691	959	960
16182	28	1960	959	960
27235	28	1822	959	960
53767	28	760	959	960
109779	28	2456	959	960
19587	28	20	959	960
21108	28	420	959	960
42170	28	123	959	960
19823	28	462	959	960
8782	28	570	959	960
28303	28	2430	959	960
68042	28	2503	959	960
22967	28	111	959	960
10028	28	498	959	960
46618	28	1084	959	960
17605	28	38889	959	960
33097	28	105	959	960
51423	28	3868	959	960
47542	28	2545	959	960
92199	28	3109	959	960
7191	28	975	959	960
110012	28	605	959	960
11229	28	1116	959	960
10025	28	622	959	960
19479	28	1190	959	960
36754	28	2072	959	960
9462	28	732	959	960
18746	28	740	959	960
42902	28	2766	959	960
9061	28	290	959	960
15691	28	594	959	960
13758	28	1268	959	960
28708	28	1780	959	960
8224	28	1169	959	960
51468	28	1948	959	960
21179	28	2093	959	960
53170	28	395	959	960
14652	28	6909	959	960
10841	28	719	959	960
11251	28	797	959	960
39078	28	1097	959	960
103171	28	4032	959	960
31334	28	964	959	960
11573	28	401	959	960
17907	28	498	959	960
54505	28	1653	959	960
21335	28	36	959	960
28103	28	429	959	960
8973	28	4752	959	960
15324	28	783	959	960
5689	28	404	959	960
67111	28	2336	959	960
44415	28	1871	959	960
79976	28	3869	959	960
15156	28	482	959	960
5470	28	91	959	960
15619	28	490	959	960
69513	28	1568	959	960
7265	28	529	959	960
96211	28	5855	959	960
53831	28	8436	959	960
19684	28	1755	959	960
57842	28	321	959	960
17952	28	995	959	960
63799	28	570	959	960
10748	28	23651	959	960
39397	28	404	959	960
57753	28	1476	959	960
30659	28	883	959	960
33465	28	1740	959	960
26843	28	19716	959	960
7711	28	855	959	960
5826	28	971	959	960
21088	28	7530	959	960
26348	28	2527	959	960
10782	28	533	959	960
23574	28	1095	959	960
12779	28	388	959	960
7811	28	620	959	960
110281	28	4113	959	960
5588	28	41	959	960
25238	28	1375	959	960
12091	28	58	959	960
4428	28	318	959	960
38237	28	470	959	960
21438	28	88	959	960
5435	28	539	959	960
32845	28	609	959	960
6535	28	941	959	960
10852	28	2772	959	960
37577	28	1190	959	960
45608	28	263	959	960
10930	28	994	959	960
93986	28	168	959	960
6487	28	63	959	960
46698	28	377	959	960
5902	28	836	959	960
17048	28	511	959	960
25156	28	901	959	960
25753	28	805	959	960
19778	28	1074	959	960
42964	28	1151	959	960
11959	28	247	959	960
11349	28	325	959	960
26774	28	2857	959	960
31435	28	5351	959	960
45957	28	565	959	960
11355	28	1919	959	960
17728	28	16	959	960
16941	28	9453	959	960
8099	28	461	959	960
51643	28	1270	959	960
24846	28	872	959	960
17585	28	24	959	960
60012	28	1644	959	960
20503	28	911	959	960
33608	28	720	959	960
19013	28	73	959	960
36575	28	2096	959	960
14804	28	1222	959	960
28761	28	3109	959	960
39879	28	1228	959	960
32371	28	56352	959	960
27860	28	1025	959	960
39645	28	4613	959	960
25642	28	422	959	960
16246	28	1651	959	960
17497	28	19	959	960
92053	28	433	959	960
8329	28	50	959	960
25323	28	499	959	960
7785	28	560	959	960
21057	28	498	959	960
16849	28	57	959	960
17335	28	1544	959	960
16977	28	546	959	960
65919	28	797	959	960
7496	28	1389	959	960
22557	28	478	959	960
8123	28	1158	959	960
6791	28	120	959	960
124725	28	2004	959	960
68320	28	4541	959	960
38539	28	515	959	960
20055	28	441	959	960
52216	28	72	959	960
9478	28	672	959	960
18428	28	215	959	960
13156	28	555	959	960
74596	28	2457	959	960
7884	28	478	959	960
15563	28	842	959	960
74327	28	1971	959	960
15120	28	2897	959	960
91837	28	484	959	960
19388	28	581	959	960
51691	28	290	959	960
59996	28	1099	959	960
52998	28	3544	959	960
8727	28	1819	959	960
15476	28	416	959	960
18254	28	1446	959	960
18241	28	1619	959	960
64736	28	1822	959	960
19619	28	153	959	960
17174	28	1335	959	960
10927	28	304	959	960
116970	28	1181	959	960
67217	28	1793	959	960
12505	28	33	959	960
24491	28	670	959	960
80034	28	1703	959	960
14286	28	1698	959	960
46127	28	1855	959	960
28130	28	750	959	960
36708	28	48	959	960
8053	28	1190	959	960
12383	28	2672	959	960
12708	28	55	959	960
15540	28	1173	959	960
13913	28	282	959	960
33140	28	742	959	960
18027	28	10834	959	960
55896	28	2621	959	960
18613	28	1096	959	960
74070	28	1762	959	960
40972	28	252	959	960
5929	28	855	959	960
12442	28	332	959	960
52423	28	179	959	960
8935	28	1049	959	960
24974	28	3373	959	960
18424	28	1619	959	960
13079	28	1368	959	960
6403	28	2062	959	960
65129	28	3425	959	960
32850	28	883	959	960
60866	28	4560	959	960
30457	28	416	959	960
40853	28	1688	959	960
12587	28	110	959	960
33249	28	1296	959	960
7141	28	1519	959	960
12371	28	528	959	960
42101	28	14823	959	960
85439	28	752	959	960
22367	28	2835	959	960
38612	28	1296	959	960
11772	28	1915	959	960
23775	28	718	959	960
9934	28	3886	959	960
94125	28	912	959	960
7160	28	8437	959	960
8979	28	112	959	960
14579	28	1060	959	960
11490	28	634	959	960
33257	28	325	959	960
26673	28	4080	959	960
28584	28	2214	959	960
64573	28	679	959	960
34730	28	1356	959	960
68878	28	774	959	960
20479	28	160	959	960
49972	28	1592	959	960
18389	28	4942	959	960
16648	28	230	959	960
19482	28	37	959	960
5389	28	1069	959	960
7120	28	717	959	960
26025	28	1589	959	960
35454	28	1074	959	960
10555	28	752	959	960
16020	28	101	959	960
7431	28	498	959	960
30951	28	12484	959	960
10261	28	3842	959	960
13611	28	1312	959	960
7919	28	215	959	960
17378	28	5761	959	960
36775	28	1652	959	960
21025	28	499	959	960
15921	28	841	959	960
11061	28	621	959	960
18698	28	160	959	960
51843	28	9000	959	960
66181	28	17954	959	960
28564	28	15006	959	960
18203	28	334	959	960
7568	28	255	959	960
12608	28	452	959	960
44179	28	1159	959	960
92400	28	715	959	960
65851	28	2414	959	960
6205	28	3456	959	960
70578	28	1370	959	960
19631	28	465	959	960
17664	28	818	959	960
48957	28	1666	959	960
20762	28	331	959	960
15273	28	4613	959	960
18482	28	1145	959	960
8121	28	744	959	960
9601	28	1410	959	960
9850	28	23	959	960
8542	28	744	959	960
38415	28	6053	959	960
59165	28	79264	959	960
21098	28	139	959	960
8808	28	38	959	960
63156	28	34282	959	960
102160	28	275	959	960
10474	28	44	959	960
59825	28	2545	959	960
24677	28	1866	959	960
24215	28	83	959	960
24301	28	2887	959	960
59537	28	976	959	960
68072	28	1083	959	960
63148	28	926	959	960
5384	28	1762	959	960
20210	28	2763	959	960
12754	28	3728	959	960
54466	28	3132	959	960
10084	28	498	959	960
28672	28	603	959	960
80936	28	441	959	960
15723	28	490	959	960
8054	28	63	959	960
14582	28	120	959	960
121163	28	6818	959	960
12704	28	61	959	960
11035	28	1541	959	960
8359	28	1006	959	960
129110	28	37	959	960
25316	28	435	959	960
4884	28	1237	959	960
32300	28	2577	959	960
15238	28	415	959	960
16870	28	1074	959	960
8643	28	147	959	960
8468	28	331	959	960
10094	28	1392	959	960
6389	28	363	959	960
26765	28	2018	959	960
10374	28	416	959	960
82243	28	560	959	960
24639	28	1027	959	960
9108	28	560	959	960
19030	28	1016	959	960
25311	28	979	959	960
19331	28	134	959	960
81600	28	3132	959	960
26674	28	1757	959	960
34759	28	1394	959	960
8324	28	1013	959	960
58969	28	2660	959	960
71083	28	1765	959	960
7516	28	36	959	960
6116	28	558	959	960
17950	28	3979	959	960
32063	28	387	959	960
71702	28	597	959	960
11303	28	161	959	960
63390	28	17833	959	960
7366	28	478	959	960
20470	28	1015	959	960
6277	28	47	959	960
64393	28	333	959	960
17854	28	621	959	960
49689	28	289	959	960
29816	28	5945	959	960
5540	28	2139	959	960
32306	28	16	959	960
11346	28	787	959	960
16131	28	40	959	960
61708	28	766	959	960
56169	28	3113	959	960
30774	28	2907	959	960
8751	28	719	959	960
8644	28	1213	959	960
42094	28	71	959	960
25577	28	1340	959	960
27732	28	1104	959	960
12316	28	478	959	960
7011	28	153	959	960
21450	28	92	959	960
68477	28	9927	959	960
23593	28	2343	959	960
62528	28	486	959	960
23393	28	25100	959	960
21771	28	673	959	960
25270	28	1026	959	960
32459	28	99	959	960
34631	28	224	959	960
16208	28	625	959	960
48305	28	9236	959	960
41311	28	1711	959	960
8923	28	283	959	960
69358	28	313	959	960
44418	28	1316	959	960
49998	28	888	959	960
16300	28	318	959	960
28764	28	3508	959	960
38365	28	280	959	960
63459	28	499	959	960
25563	28	263	959	960
12059	28	13435	959	960
23458	28	492	959	960
28490	28	260	959	960
66934	28	610	959	960
44805	28	2388	959	960
7147	28	411	959	960
18463	28	992	959	960
26364	28	6909	959	960
48022	28	680	959	960
35643	28	2068	959	960
36876	28	1358	959	960
19393	28	748	959	960
15594	28	815	959	960
18578	28	1213	959	960
18915	28	2068	959	960
7655	28	980	959	960
23985	28	2259	959	960
33269	28	4418	959	960
9993	28	469	959	960
59347	28	22734	959	960
27214	28	1619	959	960
5324	28	38	959	960
9735	28	69631	959	960
11071	28	766	959	960
53706	28	1910	959	960
9407	28	624	959	960
5626	28	44	959	960
12053	28	626	959	960
13644	28	2527	959	960
10817	28	254	959	960
20232	28	252	959	960
56536	28	3195	959	960
9204	28	379	959	960
39090	28	3959	959	960
16188	28	390	959	960
14176	28	794	959	960
33548	28	332	959	960
17696	28	1962	959	960
16347	28	170	959	960
22762	28	1423	959	960
36332	28	483	959	960
25620	28	770	959	960
35658	28	136	959	960
9871	28	508	959	960
20961	28	239	959	960
74065	28	836	959	960
8681	28	105	959	960
44319	28	498	959	960
26769	28	894	959	960
12430	28	6380	959	960
81090	28	1257	959	960
27542	28	811	959	960
21380	28	759	959	960
18160	28	570	959	960
19604	28	2469	959	960
74970	28	1171	959	960
25683	28	691	959	960
21834	28	1139	959	960
38930	28	1624	959	960
15738	28	719	959	960
11294	28	674	959	960
6430	28	311	959	960
45374	28	616	959	960
7208	28	525	959	960
23764	28	1035	959	960
60034	28	2087	959	960
26204	28	678	959	960
109668	28	2526	959	960
78363	28	1796	959	960
23108	28	1749	959	960
94025	28	1397	959	960
57549	28	1180	959	960
99579	28	587	959	960
9670	28	969	959	960
36765	28	633	959	960
41944	28	63	959	960
61906	28	1405	959	960
12683	28	5606	959	960
9935	28	1312	959	960
8346	28	2553	959	960
33198	28	725	959	960
16901	28	435	959	960
84097	28	10913	959	960
66920	28	5354	959	960
41890	28	7177	959	960
26349	28	240	959	960
35393	28	1148	959	960
17148	28	718	959	960
9021	28	63	959	960
18648	28	628	959	960
38858	28	465	959	960
19671	28	16092	959	960
10258	28	1609	959	960
21547	28	332	959	960
131910	28	141	959	960
35322	28	901	959	960
31403	28	2199	959	960
8686	28	550	959	960
17333	28	1762	959	960
18483	28	3761	959	960
28764	28	18706	959	960
24199	28	826	959	960
29814	28	912	959	960
112430	28	5758	959	960
8143	28	1619	959	960
15341	28	102	959	960
56569	28	1527	959	960
9787	28	925	959	960
21037	28	180	959	960
6205	28	421	959	960
13982	28	670	959	960
9728	28	2327	959	960
18501	28	469	959	960
21537	28	7313	959	960
63765	28	4274	959	960
107692	28	1576	959	960
16429	28	79	959	960
26746	28	780	959	960
15128	28	694	959	960
28513	28	6529	959	960
23356	28	1016	959	960
47681	28	693	959	960
9855	28	292	959	960
8748	28	5545	959	960
26779	28	6547	959	960
12546	28	1129	959	960
80044	28	20160	959	960
16038	28	499	959	960
76275	28	841	959	960
26705	28	85	959	960
71199	28	72	959	960
7397	28	147	959	960
17909	28	251	959	960
33697	28	143	959	960
17939	28	1499	959	960
80925	28	920	959	960
106250	28	837	959	960
86899	28	22429	959	960
67306	28	360	959	960
90279	28	2198	959	960
6215	28	147	959	960
37443	28	570	959	960
102443	28	3778	959	960
34091	28	2397	959	960
11462	28	483	959	960
26823	28	1855	959	960
93966	28	570	959	960
56717	28	905	959	960
95052	28	4268	959	960
14924	28	603	959	960
28832	28	332	959	960
33204	28	1332	959	960
37242	28	930	959	960
56359	28	2992	959	960
10088	28	1182	959	960
9319	28	273	959	960
11583	28	2085	959	960
12516	28	388	959	960
10803	28	1050	959	960
18671	28	220	959	960
7254	28	602	959	960
14337	28	311	959	960
28373	28	1084	959	960
13931	28	102	959	960
5961	28	1058	959	960
44431	28	3217	959	960
9784	28	1606	959	960
14048	28	11461	959	960
9637	28	45567	959	960
19377	28	489	959	960
14597	28	171	959	960
8028	28	238	959	960
70273	28	1023	959	960
33514	28	1639	959	960
59703	28	2772	959	960
20739	28	1095	959	960
59809	28	2366	959	960
52954	28	167	959	960
9788	28	780	959	960
8320	28	750	959	960
34366	28	1107	959	960
25249	28	46411	959	960
19746	28	1076	959	960
22729	28	2175	959	960
42803	28	1092	959	960
19542	28	120	959	960
5143	28	998	959	960
70340	28	5643	959	960
41652	28	263	959	960
20793	28	633	959	960
29102	28	266	959	960
23691	28	465	959	960
7416	28	922	959	960
83628	28	30862	959	960
31053	28	3288	959	960
12419	28	1010	959	960
7960	28	2068	959	960
11152	28	346	959	960
102267	28	5385	959	960
16892	28	1299	959	960
104954	28	1083	959	960
15596	28	44365	959	960
14822	28	2641	959	960
43476	28	1061	959	960
8776	28	713	959	960
24870	28	134	959	960
32648	28	36628	959	960
31937	28	63	959	960
18704	28	2014	959	960
53966	28	13528	959	960
81973	28	1007	959	960
4811	28	233	959	960
8338	28	1289	959	960
8619	28	786	959	960
49354	28	449	959	960
11899	28	3205	959	960
12190	28	38	959	960
10967	28	332	959	960
20946	28	1024	959	960
78252	28	8437	959	960
12851	28	370	959	960
10441	28	141	959	960
71200	28	313	959	960
8325	28	1360	959	960
83598	28	23086	959	960
54212	28	621	959	960
13193	28	565	959	960
25505	28	250	959	960
27014	28	339	959	960
10067	28	1112	959	960
44239	28	280	959	960
6385	28	6135	959	960
62686	28	3911	959	960
36745	28	4844	959	960
15148	28	288	959	960
58501	28	346	959	960
42966	28	1009	959	960
7263	28	92	959	960
59035	28	4910	959	960
13179	28	1993	959	960
80435	28	710	959	960
37849	28	282	959	960
30505	28	5279	959	960
83921	28	1907	959	960
20994	28	2735	959	960
62353	28	1008	959	960
56668	28	489	959	960
12542	28	1860	959	960
9503	28	1145	959	960
13203	28	732	959	960
12661	28	482	959	960
9799	28	152	959	960
67601	28	1712	959	960
27692	28	1074	959	960
13986	28	1169	959	960
20826	28	79	959	960
12167	28	3135	959	960
31442	28	609	959	960
14793	28	15637	959	960
8325	28	1672	959	960
18672	28	963	959	960
21000	28	420	959	960
42883	28	1192	959	960
63547	28	894	959	960
89197	28	3113	959	960
13316	28	1269	959	960
16840	28	5775	959	960
16760	28	401	959	960
51390	28	2062	959	960
52179	28	4387	959	960
106004	28	1196	959	960
56076	28	5481	959	960
77975	28	417	959	960
41865	28	83	959	960
19737	28	81	959	960
28712	28	483	959	960
63081	28	1185	959	960
16483	28	288	959	960
85189	28	2580	959	960
12138	28	15390	959	960
8581	28	673	959	960
36197	28	15637	959	960
7690	28	89	959	960
59698	28	2777	959	960
23036	28	1778	959	960
9729	28	23086	959	960
12003	28	583	959	960
12893	28	132	959	960
24687	28	5619	959	960
68532	28	1363	959	960
13023	28	44129	959	960
17170	28	134	959	960
8398	28	2458	959	960
4414	28	298	959	960
30070	28	38	959	960
13494	28	3496	959	960
21041	28	48	959	960
72485	28	2232	959	960
6688	28	105	959	960
18807	28	1879	959	960
13258	28	2693	959	960
10249	28	463	959	960
37133	28	232	959	960
67325	28	462	959	960
13591	28	4080	959	960
30956	28	616	959	960
95902	28	1868	959	960
23473	28	1214	959	960
25740	28	54	959	960
9266	28	524	959	960
15851	28	332	959	960
12044	28	5089	959	960
12043	28	33	959	960
153097	28	2485	959	960
16175	28	162	959	960
21535	28	516	959	960
14968	28	98	959	960
27577	28	46	959	960
14946	28	215	959	960
111733	28	45328	959	960
21602	28	575	959	960
9926	28	524	959	960
10239	28	3700	959	960
5555	28	66	959	960
10820	28	508	959	960
9551	28	1088	959	960
8378	28	2503	959	960
69738	28	781	959	960
30569	28	1951	959	960
33178	28	572	959	960
32874	28	219	959	960
26054	28	401	959	960
52554	28	168	959	960
63239	28	1008	959	960
4925	28	474	959	960
14146	28	649	959	960
178303	28	2234	959	960
9132	28	1830	959	960
22593	28	3564	959	960
56578	28	4400	959	960
44085	28	257	959	960
14248	28	2150	959	960
24896	28	1063	959	960
18569	28	67	959	960
20304	28	1650	959	960
45454	28	894	959	960
14168	28	66	959	960
11031	28	8988	959	960
37328	28	114	959	960
10408	28	167	959	960
36753	28	30	959	960
19219	28	2777	959	960
9317	28	1532	959	960
64004	28	4577	959	960
67255	28	2046	959	960
80755	28	44192	959	960
11564	28	30	959	960
109967	28	3926	959	960
77439	28	313	959	960
20351	28	6380	959	960
23379	28	2672	959	960
15525	28	3396	959	960
8878	28	402	959	960
11628	28	416	959	960
26100	28	38724	959	960
25804	28	140	959	960
11109	28	2175	959	960
13840	28	839	959	960
44468	28	131	959	960
16702	28	170	959	960
8472	28	40	959	960
20655	28	1725	959	960
20126	28	744	959	960
8772	28	42	959	960
6196	28	47	959	960
12386	28	135	959	960
44734	28	307	959	960
109307	28	725	959	960
15093	28	1264	959	960
15687	28	346	959	960
5847	28	1725	959	960
15284	28	85	959	960
29300	28	514	959	960
17937	28	11558	959	960
26214	28	840	959	960
15870	28	1375	959	960
8314	28	239	959	960
25759	28	54	959	960
17274	28	1651	959	960
20651	28	1978	959	960
20942	28	1413	959	960
45873	28	919	959	960
11879	28	691	959	960
9005	28	267	959	960
21103	28	720	959	960
4601	28	219	959	960
26774	28	230	959	960
12097	28	2140	959	960
51054	28	1923	959	960
38422	28	3414	959	960
18977	28	669	959	960
39540	28	496	959	960
29215	28	6560	959	960
27261	28	2639	959	960
45517	28	515	959	960
25760	28	6380	959	960
16614	28	1210	959	960
13088	28	315	959	960
15471	28	1589	959	960
3874	28	78	959	960
22203	28	670	959	960
21015	28	1413	959	960
14990	28	153	959	960
8679	28	555	959	960
18833	28	32	959	960
78267	28	2398	959	960
85112	28	2326	959	960
28005	28	1980	959	960
91228	28	1169	959	960
12686	28	72	959	960
36366	28	2414	959	960
67319	28	46411	959	960
31719	28	508	959	960
24607	28	666	959	960
12362	28	265	959	960
33135	28	245	959	960
19526	28	597	959	960
6977	28	321	959	960
11475	28	852	959	960
11220	28	250	959	960
15447	28	1860	959	960
11090	28	2571	959	960
65996	28	71	959	960
121459	28	34133	959	960
6797	28	254	959	960
25900	28	960	959	960
18399	28	117	959	960
45496	28	1407	959	960
20479	28	2663	959	960
15156	28	70	959	960
18005	28	162	959	960
80901	28	1532	959	960
21564	28	1664	959	960
88797	28	797	959	960
20682	28	927	959	960
52680	28	104	959	960
21259	28	1409	959	960
23646	28	1239	959	960
45347	28	1330	959	960
17645	28	1397	959	960
55167	28	41034	959	960
36026	28	4883	959	960
93486	28	1942	959	960
65628	28	492	959	960
16237	28	134	959	960
135508	28	76	959	960
27129	28	2709	959	960
63642	28	967	959	960
14515	28	2147	959	960
23119	28	2903	959	960
11576	28	1112	959	960
16010	28	185	959	960
11728	28	1073	959	960
23172	28	213	959	960
18628	28	1317	959	960
32895	28	378	959	960
12976	28	753	959	960
32352	28	570	959	960
55775	28	333	959	960
49787	28	1091	959	960
15144	28	570	959	960
29223	28	1557	959	960
16245	28	253	959	960
23613	28	386	959	960
36004	28	195	959	960
79044	28	5853	959	960
42758	28	2027	959	960
20716	28	432	959	960
109558	28	141	959	960
16127	28	267	959	960
13159	28	1492	959	960
4995	28	3213	959	960
5294	28	72	959	960
6683	28	478	959	960
80624	28	44948	959	960
8429	28	50	959	960
8782	28	83	959	960
75417	28	83	959	960
18511	28	8397	959	960
14852	28	815	959	960
36051	28	518	959	960
25412	28	131	959	960
38295	28	134	959	960
65191	28	1628	959	960
6243	28	27	959	960
20452	28	5502	959	960
11507	28	404	959	960
11233	28	263	959	960
5592	28	723	959	960
12347	28	431	959	960
25782	28	13528	959	960
26977	28	1652	959	960
4334	28	215	959	960
11350	28	482	959	960
53691	28	307	959	960
71564	28	3593	959	960
28878	28	1813	959	960
10724	28	217	959	960
28362	28	1265	959	960
81837	28	4157	959	960
23790	28	571	959	960
80330	28	18963	959	960
37672	28	44	959	960
67472	28	2218	959	960
10146	28	1650	959	960
40077	28	211	959	960
30260	28	1882	959	960
9538	28	66	959	960
71054	28	7612	959	960
74982	28	2517	959	960
9860	28	3492	959	960
43374	28	277	959	960
44155	28	3174	959	960
61864	28	2085	959	960
42520	28	1423	959	960
73505	28	1044	959	960
69303	28	818	959	960
24033	28	536	959	960
48632	28	530	959	960
10848	28	1640	959	960
51605	28	908	959	960
18259	28	202	959	960
10775	28	114	959	960
21084	28	883	959	960
31734	28	131	959	960
44682	28	703	959	960
21458	28	216	959	960
106411	28	1012	959	960
5806	28	532	959	960
15426	28	22429	959	960
15250	28	841	959	960
23812	28	147	959	960
7197	28	1665	959	960
9836	28	234	959	960
9125	28	401	959	960
24381	28	1325	959	960
4526	28	511	959	960
10844	28	42	959	960
20862	28	912	959	960
12060	28	42	959	960
26886	28	2701	959	960
38485	28	1383	959	960
79105	28	565	959	960
87583	28	1152	959	960
80636	28	241	959	960
15274	28	129	959	960
6314	28	490	959	960
7081	28	670	959	960
110640	28	1408	959	960
8916	28	1507	959	960
27767	28	2601	959	960
30354	28	675	959	960
41509	28	1563	959	960
54654	28	1159	959	960
29720	28	1412	959	960
23159	28	498	959	960
33013	28	1397	959	960
6474	28	408	959	960
19315	28	1077	959	960
92350	28	30058	959	960
62542	28	9876	959	960
14566	28	891	959	960
44329	28	33413	959	960
17467	28	1294	959	960
12354	28	149	959	960
12680	28	265	959	960
26651	28	1112	959	960
32621	28	6135	959	960
23571	28	609	959	960
15109	28	914	959	960
8526	28	73	959	960
20440	28	965	959	960
30681	28	2218	959	960
111875	16	20386	959	960
66344	28	1172	959	960
29506	28	1945	959	960
8237	28	550	959	960
44611	28	427	959	960
17635	28	2022	959	960
7037	28	1190	959	960
57861	28	1609	959	960
24084	28	222	959	960
32139	28	345	959	960
79019	28	1643	959	960
35530	28	3959	959	960
16104	28	3135	959	960
51569	28	140	959	960
20103	28	956	959	960
11161	28	3982	959	960
37920	28	1161	959	960
37953	28	345	959	960
15913	28	696	959	960
12142	28	3299	959	960
60364	28	394	959	960
82312	28	321	959	960
8191	28	2806	959	960
11890	28	758	959	960
53262	28	2719	959	960
38582	28	18363	959	960
15674	28	70	959	960
10124	28	146	959	960
21599	28	1060	959	960
28366	28	195	959	960
19041	28	649	959	960
56919	28	1002	959	960
47813	28	2053	959	960
107138	28	430	959	960
12181	28	431	959	960
62021	28	3195	959	960
35188	28	286	959	960
8034	28	710	959	960
41038	28	211	959	960
92991	28	1210	959	960
19143	28	31	959	960
17725	28	408	959	960
6954	28	1334	959	960
60060	28	2593	959	960
60004	28	587	959	960
19563	28	1305	959	960
11010	28	1306	959	960
24483	28	780	959	960
25469	28	37	959	960
111086	28	742	959	960
58061	28	983	959	960
44193	28	3251	959	960
152331	28	3987	959	960
7918	28	591	959	960
69310	28	704	959	960
19025	28	5931	959	960
49092	28	260	959	960
47525	28	5123	959	960
12840	28	83	959	960
44674	28	230	959	960
10949	28	371	959	960
18588	28	580	959	960
9703	28	215	959	960
11047	28	1767	959	960
17416	28	996	959	960
46458	28	1210	959	960
59313	28	217	959	960
21120	28	760	959	960
52115	28	13435	959	960
14411	28	32	959	960
19752	28	343	959	960
14529	28	793	959	960
60430	28	12801	959	960
24630	28	527	959	960
5965	28	19408	959	960
59216	28	4277	959	960
16269	28	501	959	960
46203	28	2795	959	960
82043	28	919	959	960
10929	28	770	959	960
45486	28	57280	959	960
15562	28	55	959	960
111161	28	4756	959	960
13283	28	1097	959	960
71567	28	370	959	960
36980	28	313	959	960
8613	28	1131	959	960
10759	28	1142	959	960
20841	28	10777	959	960
126988	28	1741	959	960
61505	28	1081	959	960
70252	28	1860	959	960
43356	28	63	959	960
11360	28	181	959	960
9150	28	77	959	960
15758	28	568	959	960
64240	28	536	959	960
6614	28	465	959	960
24102	28	486	959	960
15833	28	778	959	960
54004	28	427	959	960
12645	28	233	959	960
14564	28	719	959	960
82170	28	1708	959	960
45306	28	3184	959	960
65321	28	681	959	960
47865	28	11965	959	960
28828	28	1060	959	960
80949	28	205	959	960
23832	28	416	959	960
10467	28	332	959	960
12931	28	1073	959	960
12771	28	2397	959	960
59093	28	1230	959	960
39216	28	532	959	960
8002	28	717	959	960
94879	28	905	959	960
64031	28	70070	959	960
27265	28	528	959	960
20982	28	278	959	960
11008	28	160	959	960
87872	28	3153	959	960
20462	28	1556	959	960
19529	28	449	959	960
24920	28	57	959	960
25903	28	710	959	960
16726	28	109	959	960
16841	28	1292	959	960
37014	28	3621	959	960
10112	28	86	959	960
59475	28	2218	959	960
20594	28	486	959	960
16891	28	752	959	960
10673	28	696	959	960
29934	28	573	959	960
31700	28	8124	959	960
97823	28	5800	959	960
140595	28	1468	959	960
20509	28	477	959	960
13971	28	637	959	960
43390	28	98425	959	960
60693	28	1499	959	960
14425	28	911	959	960
14353	28	321	959	960
24664	28	294	959	960
23173	28	1460	959	960
13603	28	8554	959	960
29341	28	241	959	960
33282	28	48	959	960
20320	28	65	959	960
26695	28	536	959	960
108578	28	781	959	960
7720	28	927	959	960
33478	28	1614	959	960
8424	28	759	959	960
21918	28	2719	959	960
21414	28	1446	959	960
22252	28	1145	959	960
15190	28	257	959	960
108475	28	1561	959	960
81933	28	1492	959	960
71606	28	1948	959	960
37659	28	1084	959	960
16628	28	1201	959	960
15087	28	533	959	960
7476	28	401	959	960
58416	28	3911	959	960
20776	28	634	959	960
22885	28	2117	959	960
28838	28	2323	959	960
27167	28	2199	959	960
92019	28	409	959	960
12233	28	82	959	960
33205	28	141	959	960
16037	28	191	959	960
69758	28	616	959	960
47996	28	120	959	960
10702	28	3074	959	960
5054	28	980	959	960
5434	28	253	959	960
20718	28	2003	959	960
38183	28	3987	959	960
46733	28	725	959	960
42549	28	649	959	960
19005	28	565	959	960
72169	28	28858	959	960
73687	28	3848	959	960
45111	28	199	959	960
29390	28	927	959	960
69796	28	288	959	960
71792	28	1030	959	960
48890	28	250	959	960
30268	28	2172	959	960
68246	28	57771	959	960
101347	28	3132	959	960
7912	28	198	959	960
42702	28	1764	959	960
8380	28	451	959	960
23177	28	5745	959	960
23026	28	185	959	960
21152	28	496	959	960
18408	28	154	959	960
14726	28	462	959	960
94395	28	18272	959	960
14209	28	718	959	960
15628	28	195	959	960
16226	28	5931	959	960
11292	28	147	959	960
14931	28	1332	959	960
28836	28	2024	959	960
4768	28	88	959	960
47430	28	723	959	960
92644	28	51919	959	960
80901	28	2242	959	960
14497	28	43	959	960
15684	28	693	959	960
66977	28	960	959	960
13985	28	744	959	960
47259	28	974	959	960
14170	28	1078	959	960
80027	28	1698	959	960
13839	28	2772	959	960
23522	28	3728	959	960
23161	28	123	959	960
12565	28	469	959	960
27000	28	2327	959	960
79283	28	2179	959	960
42979	28	8078	959	960
49275	28	3869	959	960
82117	28	759	959	960
51566	28	3416	959	960
9208	28	2152	959	960
11789	28	3047	959	960
6002	28	53	959	960
54387	28	502	959	960
27049	28	1907	959	960
6986	28	617	959	960
25772	28	13020	959	960
9007	28	433	959	960
20140	28	1049	959	960
21353	28	1081	959	960
4708	28	793	959	960
19584	28	60	959	960
9793	28	150	959	960
16899	28	360	959	960
11768	28	210	959	960
21442	28	1742	959	960
35724	28	4246	959	960
27648	28	450	959	960
97259	28	2745	959	960
43419	28	2768	959	960
12191	28	706	959	960
39421	28	805	959	960
23784	28	451	959	960
19841	28	956	959	960
11509	28	666	959	960
36867	28	1218	959	960
75361	28	3761	959	960
24913	28	1405	959	960
10328	28	263	959	960
78278	28	1410	959	960
117902	28	439	959	960
16068	28	1294	959	960
25209	28	612	959	960
13512	28	1808	959	960
18471	28	574	959	960
29309	28	994	959	960
15956	28	974	959	960
38367	28	365	959	960
63516	28	1213	959	960
17282	28	1581	959	960
6697	28	956	959	960
31568	28	5476	959	960
6689	28	101	959	960
12213	28	2289	959	960
59000	28	3385	959	960
70361	28	1245	959	960
84511	28	2807	959	960
61708	28	320	959	960
5477	28	415	959	960
68886	28	5755	959	960
37238	28	1523	959	960
38003	28	875	959	960
62801	28	1146	959	960
51603	28	459	959	960
9386	28	536	959	960
58670	28	694	959	960
12737	28	483	959	960
19306	28	328	959	960
11279	28	427	959	960
21989	28	2282	959	960
27152	28	1232	959	960
59894	28	5385	959	960
26457	28	627	959	960
7571	28	451	959	960
10813	28	1676	959	960
23025	28	469	959	960
17352	28	1895	959	960
34176	28	1964	959	960
9399	28	377	959	960
26573	28	77	959	960
30290	28	114	959	960
18593	28	1959	959	960
9606	28	332	959	960
5069	28	107	959	960
35994	28	482	959	960
61572	28	2859	959	960
12100	28	85	959	960
20337	28	828	959	960
12381	28	642	959	960
46693	28	1728	959	960
9822	28	104	959	960
94890	28	4614	959	960
83947	28	2154	959	960
52338	28	132	959	960
69622	28	83	959	960
82830	28	1576	959	960
4808	28	2763	959	960
28691	28	3195	959	960
11171	28	1134	959	960
38257	28	231	959	960
90337	28	1753	959	960
36733	28	1976	959	960
6214	28	2763	959	960
30455	28	708	959	960
62974	28	133	959	960
59842	28	1146	959	960
51438	28	13975	959	960
9439	28	1330	959	960
27875	28	759	959	960
15474	28	13107	959	960
47604	28	1822	959	960
21849	28	60	959	960
12705	28	1258	959	960
7462	28	2959	959	960
7868	28	1830	959	960
16102	28	2098	959	960
14826	28	3058	959	960
58073	28	1635	959	960
27553	28	819	959	960
14192	28	632	959	960
15812	28	4078	959	960
72663	28	2348	959	960
18392	28	253	959	960
93407	28	1163	959	960
60406	28	5363	959	960
70635	28	1070	959	960
25691	28	7794	959	960
64310	28	1618	959	960
127236	28	2976	959	960
7060	28	78	959	960
24998	28	71	959	960
27617	28	1796	959	960
6146	28	732	959	960
54438	28	8866	959	960
16295	28	4910	959	960
7166	28	674	959	960
110366	28	2526	959	960
9428	28	1640	959	960
22546	28	34	959	960
27793	28	2214	959	960
10404	28	811	959	960
7358	28	105	959	960
26051	28	83	959	960
79030	28	377	959	960
6695	28	95	959	960
14295	28	607	959	960
13968	28	748	959	960
68380	28	725	959	960
51901	28	358	959	960
24830	28	882	959	960
12116	28	141	959	960
36782	28	23642	959	960
27194	28	9138	959	960
26399	28	717	959	960
6328	28	1390	959	960
12822	28	2399	959	960
10481	28	1190	959	960
8168	28	558	959	960
39347	28	174	959	960
7779	28	573	959	960
10418	28	490	959	960
7215	28	85	959	960
26757	28	1160	959	960
9546	28	391	959	960
72228	28	392	959	960
9915	28	2075	959	960
8259	28	793	959	960
5573	28	887	959	960
47314	28	214	959	960
25901	28	1968	959	960
5145	28	144	959	960
15967	28	1392	959	960
124466	28	809	959	960
10812	28	401	959	960
14972	28	696	959	960
26010	28	1576	959	960
14044	28	401	959	960
43487	28	1910	959	960
79222	28	93560	959	960
9613	28	32217	959	960
20508	28	669	959	960
6712	28	25685	959	960
9702	28	770	959	960
77804	28	1081	959	960
64698	28	1060	959	960
12779	28	3362	959	960
21168	28	220	959	960
7435	28	8356	959	960
21416	28	2899	959	960
18929	28	39404	959	960
27884	28	1137	959	960
61761	28	828	959	960
12429	28	64	959	960
10330	28	57	959	960
67669	28	1096	959	960
83840	28	4678	959	960
6641	28	609	959	960
14886	28	885	959	960
41005	28	692	959	960
12938	28	742	959	960
31467	28	482	959	960
58387	28	46284	959	960
11920	28	3362	959	960
31407	28	3319	959	960
57219	28	673	959	960
8199	28	1812	959	960
6594	28	283	959	960
69985	28	2218	959	960
75536	28	1177	959	960
41336	28	8229	959	960
29686	28	1757	959	960
67570	28	20160	959	960
75244	28	5261	959	960
9656	28	186	959	960
93821	28	830	959	960
55721	28	230	959	960
18304	28	616	959	960
16240	28	3982	959	960
33447	28	1907	959	960
79571	28	4749	959	960
13241	28	100	959	960
6211	28	554	959	960
13918	28	263	959	960
16593	28	5504	959	960
16871	28	1227	959	960
23105	28	1049	959	960
16034	28	1030	959	960
51519	28	3645	959	960
69491	28	378	959	960
34117	28	510	959	960
31090	28	1091	959	960
57012	28	2992	959	960
7982	28	112	959	960
23532	28	141	959	960
27996	28	5442	959	960
26920	28	411	959	960
9207	28	1185	959	960
50243	28	4184	959	960
8332	28	4080	959	960
27948	28	211	959	960
76156	28	1018	959	960
36605	28	170	959	960
128879	28	908	959	960
28119	28	248	959	960
44394	28	4184	959	960
64710	28	5354	959	960
6303	28	891	959	960
55815	28	1609	959	960
14696	28	193	959	960
45951	28	1948	959	960
15129	28	88	959	960
154389	28	37681	959	960
37733	28	162	959	960
23473	28	1074	959	960
6479	28	647	959	960
11869	28	905	959	960
4222	28	169	959	960
33341	28	290	959	960
22128	28	2051	959	960
26489	28	363	959	960
39669	28	328	959	960
56729	28	44129	959	960
10839	28	2553	959	960
92776	28	1919	959	960
21548	28	2545	959	960
6214	28	110	959	960
32109	28	2153	959	960
35854	28	60362	959	960
20295	28	3564	959	960
12735	28	251	959	960
22230	28	3508	959	960
9989	28	180	959	960
35177	28	254	959	960
33124	28	132	959	960
29367	28	242	959	960
77471	28	6135	959	960
55653	28	4268	959	960
95572	28	80644	959	960
29228	28	139	959	960
27692	28	1555	959	960
48772	28	841	959	960
7200	28	637	959	960
12843	28	369	959	960
21524	28	449	959	960
14387	28	1945	959	960
60612	28	19890	959	960
32352	28	45	959	960
49724	28	1080	959	960
40885	28	415	959	960
33664	28	29	959	960
16256	28	503	959	960
10340	28	139	959	960
71311	28	2046	959	960
22035	28	2100	959	960
18418	28	23	959	960
24000	28	2277	959	960
11587	28	802	959	960
19196	28	10557	959	960
131075	28	1537	959	961
21624	28	564	959	961
82244	28	1092	959	961
18588	28	252	959	961
21753	28	252	959	961
8407	28	272	959	961
21822	28	89	959	961
29132	28	1551	959	961
29183	28	5665	959	961
25096	28	55	959	961
39241	28	1265	959	961
5682	28	1695	959	961
8507	28	5973	959	961
22100	28	66	959	961
11523	28	1075	959	961
14611	28	78	959	961
16337	28	9341	959	961
83172	28	2289	959	961
83192	28	712	959	961
71553	28	3425	959	961
6782	28	303	959	961
9381	28	78	959	961
11634	28	1215	959	961
16821	28	1120	959	961
11504	28	16	959	961
17032	28	418	959	961
17039	28	539	959	961
25888	28	595	959	961
39748	28	2426	959	961
62163	28	391	959	961
22599	28	171	959	961
14301	28	23	959	961
25969	28	405	959	961
62263	28	177	959	961
72233	28	1266	959	961
8624	28	818	959	961
62526	28	3345	959	961
22875	28	5736	959	961
46802	28	2835	959	961
25885	28	623	959	961
15248	28	1607	959	961
26481	28	1097	959	961
15277	28	42	959	961
34221	28	2426	959	961
14799	28	1120	959	961
20059	28	71	959	961
33888	28	1331	959	961
34558	28	267	959	961
73223	28	333	959	961
35175	28	419	959	961
20064	28	1481	959	961
24987	28	307	959	961
47270	28	535	959	961
8543	28	98	959	961
35289	28	253	959	961
25481	28	1998	959	961
26816	28	686	959	961
44817	28	1282	959	961
29992	28	992	959	961
5274	28	528	959	961
35841	28	1532	959	961
20434	28	1005	959	961
20480	28	20481	959	961
47703	28	442	959	961
30559	28	4277	959	961
27062	28	429	959	961
86016	28	623	959	961
47148	28	371	959	961
20562	28	4586	959	961
38683	28	228	959	961
13783	28	399	959	961
62349	28	1635	959	961
85754	28	1853	959	961
19337	28	19	959	961
27271	28	1777	959	961
60577	28	506	959	961
30704	28	217	959	961
7251	28	4169	959	961
74579	28	144	959	961
5601	28	735	959	961
34827	28	741	959	961
3831	28	30	959	961
74715	28	5185	959	961
18864	28	1199	959	961
6169	28	74	959	961
7040	28	233	959	961
64801	28	770	959	961
54089	28	1294	959	961
86694	28	3949	959	961
31644	28	4834	959	961
53093	28	77	959	961
48550	28	528	959	961
17165	28	1171	959	961
15575	28	451	959	961
62668	28	2159	959	961
8139	28	597	959	961
75039	28	2011	959	961
40023	28	995	959	961
56093	28	28	959	961
31117	28	501	959	961
9065	28	38	959	961
12015	28	36628	959	961
27612	28	648	959	961
65212	28	434	959	961
15851	28	42	959	961
31467	28	718	959	961
100657	28	3466	959	961
26842	28	2977	959	961
8676	28	1190	959	961
87357	28	20941	959	961
71666	28	3811	959	961
100869	28	574	959	961
56538	28	2742	959	961
16985	28	399	959	961
15928	28	2115	959	961
24993	28	20	959	961
35096	28	2808	959	961
10831	28	201	959	961
87646	28	2621	959	961
17174	28	174	959	961
14231	28	286	959	961
65710	28	1309	959	961
30934	28	3466	959	961
24049	28	339	959	961
20947	28	1825	959	961
24063	28	496	959	961
27591	28	778	959	961
15437	28	2234	959	961
32152	28	391	959	961
18042	28	1601	959	961
6121	28	490	959	961
13137	28	47	959	961
42823	28	44	959	961
53597	28	1096	959	961
8755	28	750	959	961
117517	28	1088	959	961
10576	28	371	959	961
42938	28	236	959	961
16487	28	250	959	961
12504	28	275	959	961
66203	28	3545	959	961
20002	28	195	959	961
14978	28	1181	959	961
11921	28	1067	959	961
35630	28	10834	959	961
16009	28	36	959	961
54908	28	7224	959	961
21219	28	1644	959	961
37358	28	1055	959	961
9829	28	107	959	961
25580	28	391	959	961
26319	28	643	959	961
39104	28	68	959	961
12613	28	1312	959	961
23584	28	339	959	961
102406	28	378	959	961
18655	28	540	959	961
102443	28	850	959	961
16391	28	3099	959	961
14320	28	846	959	961
44796	28	740	959	961
57430	28	1960	959	961
24738	28	877	959	961
29108	28	388	959	961
29111	28	1722	959	961
77167	28	114	959	961
21771	28	45	959	961
28211	28	1592	959	961
9330	28	924	959	961
45614	28	240	959	961
118771	28	1201	959	961
22234	28	5665	959	961
19222	28	1107	959	961
22116	28	793	959	961
14763	28	289	959	961
14501	28	1777	959	961
10455	28	7675	959	961
34177	28	1670	959	961
6785	28	47	959	961
29711	28	669	959	961
9386	28	2057	959	961
22321	28	121	959	961
9463	28	691	959	961
22479	28	894	959	961
9221	28	773	959	961
39936	28	195	959	961
7292	28	51	959	961
11709	28	1165	959	961
40053	28	434	959	961
25986	28	4147	959	961
46109	28	598	959	961
72343	28	191	959	961
4842	28	44	959	961
5759	28	323	959	961
13065	28	653	959	961
18832	28	69	959	961
26016	28	1971	959	961
9121	28	551	959	961
11501	28	802	959	961
34863	28	905	959	961
30288	28	1335	959	961
40555	28	1250	959	961
89252	28	1031	959	961
46719	28	1606	959	961
34460	28	703	959	961
37693	28	531	959	961
15173	28	1945	959	961
54125	28	909	959	961
14661	28	294	959	961
17226	28	3242	959	961
7390	28	239	959	961
17356	28	509	959	961
6794	28	1388	959	961
41925	28	1577	959	961
13561	28	1653	959	961
41056	28	4910	959	961
138659	28	923	959	961
11247	28	78	959	961
57579	28	1173	959	961
19665	28	660	959	961
7674	28	1075	959	961
6500	28	61	959	961
6268	28	214	959	961
13394	28	112	959	961
9789	28	235	959	961
19602	28	51	959	961
15423	28	981	959	961
47439	28	718	959	961
30977	28	112	959	961
31121	28	102	959	961
10743	28	250	959	961
15149	28	1112	959	961
39361	28	9234	959	961
14875	28	1033	959	961
90654	28	1840	959	961
11317	28	250	959	961
60577	28	1061	959	961
23435	28	575	959	961
41424	28	14823	959	961
26852	28	318	959	961
6772	28	107	959	961
14387	28	452	959	961
7023	28	334	959	961
13776	28	1266	959	961
27145	28	1535	959	961
31308	28	742	959	961
12032	28	4233	959	961
6941	28	89	959	961
64514	28	3583	959	961
15099	28	304	959	961
55679	28	661	959	961
46180	28	259	959	961
25769	28	143	959	961
14791	28	795	959	961
55870	28	3868	959	961
8166	28	369	959	961
30823	28	1649	959	961
14636	28	2234	959	961
121430	16	870	959	961
73302	28	231	959	961
7983	28	2897	959	961
17976	28	1139	959	961
36554	28	2568	959	961
9440	28	72	959	961
13918	28	1098	959	961
31752	28	100	959	961
117776	28	453	959	961
48099	28	159	959	961
15268	28	60	959	961
27702	28	348	959	961
14892	28	123	959	961
43199	28	624	959	961
25231	28	154	959	961
19123	28	61	959	961
39981	28	1023	959	961
29312	28	206	959	961
17113	28	132	959	961
21671	28	1492	959	961
9518	28	20	959	961
11847	28	936	959	961
55636	28	1958	959	961
87851	28	1367	959	961
71482	28	989	959	961
32220	28	3731	959	961
33392	28	1075	959	961
32034	28	185	959	961
21140	28	309	959	961
5958	28	147	959	961
41812	28	333	959	961
49330	28	3484	959	961
5979	28	23	959	961
67568	28	496	959	961
14693	28	1619	959	961
34119	28	770	959	961
103789	28	10893	959	961
30332	28	1228	959	961
29837	28	2138	959	961
120898	28	44837	959	961
32363	28	355	959	961
87541	28	46411	959	961
8233	28	315	959	961
48157	28	3867	959	961
21909	28	465	959	961
106402	28	1617	959	961
23851	28	926	959	961
10112	28	401	959	961
31772	28	666	959	961
17631	28	1190	959	961
89511	28	989	959	961
8129	28	48	959	961
24150	28	802	959	961
12773	28	160	959	961
28148	28	2158	959	961
47978	28	2289	959	961
21791	28	1192	959	961
52325	28	1395	959	961
31993	28	452	959	961
7286	28	77	959	961
51022	28	36	959	961
39054	28	2624	959	961
78351	28	1542	959	961
18349	28	509	959	961
23144	28	52	959	961
92396	28	59240	959	961
60669	28	415	959	961
15680	28	144	959	961
12078	28	219	959	961
28483	28	1980	959	961
58225	28	524	959	961
106931	28	9101	959	961
59307	28	1292	959	961
19844	28	8229	959	961
59311	28	597	959	961
12424	28	260	959	961
37350	28	905	959	961
15269	28	2018	959	961
10222	28	795	959	961
17993	28	2426	959	961
10530	28	1319	959	961
20516	28	607	959	961
78229	28	412	959	961
17968	28	9234	959	961
33506	28	295	959	961
23585	28	30	959	961
21495	28	266	959	961
72176	28	417	959	961
75147	28	238	959	961
26549	28	1056	959	961
24066	28	104	959	961
10781	28	112	959	961
112435	28	1392	959	961
13033	28	1467	959	961
33351	28	1467	959	961
80342	28	662	959	961
4390	28	58	959	961
9229	28	100	959	961
7869	28	4490	959	961
107546	28	805	959	961
6603	28	152	959	961
16065	28	583	959	961
33954	28	1082	959	961
20914	28	458	959	961
32975	28	1529	959	961
8896	28	586	959	961
15922	28	1845	959	961
10182	28	318	959	961
9661	28	78	959	961
14440	28	159	959	961
11979	28	67	959	961
33091	28	400	959	961
14350	28	421	959	961
12547	28	875	959	961
19187	28	421	959	961
75511	28	787	959	961
30769	28	74	959	961
67797	28	7218	959	961
21689	28	289	959	961
20015	28	454	959	961
78247	28	1394	959	961
45490	28	970	959	961
20076	28	1033	959	961
16004	28	1096	959	961
33118	28	2201	959	961
34751	28	1617	959	961
14334	28	2639	959	961
12340	28	1887	959	961
74319	28	2907	959	961
23035	28	33	959	961
14653	28	744	959	961
29964	28	994	959	961
14369	28	158	959	961
20222	28	703	959	961
26018	28	36	959	961
19612	28	2412	959	961
27228	28	434	959	961
32684	28	387	959	961
32894	28	4586	959	961
38928	28	165	959	961
37411	28	486	959	961
14796	28	132	959	961
9858	28	344	959	961
24899	28	555	959	961
44930	28	555	959	961
11420	28	95	959	961
19635	28	572	959	961
5780	28	195	959	961
35324	28	21732	959	961
10935	28	159	959	961
21485	28	496	959	961
137967	28	37	959	961
15484	28	1190	959	961
11666	28	818	959	961
10336	28	597	959	961
20438	28	1803	959	961
15168	28	1335	959	961
24944	28	976	959	961
103722	28	933	959	961
68986	28	1594	959	961
75928	28	286	959	961
38683	28	1360	959	961
69732	28	615	959	961
11522	28	1524	959	961
24649	28	111	959	961
8802	28	478	959	961
121625	28	5018	959	961
41021	28	633	959	961
11644	28	123	959	961
14825	28	1565	959	961
53288	28	3512	959	961
96094	28	477	959	961
14703	28	240	959	961
12767	28	3078	959	961
10649	28	239	959	961
7731	28	250	959	961
125742	28	2956	959	961
6544	28	1055	959	961
31896	28	1883	959	961
34994	28	428	959	961
43202	28	552	959	961
78395	28	621	959	961
15502	28	88	959	961
15823	28	199	959	961
18748	28	2198	959	961
17164	28	248	959	961
27072	28	3621	959	961
5041	28	447	959	961
7449	28	165	959	961
109165	28	5385	959	961
23778	28	994	959	961
34207	28	165	959	961
7900	28	114	959	961
20379	28	1155	959	961
5214	28	40	959	961
28799	28	623	959	961
90094	28	165	959	961
51517	28	583	959	961
16584	28	54	959	961
79513	28	2040	959	961
33156	28	463	959	961
41935	28	1477	959	961
126232	28	1216	959	961
7418	28	289	959	961
28464	28	499	959	961
14203	28	2019	959	961
83791	28	2209	959	961
16154	28	758	959	961
40135	28	45	959	961
35875	28	370	959	961
17109	28	353	959	961
5393	28	2085	959	961
32304	28	1841	959	961
83378	28	66	959	961
13207	28	303	959	961
31463	28	2247	959	961
42167	28	474	959	961
30037	28	175	959	961
26092	28	490	959	961
38105	28	195	959	961
59286	28	186	959	961
26159	28	5502	959	961
7846	28	175	959	961
22967	28	3039	959	961
51484	28	2846	959	961
15322	28	855	959	961
70891	28	989	959	961
11641	28	1740	959	961
29003	28	126	959	961
22113	28	45	959	961
19861	28	123	959	961
21469	28	726	959	961
48289	28	583	959	961
11091	28	754	959	961
58257	28	2607	959	961
14864	28	3583	959	961
14162	28	78	959	961
25547	28	239	959	961
15440	28	554	959	961
12614	28	152	959	961
23968	28	449	959	961
62229	28	527	959	961
15678	28	233	959	961
28094	28	1570	959	961
10411	28	625	959	961
69411	28	1132	959	961
9219	28	539	959	961
94621	28	46	959	961
20819	28	741	959	961
36827	28	1296	959	961
69860	28	1210	959	961
20393	28	156	959	961
26508	28	114	959	961
26372	28	1431	959	961
31936	28	759	959	961
6588	28	49	959	961
34964	28	195	959	961
122813	23	36260	959	961
18376	28	6015	959	961
14550	28	50	959	961
20779	28	3113	959	961
20021	28	402	959	961
37808	28	1047	959	961
78910	28	1296	959	961
9777	23	103407	959	961
66412	28	866	959	961
45489	28	121	959	961
89567	28	330	959	961
45352	28	805	959	961
5006	28	265	959	961
11077	28	3058	959	961
89981	28	1245	959	961
22258	28	68	959	961
15650	28	1030	959	961
80995	28	514	959	961
9918	28	478	959	961
81620	28	649	959	961
51409	28	252	959	961
38700	28	4078	959	961
35628	28	355	959	961
23483	28	44	959	961
43998	28	1142	959	961
18468	28	2735	959	961
6725	28	596	959	961
8029	28	951	959	961
75440	28	357	959	961
31874	28	179	959	961
6636	28	511	959	961
52266	28	869	959	961
12259	28	142	959	961
38360	28	3299	959	961
29610	28	1164	959	961
17936	28	1006	959	961
7699	28	717	959	961
25174	28	533	959	961
9448	28	112	959	961
37277	28	2139	959	961
48381	28	95	959	961
34177	28	281	959	961
45626	28	1164	959	961
29098	28	273	959	961
28669	28	516	959	961
16122	28	54	959	961
10265	28	9876	959	961
14751	28	1571	959	961
18094	28	802	959	961
13468	28	2688	959	961
18508	28	360	959	961
25572	28	499	959	961
46975	28	1882	959	961
16234	28	215	959	961
22919	28	528	959	961
11163	28	256	959	961
31487	28	71424	959	961
13307	28	231	959	961
59828	28	81726	959	961
36315	28	378	959	961
14174	28	202	959	961
70760	28	136	959	961
32590	28	2534	959	961
35574	28	68189	959	961
24213	28	405	959	961
25417	28	2970	959	961
64501	28	357	959	961
33632	28	185	959	961
32270	28	191	959	961
53461	28	2452	959	961
53388	28	4809	959	961
97638	28	1896	959	961
47187	28	282	959	961
8325	28	702	959	961
52231	28	1295	959	961
44124	28	2201	959	961
34329	28	1960	959	961
79523	28	70	959	961
12297	28	1619	959	961
66257	28	454	959	961
88737	28	657	959	961
93996	28	809	959	961
21879	28	294	959	961
8476	28	1643	959	961
35390	28	407	959	961
56876	28	1196	959	961
38603	28	888	959	961
12836	28	1907	959	961
10004	28	1118	959	961
79686	28	967	959	961
60052	28	405	959	961
7714	28	220	959	961
26515	28	304	959	961
57476	28	2280	959	961
94076	28	2059	959	961
22144	28	111	959	961
59973	28	222	959	961
48498	28	7151	959	961
148613	28	6423	959	961
88734	28	484	959	961
21986	28	159	959	961
33123	28	1563	959	961
81270	28	386	959	961
69064	28	5243	959	961
8021	28	392	959	961
95133	28	1596	959	961
16084	28	29	959	961
126378	28	78	959	961
77852	28	2280	959	961
13827	28	203	959	961
48187	28	16597	959	961
37321	28	231	959	961
33198	28	1270	959	961
23901	28	2488	959	961
9010	28	1421	959	961
38571	28	179	959	961
12689	28	741	959	961
51143	28	1172	959	961
17353	28	132	959	961
42434	28	1628	959	961
15755	28	124	959	961
22933	28	1253	959	961
59552	28	7340	959	961
5645	28	29	959	961
42455	28	2689	959	961
30261	28	591	959	961
43008	28	1098	959	961
125307	28	69229	959	961
16712	28	7675	959	961
18049	28	1117	959	961
15998	28	43	959	961
7800	28	674	959	961
56455	28	4809	959	961
32013	28	309	959	961
18757	28	269	959	961
12731	28	657	959	961
106786	28	384	959	961
104346	28	2151	959	961
17718	28	627	959	961
41109	28	3182	959	961
29622	28	152	959	961
6934	28	666	959	961
21322	28	500	959	961
81919	28	6135	959	961
86600	28	6452	959	961
50488	28	496	959	961
8675	28	132	959	961
10168	28	485	959	961
16214	28	3871	959	961
55984	28	474	959	961
6808	28	255	959	961
86284	28	2072	959	961
23872	28	564	959	961
24553	28	1121	959	961
5667	28	1461	959	961
32898	28	86	959	961
12239	28	4745	959	961
36115	28	1951	959	961
24554	28	452	959	961
13446	28	1519	959	961
15033	28	231	959	961
24062	28	80	959	961
26882	28	901	959	961
7053	28	1083	959	961
47231	28	27093	959	961
6758	28	1825	959	961
48217	28	192	959	961
73231	28	48025	959	961
32885	28	2209	959	961
12253	28	89	959	961
61443	28	2289	959	961
44037	28	905	959	961
6017	28	629	959	961
11001	28	133	959	961
66094	28	170	959	961
31236	28	797	959	961
9003	28	319	959	961
7305	28	597	959	961
15638	28	454	959	961
51556	28	679	959	961
24792	28	354	959	961
11258	28	166	959	961
38490	28	5615	959	961
19783	28	20	959	961
13384	28	146	959	961
37730	28	901	959	961
12940	28	476	959	961
35079	28	388	959	961
17161	28	1895	959	961
53258	28	2276	959	961
67849	28	1012	959	961
16165	28	309	959	961
87466	28	1012	959	961
14281	28	542	959	961
42722	28	672	959	961
43993	28	3815	959	961
11145	28	86	959	961
58500	28	9879	959	961
5254	28	798	959	961
11162	28	1115	959	961
72767	28	4363	959	961
79679	28	1266	959	961
31993	28	1945	959	961
14419	28	1697	959	961
65853	28	1283	959	961
32838	28	420	959	961
21244	28	18789	959	961
28766	28	132	959	961
39566	28	1544	959	961
57127	28	837	959	961
6247	28	1476	959	961
19477	28	265	959	961
21572	28	509	959	961
21144	28	2257	959	961
20028	28	995	959	961
29885	28	2525	959	961
10886	28	107	959	961
80889	28	39404	959	961
6396	28	269	959	961
14615	28	175	959	961
46770	28	2234	959	961
62722	28	1640	959	961
16137	28	973	959	961
4827	28	597	959	961
14866	28	304	959	961
9132	28	85	959	961
35967	28	1937	959	961
18930	28	1722	959	961
4587	28	160	959	961
42598	28	2234	959	961
11464	28	185	959	961
50364	28	1060	959	961
101183	28	2539	959	961
25980	28	36	959	961
104914	28	33239	959	961
12778	28	1107	959	961
63100	28	496	959	961
42873	28	1400	959	961
22099	28	817	959	961
28768	28	666	959	961
33480	28	570	959	961
46510	28	1561	959	961
12009	28	1052	959	961
59779	28	546	959	961
17967	28	234	959	961
70755	28	2207	959	961
38170	28	469	959	961
24667	28	33	959	961
10287	28	571	959	961
37626	28	888	959	961
68981	28	1307	959	961
27484	28	2611	959	961
28508	28	55	959	961
14010	28	315	959	961
26407	28	1653	959	961
16796	28	317	959	961
35943	28	21561	959	961
51922	28	16	959	961
22546	28	123	959	961
33328	28	76	959	961
20963	28	720	959	961
32339	28	994	959	961
37445	28	129	959	961
58824	28	129	959	961
78779	28	883	959	961
36964	28	5572	959	961
5216	28	219	959	961
51016	28	95	959	961
38119	28	378	959	961
22557	28	416	959	961
9632	28	1394	959	961
7096	28	467	959	961
38634	28	916	959	961
51619	28	866	959	961
24211	28	476	959	961
31736	28	45	959	961
21987	28	1442	959	961
107751	28	232	959	961
14956	28	124	959	961
9990	28	3429	959	961
123061	28	2991	959	961
5976	28	1080	959	961
27397	28	165	959	961
8847	28	1123	959	961
6559	28	181	959	961
23603	28	1990	959	961
13951	28	2223	959	961
6059	28	61	959	961
16590	28	1266	959	961
7406	28	245	959	961
19452	28	54	959	961
5776	28	40	959	961
37577	28	531	959	961
58037	28	2414	959	961
44669	28	7723	959	961
54505	28	4068	959	961
5673	28	254	959	961
90116	28	1829	959	961
19055	28	1004	959	961
24079	28	649	959	961
62850	28	201	959	961
12398	28	454	959	961
21583	28	39	959	961
6184	28	629	959	961
33371	28	311	959	961
88791	28	1059	959	961
16687	28	1643	959	961
40815	28	4113	959	961
11003	28	45	959	961
13633	28	1165	959	961
8994	28	196	959	961
37768	28	144	959	961
15233	28	1990	959	961
38097	28	1058	959	961
10536	28	1395	959	961
26398	28	974	959	961
36899	28	1643	959	961
33493	28	2949	959	961
9005	28	735	959	961
56993	28	662	959	961
4322	28	416	959	961
65079	28	3799	959	961
9363	28	41	959	961
12482	28	542	959	961
31371	28	433	959	961
18028	28	146	959	961
27267	28	27560	959	961
25970	28	2418	959	961
78767	28	681	959	961
5777	28	1819	959	961
47571	28	114	959	961
13095	28	989	959	961
22394	28	509	959	961
144729	28	2569	959	961
6872	28	597	959	961
15116	28	411	959	961
25821	28	509	959	961
67769	28	1363	959	961
69450	28	2742	959	961
38094	28	401	959	961
11910	28	65	959	961
13779	28	34	959	961
33354	28	1700	959	961
26493	28	381	959	961
13739	28	469	959	961
6237	28	72	959	961
50833	28	40	959	961
34075	28	759	959	961
9384	28	20	959	961
29749	28	1135	959	961
20513	28	87	959	961
35483	28	171	959	961
12393	28	5745	959	961
65611	28	202	959	961
59624	28	254	959	961
58424	28	24824	959	961
57329	28	2159	959	961
15536	28	743	959	961
38006	28	255	959	961
67751	28	1937	959	961
16337	28	4696	959	961
125205	28	33992	959	961
17565	28	162	959	961
25323	28	649	959	961
15841	28	48	959	961
16976	28	643	959	961
78005	28	477	959	961
22420	28	682	959	961
28751	28	759	959	961
51440	28	60	959	961
38262	28	1150	959	961
35637	28	195	959	961
53632	28	2426	959	961
18072	28	198	959	961
14119	28	922	959	961
64509	28	555	959	961
31775	28	87	959	961
34565	28	24331	959	961
26478	28	10100	959	961
44586	28	251	959	961
17546	28	1075	959	961
50932	28	7218	959	961
12836	28	224	959	961
85550	28	409	959	961
20291	28	288	959	961
22053	28	6022	959	961
9906	28	88	959	961
100955	28	1609	959	961
18937	28	795	959	961
24742	28	353	959	961
15531	28	121	959	961
21130	28	129	959	961
25664	28	76	959	961
55160	28	8663	959	961
25205	28	1524	959	961
45724	28	1395	959	961
14755	28	22057	959	961
70092	28	2649	959	961
128351	28	452	959	961
16520	28	241	959	961
24905	28	1501	959	961
92418	28	64270	959	961
14543	28	132	959	961
38363	28	1230	959	961
118061	28	841	959	961
24498	28	732	959	961
16243	28	1360	959	961
16646	28	423	959	961
76509	28	2956	959	961
33981	28	637	959	961
23124	28	250	959	961
8448	28	39	959	961
61389	28	5115	959	961
28134	28	91	959	961
42975	28	741	959	961
25890	28	1172	959	961
11599	28	2096	959	961
9923	28	8678	959	961
15974	28	1571	959	961
68202	28	22429	959	961
41103	28	1032	959	961
40355	28	753	959	961
10058	28	40	959	961
68804	28	21745	959	961
16242	28	628	959	961
6899	28	18873	959	961
20077	28	371	959	961
29719	28	235	959	961
24571	28	9041	959	961
7824	28	4669	959	961
58096	28	1389	959	961
4839	28	283	959	961
19354	28	1571	959	961
61396	28	1152	959	961
54778	28	19749	959	961
16970	28	228	959	961
50619	28	1403	959	961
10875	28	48	959	961
49052	28	1444	959	961
61634	28	1514	959	961
17440	28	1594	959	961
19598	28	1358	959	961
6616	28	80	959	961
29281	28	495	959	961
75652	28	139	959	961
26369	28	518	959	961
28821	28	643	959	961
17840	28	19	959	961
69314	28	1794	959	961
73227	28	20941	959	961
74619	28	1692	959	961
95570	28	171	959	961
59820	28	9138	959	961
30727	28	531	959	961
36881	28	266	959	961
22882	28	400	959	961
13572	28	2649	959	961
20535	28	669	959	961
19269	28	281	959	961
41090	28	223	959	961
45964	28	154	959	961
9332	28	32	959	961
13794	28	123	959	961
51725	28	112	959	961
11699	28	114	959	961
20246	28	647	959	961
62818	28	3999	959	961
82769	28	48958	959	961
5717	28	100	959	961
91094	28	1980	959	961
40688	28	1567	959	961
83829	28	1497	959	961
48746	28	1258	959	961
19887	28	454	959	961
18478	28	2607	959	961
8799	28	245	959	961
44757	28	992	959	961
16060	28	1850	959	961
75128	28	397	959	961
22385	28	216	959	961
51731	28	2563	959	961
47975	28	366	959	961
51023	28	3460	959	961
67600	28	9129	959	961
7574	28	154	959	961
13434	28	1563	959	961
21003	28	61	959	961
42940	28	2576	959	961
31799	28	1779	959	961
99123	28	1641	959	961
65989	28	273	959	961
36081	28	597	959	961
24103	28	1325	959	961
33757	28	217	959	961
15379	28	368	959	961
46813	28	160	959	961
16430	28	119	959	961
99660	28	392	959	961
32959	28	122	959	961
62413	28	1788	959	961
48969	28	210	959	961
13667	28	228	959	961
67175	28	240	959	961
8673	28	973	959	961
22683	28	744	959	961
17778	28	2048	959	961
9175	28	95	959	961
27651	28	286	959	961
11570	28	89	959	961
93550	28	2621	959	961
15740	28	154	959	961
12856	28	155	959	961
35952	28	1942	959	961
16707	28	2893	959	961
68578	28	2621	959	961
10234	28	136	959	961
80730	28	686	959	961
37457	28	1098	959	961
58746	28	1704	959	961
35911	28	193	959	961
24489	28	1265	959	961
11578	28	1335	959	961
11995	28	1571	959	961
9612	28	272	959	961
51637	28	6359	959	961
10400	28	22	959	961
16781	28	1860	959	961
11713	28	195	959	961
7185	28	905	959	961
12720	28	1966	959	961
7009	28	3396	959	961
55327	28	7218	959	961
25195	28	741	959	961
94593	28	532	959	961
25997	28	453	959	961
25220	28	2601	959	961
21447	28	587	959	961
85884	28	2916	959	961
34892	28	1551	959	961
44617	28	109	959	961
65828	28	313	959	961
10262	28	201	959	961
7007	28	109	959	961
16302	28	1830	959	961
15507	28	20	959	961
12729	28	161	959	961
10803	28	143	959	961
39000	28	1606	959	961
8276	28	248	959	961
49917	28	3212	959	961
37410	28	366	959	961
36711	28	261	959	961
23794	28	319	959	961
38633	28	103	959	961
41448	28	179	959	961
12512	28	621	959	961
24010	28	1544	959	961
8393	28	202	959	961
75955	28	753	959	961
68843	28	185	959	961
21979	28	1152	959	961
41944	28	19	959	961
28472	28	242	959	961
16719	28	266	959	961
81685	28	370	959	961
41280	28	3621	959	961
65248	28	7534	959	961
53475	28	185	959	961
51637	28	198	959	961
18622	28	1907	959	961
19004	28	530	959	961
64010	28	1968	959	961
43922	28	1474	959	961
19450	28	887	959	961
36596	28	1124	959	961
24842	28	132	959	961
20563	28	437	959	961
15884	28	597	959	961
40548	28	510	959	961
60425	28	9510	959	961
52425	28	18758	959	961
60491	28	2899	959	961
14954	28	186	959	961
54846	28	28	959	961
94526	28	34282	959	961
36332	28	45	959	961
21093	28	80	959	961
22113	28	673	959	961
5730	28	44	959	961
11449	28	674	959	961
12774	28	159	959	961
7681	28	245	959	961
7838	28	219	959	961
19622	28	2353	959	961
34973	28	297	959	961
21660	28	598	959	961
81328	28	1276	959	961
21133	28	975	959	961
18944	28	401	959	961
9271	28	353	959	961
42209	28	514	959	961
128815	28	3325	959	961
51758	28	1676	959	961
57160	28	60	959	961
10808	28	251	959	961
10430	28	872	959	961
16262	28	1693	959	961
23431	28	402	959	961
55652	28	2649	959	961
51347	28	4937	959	961
26839	28	19	959	961
60361	28	76	959	961
44466	28	1024	959	961
37359	28	205	959	961
15602	28	1524	959	961
52583	28	1879	959	961
15911	28	76	959	961
20812	28	470	959	961
8615	28	717	959	961
5991	28	963	959	961
15513	28	551	959	961
31147	28	66	959	961
35534	28	379	959	961
38182	28	28528	959	961
26988	28	337	959	961
9143	28	1629	959	961
10582	28	185	959	961
31199	28	875	959	961
7914	28	525	959	961
7489	28	66	959	961
52257	28	155	959	961
20641	28	3982	959	961
50546	28	1634	959	961
22937	28	1601	959	961
19844	28	13038	959	961
31571	28	1693	959	961
38524	28	20365	959	961
35124	28	903	959	961
69276	28	995	959	961
86449	28	882	959	961
35975	28	4474	959	961
14619	28	144	959	961
36867	28	712	959	961
24577	28	821	959	961
11275	28	2480	959	961
8331	28	30	959	961
21841	28	583	959	961
72702	28	2766	959	961
60478	28	21745	959	961
36335	28	875	959	961
45207	28	553	959	961
108052	28	890	959	961
36436	28	719	959	961
16438	28	524	959	961
14523	28	68	959	961
65163	28	5243	959	961
37638	28	336	959	961
77333	28	5160	959	961
18117	28	1239	959	961
47693	28	501	959	961
7662	28	332	959	961
124725	28	4037	959	961
83680	28	254	959	961
11492	28	1131	959	961
43019	28	678	959	961
69297	28	318	959	961
11588	28	390	959	961
16615	28	856	959	961
30938	28	1052	959	961
25261	28	319	959	961
46461	28	203	959	961
99633	28	5363	959	961
26979	28	507	959	961
52537	28	54	959	961
19699	28	242	959	961
24614	28	573	959	961
84497	28	1216	959	961
19915	28	469	959	961
23549	28	2517	959	961
105922	28	46284	959	961
33229	28	513	959	961
60967	28	317	959	961
31435	28	1408	959	961
6990	28	152	959	961
19727	28	174	959	961
7215	28	158	959	961
19425	28	58	959	961
31556	28	10315	959	961
51103	28	122	959	961
18176	28	331	959	961
7233	28	241	959	961
10174	28	37	959	961
21605	28	2159	959	961
44735	28	241	959	961
25798	28	1556	959	961
77180	28	291	959	961
8201	28	717	959	961
44235	28	783	959	961
45489	28	1960	959	961
81000	28	4756	959	961
6734	28	499	959	961
32004	28	802	959	961
38775	28	503	959	961
75449	28	1088	959	961
6650	28	1695	959	961
39804	28	3004	959	961
73455	28	2278	959	961
26270	28	2151	959	961
65092	28	1317	959	961
44225	28	345	959	961
8260	28	160	959	961
31343	28	586	959	961
11190	28	256	959	961
44803	28	597	959	961
60525	28	789	959	961
36297	28	2270	959	961
29278	28	4380	959	961
47519	28	3347	959	961
70905	28	350	959	961
19404	28	398	959	961
33068	28	235	959	961
6575	28	158	959	961
77887	28	1805	959	961
23997	28	575	959	961
13253	28	224	959	961
24710	28	1577	959	961
8849	28	780	959	961
17718	28	281	959	961
109966	28	1163	959	961
78894	28	612	959	961
69520	28	632	959	961
16801	28	1741	959	961
23770	28	1395	959	961
36665	28	73	959	961
21482	28	1192	959	961
41595	28	442	959	961
44899	28	1981	959	961
71625	28	4866	959	961
35276	28	7624	959	961
39025	28	2486	959	961
68345	28	3373	959	961
13248	28	1139	959	961
52745	28	1098	959	961
42277	28	205	959	961
28139	28	185	959	961
10958	28	110	959	961
125830	28	3794	959	961
81878	28	568	959	961
20635	28	550	959	961
69321	28	2046	959	961
32263	28	896	959	961
119947	28	9151	959	961
38154	28	1610	959	961
26029	28	516	959	961
42490	28	6557	959	961
8652	28	829	959	961
52991	28	1730	959	961
12929	28	3500	959	961
24848	28	1325	959	961
106407	28	1294	959	961
24656	28	145	959	961
110785	28	32737	959	961
95383	28	3739	959	961
46694	28	4165	959	961
107311	28	1229	959	961
20150	28	57	959	961
7501	28	394	959	961
14512	28	1063	959	961
15878	28	5369	959	961
19577	28	1253	959	961
47484	28	427	959	961
41449	28	1331	959	961
93874	28	5153	959	961
18318	28	1400	959	961
23150	28	61	959	961
26511	28	5461	959	961
65586	28	357	959	961
61970	28	159	959	961
14157	28	666	959	961
60399	28	1758	959	961
28049	28	1388	959	961
130960	28	45975	959	961
13728	28	666	959	961
111772	28	1092	959	961
16221	28	558	959	961
17356	28	2104	959	961
44248	28	4380	959	961
12453	28	1007	959	961
42177	28	1613	959	961
93000	28	627	959	961
66871	28	280	959	961
49527	28	8770	959	961
12530	28	388	959	961
30475	28	8437	959	961
14196	28	180	959	961
93927	28	3728	959	961
62082	28	614	959	961
44481	28	8943	959	961
64891	28	313	959	961
75827	28	2199	959	961
7870	28	175	959	961
90518	28	3395	959	961
9337	28	74	959	961
32723	28	680	959	961
21238	28	660	959	961
36142	28	57	959	961
11503	28	76	959	961
41512	28	5046	959	961
17760	28	121	959	961
20035	28	129	959	961
11271	28	754	959	961
4836	28	637	959	961
80036	28	13277	959	961
11052	28	5044	959	961
18910	28	1981	959	961
19919	28	240	959	961
57275	28	4854	959	961
60633	28	198	959	962
7645	28	371	959	962
112142	28	18707	959	962
33507	28	61	959	962
33574	28	1335	959	962
5662	28	117	959	962
14496	28	236	959	962
7143	28	702	959	962
25187	28	23	959	962
14698	28	475	959	962
10441	28	449	959	962
97127	28	165	959	962
5401	28	45	959	962
16347	28	54	959	962
7921	28	355	959	962
83857	28	912	959	962
7665	28	369	959	962
34647	28	2672	959	962
8416	28	582	959	962
22737	28	7367	959	962
72625	28	242	959	962
62717	28	366	959	962
16965	28	219	959	962
40753	28	10518	959	962
15266	28	787	959	962
98303	28	8531	959	962
19864	28	313	959	962
26885	28	245	959	962
63845	28	647	959	962
17668	28	1221	959	962
10193	28	283	959	962
20502	28	388	959	962
20515	28	739	959	962
19225	28	388	959	962
99534	28	2325	959	962
86123	28	430	959	962
20588	28	288	959	962
20649	28	4324	959	962
9379	28	24	959	962
29170	28	6273	959	962
8186	28	551	959	962
15509	28	516	959	962
9824	28	1335	959	962
64854	28	132	959	962
116119	28	280	959	962
31663	28	191	959	962
18969	28	916	959	962
23847	28	411	959	962
10881	28	617	959	962
25433	28	748	959	962
14728	28	79	959	962
87073	28	185	959	962
96206	28	34	959	962
7364	28	66	959	962
13941	28	616	959	962
7058	28	16	959	962
75414	28	254	959	962
27676	28	89	959	962
8840	28	1267	959	962
75561	28	392	959	962
63037	28	159	959	962
26464	28	2486	959	962
65513	28	1147	959	962
17973	28	1124	959	962
65583	28	72	959	962
36893	28	740	959	962
42279	28	1317	959	962
12531	28	74	959	962
21060	28	615	959	962
19849	28	51	959	962
24105	28	970	959	962
12119	28	917	959	962
7817	28	181	959	962
75217	28	573	959	962
31480	28	120	959	962
88237	28	496	959	962
16308	28	2068	959	962
24847	28	408	959	962
37302	28	572	959	962
21205	28	759	959	962
136571	28	2774	959	962
37469	28	5226	959	962
9103	28	536	959	962
14273	28	12801	959	962
33480	28	71	959	962
14227	28	951	959	962
33346	28	1883	959	962
45205	28	449	959	962
29134	28	1263	959	962
33801	28	793	959	962
22089	28	27	959	962
10250	28	203	959	962
63470	28	3848	959	962
19210	28	98	959	962
14599	28	76	959	962
16676	28	901	959	962
29520	28	586	959	962
18684	28	124	959	962
34228	28	24	959	962
16797	28	676	959	962
14722	28	625	959	962
34167	28	29	959	962
39572	28	758	959	962
13224	28	940	959	962
11696	28	191	959	962
9447	28	202	959	962
12892	28	1144	959	962
19428	28	136	959	962
25740	28	144	959	962
7706	28	872	959	962
34722	28	469	959	962
40140	28	983	959	962
31694	28	888	959	962
19814	28	1825	959	962
56774	28	2018	959	962
13269	28	582	959	962
6406	28	79	959	962
29108	28	41	959	962
16498	28	112	959	962
16454	28	121	959	962
6731	28	112	959	962
26551	28	2057	959	962
30619	28	1185	959	962
40725	28	123	959	962
30809	28	1070	959	962
54740	28	994	959	962
30509	28	1402	959	962
30844	28	381	959	962
47269	28	1814	959	962
12833	28	716	959	962
120371	28	1898	959	962
15213	28	695	959	962
20420	28	1249	959	962
22583	28	1335	959	962
90624	28	256	959	962
23571	28	181	959	962
90800	28	1542	959	962
35544	28	975	959	962
7684	28	159	959	962
42505	28	2607	959	962
20642	28	2077	959	962
37822	28	165	959	962
121124	28	2204	959	962
91067	28	1559	959	962
20679	28	6728	959	962
73021	28	2154	959	962
7365	28	256	959	962
20013	28	242	959	962
34110	28	1227	959	962
19599	28	141	959	962
27483	28	5606	959	962
26069	28	265	959	962
45331	28	901	959	962
6957	28	169	959	962
23909	28	2286	959	962
31884	28	617	959	962
35797	28	73	959	962
25902	28	319	959	962
7710	28	73	959	962
15653	28	720	959	962
20954	28	1577	959	962
9971	28	74	959	962
63353	28	216	959	962
35904	28	52	959	962
42523	28	217	959	962
65583	28	2283	959	962
9298	28	1030	959	962
26054	28	98	959	962
15005	28	64	959	962
27898	28	12027	959	962
19014	28	261	959	962
12395	28	552	959	962
17705	28	223	959	962
48478	28	1882	959	962
61604	28	668	959	962
5095	28	526	959	962
106532	28	13499	959	962
22272	28	390	959	962
46920	28	2518	959	962
7840	28	86	959	962
66984	28	770	959	962
55252	28	3449	959	962
92407	28	370	959	962
23811	28	252	959	962
44063	28	272	959	962
17696	28	275	959	962
10310	28	111	959	962
79982	28	2485	959	962
12482	28	276	959	962
38130	28	968	959	962
13523	28	597	959	962
8791	28	574	959	962
16744	28	34	959	962
29677	28	2945	959	962
63331	28	379	959	962
25773	28	670	959	962
23193	28	653	959	962
14700	28	959	959	962
26572	28	48	959	962
107302	28	1559	959	962
21006	28	1294	959	962
83127	28	1703	959	962
16862	28	3545	959	962
21858	28	275	959	962
20919	28	1945	959	962
47605	28	4620	959	962
19218	28	3245	959	962
13571	28	70	959	962
35008	28	783	959	962
80359	28	2569	959	962
51332	28	288	959	962
10801	28	334	959	962
12300	28	231	959	962
21506	28	231	959	962
50556	28	794	959	962
22311	28	48	959	962
59610	28	75439	959	962
46738	28	185	959	962
24484	28	31	959	962
7855	28	617	959	962
7107	28	706	959	962
83081	28	8078	959	962
16807	28	577	959	962
22583	28	174	959	962
4587	28	717	959	962
89584	28	2027	959	962
28700	28	171	959	962
43947	28	612	959	962
90214	28	931	959	962
15603	28	1845	959	962
33130	28	52106	959	962
51528	28	354	959	962
9027	28	42835	959	962
27787	28	453	959	962
102187	28	1083	959	962
25064	28	254	959	962
89971	28	2769	959	962
33007	28	21499	959	962
17155	28	292	959	962
80892	28	10690	959	962
10660	28	1151	959	962
84782	28	2957	959	962
79330	28	840	959	962
38929	28	1227	959	962
24953	28	230	959	962
112902	28	58113	959	962
12621	28	40	959	962
29680	28	5351	959	962
17467	28	295	959	962
34194	28	686	959	962
37479	28	119	959	962
88421	28	1117	959	962
20564	28	1050	959	962
12119	28	456	959	962
15784	28	752	959	962
31686	28	2970	959	962
24917	28	318	959	962
34172	28	57	959	962
61338	28	2057	959	962
26578	28	166	959	962
63890	28	8368	959	962
7160	28	1513	959	962
41747	28	1283	959	962
66188	28	994	959	962
74982	28	303	959	962
12882	28	22	959	962
16751	28	525	959	962
18415	28	67	959	962
13729	28	722	959	962
22741	28	205	959	962
15503	28	1998	959	962
52993	28	1082	959	962
83525	28	2545	959	962
24115	28	411	959	962
89691	28	3645	959	962
36624	28	962	959	962
24817	28	707	959	962
19465	28	318	959	962
58109	28	44201	959	962
18959	28	313	959	962
6347	28	240	959	962
35235	28	222	959	962
11549	28	325	959	962
46769	28	1136	959	962
23538	28	184	959	962
21508	28	720	959	962
13196	28	87	959	962
27511	28	76	959	962
23357	28	1492	959	962
62691	28	1309	959	962
11489	28	102	959	962
65003	28	1050	959	962
24352	23	127026	959	962
21517	28	175	959	962
59085	28	10099	959	962
11959	28	19	959	962
21772	28	81	959	962
42783	28	276	959	962
22009	28	1131	959	962
23139	28	2142	959	962
12545	28	923	959	962
37052	28	1829	959	962
11932	28	408	959	962
69398	28	42	959	962
77433	28	415	959	962
109476	28	1173	959	962
38222	28	78	959	962
15746	28	291	959	962
66946	23	127352	959	962
127352	23	66946	959	962
38071	28	1400	959	962
10954	28	49	959	962
18922	28	64	959	962
47024	28	1536	959	962
21430	28	386	959	962
18235	28	1850	959	962
147488	28	614	959	962
14535	28	272	959	962
14859	28	95	959	962
24162	28	693	959	962
15573	28	286	959	962
32321	28	146	959	962
23729	28	722	959	962
13184	28	951	959	962
6613	28	85	959	962
40308	28	740	959	962
16517	28	1317	959	962
67443	28	1931	959	962
38455	28	1163	959	962
37227	28	1097	959	962
22273	28	1142	959	962
39357	28	1488	959	962
28668	28	2145	959	962
40152	28	140	959	962
13734	28	206	959	962
36045	28	1375	959	962
14719	28	539	959	962
109753	28	860	959	962
7669	28	77	959	962
13875	28	42	959	962
13834	28	743	959	962
30184	28	615	959	962
10662	28	436	959	962
20813	28	177	959	962
10502	28	118	959	962
63813	28	860	959	962
27685	28	1607	959	962
16470	28	236	959	962
7893	28	539	959	962
9615	28	202	959	962
59218	28	499	959	962
14211	28	1519	959	962
10014	28	818	959	962
59737	28	860	959	962
29024	28	216	959	962
28551	28	119	959	962
127230	28	1803	959	962
19412	28	580	959	962
21575	28	1549	959	962
10575	28	242	959	962
16327	28	227	959	962
62822	28	253	959	962
15142	28	9018	959	962
14024	28	49	959	962
31366	28	345	959	962
26343	28	1542	959	962
81334	28	3700	959	962
28720	28	403	959	962
39957	28	501	959	962
95242	28	96244	959	962
18847	28	16301	959	962
26355	28	593	959	962
48955	28	495	959	962
59165	28	669	959	962
15443	28	174	959	962
21085	28	676	959	962
32572	28	447	959	962
26457	28	992	959	962
51345	28	1173	959	962
46269	28	263	959	962
79032	28	231	959	962
5573	28	36	959	962
4312	28	275	959	962
94062	28	2277	959	962
72979	28	216	959	962
24912	28	1238	959	962
26200	28	1476	959	962
36933	28	994	959	962
80834	28	2872	959	962
39384	28	740	959	962
32394	28	55	959	962
8648	28	1080	959	962
9686	28	27	959	962
17433	28	22	959	962
45698	28	112	959	962
36014	28	235	959	962
11401	28	963	959	962
51268	28	842	959	962
55273	28	564	959	962
94843	28	2853	959	962
69143	28	792	959	962
108353	28	1083	959	962
10440	28	49	959	962
11171	28	449	959	962
78097	28	3583	959	962
32169	28	903	959	962
14096	28	1230	959	962
81303	28	1239	959	962
27169	28	64	959	962
13374	28	1684	959	962
9094	28	169	959	962
8126	28	211	959	962
14901	28	61	959	962
7977	28	942	959	962
15616	28	2148	959	962
23917	28	387	959	962
44725	28	524	959	962
111239	28	1290	959	962
9898	28	186	959	962
9946	28	597	959	962
110858	28	669	959	962
50852	28	411	959	962
76144	28	2528	959	962
47269	28	1975	959	962
18459	28	1866	959	962
44348	28	253	959	962
8423	28	292	959	962
7817	28	388	959	962
8421	28	27	959	962
13663	28	117	959	962
45812	28	1176	959	962
32343	28	564	959	962
27908	28	68	959	962
20074	28	696	959	962
21449	28	150	959	962
8116	28	178	959	962
34156	28	346	959	962
6833	28	219	959	962
14926	28	231	959	962
42056	28	211	959	962
50787	28	288	959	962
23690	28	422	959	962
80901	28	825	959	962
45000	28	106	959	962
36889	28	1178	959	962
26862	28	88	959	962
51256	28	24	959	962
114367	28	114924	959	962
33112	28	1340	959	962
7795	28	528	959	962
36668	28	402	959	962
6246	28	451	959	962
10082	28	274	959	962
77924	28	673	959	962
26813	28	202	959	962
26057	28	591	959	962
17515	28	282	959	962
23382	28	210	959	962
20148	28	720	959	962
59645	28	1193	959	962
19347	28	54	959	962
67992	28	1624	959	962
50363	28	648	959	962
27731	28	248	959	962
80021	28	330	959	962
17873	28	24	959	962
19922	28	334	959	962
35629	28	523	959	962
49008	28	191	959	962
23604	28	1549	959	962
31448	28	65	959	962
69778	28	2152	959	962
89836	28	1552	959	962
21585	28	20	959	962
7056	28	710	959	962
30685	28	394	959	962
31554	28	1138	959	962
23729	28	1098	959	962
19269	28	1020	959	962
46173	28	1149	959	962
14058	28	536	959	962
26302	28	4524	959	962
19875	28	3583	959	962
130053	28	449	959	962
17179	28	575	959	962
5689	28	49	959	962
99145	28	963	959	962
92324	28	66414	959	962
38121	28	920	959	962
75985	28	154	959	962
11891	28	168	959	962
6594	28	65	959	962
61551	28	1629	959	962
70155	28	1607	959	962
88163	28	83	959	962
8342	28	33	959	962
65875	28	210	959	962
16248	28	445	959	962
59879	28	5444	959	962
10180	28	415	959	962
13150	28	45	959	962
38631	28	120	959	962
56884	28	2426	959	962
95532	28	3762	959	962
27921	28	1138	959	962
47202	28	66246	959	962
11578	28	174	959	962
19043	28	901	959	962
37385	28	1023	959	962
17454	28	44	959	962
70820	28	71	959	962
8023	28	411	959	962
6239	28	145	959	962
15384	28	1056	959	962
64865	28	261	959	962
44021	28	452	959	962
41785	28	756	959	962
18537	28	1199	959	962
61465	28	45	959	962
55246	28	334	959	962
13256	28	597	959	962
28613	28	1154	959	962
68267	28	26828	959	962
26603	28	698	959	962
23675	28	274	959	962
32862	28	2391	959	962
51164	28	507	959	962
12369	28	120	959	962
