47717	28	460	913	922
85012	28	768	913	922
11508	28	8819	913	922
29842	28	327	913	922
69480	28	520	913	922
147052	28	1495	913	922
26160	28	184	913	922
27410	28	669	913	922
28880	28	1156	913	922
95536	28	68	913	922
34339	28	290	913	923
34723	28	30	913	923
31400	28	36	913	923
59888	28	39058	913	923
95548	28	387	913	923
109637	28	542	913	923
149929	14	22103	913	923
47817	28	268	913	923
82727	28	233	913	923
99857	23	121403	913	923
53208	28	52	913	924
112155	28	350	913	924
61527	28	547	913	924
80504	28	261	913	924
76182	28	153	913	924
128464	28	1283	913	924
154867	28	95	913	924
65139	28	267	913	924
116575	28	345	913	924
39703	28	129	913	924
127853	28	350	913	924
95728	23	95438	913	924
70700	28	1407	913	925
25745	23	8244	913	925
8244	23	25745	913	925
35818	28	76	913	925
45743	28	240	913	925
92213	28	132	913	925
94168	28	45	913	925
30696	28	34	913	925
121190	28	453	913	925
93335	28	95	913	926
76520	28	350	913	926
47381	28	291	913	927
152206	28	587	913	928
23300	28	30	913	929
102494	23	68702	913	929
108072	28	371	913	929
65822	23	33763	913	929
33763	23	65822	913	929
51355	28	29	913	929
95662	28	371	913	929
84466	14	854	913	931
28523	23	46397	913	936
61674	16	226	913	937
11133	23	62581	913	939
100646	23	61847	913	948
61847	23	100646	913	948
33304	14	15905	913	949
77747	23	43147	913	953
154260	23	9954	913	954
79055	23	106018	913	955
46397	23	28523	913	960
82447	28	6662	914	0
97411	28	2409	914	0
3992	23	84591	914	0
54673	1	40803	914	0
28917	28	315	914	0
46277	14	4413	914	0
18964	28	241	914	0
55345	28	1071	914	0
20356	28	1860	914	0
116104	6	338	914	0
100880	28	532	914	0
89410	28	247	914	0
50055	14	2005	914	0
137814	14	46013	914	0
42541	14	3741	914	0
78098	28	65	914	0
60753	28	48857	914	0
71642	28	1407	914	0
26910	28	276	914	0
89415	23	3535	914	0
139825	6	59	914	0
78935	14	2922	914	0
19804	28	29	914	0
53210	14	7183	914	0
90743	28	68	914	0
20733	28	58	914	0
120797	8	67603	914	0
85215	28	178	914	0
96784	6	389	914	0
51335	14	7134	914	0
33779	14	902	914	0
5907	14	32441	914	0
80627	6	367	914	0
82447	28	106	914	0
62772	28	32	914	0
69588	6	367	914	0
3032	23	144131	914	0
43931	14	4523	914	0
125583	14	854	914	0
23482	14	444	914	0
119542	28	153	914	0
22600	28	55	914	0
27097	28	347	914	0
10747	6	497	914	0
135551	28	34	914	0
51289	28	32	914	0
24509	28	139	914	0
13848	14	4314	914	0
14031	28	9724	914	0
42259	28	361	914	0
45877	14	775	914	0
24937	28	465	914	0
59659	14	7183	914	0
14031	28	175	914	0
32541	14	95020	914	0
128244	14	1706	914	0
10326	28	14	914	0
94217	28	8006	914	0
31741	14	3057	914	0
41818	28	4437	914	0
40171	28	241	914	0
104606	14	2922	914	0
114480	6	209	914	0
57061	14	943	914	0
67540	14	9093	914	0
26835	28	167	914	0
50055	14	1428	914	0
53766	14	2964	914	0
54128	28	32	914	0
52000	14	5000	914	0
46935	14	3473	914	0
148421	14	207	914	0
80608	28	14	914	0
58604	6	58249	914	0
34216	14	902	914	0
153685	6	81408	914	0
18065	28	14	914	0
129740	16	226	914	0
40329	28	165	914	0
46277	14	3568	914	0
21843	28	241	914	0
125583	14	7055	914	0
14675	28	540	914	0
108955	14	827	914	0
27124	28	361	914	0
53142	6	1615	914	0
130503	28	1407	914	0
112074	28	241	914	0
71401	28	3554	914	0
29775	28	546	914	0
111419	28	967	914	0
16015	28	594	914	0
35869	28	4769	914	0
76720	23	43765	914	0
8450	28	228	914	0
108100	14	49846	914	0
7350	14	444	914	0
128250	14	12276	914	0
21618	28	361	914	0
60507	28	120	914	915
111998	28	164	914	915
82946	28	37	914	915
14675	28	121	914	915
40283	28	240	914	915
26778	28	150	914	915
10473	28	3331	914	915
71724	28	347	914	915
40983	28	702	914	915
31659	28	241	914	915
36742	28	85	914	915
75865	28	76	914	915
86074	28	71	914	915
41463	28	117	914	915
89423	28	85	914	915
25636	28	86	914	915
89508	28	289	914	915
61824	28	29	914	915
74073	28	1050	914	915
7979	28	3182	914	915
78034	28	1034	914	915
84911	28	714	914	915
103048	28	557	914	915
11882	28	710	914	915
78820	28	32744	914	915
66800	28	1122	914	915
14222	28	289	914	915
52788	28	45	914	915
87818	28	22	914	915
26916	28	241	914	915
68446	28	337	914	915
31250	28	2701	914	915
107738	28	193	914	915
62351	28	79	914	915
27125	28	223	914	915
40442	28	750	914	915
69846	28	706	914	915
78098	28	213	914	915
52219	28	574	914	915
7332	28	1242	914	915
93399	28	19	914	915
33093	28	2391	914	915
83114	28	2319	914	915
13234	28	704	914	915
127403	28	57	914	915
147741	28	77	914	915
60067	28	5063	914	915
34810	28	422	914	915
128464	28	11779	914	915
46024	28	962	914	915
31149	28	152	914	915
74847	28	83	914	915
149388	28	63	914	915
44686	28	1234	914	915
102899	28	343	914	915
54390	28	1581	914	915
65446	28	282	914	915
20540	28	1110	914	915
98201	28	1149	914	915
42746	28	474	914	915
68630	28	475	914	915
12469	28	610	914	915
44450	28	2454	914	915
88947	28	750	914	915
97988	28	800	914	915
67341	28	1742	914	915
92174	28	333	914	915
69881	28	122	914	915
20951	28	86	914	915
73854	28	793	914	915
105918	28	45	914	915
17470	28	2203	914	915
152008	28	930	914	915
60451	28	164	914	915
47537	28	10690	914	915
33738	28	83	914	915
65845	28	2069	914	915
27843	28	132	914	915
20733	28	121	914	915
119542	28	836	914	915
22916	28	293	914	915
21618	28	1213	914	915
8422	28	105	914	915
23907	28	126	914	915
44057	28	930	914	915
8804	28	46	914	915
89913	28	5755	914	915
39486	28	293	914	915
38569	28	150	914	915
44841	28	546	914	915
36739	28	244	914	915
90778	28	31	914	915
80264	28	2341	914	915
41427	28	71	914	915
29308	28	629	914	915
75333	28	286	914	915
66667	28	8710	914	915
37455	28	267	914	915
23328	28	56	914	915
99627	28	132	914	915
23170	28	698	914	915
35210	28	520	914	915
83255	28	22	914	916
61489	28	111	914	916
38669	28	45	914	916
62507	28	37	914	916
85338	28	29	914	916
86300	28	3033	914	916
36940	28	141	914	916
15380	28	242	914	916
84759	28	311	914	916
88515	28	248	914	916
7293	28	51	914	916
103533	28	205	914	916
30192	28	2411	914	916
76065	28	628	914	916
19104	28	1958	914	916
26592	28	88	914	916
39637	28	27	914	916
23397	28	47675	914	916
40264	28	422	914	916
12036	28	192	914	916
33829	28	29	914	916
42457	28	53	914	916
32428	28	24227	914	916
32878	28	111	914	916
11368	28	247	914	916
24440	28	50	914	916
13978	28	800	914	916
50215	28	620	914	916
9424	28	351	914	916
112046	28	5063	914	916
59488	28	164	914	916
16257	28	120	914	916
59804	28	165	914	916
51587	28	267	914	916
63654	28	529	914	916
110493	28	625	914	916
105803	28	1102	914	916
13105	28	806	914	916
79660	28	20	914	916
62160	28	177	914	916
31570	28	1733	914	916
85215	28	1149	914	916
112798	28	866	914	916
94313	28	134	914	916
20614	28	52	914	916
56089	28	131	914	916
48477	28	60	914	916
70029	28	132	914	916
7243	28	962	914	916
51929	28	554	914	916
77186	28	250	914	916
57597	28	68	914	916
20501	28	16	914	916
44578	28	65	914	916
25089	28	2341	914	916
15428	28	133	914	916
17121	28	1071	914	916
128924	28	22	914	916
44518	28	432	914	916
50995	28	99	914	916
81495	28	1676	914	916
41279	28	836	914	916
20628	28	180	914	916
28889	28	16	914	916
124520	28	2060	914	916
33546	28	522	914	916
17925	28	327	914	916
42259	28	1317	914	916
130576	28	277	914	916
69628	28	168	914	916
68854	28	259	914	916
111641	28	30	914	916
55143	28	80	914	916
88113	28	439	914	916
51809	28	3331	914	916
59505	28	31	914	916
41818	28	2174	914	916
56198	28	58915	914	916
92866	28	114	914	916
34931	28	177	914	916
94816	28	58	914	916
14386	28	2069	914	916
147219	28	57	914	916
32277	28	60	914	916
14424	28	698	914	917
22595	28	1243	914	917
13061	28	715	914	917
35142	28	166	914	917
98499	28	695	914	917
19607	28	30	914	917
86696	28	91	914	917
60563	28	80	914	917
12586	28	22	914	917
20464	28	136	914	917
50533	28	3668	914	917
91602	28	140	914	917
29983	28	65	914	917
126736	28	1752	914	917
46339	28	91	914	917
26301	28	1323	914	917
69033	28	60	914	917
22631	28	406	914	917
23717	28	1688	914	917
61577	28	32	914	917
77685	28	16	914	917
49713	28	178	914	917
39853	28	45	914	917
29583	28	286	914	917
77600	28	88	914	917
13051	28	710	914	917
111560	28	19	914	917
90367	28	76	914	917
27878	28	704	914	917
94417	28	42	914	917
45767	28	420	914	917
21618	28	8710	914	917
26946	28	896	914	917
26236	28	252	914	918
19607	28	247	914	918
36677	28	216	914	918
31574	28	114	914	918
101885	28	30	914	918
52619	28	253	914	918
25217	28	51	914	918
54395	28	2438	914	918
98208	23	79199	914	918
47319	28	58	914	918
29589	28	623	914	918
91524	28	7052	914	918
23572	28	162	914	918
83480	28	213	914	918
83408	28	39	914	918
46270	28	158	914	918
90006	28	856	914	918
62811	28	60	914	918
19077	28	714	914	918
11613	28	846	914	918
46254	28	1562	914	918
138696	14	2815	914	918
94476	28	809	914	918
80741	28	66	914	918
41500	28	85	914	918
37336	28	29	914	918
105197	28	260	914	918
97737	28	474	914	919
63348	28	164	914	919
74494	23	19549	914	919
34111	28	20	914	919
82696	28	706	914	919
19742	28	61	914	919
85278	28	100	914	919
69703	28	184	914	919
125821	28	453	914	919
54155	28	164	914	919
20022	28	158	914	919
45767	28	60	914	919
3685	23	4118	914	919
10816	28	164	914	919
14824	28	69	914	919
79286	28	66	914	919
59055	28	132	914	919
48689	28	675	914	919
41896	28	105	914	919
46614	28	710	914	919
78354	28	969	914	919
47197	28	34	914	919
33318	28	16	914	920
97613	28	64	914	920
62811	28	420	914	920
21746	28	136	914	920
74787	23	16424	914	920
42974	28	164	914	920
121422	28	162	914	920
105733	28	159	914	920
41086	28	37	914	920
26615	28	86	914	920
68757	28	155	914	920
9557	28	395	914	920
22600	28	86	914	920
15633	28	336	914	920
43129	28	5063	914	920
93012	28	111	914	920
24312	23	126345	914	920
12263	28	86	914	920
80219	16	5919	914	920
31092	28	1399	914	920
110688	28	1818	914	920
105668	23	2157	914	920
11112	16	5919	914	920
53973	28	30	914	920
82588	28	14	914	921
57081	28	159	914	921
71081	28	88	914	921
62845	28	797	914	921
25226	28	227	914	921
40902	28	227	914	921
33710	28	303	914	921
93554	23	16307	914	921
54677	28	32	914	921
90049	28	360	914	921
72556	28	164	914	921
120524	28	66	914	921
27113	28	303	914	921
111607	28	83	914	921
22079	28	164	914	921
95682	28	37	914	921
49244	28	34	914	921
18001	28	14	914	921
41580	28	47	914	922
86738	28	213	914	922
48555	28	256	914	922
54409	28	164	914	922
55478	28	268	914	922
15071	28	44	914	922
52107	28	27	914	922
7604	23	148067	914	922
148067	23	7604	914	922
101403	28	227	914	922
40264	28	494	914	922
38138	28	28	914	922
80367	28	1559	914	922
113429	28	47	914	923
60785	28	124	914	923
63072	28	45	914	923
11417	28	36	914	923
28391	28	837	914	923
69078	28	217	914	923
44927	28	206	914	923
134860	28	44	914	923
50969	28	267	914	923
54150	28	626	914	923
89476	28	73	914	923
92356	28	143	914	923
62422	28	135	914	924
15501	23	4211	914	924
33936	28	213	914	924
35869	28	102	914	924
69455	28	380	914	924
94168	28	68	914	924
42001	28	165	914	924
110784	28	1556	914	924
34324	28	291	914	924
80233	28	46	914	924
51289	28	256	914	924
70935	28	380	914	925
61527	28	275	914	925
23377	28	247	914	925
62422	28	959	914	926
95618	28	228	914	926
38219	28	101	914	926
69737	28	165	914	926
121473	14	4052	914	927
78505	28	675	914	927
28661	28	30	914	927
60370	28	675	914	927
22631	28	397	914	928
125577	28	535	914	928
32428	28	101	914	928
40118	23	38940	914	928
17785	28	660	914	929
13221	28	227	914	929
95662	28	217	914	929
173186	14	2815	914	930
111818	28	193	914	930
99945	28	825	914	931
51146	28	19	914	931
44683	28	31	914	931
44080	28	256	914	931
129740	16	838	914	931
107407	28	370	914	932
9660	23	58197	914	933
58197	23	9660	914	933
3948	23	58483	914	934
58483	23	3948	914	934
42863	28	1401	914	936
111777	16	8	914	936
10192	23	102051	914	944
17502	16	1256	914	944
13127	23	113864	914	949
3095	23	61439	914	955
61439	23	3095	914	955
105608	23	105607	914	961
91934	23	90327	914	966
61457	6	1681	915	0
39486	28	14672	915	0
26225	28	85	915	0
9321	28	888	915	0
98202	23	3601	915	0
25023	28	1277	915	0
74817	28	29	915	0
26225	28	289	915	0
117194	28	211	915	0
76363	28	805	915	0
84258	6	367	915	0
35378	23	5398	915	0
52977	28	452	915	0
54365	14	1786	915	0
26956	28	37	915	0
36138	28	786	915	0
58615	14	23980	915	0
3961	23	4432	915	0
46166	28	136	915	0
21611	28	290	915	0
13112	14	3741	915	0
102824	14	9403	915	0
122109	6	2120	915	0
20884	28	938	915	0
74530	28	1411	915	0
67648	14	4314	915	0
70969	28	3325	915	0
123812	16	1376	915	0
50276	23	80508	915	0
80419	14	444	915	0
37966	14	24194	915	0
42334	14	5000	915	0
54572	28	1668	915	0
32411	28	136	915	0
94487	14	58242	915	0
59594	28	60	915	0
23482	14	902	915	0
100545	28	45	915	0
24610	28	412	915	0
22105	1	51159	915	0
91610	14	16795	915	0
57172	28	16	915	0
24509	28	2627	915	0
44240	14	2297	915	0
66667	28	176	915	0
74066	28	6617	915	0
69952	28	164	915	0
92615	28	6617	915	0
117194	28	32	915	0
60299	28	361	915	0
21444	28	1742	915	0
44080	28	241	915	0
105733	28	164	915	0
41430	28	147	915	0
59560	28	361	915	0
77530	6	50894	915	0
14151	28	92	915	0
20135	6	2021	915	0
83292	28	56	915	0
72458	28	241	915	0
124899	28	184	915	0
94487	14	2964	915	0
20733	28	70	915	0
44571	28	856	915	0
26835	28	165	915	0
102370	14	2297	915	0
65580	28	5052	915	0
51271	28	678	915	0
15598	28	1874	915	0
78895	14	49846	915	0
78127	14	2384	915	0
9535	28	34	915	0
32541	14	4611	915	0
49625	28	6568	915	0
50055	14	6305	915	0
93468	14	24216	915	0
14222	28	31	915	0
95601	28	1971	915	0
82163	14	98227	915	0
68982	6	16979	915	0
126116	28	34	915	0
40097	14	3568	915	0
87452	14	58242	915	0
40428	28	560	915	0
12469	28	475	915	0
89653	14	2922	915	0
65845	28	836	915	0
150476	6	2547	915	0
128346	14	2258	915	0
72263	14	1217	915	0
92761	14	12967	915	0
48284	28	60	915	0
26225	28	836	915	0
13234	28	149	915	0
59407	14	15905	915	0
65580	28	107	915	0
19001	28	402	915	916
45803	28	45	915	916
34268	28	164	915	916
83516	28	750	915	916
22417	28	45	915	916
13234	28	1021	915	916
30073	28	57	915	916
15242	28	63	915	916
12099	28	78	915	916
82233	28	10738	915	916
73674	28	120	915	916
20639	28	351	915	916
20540	28	836	915	916
36427	28	141	915	916
20609	28	46	915	916
88180	28	2069	915	916
101757	28	134	915	916
18570	28	73	915	916
60754	28	16	915	916
25206	28	455	915	916
98295	28	137415	915	916
103037	28	1080	915	916
77988	28	99	915	916
98201	28	347	915	916
7332	28	3599	915	916
20733	28	99	915	916
68164	28	2069	915	916
17961	28	391	915	916
89508	28	63	915	916
65580	28	2069	915	916
78914	28	38	915	916
100852	28	80	915	916
24509	28	79	915	916
22916	28	6796	915	916
32035	28	364	915	916
75583	28	2438	915	916
24024	28	141	915	916
52788	28	129	915	916
7301	28	176	915	916
13978	28	29	915	916
121078	28	199	915	916
12975	28	354	915	916
20921	28	2422	915	916
94133	28	53	915	916
73630	28	706	915	916
80264	28	400	915	916
82946	28	156	915	916
17060	28	277	915	916
82349	28	365	915	916
87519	28	1153	915	916
10473	28	1102	915	916
55426	28	837	915	916
60299	28	474	915	916
65845	28	1032	915	916
32302	28	150	915	916
108155	28	152	915	916
26778	28	63	915	916
87399	28	46	915	916
30155	28	1698	915	916
34810	28	223	915	916
27124	28	475	915	916
20540	28	1032	915	916
78034	28	698	915	916
21413	28	83	915	916
40805	28	4437	915	916
53009	28	554	915	916
28297	28	247	915	916
106513	28	188	915	916
87552	28	542	915	916
25268	28	1149	915	916
6252	28	39	915	916
42746	28	380	915	916
51849	28	29	915	916
109705	28	99	915	916
54412	28	1076	915	916
25802	28	232	915	916
13448	28	5312	915	916
98551	28	257	915	916
20136	28	114	915	916
70737	28	180	915	916
14389	28	2069	915	916
130068	28	156	915	916
78508	28	86	915	916
123277	28	629	915	916
59845	28	15526	915	916
12469	28	1101	915	916
94054	28	282	915	916
93636	28	164	915	916
9350	28	47	915	916
65160	28	2483	915	916
26863	28	10874	915	916
36742	28	118	915	916
28596	28	330	915	916
54462	28	240	915	916
79122	28	232	915	916
24633	28	103	915	916
8804	28	20	915	916
8422	28	81	915	916
23907	28	283	915	916
40902	28	233	915	916
21328	23	41419	915	916
15463	28	629	915	916
83692	28	273	915	916
54572	28	743	915	916
78820	28	2409	915	916
19676	28	14	915	916
74066	28	64	915	916
133937	28	126	915	916
88560	28	28	915	916
81922	28	205	915	916
62638	28	55	915	916
182386	28	114	915	916
24850	28	161	915	916
100368	28	188	915	916
60028	28	623	915	916
100545	28	171	915	916
18683	28	176	915	916
65295	28	89	915	916
51355	28	19	915	916
82631	28	67	915	916
41768	28	60	915	916
34285	28	351	915	916
14222	28	1668	915	916
45916	28	72	915	916
6325	28	2780	915	916
43011	28	930	915	916
17470	28	432	915	916
17242	28	1169	915	916
23294	28	315	915	916
28917	28	293	915	917
3601	23	98202	915	917
20128	28	5023	915	917
54837	28	114	915	917
27125	28	122	915	917
75707	28	109	915	917
40329	28	216	915	917
23328	28	40	915	917
36030	28	1136	915	917
15262	28	5023	915	917
70982	28	1832	915	917
74111	28	377	915	917
87265	28	80	915	917
42419	28	92	915	917
57312	28	45	915	917
106554	28	134	915	917
42465	28	312	915	917
17142	28	44	915	917
73059	28	330	915	917
64279	28	122	915	917
42673	28	164	915	917
21543	28	131	915	917
9321	28	542	915	917
16371	28	265	915	917
46459	28	1676	915	917
37983	23	42744	915	917
68805	28	165	915	917
43015	28	43	915	917
59154	28	28	915	917
44338	28	893	915	917
109423	28	848	915	917
57172	28	152	915	917
31149	28	38	915	917
81651	28	50	915	917
61895	28	91	915	917
18164	28	29	915	917
54892	23	110214	915	917
102918	28	210	915	917
27959	28	293	915	917
55719	28	334	915	917
65446	28	273	915	917
77759	28	985	915	917
11433	28	4890	915	917
49490	28	1488	915	917
94754	28	210	915	917
20815	28	171	915	917
20522	28	50	915	917
83526	28	43	915	917
152008	28	71	915	917
35034	28	1402	915	917
99021	28	46	915	917
80772	28	1196	915	917
15153	28	169	915	917
33131	28	274	915	917
14151	28	38	915	917
51202	28	164	915	917
101105	28	177	915	917
30347	28	621	915	917
36321	28	80	915	917
53365	28	158	915	917
25636	28	39	915	917
53548	28	330	915	917
107757	28	289	915	917
12854	23	103558	915	917
103558	23	12854	915	917
59478	28	168	915	917
13329	28	2388	915	917
20402	28	46	915	917
14985	28	55	915	917
27517	28	50	915	917
6471	23	59195	915	917
84911	28	1349	915	917
82001	28	432	915	917
38196	28	364	915	917
21422	28	178	915	917
11392	28	494	915	917
21890	28	161	915	918
22916	28	60	915	918
17202	28	144	915	918
74817	28	19	915	918
53961	28	676	915	918
87818	28	65	915	918
65805	28	60	915	918
66667	28	295	915	918
57597	28	129	915	918
12985	28	49	915	918
71779	28	1804	915	918
103471	28	910	915	918
12127	28	159	915	918
89423	28	88	915	918
56454	28	112	915	918
47383	28	10738	915	918
52757	28	353	915	918
35000	28	43	915	918
80790	28	3505	915	918
17101	28	321	915	918
89964	28	101	915	918
16463	28	101	915	918
108933	6	389	915	918
29623	28	53	915	918
29200	28	318	915	918
83292	28	298	915	918
104501	28	109	915	918
44240	14	94787	915	918
14539	28	37	915	918
55584	28	346	915	918
29308	28	1611	915	918
90827	28	213	915	918
46053	28	132	915	918
110889	28	4861	915	918
88947	28	1025	915	918
62351	28	22	915	918
81960	28	28	915	918
65385	28	40	915	918
35218	28	2310	915	918
95352	28	6452	915	918
27843	28	59836	915	918
53825	28	89	915	918
76688	28	1036	915	918
27744	28	29	915	918
59730	28	3350	915	918
26835	28	1216	915	918
76688	28	460	915	918
69834	28	103	915	918
125868	28	150	915	918
102568	28	40	915	918
26463	28	800	915	918
26916	28	176	915	918
85758	28	32	915	918
15970	28	168	915	918
18118	28	178	915	918
101014	28	3350	915	918
34055	28	164	915	919
71436	28	464	915	919
159579	23	102303	915	919
121190	28	783	915	919
48793	28	65	915	919
102335	28	145	915	919
32314	28	52	915	919
30636	28	20	915	919
39137	28	19	915	919
51271	28	818	915	919
45199	28	3599	915	919
79223	28	161	915	919
93399	28	150	915	919
97572	28	83	915	919
51518	23	100132	915	919
100132	23	51518	915	919
118595	28	350	915	919
51577	28	36	915	919
40447	28	502	915	919
150195	28	500	915	919
69250	28	180	915	919
49278	28	19	915	919
19759	28	290	915	919
27736	28	16	915	919
68757	28	60	915	919
37767	28	1253	915	919
8682	28	213	915	919
30658	28	156	915	919
38606	28	12800	915	919
69646	28	76	915	919
20163	28	41	915	919
30814	28	260	915	919
68306	28	215	915	919
16168	28	169	915	919
100967	28	48	915	919
31753	28	145	915	919
67035	28	47	915	919
35099	28	331	915	919
78597	28	10676	915	919
32091	28	58	915	919
16680	28	36	915	919
114981	28	381	915	920
21843	28	176	915	920
43034	28	1767	915	920
40537	28	82	915	920
163102	28	413	915	920
32911	28	60	915	920
23187	28	50	915	920
43821	28	165	915	920
26910	28	131	915	920
45208	28	675	915	920
69881	28	47	915	920
20736	28	20	915	920
38425	28	76	915	920
24556	28	609	915	920
41993	28	23	915	920
46620	28	71	915	920
27931	28	29	915	920
15354	28	20	915	920
57081	28	164	915	920
23572	28	206	915	920
42967	28	121	915	920
51071	28	346	915	920
82425	28	140	915	920
69846	28	282	915	920
27403	28	32	915	920
92615	28	27	915	920
49556	28	202	915	920
152892	28	957	915	920
21924	28	114	915	921
23087	28	79	915	921
75210	28	848	915	921
12247	28	41	915	921
72651	28	514	915	921
26307	28	22	915	921
48845	28	23	915	921
45318	28	99	915	921
28667	28	27	915	921
21550	28	205	915	921
25975	28	280	915	921
30698	28	131	915	921
28466	28	975	915	921
28054	28	22	915	921
59878	28	280	915	921
80929	28	460	915	921
95601	28	277	915	921
37994	28	261	915	921
67161	28	43	915	921
69480	28	429	915	921
130877	28	102	915	921
51649	28	184	915	921
19982	28	159	915	921
72539	28	23912	915	921
45001	28	101	915	922
26422	23	30547	915	922
73218	28	540	915	922
134704	28	2438	915	922
5398	23	35378	915	922
34324	28	244	915	922
74073	28	143	915	922
27744	28	50	915	922
25119	28	66	915	922
51192	28	20	915	922
110214	23	54892	915	922
68854	28	227	915	922
128797	28	30	915	922
59880	28	551	915	922
38425	28	29	915	922
20757	28	196	915	922
70298	28	1627	915	922
55173	28	214	915	922
11353	28	52	915	922
13083	28	848	915	922
98808	28	69	915	922
40313	28	32	915	922
84966	28	417	915	923
27433	28	383	915	923
61127	28	1698	915	923
83476	28	132	915	923
30651	28	102	915	923
87899	28	360	915	923
52088	28	14	915	923
80929	28	224	915	923
24610	28	261	915	923
59560	28	256	915	923
23361	28	102	915	923
65731	28	60	915	923
154563	28	205	915	923
105482	28	330	915	923
21087	28	102	915	923
97988	28	57	915	924
100652	28	403	915	924
62368	28	452	915	924
75712	28	32	915	924
49447	28	66	915	924
47537	28	304	915	924
42806	28	95	915	924
49745	28	10512	915	924
25442	28	223	915	924
77682	23	129741	915	924
52659	28	1216	915	924
34351	28	402	915	924
55410	28	345	915	924
125876	28	768	915	924
22577	23	4288	915	924
4288	23	22577	915	924
47381	28	244	915	924
38807	28	2838	915	925
16303	28	103	915	925
95997	28	95	915	925
65573	28	68	915	925
62047	28	248	915	925
69774	28	460	915	925
73483	28	268	915	925
36909	28	142	915	926
43443	23	91748	915	926
91748	23	43443	915	926
35231	28	193	915	926
80848	28	392	915	926
7939	23	81882	915	926
81882	23	7939	915	926
51271	28	368	915	926
30103	28	20	915	926
2819	23	6711	915	926
54939	28	167	915	927
49931	28	76	915	927
75712	28	131	915	927
75401	28	1239	915	927
13514	28	76	915	927
94899	28	531	915	927
22410	28	66	915	927
3404	23	60946	915	928
60946	23	3404	915	928
47790	28	41152	915	928
86112	28	623	915	928
66222	28	240	915	928
100085	28	228	915	928
60903	28	463	915	928
9426	23	153217	915	928
186087	28	366	915	928
115096	28	143	915	929
37119	28	460	915	929
111818	28	327	915	929
51975	28	1243	915	929
138938	28	10187	915	930
105802	23	58811	915	930
76467	28	165	915	930
16916	28	52	915	930
53992	28	216	915	930
35424	28	41	915	930
59845	28	121	915	931
38379	28	44	915	931
92819	28	785	915	931
31201	23	34180	915	933
34180	23	31201	915	933
31025	28	52	915	933
71397	23	111543	915	933
44057	28	37	915	934
4432	23	3961	915	935
64344	14	32441	915	935
95261	23	87539	915	936
87539	23	95261	915	936
95483	23	67841	915	941
67841	23	95483	915	941
97544	23	61669	915	942
72262	23	18330	915	942
18330	23	72262	915	942
71836	16	8901	915	943
41108	16	1256	915	946
3552	23	31257	915	949
31257	23	3552	915	949
71925	23	23152	915	952
11881	23	71287	915	956
3828	23	16155	915	961
16155	23	3828	915	961
14222	28	4619	916	0
112401	28	176	916	0
61163	6	59	916	0
30009	28	176	916	0
46174	28	629	916	0
35400	14	3698	916	0
85215	28	714	916	0
54493	6	2441	916	0
23581	28	4619	916	0
10473	28	1640	916	0
30344	28	80	916	0
116703	28	768	916	0
30974	28	14	916	0
87552	28	114	916	0
88004	23	117354	916	0
112046	28	551	916	0
37418	14	3473	916	0
12925	28	8461	916	0
103452	28	166	916	0
2647	23	15186	916	0
15186	23	2647	916	0
46889	28	60	916	0
29863	28	29	916	0
5907	14	3741	916	0
40020	28	622	916	0
31250	28	967	916	0
7250	28	292	916	0
83881	6	1473	916	0
78754	14	2297	916	0
89410	28	1349	916	0
46270	28	247	916	0
31456	28	46	916	0
26243	28	88	916	0
84127	28	1496	916	0
30192	28	4924	916	0
35218	28	54	916	0
75085	28	48	916	0
20614	28	1640	916	0
50059	14	2188	916	0
26956	28	141	916	0
20951	28	120	916	0
10747	30	59	916	0
31985	28	1390	916	0
106778	14	2995	916	0
80512	28	217	916	0
13105	28	1021	916	0
23272	28	265	916	0
27391	14	444	916	0
147052	28	768	916	0
62716	28	33	916	0
14041	28	131	916	0
101403	28	136	916	0
26694	6	393	916	0
42018	28	478	916	0
97687	6	1348	916	0
98236	14	4413	916	0
26243	28	4619	916	0
23785	28	4619	916	0
20125	28	336	916	0
43319	28	500	916	0
124537	6	306	916	0
35138	28	68	916	0
18032	14	7134	916	0
21484	28	333	916	0
18732	28	4619	916	0
38611	28	91	916	0
88130	28	768	916	0
9741	28	14	916	0
48990	14	32441	916	0
6363	23	28277	916	0
101757	28	445	916	0
103305	28	1068	916	0
112798	28	2104	916	0
95243	28	464	916	0
50330	6	497	916	0
16303	28	34	916	0
94411	28	786	916	0
18477	28	60	916	0
13105	28	2642	916	0
80903	28	6662	916	0
111112	14	902	916	0
79156	14	2384	916	0
41835	14	2258	916	0
24024	28	180	916	0
56315	14	2258	916	0
95173	28	5612	916	0
87399	28	166	916	0
51929	28	176	916	0
63412	14	12276	916	0
36213	14	2797	916	0
21922	28	951	916	0
96689	14	2764	916	0
58336	14	2951	916	0
38266	28	53	916	0
26694	30	2441	916	0
111883	14	1706	916	0
118830	14	7980	916	0
142952	14	3280	916	0
20428	28	29	916	0
49640	28	216	916	0
154812	14	3055	916	0
148844	6	72028	916	0
53210	14	58242	916	0
54999	28	2439	916	0
18518	28	48	916	0
15071	28	24	916	0
84292	6	36352	916	0
52082	28	88	916	0
59131	14	27157	916	0
56315	14	943	916	0
67435	28	176	916	0
103452	28	46	916	0
49292	28	34709	916	0
24492	28	122	916	0
111578	28	532	916	0
44422	28	30	916	0
130673	14	94	916	0
141628	16	15793	916	0
17857	28	87	916	0
97307	28	267	916	0
125420	14	444	916	0
52082	28	134	916	917
82349	28	140	916	917
98201	28	175	916	917
114988	28	524	916	917
20540	28	1025	916	917
12975	28	146	916	917
64086	28	70669	916	917
20609	28	33	916	917
20614	28	91	916	917
20733	28	336	916	917
86678	28	439	916	917
9350	28	552	916	917
41279	28	502	916	917
65295	28	231	916	917
116801	28	99	916	917
29741	28	144	916	917
62160	28	1977	916	917
50215	28	431	916	917
72007	28	5796	916	917
83206	28	848	916	917
56501	28	43	916	917
10807	28	14	916	917
15677	28	14	916	917
41830	28	379	916	917
19153	28	29	916	917
48567	28	2438	916	917
91823	28	39	916	917
34285	28	331	916	917
40855	28	1958	916	917
28880	28	460	916	917
49301	28	114	916	917
36846	28	281	916	917
39486	28	379	916	917
106180	28	439	916	917
33453	28	1459	916	917
50666	28	3762	916	917
36940	28	330	916	917
33038	28	80	916	917
89234	28	56	916	917
55460	28	675	916	917
94054	28	273	916	917
75865	28	343	916	917
50503	28	1958	916	917
145794	28	227	916	917
82447	28	4379	916	917
18001	28	99	916	917
50707	28	1596	916	917
28422	28	188	916	917
85757	28	101	916	917
73350	28	72	916	917
79660	28	63	916	917
86645	28	150	916	917
93004	28	232	916	917
51997	28	45	916	917
65845	28	1129	916	917
33137	28	298	916	917
15242	28	111	916	917
105953	28	2069	916	917
108389	28	33	916	917
95271	28	22	916	917
22859	28	68	916	917
149672	28	44631	916	917
8804	28	41	916	917
15042	28	176	916	917
128924	28	89	916	917
30073	28	277	916	917
62507	28	180	916	917
62716	28	28	916	917
74475	28	45	916	917
40264	28	202	916	917
68052	28	710	916	917
75583	28	242	916	917
13448	28	449	916	917
17470	28	552	916	917
34898	28	216	916	917
95248	28	147	916	917
28160	28	386	916	917
61007	28	339	916	917
39637	28	177	916	917
23270	28	289	916	917
37125	28	53	916	917
103533	28	386	916	917
82631	28	100	916	917
26477	28	698	916	917
94885	28	1222	916	917
130576	28	87	916	917
68454	28	83	916	917
32375	28	58	916	917
80463	28	1071	916	917
43050	28	232	916	917
28961	28	68	916	917
45407	28	625	916	917
35099	28	43	916	917
12437	28	41	916	917
28439	28	529	916	917
74887	28	253	916	917
32302	28	250	916	917
78098	28	1025	916	917
18570	28	80	916	917
83175	28	351	916	917
94133	28	107	916	917
68630	28	550	916	917
25863	28	361	916	917
48956	28	2649	916	917
24850	28	177	916	917
40074	28	378	916	917
130864	28	45	916	917
121078	28	188	916	917
27311	28	43	916	917
29468	28	69	916	917
8422	28	80	916	917
8731	28	199	916	917
64133	28	6384	916	917
75085	28	177	916	917
104340	28	77	916	917
7250	28	295	916	917
8646	28	295	916	917
12099	28	1354	916	917
10473	28	2409	916	917
18056	28	165	916	917
86492	28	354	916	917
78820	28	2069	916	917
155008	28	471	916	917
14386	28	78	916	917
94816	28	149	916	917
6252	28	65	916	918
55143	28	67	916	918
37119	28	1156	916	918
19507	28	20	916	918
27124	28	695	916	918
75865	28	67	916	918
20628	28	141	916	918
76260	28	145	916	918
113076	28	19	916	918
52788	28	205	916	918
58875	28	168	916	918
20820	28	4716	916	918
7293	28	55	916	918
29592	28	1321	916	918
60640	28	368	916	918
20136	28	156	916	918
38117	28	242	916	918
14675	28	131	916	918
35431	28	77	916	918
62638	28	168	916	918
38266	28	150	916	918
75060	28	55	916	918
23377	28	41	916	918
43061	28	343	916	918
13978	28	30	916	918
121534	28	228	916	918
31603	28	161	916	918
81149	28	277	916	918
21871	28	938	916	918
109401	28	83	916	918
146030	28	3554	916	918
118909	28	273	916	918
36427	28	37	916	918
81495	28	2026	916	918
39167	28	343	916	918
10887	28	626	916	918
86416	28	9832	916	918
99039	28	213	916	918
50212	28	145	916	918
103452	28	1102	916	918
66553	28	387	916	918
74066	28	56	916	918
82233	28	986	916	918
25427	28	169	916	918
34810	28	134	916	918
7243	28	502	916	918
21611	28	3106	916	918
78787	28	44	916	918
81475	28	64	916	918
29083	28	1488	916	918
15394	28	83	916	918
32911	28	477	916	918
100330	23	34945	916	918
21871	28	4890	916	918
151880	28	274	916	918
26838	28	1165	916	918
65580	28	2439	916	918
7332	28	1081	916	918
80948	28	50	916	918
7621	28	169	916	918
18933	28	2548	916	918
89508	28	134	916	918
27405	28	380	916	918
111578	28	380	916	918
23581	28	31	916	918
81651	28	43	916	918
111367	28	82	916	918
77780	28	31	916	918
25690	28	53	916	918
98551	28	1818	916	918
87399	28	1102	916	918
111641	28	40	916	918
70029	28	2087	916	918
68164	28	110	916	918
33660	28	176	916	918
60299	28	176	916	918
72458	28	336	916	918
128233	28	91	916	918
80259	28	1169	916	918
24837	28	213	916	919
52977	28	1392	916	919
35498	28	158	916	919
73674	28	111	916	919
12469	28	542	916	919
16810	28	387	916	919
88560	28	177	916	919
100368	28	105	916	919
40021	28	1211	916	919
85044	28	166	916	919
31060	28	53	916	919
65060	28	13564	916	919
88180	28	44897	916	919
84650	28	277	916	919
26592	28	339	916	919
31570	28	1179	916	919
27403	28	211	916	919
29620	28	235	916	919
51155	28	281	916	919
42329	28	109	916	919
93806	28	44	916	919
100545	28	145	916	919
24440	28	39	916	919
26778	28	6369	916	919
15380	28	556	916	919
16907	28	542	916	919
16257	28	3331	916	919
19420	28	848	916	919
24509	28	22	916	919
108155	28	432	916	919
38015	28	3667	916	919
26044	28	502	916	919
80264	28	230	916	919
51892	28	242	916	919
20428	28	22	916	919
14041	28	37	916	919
45803	28	706	916	919
106148	28	40	916	919
57158	28	4619	916	919
22739	28	104	916	919
26760	28	164	916	919
183196	28	661	916	919
77195	28	1616	916	919
58400	28	291	916	919
18065	28	49	916	919
23544	28	33	916	919
48621	28	156	916	919
27864	28	55	916	919
69780	28	13564	916	919
25863	28	387	916	920
30344	28	50	916	920
30528	28	165	916	920
13287	28	539	916	920
64088	28	1071	916	920
42259	28	176	916	920
87519	28	343	916	920
15428	28	318	916	920
83153	28	86	916	920
56138	28	78	916	920
73630	28	141	916	920
21806	28	331	916	920
38401	28	2487	916	920
89496	28	350	916	920
22722	28	14	916	920
67471	23	94596	916	920
100652	28	184	916	920
90778	28	800	916	920
50877	28	23	916	920
80457	28	336	916	920
100852	28	2026	916	920
69582	28	979	916	920
42465	28	29	916	920
60274	28	277	916	920
40902	28	259	916	920
68916	28	201	916	920
64982	28	495	916	920
24530	28	120	916	920
23278	28	2127	916	920
19804	28	16	916	920
114556	28	232	916	920
50741	28	140	916	920
30752	28	383	916	920
43034	28	12128	916	920
32764	28	185	916	920
23907	28	985	916	920
22148	28	199	916	921
39971	28	65	916	921
85062	28	1102	916	921
20670	28	104	916	921
48972	28	42	916	921
44841	28	1688	916	921
64560	28	85	916	921
9424	28	199	916	921
91531	28	40	916	921
123310	14	90	916	921
123420	28	71	916	921
20501	28	104	916	921
24834	28	313	916	921
16108	28	56	916	921
94221	28	205	916	921
21232	28	494	916	921
48463	28	16	916	921
18916	28	2487	916	921
51155	28	983	916	921
19554	28	164	916	921
120902	28	156	916	921
109534	28	141	916	921
47816	28	343	916	921
18683	28	121	916	921
15970	28	494	916	921
23823	28	259	916	921
25089	28	293	916	921
41142	28	39	916	921
64078	28	232	916	921
39912	28	29	916	922
27113	28	164	916	922
100513	28	983	916	922
101403	28	259	916	922
34997	23	26989	916	922
30009	28	121	916	922
32764	28	206	916	922
123404	28	71	916	922
44578	28	42	916	922
30527	28	55	916	922
55018	28	58	916	922
25457	28	69	916	922
70935	28	176	916	922
59198	28	223	916	922
20639	28	846	916	922
83255	28	79	916	922
86300	28	9944	916	922
23717	28	32	916	922
28085	28	477	916	922
110287	28	86	916	922
51361	28	165	916	922
26428	28	47	916	923
42746	28	121	916	923
74945	28	1160	916	923
34114	28	184	916	923
105308	28	575	916	923
64465	28	33	916	923
84362	28	40	916	923
127337	23	182192	916	923
35040	28	327	916	923
49292	28	166	916	923
91362	28	350	916	923
52915	28	227	916	924
34351	28	32	916	924
54082	23	2318	916	924
26863	28	280	916	924
26393	28	223	916	924
86893	23	43396	916	924
43011	28	45	916	924
25442	28	290	916	924
34931	28	1071	916	924
99945	28	661	916	924
75401	28	768	916	924
98499	28	176	916	924
60370	28	217	916	924
48689	28	217	916	924
38196	28	32	916	924
15916	28	938	916	924
24262	28	406	916	924
32411	28	320	916	924
126116	28	192	916	924
76786	28	144	916	924
46957	28	19	916	924
35847	28	76	916	924
30458	28	666	916	924
95373	28	1559	916	924
118414	23	136988	916	925
98591	28	233	916	925
76065	28	14621	916	925
27231	28	45	916	925
44080	28	176	916	925
59843	23	125139	916	925
125139	23	59843	916	925
46062	28	38	916	925
30024	28	103	916	925
42259	28	336	916	925
69340	28	118	916	925
59804	28	454	916	925
66970	28	159	916	925
85408	28	397	916	925
42760	28	1193	916	925
33519	28	45	916	925
26409	28	101	916	926
75186	28	350	916	926
93895	28	143	916	926
47785	28	331	916	926
99176	28	89	916	926
125405	28	350	916	926
60903	28	135	916	926
78505	28	217	916	926
60299	28	121	916	926
11394	28	52	916	926
154516	28	143	916	926
15916	28	223	916	926
112431	28	623	916	927
55426	28	926	916	927
33660	28	531	916	927
54390	28	527	916	927
91779	28	331	916	927
123511	14	2824	916	927
69078	28	371	916	927
80259	28	471	916	927
22924	28	1091	916	927
126859	28	623	916	927
24239	28	29	916	927
71776	28	327	916	928
71045	28	2871	916	928
80761	28	165	916	928
50374	28	309	916	928
44613	14	6882	916	928
15916	28	290	916	929
74437	28	268	916	929
111889	28	768	916	929
11773	28	181	916	930
58435	28	452	916	930
91247	28	263	916	932
48199	28	22	916	932
92616	28	461	916	933
69106	28	76	916	933
59185	28	101	916	933
39845	23	128439	916	935
58659	23	8076	916	937
8071	23	3126	916	944
154621	16	13389	916	945
61055	23	75215	916	954
44756	28	216	917	0
82631	28	80	917	0
34458	14	3568	917	0
19607	28	55	917	0
83929	28	283	917	0
13407	14	444	917	0
30319	28	343	917	0
73343	28	704	917	0
25148	1	73528	917	0
13112	14	943	917	0
75480	28	233	917	0
26107	23	31636	917	0
43005	28	2093	917	0
38978	28	29	917	0
19507	28	494	917	0
11450	14	444	917	0
30495	28	50	917	0
47006	28	60	917	0
84127	28	3353	917	0
56089	28	333	917	0
13841	14	1869	917	0
50221	14	9093	917	0
5749	28	228	917	0
79660	28	332	917	0
23711	6	85894	917	0
118920	28	361	917	0
142252	14	827	917	0
92615	28	1446	917	0
20786	28	6753	917	0
10747	30	497	917	0
49957	28	68	917	0
11287	28	98	917	0
22595	28	135	917	0
24709	14	3741	917	0
18528	14	1706	917	0
33584	28	34	917	0
13642	14	5000	917	0
17214	28	164	917	0
8804	28	158	917	0
115824	14	2384	917	0
36940	28	37	917	0
54890	23	57565	917	0
86616	28	122	917	0
31985	28	6928	917	0
28310	14	8683	917	0
83206	28	99	917	0
117780	14	902	917	0
24573	28	1918	917	0
52936	28	247	917	0
44684	28	19716	917	0
149493	14	3348	917	0
70298	28	281	917	0
29775	28	333	917	0
44338	28	276	917	0
24850	28	750	917	0
44285	14	14397	917	0
21422	28	80	917	0
91602	28	170	917	0
27075	23	129924	917	0
129924	23	27075	917	0
83516	28	1300	917	0
28596	28	68	917	0
108107	6	861	917	0
10059	14	308	917	0
44226	14	32620	917	0
31447	14	3111	917	0
55963	28	46	917	0
9315	23	66447	917	0
94217	28	768	917	0
7350	14	9717	917	0
179299	14	3055	917	0
26088	28	14	917	0
105308	28	206	917	0
56930	14	32620	917	0
98295	28	818	917	0
128620	16	8	917	0
91188	28	50	917	0
130576	28	4726	917	0
50071	14	58242	917	0
46459	28	3640	917	0
19595	6	270	917	0
28310	14	6882	917	0
56889	14	8683	917	0
62097	6	284	917	0
44285	14	2922	917	0
104359	6	20108	917	0
39486	28	556	917	0
128678	14	4523	917	0
34726	28	14	917	0
24850	28	1055	917	0
122109	6	60267	917	0
79637	14	13	917	0
81177	6	1038	917	0
154286	14	6305	917	0
58594	23	69223	917	917
69223	23	58594	917	917
52689	28	99	917	918
19153	28	28	917	918
83130	28	147	917	918
39637	28	1102	917	918
99021	28	160	917	918
85757	28	1565	917	918
64086	28	1475	917	918
20524	28	1119	917	918
48113	28	1222	917	918
99859	28	78	917	918
46003	28	2907	917	918
23637	28	133	917	918
86695	28	58	917	918
27517	28	82	917	918
56494	28	3308	917	918
72261	28	176	917	918
87658	28	273	917	918
17142	28	152	917	918
11280	28	33	917	918
47123	28	515	917	918
49460	28	1932	917	918
28165	28	132	917	918
10326	28	91	917	918
34043	28	1076	917	918
118920	28	3047	917	918
16786	28	68	917	918
86696	28	265	917	918
14627	28	143	917	918
120931	28	210	917	918
104881	28	1874	917	918
17121	28	4924	917	918
49563	28	46	917	918
43015	28	67	917	918
79660	28	552	917	918
44752	28	55	917	918
80524	28	111	917	918
93264	28	133	917	918
42283	28	112	917	918
69628	28	104	917	918
125209	28	205	917	918
14386	28	1149	917	918
57161	28	429	917	918
122296	28	1262	917	918
20959	28	1459	917	918
9350	28	337	917	918
32655	23	46725	917	918
78989	28	1688	917	918
27112	28	1570	917	918
94417	28	110	917	918
33038	28	346	917	918
127040	28	206	917	918
75085	28	502	917	918
57276	28	661	917	918
59765	28	714	917	918
105918	28	37	917	918
36028	28	556	917	918
86492	28	15464	917	918
8646	28	70	917	918
55900	28	140	917	918
114776	28	361	917	918
23189	28	19	917	918
28422	28	277	917	918
92500	28	73	917	918
68446	28	1676	917	918
40855	28	3350	917	918
120906	28	81932	917	918
82631	28	221	917	918
21543	28	37	917	918
105953	28	177	917	918
8450	28	592	917	918
39882	28	387	917	918
66417	28	134	917	918
36572	28	1731	917	918
31250	28	288	917	918
90367	28	98	917	918
107757	28	1496	917	918
111452	28	996	917	918
11368	28	56	917	918
86616	28	351	917	918
46247	28	404	917	918
73059	28	45	917	918
26645	28	34784	917	918
128924	28	142	917	918
50215	28	670	917	918
68454	28	930	917	918
87552	28	71	917	918
18157	28	71	917	918
91823	28	265	917	918
94005	28	210	917	918
178912	14	2815	917	918
106275	28	848	917	918
44422	28	117	917	918
74043	28	1481	917	918
20128	28	22	917	918
68870	28	169	917	918
96695	28	273	917	918
27311	28	289	917	918
31149	28	134	917	918
133655	28	1165	917	918
62507	28	45	917	918
124569	28	45	917	918
19638	28	248	917	918
110493	28	45	917	918
12099	28	283	917	918
44571	28	471	917	918
74111	28	693	917	918
45286	28	347	917	918
33357	28	230	917	918
17470	28	188	917	918
15153	28	1818	917	918
7985	28	546	917	918
32028	28	642	917	918
27959	28	248	917	918
47903	28	313	917	918
12925	28	152	917	918
33131	28	169	917	918
37160	28	361	917	918
130761	28	45	917	918
52699	28	933	917	919
84127	28	1165	917	919
75143	28	14	917	919
36321	28	150	917	919
8058	28	53	917	919
25775	28	267	917	919
19759	28	938	917	919
23698	28	159	917	919
60563	28	78	917	919
13221	28	121	917	919
101105	28	221	917	919
106180	28	273	917	919
83175	28	1475	917	919
27878	28	4924	917	919
36667	28	417	917	919
32833	28	1156	917	919
25636	28	48	917	919
16236	28	1958	917	919
106554	28	177	917	919
21422	28	277	917	919
33453	28	529	917	919
23333	28	33	917	919
21721	28	65	917	919
18964	28	99	917	919
95248	28	160	917	919
54837	28	1076	917	919
87055	28	1459	917	919
36937	28	1818	917	919
20614	28	177	917	919
31456	28	87	917	919
14151	28	40	917	919
12293	28	20	917	919
84399	28	141	917	919
6325	28	1411	917	919
113874	28	273	917	919
25775	28	1253	917	919
80608	28	88	917	919
22591	28	307	917	919
33004	28	1688	917	919
46339	28	358	917	919
20522	28	290	917	919
51997	28	141	917	919
60450	28	83	917	919
62047	28	60	917	919
92213	28	34	917	919
9741	28	27	917	919
16371	28	39	917	919
60785	28	34	917	919
29983	28	80	917	919
90688	28	129	917	919
59278	28	103	917	919
18570	28	56	917	919
18404	28	303	917	919
12975	28	334	917	919
20625	28	506	917	919
26253	28	202	917	919
15262	28	432	917	919
10691	28	346	917	919
127740	28	120	917	919
24546	28	353	917	919
21786	28	429	917	919
62716	28	100	917	919
25893	28	68	917	920
14985	28	80	917	920
35533	28	2517	917	920
17142	28	118	917	920
134182	28	309	917	920
42049	28	58	917	920
17925	28	121	917	920
65575	28	34	917	920
24982	28	257	917	920
47400	28	2438	917	920
20146	28	20	917	920
74362	28	1695	917	920
50707	28	951	917	920
68854	28	1698	917	920
82447	28	270	917	920
80211	28	123	917	920
62548	28	14	917	920
20236	28	16	917	920
37767	28	267	917	920
77853	16	9	917	920
30636	28	494	917	920
8804	28	88	917	920
21484	28	136	917	920
44517	28	31	917	920
75186	28	9848	917	920
59360	28	34	917	920
126401	28	110	917	920
55719	28	79265	917	920
27262	28	22	917	920
68182	28	242	917	920
57565	23	54890	917	920
11433	28	938	917	920
87265	28	2026	917	920
80362	28	62161	917	920
64279	28	714	917	920
43153	28	419	917	920
44684	28	192	917	920
18518	28	445	917	920
12586	28	58	917	920
61922	28	146	917	920
26946	28	1454	917	920
144338	8	8893	917	920
93715	28	52	917	920
85022	28	104	917	920
109134	28	1006	917	920
94829	28	592	917	920
82349	28	1321	917	920
72138	28	40	917	920
10807	28	99	917	920
38576	28	66	917	920
32035	28	2835	917	920
28297	28	98	917	920
18477	28	2438	917	920
27638	28	1102	917	920
84973	28	129	917	920
38197	28	5222	917	920
37125	28	551	917	920
86391	28	47	917	920
97307	28	235	917	921
55410	28	413	917	921
76065	28	661	917	921
113235	28	34	917	921
26760	28	133	917	921
48288	28	27	917	921
98181	28	806	917	921
69014	23	80131	917	921
20815	28	232	917	921
83208	28	792	917	921
72154	28	646	917	921
12918	28	926	917	921
38565	28	60	917	921
94411	28	281	917	921
65557	28	3505	917	921
49713	28	57	917	921
26014	28	5023	917	921
13051	28	121	917	921
48531	28	293	917	921
72354	28	1392	917	921
152487	28	323	917	921
77600	28	107	917	921
47586	28	593	917	921
18001	28	22	917	921
20881	28	22	917	921
33710	28	164	917	921
101051	28	131	917	921
26236	28	60	917	921
61270	28	520	917	921
94411	28	735	917	921
82727	28	32	917	921
60960	28	53	917	921
7979	28	77	917	921
29105	28	98	917	921
88217	28	1136	917	921
67161	28	247	917	921
45629	28	153	917	922
3455	23	10452	917	922
14439	28	52	917	922
54677	28	131	917	922
55460	28	1556	917	922
119045	28	136	917	922
50666	28	133	917	922
68915	28	1698	917	922
19676	28	31	917	922
22640	28	28	917	922
22722	28	30	917	922
61270	28	429	917	922
89993	28	199	917	922
48742	28	377	917	922
37720	28	43	917	922
25490	28	26711	917	922
74337	28	159	917	922
147661	28	37	917	922
29784	28	201	917	922
153151	28	768	917	922
35522	28	34	917	922
65051	28	422	917	922
94133	28	265	917	922
93004	28	37	917	922
47847	28	144	917	922
33196	28	91	917	922
11433	28	290	917	922
39995	28	164	917	922
89088	28	160	917	922
11402	28	20715	917	922
77685	28	168	917	922
90297	28	848	917	922
29217	28	626	917	923
100667	28	152	917	923
17229	28	79	917	923
42419	28	30	917	923
83700	28	191	917	923
122950	28	768	917	923
38926	28	68	917	923
27559	28	164	917	923
71066	28	38	917	923
28736	28	2326	917	923
14389	28	51	917	923
59505	28	150	917	923
77141	28	1102	917	923
34467	28	30	917	923
27125	28	2411	917	923
69205	28	153	917	923
51441	28	74	917	923
61769	28	165	917	923
22595	28	383	917	923
24012	28	291	917	923
58016	28	107	917	923
27433	28	135	917	923
130750	23	71383	917	923
104022	28	274	917	923
39297	28	333	917	924
161317	28	255	917	924
20022	28	247	917	924
27650	28	211	917	924
70514	28	487	917	924
167141	28	1582	917	924
34536	28	875	917	924
79842	28	768	917	924
38206	28	14	917	924
34285	28	1025	917	924
37336	28	49	917	924
53208	28	14	917	924
79254	23	53234	917	924
53234	23	79254	917	924
108858	28	45	917	924
57312	28	37	917	924
94523	28	1958	917	924
59560	28	176	917	924
35142	28	161	917	924
40110	28	60	917	924
29589	28	540	917	925
53168	28	70	917	925
40171	28	45	917	925
54845	28	30	917	925
80463	28	5063	917	925
92426	28	2838	917	925
144495	28	460	917	925
91362	28	1004	917	925
38807	28	293	917	925
110241	23	147897	917	925
53387	28	615	917	925
92615	28	1855	917	925
69180	28	184	917	925
26494	28	43	917	926
35681	28	144	917	926
5187	23	43281	917	926
43281	23	5187	917	926
74945	28	269	917	926
7610	23	105332	917	926
105332	23	7610	917	926
42470	28	103	917	926
68630	28	380	917	926
53783	28	143	917	926
96660	28	228	917	926
88169	16	9	917	926
102471	28	510	917	926
32682	28	140	917	926
39700	28	159	917	926
13514	28	29	917	926
79286	28	247	917	926
27572	28	109	917	926
20307	28	55	917	926
94070	28	941	917	926
113982	28	174	917	927
64576	28	228	917	927
63759	28	364	917	927
28466	28	269	917	927
81913	28	453	917	927
21618	28	121	917	927
51675	28	495	917	927
33318	28	247	917	927
104236	30	338	917	927
64568	28	161	917	927
19681	28	364	917	927
23300	28	14	917	928
11773	28	464	917	928
49490	28	153	917	928
2810	23	31405	917	928
51355	28	20	917	928
124146	28	768	917	928
48728	28	2376	917	928
14985	28	223	917	928
59154	28	50	917	928
133991	28	550	917	928
82875	28	233	917	929
66407	30	59	917	929
103281	28	72	917	929
37160	28	531	917	929
94012	28	206	917	929
67803	28	227	917	929
65573	28	45	917	929
126736	28	550	917	929
48956	28	531	917	929
35231	28	327	917	930
57276	28	719	917	930
72007	28	43	917	930
168926	28	315	917	930
24262	28	397	917	930
107407	28	768	917	930
44057	28	68	917	930
114776	28	531	917	930
36450	28	58	917	930
30048	28	768	917	931
83464	28	458	917	931
72792	28	413	917	932
47261	28	141	917	932
42018	28	22	917	932
65160	28	626	917	932
44546	28	52	917	933
60852	28	103	917	934
92616	28	217	917	934
57176	28	531	917	935
80772	28	366	917	935
25148	14	2231	917	938
130241	23	63451	917	940
37725	23	63509	917	940
63509	23	37725	917	940
16552	23	19510	917	943
19510	23	16552	917	943
66447	23	9315	917	945
84572	16	9	917	956
2858	23	75546	917	956
75546	23	2858	917	956
93843	23	17848	917	957
122012	23	89550	917	965
44792	14	11216	918	0
5907	14	943	918	0
96620	14	2258	918	0
29702	28	397	918	0
112845	28	101	918	0
132237	28	260	918	0
97253	14	2188	918	0
62772	28	364	918	0
7301	28	3030	918	0
114776	28	176	918	0
63214	6	9442	918	0
30801	28	2404	918	0
74531	6	2357	918	0
11450	14	902	918	0
56087	14	36533	918	0
18945	14	308	918	0
78234	23	67620	918	0
67620	23	78234	918	0
40805	28	216	918	0
161815	6	27052	918	0
25226	28	333	918	0
161987	14	2815	918	0
68182	28	470	918	0
33908	6	338	918	0
15986	28	131	918	0
92060	6	367	918	0
85149	14	6305	918	0
29536	28	2806	918	0
101474	14	782	918	0
80454	28	170	918	0
30318	28	49	918	0
139825	6	2547	918	0
131793	14	444	918	0
19554	28	133	918	0
62160	28	73	918	0
17826	14	308	918	0
109134	28	176	918	0
29623	28	79	918	0
126950	14	854	918	0
114882	23	74272	918	0
62578	6	21402	918	0
21678	14	13261	918	0
169669	16	8	918	0
37579	23	7957	918	0
127912	14	3055	918	0
8711	28	637	918	0
72493	23	37859	918	0
70216	14	3280	918	0
73778	28	719	918	0
128346	14	6456	918	0
171621	8	67603	918	0
10326	28	337	918	0
60370	28	371	918	0
21943	28	188	918	0
27559	28	5956	918	0
10147	14	4167	918	0
56889	14	1343	918	0
142021	6	37482	918	0
50055	14	2792	918	0
10264	14	4413	918	0
77780	28	80	918	0
20464	28	333	918	0
106576	14	1706	918	0
61668	28	2232	918	0
55196	14	1217	918	0
8302	1	14697	918	0
110245	28	554	918	0
111334	28	361	918	0
69628	28	347	918	0
27124	28	176	918	0
23615	28	885	918	0
58362	23	99607	918	0
69653	28	1245	918	0
51451	28	460	918	0
65447	14	308	918	0
55960	28	30	918	0
45273	14	902	918	0
39486	28	252	918	0
81869	6	306	918	0
15024	28	257	918	0
36138	28	281	918	0
50374	28	54	918	0
38611	28	150	918	0
32008	14	20600	918	0
36169	14	32441	918	0
17470	28	126	918	0
33912	14	13152	918	0
60059	28	4619	918	0
7438	28	41	918	0
137814	14	3055	918	0
17470	28	1676	918	0
7350	14	3741	918	0
76780	14	3568	918	0
147121	14	2005	918	0
96422	14	827	918	0
25388	28	592	918	0
142591	14	2922	918	0
15024	28	962	918	0
59551	14	5000	918	0
25690	28	57	918	0
60095	28	415	918	0
96589	28	120	918	919
34043	28	386	918	919
29685	28	277	918	919
33738	28	114	918	919
41020	28	98	918	919
98551	28	39	918	919
74043	28	31	918	919
74111	28	474	918	919
31284	28	470	918	919
74496	28	168	918	919
48395	28	70	918	919
27405	28	114	918	919
25690	28	160	918	919
55040	28	475	918	919
15970	28	4174	918	919
84034	28	115870	918	919
18716	28	143	918	919
25414	28	1874	918	919
118909	28	848	918	919
34810	28	938	918	919
35138	28	210	918	919
17242	28	25281	918	919
11353	28	14	918	919
33559	28	559	918	919
12925	28	539	918	919
104340	28	175	918	919
55040	28	176	918	919
83408	28	139	918	919
48477	28	529	918	919
162185	28	45	918	919
113076	28	67	918	919
20786	28	391	918	919
75193	28	592	918	919
50696	28	7218	918	919
71756	28	2597	918	919
76260	28	114	918	919
20128	28	2232	918	919
68870	28	358	918	919
55741	28	1097	918	919
56411	28	455	918	919
18477	28	470	918	919
58079	28	7308	918	919
41392	28	33	918	919
73837	28	100	918	919
15153	28	836	918	919
16786	28	71	918	919
83130	28	1640	918	919
86695	28	57	918	919
55963	28	86	918	919
10854	28	36	918	919
59878	28	164	918	919
58400	28	31866	918	919
21611	28	56	918	919
125868	28	250	918	919
75865	28	502	918	919
52082	28	177	918	919
9350	28	1676	918	919
92500	28	92	918	919
66553	28	295	918	919
21540	28	223	918	919
23377	28	20	918	919
44378	28	169	918	919
110003	28	205	918	919
65580	28	7095	918	919
79122	28	141	918	919
43646	28	144	918	919
103604	28	134	918	919
74817	28	502	918	919
44571	28	1169	918	919
128645	28	141	918	919
37160	28	176	918	919
23189	28	16	918	919
65279	28	2015	918	919
80524	28	188	918	919
33438	28	34	918	919
58875	28	86	918	919
17983	28	101	918	919
147741	28	177	918	919
81960	28	69	918	919
28422	28	186	918	919
99021	28	177	918	919
23637	28	619	918	919
41251	28	133	918	919
111641	28	704	918	919
28484	28	1475	918	919
83292	28	186	918	919
87181	28	3182	918	919
31574	28	71	918	919
50666	28	164	918	919
27959	28	400	918	919
89423	28	46	918	919
43440	28	1146	918	919
26645	28	704	918	919
96452	28	7284	918	919
32878	28	73	918	919
81369	28	56525	918	919
123915	28	783	918	919
10589	28	1483	918	919
59360	28	353	918	919
104881	28	377	918	919
120672	28	2842	918	919
11280	28	82	918	919
10326	28	250	918	919
47123	28	3030	918	919
46869	28	708	918	919
39853	28	180	918	919
9394	28	5023	918	919
91823	28	150	918	919
51471	28	164	918	919
14130	28	231	918	919
81651	28	100	918	919
14386	28	105	918	919
45286	28	186	918	919
43646	28	54	918	919
59765	28	88	918	919
20763	28	117	918	919
38117	28	400	918	919
55676	28	893	918	919
24523	28	104	918	919
127630	28	460	918	919
99859	28	1496	918	919
18175	28	59836	918	919
29751	28	1588	918	919
30382	28	164	918	919
59354	28	1093	918	919
19077	28	704	918	920
53009	28	295	918	920
26477	28	642	918	920
157140	28	470	918	920
6252	28	43	918	920
30318	28	86	918	920
86616	28	343	918	920
27606	28	104	918	920
7293	28	110	918	920
57330	14	3844	918	920
102568	28	2409	918	920
10444	28	354	918	920
139135	28	105	918	920
120906	28	930	918	920
23572	28	123	918	920
54095	28	48	918	920
7301	28	693	918	920
56490	28	508	918	920
34678	28	1101	918	920
5883	28	295	918	920
9671	28	41	918	920
27843	28	179	918	920
23361	28	4174	918	920
75060	28	19	918	920
62160	28	67	918	920
124400	28	502	918	920
12127	28	6485	918	920
85435	28	6485	918	920
7438	28	19	918	920
17202	28	143	918	920
11368	28	72	918	920
12985	28	298	918	920
35818	28	29	918	920
87399	28	18395	918	920
32375	28	277	918	920
83252	28	100	918	920
29592	28	5304	918	920
70982	28	43	918	920
66743	28	27	918	920
32318	28	174	918	920
129094	28	39	918	920
22855	28	793	918	920
34726	28	43	918	920
75444	28	168	918	920
81651	28	67	918	920
78508	28	55	918	920
7243	28	169	918	920
15707	28	951	918	920
66417	28	168	918	920
104501	28	39	918	920
27517	28	42	918	920
111367	28	188	918	920
81149	28	2411	918	920
111578	28	922	918	920
128233	28	265	918	920
14539	28	129	918	920
51852	28	61	918	920
125577	28	327	918	920
12099	28	3074	918	920
15677	28	33	918	920
81593	28	330	918	920
90367	28	213	918	920
17101	28	174	918	920
102600	28	56	918	920
29083	28	1616	918	920
29616	28	961	918	920
74066	28	79	918	921
64750	28	216	918	921
88291	28	83	918	921
60869	28	1522	918	921
18933	28	57	918	921
77780	28	265	918	921
54386	28	192	918	921
54311	28	60	918	921
16463	28	169	918	921
67703	28	203	918	921
121534	28	592	918	921
105546	28	98	918	921
68283	28	14672	918	921
36603	28	31227	918	921
73661	28	315	918	921
28054	28	14	918	921
164183	28	253	918	921
99757	28	37	918	921
71779	28	942	918	921
86492	28	79265	918	921
104245	28	1459	918	921
85231	28	76	918	921
33723	28	63	918	921
59178	28	3169	918	921
104702	28	213	918	921
28165	28	354	918	921
64086	28	89	918	921
9737	28	55	918	921
78104	28	77	918	921
28917	28	242	918	921
125502	28	71	918	921
43090	28	2597	918	921
17012	28	22	918	921
81832	23	39973	918	921
22916	28	797	918	921
104969	28	1488	918	921
13223	28	188	918	921
134234	28	133	918	921
18157	28	58	918	921
33584	28	124	918	921
37119	28	492	918	921
38028	28	14	918	921
7332	28	591	918	921
34339	28	938	918	921
88947	28	139	918	921
20136	28	45	918	921
55584	28	142	918	921
23717	28	136	918	921
69455	28	176	918	921
112845	28	161	918	921
154440	28	71	918	921
25023	28	107	918	921
87385	28	40	918	921
56414	28	3505	918	921
68164	28	38	918	921
51877	28	2015	918	921
138938	28	768	918	921
56438	28	353	918	921
75085	28	311	918	921
13978	28	31	918	921
66667	28	693	918	921
32028	28	637	918	921
83480	28	31	918	921
129184	28	619	918	921
43015	28	120	918	921
82932	28	203	918	922
8475	28	23	918	922
63554	28	13564	918	922
35431	28	43	918	922
86920	28	36	918	922
65385	28	42	918	922
34957	28	19	918	922
39336	28	82	918	922
62638	28	74	918	922
46987	28	143	918	922
36846	28	343	918	922
15970	28	158	918	922
78787	28	38	918	922
107608	28	141	918	922
14627	28	234	918	922
144517	28	520	918	922
39588	28	184	918	922
78971	28	180	918	922
14022	28	152	918	922
98005	28	42	918	922
18118	28	69	918	922
30424	28	169	918	922
89496	28	964	918	922
49805	28	36	918	922
75664	1	47633	918	922
20757	28	164	918	922
44378	28	494	918	922
7621	28	142	918	922
36030	28	2438	918	922
51652	28	391	918	922
30247	28	231	918	922
25217	28	50	918	922
26463	28	107	918	922
23581	28	53	918	922
87818	28	57	918	922
5198	23	94844	918	922
94844	23	5198	918	922
51709	28	58	918	922
20546	28	69	918	922
20884	28	5023	918	922
8761	14	16795	918	922
15291	28	110	918	922
40208	28	140	918	923
55900	28	220	918	923
54236	28	1290	918	923
31603	28	168	918	923
44752	28	166	918	923
22591	28	1069	918	923
52746	28	103	918	923
69127	23	3764	918	923
38550	28	112	918	923
12717	28	38	918	923
37896	28	68	918	923
39882	28	380	918	923
93264	28	1211	918	923
70306	28	4139	918	923
110867	28	435	918	923
110604	28	706	918	923
29093	28	167	918	923
42283	28	309	918	923
92938	28	124	918	923
33780	28	192	918	923
50374	28	34	918	923
51186	28	159	918	923
47247	28	29	918	924
86190	28	45	918	924
47857	28	45	918	924
64915	28	164	918	924
25602	28	134	918	924
36083	28	135	918	924
49745	28	661	918	924
143938	28	71	918	924
124942	28	255	918	924
53894	28	370	918	924
81567	28	66	918	924
59845	28	176	918	924
19153	28	169	918	924
39912	28	22	918	924
76878	28	177	918	924
34834	28	660	918	924
28439	28	470	918	924
33438	28	245	918	924
56089	28	364	918	924
82977	28	153	918	924
148881	28	692	918	924
8711	28	290	918	924
20820	28	797	918	924
53961	28	368	918	924
71910	28	16682	918	924
104843	28	232	918	924
34408	28	368	918	925
8731	28	169	918	925
36739	28	124	918	925
92819	28	268	918	925
49317	28	20	918	925
175184	28	768	918	925
127660	28	268	918	925
55478	28	682	918	925
68805	28	454	918	925
26838	28	102	918	925
80948	28	347	918	925
45125	28	1276	918	925
55426	28	164	918	925
111058	28	364	918	925
144384	28	318	918	925
46969	28	16682	918	926
6740	23	6149	918	926
6149	23	6740	918	926
19784	28	553	918	926
47383	28	643	918	926
42465	28	20	918	926
85408	28	406	918	926
24035	28	131	918	926
41191	28	452	918	926
45008	28	1243	918	926
63115	28	242	918	926
29536	28	467	918	926
46247	28	22	918	926
26554	23	59170	918	926
35218	28	95	918	926
147260	28	10384	918	926
22345	23	20837	918	926
50741	28	34	918	926
42320	28	364	918	926
39737	28	29	918	926
36846	28	267	918	926
24937	28	29	918	926
32216	28	1501	918	927
14401	28	100	918	927
18056	28	454	918	927
119859	28	3217	918	927
112431	28	540	918	927
56454	28	16682	918	927
23361	28	494	918	927
15071	28	14	918	927
30658	28	68	918	927
126859	28	540	918	927
76596	28	60	918	928
60898	28	869	918	928
47319	28	47	918	928
52126	28	228	918	928
46833	28	540	918	928
23710	23	29891	918	928
29891	23	23710	918	928
20837	23	22345	918	928
84425	28	112	918	928
7979	28	247	918	928
54046	28	453	918	929
24012	28	244	918	929
6937	28	20	918	929
63573	28	245	918	929
48728	28	470	918	929
86259	28	68	918	929
40366	28	64	918	929
83425	28	508	918	929
21937	28	41	918	930
72402	28	133	918	930
91484	28	1270	918	930
101307	28	99	918	930
25987	28	463	918	930
11716	23	93999	918	930
93999	23	11716	918	930
42904	28	169	918	931
69780	28	350	918	931
106565	28	46110	918	931
69573	28	959	918	931
98482	28	446	918	932
59799	28	1156	918	932
25467	28	262	918	932
19784	28	661	918	932
72476	28	68	918	932
106633	23	79757	918	933
125249	28	170	918	933
6072	31	14697	918	933
81493	23	60243	918	933
80772	28	547	918	933
22924	28	269	918	933
45125	28	2004	918	934
25017	28	73	918	935
25987	28	135	918	935
45061	23	71236	918	936
94307	23	67619	918	937
37859	23	72493	918	938
23031	23	86917	918	939
86917	23	23031	918	939
11567	23	4597	918	942
32115	14	20600	918	943
28374	30	853	918	943
54199	16	3964	918	944
76672	16	18173	918	945
52734	27	9288	918	946
48240	23	53561	918	957
80923	23	27922	918	958
27922	23	80923	918	958
44949	14	2417	919	0
14471	28	45239	919	0
61943	23	14654	919	0
14654	23	61943	919	0
62261	28	4873	919	0
15024	28	2469	919	0
84292	6	338	919	0
25217	28	14	919	0
20356	28	106	919	0
73778	28	661	919	0
134096	14	7271	919	0
20680	28	3213	919	0
99730	16	157918	919	0
158160	14	3055	919	0
76167	14	7055	919	0
112578	14	2995	919	0
53095	28	81	919	0
58295	14	308	919	0
11433	28	223	919	0
28310	14	1343	919	0
42417	14	1126	919	0
117819	28	8064	919	0
79663	14	2258	919	0
28422	28	12667	919	0
73226	14	2797	919	0
16119	14	308	919	0
99021	28	150	919	0
47137	14	8607	919	0
52935	14	8683	919	0
78290	14	2726	919	0
51186	28	164	919	0
79504	14	8607	919	0
58336	14	2792	919	0
57961	23	68864	919	0
61493	14	943	919	0
94417	28	1222	919	0
109637	28	176	919	0
96431	14	308	919	0
37927	28	1021	919	0
76677	6	338	919	0
16257	28	3119	919	0
40467	28	112	919	0
58336	14	17928	919	0
80524	28	347	919	0
19759	28	223	919	0
100968	6	4365	919	0
4479	23	16467	919	0
93264	28	5956	919	0
27045	14	3057	919	0
27576	28	401	919	0
47066	28	786	919	0
34111	28	24	919	0
33417	16	9	919	0
89733	14	3528	919	0
83626	14	13261	919	0
25975	28	164	919	0
82800	28	41	919	0
15262	28	552	919	0
88560	28	552	919	0
110411	16	9	919	0
56983	23	3198	919	0
93171	28	165	919	0
26645	28	4619	919	0
28370	23	98158	919	0
20128	28	5102	919	0
13718	14	12802	919	0
33279	28	14621	919	0
93895	28	34	919	0
37139	28	4769	919	0
64418	28	742	919	0
68523	14	19865	919	0
81590	28	65	919	0
86220	16	8	919	0
27650	28	32	919	0
25606	28	391	919	0
44571	28	3283	919	0
92632	14	2792	919	0
26050	28	2301	919	0
78903	6	36352	919	0
55040	28	256	919	0
12247	28	14	919	0
40585	14	308	919	0
64218	14	308	919	0
30247	28	206	919	0
66366	14	1217	919	0
82800	28	404	919	0
24016	14	7183	919	0
31938	28	14	919	0
30474	28	361	919	0
6506	14	2384	919	0
68630	28	176	919	0
14127	14	24005	919	0
110411	16	8	919	0
62716	28	38	919	0
114981	28	29	919	0
8207	14	308	919	0
39486	28	477	919	0
69315	28	1971	919	0
33559	28	107	919	0
91961	28	206	919	0
85933	28	186	919	0
72260	28	43	919	0
43821	28	183	919	0
31809	28	381	919	0
38138	28	14	919	0
8646	28	889	919	0
114008	6	3991	919	0
13642	14	782	919	0
67540	14	2258	919	0
19507	28	4174	919	0
78354	28	1032	919	0
27310	23	3535	919	0
37537	14	6176	919	0
92082	14	3568	919	0
81894	6	36352	919	0
14675	28	402	919	0
50215	28	907	919	0
15775	23	93878	919	0
93878	23	15775	919	0
101143	14	129143	919	0
21890	28	351	919	919
124310	14	3899	919	919
28421	23	14122	919	919
113076	28	150	919	920
72260	28	178	919	920
46869	28	621	919	920
73837	28	67	919	920
99039	28	289	919	920
12925	28	277	919	920
74158	28	114	919	920
12293	28	77	919	920
9321	28	256	919	920
12975	28	5304	919	920
36550	28	254	919	920
101307	28	83	919	920
37072	28	303	919	920
49278	28	178	919	920
57158	28	106	919	920
23615	28	1411	919	920
21786	28	2343	919	920
8450	28	6692	919	920
84034	28	439	919	920
23189	28	153	919	920
10854	28	56	919	920
9394	28	86	919	920
31456	28	55665	919	920
61849	28	88	919	920
32020	6	389	919	920
27463	28	211	919	920
41547	28	826	919	920
33829	28	1818	919	920
15986	28	259	919	920
87821	28	8588	919	920
111971	28	203	919	920
21422	28	72	919	920
29983	28	160	919	920
16680	28	38	919	920
44234	28	800	919	920
93399	28	107	919	920
80741	28	178	919	920
46275	28	2907	919	920
45803	28	180	919	920
18716	28	321	919	920
51577	28	57	919	920
70737	28	171	919	920
83175	28	117	919	920
96052	28	40	919	920
101278	28	156	919	920
92500	28	166	919	920
18118	28	247	919	920
85044	28	88	919	920
58875	28	56	919	920
14151	28	18395	919	920
67435	28	922	919	920
29620	28	343	919	920
65424	23	81525	919	920
44288	28	2158	919	920
75865	28	339	919	920
16371	28	87	919	920
10816	28	133	919	920
25690	28	166	919	920
49103	28	420	919	920
80524	28	81	919	920
52689	28	141	919	920
66943	28	37	919	920
59765	28	3033	919	920
99439	28	83	919	920
149482	28	514	919	920
100420	28	351	919	920
67035	28	629	919	920
43061	28	1025	919	920
52725	28	71	919	920
57597	28	99	919	920
59302	28	8588	919	920
32314	28	153	919	920
88180	28	221	919	920
46003	28	4700	919	920
102940	28	57	919	920
29623	28	100	919	920
128464	28	460	919	920
78597	28	5115	919	920
8058	28	150	919	920
17214	28	1459	919	920
66553	28	829	919	920
133924	28	768	919	920
66201	28	70251	919	920
30636	28	158	919	920
123307	28	254	919	920
58400	28	124	919	920
16786	28	129	919	920
59055	28	202	919	920
60059	28	110	919	920
10164	28	3542	919	920
51849	28	86	919	920
92659	28	80	919	920
48477	28	286	919	920
152641	28	4078	919	920
24140	28	56	919	920
55086	28	295	919	920
90367	28	962	919	920
79223	28	274	919	920
14824	28	67	919	920
56283	28	2469	919	920
17983	28	432	919	920
47123	28	475	919	920
91823	28	61	919	920
25062	28	1286	919	920
84459	28	766	919	920
59594	28	242	919	920
98551	28	1153	919	920
73674	28	126	919	920
78034	28	1588	919	920
125868	28	166	919	920
74228	28	28	919	920
81590	28	19	919	920
28035	28	235	919	920
81960	28	1149	919	920
23637	28	292	919	920
11613	28	1565	919	920
25893	28	114	919	920
94191	28	386	919	920
24837	28	161	919	920
15024	28	3353	919	920
31100	28	25011	919	920
72396	28	5661	919	920
51577	28	92	919	920
92669	28	114	919	920
69646	28	1818	919	920
79660	28	1409	919	920
107757	28	962	919	920
69897	28	101	919	920
25388	28	1307	919	920
16810	28	829	919	920
26645	28	82	919	920
39486	28	114924	919	920
11280	28	806	919	920
25427	28	358	919	920
18880	28	1076	919	920
25775	28	343	919	920
103604	28	150	919	920
35138	28	156	919	920
131874	14	89221	919	920
53961	28	746	919	921
41896	28	188	919	921
74111	28	922	919	921
46398	28	637	919	921
11394	28	29	919	921
35505	28	89	919	921
24226	28	295	919	921
89073	28	33	919	921
39339	28	22	919	921
18570	28	67	919	921
22706	28	698	919	921
30474	28	1006	919	921
54837	28	205	919	921
23064	28	63	919	921
55459	28	391	919	921
20763	28	168	919	921
50696	28	710	919	921
13960	28	161	919	921
105812	28	81	919	921
97737	28	377	919	921
10691	28	49	919	921
82932	28	244	919	921
80131	23	69014	919	921
24509	28	36	919	921
76707	28	216	919	921
10326	28	1349	919	921
10589	28	57	919	921
56917	28	1156	919	921
22684	28	74	919	921
55676	28	2878	919	921
97298	28	20362	919	921
38350	23	108884	919	921
54318	28	158	919	921
24440	28	118	919	921
20163	28	38	919	921
39137	28	104	919	921
52619	28	14672	919	921
20042	28	164	919	921
31756	28	42	919	921
48621	28	343	919	921
56220	23	88955	919	921
31060	28	80	919	921
18880	28	114	919	921
54357	28	252	919	921
110778	28	178	919	921
97952	28	40	919	921
55963	28	118	919	921
105182	28	76	919	921
100967	28	110	919	921
117734	28	1860	919	921
109687	28	1102	919	921
34000	28	1327	919	921
76260	28	71	919	921
38219	28	29	919	921
50741	28	54	919	921
37701	28	201	919	921
24523	28	1071	919	921
35151	28	70374	919	921
100788	28	71	919	921
69338	28	500	919	921
18964	28	18	919	921
37926	28	19	919	921
24547	28	177	919	921
9741	28	40	919	921
29741	28	174	919	921
32878	28	110	919	921
62447	28	39	919	921
69015	28	156	919	921
32084	28	1136	919	921
76363	28	2032	919	921
20680	28	1559	919	921
14130	28	191	919	921
79286	28	40	919	921
96974	28	996	919	921
36030	28	60	919	921
18404	28	408	919	921
83526	28	40	919	921
27231	28	83	919	921
85544	28	4872	919	921
83408	28	221	919	921
52082	28	723	919	921
111296	28	188	919	921
9535	28	174	919	921
8682	28	153	919	921
51733	28	248	919	921
9350	28	2033	919	921
90609	28	74	919	921
18091	28	330	919	921
55960	28	72	919	921
20609	28	72	919	921
69250	28	114	919	921
33108	28	44	919	921
21721	28	92	919	922
19759	28	1640	919	922
87181	28	22	919	922
102228	28	107	919	922
62772	28	20715	919	922
29770	28	916	919	922
57358	28	217	919	922
17142	28	33	919	922
90688	28	71	919	922
10887	28	360	919	922
49301	28	180	919	922
49322	28	203	919	922
20022	28	82	919	922
85278	28	2625	919	922
20128	28	2469	919	922
35498	28	277	919	922
124652	28	38	919	922
97572	28	141	919	922
43926	28	110	919	922
85757	28	846	919	922
29528	28	295	919	922
108389	28	109	919	922
13914	28	331	919	922
45916	28	57	919	922
28484	28	346	919	922
23377	28	79	919	922
81475	28	57	919	922
36138	28	267	919	922
34111	28	52	919	922
27405	28	121	919	922
17248	28	11252	919	922
86202	28	14	919	922
25226	28	1411	919	922
44834	28	144	919	922
25962	28	986	919	922
111926	28	434	919	922
32058	28	351	919	922
75764	28	15163	919	922
60450	28	99	919	922
112400	28	682	919	922
11142	28	28	919	922
52699	28	164	919	922
83114	28	184	919	922
51907	28	756	919	922
97199	28	695	919	922
11715	28	10738	919	922
49688	28	87	919	922
59681	28	33	919	922
15845	28	739	919	922
60450	28	68	919	922
31570	28	383	919	922
36321	28	78	919	922
60095	28	165	919	922
22739	28	122	919	922
62351	28	150	919	922
23544	28	152	919	922
20846	28	746	919	922
21518	28	36	919	922
20522	28	20	919	922
82696	28	180	919	922
46889	28	1136	919	922
94961	28	39	919	922
31149	28	250	919	922
95216	28	1211	919	922
56501	28	139	919	922
95749	28	395	919	922
130279	28	51	919	922
26044	28	69	919	922
53732	28	159	919	922
31284	28	4810	919	922
82800	28	122	919	923
54390	28	217	919	923
55741	28	124	919	923
62348	28	261	919	923
22493	28	224	919	923
13221	28	136	919	923
50195	28	83	919	923
55547	28	3720	919	923
62261	28	161	919	923
32107	28	1056	919	923
44378	28	49	919	923
36937	28	33	919	923
62301	28	142	919	923
38015	28	2015	919	923
109435	28	132	919	923
16015	28	192	919	923
22949	28	98	919	923
11392	28	72	919	923
23333	28	111	919	923
33004	28	136	919	923
93806	28	343	919	923
3198	23	56983	919	923
105244	28	259	919	923
106211	28	95	919	923
103471	28	184	919	923
34043	28	114	919	923
16889	28	304	919	923
84650	28	152	919	923
65805	28	252	919	923
55580	28	477	919	923
64561	28	68	919	923
70037	28	44	919	923
111641	28	396	919	923
59506	28	161	919	923
65566	28	123	919	923
26863	28	164	919	923
20428	28	55	919	923
38606	28	43	919	923
8731	28	195	919	923
67888	28	91	919	923
52699	28	159	919	924
26236	28	230	919	924
28925	28	248	919	924
6639	28	92	919	924
46614	28	256	919	924
77911	28	768	919	924
23294	28	136	919	924
18916	28	269	919	924
44422	28	42	919	924
80665	28	49	919	924
48202	28	283	919	924
106554	28	432	919	924
52088	28	50	919	924
47903	28	252	919	924
9424	28	29	919	924
40021	28	133	919	924
104881	28	295	919	924
28391	28	164	919	924
130772	28	76	919	924
25611	28	142	919	924
39576	28	66	919	924
121672	28	796	919	924
73870	28	969	919	924
83272	28	145	919	925
59360	28	245	919	925
63358	28	185	919	925
80894	28	866	919	925
15262	28	290	919	925
94070	28	268	919	925
29536	28	276	919	925
24546	28	309	919	925
54816	28	65	919	925
16168	28	101	919	925
31678	28	358	919	925
80790	28	976	919	925
37767	28	213	919	925
10361	28	286	919	925
20846	28	368	919	926
117430	28	1691	919	926
70448	28	453	919	926
40021	28	164	919	926
87816	28	45	919	926
34124	28	14	919	926
16907	28	2015	919	926
119562	28	51	919	926
62261	28	267	919	926
84065	28	487	919	926
48793	28	16	919	926
41392	28	38	919	926
49460	28	620	919	926
56461	28	1644	919	926
70448	28	783	919	926
37237	28	16	919	926
45407	28	176	919	927
37403	28	60	919	927
25089	28	60	919	927
24556	28	464	919	927
69653	28	211	919	927
11895	28	76	919	927
98158	23	28370	919	927
38301	28	52	919	927
61027	28	184	919	927
34124	28	36	919	927
12469	28	176	919	927
44297	28	48	919	927
121190	28	1845	919	927
74833	28	153	919	927
54236	28	413	919	928
100368	28	111	919	928
87135	28	1276	919	928
14673	28	136	919	928
51548	28	368	919	928
77195	28	29953	919	928
15290	28	86	919	928
63554	28	350	919	928
39737	28	22	919	928
25863	28	176	919	928
96452	28	1304	919	928
48687	23	105658	919	928
35978	28	41	919	929
53150	28	368	919	929
142148	28	531	919	929
12469	28	256	919	929
53168	28	484	919	929
24937	28	36	919	929
94003	28	50	919	929
80362	28	350	919	929
93183	28	381	919	929
108072	28	217	919	929
19742	28	66	919	929
21435	28	206	919	929
45407	28	256	919	929
64316	23	110825	919	929
80259	28	532	919	929
65637	28	1023	919	929
3685	23	52090	919	929
20047	28	527	919	929
51934	28	32	919	929
21747	28	327	919	930
69106	28	29	919	930
46740	23	30660	919	930
28733	28	98	919	930
106148	28	38	919	930
57002	28	282	919	931
38711	28	22	919	931
30416	28	33	919	931
129676	28	1102	919	931
57176	28	176	919	931
37139	28	199	919	931
41020	28	36	919	931
14643	28	276	919	932
21611	28	36	919	932
56414	28	350	919	932
28335	28	103	919	932
75327	28	149	919	932
6937	28	494	919	932
111334	28	710	919	932
174220	28	1283	919	932
69244	23	50859	919	932
19426	28	162	919	932
71572	28	46	919	933
47586	28	269	919	933
37292	28	33	919	933
72402	28	164	919	933
10624	28	628	919	934
100317	28	996	919	934
46821	28	103	919	934
4806	23	86915	919	934
50921	23	94044	919	935
16467	23	4479	919	935
66281	28	1036	919	935
40966	16	118994	919	935
81692	23	111026	919	935
111026	23	81692	919	935
102038	28	996	919	936
92442	23	70089	919	936
108457	23	144331	919	938
144331	23	108457	919	938
21611	28	494	919	941
9856	23	89704	919	948
89704	23	9856	919	948
5097	23	17404	919	960
52620	23	141264	919	964
131053	23	58847	919	967
24982	28	343	920	0
82843	28	1104	920	0
112798	28	269	920	0
96834	28	29754	920	0
72138	28	629	920	0
26014	28	223	920	0
54260	14	2754	920	0
73374	14	9403	920	0
10243	14	17538	920	0
55331	14	902	920	0
55437	14	27157	920	0
74485	28	4700	920	0
53113	14	7055	920	0
36618	14	7134	920	0
27854	28	40	920	0
23204	28	211	920	0
49445	14	32251	920	0
55900	28	34	920	0
136828	14	3844	920	0
98078	28	54	920	0
1884	27	42034	920	0
62301	28	247	920	0
24295	14	3057	920	0
138685	6	367	920	0
37795	30	4302	920	0
10264	14	308	920	0
90211	6	853	920	0
122296	28	2390	920	0
54745	28	17962	920	0
42417	14	4611	920	0
21323	28	165	920	0
37668	14	4523	920	0
79998	14	902	920	0
68916	28	60	920	0
30974	28	91	920	0
27638	28	9944	920	0
107757	28	351	920	0
93171	28	391	920	0
12080	14	4314	920	0
28335	28	594	920	0
93468	14	902	920	0
8100	23	32807	920	0
68434	28	2078	920	0
145226	14	2922	920	0
29983	28	147	920	0
77020	28	1222	920	0
32240	28	1077	920	0
81590	28	42	920	0
49323	14	1706	920	0
19137	28	893	920	0
60299	28	695	920	0
11753	6	1187	920	0
16119	14	943	920	0
52725	28	129	920	0
79504	14	69404	920	0
117577	14	2496	920	0
31456	28	6568	920	0
42992	14	308	920	0
58875	28	1021	920	0
32541	14	2995	920	0
6274	23	3575	920	0
173298	28	460	920	0
25490	28	281	920	0
52558	14	6176	920	0
24171	28	660	920	0
32411	28	227	920	0
44285	14	308	920	0
29253	28	2366	920	0
129981	28	167	920	0
31979	28	402	920	0
38611	28	6410	920	0
94607	14	81698	920	0
32345	23	65254	920	0
9587	14	943	920	0
99996	6	284	920	0
75764	28	2614	920	0
177782	14	3055	920	0
46084	14	444	920	0
41794	28	91	920	0
46401	14	32296	920	0
59576	28	1165	920	0
35347	28	38	920	0
18667	28	223	920	0
104359	6	338	920	0
33279	28	2416	920	0
153662	23	153661	920	0
30474	28	176	920	0
89423	28	2026	920	0
143346	6	2124	920	0
32918	28	91	920	0
21930	28	1409	920	0
17167	28	1623	920	0
17205	14	308	920	0
34810	28	4890	920	0
53975	14	308	920	0
12099	28	1043	920	0
11280	28	110	920	0
21636	28	361	920	0
73871	14	100385	920	0
33866	28	60	920	0
65295	28	1448	920	0
7243	28	29	920	0
82090	28	6384	920	0
75707	28	551	920	0
30344	28	69	920	0
92659	28	53	920	0
18178	28	662	920	0
20786	28	32553	920	0
80627	6	36352	920	0
52007	6	8427	920	0
20236	28	89	920	0
80367	28	397	920	0
6325	28	402	920	0
22829	28	4619	920	0
127988	14	83982	920	920
33621	28	294	920	921
16634	28	92	920	921
83252	28	806	920	921
14471	28	233	920	921
46270	28	1021	920	921
35080	28	4873	920	921
98591	28	32	920	921
41074	28	159	920	921
62160	28	1071	920	921
64279	28	88	920	921
74475	28	156	920	921
10164	28	2409	920	921
9397	28	2433	920	921
16680	28	88	920	921
5151	28	40	920	921
29751	28	637	920	921
56855	28	4769	920	921
42760	28	1276	920	921
61577	28	1411	920	921
85044	28	92	920	921
70731	28	303	920	921
16371	28	107	920	921
26301	28	355	920	921
29592	28	974	920	921
39245	28	1392	920	921
29620	28	76	920	921
55460	28	217	920	921
67035	28	67	920	921
55086	28	475	920	921
23189	28	1565	920	921
25893	28	99	920	921
20522	28	223	920	921
90743	28	83	920	921
41993	28	43	920	921
16395	28	39	920	921
117194	28	1860	920	921
12293	28	92	920	921
136789	28	343	920	921
121422	28	10738	920	921
34678	28	612	920	921
29863	28	502	920	921
65135	28	60	920	921
66991	28	3084	920	921
92500	28	126	920	921
92669	28	386	920	921
108145	28	67	920	921
44142	28	1749	920	921
32807	23	8100	920	921
28889	28	91	920	921
23698	28	1093	920	921
80524	28	1409	920	921
69834	28	34	920	921
15633	28	377	920	921
52689	28	71	920	921
92866	28	71	920	921
11368	28	806	920	921
107281	28	619	920	921
42926	28	95	920	921
27517	28	3554	920	921
58400	28	2015	920	921
16810	28	542	920	921
27672	28	4147	920	921
27736	28	30	920	921
60274	28	80	920	921
15677	28	66	920	921
80707	28	164	920	921
18477	28	477	920	921
8058	28	58	920	921
125641	28	37	920	921
32324	28	277	920	921
16459	28	110	920	921
128233	28	177	920	921
14151	28	714	920	921
7438	28	40	920	921
97065	28	5527	920	921
19564	28	132	920	921
38197	28	1035	920	921
24982	28	78	920	921
9321	28	4328	920	921
20146	28	104	920	921
73630	28	232	920	921
21172	28	18982	920	921
108858	28	180	920	921
101307	28	449	920	921
95248	28	3554	920	921
103604	28	289	920	921
72996	28	76	920	921
34726	28	98	920	921
61922	28	3169	920	921
111367	28	88	920	921
81149	28	311	920	921
35025	28	281	920	921
27311	28	1129	920	921
63569	28	2087	920	921
42967	28	3030	920	921
24600	28	178	920	921
50215	28	626	920	921
21800	28	515	920	921
27403	28	131	920	921
151880	28	277	920	921
152892	28	2100	920	921
22855	28	829	920	921
20690	28	102	920	921
24056	28	135	920	921
127040	28	572	920	921
24837	28	168	920	921
93264	28	164	920	921
56138	28	91	920	921
129094	28	152	920	921
110784	28	217	920	921
78597	28	1067	920	921
130068	28	930	920	921
94005	28	180	920	921
47937	28	41	920	921
12010	28	133	920	921
20959	28	572	920	921
25775	28	153	920	921
81960	28	43	920	921
18518	28	3367	920	921
73674	28	1426	920	921
50195	28	254	920	921
32216	28	7583	920	921
73837	28	39	920	921
9394	28	698	920	921
7301	28	474	920	921
139135	28	188	920	921
21543	28	71	920	921
34055	28	319	920	921
57039	28	805	920	921
27854	28	46	920	921
100513	28	281	920	921
12586	28	10420	920	921
90479	28	111	920	921
85338	28	311	920	921
17214	28	3667	920	921
75060	28	53	920	921
110688	28	76	920	921
56283	28	33	920	921
92365	28	930	920	921
85197	28	353	920	921
109401	28	205	920	921
40537	28	33	920	921
14985	28	277	920	921
186904	28	42	920	921
51155	28	267	920	921
91854	28	3169	920	921
39182	28	1066	920	921
77988	28	45	920	921
83175	28	1483	920	922
22600	28	265	920	922
12127	28	303	920	922
114556	28	171	920	922
46053	28	701	920	922
15707	28	1749	920	922
46869	28	400	920	922
13085	28	291	920	922
66943	28	848	920	922
30636	28	149	920	922
74190	28	1321	920	922
84650	28	247	920	922
15394	28	89	920	922
105244	28	227	920	922
12985	28	3928	920	922
14539	28	71	920	922
76621	28	309	920	922
25467	28	1662	920	922
86882	28	91	920	922
27606	28	25151	920	922
12263	28	33	920	922
90778	28	1032	920	922
24451	28	74	920	922
123307	28	71	920	922
124400	28	339	920	922
65267	28	1031	920	922
20065	28	1835	920	922
78640	14	1445	920	922
93641	28	166	920	922
93387	28	152	920	922
144818	28	2701	920	922
142965	28	176	920	922
40264	28	19	920	922
11819	28	1668	920	922
28736	28	267	920	922
75707	28	221	920	922
69582	28	112	920	922
21422	28	67	920	922
18164	28	19	920	922
8574	28	32	920	922
72260	28	105	920	922
31100	28	110	920	922
24403	28	1165	920	922
80609	28	309	920	922
23479	28	2577	920	922
24140	28	74	920	922
42273	28	321	920	922
7293	28	44	920	922
69582	28	140	920	922
49957	28	282	920	922
26088	28	49	920	922
12496	28	199	920	922
52725	28	930	920	922
44517	28	63	920	922
88228	28	455	920	922
20711	28	4797	920	922
13022	28	2941	920	922
15354	28	31	920	922
88180	28	339	920	922
31576	28	150	920	922
38425	28	49	920	922
19420	28	10537	920	922
8255	28	979	920	922
41768	28	286	920	922
81593	28	99	920	922
66118	28	1276	920	922
32318	28	179	920	922
53009	28	1213	920	922
84399	28	330	920	922
20736	28	28	920	922
27660	28	205	920	922
10807	28	156	920	922
66417	28	120	920	922
63701	28	60	920	922
21636	28	8710	920	922
105546	28	139	920	922
105690	28	3030	920	922
186860	28	1254	920	922
53973	28	55	920	922
74999	23	114963	920	922
82671	28	188	920	923
54095	28	64	920	923
29623	28	175	920	923
65139	28	422	920	923
31367	28	69	920	923
54745	28	89	920	923
15648	28	38	920	923
11613	28	290	920	923
11112	16	67012	920	923
32604	23	84764	920	923
76952	28	40	920	923
2531	23	9773	920	923
9773	23	2531	920	923
90827	28	139	920	923
141916	14	4374	920	923
51071	28	153	920	923
24035	28	32	920	923
134182	28	222	920	923
20824	28	3418	920	923
34408	28	161	920	923
17202	28	191	920	923
38576	28	16	920	923
22277	28	132	920	923
50741	28	143	920	923
22616	23	2295	920	923
69881	28	120	920	923
80219	16	67012	920	923
97613	28	166	920	923
86348	28	244	920	923
28440	28	572	920	923
7243	28	49	920	923
78508	28	19	920	923
21806	28	44	920	923
82724	28	446	920	923
31978	28	221	920	923
49103	28	647	920	923
114981	28	27	920	923
12918	28	164	920	923
49244	28	205	920	923
28297	28	86	920	923
20236	28	166	920	923
93715	28	347	920	923
125062	28	1276	920	923
109705	28	156	920	923
28376	28	169	920	923
102600	28	105	920	923
14041	28	625	920	923
20192	28	546	920	923
8672	28	986	920	923
23656	28	5432	920	923
141033	28	210	920	923
18175	28	355	920	923
44894	28	103	920	923
121361	28	2138	920	923
59055	28	146	920	923
69846	28	45	920	923
85435	28	2060	920	923
124589	28	56525	920	923
126401	28	134	920	923
64152	28	87	920	923
21420	28	8588	920	923
26050	28	1481	920	923
66743	28	274	920	923
90542	28	220	920	923
187587	28	742	920	923
14675	28	333	920	923
35017	28	343	920	924
48314	28	23	920	924
82425	28	112	920	924
29083	28	257	920	924
96023	28	227	920	924
96834	28	2525	920	924
26645	28	46	920	924
63701	28	230	920	924
23443	28	37	920	924
116848	28	26274	920	924
51033	28	2098	920	924
26793	28	53	920	924
105795	28	7059	920	924
118774	28	315	920	924
38142	28	676	920	924
87519	28	432	920	924
50877	28	81	920	924
32878	28	105	920	924
38487	28	79	920	924
42673	28	2343	920	924
9671	28	48	920	924
25324	28	177	920	924
36862	28	951	920	924
81651	28	283	920	924
18652	28	365	920	924
32428	28	29	920	924
32314	28	331	920	924
69646	28	289	920	924
91061	28	169	920	924
92501	28	34	920	924
44300	28	16447	920	924
80741	28	40	920	924
80708	28	400	920	924
29217	28	276	920	924
95562	23	7266	920	924
28961	28	141	920	924
23366	28	621	920	924
29822	28	1279	920	925
16786	28	37	920	925
7985	28	1874	920	925
23187	28	31	920	925
14824	28	139	920	925
90367	28	6644	920	925
30103	28	14	920	925
31306	28	365	920	925
72396	28	181	920	925
31827	28	961	920	925
70982	28	139	920	925
79569	28	233	920	925
60561	28	213	920	925
26140	28	74	920	925
32764	28	193	920	925
117430	28	1898	920	925
53732	28	164	920	925
77020	28	1110	920	925
110212	30	117506	920	925
29483	28	82	920	925
31092	28	422	920	925
65152	28	7587	920	925
112385	28	213	920	925
35138	28	99	920	925
33318	28	65	920	925
49156	28	245	920	925
22639	28	58	920	925
23278	28	364	920	925
44344	28	140	920	925
64418	28	364	920	925
45180	28	52	920	925
49082	28	540	920	925
44684	28	123	920	925
63115	28	60	920	925
54450	28	1032	920	925
62436	28	575	920	925
109134	28	295	920	925
112074	28	2062	920	926
72154	28	268	920	926
64381	28	40	920	926
39173	28	28	920	926
22125	28	240	920	926
10444	28	143	920	926
21481	28	60	920	926
49728	28	91	920	926
33621	28	51	920	926
14386	28	552	920	926
62463	28	74	920	926
95157	28	16	920	926
49931	28	29	920	926
41085	28	78	920	926
51271	28	199	920	926
93399	28	81	920	926
96052	28	33	920	926
20512	28	634	920	926
6252	28	16	920	926
12816	28	16	920	926
44843	28	85	920	926
25606	28	261	920	926
20146	28	223	920	926
30709	28	177	920	926
35017	28	267	920	926
102940	28	18395	920	926
29996	28	1601	920	926
35533	28	280	920	926
118342	28	85	920	927
71788	28	193	920	927
53669	28	420	920	927
30752	28	959	920	927
74496	28	31	920	927
71066	28	247	920	927
14673	28	32	920	927
44292	28	48	920	927
103553	28	183	920	927
25108	23	148770	920	927
41664	28	213	920	927
17101	28	123	920	927
65060	28	976	920	927
35279	28	719	920	927
27576	28	30	920	927
154637	14	148339	920	927
22859	28	141	920	927
41262	28	20	920	927
19228	28	114	920	927
36667	28	228	920	927
145705	28	602	920	927
49585	28	101	920	927
59971	28	221	920	927
84451	28	446	920	928
72809	28	20	920	928
40805	28	228	920	928
45008	28	135	920	928
61127	28	227	920	928
47790	28	135	920	928
38015	28	244	920	928
58875	28	92	920	928
32375	28	23	920	928
27507	28	158	920	928
38468	28	106	920	928
39880	28	259	920	928
35279	28	661	920	928
97298	28	2059	920	929
84087	28	268	920	929
46620	28	114	920	929
20146	28	57	920	929
48641	28	726	920	929
48689	28	461	920	929
97882	28	413	920	929
27262	28	73	920	929
40844	28	164	920	929
56490	28	220	920	929
14558	28	290	920	929
24678	28	20	920	929
65160	28	276	920	929
74043	28	269	920	929
39679	28	303	920	929
59519	28	14	920	929
30318	28	139	920	929
110979	28	526	920	929
25414	28	227	920	929
95373	28	397	920	929
45871	28	181	920	930
32375	28	247	920	930
26615	28	19	920	930
73631	28	452	920	930
32171	28	77	920	930
8682	28	29	920	930
25863	28	121	920	930
48637	28	159	920	930
73862	28	255	920	930
75876	28	1193	920	930
60047	28	837	920	930
52947	28	29	920	931
115477	28	114	920	931
69780	28	976	920	931
37072	28	133	920	931
102467	28	114	920	931
67803	28	233	920	931
73284	28	481	920	932
97882	28	263	920	932
32833	28	460	920	932
28335	28	34	920	932
112161	23	74787	920	932
74787	23	112161	920	932
76452	28	240	920	932
70282	28	228	920	932
27939	28	19	920	933
11895	28	29	920	933
8711	28	938	920	934
40827	28	46	920	934
137496	16	118994	920	934
41738	28	144	920	934
27276	28	185	920	935
65454	23	69704	920	935
69704	23	65454	920	935
47246	28	124	920	935
56211	28	461	920	935
81996	28	140	920	935
39150	28	540	920	936
7672	23	21039	920	936
41687	28	76	920	937
73903	28	417	920	938
110650	23	56675	920	942
58504	14	2726	920	948
53343	16	9	920	964
53343	16	8	920	964
131055	23	5311	920	964
19586	14	6882	920	966
99551	23	99552	920	968
33519	28	68	921	0
131275	14	538	921	0
39923	14	854	921	0
40497	28	281	921	0
19258	14	12802	921	0
46821	28	54	921	0
26505	28	240	921	0
12080	14	9717	921	0
13407	14	308	921	0
63920	14	73915	921	0
33461	28	1245	921	0
8922	14	5310	921	0
75060	28	1165	921	0
85062	28	2045	921	0
8922	14	22221	921	0
30715	23	5092	921	0
26107	23	76818	921	0
44834	28	34	921	0
21806	28	29	921	0
118688	14	444	921	0
57768	14	2417	921	0
33357	28	6625	921	0
9394	28	539	921	0
65928	14	237	921	0
22749	14	138677	921	0
14675	28	136	921	0
120323	28	134	921	0
78651	14	308	921	0
47498	28	630	921	0
48729	28	568	921	0
7279	14	5310	921	0
91610	14	1790	921	0
140857	14	3858	921	0
85209	14	2922	921	0
18933	28	41	921	0
59020	23	59021	921	0
59021	23	59020	921	0
49640	28	165	921	0
7438	28	110	921	0
32876	28	2469	921	0
92500	28	332	921	0
44170	28	136	921	0
64478	14	2995	921	0
23272	28	87	921	0
80848	28	164	921	0
19871	14	2384	921	0
19258	14	3111	921	0
10243	14	308	921	0
47817	28	446	921	0
81423	1	46756	921	0
84920	14	1706	921	0
15648	28	223	921	0
