19761	28	1134	950	0
52881	23	65379	950	0
39738	28	2639	950	0
23908	28	731	950	0
102493	28	605	950	0
68238	28	2435	950	0
39747	28	272	950	0
33601	28	3151	950	0
22870	28	387	950	0
20469	28	571	950	0
36532	14	13677	950	0
98166	28	5200	950	0
20568	28	3737	950	0
14107	28	136	950	0
7152	28	80	950	0
44369	28	18266	950	0
173797	28	493	950	0
7578	28	925	950	0
31694	28	121	950	0
14484	28	206	950	0
17095	28	233	950	0
12500	28	210	950	0
90633	28	9049	950	0
9276	28	2816	950	0
24864	28	239	950	0
17224	28	239	950	0
10842	28	625	950	0
13519	28	206	950	0
69181	28	1218	950	0
32300	28	486	950	0
55004	28	126	950	0
13362	14	1491	950	0
8567	28	1440	950	0
12299	28	21408	950	0
5979	28	102	950	0
11016	28	50748	950	0
86986	16	12132	950	0
151332	16	9	950	0
10556	28	396	950	0
94186	23	4984	950	0
106929	28	1703	950	0
175028	14	3055	950	0
50291	28	486	950	0
8013	28	139	950	0
62704	28	1004	950	0
9505	28	5471	950	0
8205	28	124	950	0
111492	23	129834	950	0
93118	28	10420	950	0
13624	28	1354	950	0
5037	28	139	950	0
8260	28	188	950	0
31593	28	1218	950	0
16660	28	591	950	0
33821	28	1535	950	0
44165	28	2632	950	0
25394	28	16	950	0
73847	14	308	950	0
19988	28	211	950	0
6019	28	998	950	0
12369	28	80	950	0
41147	28	350	950	0
74759	14	2258	950	0
8126	28	418	950	0
18181	28	1218	950	0
38309	28	348	950	0
95632	28	4564	950	0
14711	28	1471	950	0
51492	28	1530	950	0
26976	14	3348	950	0
68607	28	4998	950	0
31876	28	110	950	0
11595	28	32980	950	0
7130	28	40	950	0
95196	28	26775	950	0
17216	28	450	950	0
26380	28	165	950	0
69434	28	7723	950	0
66132	14	25618	950	0
33824	28	193	950	0
64280	28	29564	950	0
11993	28	368	950	0
69266	28	3413	950	0
10987	28	57	950	0
35372	28	1218	950	0
60606	28	30717	950	0
65835	28	494	950	0
10916	28	78	950	0
62894	28	635	950	0
69543	28	29564	950	0
22713	28	720	950	0
8275	28	3123	950	0
14632	28	418	950	0
12196	28	76	950	0
152567	23	24414	950	0
19162	28	1076	950	0
42531	28	835	950	0
117821	28	1497	950	0
15984	28	1945	950	0
57728	28	5200	950	0
6936	28	24	950	0
19308	28	533	950	0
13490	28	1753	950	0
40816	28	24	950	0
65668	28	2583	950	0
5682	28	67180	950	0
69251	28	413	950	0
13832	28	178	950	0
9683	28	1426	950	0
20765	28	32980	950	0
8438	28	3627	950	0
104879	28	641	950	0
4439	28	56	950	0
5587	28	57	950	0
20627	28	104	950	0
143409	28	605	950	0
19544	28	112	950	0
47469	28	1764	950	0
4516	28	38	950	0
36239	28	3681	950	0
6515	28	1082	950	0
18268	28	67	950	0
25635	28	89469	950	0
81861	14	150910	950	0
26401	28	493	950	0
14502	28	1152	950	0
48537	14	943	950	0
39747	28	871	950	0
93118	28	2916	950	0
6090	28	66	950	0
34077	28	6381	950	0
17641	28	186	950	0
40737	28	7071	950	0
6316	28	702	950	0
66220	28	1004	950	0
11451	28	105	950	0
14194	28	445	950	0
6333	28	32	950	0
45606	28	106	950	0
101367	28	605	950	0
74386	28	184	950	0
50114	28	133	950	0
67753	28	2388	950	0
87765	28	32980	950	0
97849	28	2040	950	0
46229	14	36695	950	0
16508	28	29	950	0
100285	28	605	950	0
21479	28	3668	950	0
22255	28	619	950	0
9224	28	503	950	0
77134	14	81698	950	0
88628	28	1671	950	0
50426	28	396	950	0
110922	14	77797	950	0
72349	28	2551	950	0
18426	28	1179	950	0
5518	28	110	950	0
82406	28	32	950	0
49268	28	1368	950	0
108521	28	10125	950	0
8208	28	122	950	0
90962	28	668	950	0
46952	28	56	950	0
6391	28	2780	950	0
40736	28	926	950	0
16069	28	377	950	0
25432	28	72091	950	0
20798	28	907	950	0
5632	28	3737	950	0
106764	28	11352	950	0
26332	28	635	950	0
68620	14	308	950	0
14161	28	134	950	0
11201	28	168	950	0
8471	28	161	950	0
25373	14	1491	950	0
58919	28	240	950	0
18907	28	780	950	0
23715	28	640	950	0
15785	28	2156	950	0
7477	28	247	950	0
23045	28	255	950	0
17000	28	24	950	0
36815	28	391	950	0
41180	28	866	950	0
91480	28	82	950	0
12522	28	259	950	0
9111	28	140	950	0
26937	28	828	950	0
13422	28	4106	950	0
13997	28	11128	950	0
94716	28	167	950	0
56418	28	2831	950	0
92520	28	234	950	0
65501	28	55864	950	0
27085	28	109	950	0
6556	28	938	950	0
28210	28	1186	950	0
44993	28	4137	950	0
99276	28	3724	950	0
34371	14	78580	950	0
10906	28	28	950	0
69690	28	1535	950	0
11662	28	2185	950	0
105853	28	605	950	0
117655	14	73915	950	0
24215	28	31	950	0
19817	28	25304	950	0
16239	28	1227	950	0
38422	28	1898	950	0
35124	28	1218	950	0
58371	28	165	950	0
69821	28	3686	950	0
22837	28	2255	950	0
8645	28	748	950	0
6155	28	2255	950	0
14651	28	2033	950	0
51834	14	32620	950	0
36540	28	64	950	0
29107	14	4167	950	0
11282	28	450	950	0
55779	28	1218	950	0
86218	28	5074	950	0
63730	28	462	950	0
4471	28	147	950	0
93977	14	5305	950	0
14943	28	2156	950	0
80586	28	1070	950	0
56491	28	44626	950	0
16438	28	1767	950	0
95196	28	46200	950	0
5960	28	158	950	0
55739	28	714	950	0
103382	28	1261	950	0
76738	28	91	950	0
26937	28	87	950	0
50440	28	120	950	0
10634	28	134	950	0
8925	28	63	950	0
125494	28	34698	950	0
29614	28	2447	950	0
7502	28	120	950	0
62700	28	1522	950	0
4471	28	265	950	0
49288	28	713	950	0
5670	28	221	950	0
7800	28	418	950	0
11256	28	227	950	0
155196	14	9720	950	0
9395	28	17985	950	0
44147	28	406	950	0
7470	28	913	950	0
13916	28	131	950	0
8972	28	245	950	0
11016	28	1074	950	0
26435	28	2236	950	0
68312	28	14452	950	0
7807	28	219	950	0
15159	28	250	950	0
26357	28	9049	950	0
88069	28	417	950	0
8386	28	118	950	0
87660	28	756	950	0
23014	28	14	950	0
65229	28	1592	950	0
26994	28	486	950	0
5007	28	38	950	0
18781	28	6400	950	0
48119	28	668	950	0
31682	28	565	950	0
75774	28	2738	950	0
8393	28	1467	950	0
9297	28	1306	950	0
27780	28	404	950	0
20337	28	85	950	0
50641	14	7183	950	0
88069	28	890	950	0
73192	28	32980	950	0
93985	28	2263	950	0
24714	28	546	950	0
94043	28	84408	950	0
14736	28	42153	950	0
13799	28	371	950	0
15880	28	4564	950	0
151668	28	774	950	0
14582	28	195	950	0
5830	28	88	950	0
186465	28	505	950	0
89839	28	1497	950	0
20039	28	418	950	0
6931	28	565	950	0
7327	28	1983	950	0
63863	28	119	950	0
4471	28	704	950	0
68707	28	3118	950	0
5670	28	160	950	0
22062	28	615	950	0
70254	28	8726	950	0
88829	28	402	950	0
58364	14	902	950	0
68312	28	95735	950	0
69470	28	1218	950	0
7310	28	3737	950	0
64399	28	2745	950	0
22858	28	89	950	0
23205	14	32634	950	0
64869	28	165	950	0
8317	28	1440	950	0
7994	28	450	950	0
23167	28	1698	950	0
57460	28	1049	950	0
8416	28	7051	950	950
17682	28	1704	950	950
39363	28	26111	950	950
52012	28	800	950	951
5393	28	120	950	951
5896	28	1201	950	951
11268	28	2449	950	951
12868	28	1146	950	951
24967	28	674	950	951
12926	28	825	950	951
10280	28	140	950	951
19002	28	1060	950	951
18968	28	1641	950	951
61374	28	1063	950	951
25352	28	1165	950	951
29677	28	1656	950	951
34230	28	234	950	951
45823	28	2358	950	951
11597	28	2447	950	951
10449	28	241	950	951
16952	28	6400	950	951
46034	28	5481	950	951
71933	28	133	950	951
29979	28	104	950	951
7904	28	245	950	951
14913	28	659	950	951
13283	28	203	950	951
62226	28	430	950	951
60653	28	1945	950	951
25370	28	1660	950	951
9560	28	167	950	951
10465	28	46	950	951
6714	28	633	950	951
30275	28	1839	950	951
5534	28	464	950	951
22114	28	6633	950	951
15102	28	883	950	951
9615	28	388	950	951
15136	28	565	950	951
11967	28	166	950	951
10666	28	199	950	951
17357	28	62978	950	951
62700	28	1758	950	951
26490	28	199	950	951
15228	28	596	950	951
63092	28	6485	950	951
20069	28	69	950	951
11477	28	5200	950	951
23090	28	5200	950	951
35335	28	653	950	951
39698	28	7880	950	951
6642	28	439	950	951
71341	28	625	950	951
10696	28	1971	950	951
23221	28	483	950	951
13137	28	241	950	951
9431	28	282	950	951
17463	28	242	950	951
31030	28	1434	950	951
63860	28	1499	950	951
22048	28	6152	950	951
99200	28	731	950	951
85884	28	1742	950	951
55318	28	609	950	951
85921	28	363	950	951
41604	28	371	950	951
55449	28	525	950	951
8179	28	69	950	951
12103	28	10155	950	951
17246	28	678	950	951
6743	28	38	950	951
55546	28	8453	950	951
8917	28	371	950	951
25993	28	346	950	951
17828	28	778	950	951
86304	28	1053	950	951
25205	28	1733	950	951
45941	28	2145	950	951
48243	28	245	950	951
13832	28	571	950	951
45067	28	956	950	951
20587	28	121	950	951
86576	28	239	950	951
100083	28	620	950	951
6156	28	6320	950	951
46296	28	936	950	951
60971	28	22	950	951
8113	28	38	950	951
10906	28	81	950	951
31747	28	230	950	951
86989	28	1261	950	951
10716	28	2709	950	951
64476	28	171	950	951
17312	28	968	950	951
55739	28	15390	950	951
48861	28	111	950	951
56374	28	3059	950	951
6136	28	38	950	951
11012	28	143	950	951
48649	28	4674	950	951
75556	28	590	950	951
12204	28	77	950	951
87454	28	46200	950	951
84593	28	19	950	951
15930	28	825	950	951
61209	28	3061	950	951
12818	28	1924	950	951
16989	28	132	950	951
87736	28	265	950	951
8147	28	105	950	951
27865	28	205	950	951
9514	28	2136	950	951
72947	28	405	950	951
18150	28	48	950	951
17653	28	377	950	951
19667	28	171	950	951
7558	28	1405	950	951
11302	28	294	950	951
20568	28	1736	950	951
9657	28	154	950	951
13365	28	1421	950	951
16535	28	6823	950	951
7212	28	3724	950	951
37216	28	3362	950	951
46437	28	16	950	951
76353	28	1131	950	951
32279	28	2136	950	951
19050	28	318	950	951
21201	28	221	950	951
88470	14	136458	950	951
88482	28	722	950	951
88483	28	126	950	951
76585	28	99	950	951
36460	28	1182	950	951
8684	28	259	950	951
61242	28	26775	950	951
12074	28	1571	950	951
12475	28	798	950	951
18701	28	7677	950	951
33305	28	504	950	951
76982	28	344	950	951
61169	28	903	950	951
18940	28	5959	950	951
14685	28	1076	950	951
77355	28	365	950	951
25556	28	913	950	951
13160	28	87	950	951
10386	28	1831	950	951
29810	28	785	950	951
77423	28	281	950	951
9079	28	87	950	951
5712	28	41	950	951
22284	28	1984	950	951
7816	28	122	950	951
6795	28	145	950	951
60524	28	3879	950	951
13315	28	162	950	951
6846	28	1251	950	951
13326	28	101	950	951
7661	28	351	950	951
11435	28	188	950	951
119376	28	773	950	951
34730	28	976	950	951
13209	28	292	950	951
58096	28	22	950	951
21776	28	105	950	951
19255	28	84496	950	951
9358	28	56	950	951
61038	28	119908	950	951
26483	28	91	950	951
11657	28	560	950	951
40667	28	732	950	951
26570	28	609	950	951
63236	28	951	950	951
7152	28	88	950	951
12063	28	16	950	951
100787	28	1308	950	951
73430	28	643	950	951
58000	28	742	950	951
26973	28	1041	950	951
26388	28	2878	950	951
29364	28	24	950	951
13634	28	219	950	951
17389	28	1278	950	951
9417	28	2232	950	951
104729	28	587	950	951
40793	28	1426	950	951
104758	28	46200	950	951
20583	28	713	950	951
27200	28	5200	950	951
36019	28	350	950	951
23586	28	637	950	951
74438	28	442	950	951
14936	28	131	950	951
22223	28	4649	950	951
4911	28	11849	950	951
48365	28	232	950	951
8351	28	250	950	951
8018	28	888	950	951
71619	28	377	950	951
23728	28	1049	950	951
100765	28	1094	950	951
31682	28	483	950	951
18917	28	199	950	951
86302	28	71	950	951
12025	28	65080	950	951
36594	28	2449	950	951
36713	28	1679	950	951
9959	28	1932	950	951
101675	28	4903	950	951
7870	28	181	950	951
98326	28	661	950	951
72480	28	1542	950	951
17615	28	297	950	951
56766	28	496	950	951
26643	28	191	950	951
16813	28	883	950	951
6403	28	458	950	951
11047	28	4541	950	951
14831	28	888	950	951
65990	28	439	950	951
35630	28	1018	950	951
5600	28	81	950	951
27804	28	439	950	951
12253	28	16	950	951
46950	28	150	950	951
7800	28	45	950	951
21147	28	2399	950	951
66797	28	219	950	951
122487	28	166	950	951
92025	28	1915	950	951
85839	28	415	950	951
8150	28	2686	950	951
61209	28	3309	950	951
75141	28	239	950	951
15442	28	250	950	951
12851	28	1267	950	951
47874	28	14	950	951
41415	28	364	950	951
21114	28	885	950	951
10144	28	1073	950	951
13246	28	124	950	951
37400	28	1745	950	951
7079	28	181	950	951
10942	28	1261	950	951
8001	28	1616	950	951
6195	28	951	950	951
16877	28	612	950	951
24487	28	280	950	951
58436	28	498	950	951
92237	28	789	950	951
19468	28	60	950	951
18542	28	3207	950	951
6074	28	1156	950	951
10453	28	66	950	951
7732	28	370	950	951
18907	28	5711	950	951
28399	28	506	950	951
8730	28	211	950	951
38200	28	22	950	951
10229	28	251	950	951
22746	28	4400	950	951
83310	28	2114	950	951
14816	28	235	950	951
33338	28	422	950	951
18458	28	2831	950	951
24575	28	4614	950	951
11314	28	105	950	951
9508	28	211	950	951
22231	28	365	950	951
25739	28	67	950	951
80394	28	718	950	951
42099	28	1267	950	951
7687	28	5558	950	951
51381	28	388	950	951
20230	28	1278	950	951
93089	28	3926	950	951
39622	28	493	950	951
83568	28	7024	950	951
13382	28	743	950	951
16732	28	2784	950	951
11324	28	33	950	951
34539	28	417	950	951
80610	28	439	950	951
10413	28	121	950	951
21891	28	252	950	951
15614	28	161	950	951
59757	28	22431	950	951
6855	28	36	950	951
12572	28	2113	950	951
9548	28	2250	950	951
12191	28	119	950	951
67131	28	2732	950	951
20272	28	289	950	951
8015	28	323	950	951
18103	28	1190	950	951
13815	28	719	950	951
21512	28	395	950	951
83219	28	2534	950	951
91909	28	1262	950	951
57138	28	868	950	951
51282	28	1399	950	951
76647	28	1571	950	951
18759	28	748	950	951
62650	28	1931	950	951
28501	28	1697	950	951
28241	28	262	950	951
21214	28	1179	950	951
16876	28	380	950	951
22990	28	842	950	951
144161	28	1547	950	951
26332	28	417	950	951
80885	28	156	950	951
12806	28	3251	950	951
9993	28	251	950	951
28977	28	67	950	951
8312	28	81	950	951
52680	28	23	950	951
21326	28	5619	950	951
121550	28	429	950	951
106345	28	159	950	951
83505	28	150	950	951
61586	28	571	950	951
38308	28	281	950	951
7070	28	27653	950	951
22661	28	515	950	951
41651	28	14445	950	951
13682	28	1146	950	951
26754	28	447	950	951
13783	28	228	950	951
93089	28	28425	950	951
21789	28	38010	950	951
92547	28	13575	950	951
11826	28	7253	950	951
31331	28	23330	950	951
15787	28	1524	950	951
15003	28	3167	950	951
55232	28	6400	950	951
67158	28	502	950	951
15640	28	371	950	951
95820	28	411	950	951
76362	28	39	950	951
30189	28	248	950	951
68618	28	531	950	951
14638	28	191	950	951
10153	28	455	950	951
6800	28	333	950	951
93655	28	6400	950	951
106400	28	370	950	951
10815	28	1551	950	951
15925	28	5480	950	951
10158	28	405	950	951
41058	28	162	950	951
49177	28	10777	950	951
46359	28	32603	950	951
27740	28	330	950	951
41128	28	710	950	951
103593	28	3818	950	951
42996	28	303	950	951
9570	28	178	950	951
26877	28	3999	950	951
44108	28	3938	950	951
21271	28	5946	950	951
9871	28	990	950	951
109577	28	334	950	951
19158	28	363	950	951
9448	28	942	950	951
11866	28	129	950	951
12287	28	214	950	951
38048	28	1308	950	951
7502	28	85	950	951
6967	28	98	950	951
20220	28	220	950	951
13856	28	25472	950	951
29829	28	4729	950	951
16029	28	195	950	951
58702	28	1022	950	951
26169	28	1055	950	951
4435	28	800	950	951
11730	28	99	950	951
7516	28	911	950	951
55664	28	1571	950	951
20249	28	14	950	951
14241	28	166	950	951
56936	28	13172	950	951
28333	28	3211	950	951
10153	28	45	950	951
28021	28	1610	950	951
20668	28	1530	950	951
12473	28	60	950	951
7414	28	1031	950	951
10696	28	73	950	951
26538	28	2575	950	951
13196	28	160	950	951
32932	28	4883	950	951
54813	28	370	950	951
15777	28	1159	950	951
43152	28	626	950	951
16962	28	1101	950	951
94729	28	6921	950	951
6888	28	131	950	951
20544	28	1307	950	951
21554	28	474	950	951
15645	28	175	950	951
13709	28	1055	950	951
6420	28	1367	950	951
16318	28	79	950	951
11702	28	98	950	951
37676	28	2435	950	951
41115	28	3745	950	951
4547	28	1601	950	951
9136	28	868	950	951
7966	28	52273	950	951
6715	28	107	950	951
35854	28	288	950	951
65256	28	255	950	951
79768	28	4541	950	951
10301	28	154	950	951
106334	28	869	950	951
20182	28	76306	950	951
10703	28	351	950	951
14584	28	412	950	951
33170	28	2577	950	951
18510	28	3135	950	951
9282	28	168	950	951
10065	28	5785	950	951
32963	28	63	950	951
77876	28	114	950	951
6579	28	2571	950	951
35819	28	515	950	951
48379	28	8373	950	951
9620	28	315	950	951
33098	28	388	950	951
22450	28	408	950	951
57794	28	180	950	951
58010	28	165	950	951
6743	28	66	950	951
16482	28	429	950	951
65538	28	6412	950	951
20664	28	1084	950	951
73902	28	6400	950	951
7577	28	333	950	951
17981	28	773	950	951
11741	28	37	950	951
10242	28	181	950	951
9393	28	7024	950	951
7251	28	840	950	951
7810	28	288	950	951
31242	23	95066	950	951
32641	28	1978	950	951
24832	28	347	950	951
8372	28	27	950	951
43062	28	1165	950	951
31694	28	542	950	951
60087	28	701	950	951
28742	28	4844	950	951
41408	28	5742	950	951
74275	28	805	950	951
35282	28	1436	950	951
12043	28	232	950	951
18448	28	275	950	951
59444	28	1649	950	951
14511	28	3771	950	951
57443	28	325	950	951
14234	28	3933	950	951
25329	28	158	950	951
7433	28	2416	950	951
14415	28	565	950	951
10369	28	384	950	951
53724	28	4649	950	951
45907	28	1174	950	951
64446	28	2300	950	951
87064	28	722	950	951
36564	28	635	950	951
10603	28	82	950	951
32266	28	1263	950	951
15484	28	402	950	951
4318	28	39	950	951
18447	28	1744	950	951
12666	28	32603	950	951
80138	28	273	950	951
13111	28	1146	950	951
9675	28	304	950	951
11531	28	474	950	951
5196	28	489	950	951
9774	28	23	950	951
9347	28	404	950	951
46230	28	377	950	951
6299	28	2532	950	951
51006	28	726	950	951
6444	28	215	950	951
27645	28	102	950	951
122483	28	1036	950	951
85124	28	297	950	951
17726	28	530	950	951
5975	28	199	950	951
9154	28	798	950	951
11684	28	1179	950	951
16878	28	147	950	951
36106	28	1414	950	951
7547	28	3681	950	951
19992	28	1297	950	951
60424	28	3376	950	951
8484	28	1554	950	951
11338	28	360	950	951
68141	28	167	950	951
10958	28	1565	950	951
9158	28	1131	950	951
26470	28	129	950	951
26071	28	141	950	951
30619	28	951	950	951
32014	28	516	950	951
11880	28	587	950	951
23835	28	967	950	951
29653	28	57	950	951
16012	28	1031	950	951
55744	28	4752	950	951
17792	28	5480	950	951
8991	28	406	950	951
22774	28	230	950	951
18179	28	199	950	951
29647	28	152	950	951
54436	28	539	950	951
17221	28	1016	950	951
63521	28	143	950	951
36983	28	159	950	951
9017	28	1959	950	951
25431	28	1413	950	951
67211	28	899	950	951
28619	28	37	950	951
11770	28	7187	950	951
22789	28	1421	950	951
15913	28	452	950	951
33098	28	1476	950	951
21088	28	692	950	951
78725	28	713	950	951
59042	28	133	950	951
42130	28	263	950	951
72986	28	417	950	951
43502	28	1283	950	951
29691	28	3918	950	951
9898	28	105	950	951
31782	28	412	950	951
58501	28	22347	950	951
29299	28	16602	950	951
16466	28	1317	950	951
21026	28	496	950	951
8110	28	1554	950	951
7792	28	1971	950	951
98101	28	205	950	951
44031	28	28	950	951
55242	28	62978	950	951
41772	28	360	950	951
64239	28	615	950	951
45554	28	621	950	951
5490	28	19	950	951
20424	28	546	950	951
6479	28	4649	950	951
18702	28	123	950	951
12488	28	43	950	951
9672	28	464	950	951
44850	28	198	950	951
51814	28	1185	950	951
9219	28	1933	950	951
58195	28	699	950	951
60567	28	1628	950	951
68162	28	496	950	951
8088	28	220	950	951
4635	28	1095	950	951
21265	28	26111	950	951
93300	28	2289	950	951
117421	28	757	950	951
19893	28	1492	950	951
57241	28	1049	950	951
101846	28	48	950	951
11282	28	216	950	951
44299	28	30717	950	951
33236	28	298	950	951
22691	28	4564	950	951
20078	28	257	950	951
68551	28	1091	950	951
7029	28	2062	950	951
70635	28	731	950	951
7085	28	55	950	951
12157	28	77	950	951
59037	28	175	950	951
56266	28	919	950	951
5421	28	276	950	951
91797	28	333	950	951
13186	28	695	950	951
24691	28	2214	950	951
14244	28	255	950	951
12278	28	54	950	951
12792	28	2136	950	951
8286	28	618	950	951
67581	28	339	950	951
33168	28	2138	950	951
12487	28	411	950	951
11841	28	231	950	951
14354	28	7290	950	951
24613	28	269	950	951
25888	28	4674	950	951
16045	28	692	950	951
67249	28	2745	950	951
5065	28	70	950	951
10924	28	5226	950	951
14382	28	304	950	951
23988	28	232	950	951
25175	28	144	950	951
12413	28	1395	950	951
27167	28	484	950	951
37318	28	330	950	951
29014	28	3431	950	951
60334	28	255	950	951
95612	28	1231	950	951
11266	28	1076	950	951
5348	28	49	950	951
8352	28	474	950	951
31878	28	361	950	951
13201	28	44	950	951
47721	28	3418	950	951
17878	28	16	950	951
12727	28	855	950	951
63247	28	3400	950	951
12379	28	186	950	951
26952	28	124	950	951
12552	28	282	950	951
15832	28	123	950	951
19072	28	785	950	951
125112	28	2030	950	951
10919	28	288	950	951
50209	28	481	950	951
4945	28	370	950	951
52586	28	532	950	951
73968	28	590	950	951
39747	28	42676	950	951
5183	28	609	950	951
143886	28	210	950	951
38308	28	1199	950	951
30663	28	890	950	951
4855	28	2857	950	951
81823	28	171	950	951
66908	28	5200	950	951
27363	28	78	950	951
30648	28	672	950	951
21584	28	245	950	951
11160	28	676	950	951
6121	28	101	950	951
6406	28	110	950	951
6313	28	295	950	951
12687	28	1697	950	951
5332	28	3884	950	951
7668	28	5760	950	951
16519	28	635	950	951
20523	28	1430	950	951
11662	28	4400	950	951
6519	28	384	950	951
7018	28	276	950	951
83802	28	3413	950	951
12191	28	330	950	951
24685	28	3724	950	951
19719	28	244	950	951
19550	28	825	950	951
12694	28	236	950	951
4102	28	120	950	951
44407	28	152	950	951
6163	28	286	950	951
55244	28	3771	950	951
21267	28	214	950	951
21082	28	5225	950	951
16583	28	916	950	951
15355	28	144	950	951
84435	28	298	950	951
26994	28	1317	950	951
15776	28	361	950	951
42127	28	156	950	951
19177	28	483	950	951
13108	28	686	950	951
68624	28	109	950	951
46950	28	1013	950	951
102197	28	330	950	951
28713	28	383	950	951
8013	28	404	950	951
29461	28	3309	950	951
19950	28	103	950	951
18796	28	1201	950	951
21501	28	252	950	951
36858	28	698	950	951
33218	28	1757	950	951
9573	28	80	950	951
45815	28	1693	950	951
23354	28	1609	950	951
14262	28	975	950	951
4690	28	40	950	951
33545	28	819	950	951
44221	28	568	950	951
6385	28	3235	950	951
17560	28	124	950	951
35049	28	1082	950	951
81782	28	37	950	951
5840	28	894	950	951
29168	28	1012	950	951
76224	28	565	950	951
58353	28	154	950	951
25196	28	603	950	951
59040	28	123	950	951
73882	28	2027	950	951
9325	28	560	950	951
17863	28	498	950	951
59538	28	2693	950	951
6203	28	1093	950	951
7220	28	4513	950	951
23240	28	439	950	951
60712	28	1304	950	951
14735	28	3217	950	951
109393	28	1964	950	951
19992	28	648	950	951
16288	28	4181	950	951
30381	28	2447	950	951
14597	28	273	950	951
19665	28	489	950	951
29987	28	731	950	951
76560	28	167	950	951
8935	28	467	950	951
8293	28	1910	950	951
39005	28	832	950	951
21114	28	227	950	951
94057	28	5200	950	951
5714	28	662	950	951
13433	28	111862	950	951
7334	28	233	950	951
91744	28	1898	950	951
6719	28	1383	950	951
16545	28	143	950	951
39803	28	240	950	951
128157	28	19410	950	951
20791	28	213	950	951
12720	28	970	950	951
5421	28	123	950	951
6827	28	623	950	951
53995	28	3737	950	951
51943	28	57	950	951
6744	28	474	950	951
92520	28	1202	950	951
81028	28	565	950	951
6859	28	118	950	951
130331	28	4032	950	951
24714	28	132	950	951
23935	28	1286	950	951
59663	28	474	950	951
13228	28	51	950	951
5414	28	1971	950	951
15661	28	297	950	951
63098	28	888	950	951
47283	28	770	950	951
92577	28	1021	950	951
5162	28	713	950	951
130112	28	20847	950	951
82176	28	4180	950	951
91143	28	4246	950	951
106572	28	1383	950	951
120745	28	3786	950	951
13255	28	1110	950	951
12513	28	1297	950	951
109598	28	1206	950	951
95684	28	1063	950	951
70254	28	757	950	951
23426	28	5481	950	951
38191	28	2019	950	951
20285	28	6400	950	951
13317	28	2385	950	951
59614	28	100	950	951
11041	28	1069	950	951
5932	28	6400	950	951
7679	28	216	950	951
11276	28	408	950	951
29085	28	731	950	951
9698	28	550	950	951
34317	28	400	950	951
58439	28	3435	950	951
7561	28	170	950	951
65685	28	20	950	951
24478	28	105	950	951
11903	28	436	950	951
8666	28	1942	950	951
45654	28	144	950	951
92981	28	1810	950	951
110384	28	672	950	951
70090	28	5160	950	951
20415	28	1129	950	951
6975	28	2087	950	951
29327	28	692	950	951
65944	28	202	950	951
40432	28	5063	950	951
63890	28	1261	950	951
13348	28	1554	950	951
38290	28	2742	950	951
56766	28	236	950	951
36505	28	230	950	951
5280	28	156	950	951
30294	28	1258	950	951
56724	28	2519	950	951
95575	28	481	950	951
21347	28	193	950	951
27929	28	842	950	951
30496	28	2435	950	951
14651	28	51628	950	951
5859	28	121	950	951
57728	28	3724	950	951
66307	28	3663	950	951
9120	28	1245	950	951
14392	28	161	950	951
14612	28	1471	950	951
5979	28	110	950	951
18827	28	609	950	951
44584	28	228	950	951
8212	28	916	950	951
11148	28	785	950	951
7413	28	1060	950	951
4191	28	303	950	951
130114	28	37	950	951
66306	28	167	950	951
56418	28	1346	950	951
19724	28	692	950	951
8343	28	15398	950	951
65357	28	2434	950	951
24141	28	1828	950	951
121334	28	10537	950	951
11998	28	263	950	951
8413	28	408	950	951
16241	28	289	950	951
50422	28	298	950	951
9046	28	2385	950	951
24823	28	674	950	951
12309	28	1328	950	951
57216	28	981	950	951
22132	28	44	950	951
53442	28	9843	950	951
16626	28	263	950	951
81836	28	565	950	951
15211	28	2435	950	951
10478	28	1195	950	951
28750	28	1609	950	951
19404	28	395	950	951
7354	28	995	950	951
23797	28	6400	950	951
82109	28	493	950	951
69968	28	612	950	951
21730	28	103	950	951
9242	28	1153	950	951
6147	28	311	950	951
13464	28	1018	950	951
14743	28	976	950	951
13422	28	325	950	951
35988	28	533	950	951
14715	28	1908	950	951
6646	28	980	950	951
50298	28	1254	950	951
10863	28	1269	950	951
58668	28	66	950	951
26785	28	511	950	951
6258	28	5821	950	951
35676	28	5074	950	951
23230	28	333	950	951
26559	28	960	950	951
10252	28	388	950	951
21609	28	3668	950	951
92573	28	1835	950	951
10801	28	633	950	951
34861	28	759	950	951
40517	28	2605	950	951
27716	28	760	950	951
95126	28	238	950	951
8543	28	3167	950	951
16310	28	1499	950	951
20004	28	1945	950	951
91085	28	4549	950	951
12065	28	85	950	951
80889	28	503	950	951
12598	28	144	950	951
12299	28	1660	950	951
77620	28	1165	950	951
39455	28	1201	950	951
40835	28	967	950	951
49559	28	1971	950	951
79061	28	216	950	951
44815	28	263	950	951
72990	28	180	950	951
38066	28	646	950	951
54317	28	5107	950	951
77956	28	9814	950	951
77807	28	568	950	951
14116	28	110	950	951
9388	28	129	950	951
18376	28	498	950	951
9994	28	370	950	951
7101	28	211	950	951
29542	28	19451	950	951
66195	28	1346	950	951
9862	28	32	950	951
54711	28	892	950	951
29136	28	826	950	951
6379	28	57	950	951
7614	28	713	950	951
52667	28	337	950	951
22708	28	609	950	951
14186	28	826	950	951
126398	28	3614	950	951
25123	28	155	950	951
15785	28	288	950	951
17241	28	635	950	951
13722	28	330	950	951
17402	28	799	950	951
22610	28	662	950	951
3789	28	298	950	951
5672	28	167	950	951
23586	28	290	950	951
32924	28	646	950	951
18897	28	633	950	951
60080	28	156	950	951
65808	28	635	950	951
57610	28	806	950	951
111141	28	37	950	951
15413	28	5722	950	951
24503	28	239	950	951
16123	28	634	950	951
21679	28	3621	950	951
16359	28	91	950	952
96041	28	1949	950	952
21990	28	16	950	952
16620	28	493	950	952
14442	28	141	950	952
33915	28	153	950	952
112607	28	903	950	952
14620	28	120	950	952
29529	28	1229	950	952
14638	28	499	950	952
83124	28	1138	950	952
71778	28	254	950	952
46077	28	280	950	952
17022	28	506	950	952
44748	28	1652	950	952
10556	28	79	950	952
30273	28	85	950	952
6101	28	38	950	952
19850	28	1022	950	952
10567	28	86	950	952
82581	28	4921	950	952
34499	28	235	950	952
14876	28	85	950	952
63295	28	166	950	952
35394	28	99	950	952
15393	14	4374	950	952
23140	28	112	950	952
12203	28	170	950	952
8660	28	51	950	952
15435	28	967	950	952
22334	28	178	950	952
85770	28	3235	950	952
11407	28	124	950	952
4948	28	80	950	952
6483	28	103	950	952
31385	28	1324	950	952
22388	28	676	950	952
17637	28	4284	950	952
10193	28	24	950	952
29355	28	161	950	952
48447	28	181	950	952
7200	28	41	950	952
61887	28	1173	950	952
11385	28	2709	950	952
48826	28	336	950	952
46267	28	336	950	952
11615	28	520	950	952
20519	28	162	950	952
10875	28	118	950	952
8259	28	336	950	952
117013	28	1618	950	952
8083	28	169	950	952
22754	28	240	950	952
25013	28	3123	950	952
101377	28	1600	950	952
75562	28	1213	950	952
22588	28	43	950	952
13807	28	168	950	952
101736	28	15530	950	952
101810	28	1288	950	952
66167	28	205	950	952
3003	28	61	950	952
102013	28	278	950	952
66315	28	2840	950	952
23184	28	185	950	952
7149	28	74	950	952
5175	28	120	950	952
49785	28	1949	950	952
70910	28	6400	950	952
33638	28	1104	950	952
21798	28	159	950	952
22046	28	7206	950	952
19049	28	32	950	952
29332	28	557	950	952
29614	28	628	950	952
9069	28	69	950	952
5747	28	304	950	952
12924	28	119	950	952
58176	28	609	950	952
19257	28	360	950	952
103976	28	134	950	952
13519	28	22	950	952
90064	28	232	950	952
8080	28	1682	950	952
5240	28	252	950	952
8679	28	45	950	952
16604	28	14388	950	952
15128	28	167	950	952
17727	28	6633	950	952
19787	28	44	950	952
58520	28	537	950	952
17822	28	82	950	952
52231	28	186	950	952
35330	28	19	950	952
35957	28	619	950	952
34062	28	122	950	952
23827	28	3918	950	952
9259	28	55	950	952
17387	28	830	950	952
58754	28	6022	950	952
9953	28	82	950	952
15538	28	16	950	952
52810	28	110	950	952
121572	28	1949	950	952
83534	28	217	950	952
30832	28	4193	950	952
6201	28	33	950	952
19868	28	439	950	952
15159	28	265	950	952
9627	28	119	950	952
91579	28	621	950	952
6063	28	289	950	952
8260	28	42	950	952
19817	28	2030	950	952
14921	28	274	950	952
27895	28	811	950	952
78851	28	1261	950	952
18068	28	253	950	952
30226	28	98	950	952
21178	28	3514	950	952
8793	28	573	950	952
49668	28	112	950	952
9940	28	109	950	952
11809	28	19	950	952
27438	28	235	950	952
6906	28	2662	950	952
49787	28	1160	950	952
61985	28	1758	950	952
24457	28	105	950	952
12781	28	1614	950	952
24477	28	489	950	952
15776	28	695	950	952
68917	28	112	950	952
92559	28	455	950	952
76230	28	303	950	952
11313	28	132	950	952
74715	28	1833	950	952
5093	28	142	950	952
16844	28	99	950	952
23394	28	930	950	952
9064	28	469	950	952
20431	28	3177	950	952
44202	28	1305	950	952
7788	28	38	950	952
101345	28	405	950	952
13672	28	351	950	952
11468	28	14030	950	952
6395	28	117	950	952
15335	28	670	950	952
14692	28	5713	950	952
13420	28	2558	950	952
23096	28	1532	950	952
63470	28	3109	950	952
65521	28	79	950	952
20620	28	102	950	952
29517	28	7206	950	952
7680	28	339	950	952
79687	28	1076	950	952
7893	28	38	950	952
11193	28	455	950	952
23845	28	1052	950	952
6695	28	292	950	952
28725	28	95	950	952
49143	28	469	950	952
15350	28	1180	950	952
68463	28	716	950	952
5699	28	39	950	952
21904	28	646	950	952
11953	28	417	950	952
33491	28	675	950	952
9003	28	1919	950	952
43118	28	6400	950	952
15210	28	15526	950	952
93719	28	2903	950	952
8080	28	1551	950	952
20712	28	232	950	952
68502	28	232	950	952
21560	28	57	950	952
16780	28	107	950	952
47474	28	798	950	952
93743	28	1825	950	952
96031	28	428	950	952
26730	28	1964	950	952
8382	28	219	950	952
124161	28	152	950	952
6540	28	347	950	952
8628	28	542	950	952
45228	28	233	950	952
52298	28	742	950	952
19935	28	286	950	952
9782	28	219	950	952
38472	28	494	950	952
11694	28	635	950	952
52653	28	5630	950	952
59347	28	2975	950	952
24668	28	506	950	952
6885	28	61	950	952
7936	28	467	950	952
145377	28	592	950	952
14191	28	498	950	952
9564	28	380	950	952
76908	28	2114	950	952
91046	28	877	950	952
14189	28	1945	950	952
86629	28	155	950	952
9157	28	198	950	952
10818	28	188	950	952
65604	28	22	950	952
17216	28	2447	950	952
78863	28	1703	950	952
43920	28	417	950	952
68893	28	903	950	952
28534	28	2748	950	952
109542	28	1261	950	952
16741	28	92	950	952
123377	28	1004	950	952
17011	28	614	950	952
21920	28	2732	950	952
37153	28	333	950	952
7744	28	447	950	952
18439	28	3413	950	952
18440	28	282	950	952
38184	28	3182	950	952
13698	28	1405	950	952
103791	28	1283	950	952
34428	28	818	950	952
15992	28	102	950	952
53050	28	273	950	952
28041	28	231	950	952
38592	28	2032	950	952
15066	28	27	950	952
67601	28	88	950	952
24092	28	699	950	952
41438	28	1718	950	952
16089	28	133	950	952
6086	28	1279	950	952
40434	28	1049	950	952
6439	28	107	950	952
11655	28	586	950	952
29395	28	2449	950	952
43882	28	39	950	952
12434	28	133	950	952
6352	28	52	950	952
14768	28	45	950	952
38390	28	313	950	952
60004	28	371	950	952
44068	28	2435	950	952
5487	28	429	950	952
13765	28	51174	950	952
16491	28	144	950	952
19917	28	2135	950	952
6932	28	1742	950	952
27725	28	39	950	952
35233	28	1658	950	952
43374	28	717	950	952
58253	28	265	950	952
21257	28	2467	950	952
11959	28	24	950	952
14884	28	832	950	952
25280	28	358	950	952
21554	28	336	950	952
13668	28	9147	950	952
56477	28	238	950	952
31936	28	989	950	952
9267	28	292	950	952
27659	28	58	950	952
14431	28	1117	950	952
14461	28	1338	950	952
48504	28	714	950	952
51419	28	32	950	952
8467	28	1613	950	952
19177	28	156	950	952
36366	28	313	950	952
8226	28	239	950	952
27574	28	255	950	952
19988	28	288	950	952
8025	28	325	950	952
53588	28	610	950	952
15452	28	37	950	952
38610	28	7051	950	952
13276	28	24	950	952
9612	28	23	950	952
17194	28	45	950	952
54003	28	800	950	952
11050	28	1554	950	952
12295	28	133	950	952
33387	28	4548	950	952
19026	28	76	950	952
10897	28	405	950	952
110882	28	2341	950	952
32221	28	193	950	952
85942	28	11473	950	952
10743	28	107	950	952
56851	28	1413	950	952
38085	28	964	950	952
27694	28	89	950	952
35215	28	2250	950	952
10429	28	166	950	952
17137	28	720	950	952
17603	28	4068	950	952
11206	28	346	950	952
110340	28	1234	950	952
12668	28	110	950	952
12946	28	856	950	952
28778	28	805	950	952
37711	28	124	950	952
95265	28	360	950	952
17442	28	501	950	952
20396	28	852	950	952
17584	28	458	950	952
89474	28	217	950	952
86608	28	391	950	952
35878	28	3047	950	952
129230	28	214	950	952
23535	28	129	950	952
50872	28	181	950	952
77129	28	2605	950	952
5903	28	989	950	952
13982	28	893	950	952
18536	28	692	950	952
28613	28	2527	950	952
39083	28	85	950	952
106284	28	3848	950	952
94966	28	1173	950	952
9332	28	233	950	952
10915	28	447	950	952
65247	28	6400	950	952
9624	28	55	950	952
43544	28	191	950	952
9057	28	76	950	952
53175	28	969	950	952
110065	28	821	950	952
52706	28	1004	950	952
27422	28	1403	950	952
22367	28	333	950	952
37429	28	51	950	952
38495	28	1159	950	952
51153	28	327	950	952
18631	28	145	950	952
81725	28	496	950	952
86557	28	91	950	952
8101	28	408	950	952
74160	28	345	950	952
30301	28	398	950	952
32104	28	1845	950	952
95591	28	1530	950	952
57132	28	40	950	952
15297	28	2841	950	952
100869	28	261	950	952
12490	28	39	950	952
66813	28	276	950	952
13200	28	732	950	952
9931	28	885	950	952
4836	28	55	950	952
16022	28	1175	950	952
77664	28	458	950	952
17286	28	149	950	952
86783	28	2022	950	952
51721	28	540	950	952
67611	28	358	950	952
21679	28	1074	950	952
108875	28	1360	950	952
22549	28	227	950	952
37202	28	1436	950	952
6881	28	275	950	952
120041	28	968	950	952
108513	28	1076	950	952
59973	28	345	950	952
49335	28	123	950	952
30766	28	3681	950	952
65965	28	307	950	952
19094	28	65	950	952
43183	28	4541	950	952
8621	28	582	950	952
107153	28	2479	950	952
38202	28	1861	950	952
16584	28	5946	950	952
6588	28	717	950	952
7733	28	4274	950	952
46036	28	2449	950	952
85791	28	109	950	952
34443	28	523	950	952
11601	28	253	950	952
76197	28	653	950	952
28220	28	353	950	952
13577	28	250	950	952
63845	28	989	950	952
24538	28	523	950	952
35776	28	784	950	952
14766	28	80	950	952
97875	28	1944	950	952
6352	28	14	950	952
49724	28	2593	950	952
11302	28	177	950	952
30590	28	85	950	952
12958	28	166	950	952
84652	28	1413	950	952
33740	28	114	950	952
16549	28	1262	950	952
66360	28	156	950	952
10744	28	14197	950	952
11203	28	1245	950	952
66231	28	136	950	952
20127	28	643	950	952
11214	28	558	950	952
21248	28	1718	950	952
11164	28	22	950	952
21111	28	572	950	952
11766	28	315	950	952
29943	28	168	950	952
12562	28	78	950	952
38260	28	339	950	952
23014	28	27	950	952
19184	28	28	950	952
72926	28	495	950	952
63239	28	3388	950	952
51669	28	2748	950	952
27349	28	20	950	952
38581	28	85	950	952
8593	28	181	950	952
30394	28	2148	950	952
4618	28	81	950	952
15219	28	38	950	952
6371	28	161	950	952
89502	28	216	950	952
20812	28	313	950	952
78245	28	780	950	952
88215	28	515	950	952
70045	28	627	950	952
18081	28	221	950	952
69042	28	483	950	952
12003	28	19	950	952
65435	28	625	950	952
89040	28	330	950	952
81712	28	774	950	952
9070	28	583	950	952
44959	28	109	950	952
39274	28	1462	950	952
66828	28	58	950	952
38849	28	995	950	952
27226	28	114	950	952
24439	28	467	950	952
5289	28	231	950	952
51890	28	20847	950	952
35338	28	1812	950	952
67420	28	749	950	952
44058	28	244	950	952
9829	28	52	950	952
21598	28	51	950	952
8320	28	346	950	952
42544	28	2214	950	952
7393	28	399	950	952
34443	28	1036	950	952
7626	28	2870	950	952
5118	28	49	950	952
95072	28	493	950	952
80925	28	261	950	952
9718	28	785	950	952
58766	28	669	950	952
12955	28	40	950	952
12594	28	179	950	952
74097	28	1924	950	952
35698	28	42	950	952
16571	28	140	950	952
11553	28	355	950	952
44586	28	514	950	952
20172	28	3376	950	952
97863	28	470	950	952
21626	28	1052	950	952
8852	28	475	950	952
69266	28	2745	950	952
12414	28	89	950	952
31241	28	1258	950	952
13442	28	233	950	952
28987	28	969	950	952
18806	28	38010	950	952
7747	28	2680	950	952
50440	28	152	950	952
47281	28	1213	950	952
11454	28	230	950	952
7846	28	1772	950	952
78734	28	81	950	952
6129	28	478	950	952
90917	28	1021	950	952
5667	28	6257	950	952
4001	28	7253	950	952
12478	28	80	950	952
7311	28	1742	950	952
9007	28	120	950	952
10028	28	365	950	952
11826	28	315	950	952
28800	28	304	950	952
10952	28	121	950	952
90353	28	2159	950	952
73990	28	4965	950	952
23988	28	119	950	952
57127	28	899	950	952
80755	28	2114	950	952
25527	28	255	950	952
17692	28	983	950	952
7823	28	67	950	952
25855	28	554	950	952
6056	28	233	950	952
35524	28	383	950	952
14853	28	464	950	952
29094	28	141	950	952
109307	28	881	950	952
38454	28	13655	950	952
24592	28	559	950	952
17246	28	1124	950	952
18423	28	917	950	952
14036	28	16247	950	952
37751	28	2454	950	952
137993	28	39483	950	952
6318	28	47	950	952
59802	28	969	950	952
23955	28	436	950	952
66572	28	910	950	952
10105	28	8221	950	952
59416	28	989	950	952
8044	28	15862	950	952
28445	28	295	950	952
28588	28	475	950	952
36876	28	2748	950	952
64703	28	11174	950	952
14194	28	27	950	952
9561	28	7024	950	952
11896	28	67	950	952
11052	28	40	950	952
75892	28	5074	950	952
11437	28	618	950	952
17222	28	328	950	952
7786	28	1349	950	952
8641	28	1551	950	952
11872	28	40	950	952
19343	28	428	950	952
17431	28	695	950	952
26605	28	548	950	952
21003	28	109	950	952
24029	28	139	950	952
73043	28	2447	950	952
43591	28	67	950	952
10895	28	95	950	952
83598	28	516	950	952
92776	28	248	950	952
6438	28	133	950	952
16020	28	98	950	952
14263	28	288	950	952
33226	28	73	950	952
8060	28	141	950	952
10950	28	1254	950	952
8666	28	11015	950	952
11999	28	3918	950	952
91010	28	936	950	952
17636	28	220	950	952
35094	28	749	950	952
27981	28	70	950	952
5327	28	65	950	952
29293	28	1024	950	952
16544	28	77	950	952
23116	28	6381	950	952
73757	28	239	950	952
6218	28	529	950	952
65024	28	88	950	952
22932	28	199	950	952
9971	28	906	950	952
16605	28	251	950	952
11648	28	699	950	952
3789	28	73	950	952
19182	28	1069	950	952
81562	28	4051	950	952
8822	28	868	950	952
69493	28	105	950	952
28755	28	66	950	952
110366	28	21300	950	952
17767	28	447	950	952
12064	28	256	950	952
26742	28	112	950	952
9330	28	461	950	952
38730	28	582	950	952
6260	28	82	950	952
14143	28	121	950	952
9491	28	195	950	952
65445	28	7756	950	952
14230	28	692	950	952
81776	28	175	950	952
130771	28	253	950	952
60713	28	54	950	953
6675	28	150	950	953
29322	28	350	950	953
33813	28	82	950	953
39259	28	11473	950	953
7759	28	89	950	953
25499	28	434	950	953
14885	28	19	950	953
72205	28	224	950	953
26185	28	609	950	953
30335	28	49	950	953
72579	28	1253	950	953
46628	28	515	950	953
9638	28	15163	950	953
26369	28	630	950	953
9564	28	241	950	953
84708	28	2413	950	953
5083	28	289	950	953
17052	28	146	950	953
26495	28	1524	950	953
25105	28	313	950	953
9645	28	145	950	953
26853	28	35696	950	953
11493	28	181	950	953
55201	28	841	950	953
17709	28	35912	950	953
31296	28	107	950	953
15680	28	398	950	953
71815	28	5765	950	953
11731	28	739	950	953
19314	28	160	950	953
48665	28	20847	950	953
36657	28	387	950	953
75449	28	3884	950	953
6355	28	78	950	953
36839	28	65	950	953
63476	28	386	950	953
42530	28	446	950	953
56641	28	5355	950	953
52571	28	377	950	953
36954	28	1728	950	953
9462	28	2436	950	953
31937	28	105	950	953
13697	28	43	950	953
42851	28	1041	950	953
27419	28	16	950	953
42074	28	134	950	953
34262	28	47	950	953
36184	28	670	950	953
16349	28	224	950	953
73135	28	4903	950	953
23163	28	1653	950	953
11870	28	114	950	953
28117	28	3125	950	953
44831	28	818	950	953
64945	28	1736	950	953
21799	28	38893	950	953
10194	28	76	950	953
19076	28	54	950	953
11595	28	1431	950	953
65373	28	798	950	953
53776	28	2022	950	953
34318	28	234	950	953
6288	28	894	950	953
34939	28	47	950	953
32621	28	361	950	953
5718	28	215	950	953
10658	28	1434	950	953
21630	28	1527	950	953
22912	28	1031	950	953
20235	28	435	950	953
20234	28	48	950	953
17484	28	463	950	953
8791	28	355	950	953
12039	28	29	950	953
4065	28	87	950	953
31593	28	968	950	953
18814	28	495	950	953
23898	28	309	950	953
18053	28	118	950	953
23979	28	95	950	953
74853	28	3153	950	953
61848	28	159	950	953
8245	28	222	950	953
19719	28	291	950	953
7386	28	63	950	953
13147	28	114	950	953
11631	28	170	950	953
4010	28	85	950	953
10474	28	77	950	953
26065	28	371	950	953
21191	28	5432	950	953
26252	28	214	950	953
33770	28	18982	950	953
32383	28	231	950	953
41555	28	1021	950	953
9934	28	117	950	953
15411	28	932	950	953
28079	28	14136	950	953
6368	28	51	950	953
26438	28	117	950	953
8409	28	1671	950	953
14152	28	615	950	953
34714	28	2240	950	953
29394	28	1282	950	953
10355	28	748	950	953
6245	28	1083	950	953
11840	28	161	950	953
7566	28	245	950	953
36872	28	136	950	953
107469	28	796	950	953
38086	28	1227	950	953
11060	28	201	950	953
41246	28	132	950	953
19896	28	61	950	953
12650	28	48	950	953
5362	28	44	950	953
20177	28	498	950	953
14526	28	4756	950	953
19885	28	49	950	953
24944	28	350	950	953
7261	28	1009	950	953
40213	28	557	950	953
117076	28	98894	950	953
21325	28	161	950	953
23351	28	265	950	953
49141	28	442	950	953
5645	28	46	950	953
11152	28	76	950	953
92633	28	230	950	953
12700	28	260	950	953
38479	28	593	950	953
19536	28	42	950	953
42021	28	1193	950	953
11699	28	1057	950	953
31826	28	489	950	953
28136	28	295	950	953
11863	28	657	950	953
31354	28	510	950	953
90528	28	31237	950	953
51182	28	31764	950	953
13527	28	369	950	953
81090	28	38	950	953
73744	28	50717	950	953
27189	28	383	950	953
13804	28	44276	950	953
36021	28	4549	950	953
7123	28	1625	950	953
65084	28	1317	950	953
39738	28	82	950	953
8309	28	52	950	953
33570	28	1100	950	953
41206	28	3918	950	953
12124	28	1384	950	953
15984	28	452	950	953
30950	28	198	950	953
80020	28	149	950	953
79682	28	1095	950	953
15592	28	1767	950	953
69215	28	181	950	953
41929	28	54	950	953
88599	28	609	950	953
42114	28	1527	950	953
18557	28	402	950	953
41227	28	133	950	953
12011	28	926	950	953
37191	28	222	950	953
9769	28	542	950	953
51449	28	436	950	953
20730	28	19	950	953
21549	28	105	950	953
44391	28	2250	950	953
25043	28	2376	950	953
12329	28	1330	950	953
87737	28	1253	950	953
24629	28	50	950	953
47845	28	2446	950	953
8317	28	2435	950	953
108513	28	129	950	953
19182	28	323	950	953
8335	28	41	950	953
17076	28	202	950	953
19313	28	3860	950	953
20470	28	846	950	953
6464	28	334	950	953
51055	28	6152	950	953
11391	28	1163	950	953
95059	28	524	950	953
12463	28	800	950	953
14430	28	1697	950	953
43892	28	530	950	953
5894	28	1831	950	953
95141	28	1119	950	953
44269	28	9843	950	953
11421	28	2897	950	953
23011	28	1670	950	953
28888	28	303	950	953
69618	28	76	950	953
44680	28	109	950	953
24808	28	1570	950	953
128670	28	166	950	953
10539	28	175	950	953
28151	28	836	950	953
28687	28	56	950	953
25939	28	180	950	953
44418	28	1552	950	953
22481	28	630	950	953
15789	28	493	950	953
53496	28	817	950	953
23425	28	101	950	953
11691	28	88	950	953
69900	28	800	950	953
21555	28	474	950	953
24572	28	1283	950	953
34504	28	796	950	953
56578	28	198	950	953
47900	28	390	950	953
17722	28	6134	950	953
101913	28	254	950	953
10496	28	179	950	953
15136	28	205	950	953
12308	28	73	950	953
15756	28	274	950	953
40831	28	532	950	953
35445	28	550	950	953
10658	28	146	950	953
13708	28	548	950	953
11919	28	86	950	953
8981	28	4418	950	953
12693	28	174	950	953
16229	28	402	950	953
14227	28	8306	950	953
47108	28	490	950	953
32453	28	757	950	953
17772	28	21338	950	953
59762	28	298	950	953
5464	28	118	950	953
40816	28	40	950	953
4572	28	61	950	953
105291	28	989	950	953
9171	28	37	950	953
20240	28	57	950	953
9361	28	121	950	953
58754	28	470	950	953
17152	28	474	950	953
37676	28	3061	950	953
24643	28	69	950	953
9916	28	1013	950	953
5967	28	43	950	953
15401	28	47	950	953
21218	28	121	950	953
16427	28	1180	950	953
8183	28	213	950	953
74444	28	2250	950	953
13194	28	192	950	953
38318	28	612	950	953
20363	28	43	950	953
129928	28	1291	950	953
56049	28	796	950	953
13764	28	69	950	953
15213	28	55	950	953
8407	28	40	950	953
40857	28	370	950	953
20320	28	61	950	953
72067	28	800	950	953
10311	28	456	950	953
80624	28	181	950	953
56145	28	977	950	953
39816	28	2159	950	953
78962	28	4355	950	953
13529	28	355	950	953
14029	28	45	950	953
11301	28	55	950	953
5644	28	387	950	953
26052	28	39	950	953
15980	28	44698	950	953
34521	28	50	950	953
13281	28	986	950	953
20259	28	155	950	953
22468	28	587	950	953
34743	28	496	950	953
88343	28	83074	950	953
13177	28	2747	950	953
67933	28	1758	950	953
15245	28	76	950	953
13296	28	16247	950	953
14469	28	364	950	953
62923	28	263	950	953
68707	28	2138	950	953
34656	28	232	950	953
5518	28	92	950	953
50345	28	899	950	953
38815	28	1964	950	953
53956	28	857	950	953
60653	28	452	950	953
24240	28	60	950	953
61454	28	475	950	953
14635	28	178	950	953
5695	28	587	950	953
10944	28	6631	950	953
14664	28	523	950	953
15629	28	1164	950	953
47057	28	11473	950	953
111872	28	280	950	953
42647	28	3778	950	953
37052	28	2148	950	953
9359	28	142	950	953
33129	28	235	950	953
12206	28	235	950	953
38475	28	633	950	953
33944	28	1628	950	953
7894	28	379	950	953
79711	28	907	950	953
68403	28	710	950	953
50721	28	13720	950	953
8386	28	58	950	953
10983	28	907	950	953
10890	28	2301	950	953
41316	28	256	950	953
5050	28	1565	950	953
11334	28	28	950	953
55435	28	363	950	953
10335	28	66	950	953
35857	28	437	950	953
18466	28	174	950	953
18662	28	712	950	953
6544	28	289	950	953
12105	28	174	950	953
20214	28	951	950	953
9775	28	65	950	953
40524	28	2022	950	953
5618	28	159	950	953
16657	28	136	950	953
38539	28	475	950	953
8314	28	142	950	953
7439	28	1182	950	953
24364	28	22	950	953
55252	28	2768	950	953
47129	28	407	950	953
12072	28	28	950	953
12407	28	100	950	953
25854	28	406	950	953
28479	28	513	950	953
7623	28	131	950	953
13160	28	79	950	953
8176	28	233	950	953
90453	28	85	950	953
21005	28	2413	950	953
22260	28	1014	950	953
13520	28	141	950	953
89804	28	67	950	953
18471	28	2522	950	953
19282	28	1228	950	953
11885	28	41	950	953
16693	28	1258	950	953
40675	28	1050	950	953
17444	28	40	950	953
33231	28	893	950	953
58236	28	1120	950	953
18617	28	179	950	953
21781	28	395	950	953
20095	28	4665	950	953
38648	28	608	950	953
18411	28	485	950	953
29803	28	231	950	953
18411	28	185	950	953
49024	28	937	950	953
33162	28	104	950	953
10688	28	514	950	953
31199	28	983	950	953
18739	28	77	950	953
54453	28	682	950	953
25701	28	2127	950	953
31770	28	3814	950	953
39360	28	286	950	953
70767	28	4187	950	953
16323	28	282	950	953
12507	28	273	950	953
102900	28	345	950	953
40012	28	112	950	953
45996	28	1229	950	953
43580	28	1259	950	953
27762	28	40	950	953
39377	23	90929	950	953
7040	28	402	950	953
16207	28	4365	950	953
17612	28	23	950	953
15047	28	464	950	953
70634	28	140	950	954
8395	28	2446	950	954
52550	28	2145	950	954
45505	28	2114	950	954
29085	28	510	950	954
25580	28	1138	950	954
53326	28	45408	950	954
9423	28	147	950	954
30232	28	263	950	954
40212	28	315	950	954
26194	28	77	950	954
11971	28	754	950	954
26159	28	1801	950	954
6535	28	1176	950	954
11964	28	206	950	954
7025	28	276	950	954
12890	28	81	950	954
41920	28	44	950	954
64952	28	496	950	954
27523	28	1411	950	954
17979	28	82	950	954
75298	28	379	950	954
9836	28	11776	950	954
29138	28	147	950	954
18797	28	133	950	954
42849	28	232	950	954
117599	14	9093	950	954
34830	28	612	950	954
12119	28	2527	950	954
76571	28	66314	950	954
11249	28	392	950	954
33439	28	1338	950	954
88908	28	1262	950	954
12771	28	2041	950	954
77053	28	2526	950	954
38881	28	608	950	954
102900	28	413	950	954
19244	28	20	950	954
13229	28	695	950	954
16986	28	436	950	954
25871	28	101	950	954
6454	28	220	950	954
7145	28	42	950	954
20018	28	273	950	954
35204	28	1000	950	954
7999	28	2776	950	954
15382	28	33	950	954
120331	28	3217	950	954
23267	28	63	950	954
14580	28	1402	950	954
16432	28	1700	950	954
6234	28	72	950	954
12325	28	227	950	954
67343	28	748	950	954
7521	28	149	950	954
79019	28	4303	950	954
10457	28	239	950	954
22276	28	701	950	954
10232	28	55	950	954
29373	28	49	950	954
27976	28	494	950	954
73152	28	10792	950	954
33978	28	836	950	954
11091	28	893	950	954
16223	28	608	950	954
13159	28	1968	950	954
37113	28	2136	950	954
42708	28	33883	950	954
87872	28	10497	950	954
30643	28	92	950	954
10946	28	132	950	954
9347	28	49	950	954
47182	28	398	950	954
54327	28	334	950	954
44454	28	965	950	954
32102	28	186	950	954
9862	28	546	950	954
23195	28	841	950	954
51582	28	334	950	954
68699	28	55864	950	954
22758	28	564	950	954
7512	28	32	950	954
31696	28	144	950	954
13059	28	219	950	954
51695	28	19	950	954
15178	28	965	950	954
26888	28	4184	950	954
23744	28	95	950	954
106345	28	933	950	954
34058	28	1525	950	954
46119	28	32	950	954
65585	28	61	950	954
33236	28	16	950	954
42730	28	1206	950	954
20813	28	52	950	954
79753	28	3322	950	954
19933	28	47	950	954
49336	28	2048	950	954
98851	28	286	950	954
7596	28	79	950	954
59988	28	550	950	954
22524	28	1267	950	954
17840	28	193	950	954
97198	28	280	950	954
26685	28	364	950	954
14150	28	155	950	954
17827	28	1263	950	954
33871	28	378	950	954
37410	28	1304	950	954
28068	28	502	950	954
6153	28	105	950	954
9810	28	289	950	954
23253	28	70	950	954
8659	28	253	950	954
14421	28	167	950	954
27111	28	170	950	954
21470	28	4303	950	954
56571	28	134	950	954
23433	28	14	950	954
17300	28	365	950	954
11028	28	965	950	954
29718	28	476	950	954
42364	28	378	950	954
106489	28	56843	950	954
33379	28	350	950	954
102987	28	738	950	954
15966	28	267	950	954
41561	28	3811	950	954
26403	28	36	950	954
41311	28	350	950	954
33848	28	3791	950	954
89474	28	371	950	954
22066	28	292	950	954
82953	28	133	950	954
14484	28	95	950	954
9728	28	390	950	954
58076	28	3624	950	954
31234	28	1308	950	954
13081	28	48	950	954
6556	28	637	950	954
95655	28	378	950	954
75529	28	254	950	954
19915	28	485	950	954
17251	28	159	950	954
8689	28	110	950	954
19968	28	70	950	954
93589	28	1148	950	954
28473	28	251	950	954
69138	28	1075	950	954
6785	28	223	950	954
34029	28	170	950	954
47557	28	892	950	954
39099	28	214	950	954
21050	28	91	950	954
13488	28	602	950	954
24974	28	493	950	954
102614	28	1282	950	954
20103	28	931	950	954
8089	28	1069	950	954
45688	28	222	950	954
89345	28	2870	950	954
31147	28	55	950	954
9302	28	68	950	954
27014	28	43	950	954
24156	28	221	950	954
39919	28	633	950	954
39323	28	740	950	954
30246	28	353	950	954
7239	28	5797	950	954
95798	28	2532	950	954
11035	28	24789	950	954
10949	28	493	950	954
83011	28	1968	950	954
70314	28	449	950	954
15332	28	1031	950	954
25065	28	55	950	954
38639	28	253	950	954
44333	28	1004	950	954
26158	28	79	950	954
53971	28	2878	950	954
16832	28	50	950	954
34935	28	30	950	954
11844	28	58	950	954
73722	28	57	950	954
32856	28	214	950	954
77708	28	17870	950	954
19600	28	282	950	954
12249	28	962	950	954
25349	28	37274	950	954
16656	28	104	950	954
45709	28	51662	950	954
29535	28	71	950	954
11829	28	33	950	954
11624	28	603	950	954
63500	28	140	950	954
89540	28	1097	950	954
8157	28	1399	950	954
41531	28	942	950	954
27594	28	325	950	954
16220	28	668	950	954
92326	28	855	950	954
39443	28	78	950	954
8494	28	118	950	954
17030	28	222	950	954
68075	28	2780	950	954
12587	28	100	950	954
39596	28	1780	950	954
8959	28	406	950	954
24971	28	198	950	954
82297	28	991	950	954
5911	28	30	950	954
18129	28	288	950	954
12614	28	160	950	954
86042	28	750	950	954
15423	28	1665	950	954
6097	28	546	950	954
89907	28	273	950	954
40765	28	123	950	954
44184	28	1379	950	954
24744	28	170	950	955
14521	28	24	950	955
10404	28	323	950	955
14711	28	1338	950	955
9463	28	381	950	955
26058	28	166	950	955
39225	28	981	950	955
10753	28	233	950	955
73561	28	325	950	955
26580	28	192	950	955
85400	28	26828	950	955
30256	28	1193	950	955
11501	28	234	950	955
8939	28	30	950	955
87124	28	303	950	955
27708	28	503	950	955
14858	28	484	950	955
18064	28	211	950	955
25116	28	390	950	955
101377	28	523	950	955
84249	28	37	950	955
46348	28	554	950	955
49718	28	1814	950	955
4360	28	383	950	955
24882	28	1317	950	955
11668	28	542	950	955
67040	28	129	950	955
24997	28	899	950	955
17130	28	41	950	955
47305	28	1324	950	955
104724	28	2871	950	955
2919	28	147	950	955
65787	28	2519	950	955
27827	28	286	950	955
90041	28	610	950	955
31061	28	320	950	955
12160	28	19	950	955
21239	28	749	950	955
37199	28	875	950	955
4654	28	446	950	955
25000	28	206	950	955
41869	28	532	950	955
6697	28	492	950	955
12357	28	78	950	955
8881	28	397	950	955
8227	28	649	950	955
5676	28	47	950	955
9627	28	129	950	955
22746	28	196	950	955
94143	28	392	950	955
125941	28	262	950	955
34992	28	959	950	955
31353	28	155	950	955
9291	28	41	950	955
67025	28	1095	950	955
68863	28	313	950	955
107045	28	369	950	955
21547	28	81	950	955
27590	28	114	950	955
85882	28	789	950	955
15686	28	456	950	955
51580	28	603	950	955
35405	28	109	950	955
108682	28	1270	950	955
30236	28	168	950	955
35173	28	1275	950	955
16975	28	102	950	955
15831	28	55	950	955
17811	28	224	950	955
54591	28	274	950	955
18399	28	64	950	955
26361	28	57	950	955
92000	28	1097	950	955
90716	28	1178	950	955
28986	28	36	950	955
113487	28	869	950	955
23797	28	3061	950	955
16678	28	119	950	955
19383	28	86	950	955
92261	28	1261	950	955
8516	28	582	950	955
65120	28	3778	950	955
12429	28	51	950	955
79553	23	85339	950	955
85339	23	79553	950	955
6681	28	37	950	955
66298	28	1178	950	955
14859	28	34	950	955
15339	28	933	950	955
42434	28	10497	950	955
11009	23	47273	950	955
84031	28	787	950	955
14313	28	53	950	955
38217	28	2241	950	955
20422	28	213	950	955
14615	28	177	950	955
18503	28	119	950	955
38373	28	522	950	955
126587	28	254	950	955
42763	16	33805	950	955
14001	28	40	950	955
9886	28	1993	950	955
44075	28	419	950	955
30975	28	522	950	955
45562	28	1392	950	955
73568	28	2870	950	955
12942	28	203	950	955
10934	28	256	950	955
13539	28	1948	950	955
28282	28	291	950	955
61043	30	37540	950	955
90720	28	864	950	955
54008	28	1300	950	955
51896	28	857	950	955
18004	28	1075	950	955
13845	28	38	950	955
54290	28	179	950	955
34310	28	868	950	955
16899	28	1559	950	955
42727	28	198	950	955
4508	28	77	950	955
43040	28	2201	950	955
37129	28	615	950	955
9310	28	267	950	955
12833	28	1434	950	955
38272	28	1059	950	955
16924	28	202	950	955
31994	28	493	950	955
63144	28	94111	950	955
5401	28	591	950	955
78064	28	4003	950	955
19763	28	1338	950	955
65965	28	304	950	955
22204	28	1259	950	955
79970	28	337	950	955
64513	28	660	950	955
33184	28	55	950	955
11699	28	1961	950	955
64137	28	903	950	955
7017	28	210	950	955
21057	28	701	950	955
19761	28	119	950	955
74332	28	328	950	955
30294	28	1085	950	955
93875	28	6414	950	955
7987	28	120	950	955
44068	28	648	950	955
26034	28	1524	950	955
15269	28	289	950	955
37358	28	86	950	955
51839	28	1610	950	955
21415	28	22	950	955
25107	28	267	950	955
37133	28	548	950	955
12773	28	89	950	956
82738	28	3177	950	956
62082	28	4418	950	956
11775	28	1000	950	956
25903	28	474	950	956
26112	28	794	950	956
16996	28	1279	950	956
11702	28	14	950	956
14702	28	175	950	956
23707	28	1307	950	956
20112	28	156	950	956
56223	28	1670	950	956
31302	28	798	950	956
31907	28	1228	950	956
12572	28	371	950	956
14851	28	1069	950	956
29275	28	198	950	956
25329	28	30	950	956
87522	28	110	950	956
22936	28	57	950	956
90487	28	957	950	956
99202	28	235	950	956
90900	23	10039	950	956
10039	23	90900	950	956
6282	28	33	950	956
67726	28	1054	950	956
162425	28	1708	950	956
11366	28	295	950	956
36949	28	1185	950	956
50847	28	1075	950	956
21366	28	384	950	956
6770	28	147	950	956
11873	28	38	950	956
28549	28	248	950	956
68328	28	1392	950	956
31793	28	1041	950	956
20707	28	481	950	956
4932	28	20	950	956
44308	28	196	950	956
11643	28	493	950	956
93414	28	1703	950	956
11752	28	238	950	956
26461	28	199	950	956
27995	28	1059	950	956
34682	28	55	950	956
24524	28	42	950	956
27376	28	464	950	956
37465	28	395	950	956
19131	28	527	950	956
42430	28	145	950	956
42983	28	53	950	956
17008	28	431	950	956
11151	28	489	950	956
100474	28	3388	950	956
23119	28	2100	950	956
92267	28	348	950	956
19577	28	1734	950	956
25401	28	120	950	956
110894	28	1299	950	956
18777	28	211	950	956
80574	28	1050	950	956
110158	28	391	950	956
10922	28	381	950	956
36749	28	732	950	956
7096	28	577	950	956
20286	28	44	950	956
4839	28	92	950	956
19187	28	61	950	956
34269	28	680	950	956
111424	28	506	950	956
12770	28	82	950	956
16508	28	213	950	956
11145	28	247	950	956
18516	28	471	950	956
45282	28	593	950	956
14317	28	381	950	956
4350	28	152	950	956
8281	28	142	950	956
47964	28	4316	950	956
61502	28	1632	950	956
14082	28	198	950	956
40282	28	174	950	956
38295	28	111	950	956
7937	28	1628	950	956
34619	28	825	950	956
36495	28	70	950	956
106544	28	2975	950	956
15285	28	348	950	956
78399	28	1282	950	956
15047	28	181	950	956
109946	28	624	950	956
17022	28	523	950	956
3114	23	6893	950	956
85400	28	2371	950	956
15018	28	295	950	956
51211	28	1148	950	956
6437	28	57	950	956
10287	28	1772	950	956
44136	28	2563	950	956
29301	28	1468	950	956
41709	28	5057	950	956
46975	28	493	950	956
106146	28	2040	950	956
11620	28	493	950	956
11514	28	245	950	956
62292	28	531	950	956
15988	28	380	950	956
44199	28	133	950	956
32118	28	622	950	956
7294	28	36	950	956
67322	28	477	950	956
8054	28	86	950	956
40703	28	1101	950	956
6924	28	215	950	956
13149	28	276	950	956
32325	28	470	950	956
59311	28	56	950	956
20898	28	657	950	956
44104	28	2527	950	956
28987	28	3836	950	957
14582	28	63	950	957
13023	28	34	950	957
71379	28	2059	950	957
38896	28	32	950	957
11556	28	98	950	957
46615	28	1260	950	957
26780	28	170	950	957
15190	28	199	950	957
52836	28	25100	950	957
11905	28	20	950	957
10679	28	142	950	957
53947	28	55864	950	957
45045	28	34	950	957
140127	14	2824	950	957
14431	28	493	950	957
25067	28	1743	950	957
23831	28	2518	950	957
39078	28	726	950	957
31794	28	609	950	957
8932	28	40664	950	957
29840	28	2449	950	957
16018	28	1101	950	957
8274	28	82	950	957
38100	28	408	950	957
14813	28	505	950	957
5950	28	1009	950	957
18503	28	37	950	957
49727	28	680	950	957
68180	28	527	950	957
20906	28	260	950	957
17854	28	841	950	957
94071	28	1059	950	957
13966	28	143	950	957
42582	28	1169	950	957
15055	28	885	950	957
21278	28	73	950	957
44075	28	547	950	957
18064	28	32	950	957
9058	28	227	950	957
16141	28	68	950	957
12416	28	65	950	957
28676	28	1764	950	957
40288	28	98	950	957
28314	28	960	950	957
104898	28	554	950	957
11661	28	2132	950	957
37282	28	370	950	957
36902	28	234	950	957
21993	28	835	950	957
111344	28	1291	950	957
95465	28	2838	950	957
23475	28	1193	950	957
31463	28	2059	950	957
109529	28	291	950	957
9698	28	244	950	957
18771	28	47	950	957
12259	28	494	950	957
48251	28	2023	950	957
18204	28	101	950	957
19332	28	1091	950	957
10584	28	464	950	957
6588	28	33	950	957
49767	28	286	950	957
35970	28	34	950	957
22815	28	518	950	957
18512	28	20	950	957
5084	28	133	950	957
28832	28	100	950	957
15928	28	2913	950	957
31486	28	334	950	957
15575	28	36	950	957
82124	28	1206	950	957
40736	28	1011	950	957
111778	23	17992	950	957
34739	28	930	950	957
12683	28	290	950	957
15054	28	2107	950	957
39090	28	256	950	957
13141	28	869	950	957
25633	28	227	950	957
61658	28	434	950	957
6785	28	51	950	957
16724	28	510	950	958
48122	28	471	950	958
10927	28	323	950	958
31696	28	269	950	958
26089	28	4281	950	958
84400	28	956	950	958
42703	28	470	950	958
90777	28	920	950	958
50148	28	554	950	958
91317	28	1610	950	958
9325	28	505	950	958
75913	28	220	950	958
15951	28	609	950	958
17173	28	170	950	958
23315	28	869	950	958
34172	28	41	950	958
26066	28	68	950	958
41850	28	2871	950	958
80439	28	505	950	958
8892	28	1300	950	958
86005	28	530	950	958
93215	23	39846	950	958
91509	28	99	950	958
22716	28	29	950	958
17850	28	256	950	958
29925	28	20362	950	958
11438	28	428	950	958
22324	28	176	950	958
26168	28	510	950	958
17484	28	135	950	958
28831	28	159	950	958
35826	28	1259	950	958
31069	28	141	950	958
52362	28	72	950	958
48991	28	381	950	958
13197	28	510	950	958
43466	28	174	950	958
10555	28	276	950	958
128546	28	809	950	958
46703	28	121	950	958
16020	28	276	950	958
26525	28	668	950	958
66318	28	3574	950	958
70036	28	288	950	958
43419	28	1101	950	958
51864	28	1092	950	958
74383	28	95	950	958
20523	28	439	950	958
31854	28	510	950	958
69749	28	77	950	958
68033	28	1251	950	958
23483	28	29	950	958
12840	28	402	950	958
64159	28	1059	950	958
18508	28	32	950	958
17790	28	748	950	958
17841	28	547	950	958
126362	28	31237	950	958
50963	1	187884	950	958
7173	28	29	950	959
27337	28	348	950	959
25203	28	510	950	959
39455	28	1132	950	959
11335	28	170	950	959
24215	28	145	950	959
107138	28	951	950	959
12566	28	1754	950	959
22758	28	397	950	959
30147	28	471	950	959
126701	14	854	950	959
34682	28	14	950	959
107389	28	2234	950	959
19436	28	1338	950	959
49603	28	1570	950	959
16400	28	396	950	959
50697	28	789	950	959
29038	28	474	950	959
141132	28	2793	950	959
18140	28	397	950	959
129220	28	809	950	959
82014	28	366	950	959
88147	28	1368	950	959
61729	28	327	950	959
32152	28	417	950	959
36086	28	368	950	959
19862	28	1000	950	959
19076	28	132	950	959
44369	28	2632	950	959
13081	28	548	950	959
4690	28	247	950	959
51798	28	892	950	959
79945	28	3217	950	959
67470	28	1004	950	959
71793	28	377	950	959
34304	28	227	950	959
35124	28	1121	950	959
30826	28	458	950	959
96115	28	2234	950	960
21963	28	718	950	960
22650	28	1305	950	960
8762	28	1898	950	960
17232	28	101	950	960
33746	28	317	950	960
19282	28	368	950	960
19423	28	390	950	960
26085	28	869	950	960
68989	28	3452	950	960
14936	28	32	950	960
36117	28	2865	950	960
80359	28	1504	950	960
33315	28	129	950	960
50812	28	1059	950	960
80439	28	569	950	960
35058	28	1263	950	960
12813	28	247	950	960
19416	28	378	950	960
60403	28	1193	950	960
29364	28	20	950	960
55733	28	193	950	960
11053	28	1679	950	960
32906	28	395	950	960
19175	28	43	950	960
37508	28	712	950	960
38949	28	2713	950	960
70767	28	3433	950	960
21808	28	471	950	960
44058	28	951	950	960
146389	28	2371	950	960
37083	28	586	950	960
11164	28	247	950	960
18457	28	505	950	960
46586	28	1059	950	960
28644	28	71	950	960
96435	28	1014	950	961
31536	28	869	950	961
88257	28	1014	950	961
7800	28	32	950	961
49190	28	1028	950	961
21276	28	276	950	961
73976	28	1263	950	961
29928	28	505	950	961
21012	28	68	950	961
27982	28	45	950	961
35338	28	622	950	961
13052	28	269	950	961
12307	28	348	950	961
12291	28	2632	950	961
95371	28	1943	950	961
28958	28	4098	950	961
47120	28	124	950	961
22536	28	2259	950	961
12691	28	493	950	961
59270	28	38	950	961
17812	28	510	950	962
20290	28	1375	950	962
72800	28	242	950	962
69465	28	970	950	962
19912	28	657	950	962
10118	28	787	950	962
4776	28	55	950	962
15960	28	869	950	962
13484	28	106	950	962
42736	28	1944	950	962
17245	28	1009	950	962
25840	28	227	950	962
48827	28	661	950	962
17006	28	32	950	962
6203	28	1375	950	963
63166	28	1525	950	963
65439	28	1814	950	963
163363	14	58230	950	963
92272	28	1814	950	963
32879	28	510	950	963
11091	28	1151	950	963
41939	28	206	950	963
46760	28	471	950	964
13772	28	1935	950	964
18922	28	648	950	964
31633	28	9814	950	964
60835	28	835	950	964
23734	28	869	950	964
22610	28	471	950	964
34816	23	84714	950	964
82124	28	835	950	964
97294	28	14947	950	965
39712	28	334	950	965
10657	28	526	950	965
27308	28	809	950	965
38898	23	89283	950	965
23715	28	531	950	965
50303	28	158	950	965
24711	28	968	950	965
66355	28	1321	950	965
10808	28	1375	950	966
11217	28	1135	950	966
31598	28	523	950	966
40824	28	2489	950	966
7640	28	1300	950	966
27345	28	184	950	967
31540	28	1642	950	967
42000	28	668	950	967
82921	28	1165	950	968
19761	28	37	950	968
54656	28	124	950	968
34096	28	18	950	969
20533	28	1178	950	969
7647	28	85	951	0
14252	28	2447	951	0
21748	28	144	951	0
12829	14	3741	951	0
18721	28	1144	951	0
112245	28	437	951	0
7704	28	86	951	0
12913	28	693	951	0
39069	28	16365	951	0
5004	28	91	951	0
5007	28	74	951	0
155840	14	33768	951	0
8482	28	16	951	0
8358	28	2190	951	0
52663	28	377	951	0
14601	28	2738	951	0
34087	28	587	951	0
71474	14	1343	951	0
14719	28	223	951	0
19258	14	308	951	0
45804	28	69	951	0
34262	28	33	951	0
25616	28	106	951	0
13160	28	88	951	0
29912	28	361	951	0
25824	28	989	951	0
46124	28	4355	951	0
46127	28	188	951	0
40017	28	1655	951	0
62345	28	11849	951	0
22766	28	2097	951	0
26169	28	195	951	0
113739	28	1728	951	0
9165	28	276	951	0
19606	28	110	951	0
19603	28	19101	951	0
97849	28	19410	951	0
9651	28	394	951	0
62863	28	424	951	0
114121	14	4424	951	0
17351	28	70884	951	0
22876	28	1468	951	0
13362	14	444	951	0
35291	28	1926	951	0
73102	14	308	951	0
26643	28	1814	951	0
73315	28	757	951	0
54701	28	161	951	0
85216	28	333	951	0
41192	28	453	951	0
17588	28	361	951	0
33455	28	1978	951	0
13568	28	107	951	0
41316	28	548	951	0
55232	28	1625	951	0
27068	28	131	951	0
10612	28	2392	951	0
23517	28	499	951	0
8759	28	110	951	0
74227	28	19101	951	0
10842	28	98	951	0
5804	28	2663	951	0
36106	28	1121	951	0
74372	28	224	951	0
86157	28	622	951	0
86218	28	4284	951	0
31391	28	68	951	0
64440	28	614	951	0
48340	28	2136	951	0
10249	28	630	951	0
6342	28	364	951	0
116041	28	47030	951	0
22592	28	840	951	0
72678	28	31245	951	0
8041	28	1297	951	0
74372	28	1052	951	0
6136	28	30	951	0
48607	28	1700	951	0
7698	28	107	951	0
100541	16	9	951	0
62699	28	1356	951	0
9870	28	220	951	0
31876	28	57	951	0
116810	14	207	951	0
31768	28	2210	951	0
52340	23	87732	951	0
87732	23	52340	951	0
15181	28	449	951	0
27875	28	1028	951	0
46371	28	856	951	0
16969	28	413	951	0
12566	28	206	951	0
60592	28	67	951	0
17130	28	404	951	0
96794	28	565	951	0
29138	28	528	951	0
66182	28	1446	951	0
5559	28	627	951	0
33691	28	24	951	0
8684	28	573	951	0
13422	28	616	951	0
33821	28	394	951	0
37366	16	9	951	0
6013	28	1458	951	0
102326	28	1908	951	0
102333	28	4844	951	0
136793	14	2764	951	0
88829	28	3939	951	0
8412	28	4238	951	0
16353	28	168	951	0
16349	28	411	951	0
5639	28	1559	951	0
62542	28	878	951	0
14309	28	1178	951	0
8403	28	135	951	0
55198	28	605	951	0
44993	28	507	951	0
6767	28	23	951	0
22114	28	1897	951	0
135108	16	8	951	0
18995	28	19101	951	0
77134	14	1706	951	0
61409	28	4164	951	0
71083	28	119	951	0
11624	28	135	951	0
22450	28	429	951	0
16971	28	3118	951	0
76626	28	6412	951	0
16991	28	216	951	0
22396	28	1075	951	0
22434	28	1262	951	0
103331	28	1383	951	0
7815	28	39	951	0
5020	28	289	951	0
4618	28	221	951	0
17172	28	24	951	0
72058	28	26775	951	0
17113	28	2929	951	0
119492	16	99054	951	0
84186	28	17227	951	0
17249	28	1213	951	0
18885	28	119	951	0
37366	16	8	951	0
65435	28	1937	951	0
58260	28	1921	951	0
5932	28	507	951	0
104191	14	25938	951	0
6770	28	38	951	0
26058	28	72	951	0
20323	28	48	951	0
34113	28	361	951	0
7477	28	16	951	0
25092	28	38	951	0
12253	28	78	951	0
9835	28	1625	951	0
35887	28	712	951	0
27032	28	106	951	0
62069	28	30093	951	0
41669	28	1028	951	0
45994	28	216	951	0
4350	28	87	951	0
20636	28	46200	951	0
5933	28	57	951	0
30010	28	2583	951	0
5870	28	27	951	0
10096	28	405	951	0
8161	28	216	951	0
5348	28	23	951	0
105118	28	587	951	0
42009	28	1199	951	0
23001	28	68	951	0
77692	28	1497	951	0
16847	28	1594	951	0
91145	28	641	951	0
9580	28	1148	951	0
5454	28	1409	951	0
18582	28	1733	951	0
39461	28	1254	951	0
26405	28	925	951	0
17559	28	915	951	0
162492	14	19895	951	0
30983	28	1742	951	0
15678	28	131	951	0
10695	28	507	951	0
18050	28	1163	951	0
5833	28	117	951	0
66832	14	3473	951	0
79156	14	782	951	0
14341	28	2662	951	0
43663	14	943	951	0
5600	28	1871	951	0
57351	28	464	951	0
87302	28	547	951	0
11917	28	4003	951	0
56874	28	7480	951	0
60606	28	112	951	0
60764	28	615	951	0
8848	28	161	951	0
13390	28	1432	951	0
58799	28	4311	951	0
122329	28	970	951	0
36275	28	2446	951	0
34450	28	890	951	0
7248	28	474	951	0
24129	28	1305	951	0
29856	28	80	951	0
16433	28	15237	951	0
28977	28	528	951	0
96045	28	310	951	0
56581	28	899	951	0
8972	28	234	951	0
10337	28	70	951	0
7238	28	69	951	0
50149	28	122	951	0
86576	28	88	951	0
67941	14	97002	951	0
9570	28	2026	951	0
122487	28	2035	951	0
12065	28	1923	951	0
5013	28	58	951	0
15559	28	774	951	0
22423	28	339	951	0
80198	14	30214	951	0
5642	28	239	951	0
102562	23	142686	951	0
10303	28	428	951	0
57728	28	1554	951	0
58799	28	2138	951	0
15897	28	152	951	0
27523	28	227	951	0
47088	28	717	951	0
103565	28	7113	951	0
12262	28	339	951	0
11767	28	1412	951	0
69251	28	170	951	0
51354	28	39	951	0
12016	28	215	951	0
8759	28	87	951	0
5968	28	347	951	0
16110	23	93232	951	0
93232	23	16110	951	0
20257	28	434	951	0
5833	28	28	951	0
13568	28	66	951	0
22528	28	106	951	0
20361	28	800	951	0
5017	28	361	951	0
32044	28	347	951	0
12804	28	223	951	0
12522	28	1255	951	0
29164	28	964	951	0
69543	28	2621	951	0
39747	28	2035	951	0
44198	28	333	951	0
13519	28	181	951	0
63229	23	67549	951	0
55004	28	2454	951	0
108314	28	5075	951	0
69606	28	641	951	0
80855	28	2575	951	0
9709	28	1060	951	0
49429	28	1384	951	0
78399	28	423	951	0
7502	28	64	951	0
9183	28	276	951	0
106947	28	605	951	0
32675	28	4752	951	0
11753	14	2911	951	0
18999	28	2205	951	0
41387	28	110	951	0
34066	28	1263	951	0
12213	28	674	951	0
120924	28	195	951	0
57919	28	435	951	0
91977	28	2209	951	0
101834	14	121781	951	0
19254	28	693	951	0
60007	28	976	951	0
61846	28	1497	951	0
24487	28	695	951	0
44537	28	394	951	0
49549	28	610	951	0
93985	28	1379	951	0
18398	28	4137	951	0
19544	28	1379	951	0
20387	28	731	951	0
7327	28	1932	951	0
61024	28	1122	951	0
9056	28	41	951	0
13200	28	388	951	0
10079	28	784	951	0
17413	28	507	951	0
5297	28	142	951	0
24565	28	380	951	0
4734	28	87	951	0
109049	28	9960	951	0
38780	14	3622	951	0
4516	28	152	951	0
13778	28	633	951	0
6374	28	1141	951	0
8980	28	2418	951	0
12694	28	37	951	0
12488	28	57	951	0
17065	28	1594	951	0
6963	28	23	951	0
23902	28	68762	951	0
45804	28	102	951	0
100285	28	415	951	0
35334	28	3167	951	0
65787	28	1898	951	0
28152	28	1440	951	0
8458	28	2614	951	0
73902	28	3724	951	0
9969	23	57139	951	0
11324	28	16	951	0
16067	28	1255	951	0
33533	28	505	951	0
15111	28	105	951	0
68787	28	131	951	0
66749	28	118	951	0
16770	28	605	951	0
140583	14	32634	951	0
104976	28	1384	951	0
5699	28	80	951	0
6963	28	47	951	0
17400	28	507	951	0
14619	28	937	951	0
64292	28	61775	951	0
11271	28	288	951	0
24078	28	19101	951	0
5362	28	582	951	0
12804	28	49	951	0
33533	28	18401	951	0
18997	28	91	951	0
17351	28	63480	951	0
60256	28	998	951	0
25463	28	6381	951	0
21648	28	19	951	0
11256	28	1730	951	0
7212	28	7187	951	0
8917	28	4845	951	0
22324	28	915	951	0
15238	28	605	951	0
39653	28	217	951	0
4800	28	307	951	0
56829	28	2991	951	0
8292	28	358	951	0
21329	28	110	951	0
57460	28	612	951	0
23024	28	1308	951	0
7988	28	1263	951	0
67502	14	1491	951	0
8818	28	56	951	0
7667	28	2546	951	0
12433	28	60	951	0
11477	28	410	951	0
58369	28	79	951	0
61853	28	165	951	0
5084	28	17698	951	0
34939	28	168	951	0
65201	16	9	951	0
39090	28	915	951	0
10343	28	731	951	0
8566	28	1309	951	0
36191	28	1549	951	0
13804	28	1364	951	0
27622	28	42066	951	0
22831	28	20	951	0
8281	28	404	951	0
10588	28	3378	951	0
16239	28	1832	951	0
170359	14	58988	951	0
14290	28	394	951	0
58749	14	2297	951	0
5535	28	1436	951	0
68707	28	1788	951	0
92577	28	178	951	0
64201	28	47030	951	0
9276	28	1837	951	0
16261	28	334	951	0
148281	23	128066	951	0
128066	23	148281	951	0
16575	28	881	951	0
53972	28	15459	951	0
16619	28	85	951	0
35990	28	195	951	0
80126	28	202	951	0
5870	28	410	951	0
28694	28	236	951	0
89803	28	641	951	0
32012	28	361	951	0
27933	28	1308	951	0
23052	28	69	951	0
7488	28	178	951	0
95132	14	26402	951	0
16431	28	186	951	0
27960	28	616	951	0
106107	28	8678	951	0
5960	28	175	951	0
18393	28	1288	951	0
17642	28	149	951	0
69138	28	165	951	0
10144	28	388	951	0
30950	28	6359	951	0
80885	28	439	951	0
70644	28	16602	951	0
30362	28	383	951	0
92347	28	2840	951	0
7238	28	150	951	0
8925	28	92	951	0
43787	28	1983	951	0
62349	28	1772	951	0
14194	28	122	951	0
25978	28	410	951	0
4014	28	166	951	0
8259	28	915	951	0
18144	28	150	951	0
55957	28	361	951	0
14153	28	14197	951	0
90454	14	5000	951	0
46591	28	1141	951	0
12423	28	55	951	0
7616	28	33	951	0
24077	28	560	951	0
18064	28	2392	951	0
70280	28	410	951	0
44184	28	1692	951	0
35812	23	105055	951	0
20491	28	593	951	0
27825	28	206	951	0
4312	28	2190	951	0
4963	28	142	951	0
30053	28	4331	951	0
11632	28	1302	951	0
57271	28	105	951	0
21990	28	87	951	0
101120	28	32	951	0
19016	28	5994	951	0
7016	28	150	951	0
7080	28	61	951	0
66635	14	4314	951	0
173240	14	129168	951	0
60378	28	936	951	0
16230	28	1163	951	0
6275	28	42747	951	0
6171	28	2156	951	0
83235	28	133	951	0
6153	28	82	951	0
11232	28	3167	951	0
7238	28	175	951	0
27780	28	33239	951	0
8403	28	185	951	0
26370	28	19	951	0
39559	28	738	951	0
24611	28	289	951	0
69748	28	483	951	0
4014	28	82	951	0
13580	23	91121	951	0
91121	23	13580	951	0
24881	28	377	951	0
8482	28	49	951	0
53782	28	406	951	0
76868	28	280	951	0
18563	28	91	951	0
7843	28	99	951	0
24685	28	2738	951	0
23790	28	22	951	0
5600	28	2203	951	0
29837	28	8428	951	0
91480	28	102	951	0
5490	28	38	951	0
12744	28	785	951	0
22242	28	199	951	0
14762	28	964	951	0
10863	28	786	951	0
11435	28	79	951	0
66352	28	111327	951	0
24503	28	528	951	0
31706	28	1309	951	0
65538	28	3308	951	0
15299	28	1682	951	0
12121	28	1306	951	0
53514	28	165	951	0
6588	28	168	951	0
43213	28	653	951	0
50980	28	3123	951	0
68170	16	8	951	0
6387	28	906	951	0
5949	28	1056	951	0
9205	28	107	951	0
46321	28	2532	951	0
65077	23	46943	951	0
70254	28	32333	951	0
58222	28	528	951	0
82811	28	7187	951	0
13687	28	16	951	0
108359	28	574	951	0
34190	28	2255	951	0
76071	28	452	951	0
23586	28	3119	951	0
87765	28	261	951	0
25406	28	32	951	0
34404	28	680	951	0
68172	28	889	951	0
13664	28	760	951	0
11685	28	7253	951	0
94972	14	444	951	0
92198	28	1812	951	0
69485	28	86	951	0
9802	28	13705	951	0
68607	28	1613	951	0
27793	28	19	951	0
10394	28	387	951	0
51751	28	323	951	0
51435	28	394	951	0
20391	28	704	951	0
11472	28	110	951	0
94965	28	1170	951	0
60725	28	1692	951	0
9046	28	595	951	0
93141	28	216	951	0
14082	28	6359	951	0
91868	23	118310	951	0
57271	28	4674	951	0
76098	28	1931	951	0
110065	28	1282	951	0
32181	28	327	951	0
75774	28	9049	951	0
18505	28	623	951	0
14838	28	5808	951	0
110026	28	110	951	0
21546	28	1535	951	0
108521	28	1432	951	0
7451	28	526	951	0
16183	28	660	951	0
13624	28	410	951	0
19548	28	1935	951	0
9205	28	40	951	0
65448	28	11849	951	0
52377	28	2742	951	0
130114	28	565	951	0
124081	28	1282	951	0
9043	28	247	951	0
11961	14	3057	951	0
8226	28	58	951	0
7602	28	1625	951	0
66360	28	2205	951	0
14736	28	2991	951	0
12121	28	625	951	0
5882	28	1122	951	0
62871	14	8174	951	0
5932	28	3345	951	0
7959	28	16	951	0
5103	28	102	951	0
61166	28	19410	951	0
13697	28	152	951	0
16977	28	131	951	0
9007	28	404	951	0
85418	28	27951	951	0
62650	28	1483	951	0
6174	28	3378	951	0
90141	14	1217	951	0
10150	28	1293	951	0
118720	14	9093	951	0
29268	28	995	951	0
52456	28	1294	951	0
64064	28	869	951	0
109512	28	19410	951	0
27590	28	68	951	0
100818	14	3568	951	0
35776	28	625	951	0
90453	28	1349	951	0
23749	28	402	951	0
70254	28	632	951	0
60606	28	220	951	0
13335	28	529	951	0
19308	28	481	951	0
24276	28	28	951	0
8054	28	1810	951	0
16047	28	649	951	0
5490	28	906	951	0
16878	28	88	951	0
153122	23	129790	951	0
12369	28	2454	951	0
19643	28	267	951	0
153167	28	37	951	0
127033	28	662	951	0
6019	28	511	951	0
69748	28	1134	951	0
22528	28	1625	951	0
12608	28	1658	951	0
7676	28	92	951	0
13084	28	1056	951	0
107613	28	1720	951	0
21677	28	56	951	0
28400	28	34	951	0
52012	28	195	951	0
18209	28	2086	951	0
29309	28	499	951	0
55761	14	3721	951	0
18997	28	1013	951	0
34040	28	951	951	0
62248	28	2140	951	0
37931	28	1757	951	0
5620	28	216	951	0
11194	28	168	951	0
8944	28	2033	951	0
65188	28	3345	951	0
65435	28	4674	951	0
69476	14	1217	951	0
64869	28	1202	951	0
11813	28	678	951	0
8745	28	18062	951	0
11844	28	717	951	0
11527	28	1549	951	0
65259	28	1346	951	0
68909	28	4003	951	0
58749	14	579	951	0
87434	14	902	951	0
14420	28	112	951	0
11041	28	235	951	0
5600	28	552	951	0
32800	28	3745	951	0
15839	28	57	951	0
119756	28	749	951	0
8935	28	276	951	0
16438	28	1063	951	0
6153	28	339	951	0
8769	28	188	951	0
26862	28	82	951	0
7702	28	155	951	0
95714	28	1660	951	0
60320	28	493	951	0
15159	28	558	951	0
8166	28	866	951	0
18427	28	557	951	0
15891	28	778	951	0
9316	28	422	951	0
13137	28	915	951	0
5644	28	3938	951	0
6035	28	402	951	0
6859	28	152	951	0
15661	28	1363	951	0
39069	28	2857	951	0
16718	28	28	951	0
42083	28	2447	951	0
36594	28	1405	951	0
26481	28	334	951	0
29632	28	1740	951	0
8848	28	239	951	0
11179	28	572	951	0
17671	28	969	951	0
69221	28	211	951	0
21579	28	395	951	0
89932	28	31	951	0
32489	28	868	951	0
67249	28	3413	951	0
19244	28	265	951	0
20666	28	54	951	0
77004	28	4781	951	0
8228	28	27	951	0
10189	28	102	951	0
115688	14	207	951	0
50340	14	308	951	0
26078	28	80	951	0
57517	28	21137	951	0
7778	28	1409	951	0
7978	28	24	951	0
18181	28	1961	951	0
12433	28	529	951	0
6436	28	2605	951	0
110026	28	339	951	0
50440	28	80	951	0
127349	28	5733	951	0
4896	28	619	951	0
6226	28	464	951	0
55318	28	464	951	0
11160	28	20134	951	0
94304	28	216	951	0
16962	28	674	951	0
24371	28	2385	951	0
41180	28	1541	951	0
66813	28	573	951	0
38286	28	295	951	0
33341	28	178	951	0
14525	28	6062	951	0
55739	28	5545	951	0
10568	28	2641	951	0
77929	28	781	951	0
94972	14	2922	951	0
59042	28	848	951	0
18008	28	19101	951	0
64869	28	1261	951	0
66902	28	605	951	0
23011	28	786	951	0
21523	28	63	951	0
42727	28	6359	951	0
9448	28	992	951	0
118082	14	29565	951	0
26405	28	749	951	0
84614	28	1075	951	0
21214	28	491	951	0
42416	28	668	951	0
65688	28	5063	951	0
76744	28	749	951	0
10782	28	1093	951	0
13526	28	1446	951	0
34077	28	2257	951	0
92812	28	7224	951	0
7017	28	1134	951	0
94304	28	1497	951	0
11808	28	220	951	0
10252	28	387	951	0
6436	28	1669	951	0
67522	28	981	951	0
28083	28	123	951	0
87435	28	937	951	0
15953	28	1625	951	0
7310	28	1142	951	0
14813	28	1041	951	0
38646	28	1170	951	0
13570	28	24	951	0
27151	28	695	951	0
8482	28	24	951	0
25635	28	568	951	0
54184	14	15388	951	0
11093	28	80	951	0
65247	28	1535	951	0
18991	28	1413	951	0
8458	28	714	951	0
71933	28	2301	951	0
6105	28	477	951	0
52680	28	828	951	0
32896	28	107	951	0
36432	28	2745	951	0
144608	14	83321	951	0
29321	28	498	951	0
15508	28	1186	951	0
110368	28	641	951	0
118453	28	48740	951	0
29310	28	23510	951	0
8689	28	528	951	0
36178	28	429	951	0
31525	28	323	951	0
14594	28	117	951	0
59097	28	104	951	0
56503	28	25075	951	0
23052	28	168	951	0
6858	28	2331	951	0
13276	28	87	951	0
15256	28	158	951	0
9505	28	1311	951	0
6337	28	507	951	0
76744	28	415	951	0
15527	28	616	951	0
44761	14	943	951	0
16636	28	5163	951	0
31798	28	1432	951	0
6244	28	1541	951	0
25908	14	47607	951	0
12022	28	216	951	0
122487	28	714	951	0
36504	14	26070	951	0
30900	28	794	951	0
10574	28	28	951	0
108780	28	662	951	0
15104	28	507	951	0
5393	28	110	951	0
41777	14	26402	951	0
6178	28	16	951	0
94043	28	262	951	0
60428	28	1085	951	0
9468	28	885	951	0
5555	28	49554	951	0
9774	28	2223	951	0
18662	28	1405	951	0
7952	28	223	951	0
136772	28	1500	951	0
24652	28	2087	951	0
47429	28	12418	951	0
22213	28	1720	951	0
68092	28	916	951	0
16239	28	27	951	0
65229	28	940	951	0
4964	14	308	951	0
120478	28	14536	951	0
5911	28	188	951	0
18742	28	463	951	0
65532	14	2188	951	0
7816	28	58	951	0
5464	28	79	951	0
45548	28	14947	951	0
85538	28	1760	951	0
110527	28	3071	951	0
68976	14	2368	951	0
6406	28	147	951	0
17008	28	670	951	0
59932	28	398	951	0
80270	28	19410	951	0
7972	28	124	951	0
25885	28	1700	951	0
5209	28	89	951	0
13186	28	241	951	0
15967	28	2442	951	0
15836	28	616	951	0
67566	14	25618	951	0
86467	28	605	951	0
13084	28	936	951	0
19233	28	169	951	0
38200	28	175	951	0
14107	28	259	951	0
8875	28	1458	951	0
93189	28	3437	951	0
4734	28	149	951	0
56418	28	2991	951	0
53972	28	954	951	0
17939	28	915	951	0
24104	28	1559	951	0
142403	14	24389	951	0
35920	28	726	951	0
96559	1	40604	951	0
30900	28	936	951	0
9862	28	2392	951	0
7238	28	79	951	0
49570	28	1090	951	0
25199	28	19101	951	0
77895	14	1217	951	0
7017	28	483	951	0
37845	28	2175	951	951
16288	28	609	951	952
95882	28	141	951	952
9120	28	1860	951	952
60712	28	1758	951	952
18689	28	80	951	952
12828	28	502	951	952
16438	28	2812	951	952
33548	28	1049	951	952
131334	28	1098	951	952
29191	28	800	951	952
8352	28	819	951	952
5949	28	784	951	952
61185	28	977	951	952
25286	28	745	951	952
18702	28	39	951	952
34065	28	1805	951	952
11286	28	2136	951	952
14691	28	518	951	952
11592	28	186	951	952
61502	28	1070	951	952
71589	28	5480	951	952
7842	28	1004	951	952
14816	28	14672	951	952
19403	28	608	951	952
10475	28	808	951	952
34502	28	493	951	952
17047	28	9511	951	952
53605	28	2653	951	952
5729	28	386	951	952
22656	28	2096	951	952
53533	28	872	951	952
9570	28	80	951	952
19050	28	896	951	952
25840	28	259	951	952
30449	28	156	951	952
6910	28	1410	951	952
40628	28	111	951	952
10635	28	439	951	952
30683	28	404	951	952
71341	28	670	951	952
9703	28	1094	951	952
54436	28	2693	951	952
17301	28	890	951	952
19741	28	71	951	952
9340	28	933	951	952
53568	28	419	951	952
8084	28	937	951	952
63386	28	339	951	952
10320	28	941	951	952
85426	28	855	951	952
60633	28	916	951	952
73805	28	273	951	952
15513	28	55061	951	952
10693	28	916	951	952
10301	28	960	951	952
17671	28	691	951	952
55234	28	6909	951	952
22062	28	2385	951	952
20513	28	33	951	952
27099	28	3867	951	952
5642	28	169	951	952
6128	28	456	951	952
41558	28	4178	951	952
53620	28	1368	951	952
34661	28	3236	951	952
6462	28	154	951	952
3240	28	16	951	952
22177	28	998	951	952
6408	28	260	951	952
45393	28	353	951	952
46130	28	2092	951	952
99750	28	1018	951	952
15211	28	5200	951	952
20664	28	659	951	952
17599	28	1061	951	952
12057	28	1456	951	952
15787	28	5808	951	952
13689	28	162	951	952
46356	28	531	951	952
83568	28	220	951	952
4962	28	92	951	952
116409	28	397	951	952
39608	28	407	951	952
6319	28	1410	951	952
33455	28	123	951	952
53057	28	529	951	952
19385	28	131	951	952
22511	28	888	951	952
19686	28	3167	951	952
56503	28	536	951	952
11730	28	141	951	952
100984	28	1312	951	952
101007	28	8562	951	952
12022	28	1170	951	952
35529	28	1611	951	952
5534	28	748	951	952
7922	28	3778	951	952
10581	28	1883	951	952
55276	28	289	951	952
29851	28	899	951	952
54192	28	657	951	952
13186	28	1395	951	952
60764	28	1035	951	952
9721	28	1370	951	952
35609	28	526	951	952
14372	28	1074	951	952
15302	28	174	951	952
52631	28	447	951	952
49382	28	615	951	952
56314	28	4682	951	952
25086	28	281	951	952
6619	28	720	951	952
6860	28	332	951	952
10209	28	47	951	952
73298	28	452	951	952
23797	28	394	951	952
9711	28	575	951	952
8550	28	110	951	952
17509	28	930	951	952
7663	28	215	951	952
7747	28	2812	951	952
31878	28	1317	951	952
23576	28	555	951	952
21267	28	408	951	952
9917	28	887	951	952
72986	28	1346	951	952
6646	28	780	951	952
14268	28	899	951	952
61374	28	377	951	952
16291	28	177	951	952
57585	28	14388	951	952
5940	28	119	951	952
11390	28	143	951	952
14469	28	418	951	952
14379	28	411	951	952
16626	28	408	951	952
8500	28	1703	951	952
10271	28	253	951	952
4397	28	16747	951	952
99472	28	643	951	952
87335	28	722	951	952
9306	28	14621	951	952
25314	28	832	951	952
19344	28	83	951	952
25642	28	162	951	952
53010	28	1625	951	952
7254	28	4649	951	952
25552	28	1625	951	952
25750	28	315	951	952
13246	28	112	951	952
5517	28	819	951	952
46204	28	180	951	952
6299	28	4018	951	952
30142	28	1635	951	952
35207	28	2449	951	952
19542	28	11769	951	952
66453	28	1609	951	952
34776	28	1170	951	952
7365	28	313	951	952
9581	28	3207	951	952
13459	28	74	951	952
11903	28	398	951	952
46563	28	712	951	952
53919	28	1833	951	952
7811	28	7267	951	952
13500	28	2334	951	952
26396	28	3144	951	952
22955	28	54209	951	952
8514	28	2035	951	952
39608	28	307	951	952
5294	28	58	951	952
26354	28	24	951	952
63247	28	3362	951	952
84649	28	5165	951	952
39832	28	280	951	952
11916	28	15275	951	952
5777	28	4525	951	952
6128	28	103	951	952
13457	28	913	951	952
64446	28	1092	951	952
89839	28	13720	951	952
26159	28	124	951	952
9547	28	231	951	952
30756	28	995	951	952
7467	28	276	951	952
23223	28	1405	951	952
11983	28	620	951	952
13687	28	818	951	952
46912	28	236	951	952
23354	28	4128	951	952
11831	28	220	951	952
104709	28	4481	951	952
58534	28	3921	951	952
8769	28	186	951	952
116156	28	1456	951	952
19670	28	282	951	952
74743	28	1497	951	952
12297	28	1321	951	952
29276	28	1909	951	952
58613	28	751	951	952
9896	28	1004	951	952
12068	28	1074	951	952
63092	28	1095	951	952
20063	28	493	951	952
6109	23	28353	951	952
28353	23	6109	951	952
8755	28	1616	951	952
9224	28	3167	951	952
26394	28	76616	951	952
34893	28	530	951	952
9719	28	698	951	952
5332	28	1238	951	952
31668	28	321	951	952
15777	28	1436	951	952
41079	28	378	951	952
4962	28	526	951	952
