36240	28	22	890	893
136207	28	36	890	893
79530	28	63	890	893
111647	28	22	890	893
39485	28	98	890	893
25709	28	931	890	893
24427	28	41	890	893
111647	28	1071	890	893
59046	28	1650	890	893
154324	28	34	890	893
129194	28	268	890	893
115855	28	277	890	893
61804	28	16	890	894
13361	28	240	890	894
47803	28	2404	890	894
44997	28	74	890	894
59399	28	22	890	894
112139	28	92	890	894
50078	28	71	890	894
57975	28	292	890	894
77545	28	330	890	894
50185	28	67	890	894
59872	28	99	890	894
35127	28	199	890	894
27513	28	531	890	894
2309	23	4686	890	894
4686	23	2309	890	894
38303	28	22361	890	894
60372	28	2649	890	894
41065	28	22	890	894
13151	28	540	890	894
73213	28	492	890	895
87372	28	614	890	895
121553	28	71	890	895
39872	23	67064	890	895
52661	23	124488	890	895
30747	28	21171	890	895
85378	28	34	890	896
6980	23	80890	890	896
52834	28	32	890	897
140451	28	217	890	897
105649	28	34	890	897
126363	28	930	890	897
54924	28	41	890	897
61611	28	346	890	897
28618	28	136	890	897
51573	28	227	890	897
38302	23	4882	890	897
27291	28	140	890	898
58340	28	269	890	898
57388	28	45	890	898
65121	23	111721	890	898
17884	28	171	890	898
19972	28	136	890	899
51083	28	333	890	899
45867	28	297	890	899
54085	28	20	890	900
30594	28	3313	890	900
93147	28	267	890	900
79055	23	47881	890	900
86295	28	80	890	900
72632	28	368	890	901
40399	28	136	890	901
91003	28	2030	890	901
8270	28	1750	890	901
37742	28	57	890	901
20271	28	69	890	901
57388	28	68	890	901
24604	28	31	890	901
21910	28	22	890	902
101420	28	337	890	902
149853	28	1525	890	902
48193	28	74	890	902
93147	28	1627	890	902
73998	28	203	890	902
34379	28	520	890	903
66335	28	2745	890	903
16716	28	29	890	903
30720	28	36	890	904
21074	28	1750	890	905
10199	23	104041	890	905
111372	28	319	890	905
64370	28	31	890	907
36600	28	68	890	907
80462	28	16	890	909
11022	28	64	890	911
120848	28	251	890	911
109729	16	72087	890	916
77746	23	4770	890	918
65105	23	98635	890	922
77712	23	6212	890	924
64487	23	74498	890	930
74498	23	64487	890	930
89628	23	14087	890	931
3616	23	82087	890	940
40758	23	69252	890	943
44827	23	26420	890	946
7707	28	445	891	0
97206	28	169	891	0
72631	28	100	891	0
133814	14	4052	891	0
11419	28	33	891	0
27513	28	176	891	0
21662	28	893	891	0
49517	28	14	891	0
76979	6	18278	891	0
28899	28	14	891	0
46536	28	800	891	0
10587	28	92	891	0
8603	28	211	891	0
23362	14	444	891	0
60641	28	33	891	0
35065	28	288	891	0
50561	14	2258	891	0
66593	28	118	891	0
76981	14	207	891	0
10643	14	113456	891	0
10264	14	1217	891	0
43931	14	5310	891	0
23649	28	288	891	0
75770	28	2404	891	0
22360	28	150	891	0
52533	28	2033	891	0
72074	28	77	891	0
48627	14	943	891	0
36619	28	60	891	0
93382	28	51	891	0
29552	28	83	891	0
62056	28	2341	891	0
88941	28	86	891	0
85909	28	34	891	0
167403	14	2005	891	0
63825	28	60	891	0
92040	28	39799	891	0
146308	14	8670	891	0
18373	14	1706	891	0
49720	28	14	891	0
51393	28	60	891	0
12844	28	83	891	0
127293	28	347	891	0
82504	14	12276	891	0
47511	14	902	891	0
21910	28	14	891	0
34742	28	29	891	0
6601	28	1805	891	0
67298	14	6456	891	0
81979	28	72	891	0
47886	28	6878	891	0
56573	28	1158	891	0
61011	28	68	891	0
47839	28	44	891	0
6609	28	277	891	0
41782	14	943	891	0
36057	14	4576	891	0
129275	28	350	891	0
152883	28	56	891	0
45867	28	460	891	0
62444	14	902	891	0
4120	23	5892	891	0
32069	28	83	891	0
14215	28	131	891	0
89380	6	2634	891	0
58719	23	112355	891	0
121338	28	350	891	0
21742	28	288	891	0
43880	28	52	891	0
50346	14	237	891	0
117469	28	36	891	0
143333	14	15889	891	0
55648	28	1426	891	0
41835	6	3557	891	0
52597	28	188	891	0
90678	28	120	891	0
77644	28	1223	891	0
30045	28	967	891	0
19268	28	7059	891	0
28899	28	7932	891	0
86818	28	120	891	0
107617	28	429	891	0
185550	28	6617	891	0
85164	28	2178	891	0
45211	28	2404	891	0
28686	28	39799	891	0
38305	28	36	891	0
39835	28	81	891	892
15032	28	28	891	892
47035	28	235	891	892
74216	28	32	891	892
26041	28	136	891	892
102385	28	134	891	892
24707	28	129	891	892
39112	28	378	891	892
62560	28	126	891	892
49037	28	118	891	892
54243	28	70	891	892
74224	28	171	891	892
97161	28	68	891	892
65223	28	57	891	892
9550	28	313	891	892
79226	28	77	891	892
27195	28	45	891	892
66593	28	78	891	892
92672	28	806	891	892
77644	28	150	891	892
35781	28	293	891	892
16679	28	104	891	892
38512	28	33	891	892
100570	23	40707	891	892
40707	23	100570	891	892
79633	28	118	891	892
94268	28	37	891	892
51496	28	55	891	892
93729	28	134	891	892
35506	28	533	891	892
126318	28	141	891	892
36240	28	1071	891	892
89901	28	63	891	892
66907	28	73	891	892
93216	28	201	891	892
10587	28	27	891	892
59998	28	175	891	892
120867	28	73	891	892
110123	28	4243	891	892
61643	28	331	891	892
30213	28	48	891	892
64595	28	105	891	892
35917	28	252	891	892
23322	28	69	891	892
22719	28	233	891	892
13702	28	215	891	892
30069	28	150	891	892
44491	28	79	891	892
55648	28	169	891	892
71072	28	109	891	892
89027	28	31	891	892
55710	28	45	891	892
112329	28	79	891	892
27318	28	33	891	892
56703	28	71	891	892
8836	28	61	891	892
139766	28	53	891	892
66335	28	3313	891	892
24589	28	347	891	892
38825	28	14	891	892
105980	28	129	891	892
76355	28	188	891	892
105595	28	22	891	892
57126	28	235	891	892
36619	28	1136	891	892
39775	28	203	891	892
117657	28	129	891	892
35509	28	105	891	892
14181	28	558	891	892
39515	28	18998	891	892
95546	28	73	891	892
114244	28	5597	891	892
77680	28	129	891	892
128529	28	57	891	892
106265	28	347	891	892
13615	28	27	891	892
30374	28	117	891	892
25621	28	68	891	892
61208	28	42	891	892
12677	28	48	891	892
39139	28	37	891	892
62095	28	5612	891	892
59999	28	7094	891	892
17412	28	79	891	892
35140	28	60	891	892
113505	28	347	891	892
131357	28	71	891	893
52409	28	221	891	893
114747	28	102	891	893
49950	28	134	891	893
66901	28	81	891	893
71771	28	34	891	893
54432	28	48	891	893
100954	28	20	891	893
75425	28	2404	891	893
114017	28	29	891	893
92054	28	5312	891	893
67379	28	27	891	893
31763	28	86	891	893
59399	28	1071	891	893
107255	28	330	891	893
107416	28	797	891	893
36401	28	70	891	893
62174	28	36	891	893
108191	28	57	891	893
47886	28	46	891	893
50903	28	51	891	893
12812	28	40	891	893
33224	28	40	891	893
27091	28	252	891	893
90736	28	71	891	893
109563	28	41	891	893
127476	28	39	891	893
82563	23	8235	891	893
18955	28	73	891	893
118317	28	177	891	893
84094	28	92	891	893
77675	28	2069	891	893
124417	28	16	891	893
5263	28	223	891	893
29120	28	797	891	893
56920	28	51	891	893
12200	28	104	891	893
29785	28	53	891	893
91856	28	67	891	893
27513	28	4430	891	893
75751	28	69	891	893
33261	28	142	891	893
29277	28	63	891	893
12844	28	43494	891	893
128577	28	23	891	893
35966	28	53	891	893
48008	28	79	891	893
93382	28	50	891	893
86003	28	89	891	893
76274	28	1076	891	893
73139	28	83	891	893
82132	28	77	891	893
111647	28	27	891	893
90678	28	33	891	893
110288	28	102	891	893
94714	28	36	891	893
22621	28	47	891	893
93100	28	930	891	893
94826	28	48	891	893
77358	28	104	891	893
112077	28	16	891	893
29560	28	86	891	893
74776	28	930	891	893
57583	28	1119	891	893
81058	28	36	891	893
100287	28	27	891	893
101456	28	1409	891	893
131600	28	37	891	894
10741	23	73263	891	894
47370	28	44	891	894
73696	28	67	891	894
15588	14	2297	891	894
75225	28	55	891	894
34742	28	43	891	894
41882	28	4430	891	894
47298	28	252	891	894
57793	28	2404	891	894
32751	28	28	891	894
42220	28	46	891	894
6609	28	149	891	894
27461	28	49	891	894
91994	28	85	891	894
51019	28	177	891	894
33262	28	12466	891	894
30277	28	1693	891	894
117523	6	338	891	894
90242	28	164	891	894
49480	28	83	891	894
31559	23	23457	891	894
15799	28	50	891	894
82164	28	533	891	894
112355	23	58719	891	894
94906	28	100	891	894
54901	28	111	891	894
49063	28	199	891	894
87473	28	303	891	894
98537	28	930	891	895
60769	28	378	891	895
97186	28	350	891	895
23763	28	68	891	895
35123	28	45	891	895
80183	28	181	891	896
47523	23	5925	891	896
31858	23	126544	891	896
23623	28	44631	891	896
26215	28	52	891	896
125981	28	303	891	896
101884	28	142	891	897
100453	28	540	891	897
55340	23	24327	891	897
18414	28	68	891	897
54757	28	167	891	897
17884	28	68	891	897
8244	23	987	891	897
99306	28	184	891	898
51393	28	70	891	898
99774	28	230	891	898
49618	28	520	891	898
154675	28	70	891	898
52533	28	58	891	899
12472	28	276	891	899
80989	28	311	891	899
46536	28	43	891	899
69112	28	14854	891	899
30605	28	303	891	899
53229	28	9864	891	899
49446	28	167	891	899
27164	28	41	891	900
28142	28	60	891	900
21074	28	19	891	900
14742	28	142	891	900
18120	28	244	891	900
130828	28	67	891	900
6601	28	637	891	900
31381	28	252	891	900
159112	23	101584	891	901
52226	28	176	891	901
60527	28	176	891	901
49181	23	76178	891	901
43830	28	277	891	901
85164	28	31	891	901
82164	28	520	891	901
76311	28	74	891	902
137407	28	1368	891	902
101067	28	98	891	902
55663	28	257	891	902
73313	28	98	891	902
81106	28	30	891	902
11243	23	91748	891	902
91748	23	11243	891	902
76198	28	126	891	902
56329	28	33	891	902
38306	28	66	891	902
73943	28	60	891	903
85114	28	52	891	903
116216	28	22	891	905
144567	28	36	891	905
19972	28	32	891	905
108597	28	117	891	905
66605	23	50281	891	905
107925	28	167	891	905
153923	28	31	891	905
112222	28	452	891	906
28686	28	80	891	906
58250	16	149204	891	906
30178	28	16	891	906
59547	28	323	891	906
51775	28	323	891	906
100499	28	105	891	907
121955	28	31	891	907
118721	28	102	891	907
6000	28	20	891	908
83427	28	103	891	909
80030	28	76	891	909
44723	28	98	891	909
50972	28	22	891	909
51272	23	89162	891	912
89162	23	51272	891	912
121380	23	115575	891	921
61809	23	132028	891	926
71072	28	178	892	0
35084	6	1037	892	0
3032	23	98752	892	0
85471	14	2926	892	0
99268	28	967	892	0
48627	14	2258	892	0
9164	23	32022	892	0
23021	14	943	892	0
62560	28	3074	892	0
13773	28	29	892	0
66593	28	81	892	0
16002	14	2951	892	0
72108	14	2995	892	0
16694	14	3741	892	0
75122	14	943	892	0
61601	14	3863	892	0
61568	28	14	892	0
19839	28	962	892	0
163272	14	2754	892	0
56657	28	5312	892	0
43189	28	289	892	0
87415	14	21317	892	0
73213	28	460	892	0
68248	28	913	892	0
97206	28	29	892	0
18335	23	6290	892	0
66123	14	444	892	0
88991	28	56	892	0
35164	28	60	892	0
32585	14	77199	892	0
51338	28	14	892	0
36401	28	60	892	0
127378	6	29018	892	0
74130	14	444	892	0
15586	14	2384	892	0
40331	14	2188	892	0
31359	28	134	892	0
57884	28	1100	892	0
56136	16	1469	892	0
51667	28	164	892	0
28310	14	1126	892	0
61204	28	3628	892	0
44710	28	27	892	0
35227	28	150	892	0
85471	14	176418	892	0
30374	28	188	892	0
78764	28	5612	892	0
10587	28	629	892	0
108611	28	2642	892	0
26961	14	902	892	0
108089	28	48	892	0
79226	28	250	892	0
130656	6	393	892	0
95803	14	1706	892	0
66039	14	2431	892	0
67117	28	23	892	0
180465	31	48492	892	0
68959	6	15887	892	0
34330	23	23668	892	0
42986	23	81589	892	0
62444	14	782	892	0
34246	23	82512	892	0
48581	14	2258	892	0
15586	14	2258	892	0
126934	28	221	892	0
187411	28	53	892	0
114806	6	497	892	0
52747	28	152	892	893
44997	28	46	892	893
47839	28	40	892	893
56163	28	50	892	893
88658	28	135	892	893
49037	28	2069	892	893
52545	28	71080	892	893
35140	28	708	892	893
35127	28	29	892	893
26467	28	889	892	893
114029	28	217	892	893
25645	28	33	892	893
100135	28	166	892	893
92549	28	205	892	893
32070	28	29	892	893
78647	28	53	892	893
39769	28	78	892	893
27564	28	252	892	893
54243	28	378	892	893
67117	28	91	892	893
26287	28	102	892	893
39438	28	66	892	893
39743	28	79899	892	893
125550	28	120	892	893
18476	28	166	892	893
9550	28	293	892	893
42310	28	36	892	893
3732	28	20	892	893
39775	28	291	892	893
39515	28	420	892	893
27972	28	1676	892	893
36619	28	201	892	893
86818	28	53	892	893
25851	28	47	892	893
8836	28	107	892	893
77836	28	85	892	893
106326	28	73	892	893
47480	28	5597	892	893
22607	28	87	892	893
14215	28	1031	892	893
27887	28	33	892	893
59464	28	39	892	893
130194	28	3554	892	893
98987	28	38	892	893
144416	28	53	892	893
154024	28	45	892	893
113505	28	111	892	893
89027	28	105	892	893
93709	28	39	892	893
75770	28	82	892	893
21927	28	2438	892	893
110159	28	135	892	893
32470	28	221	892	893
65223	28	27	892	893
90242	28	286	892	893
89763	28	37	892	893
76355	28	87	892	893
78647	28	28	892	893
64595	28	265	892	893
87788	28	110	892	893
17776	28	502	892	893
18602	28	70	892	893
35506	28	240	892	893
38504	28	82	892	893
30045	28	1464	892	893
107503	28	221	892	893
62560	28	120	892	893
40883	28	141	892	893
68127	28	53	892	893
116485	28	102	892	893
29219	28	78	892	893
25027	28	85	892	894
96516	28	124	892	894
29930	23	7996	892	894
16679	28	339	892	894
117326	28	29	892	894
52497	28	164	892	894
16296	28	27	892	894
77680	28	71	892	894
120867	28	27	892	894
139766	28	104	892	894
87636	28	1874	892	894
91151	28	201	892	894
48655	28	43	892	894
19316	28	18998	892	894
12159	28	1136	892	894
68248	28	235	892	894
85647	28	41	892	894
25379	28	43	892	894
66335	28	164	892	894
27318	28	40	892	894
15032	28	27	892	894
55710	28	37	892	894
44491	28	57	892	894
84110	28	71	892	894
24589	28	19	892	894
39139	28	53137	892	894
26807	28	293	892	894
51223	28	30	892	894
30266	28	969	892	894
54553	28	41	892	894
108330	28	27	892	894
98067	28	92	892	894
59239	28	491	892	894
79226	28	63	892	894
74224	28	45	892	894
80073	28	19	892	894
35164	28	293	892	894
59966	28	14	892	894
10527	28	7094	892	894
8270	28	20	892	894
23555	28	58	892	894
89597	28	48784	892	894
61208	28	81	892	894
44719	28	73	892	894
27493	28	166	892	894
30374	28	277	892	894
125432	28	806	892	894
31011	28	558	892	894
60316	28	14	892	894
80622	28	3350	892	894
16618	28	47	892	894
155358	28	166	892	894
59999	28	1229	892	894
32445	28	378	892	894
72540	28	14	892	894
88764	28	1475	892	894
97091	23	83624	892	895
97161	28	99	892	895
89901	28	1676	892	895
65774	28	5312	892	895
42821	28	283	892	895
32627	23	57097	892	895
36354	28	99	892	895
54050	28	45	892	895
44652	28	141	892	895
64141	28	45	892	895
18137	28	7094	892	895
119447	28	34	892	896
93935	28	184	892	896
34880	28	34	892	896
93050	23	110027	892	896
59466	28	2604	892	896
59599	28	8898	892	896
44070	28	233	892	896
43895	28	303	892	896
60714	28	205	892	897
114401	28	297	892	897
20358	28	37	892	897
26703	28	529	892	897
90038	28	297	892	897
62252	28	967	892	897
69112	28	60	892	897
9037	23	19632	892	897
29432	6	1473	892	897
24070	23	19873	892	897
70533	28	49074	892	898
30069	28	111	892	899
151844	28	28459	892	899
104033	28	45	892	899
86983	16	1469	892	900
66907	28	67	892	900
57097	23	32627	892	900
35036	28	267	892	900
35509	28	86	892	900
80183	28	464	892	900
110539	28	291	892	900
78126	28	36	892	900
108089	28	73	892	900
29469	28	32	892	901
113044	28	40	892	901
14928	28	51	892	901
19103	28	30	892	901
56681	23	37353	892	901
76591	28	47	892	901
88941	28	150	892	901
18194	28	371	892	901
46955	28	51	892	901
32070	28	28	892	901
44679	28	19	892	901
82564	28	52	892	901
100970	28	30	892	901
36431	28	69	892	901
73998	28	244	892	901
41845	28	57	892	901
119189	28	66	892	902
112329	28	19	892	902
8270	28	223	892	902
24550	28	51	892	902
65310	28	72	892	902
79063	28	66	892	902
59603	28	28	892	902
11703	28	20	892	902
105595	28	80	892	903
23084	28	55	892	903
31004	28	224	892	903
18077	28	46	892	903
60571	28	184	892	903
14874	28	28	892	903
32897	28	33	892	903
38695	28	460	892	903
31004	28	460	892	903
38512	28	86	892	903
42718	28	30	892	903
27339	28	177	892	903
130738	28	86	892	903
87372	28	413	892	903
130585	28	67	892	904
85139	28	50	892	904
95510	28	19	892	904
29469	28	233	892	905
134890	28	77	892	905
110123	28	73	892	905
51627	28	98	892	905
36175	28	22	892	906
31662	28	47	892	906
183752	28	31	892	906
23322	28	52	892	907
24645	28	1119	892	907
93701	28	42	892	908
95546	28	27	892	908
99150	28	203	892	908
96149	28	69	892	909
102913	23	57466	892	910
22387	28	268	892	911
3952	23	155493	892	911
75475	28	123	892	914
19191	23	36294	892	917
32022	23	9164	892	920
124384	23	66780	892	927
129969	23	55608	892	928
95445	23	32676	892	928
14087	23	89628	892	931
96149	28	29	893	0
16618	28	14	893	0
83104	14	94	893	0
71560	23	61789	893	0
72689	14	1217	893	0
47304	28	10710	893	0
31006	23	73642	893	0
73642	23	31006	893	0
36340	14	2995	893	0
101067	28	29	893	0
87593	14	2355	893	0
103359	28	10712	893	0
11419	28	2069	893	0
31359	28	1349	893	0
90971	28	98	893	0
48990	14	2384	893	0
36920	28	52	893	0
10910	14	444	893	0
13625	14	4523	893	0
123633	28	30	893	0
143028	28	81	893	0
33935	6	1637	893	0
14948	14	34273	893	0
61611	28	29	893	0
42269	28	180	893	0
84094	28	337	893	0
77253	14	13152	893	0
54432	28	51	893	0
169113	28	34	893	0
48006	28	211	893	0
89321	6	3196	893	0
59895	28	141	893	0
15586	14	24005	893	0
54432	28	126	893	0
108606	28	104	893	0
91003	28	327	893	0
87473	28	164	893	0
149348	14	2417	893	0
79620	28	48	893	0
128577	28	118	893	0
66593	28	557	893	0
174434	23	151068	893	0
89560	28	34	893	0
93415	14	2384	893	0
10643	14	23980	893	0
5263	28	1750	893	0
69035	28	3554	893	0
89859	28	142	893	0
35917	28	60	893	0
77657	28	233	893	0
36644	28	164	893	0
118296	28	92	893	0
33069	28	152	893	0
86818	28	2069	893	0
145605	14	279	893	0
71739	28	122	893	0
76516	28	83	893	0
130823	14	3280	893	0
31359	28	2069	893	0
78230	28	131	893	0
66901	28	1043	893	0
154675	28	60	893	0
73998	28	34	893	0
111647	28	188	893	0
106740	14	2922	893	0
79811	28	211	893	0
38305	28	558	893	0
101652	14	1706	893	0
37742	28	14	893	0
4780	23	109731	893	0
49920	14	6176	893	0
47886	28	219	893	0
17348	14	2926	893	0
44908	28	33	893	893
62517	28	86	893	894
62560	28	61	893	894
16649	28	14854	893	894
47886	28	3786	893	894
115855	28	58	893	894
9527	28	42	893	894
26454	28	4430	893	894
76646	28	99	893	894
72784	28	102	893	894
77358	28	39	893	894
61804	28	47	893	894
62174	28	46	893	894
17691	28	346	893	894
140626	28	71	893	894
87975	28	491	893	894
91856	28	53	893	894
66104	28	618	893	894
141838	28	221	893	894
79925	28	276	893	894
90736	28	439	893	894
52240	28	956	893	894
65223	28	177	893	894
12844	28	252	893	894
84094	28	67	893	894
93709	28	100	893	894
125179	28	30	893	894
144416	28	533	893	894
39604	28	1021	893	894
29560	28	41	893	894
66901	28	178	893	894
49950	28	7268	893	894
106895	28	27	893	894
56471	28	29	893	894
37200	28	247	893	894
93100	28	114	893	894
18412	28	78	893	894
44908	28	67	893	894
35506	28	43494	893	894
10104	28	18963	893	894
27887	28	104	893	894
48193	28	14	893	894
24427	28	100	893	894
72854	6	209	893	894
93254	28	37	893	894
32361	28	14	893	894
29219	28	502	893	894
67117	28	1102	893	894
11419	28	704	893	894
31086	28	230	893	894
12677	28	445	893	894
45313	28	58	893	894
33187	28	33	893	894
36619	28	18998	893	894
89392	28	346	893	894
35966	28	31	893	894
48168	28	158	893	894
79620	28	158	893	894
52934	28	47	893	894
33224	28	39	893	894
29584	28	293	893	894
112267	28	110434	893	894
38504	28	117	893	894
29802	28	240	893	894
107255	28	205	893	894
39485	28	43	893	894
22580	28	61	893	894
57884	28	1129	893	894
79530	28	221	893	894
72847	28	5386	893	894
29363	28	41	893	894
76516	28	1234	893	894
34922	28	714	893	894
82132	28	82	893	894
72420	28	139	893	894
74374	28	714	893	894
91733	28	330	893	894
25851	28	177	893	894
41430	28	100	893	894
83353	28	180	893	894
95982	28	455	893	894
43623	28	142	893	894
35140	28	286	893	894
22535	28	72	893	894
46202	28	77	893	894
40883	28	156	893	894
94936	28	232	893	894
8836	28	557	893	894
108191	28	61	893	894
49201	28	70	893	894
86003	28	109	893	894
90678	28	177	893	894
100458	28	82	893	894
81346	28	45	893	894
38442	28	174	893	894
187209	28	53	893	894
33261	28	1676	893	894
88604	28	158	893	894
84722	28	34	893	895
22621	28	28	893	895
18817	28	912	893	895
126272	28	618	893	895
124996	28	34	893	895
148948	6	2443	893	895
110288	28	2404	893	895
56163	28	91	893	895
74719	28	1119	893	895
93382	28	81	893	895
136918	28	848	893	895
92054	28	71	893	895
32021	28	283	893	895
100287	28	117	893	895
75106	28	2087	893	895
14178	23	122944	893	895
31238	28	34	893	896
43895	28	164	893	896
51667	28	12145	893	896
91101	28	37	893	896
30594	28	164	893	896
64247	28	276	893	897
59892	28	564	893	897
95340	28	34	893	897
23763	28	99	893	897
22644	28	80	893	897
137827	14	207	893	898
104683	28	83	893	898
97729	28	1160	893	898
43478	28	29	893	898
86923	28	1119	893	898
122685	28	180	893	898
74776	28	71	893	898
57030	28	1164	893	898
112077	28	51	893	899
124417	28	86	893	899
117968	28	2516	893	899
74828	28	487	893	899
28900	28	395	893	899
8870	28	153	893	899
97173	23	2864	893	900
26287	28	109	893	900
63825	28	253	893	900
48008	28	188	893	900
49517	28	73	893	900
35499	28	102	893	900
41855	28	60	893	900
55782	28	60	893	900
21505	28	23	893	900
4395	23	18385	893	900
41601	28	67	893	901
75751	28	199	893	901
14220	28	53	893	901
62187	28	347	893	901
62557	23	8345	893	901
139678	28	213	893	901
81497	28	69	893	901
56924	23	59744	893	901
59744	23	56924	893	901
133518	28	53	893	901
39604	28	134	893	901
13187	28	47	893	901
94826	28	22	893	901
130477	28	27	893	901
39769	28	48	893	901
116870	28	291	893	902
33900	28	19	893	902
143376	28	19	893	902
110501	28	57	893	902
97678	28	265	893	902
63267	28	27	893	902
17776	28	213	893	902
125073	28	28	893	902
39774	28	48	893	902
59399	28	47	893	902
86171	28	16	893	902
159327	28	53	893	903
25911	28	53	893	903
101241	23	2549	893	903
15799	28	14	893	903
119863	28	85	893	903
107503	28	72	893	903
38304	28	51	893	903
125346	28	77	893	903
59993	28	64	893	903
94084	28	78	893	903
94847	23	30791	893	903
42310	28	72	893	903
38981	28	40	893	904
97847	28	216	893	904
73820	28	66	893	904
25645	28	42	893	904
49489	28	46	893	904
107570	28	413	893	904
148608	28	77	893	904
77836	28	102	893	904
98987	28	117	893	904
56529	28	206	893	904
33069	28	16	893	904
109563	28	166	893	904
25709	28	164	893	905
52747	28	23	893	905
111196	28	46	893	905
39438	28	16	893	905
70586	23	77803	893	906
48502	28	27	893	906
50920	28	19	893	906
59464	28	42	893	906
52470	28	364	893	907
83427	28	34	893	907
87171	28	269	893	907
130892	28	309	893	907
47145	28	164	893	908
46360	28	19	893	908
71959	28	36	893	909
49201	28	60	893	909
97286	28	134	893	910
36920	28	20	893	910
98054	28	36	893	910
36240	28	44	893	911
115161	16	19903	893	912
5537	23	77160	893	913
163426	28	109	893	914
80305	23	43321	893	917
113556	23	15017	893	931
45335	23	11006	893	939
11006	23	45335	893	939
6840	23	113351	893	953
112139	28	3928	894	0
7303	14	444	894	0
157264	28	34	894	0
31011	28	432	894	0
133826	14	305	894	0
32069	28	455	894	0
13882	6	3588	894	0
42909	28	557	894	0
60961	28	86	894	0
73133	28	76	894	0
61060	14	13416	894	0
18955	28	1034	894	0
40358	28	493	894	0
25796	28	98	894	0
120482	28	2404	894	0
139338	16	1469	894	0
78647	28	149	894	0
27461	28	539	894	0
66956	14	444	894	0
85139	28	14	894	0
79530	28	2069	894	0
87231	28	81	894	0
68959	6	389	894	0
124212	28	33	894	0
121822	28	42	894	0
36340	14	2951	894	0
166446	14	3858	894	0
166506	28	34	894	0
97591	28	80	894	0
33187	28	30	894	0
44361	28	1697	894	0
114747	28	29	894	0
47035	28	34	894	0
94714	28	126	894	0
79226	28	98	894	0
37349	28	7953	894	0
90678	28	27	894	0
11419	28	25590	894	0
58976	14	103721	894	0
75770	28	20	894	0
119036	28	118	894	0
24055	28	69	894	0
37332	14	2995	894	0
172226	28	34	894	0
123102	14	902	894	0
50854	28	184	894	0
15586	14	943	894	0
173524	6	68599	894	0
37126	6	1473	894	0
4959	14	9717	894	0
14754	23	5505	894	0
52934	28	120	894	0
95982	28	180	894	0
95156	23	94901	894	0
124667	6	306	894	0
86923	28	34	894	0
37028	28	14	894	0
38584	28	92	894	0
6601	28	938	894	0
113385	28	53	894	0
93709	28	149	894	0
126567	28	34	894	0
87975	28	135	894	0
91856	28	557	894	0
23555	28	2026	894	0
108191	28	166	894	0
44525	28	295	894	0
18412	28	265	894	0
88271	14	2188	894	0
75122	14	2384	894	0
66593	28	150	894	0
41359	28	14	894	0
185099	16	1256	894	0
35966	28	120	894	0
22580	28	1034	894	0
47886	28	64	894	0
89597	28	78	894	0
21184	14	782	894	0
28310	14	18354	894	0
130044	14	2951	894	0
88302	1	42233	894	0
7246	23	20781	894	0
107932	16	9	894	894
37879	28	57	894	894
84411	28	78	894	894
14215	28	1860	894	895
96240	28	37	894	895
113793	28	3256	894	895
101504	28	114	894	895
76274	28	45	894	895
76543	28	83	894	895
35917	28	240	894	895
55710	28	1076	894	895
119266	28	1234	894	895
103703	28	5855	894	895
89392	28	4614	894	895
46513	28	330	894	895
121822	28	39	894	895
97843	28	71	894	895
17536	28	52	894	895
8603	28	609	894	895
125981	28	164	894	895
41600	28	11579	894	895
28142	28	70	894	895
25027	28	445	894	895
13882	6	1003	894	895
54506	28	110	894	895
34922	28	186	894	895
94174	28	76	894	895
97227	28	235	894	895
61208	28	111	894	895
65223	28	86	894	895
80107	28	135919	894	895
49729	28	180	894	895
94078	28	220	894	895
29584	28	3584	894	895
37790	28	45	894	895
60079	28	550	894	895
130477	28	86	894	895
94268	28	455	894	895
10527	28	527	894	895
87882	28	141	894	895
93100	28	156	894	895
29077	28	2597	894	895
27195	28	68	894	895
126168	28	156	894	895
110900	28	82	894	895
102653	28	315	894	895
12159	28	379	894	895
72420	28	714	894	895
84110	28	99	894	896
26248	28	12466	894	896
73139	28	71080	894	896
113685	28	169	894	896
61420	28	34	894	896
86676	28	259	894	896
27668	28	136	894	896
121824	28	71	894	896
105980	28	83	894	896
112942	28	205	894	896
69942	28	71	894	896
76484	28	45	894	896
50163	28	217	894	896
112267	28	5855	894	896
43421	28	9785	894	896
19892	28	198	894	896
141838	28	43	894	896
91733	28	37	894	896
83353	28	31225	894	896
33604	28	211	894	896
114149	23	72507	894	897
114765	28	43	894	897
13151	28	136	894	897
32376	28	378	894	897
16777	28	114	894	897
89913	28	710	894	897
2731	23	5724	894	897
5724	23	2731	894	897
48661	28	60	894	897
47562	28	354	894	897
76646	28	156	894	897
41882	28	28459	894	897
61386	28	2577	894	897
13615	28	938	894	897
89820	6	284	894	897
82164	28	3599	894	897
121822	28	19	894	897
70533	28	34	894	897
46700	28	121	894	898
32445	28	618	894	898
79811	28	180	894	898
35987	28	112	894	898
24733	28	523	894	898
24450	28	351	894	898
27195	28	83	894	898
30542	28	500	894	898
64386	28	1165	894	898
60372	28	531	894	898
120425	28	71	894	898
30045	28	2835	894	898
59872	28	71	894	898
34686	28	13336	894	899
73133	28	29	894	899
125720	28	546	894	899
21413	28	136	894	899
107496	28	14854	894	899
116332	28	930	894	899
60159	28	2228	894	899
79628	23	82365	894	899
37879	28	46	894	899
27887	28	53	894	899
85244	23	63548	894	899
29099	28	799	894	899
19034	28	12145	894	900
11761	28	12466	894	900
60641	28	39	894	900
18194	28	217	894	900
38442	28	2525	894	900
19316	28	797	894	900
5505	23	14754	894	900
30035	28	371	894	900
94637	28	37	894	900
17536	28	1102	894	900
85647	28	120	894	901
75225	28	86	894	901
3732	28	177	894	901
42483	28	11579	894	901
72784	28	82	894	901
44908	28	110	894	901
51693	28	32	894	901
44447	28	1488	894	901
43443	23	106529	894	901
20402	28	85	894	901
33093	28	23	894	901
134729	28	749	894	901
17536	28	14	894	901
32947	28	290	894	901
25326	28	28	894	901
101833	28	66	894	901
51693	28	211	894	901
44916	28	520	894	901
79433	28	102	894	901
11022	28	14	894	901
127476	28	158	894	901
73133	28	50	894	901
83205	28	33	894	901
100819	28	2627	894	901
53062	28	71	894	902
114316	28	92	894	902
25413	28	698	894	902
42960	28	53	894	902
51019	28	118	894	902
16618	28	36	894	902
59995	28	520	894	902
29560	28	27	894	902
19839	28	161	894	902
113385	28	58	894	902
16296	28	57	894	902
51223	28	57	894	902
66374	28	866	894	903
32547	23	4401	894	903
54507	28	217	894	903
120867	28	188	894	903
59599	28	164	894	903
24589	28	107	894	903
98270	28	256	894	903
178915	28	22	894	903
98067	28	102	894	904
51188	28	637	894	904
74374	28	82	894	904
6609	28	142	894	904
17531	28	31	894	905
70629	28	593	894	905
26467	28	564	894	905
16812	28	2030	894	905
31166	28	336	894	905
96702	23	69508	894	905
99671	28	593	894	905
63084	28	135	894	905
46574	28	937	894	906
38695	28	224	894	906
18137	28	60	894	906
14014	23	76259	894	907
151222	28	22	894	907
27513	28	260	894	907
69918	28	135	894	907
73821	28	167	894	908
58307	23	104179	894	909
57030	28	227	894	909
54068	28	45	894	909
43129	28	36	894	913
5590	23	150870	894	913
12112	28	269	894	913
8864	23	148407	894	914
148407	23	8864	894	914
30155	28	136	894	914
15017	23	113556	894	931
5303	23	116754	894	932
76259	23	14014	894	934
32020	23	33905	894	943
126798	23	109662	894	953
109662	23	126798	894	953
69712	23	93356	894	962
33935	6	59	895	0
156702	16	1256	895	0
63064	14	182	895	0
8870	28	199	895	0
36041	28	83	895	0
27461	28	938	895	0
18528	14	2431	895	0
22580	28	2033	895	0
58976	14	764	895	0
51083	28	32	895	0
73213	28	523	895	0
123465	14	279	895	0
36340	14	1126	895	0
123696	6	4404	895	0
124181	16	1419	895	0
43868	14	2297	895	0
104707	14	876	895	0
41657	14	2417	895	0
119713	16	5111	895	0
35410	14	5310	895	0
56163	28	20	895	0
50301	6	338	895	0
17485	14	2188	895	0
81497	28	52	895	0
36057	14	5137	895	0
25015	28	98	895	0
14460	23	69808	895	0
44627	14	2384	895	0
110539	28	34	895	0
44627	14	2951	895	0
10527	28	217	895	0
16002	14	7980	895	0
63690	14	12276	895	0
75500	14	2922	895	0
58733	14	5000	895	0
12986	23	3126	895	0
125856	28	206	895	0
78390	14	3568	895	0
111426	28	32	895	0
43853	6	393	895	0
6000	28	938	895	0
52935	14	18354	895	0
30978	14	782	895	0
114300	28	546	895	896
41855	28	2438	895	896
48525	28	2438	895	896
52074	28	8898	895	896
42483	28	136	895	896
119349	28	240	895	896
3732	28	2404	895	896
15463	28	41358	895	896
78230	28	156	895	896
76543	28	37	895	896
10955	28	136	895	896
114383	28	71	895	896
77680	28	99	895	896
74719	28	114	895	896
30515	28	228	895	896
11022	28	117	895	896
66335	28	280	895	896
175208	28	71	895	896
10527	28	371	895	896
8870	28	1129	895	896
8603	28	181	895	896
23918	28	171	895	896
20287	28	121	895	896
52747	28	126	895	896
111868	28	1176	895	896
12067	28	610	895	896
94558	28	45	895	896
54243	28	14854	895	896
6609	28	85	895	896
55796	28	45	895	897
105649	28	365	895	897
96240	28	330	895	897
13361	28	477	895	897
49729	28	141	895	897
22502	28	37	895	897
131357	28	1167	895	897
85004	28	141	895	897
42837	28	12466	895	897
92690	28	70	895	897
129732	28	34	895	897
44652	28	330	895	897
108405	23	16446	895	897
99268	28	32	895	897
35351	28	70	895	897
10104	28	156	895	897
107416	28	34	895	897
94174	28	289	895	897
46513	28	37	895	898
116982	28	295	895	898
3772	23	142725	895	898
49618	28	514	895	898
23614	28	114	895	898
33262	28	428	895	898
60147	28	670	895	898
59401	28	114	895	898
28142	28	240	895	898
48292	28	60	895	899
25709	28	428	895	899
31416	28	428	895	899
25765	28	2301	895	899
32021	28	1034	895	899
97227	28	2438	895	899
68382	28	2438	895	899
14356	28	1059	895	899
30594	28	428	895	899
34267	28	315	895	899
30466	28	428	895	899
36928	28	304	895	899
84372	28	69	895	900
9881	28	742	895	900
29584	28	477	895	900
95155	23	2825	895	900
21737	28	45	895	900
151676	23	29311	895	900
85788	28	351	895	900
44334	28	102	895	900
47508	28	533	895	900
62129	28	22	895	901
40399	28	32	895	901
26444	28	184	895	901
50001	6	59	895	901
83828	28	259	895	901
117887	14	279	895	902
29308	28	27	895	902
77447	28	800	895	902
111674	28	27	895	902
103906	6	1586	895	902
31416	28	164	895	903
83744	28	52	895	903
57010	28	131	895	903
175621	28	121	895	903
52308	28	53	895	903
32595	28	217	895	903
30466	28	164	895	903
34379	28	251	895	904
129014	6	5839	895	904
60079	28	336	895	905
41844	28	162	895	905
94476	28	1031	895	907
47092	28	216	895	907
143272	28	350	895	909
80107	28	336	895	909
75475	28	34	895	913
103462	23	87305	895	913
110002	23	27944	895	915
110662	23	155072	895	919
3233	23	75486	895	920
82813	23	152453	895	920
92964	23	23937	895	923
21844	23	39556	895	923
39556	23	21844	895	923
102447	23	105221	895	934
105221	23	102447	895	934
76216	23	98888	895	934
98888	23	76216	895	934
69808	23	14460	895	942
87764	23	69926	895	947
77984	23	81810	895	948
57990	23	40918	895	948
40918	23	57990	895	948
113583	23	84005	896	0
19418	28	169	896	0
4326	27	4498	896	0
85780	14	94	896	0
158050	14	3858	896	0
48720	28	176	896	0
160626	23	160627	896	0
78795	14	19745	896	0
112427	28	34	896	0
79063	28	44	896	0
62659	14	279	896	0
107806	14	2922	896	0
96431	14	7588	896	0
102054	14	15889	896	0
57305	23	80913	896	0
80913	23	57305	896	0
84201	23	126214	896	0
82511	28	25225	896	0
51764	14	4523	896	0
5380	23	59557	896	0
92997	14	444	896	0
78795	14	8238	896	0
109920	28	704	896	0
22956	28	217	896	0
38580	28	1095	896	0
38375	14	279	896	0
127378	6	2646	896	0
129173	23	150212	896	0
80989	28	76	896	0
87677	14	207	896	0
51667	28	428	896	0
68713	14	229	896	0
38303	28	165	896	0
47465	28	42	896	0
70305	14	207	896	0
69942	28	500	896	0
117968	28	34	896	0
63999	14	3568	896	0
29079	14	2384	896	0
67697	14	207	896	0
58733	14	1343	896	0
10059	14	32296	896	0
129542	14	229	896	0
44525	28	1754	896	0
44525	28	380	896	0
6000	28	58	896	897
87636	28	45	896	897
76543	28	171	896	897
31166	28	176	896	897
29363	28	1810	896	897
122032	28	1234	896	897
17536	28	74	896	897
115786	28	8898	896	897
93691	28	205	896	897
20287	28	380	896	897
106373	28	37	896	897
96014	28	205	896	897
112502	28	176	896	897
24707	28	37	896	897
76274	28	4497	896	897
174276	28	2761	896	897
73313	28	48	896	897
12934	28	9748	896	897
112884	28	330	896	897
90149	28	5115	896	897
44426	28	123	896	897
119266	28	254	896	897
79698	28	53137	896	897
111722	28	129	896	897
11022	28	91	896	897
87882	28	1076	896	897
124212	28	213	896	897
109590	28	114	896	897
65774	28	1234	896	897
6000	28	19	896	897
27383	28	34	896	897
11022	28	19	896	897
93254	28	129	896	897
51674	28	931	896	897
12067	28	3030	896	897
86310	28	126	896	897
51144	28	1650	896	897
104859	28	2604	896	897
112160	28	83	896	898
52497	28	428	896	898
10527	28	461	896	898
9550	28	420	896	898
92054	28	129	896	898
83875	23	9033	896	898
38036	28	114	896	898
23623	28	1279	896	898
26215	28	169	896	898
47465	28	27	896	898
122715	28	742	896	898
78637	28	180	896	898
110069	28	2516	896	898
84351	28	184	896	898
106895	28	474	896	898
121375	28	291	896	898
20979	28	420	896	898
104710	28	679	896	898
128440	28	5312	896	898
60479	28	7094	896	898
91733	28	141	896	898
106450	28	71080	896	899
73133	28	169	896	899
57297	28	19	896	899
43895	28	428	896	899
48906	28	428	896	899
81659	28	99	896	899
43895	28	3313	896	899
4432	23	69734	896	899
21672	28	1488	896	899
98270	28	176	896	900
102216	28	6984	896	900
41734	28	176	896	900
6000	28	290	896	900
36644	28	12466	896	900
46335	28	5761	896	900
34211	28	303	896	900
71499	28	542	896	900
80100	28	33	896	900
66387	28	800	896	901
36348	28	232	896	901
8952	23	7998	896	901
85053	28	1077	896	901
78520	28	9876	896	901
35504	28	289	896	901
23397	28	92	896	901
23170	28	5023	896	901
52372	28	1342	896	902
116982	28	1754	896	902
42652	28	199	896	902
45758	28	333	896	902
109920	28	44	896	902
21803	28	346	896	902
69352	28	19	896	902
4686	23	44847	896	903
44847	23	4686	896	903
50349	23	60244	896	903
60244	23	50349	896	903
50854	28	3308	896	903
60159	28	217	896	903
55605	28	267	896	903
30605	28	164	896	904
12112	28	832	896	904
36425	23	45576	896	904
108041	23	48049	896	904
66374	28	269	896	904
33137	28	20	896	904
31723	28	131	896	904
33252	28	1036	896	905
31257	23	22467	896	906
27291	28	34	896	906
7487	23	126800	896	907
94205	23	95015	896	908
82511	28	169	896	909
59892	28	397	896	909
13329	28	28	896	910
95015	23	94205	896	910
47508	28	520	896	910
145115	28	353	896	911
61743	28	675	896	911
54459	28	123	896	912
3404	23	53561	896	912
82647	23	109113	896	913
84005	23	113583	896	914
96000	23	71683	896	915
35400	23	75510	896	917
124407	23	2572	896	919
50165	23	60962	896	924
50037	23	3341	896	926
50639	23	94838	896	931
59557	23	5380	896	950
3697	23	81847	896	960
81847	23	3697	896	960
29650	28	617	897	0
62252	28	211	897	0
29418	6	2760	897	0
27034	14	2258	897	0
48028	14	279	897	0
99760	14	3280	897	0
65715	14	94	897	0
9472	23	37001	897	0
35506	28	428	897	0
37126	6	1003	897	0
57558	14	11216	897	0
5358	14	2384	897	0
73313	28	23	897	0
72689	14	13416	897	0
35781	28	224	897	0
10955	28	288	897	0
23777	28	523	897	0
91136	28	60	897	0
86676	28	1164	897	0
37872	23	97560	897	0
124397	28	29	897	0
44070	28	546	897	0
77679	14	2188	897	0
60217	14	3571	897	0
36057	14	1485	897	0
147584	14	12276	897	0
32069	28	141	897	0
24645	28	34	897	0
117875	14	6176	897	0
99478	14	2758	897	0
106740	14	7588	897	0
129052	6	59	897	0
67502	6	2357	897	0
116870	28	34	897	0
108956	14	4611	897	0
152150	14	538	897	0
7967	23	12630	897	0
60446	14	94	897	0
108576	6	270	897	0
136373	14	697	897	0
95724	14	207	897	0
57260	14	5310	897	0
38375	14	94	897	0
29552	28	205	897	0
40004	28	413	897	0
101127	28	184	897	0
67697	14	279	897	0
35987	28	34	897	0
67983	14	444	897	0
64749	23	69836	897	0
8870	28	331	897	0
82067	23	67362	897	0
105348	6	12971	897	0
52934	28	553	897	0
61953	28	152	897	0
96014	28	848	897	898
11761	28	428	897	898
87321	28	439	897	898
11022	28	47	897	898
20274	28	930	897	898
19034	28	428	897	898
6000	28	50	897	898
75996	28	330	897	898
78230	28	330	897	898
23763	28	205	897	898
12067	28	5800	897	898
140373	6	7008	897	898
61615	28	248	897	898
79698	28	37	897	898
143041	28	13336	897	898
96867	28	254	897	898
3732	28	57	897	898
28618	28	320	897	898
40883	28	5312	897	898
76516	28	45	897	898
60714	28	232	897	898
8870	28	161	897	898
5282	23	8235	897	898
124694	14	2754	897	898
79825	28	455	897	898
24707	28	114	897	898
22238	28	3959	897	898
33252	28	523	897	898
92690	28	13655	897	898
6000	28	98	897	898
76543	28	205	897	898
106373	28	114	897	898
102653	28	330	897	898
22502	28	45	897	898
56198	28	59240	897	898
32376	28	14854	897	898
79060	28	145	897	898
17536	28	64	897	898
54050	28	129	897	898
107255	28	679	897	898
79698	28	455	897	898
18137	28	286	897	898
44090	28	165	897	898
4208	23	2905	897	898
2905	23	4208	897	898
25621	28	1234	897	898
29650	28	3030	897	898
110399	28	129	897	898
55796	28	330	897	898
109314	28	45	897	898
84110	28	114	897	898
103703	28	232	897	898
17536	28	117	897	898
80989	28	169	897	898
61611	28	169	897	899
29940	28	428	897	899
10473	28	69	897	899
89913	28	3030	897	899
41882	28	360	897	899
73313	28	80	897	899
46928	28	145	897	899
104592	28	71	897	899
87473	28	523	897	899
96240	28	156	897	899
31370	28	112	897	899
90149	28	295	897	899
17234	28	20	897	899
89539	28	750	897	899
85004	28	71	897	899
12934	28	377	897	899
26703	28	2060	897	899
71315	28	12145	897	900
41893	23	2531	897	900
10976	28	60	897	900
52747	28	61	897	900
29971	28	742	897	900
11973	28	539	897	900
11022	28	61	897	900
96383	28	353	897	900
37001	23	9472	897	901
101884	28	65	897	901
61386	28	1367	897	901
83828	28	227	897	901
83953	28	251	897	901
20517	28	455	897	901
66034	23	67064	897	901
2309	23	89782	897	901
89782	23	2309	897	901
91661	28	71	897	901
127359	28	1031	897	901
52959	28	103	897	901
17915	23	9798	897	901
33212	28	43	897	901
128874	23	29065	897	901
50257	28	431	897	901
69681	28	343	897	901
81854	28	297	897	901
94174	28	274	897	901
9225	28	371	897	901
21871	28	290	897	901
39230	28	58	897	902
34267	28	32	897	902
34819	28	343	897	902
75936	23	59051	897	902
6980	23	94365	897	902
28517	28	14878	897	902
81079	28	169	897	902
111399	28	43	897	902
24785	28	199	897	902
116367	28	626	897	902
74719	28	180	897	902
25765	28	269	897	903
3828	23	81667	897	903
27039	28	1627	897	903
44916	28	522	897	904
150201	28	67	897	904
26467	28	397	897	905
88566	28	1234	897	905
108482	6	3006	897	905
39106	23	101350	897	906
101350	23	39106	897	906
19880	28	1155	897	906
9469	23	75861	897	906
61953	28	23	897	906
9660	23	42144	897	907
42144	23	9660	897	907
43319	28	364	897	907
83953	28	520	897	907
31855	28	1316	897	908
81063	23	130201	897	909
40921	14	3741	897	910
111291	23	70091	897	910
70091	23	111291	897	910
44000	28	58	897	911
86009	28	131	897	911
43619	23	37569	897	911
137739	14	17751	897	912
39776	28	136	897	912
56198	28	121	897	912
30155	28	32	897	913
89445	23	151117	897	913
44361	28	290	897	914
6249	23	72821	897	919
72821	23	6249	897	919
85447	16	8	897	925
80839	23	115222	897	929
12391	23	105072	897	931
127453	23	104534	897	936
47313	23	28869	897	940
28869	23	47313	897	940
82767	23	108840	897	941
5737	23	80203	897	943
80203	23	5737	897	943
110969	23	114167	897	959
83990	14	5091	898	0
45763	14	2384	898	0
75976	14	13	898	0
7762	28	539	898	0
77769	6	1564	898	0
78472	16	5111	898	0
87607	14	24005	898	0
88786	14	7588	898	0
47505	6	4455	898	0
13882	6	393	898	0
70641	14	32251	898	0
83104	14	207	898	0
10955	28	560	898	0
85780	14	207	898	0
59728	28	245	898	0
31871	14	6176	898	0
13329	28	247	898	0
30035	28	217	898	0
63999	14	902	898	0
4317	14	16647	898	0
3298	23	26296	898	0
44285	14	55576	898	0
130231	14	3899	898	0
14874	28	29	898	0
73354	14	13	898	0
54001	6	2618	898	0
124667	6	367	898	0
130673	14	279	898	0
127915	14	2496	898	0
62980	14	2951	898	0
59966	28	87	898	0
121149	23	100214	898	0
110647	14	229	898	0
39115	14	943	898	0
185210	14	17751	898	0
78795	14	26	898	0
32625	14	3571	898	0
44426	28	1007	898	0
42185	23	155538	898	0
44525	28	1592	898	0
22238	28	256	898	899
53622	28	754	898	899
61953	28	67	898	899
28900	28	1229	898	899
36600	28	99	898	899
13329	28	704	898	899
119349	28	529	898	899
84110	28	83	898	899
77680	28	1234	898	899
82529	28	2607	898	899
56821	28	31225	898	899
166783	28	1592	898	899
56328	28	3925	898	899
65774	28	254	898	899
92054	28	254	898	899
46023	28	753	898	899
38995	28	169	898	899
109314	28	129	898	899
44070	28	1874	898	899
59892	28	211	898	899
69814	28	698	898	899
106373	28	205	898	899
76543	28	455	898	899
87321	28	129	898	899
29624	28	4841	898	899
85700	28	28459	898	899
35987	28	5296	898	899
12472	28	13000	898	899
109590	28	28198	898	899
75996	28	455	898	899
13151	28	560	898	900
30542	28	360	898	900
2531	23	41893	898	900
24450	28	101	898	900
27668	28	11579	898	900
2157	23	147550	898	900
51573	28	131	898	900
12159	28	1027	898	900
19658	28	33	898	900
114383	28	180	898	900
42387	28	1488	898	900
34708	28	38	898	900
113349	28	6984	898	900
25379	28	19	898	901
47337	28	429	898	901
30267	28	58915	898	901
64386	28	2232	898	901
41366	28	37426	898	901
49618	28	2343	898	901
7762	28	1223	898	901
51225	28	11579	898	901
26454	28	11579	898	901
12234	28	169	898	901
5871	23	42218	898	902
42218	23	5871	898	902
82237	28	140	898	902
22974	28	625	898	902
60372	28	336	898	902
32445	28	715	898	902
31858	23	9495	898	902
70305	14	13	898	902
27039	28	267	898	903
73620	28	140	898	903
33935	6	338	898	903
55319	23	7266	898	903
31855	28	492	898	903
99671	28	269	898	904
116982	28	121	898	904
23444	23	55387	898	904
64531	28	58	898	904
45366	23	18219	898	905
34319	28	2019	898	905
28142	28	286	898	905
58266	28	1601	898	905
34941	23	149989	898	905
43868	23	61439	898	906
61439	23	43868	898	906
14178	23	61438	898	906
61438	23	14178	898	906
79533	28	269	898	907
97729	28	866	898	908
115907	28	55	898	909
106537	28	211	898	909
84037	28	593	898	909
44361	28	938	898	910
47465	28	22	898	911
15042	28	527	898	911
52935	30	810	898	911
5187	23	9220	898	912
9220	23	5187	898	912
49625	28	43	898	912
57116	28	87	898	913
91277	28	193	898	913
29650	28	387	898	914
92334	28	875	898	914
26296	23	3298	898	914
108915	23	129868	898	915
82174	28	28	898	915
95396	28	527	898	917
30276	23	91739	898	918
45141	23	987	898	932
44054	23	24722	898	932
140402	23	140403	898	936
25792	23	81706	898	939
24143	23	3050	898	948
68869	23	67409	898	952
67409	23	68869	898	952
6228	23	90085	898	963
90085	23	6228	898	963
52834	28	560	899	0
44908	28	221	899	0
46360	28	41	899	0
30305	14	13	899	0
85675	6	3719	899	0
134004	16	1376	899	0
31741	14	2951	899	0
72234	14	55576	899	0
86500	14	5000	899	0
4110	23	118197	899	0
118197	23	4110	899	0
119447	28	174	899	0
52632	28	83	899	0
13642	14	4523	899	0
46536	28	343	899	0
17209	28	698	899	0
27034	14	943	899	0
144500	14	2797	899	0
52799	14	1343	899	0
10104	28	57985	899	0
4294	23	8244	899	0
81827	14	113	899	0
45827	14	2258	899	0
78472	16	1376	899	0
149350	14	7183	899	0
125620	14	2384	899	0
31855	28	523	899	0
43260	14	1168	899	0
64412	14	3916	899	0
70305	14	279	899	0
129824	14	94	899	0
23614	28	37	899	0
54895	16	1376	899	0
80989	28	1818	899	0
44718	28	43	899	0
87658	28	232	899	0
44285	14	7588	899	0
38036	28	171	899	0
63559	14	1701	899	0
121955	28	29	899	0
80989	28	289	899	0
76979	6	367	899	0
93701	28	14	899	0
62692	14	113	899	0
155344	14	2355	899	0
119713	16	1376	899	0
85861	14	115	899	899
82529	28	710	899	900
30277	28	2438	899	900
21672	28	1818	899	900
86310	28	23	899	900
75996	28	37	899	900
21170	28	252	899	900
13329	28	22	899	900
29624	28	74	899	900
104683	28	37	899	900
73398	28	37	899	900
122715	28	211	899	900
13005	23	9209	899	900
9209	23	13005	899	900
27291	28	309	899	900
112717	28	20	899	900
44090	28	412	899	900
43290	28	56	899	900
17242	28	1730	899	900
62129	28	30	899	900
10955	28	28459	899	900
3732	28	704	899	900
79811	28	129643	899	900
3732	28	64	899	900
79825	28	848	899	900
50715	16	1469	899	900
81497	28	65	899	900
52747	28	67	899	900
12934	28	10676	899	900
85269	28	2060	899	901
57388	28	930	899	901
61611	28	87	899	901
19972	28	11579	899	901
35959	28	1031	899	901
38234	28	1750	899	901
105702	28	257	899	901
57297	28	150	899	901
30045	28	1688	899	901
32376	28	286	899	901
8270	28	1223	899	901
146413	28	44	899	901
69814	28	290	899	901
89539	28	311	899	901
56317	28	402	899	901
60496	28	2438	899	902
104695	28	49	899	902
12472	28	431	899	902
69112	28	286	899	902
91136	28	420	899	902
23614	28	171	899	902
52533	28	77	899	902
15032	28	150	899	903
54506	28	65	899	903
48292	28	4716	899	903
48168	28	16	899	903
50707	28	1743	899	903
64308	28	52	899	904
23334	28	527	899	904
87924	28	16385	899	904
6038	23	67816	899	904
88945	23	91075	899	904
8244	23	4294	899	904
23080	28	44	899	904
25765	28	1091	899	904
22238	28	295	899	905
22298	28	276	899	905
57915	23	9037	899	905
9037	23	57915	899	905
107496	28	286	899	905
26668	28	572	899	905
40442	28	199	899	905
97227	28	60	899	905
26778	28	23	899	905
114765	28	139	899	905
51874	28	156	899	905
36611	28	420	899	905
144742	28	1234	899	906
60159	28	461	899	906
21890	28	343	899	906
50975	28	286	899	907
60479	28	60	899	907
42946	28	343	899	908
18583	23	95351	899	908
37056	28	420	899	908
60479	28	286	899	908
62454	23	3850	899	909
90149	28	256	899	910
44747	28	77	899	911
134611	28	43	899	911
97013	16	9	899	912
31506	28	33	899	912
71683	23	96000	899	915
5148	23	92155	899	915
92155	23	5148	899	915
60754	28	66	899	915
110054	23	58059	899	944
58059	23	110054	899	944
13353	23	68160	899	948
68160	23	13353	899	948
62469	23	54921	899	953
3270	23	130886	899	963
61953	28	40	900	0
84476	14	1217	900	0
83865	14	2297	900	0
60769	28	60	900	0
116882	14	13	900	0
30035	28	103	900	0
36057	14	94	900	0
42334	14	13	900	0
8073	14	13416	900	0
67298	14	32296	900	0
7860	23	39314	900	0
162794	14	2025	900	0
50325	28	38	900	0
74828	28	690	900	0
7350	14	207	900	0
48028	14	207	900	0
24295	14	163746	900	0
63556	14	13	900	0
142295	16	1376	900	0
142659	16	1376	900	0
37125	28	65	900	0
123946	16	1376	900	0
93330	16	1376	900	0
29640	28	281	900	0
144263	14	120530	900	0
80999	16	1256	900	0
115118	28	52	900	0
44525	28	121	900	0
166579	6	5839	900	0
11022	28	41	900	0
45827	14	2188	900	0
100711	28	221	900	0
67502	6	1348	900	0
41242	28	492	900	0
43260	14	49892	900	0
22782	28	14878	900	0
112118	14	782	900	0
94159	28	1123	900	0
23322	28	29	900	0
51083	28	315	900	0
43238	16	59049	900	0
172728	16	4715	900	0
70723	16	5228	900	0
43260	14	631	900	0
60446	14	13	900	0
12234	28	29	900	0
129732	28	244	900	0
144263	14	3858	900	0
43503	14	2460	900	0
34330	23	7015	900	0
11022	28	22	900	0
38210	6	3589	900	0
38375	14	207	900	0
80908	14	182	900	0
97286	28	247	900	0
95376	23	3785	900	0
3785	23	95376	900	0
122560	14	182	900	0
42687	14	7588	900	0
17209	28	539	900	0
62707	23	20343	900	0
72531	6	338	900	0
19418	28	161	900	0
35746	28	699	900	0
204	27	4498	900	0
67697	14	13	900	0
63219	14	1343	900	0
24295	14	902	900	0
70533	28	325	900	0
95363	14	279	900	0
73655	14	902	900	0
149493	14	24596	900	0
8455	28	527	900	0
122027	14	1706	900	0
52155	14	2496	900	0
81355	14	94	900	0
7780	14	943	900	0
129621	14	538	900	0
59583	28	281	900	0
73354	14	207	900	0
4120	23	14052	900	0
78795	14	13	900	0
68725	28	281	900	0
53768	6	3719	900	0
30605	28	4053	900	0
149315	14	538	900	0
7246	23	114428	900	0
131234	28	33	900	901
39579	28	14	900	901
97790	28	30	900	901
84388	28	89	900	901
84928	28	161	900	901
74738	28	1317	900	901
48716	28	168	900	901
9527	28	290	900	901
86310	28	4175	900	901
66335	28	196	900	901
21737	28	141	900	901
102653	28	1547	900	901
4208	23	43323	900	901
8556	28	1718	900	901
22502	28	156	900	901
103626	28	43494	900	901
86310	28	215	900	901
121194	28	4497	900	901
87437	28	1243	900	901
91855	28	19	900	901
21930	28	40525	900	901
79825	28	205	900	901
7762	28	5102	900	901
35746	28	28459	900	901
89579	28	61	900	901
21505	28	61	900	901
8455	28	461	900	901
12794	28	19	900	901
21672	28	153	900	901
40526	28	95	900	901
21413	28	7909	900	901
92299	28	20950	900	901
99985	28	44631	900	901
109604	28	916	900	901
125720	28	211	900	901
74776	28	45	900	901
82529	28	52102	900	901
87321	28	99	900	901
29099	28	2326	900	901
96383	28	192	900	901
127832	28	848	900	901
113044	28	142	900	901
35991	28	53	900	901
12934	28	474	900	901
55796	28	4497	900	901
82662	28	92184	900	901
63084	28	1179	900	901
81088	28	14878	900	901
94637	28	171	900	901
51775	28	39937	900	901
28653	28	61	900	901
21074	28	47	900	901
73398	28	129	900	901
32595	28	14878	900	901
52747	28	63	900	901
122966	28	286	900	901
40336	23	6746	900	901
104592	28	254	900	901
110370	28	44134	900	901
81497	28	61	900	901
54085	28	102	900	901
79530	28	104	900	901
70876	28	69	900	901
43642	28	114	900	901
9225	28	217	900	901
93254	28	679	900	901
65774	28	330	900	901
92054	28	330	900	901
29640	28	267	900	901
17242	28	227	900	901
102778	28	56270	900	901
131600	28	455	900	901
8455	28	217	900	901
130276	28	166	900	901
49729	28	455	900	901
3732	28	72	900	901
5883	28	371	900	901
33657	23	112317	900	902
19034	28	164	900	902
101188	28	1058	900	902
9881	28	131	900	902
34319	28	281	900	902
27164	28	81	900	902
48574	28	58	900	902
32376	28	60	900	902
89913	28	3435	900	902
79060	28	156	900	902
19658	28	38	900	902
55735	28	46	900	902
86923	28	244	900	902
60316	28	49	900	902
98922	28	33	900	902
52372	28	505	900	902
3732	28	1750	900	902
20032	28	1223	900	902
110539	28	3667	900	902
101504	28	4497	900	902
124839	23	111217	900	902
38349	28	286	900	902
94523	28	916	900	902
26287	28	111	900	902
85004	28	13336	900	902
66832	6	59	900	902
126416	28	71	900	902
36600	28	45	900	902
15799	28	41	900	902
6601	28	22	900	902
112884	28	930	900	902
106537	28	32	900	902
22956	28	14878	900	902
127505	28	6025	900	902
80028	28	557	900	902
14742	28	16	900	902
11973	28	698	900	903
30515	28	1243	900	903
49446	28	454	900	903
47508	28	522	900	903
47636	28	269	900	903
44070	28	532	900	903
112482	28	4716	900	903
33776	28	104	900	903
17480	28	48	900	903
74224	28	205	900	903
70629	28	269	900	903
80100	28	134	900	903
30277	28	240	900	903
22764	28	46	900	903
33743	28	47	900	903
58640	28	60	900	903
34267	28	260	900	903
111644	28	102	900	903
38278	28	1223	900	903
54507	28	461	900	903
11860	23	130474	900	903
130474	23	11860	900	903
112267	28	99	900	904
22635	23	115378	900	904
115786	28	9785	900	904
101641	28	1926	900	904
11882	28	2611	900	904
104710	28	99	900	904
44334	28	16	900	904
59884	28	136	900	904
104710	28	68	900	904
52632	28	99	900	904
51713	28	60	900	904
29940	28	916	900	904
97729	28	269	900	904
41167	28	216	900	904
37062	28	20	900	904
22535	28	150	900	904
127505	28	531	900	904
65518	23	43220	900	904
97186	28	510	900	905
80107	28	176	900	905
40004	28	159	900	905
40787	23	3873	900	905
34319	28	267	900	905
54068	28	68	900	905
99150	28	244	900	905
69814	28	149	900	905
69570	28	10384	900	905
38580	28	159	900	905
5319	23	25751	900	905
25751	23	5319	900	905
4385	23	4993	900	906
60083	28	1730	900	906
24518	28	74	900	906
24283	28	53	900	906
31723	28	32	900	906
49517	28	79	900	906
51387	28	38192	900	906
24226	28	136	900	906
152949	16	838	900	906
59210	23	155127	900	906
71315	28	649	900	907
42977	28	502	900	907
162525	28	149	900	907
67419	16	9	900	907
126858	16	8503	900	907
81784	23	57094	900	907
57094	23	81784	900	907
59599	28	133	900	907
71499	28	387	900	907
39776	28	32	900	907
24645	28	244	900	907
60079	28	176	900	907
36475	28	383	900	908
60641	28	43	900	908
44686	28	37	900	908
87273	28	4716	900	908
18137	28	4716	900	908
30959	23	26792	900	909
85269	28	520	900	909
24733	28	492	900	909
115118	28	177	900	909
36928	28	323	900	909
10473	28	52	900	909
52074	28	133	900	910
23921	28	227	900	910
34708	28	66	900	910
59268	28	520	900	910
140626	28	180	900	910
36447	28	33	900	910
41028	14	207	900	911
46513	28	171	900	911
15042	28	217	900	911
45758	28	32	900	911
178552	28	167	900	911
19880	28	464	900	912
78637	28	869	900	912
128903	28	171	900	912
63084	28	630	900	913
16860	28	53	900	913
43030	28	217	900	913
29624	28	66	900	913
92275	28	256	900	913
5541	23	54640	900	914
85278	28	66	900	914
28359	28	495	900	914
19430	28	159	900	914
11234	23	154707	900	914
108279	23	108278	900	915
42387	28	76	900	915
39167	28	153	900	916
70398	28	244	900	917
70851	28	481	900	917
39242	16	1376	900	921
2474	14	1706	900	924
91198	23	101826	900	925
101826	23	91198	900	925
10483	23	84153	900	927
84153	23	10483	900	927
85603	23	133735	900	930
78227	23	93284	900	933
61825	23	104116	900	948
46144	23	138015	900	956
22806	23	36182	900	960
36182	23	22806	900	960
72540	28	47	901	0
62659	14	94	901	0
85546	16	1419	901	0
13773	28	1818	901	0
31370	28	124	901	0
116332	28	205	901	0
56950	28	29	901	0
29008	14	2188	901	0
102804	14	13	901	0
135387	6	17427	901	0
23170	28	938	901	0
41242	28	45	901	0
23270	28	1055	901	0
90758	14	1217	901	0
67388	14	32296	901	0
32070	28	55	901	0
10910	14	6882	901	0
25258	14	2384	901	0
19077	28	80410	901	0
107959	28	36570	901	0
25326	28	290	901	0
18120	28	293	901	0
144900	6	59	901	0
102536	6	2322	901	0
62692	14	26	901	0
94174	28	161	901	0
79302	14	1217	901	0
10304	14	13416	901	0
10304	14	1706	901	0
123667	14	7588	901	0
25015	28	43	901	0
51465	28	168	901	0
24226	28	333	901	0
122788	14	813	901	0
27281	28	50	901	0
57805	14	902	901	0
25988	23	53702	901	0
22782	28	184	901	0
44679	28	4267	901	0
73364	14	114064	901	0
84411	28	168	901	0
66596	14	2297	901	0
48519	14	207	901	0
46202	28	6896	901	0
71739	28	142	901	0
59895	28	129	901	0
51700	28	11352	901	0
103952	23	152250	901	0
42220	28	166	901	0
9527	28	938	901	0
8364	28	836	901	0
26248	28	837	901	0
59551	30	40114	901	0
25988	23	63509	901	0
44334	28	29	901	0
46717	28	331	901	0
95363	14	13	901	0
8455	28	1018	901	0
81854	28	460	901	0
38210	6	24270	901	0
146043	28	29	901	0
101833	28	277	901	0
12159	28	60	901	0
37872	23	107327	901	0
33262	28	164	901	0
123633	28	41	901	0
125974	14	207	901	0
81827	14	26	901	0
26865	14	207	901	0
78126	28	53	901	0
25493	28	1684	901	0
119615	28	161	901	0
107630	14	1343	901	0
74086	28	29531	901	0
97678	28	67	901	0
17826	14	73915	901	0
36340	14	13	901	0
95724	14	13	901	0
35437	14	943	901	0
93815	14	13152	901	0
69681	28	1110	901	0
53449	28	29	901	0
19714	28	82	901	0
33689	28	247	901	0
50301	6	59	901	0
9225	28	171	901	902
29363	28	539	901	902
83205	28	92	901	902
34457	28	14878	901	902
72784	28	1977	901	902
84928	28	2404	901	902
85160	28	41	901	902
85337	28	109	901	902
133518	28	40	901	902
98782	28	347	901	902
96014	28	71	901	902
64141	28	313	901	902
36520	28	621	901	902
17060	28	158	901	902
62080	28	45	901	902
32070	28	65	901	902
101850	28	107	901	902
19103	28	72	901	902
30035	28	313	901	902
10104	28	129	901	902
95771	28	265	901	902
34880	28	325	901	902
40526	28	5304	901	902
78126	28	65	901	902
75751	28	79	901	902
45530	28	120	901	902
17691	28	351	901	902
35987	28	124	901	902
55811	28	2035	901	902
89416	28	962	901	902
122966	28	201	901	902
59268	28	41	901	902
8364	28	289	901	902
85164	28	65	901	902
123677	28	39	901	902
89597	28	557	901	902
23521	28	133	901	902
71806	28	104	901	902
74086	28	51	901	902
14344	28	1492	901	902
79433	28	111	901	902
22621	28	235	901	902
72787	28	40	901	902
76646	28	83	901	902
145339	28	73	901	902
124212	28	2404	901	902
82564	28	158	901	902
104592	28	439	901	902
146514	28	66	901	902
91661	28	13499	901	902
36348	28	129	901	902
92675	28	120	901	902
94790	28	156	901	902
39579	28	65	901	902
41601	28	22	901	902
136589	28	66	901	902
120019	28	134	901	902
13567	28	30	901	902
43642	28	386	901	902
23170	28	1165	901	902
69681	28	134	901	902
27281	28	347	901	902
52477	28	4543	901	902
16312	28	64	901	902
77759	28	47	901	902
8270	28	290	901	902
27878	28	213	901	902
67117	28	44	901	902
5883	28	460	901	902
23773	28	82	901	902
24604	28	47	901	902
23623	28	124	901	902
32486	23	72020	901	902
53978	28	117	901	902
75504	28	156	901	902
18120	28	4716	901	902
109604	28	837	901	902
30831	28	98	901	902
79063	28	247	901	902
33212	28	88	901	902
121348	28	71	901	902
121194	28	45	901	902
70876	28	91	901	902
57884	28	101	901	902
116383	28	3761	901	902
12794	28	347	901	902
109187	28	277	901	902
46955	28	118	901	902
12159	28	4716	901	902
87636	28	1076	901	902
13187	28	44	901	902
82132	28	69	901	902
81182	28	73	901	902
63083	28	45	901	902
43421	28	45	901	902
66335	28	837	901	902
54050	28	43494	901	902
69242	28	46	901	902
111722	28	5312	901	902
86073	28	33	901	902
130276	28	92	901	902
130828	28	1426	901	902
182883	28	39	901	902
111154	28	153	901	902
110565	28	502	901	902
127990	28	63	901	902
53978	28	73	901	902
20271	28	134	901	902
93382	28	134	901	902
90532	28	126	901	902
82662	28	679	901	902
8556	28	66314	901	902
127476	28	557	901	902
47920	28	188	901	902
81659	28	930	901	902
93691	28	439	901	902
75538	28	22784	901	902
21444	28	28	901	902
55613	28	333	901	902
108125	28	36	901	902
111534	28	303	901	902
15707	28	649	901	902
25326	28	50	901	903
18817	28	4716	901	903
35504	28	311	901	903
96419	28	15676	901	903
20412	23	135355	901	903
21737	28	930	901	903
34763	28	1110	901	903
27887	28	91	901	903
37056	28	60	901	903
76258	28	74	901	903
113543	28	693	901	903
18157	28	158	901	903
32457	28	158	901	903
38998	28	346	901	903
33409	28	111	901	903
160365	28	134	901	903
40671	28	28	901	903
34742	28	153	901	903
14220	28	31	901	903
33689	28	58	901	903
105289	28	120	901	903
96442	28	166	901	903
106373	28	71	901	903
76591	28	44	901	903
75225	28	27	901	903
31506	28	100	901	903
39808	28	51	901	903
101691	28	47	901	903
89189	28	828	901	903
36175	28	14	901	903
92505	28	46	901	903
63654	28	514	901	903
58177	28	1949	901	903
166863	28	139	901	903
125776	28	150	901	903
113785	28	102	901	903
66800	28	101	901	903
20402	28	43	901	903
81058	28	150	901	903
123942	28	39	901	903
15126	28	3350	901	903
81854	28	240	901	903
78034	28	4543	901	903
51627	28	14	901	903
44034	28	1163	901	903
125732	28	16	901	903
107959	28	109	901	903
105739	28	177	901	903
37742	28	153	901	903
73398	28	232	901	903
18841	28	257	901	903
78854	28	30	901	903
75790	28	33	901	903
96383	28	95	901	903
101884	28	39	901	903
46928	28	156	901	903
89101	28	232	901	903
31855	28	460	901	903
11485	28	431	901	903
142372	28	67	901	903
59995	28	1172	901	903
12234	28	101	901	903
3732	28	22	901	903
50981	28	66	901	903
85647	28	87	901	903
31416	28	159	901	903
94637	28	156	901	903
100578	28	104	901	903
44491	28	82	901	903
5883	28	492	901	903
78520	28	87	901	903
94826	28	66	901	903
26413	28	43	901	903
102656	28	297	901	903
111713	28	274	901	903
30319	28	2469	901	903
97334	28	22	901	903
33268	28	937	901	903
109132	28	69	901	903
84372	28	78	901	903
39769	28	88	901	903
89539	28	1488	901	903
108532	28	114	901	903
127496	28	244	901	903
84318	28	169	901	904
100819	28	139	901	904
97150	28	1025	901	904
99985	28	124	901	904
23368	28	4543	901	904
121607	28	1228	901	904
105702	28	1129	901	904
61442	28	101	901	904
62174	28	215	901	904
23397	28	20	901	904
17242	28	259	901	904
29099	28	267	901	904
13448	28	37	901	904
143143	28	47	901	904
51398	28	42	901	904
101833	28	16	901	904
29090	28	100	901	904
91994	28	557	901	904
127097	28	56	901	904
13773	28	331	901	904
36223	28	24650	901	904
78593	28	145	901	904
128434	28	77	901	904
50533	28	159	901	904
15853	28	460	901	904
122304	28	64	901	904
64386	28	64	901	904
41366	28	1091	901	904
18194	28	171	901	904
16257	28	539	901	904
20517	28	156	901	904
102334	28	141	901	904
18732	28	1165	901	904
56613	28	217	901	904
25796	28	56	901	904
38396	28	413	901	904
6000	28	1750	901	904
48168	28	247	901	904
100711	28	39	901	904
40989	28	38	901	904
131234	28	55	901	904
70413	28	61	901	904
40004	28	164	901	904
16649	28	60	901	904
112717	28	2069	901	905
46717	28	33	901	905
114182	28	102	901	905
42584	28	58	901	905
35127	28	19	901	905
119962	28	143	901	905
15463	28	98	901	905
16716	28	20	901	905
107368	28	149	901	905
38580	28	164	901	905
81346	28	1618	901	905
7762	28	66	901	905
127644	28	787	901	905
3392	23	17447	901	905
25379	28	27	901	905
16777	28	129	901	905
81497	28	118	901	905
101188	28	869	901	905
41065	28	277	901	905
2581	23	13005	901	905
13005	23	2581	901	905
17531	28	14	901	905
38304	28	14	901	905
119349	28	520	901	905
56788	28	201	901	905
94341	28	101	901	905
59354	28	2597	901	905
41359	28	64	901	905
33643	28	105	901	905
18077	28	247	901	905
41898	28	64	901	905
43830	28	73	901	905
53449	28	76	901	905
48208	28	20	901	905
116505	28	315	901	905
83929	28	80	901	905
104938	28	16	901	905
122659	28	1446	901	905
51852	28	55	901	905
45199	28	2343	901	906
30801	28	177	901	906
40189	23	134108	901	906
85909	28	1978	901	906
53773	28	158	901	906
85269	28	1727	901	906
123635	28	63	901	906
64386	28	494	901	906
124397	28	274	901	906
146413	28	40	901	906
19892	28	2060	901	906
83318	28	330	901	906
43886	28	50	901	906
111372	28	327	901	906
130130	28	60	901	906
61322	28	164	901	906
55619	28	16	901	906
42837	28	164	901	906
5505	23	82150	901	906
28653	28	22	901	906
116332	28	37	901	906
44723	28	14	901	906
130931	28	46	901	906
64343	28	293	901	906
86191	28	1234	901	906
82529	28	610	901	907
42837	28	159	901	907
102778	28	74	901	907
139678	28	153	901	907
68725	28	267	901	907
44518	28	81	901	907
125397	28	628	901	907
80030	28	29	901	907
78115	28	228	901	907
94306	28	58	901	907
21505	28	33	901	907
56624	28	74	901	907
44447	28	29	901	907
42562	28	969	901	907
131304	28	57	901	907
56924	23	130934	901	907
52477	28	494	901	908
39601	28	276	901	908
114495	28	92	901	908
29752	23	5778	901	908
100135	28	22	901	908
62129	28	117	901	908
85053	28	74	901	908
66630	28	82	901	908
143811	28	177	901	908
87658	28	129	901	908
44107	28	244	901	908
52477	28	1750	901	908
85788	28	57	901	908
88664	28	1119	901	909
123827	28	98	901	909
106775	28	74	901	909
60067	28	36	901	909
61322	28	133	901	909
17121	28	199	901	909
66387	28	29	901	909
44035	28	117	901	909
24450	28	969	901	909
30456	28	101	901	909
100970	28	102	901	909
17776	28	29	901	909
30605	28	133	901	909
20287	28	176	901	909
86009	28	32	901	909
39281	28	52	901	910
11761	28	164	901	910
32361	28	22	901	910
11761	28	159	901	910
63269	28	587	901	910
21672	28	76	901	911
55055	28	274	901	911
19430	28	164	901	911
66387	28	43	901	911
34211	28	164	901	911
39604	28	82	901	911
69008	28	159	901	911
44000	28	247	901	911
44447	28	76	901	911
129732	28	619	901	911
19077	28	42	901	911
84759	28	274	901	911
41430	28	33	901	912
17060	28	247	901	912
65279	28	244	901	912
143541	16	8503	901	912
21871	28	50	901	912
33093	28	28	901	912
153938	28	134	901	912
51465	28	92	901	912
38569	28	55	901	912
32947	28	50	901	912
61633	28	244	901	913
61668	28	14	901	913
74738	28	336	901	913
30267	28	121	901	913
82012	28	413	901	913
129346	28	527	901	913
68306	28	53	901	913
34211	28	133	901	913
55302	28	162	901	913
30192	28	87	901	913
60977	28	169	901	914
36223	28	253	901	914
119615	28	432	901	914
74048	28	206	901	914
61668	28	69	901	915
110814	28	77	901	915
26668	28	206	901	915
102899	28	257	901	915
56573	28	20	901	915
27570	23	62764	901	916
62764	23	27570	901	916
46196	28	2030	901	916
79717	28	293	901	916
23270	28	169	901	916
107198	28	45	901	916
58004	16	3964	901	916
43795	16	78027	901	916
71057	28	832	901	916
76635	23	97786	901	917
12934	28	121	901	917
84572	16	8	901	917
44876	30	1564	901	917
48113	28	351	901	917
102122	28	406	901	919
101299	28	42	901	920
65151	28	471	901	920
33420	28	1459	901	921
40454	23	82627	901	921
53702	23	25988	901	923
91855	28	2404	901	923
43965	16	2429	901	926
63128	16	8	901	928
17031	16	3964	901	928
61973	16	9	901	931
143613	23	59744	901	932
59744	23	143613	901	932
37060	23	92401	901	932
92401	23	37060	901	932
10030	23	141957	901	934
141957	23	10030	901	934
16606	23	74944	901	938
74944	23	16606	901	938
50296	23	45639	901	942
40807	16	3964	901	944
25870	16	3964	901	944
55912	23	90042	901	945
90042	23	55912	901	945
49448	23	31988	901	947
17872	16	2631	901	949
87036	23	45033	901	949
67833	23	120676	901	950
37756	23	108628	901	953
29418	6	59	902	0
113044	28	166	902	0
17024	28	4543	902	0
30698	28	136	902	0
47803	28	7268	902	0
56317	28	560	902	0
100863	14	13	902	0
42466	14	902	902	0
56836	14	9717	902	0
21803	28	169	902	0
77447	28	29	902	0
77679	14	444	902	0
17264	23	3412	902	0
3412	23	17264	902	0
76198	28	16	902	0
62659	14	5091	902	0
48253	28	140	902	0
87442	28	3911	902	0
41845	28	88	902	0
79302	14	3568	902	0
49122	28	1588	902	0
106140	14	3280	902	0
11703	28	77	902	0
38375	14	4576	902	0
40399	28	1688	902	0
14031	28	152	902	0
78126	28	61	902	0
17024	28	290	902	0
13841	14	2188	902	0
27307	14	12967	902	0
27212	28	85	902	0
107496	28	60	902	0
59238	28	30	902	0
54255	28	159	902	0
33187	28	110	902	0
120472	28	245	902	0
50903	28	337	902	0
24284	14	1706	902	0
37028	28	29	902	0
76761	14	27157	902	0
10521	6	497	902	0
33279	28	628	902	0
81398	23	42986	902	0
42986	23	81398	902	0
125720	28	1688	902	0
12457	23	43703	902	0
92675	28	69	902	0
55735	28	30	902	0
10976	28	621	902	0
58542	14	148798	902	0
24226	28	32	902	0
7762	28	290	902	0
14008	14	178636	902	0
151589	14	13	902	0
58966	14	4523	902	0
8704	14	782	902	0
130828	28	283	902	0
51852	28	14	902	0
81379	6	284	902	0
93012	28	5478	902	0
78647	28	150	902	0
92675	28	22	902	0
5358	14	2951	902	0
74430	31	42175	902	0
59268	28	533	902	0
43410	14	2384	902	0
4964	14	7134	902	0
18054	28	2404	902	0
109604	28	926	902	0
121058	28	281	902	0
56889	14	13152	902	0
56889	14	5000	902	0
44908	28	22	902	902
82511	28	29	902	903
16296	28	85	902	903
9527	28	31	902	903
157676	28	71	902	903
39774	28	16	902	903
116502	28	66	902	903
75770	28	58	902	903
54050	28	252	902	903
52608	28	63	902	903
57884	28	31	902	903
11703	28	27	902	903
72784	28	91	902	903
70876	28	80	902	903
99606	28	13406	902	903
19103	28	29	902	903
84928	28	39	902	903
104695	28	67	902	903
17776	28	199	902	903
39579	28	55	902	903
56329	28	86	902	903
3732	28	23	902	903
91661	28	386	902	903
74216	28	885	902	903
42652	28	74	902	903
66087	28	158	902	903
6601	28	8650	902	903
31381	28	4716	902	903
46992	28	109	902	903
29363	28	7953	902	903
52533	28	20	902	903
55663	28	66	902	903
46024	28	750	902	903
97790	28	89	902	903
92659	28	19	902	903
15598	28	402	902	903
68304	28	750	902	903
125073	28	111	902	903
40447	28	169	902	903
71806	28	109	902	903
86171	28	100	902	903
126060	28	36	902	903
144715	28	71	902	903
75751	28	16	902	903
41601	28	64	902	903
59399	28	100	902	903
71289	28	20	902	903
18120	28	3584	902	903
8270	28	1165	902	903
48253	28	621	902	903
108125	28	72	902	903
110370	28	5312	902	903
81088	28	184	902	903
60372	28	474	902	903
7281	28	4716	902	903
82564	28	44	902	903
30831	28	169	902	903
14742	28	168	902	903
151140	28	2404	902	903
97678	28	339	902	903
111426	28	1688	902	903
85337	28	139	902	903
17691	28	331	902	903
123983	28	126	902	903
63267	28	64	902	903
89416	28	351	902	903
20274	28	114	902	903
116383	28	71	902	903
70342	28	1629	902	903
146514	28	79	902	903
82132	28	19	902	903
130061	28	27	902	903
98782	28	1102	902	903
82227	28	45	902	903
52372	28	333	902	903
31662	28	14	902	903
24550	28	100	902	903
103582	28	126	902	903
123677	28	265	902	903
35746	28	11579	902	903
25413	28	69	902	903
69681	28	800	902	903
13567	28	36	902	903
116870	28	1119	902	903
35917	28	5386	902	903
44690	28	164	902	903
74719	28	129	902	903
120563	28	347	902	903
97009	28	29984	902	903
36520	28	252	902	903
53978	28	67	902	903
92564	28	91	902	903
45530	28	109	902	903
109187	28	158	902	903
94790	28	45	902	903
76198	28	92	902	903
48574	28	277	902	903
81079	28	51	902	903
24433	28	78890	902	903
76311	28	82	902	903
24968	28	311	902	903
67117	28	47	902	903
82012	28	1650	902	903
81495	28	29984	902	903
127990	28	265	902	903
82237	28	179	902	904
44908	28	27	902	904
33546	28	916	902	904
112329	28	298	902	904
113101	28	134	902	904
39825	28	71	902	904
113385	28	122	902	904
16312	28	67	902	904
41145	28	290	902	904
20628	28	386	902	904
75504	28	45	902	904
8556	28	832	902	904
118563	28	254	902	904
77186	28	150	902	904
33900	28	104	902	904
137866	28	56	902	904
114112	28	221	902	904
63083	28	1234	902	904
50533	28	164	902	904
76590	28	31	902	904
43421	28	156	902	904
13187	28	704	902	904
51365	28	5008	902	904
73313	28	168	902	904
38306	28	186	902	904
165233	28	71	902	904
107891	28	156	902	904
71401	28	46	902	904
67914	28	455	902	904
12472	28	5471	902	904
35959	28	131	902	904
125427	28	122	902	904
94078	28	395	902	904
32376	28	70	902	904
109920	28	88	902	904
50975	28	60	902	904
16618	28	117	902	904
12437	28	101	902	904
51338	28	107	902	904
27281	28	16	902	904
24785	28	213	902	904
79433	28	126	902	904
61489	28	48	902	904
61250	28	45	902	904
107434	28	1032	902	904
98922	28	74	902	904
44679	28	150	902	904
152236	28	67	902	904
72787	28	152	902	904
130276	28	89	902	904
19658	28	531	902	904
41242	28	156	902	904
21590	28	101	902	904
81659	28	273	902	904
52477	28	19	902	904
103703	28	114	902	904
61007	28	43	902	904
69352	28	126	902	904
65310	28	85	902	904
25124	28	149	902	904
111399	28	88	902	904
111154	28	49	902	904
78647	28	1676	902	904
80028	28	98	902	904
123298	28	1371	902	904
59603	28	107	902	904
102918	28	37	902	904
95064	28	251	902	904
55735	28	88	902	904
12794	28	65	902	905
14344	28	121	902	905
26747	28	267	902	905
61178	28	491	902	905
101850	28	109	902	905
114308	28	53137	902	905
14928	28	77	902	905
42457	28	120	902	905
17060	28	55	902	905
86585	23	5892	902	905
20271	28	432	902	905
38832	28	228	902	905
19103	28	22	902	905
121058	28	267	902	905
66517	28	79	902	905
47236	28	1601	902	905
96344	28	381	902	905
37200	28	38	902	905
59948	28	1066	902	905
104476	28	16	902	905
42960	28	86	902	905
34819	28	47	902	905
28517	28	753	902	905
48463	28	2069	902	905
133009	28	531	902	905
21413	28	71	902	905
20358	28	180	902	905
13586	28	675	902	905
77447	28	199	902	905
30594	28	196	902	905
74086	28	81	902	905
37408	28	1734	902	905
33876	28	20	902	905
30035	28	70	902	905
56613	28	371	902	905
26747	28	281	902	905
41844	28	206	902	905
47734	28	43	902	905
65497	28	159	902	905
27878	28	27	902	905
86073	28	46	902	905
29560	28	77	902	905
13061	28	354	902	905
32700	28	560	902	905
19714	28	107	902	905
51080	28	961	902	905
111674	28	88	902	905
90532	28	19	902	905
77769	6	497	902	905
143376	28	53	902	905
72557	28	63	902	906
115600	28	16	902	906
41893	23	134561	902	906
162101	14	229	902	906
114316	28	27	902	906
15799	28	61	902	906
93176	28	19	902	906
20032	28	33	902	906
94313	28	351	902	906
46166	28	315	902	906
30073	28	64	902	906
56821	28	71	902	906
112974	28	77	902	907
102220	23	47516	902	907
53062	28	141	902	907
49178	28	216	902	907
93012	28	126	902	907
9881	28	129	902	907
44686	28	68	902	907
17024	28	66	902	907
95725	28	43	902	907
38396	28	492	902	907
131627	28	150	902	908
73160	28	331	902	908
75997	28	30	902	908
92675	28	80	902	908
34819	28	29	902	908
13329	28	14	902	908
39604	28	247	902	908
32652	23	149468	902	908
149468	23	32652	902	908
47098	28	73	902	908
93382	28	111	902	908
37028	28	213	902	908
44997	28	27	902	908
62386	28	2019	902	908
25268	28	69	902	908
79063	28	48	902	908
38349	28	378	902	908
79226	28	2069	902	908
119189	28	42	902	908
139700	28	345	902	908
34457	28	184	902	908
146586	28	153	902	908
47465	28	247	902	909
36240	28	247	902	909
45758	28	211	902	909
83953	28	522	902	909
99790	28	510	902	909
26248	28	933	902	909
70249	28	217	902	909
104788	28	199	902	909
39476	28	402	902	910
5813	16	73978	902	910
38401	28	1091	902	910
20287	28	1754	902	910
51223	28	74	902	910
44034	28	540	902	910
44717	28	969	902	910
105991	23	5753	902	910
108110	23	95071	902	910
27097	28	48	902	910
72589	28	104	902	911
13448	28	68	902	911
89547	28	412	902	911
145143	28	540	902	911
46574	28	460	902	912
29308	28	22	902	912
8364	28	969	902	912
55345	28	30	902	912
118580	28	51	902	912
60083	28	227	902	912
41366	28	269	902	913
43319	28	32	902	913
42049	28	158	902	913
59262	28	1014	902	913
95352	28	453	902	913
39230	28	19	902	913
42620	28	420	902	914
75333	28	293	902	914
54395	28	5386	902	914
74206	28	726	902	914
75538	28	165	902	914
107281	28	430	902	914
135551	28	214	902	915
76636	28	504	902	915
102189	28	16319	902	915
71779	28	3973	902	915
107198	28	68	902	915
23581	28	28	902	916
28422	28	58	902	916
43061	28	346	902	916
37999	28	217	902	917
95396	28	217	902	917
59262	28	1132	902	918
96589	28	102	902	918
43703	23	12457	902	919
6538	16	59755	902	921
18839	23	41979	902	926
80758	23	145062	902	931
109626	23	57869	902	933
28029	23	123018	902	934
37342	23	92702	902	939
129032	23	94160	902	941
30241	23	73377	902	944
73377	23	30241	902	944
124953	23	120629	902	946
120629	23	124953	902	946
47728	23	119785	902	953
119785	23	47728	902	953
70533	28	395	903	0
82564	28	14	903	0
14742	28	332	903	0
11703	28	117	903	0
30136	14	113456	903	0
113543	28	1492	903	0
113785	28	6617	903	0
64531	28	247	903	0
75171	14	902	903	0
56644	14	2431	903	0
36057	14	13	903	0
26865	14	2417	903	0
57336	14	782	903	0
89189	28	150	903	0
89539	28	6617	903	0
49598	23	103911	903	0
103911	23	49598	903	0
98529	14	98227	903	0
78520	28	168	903	0
84928	28	120	903	0
17691	28	698	903	0
10059	14	6456	903	0
33776	28	283	903	0
103359	28	88	903	0
42466	14	3568	903	0
76836	6	689	903	0
17209	28	2335	903	0
78520	28	41578	903	0
124527	14	2588	903	0
84928	28	2033	903	0
24450	28	29	903	0
125776	28	55	903	0
87442	28	41	903	0
71289	28	53	903	0
79302	14	2951	903	0
125981	28	4541	903	0
21803	28	29	903	0
142796	28	492	903	0
72784	28	337	903	0
56224	16	35546	903	0
132121	14	114064	903	0
67702	16	35296	903	0
145339	28	166	903	0
19658	28	176	903	0
113216	14	2384	903	0
73354	14	94	903	0
107959	28	67	903	0
17209	28	846	903	0
13407	14	5310	903	0
55663	28	44	903	0
51144	28	460	903	0
53814	14	1445	903	0
75770	28	65	903	0
111429	28	2663	903	0
21309	28	2668	903	0
26484	28	698	903	0
33268	28	164	903	0
27878	28	29	903	0
116491	28	33	903	0
15588	14	3585	903	0
45313	28	161	903	0
47636	28	2301	903	0
67388	14	3280	903	0
10918	14	3741	903	0
41145	28	938	903	0
153356	14	13	903	0
28310	14	444	903	0
78854	28	89	903	0
21170	28	60	903	0
27130	23	129162	903	0
6601	28	219	903	0
59551	14	24005	903	0
123983	28	48	903	0
86500	14	7588	903	0
17209	28	223	903	0
92563	6	2375	903	0
64097	14	11216	903	0
5883	28	217	903	0
36475	28	135	903	0
50903	28	1013	903	0
3855	14	1706	903	903
112502	28	380	903	904
61611	28	153	903	904
97678	28	39	903	904
13567	28	45	903	904
54572	28	175	903	904
14742	28	55	903	904
23614	28	232	903	904
55663	28	72	903	904
33409	28	81	903	904
116383	28	455	903	904
35504	28	161	903	904
76543	28	439	903	904
88876	28	626	903	904
89416	28	91	903	904
25493	28	1034	903	904
67117	28	277	903	904
30319	28	1165	903	904
120019	28	118	903	904
60753	28	213	903	904
22764	28	72	903	904
10976	28	797	903	904
105289	28	215	903	904
25413	28	50	903	904
121319	28	78	903	904
54050	28	2341	903	904
142372	28	177	903	904
123942	28	152	903	904
16236	28	1918	903	904
13071	28	22	903	904
144715	28	156	903	904
33212	28	5478	903	904
21803	28	101	903	904
34742	28	213	903	904
39808	28	19	903	904
58640	28	99	903	904
59418	28	6025	903	904
94637	28	180	903	904
79698	28	83	903	904
91855	28	63	903	904
16649	28	420	903	904
7281	28	3584	903	904
68553	23	85221	903	904
42977	28	29	903	904
116502	28	126	903	904
81495	28	169	903	904
33268	28	2438	903	904
81535	23	105484	903	904
119701	28	27	903	904
66800	28	4543	903	904
103305	28	136	903	904
127832	28	254	903	904
125073	28	126	903	904
11485	28	131	903	904
12234	28	69	903	904
5883	28	675	903	904
74632	28	134	903	904
101127	28	71	903	904
38304	28	69	903	904
11973	28	1034	903	904
72784	28	2069	903	904
24550	28	110	903	904
24604	28	80	903	904
111713	28	962	903	904
21594	28	539	903	904
51330	28	1731	903	904
108125	28	23	903	904
16395	28	43	903	904
84372	28	134	903	904
14874	28	109	903	904
106733	28	60	903	904
59993	28	66	903	904
27638	28	343	903	904
40399	28	333	903	904
78520	28	64	903	904
113785	28	52	903	904
21444	28	109	903	904
53978	28	122	903	904
151140	28	134	903	904
76516	28	386	903	904
121463	28	58494	903	904
17480	28	23	903	904
49720	28	2411	903	904
97334	28	100	903	904
45530	28	1349	903	904
125346	28	107	903	904
125776	28	134	903	904
78713	28	460	903	904
49122	28	223	903	904
109187	28	1102	903	904
118707	28	71	903	904
96166	28	106	903	905
45313	28	153	903	905
84037	28	269	903	905
85164	28	104	903	905
18817	28	244	903	905
24707	28	70	903	905
114166	28	692	903	905
102656	28	1156	903	905
52286	28	371	903	905
61470	28	11579	903	905
90149	28	176	903	905
74719	28	83	903	905
65151	28	1169	903	905
29640	28	5386	903	905
48253	28	378	903	905
122685	28	71	903	905
90091	28	304	903	905
116898	28	48	903	905
108532	28	386	903	905
39181	28	1156	903	905
56329	28	265	903	905
125732	28	61	903	905
36742	28	69	903	905
82564	28	66	903	905
24433	28	866	903	905
85160	28	78	903	905
146091	28	1110	903	905
78854	28	2069	903	905
94826	28	56	903	905
26592	28	69	903	905
75790	28	58	903	905
76198	28	65	903	905
27195	28	409	903	905
103987	28	1067	903	905
110501	28	64	903	905
22297	28	252	903	905
14220	28	67	903	905
111408	28	72	903	905
38512	28	247	903	905
27887	28	930	903	905
65894	28	211	903	905
50981	28	64	903	905
130061	28	1810	903	905
57884	28	92	903	905
123677	28	110	903	905
20951	28	213	903	905
52308	28	46	903	905
68304	28	92	903	905
50707	28	933	903	905
41430	28	14	903	905
92505	28	85	903	905
24968	28	346	903	905
130503	28	333	903	905
42718	28	122	903	905
104695	28	118	903	905
104683	28	282	903	905
69242	28	215	903	905
182423	28	53	903	905
105595	28	283	903	905
109854	28	47	903	905
31753	28	282	903	905
70876	28	111	903	906
71806	28	98	903	906
38998	28	2404	903	906
47636	28	156	903	906
75225	28	73	903	906
16296	28	2045	903	906
30831	28	346	903	906
5988	23	60946	903	906
60946	23	5988	903	906
100578	28	41	903	906
36431	28	50	903	906
8646	28	856	903	906
42946	28	29	903	906
24589	28	28	903	906
21737	28	313	903	906
47508	28	529	903	906
86171	28	91	903	906
119863	28	66	903	906
33252	28	460	903	906
70533	28	912	903	906
18077	28	55	903	906
4395	23	60474	903	906
111644	28	69	903	906
91661	28	205	903	906
24633	28	6485	903	906
42329	28	311	903	906
33689	28	158	903	906
109132	28	28	903	906
127216	28	744	903	906
111429	28	28	903	906
55676	28	626	903	906
51048	28	244	903	906
25911	28	91	903	906
72937	28	5386	903	907
33743	28	109	903	907
83744	28	53	903	907
55055	28	29	903	907
56190	28	560	903	907
20540	28	1488	903	907
89189	28	102	903	907
107503	28	56	903	907
39774	28	53	903	907
26413	28	122	903	907
111400	23	39548	903	907
62020	28	133	903	907
28359	28	217	903	907
20032	28	494	903	907
130738	28	213	903	907
69918	28	959	903	907
81868	28	216	903	907
81079	28	101	903	907
11860	23	6756	903	907
105739	28	41	903	907
122715	28	364	903	907
56831	28	22784	903	907
15242	28	20	903	907
34915	28	23	903	908
33776	28	557	903	908
103582	28	118	903	908
49201	28	256	903	908
85114	28	177	903	908
76591	28	56	903	908
36611	28	60	903	908
42652	28	98	903	908
111087	28	71	903	908
82132	28	51	903	908
52608	28	39	903	908
38512	28	158	903	908
73343	28	9459	903	908
27112	28	252	903	908
31416	28	926	903	908
122441	28	40	903	908
112482	28	378	903	909
21672	28	29	903	909
14690	28	323	903	909
74776	28	129	903	909
102225	23	37772	903	909
37772	23	102225	903	909
23907	28	23	903	909
144754	28	117	903	909
121348	28	254	903	909
24733	28	460	903	909
130146	28	99	903	909
39181	28	460	903	909
30277	28	477	903	909
50358	28	14	903	909
46384	28	30	903	909
9527	28	89	903	909
20136	28	660	903	910
48168	28	58	903	910
46928	28	45	903	910
32334	28	102	903	910
71642	28	1193	903	910
46024	28	1025	903	910
41601	28	89	903	910
89539	28	502	903	910
20614	28	50	903	910
49625	28	14	903	910
26484	28	50	903	910
130750	23	35441	903	910
76327	28	1690	903	910
101613	28	257	903	910
20125	28	217	903	911
14222	28	169	903	911
23170	28	55	903	911
60059	28	33	903	911
54506	28	61	903	911
29702	28	560	903	911
46174	28	30	903	911
100819	28	6617	903	911
20402	28	41	903	911
35441	23	130750	903	911
43129	28	14	903	911
39230	28	247	903	911
21149	28	206	903	912
101691	28	69	903	912
43290	28	64	903	912
15707	28	164	903	912
50358	28	49	903	912
80903	28	106	903	912
84352	28	280	903	912
34763	28	101	903	913
74887	28	291	903	913
60977	28	29	903	913
15024	28	101	903	913
30267	28	1754	903	913
48345	28	800	903	913
38117	28	286	903	913
53726	28	103	903	914
38669	28	114	903	914
78034	28	2733	903	914
63654	28	522	903	914
109065	28	80	903	914
130550	28	413	903	914
54150	28	893	903	914
29125	28	784	903	915
40447	28	28	903	915
29165	23	128205	903	915
12934	28	1754	903	915
72651	28	715	903	915
82012	28	263	903	915
130550	28	263	903	915
64133	28	1069	903	916
59888	28	1380	903	917
60188	28	291	903	917
57161	28	292	903	917
47774	28	368	903	917
59419	28	244	903	917
102122	28	397	903	917
69785	28	228	903	918
33417	16	8	903	919
40995	23	153408	903	919
76607	28	660	903	919
59576	28	1223	903	920
86187	28	132	903	920
93290	28	1091	903	921
63832	23	104661	903	924
94563	23	89288	903	924
75727	16	13389	903	925
59271	23	67362	903	928
78737	23	4257	903	931
5871	23	79628	903	931
79628	23	5871	903	931
6509	23	149223	903	934
149223	23	6509	903	934
118042	23	127625	903	940
153871	23	4192	903	954
164424	23	164425	903	958
37797	23	27381	903	960
27381	23	37797	903	960
33409	28	118	904	0
132016	28	79	904	0
71739	28	56	904	0
72234	14	3348	904	0
16596	14	229	904	0
17480	28	3331	904	0
85139	28	1349	904	0
13482	14	3741	904	0
75122	14	444	904	0
2570	14	1706	904	0
87265	28	559	904	0
16312	28	40	904	0
17848	14	2297	904	0
25015	28	92	904	0
99923	6	2021	904	0
26248	28	164	904	0
78574	6	100466	904	0
21149	28	965	904	0
84203	28	2045	904	0
4959	14	7980	904	0
107589	28	2627	904	0
69352	28	16	904	0
21505	28	14	904	0
48028	14	94	904	0
17961	28	261	904	0
57399	28	99	904	0
55069	14	902	904	0
10264	14	3568	904	0
62659	14	207	904	0
127097	28	39	904	0
36135	28	18387	904	0
31723	28	83	904	0
16395	28	139	904	0
33137	28	14	904	0
99171	23	110291	904	0
24550	28	332	904	0
48049	23	108041	904	0
51094	28	967	904	0
127242	6	4537	904	0
16634	28	2916	904	0
176079	14	2815	904	0
27391	14	2384	904	0
59993	28	109	904	0
38981	28	10420	904	0
78520	28	122	904	0
10955	28	83	904	0
33093	28	14	904	0
91994	28	29531	904	0
130585	28	39799	904	0
139767	6	1473	904	0
11882	28	227	904	0
48863	14	2792	904	0
101641	28	505	904	0
33279	28	661	904	0
51465	28	14	904	0
81177	6	152253	904	0
30831	28	29	904	0
38234	28	1931	904	0
51188	28	4543	904	0
17826	14	27157	904	0
93431	28	277	904	0
92650	6	1798	904	0
123667	14	1343	904	0
97623	28	60	904	0
42050	14	782	904	0
21309	28	1067	904	0
42562	28	29	904	0
27045	14	943	904	0
84797	14	2951	904	0
41500	28	3353	904	0
185408	6	2618	904	0
45313	28	750	904	0
121607	28	6783	904	0
45530	28	1043	904	0
24226	28	471	904	0
19972	28	564	904	0
38569	28	247	904	0
104313	28	104	904	0
47505	6	393	904	0
80428	6	1637	904	0
69323	23	123596	904	0
137866	28	166	904	0
16777	28	68	904	0
83569	14	4374	904	904
65310	28	57	904	904
60753	28	109	904	905
45530	28	80	904	905
10887	28	1048	904	905
53229	28	276	904	905
100711	28	104	904	905
64531	28	277	904	905
35746	28	360	904	905
63083	28	37	904	905
85933	28	1676	904	905
84203	28	85	904	905
119615	28	67	904	905
67117	28	104	904	905
90091	28	323	904	905
82237	28	123	904	905
29090	28	150	904	905
41427	28	129	904	905
31381	28	60	904	905
79433	28	44	904	905
74374	28	89	904	905
68700	28	43	904	905
35036	28	256	904	905
25124	28	85	904	905
71296	28	43	904	905
20274	28	99	904	905
51338	28	332	904	905
65033	23	144279	904	905
125346	28	57	904	905
81182	28	58	904	905
21590	28	111	904	905
50325	28	27	904	905
60147	28	276	904	905
109187	28	930	904	905
83205	28	1102	904	905
11485	28	320	904	905
22764	28	1855	904	905
125397	28	661	904	905
113101	28	58	904	905
80028	28	714	904	905
94558	28	386	904	905
73820	28	77	904	905
59603	28	134	904	905
21444	28	2949	904	905
54572	28	42	904	905
18841	28	44	904	905
5883	28	1234	904	905
102701	6	2443	904	905
89761	28	47	904	905
92121	28	1091	904	905
170802	28	103	904	905
103305	28	634	904	905
84110	28	1076	904	905
107959	28	81	904	905
22238	28	176	904	905
29363	28	25590	904	905
78647	28	1034	904	905
24604	28	120	904	905
13567	28	16	904	905
55670	28	45	904	905
66466	28	91	904	905
6601	28	72	904	905
111399	28	166	904	905
123209	28	2310	904	905
61611	28	381	904	905
20628	28	45	904	905
44517	28	1165	904	905
27383	28	16187	904	905
14344	28	380	904	905
48798	28	4831	904	905
89416	28	2069	904	905
48574	28	117	904	905
8556	28	42	904	905
119701	28	828	904	905
69167	28	452	904	905
40989	28	277	904	905
26444	28	205	904	905
81495	28	1818	904	905
115786	28	1254	904	905
105702	28	39	904	905
71724	28	213	904	905
91855	28	2069	904	905
56820	28	64	904	905
25493	28	1697	904	905
51713	28	529	904	905
58636	28	1722	904	905
127097	28	1810	904	905
21594	28	98	904	905
61489	28	104	904	905
154971	28	107	904	905
79060	28	205	904	905
49489	28	88	904	905
51398	28	109	904	905
39808	28	31	904	905
19658	28	474	904	905
128666	14	229	904	905
61007	28	1496	904	905
74632	28	215	904	905
71641	28	2338	904	905
185551	28	177	904	905
152236	28	63	904	905
126416	28	1076	904	905
130931	28	105	904	905
44034	28	532	904	905
130585	28	1426	904	905
18732	28	78	904	906
98922	28	85	904	906
35959	28	742	904	906
86150	28	117	904	906
53978	28	201	904	906
101641	28	131	904	906
44908	28	85	904	906
73133	28	1032	904	906
12234	28	20	904	906
71499	28	176	904	906
