58578	259	46956	1927.0115	1927.0312
85352	259	47885	1927.0115	1928.0225
46955	259	46956	1927.0115	1933.0311
75328	259	46956	1927.0205	1927.0205
47137	259	46956	1927.0205	1932.0312
47564	259	46956	1927.0205	1933.0204
76024	263	48144	1927.0223	1975.093
44994	259	46956	1927.0226	1930.0421
63681	261	56426	1927.0302	1927.0302
47079	261	48509	1927.061	1927.061
64237	259	43704	1927.063	1945.1215
64041	265	65035	1927.0901	1933.1001
50018	266	75060	1927.101	1927.101
46921	259	44628	1927.1101	1984.122
47284	259	43704	1927.1124	1956.0818
75099	259	46956	1927.1126	1929.0119
46297	272	70173	1927.122	1987.0817
56260	273	50408	1928.0101	1920.0101
47479	265	44344	1928.0101	1928.0101
48695	265	44738	1928.0101	1928.0101
50314	259	46971	1928.0101	1928.0101
52356	265	52357	1928.0101	1928.0101
54872	259	54873	1928.0101	1928.0101
55284	261	55285	1928.0101	1928.0101
55823	265	44738	1928.0101	1928.0101
45797	265	45980	1928.0101	1928.0101
46358	259	44117	1928.0101	1928.0101
60192	265	44080	1928.0101	1928.0101
47757	265	49095	1928.0101	1928.0101
60413	259	52302	1928.0101	1928.0101
63083	259	48171	1928.0101	1928.0101
63801	259	44120	1928.0101	1928.0101
64729	261	50676	1928.0101	1928.0101
62805	265	57117	1928.0101	1928.0101
62412	265	57117	1928.0101	1928.0101
55590	259	46366	1928.0101	1928.0101
48574	259	46366	1928.0101	1928.0101
47380	259	47397	1928.0101	1928.0101
58283	259	45241	1928.0101	1928.0101
50826	261	44867	1928.0101	1928.0101
60660	261	53787	1928.0101	1928.0101
74981	259	44018	1928.0101	1928.0101
52605	265	45852	1928.0101	1928.0101
49053	259	44513	1928.0101	1928.0101
58759	261	48425	1928.0101	1928.0101
53395	265	44738	1928.0101	1928.0101
77297	259	43789	1928.0101	1928.0101
45368	261	60144	1928.0101	1928.0101
51314	261	44001	1928.0101	1928.0101
43606	265	54055	1928.0101	1928.0101
60567	261	69263	1928.0101	1928.0101
78574	259	47911	1928.0101	1928.0101
76577	265	47221	1928.0101	1928.0101
71084	259	43628	1928.0101	1928.0101
67846	261	49403	1928.0101	1928.0101
69930	259	62554	1928.0101	1928.0101
67090	259	53065	1928.0101	1928.0101
80059	259	50242	1928.0101	1928.0101
61654	259	43670	1928.0101	1928.0101
81965	259	58355	1928.0101	1928.0101
65298	259	44513	1928.0101	1928.0101
70801	265	46231	1928.0101	1928.0101
59554	259	45540	1928.0101	1928.0101
77578	265	46433	1928.0101	1928.0101
67922	259	59839	1928.0101	1928.0101
70120	259	45224	1928.0101	1928.0101
58759	261	43905	1928.0101	1928.0101
75191	259	52539	1928.0101	1928.0101
80116	261	49553	1928.0101	1928.0101
46436	259	53568	1928.0101	1928.0101
68087	259	57692	1928.0101	1928.0101
44970	261	64150	1928.0101	1928.0101
51820	259	49823	1928.0101	1928.0101
76749	261	54749	1928.0101	1928.0101
78933	265	75218	1928.0101	1928.0101
74298	259	45525	1928.0101	1928.0101
48057	265	69877	1928.0101	1928.0101
72580	259	57151	1928.0101	1928.0101
71912	265	43865	1928.0101	1928.0101
60252	259	46680	1928.0101	1928.0101
49101	265	51162	1928.0101	1928.0101
84935	283	66702	1928.0101	1928.0101
80079	265	51039	1928.0101	1928.0101
74298	259	54050	1928.0101	1928.0101
55439	259	44513	1928.0101	1928.0101
78641	263	49345	1928.0101	1928.0101
77165	265	82186	1928.0101	1928.0101
50509	259	44513	1928.0101	1928.0101
60031	259	44513	1928.0101	1928.0101
57705	261	44022	1928.0101	1928.0101
85266	259	44917	1928.0101	1928.0101
62886	259	46680	1928.0101	1928.0101
56260	273	44152	1928.0101	1928.0101
56132	259	47437	1928.0101	1928.0101
71532	259	54366	1928.0101	1928.0101
79692	259	52011	1928.0101	1928.0101
55796	265	48546	1928.0101	1928.0101
82354	265	44738	1928.0101	1928.0101
60413	259	49352	1928.0101	1928.0101
72645	265	53867	1928.0101	1928.0101
76626	259	45119	1928.0101	1928.0101
56158	261	48396	1928.0101	1928.0101
49640	259	48603	1928.0101	1928.0101
74176	259	54306	1928.0101	1928.0101
74722	265	44616	1928.0101	1928.0101
55757	265	44616	1928.0101	1928.0101
75191	259	43849	1928.0101	1928.0101
62437	294	79848	1928.0101	1928.0101
44145	259	44146	1928.0101	1929.0101
44556	265	44557	1928.0101	1929.0101
46628	259	46629	1928.0101	1929.0101
48544	259	45982	1928.0101	1929.0101
54692	259	48650	1928.0101	1929.0101
50460	259	47041	1928.0101	1929.0101
59519	265	47736	1928.0101	1929.0101
53895	259	43670	1928.0101	1929.0101
44630	259	43849	1928.0101	1929.0101
58099	259	43796	1928.0101	1929.0101
52760	259	46001	1928.0101	1929.0101
67320	259	49062	1928.0101	1929.0101
64670	259	44546	1928.0101	1929.0101
64172	259	51986	1928.0101	1929.0101
60151	259	44487	1928.0101	1929.0101
59328	259	69190	1928.0101	1929.0101
69858	259	49062	1928.0101	1929.0101
67112	259	45344	1928.0101	1929.0101
52815	259	45745	1928.0101	1929.0101
66201	259	44986	1928.0101	1929.0101
72583	259	44933	1928.0101	1929.0101
72102	259	46001	1928.0101	1929.0101
48989	265	48261	1928.0101	1929.0101
68187	259	46817	1928.0101	1929.0101
68456	259	53196	1928.0101	1929.0101
70445	259	46001	1928.0101	1929.0101
62258	265	75155	1928.0101	1929.0101
57514	259	44406	1928.0101	1929.0101
62236	259	44128	1928.0101	1929.0101
66682	259	71937	1928.0101	1929.0101
60413	259	44662	1928.0101	1929.0101
62040	259	45344	1928.0101	1929.0101
67052	259	44204	1928.0101	1929.0101
64547	259	49754	1928.0101	1929.0101
58090	259	58785	1928.0101	1929.0101
56473	259	54170	1928.0101	1929.0101
76062	259	48002	1928.0101	1929.0101
78446	259	43670	1928.0101	1929.0101
55590	259	60312	1928.0101	1929.0101
55456	259	49204	1928.0101	1929.0101
61308	259	47643	1928.0101	1929.0101
49180	259	46680	1928.0101	1929.0101
77901	259	53620	1928.0101	1929.0101
66125	259	43989	1928.0101	1929.0101
74955	259	44518	1928.0101	1929.0101
69970	259	54050	1928.0101	1929.0101
54973	265	45083	1928.0101	1929.0101
80588	259	53183	1928.0101	1929.0101
52937	259	45164	1928.0101	1929.0101
63040	259	44518	1928.0101	1929.0101
48940	259	44919	1928.0101	1929.0101
78089	259	50382	1928.0101	1929.0101
74645	259	47602	1928.0101	1929.0101
54052	259	44043	1928.0101	1929.0101
83899	259	49352	1928.0101	1929.0101
49090	259	60746	1928.0101	1929.0101
56038	259	44487	1928.0101	1929.0101
50509	259	44047	1928.0101	1929.0101
59478	259	44018	1928.0101	1929.0101
80174	259	44551	1928.0101	1929.0101
77337	259	44449	1928.0101	1929.0101
52814	259	51907	1928.0101	1929.0101
76046	259	60845	1928.0101	1929.0101
72986	259	45319	1928.0101	1929.0101
58042	259	45119	1928.0101	1929.0101
79904	259	52560	1928.0101	1929.0101
46732	259	53965	1928.0101	1929.0101
81373	259	52557	1928.0101	1929.0101
78754	259	46366	1928.0101	1929.0101
83546	259	43628	1928.0101	1929.0101
63393	259	47893	1928.0101	1929.0101
49812	259	57151	1928.0101	1929.0101
69635	259	85218	1928.0101	1929.0101
49443	259	60746	1928.0101	1929.0101
46058	259	44513	1928.0101	1929.0101
46493	259	44513	1928.0101	1929.0101
47108	259	47041	1928.0101	1929.0101
58540	259	85309	1928.0101	1929.0101
80491	259	47352	1928.0101	1929.0101
82205	265	50638	1928.0101	1929.0101
69903	259	44546	1928.0101	1929.0101
81604	259	45982	1928.0101	1929.0101
69515	259	43670	1928.0101	1929.0101
74298	259	45189	1928.0101	1929.0101
76634	259	43932	1928.0101	1929.0101
70008	259	43603	1928.0101	1929.0101
67421	259	43730	1928.0101	1929.0101
76511	259	44144	1928.0101	1929.0101
71114	259	60087	1928.0101	1929.0101
72935	259	44018	1928.0101	1929.0101
75620	265	53416	1928.0101	1929.0101
61026	259	47309	1928.0101	1929.0101
45577	259	45578	1928.0101	1930.0101
51417	263	51418	1928.0101	1930.0101
49640	259	49803	1928.0101	1930.0101
57976	259	53372	1928.0101	1930.0101
61883	259	43849	1928.0101	1930.0101
64713	259	61173	1928.0101	1930.0101
69930	259	49162	1928.0101	1930.0101
61844	259	43628	1928.0101	1930.0101
73227	259	52926	1928.0101	1930.0101
48649	259	50242	1928.0101	1930.0101
74518	259	46779	1928.0101	1930.0101
54160	259	57302	1928.0101	1930.0101
66165	259	45745	1928.0101	1930.0101
77801	259	49477	1928.0101	1930.0101
76476	259	47893	1928.0101	1930.0101
78575	259	44697	1928.0101	1930.0101
68466	259	45352	1928.0101	1930.0101
61130	259	44047	1928.0101	1930.0101
59934	263	48144	1928.0101	1930.0101
57158	259	44090	1928.0101	1930.0101
58964	265	44364	1928.0101	1930.0101
51961	259	45164	1928.0101	1930.0101
81747	259	43730	1928.0101	1930.0101
75984	259	45525	1928.0101	1930.0101
51820	259	70162	1928.0101	1930.0101
61676	259	44551	1928.0101	1930.0101
60083	259	46971	1928.0101	1930.0101
74981	259	43989	1928.0101	1930.0101
66364	259	48747	1928.0101	1930.0101
84746	259	50007	1928.0101	1930.0101
54236	259	60746	1928.0101	1930.0101
48812	259	50007	1928.0101	1930.0101
45044	265	68432	1928.0101	1930.0101
53381	272	67177	1928.0101	1930.0101
80928	259	44917	1928.0101	1930.0101
54890	265	49095	1928.0101	1930.0101
63190	259	45408	1928.0101	1930.0101
68790	259	85309	1928.0101	1930.0101
57985	259	49293	1928.0101	1930.0101
59705	259	44518	1928.0101	1930.0101
59838	259	79742	1928.0101	1930.0101
46690	263	44889	1928.0101	1930.0101
68902	263	46318	1928.0101	1930.0101
67177	272	53381	1928.0101	1930.0101
62355	265	47128	1928.0101	1930.0101
46386	259	49900	1928.0101	1930.0101
61498	259	49496	1928.0101	1930.0101
62930	263	58573	1928.0101	1930.0101
61704	259	60845	1928.0101	1930.0101
77012	259	48171	1928.0101	1930.0101
64510	259	45525	1928.0101	1930.0101
46230	265	46231	1928.0101	1931.0101
49342	259	49343	1928.0101	1931.0101
48640	259	46680	1928.0101	1931.0101
45236	259	44018	1928.0101	1931.0101
49071	263	44616	1928.0101	1931.0101
60753	259	47893	1928.0101	1931.0101
77741	259	45119	1928.0101	1931.0101
45680	265	79251	1928.0101	1931.0101
56462	259	44446	1928.0101	1931.0101
76443	259	57757	1928.0101	1931.0101
71275	259	43849	1928.0101	1931.0101
54352	259	43730	1928.0101	1931.0101
43826	259	47514	1928.0101	1931.0101
66320	259	48667	1928.0101	1931.0101
59481	259	44513	1928.0101	1931.0101
53472	259	49062	1928.0101	1931.0101
80787	259	43989	1928.0101	1931.0101
65757	259	74825	1928.0101	1931.0101
68614	259	43940	1928.0101	1931.0101
55988	259	49934	1928.0101	1931.0101
82070	265	75055	1928.0101	1931.0101
52117	259	52948	1928.0101	1931.0101
57667	259	52560	1928.0101	1931.0101
48362	259	44406	1928.0101	1931.0101
84935	283	82395	1928.0101	1931.0101
52005	259	73923	1928.0101	1931.0101
70778	259	47440	1928.0101	1931.0101
44547	263	44548	1928.0101	1932.0101
49721	259	43968	1928.0101	1932.0101
59736	259	47911	1928.0101	1932.0101
65857	259	43877	1928.0101	1932.0101
65244	259	52926	1928.0101	1932.0101
61135	259	48350	1928.0101	1932.0101
68383	259	49159	1928.0101	1932.0101
63408	259	49343	1928.0101	1932.0101
49974	259	61136	1928.0101	1932.0101
62162	265	44130	1928.0101	1932.0101
56558	259	53002	1928.0101	1932.0101
57556	259	45525	1928.0101	1932.0101
82670	259	47352	1928.0101	1932.0101
73610	259	49293	1928.0101	1932.0101
81357	259	47911	1928.0101	1932.0101
53245	259	53183	1928.0101	1932.0101
49708	259	52950	1928.0101	1932.0101
50574	259	53065	1928.0101	1932.0101
79271	259	47893	1928.0101	1932.0101
57661	259	47893	1928.0101	1932.0101
65265	265	78878	1928.0101	1932.0601
51469	259	43827	1928.0101	1933.0101
61568	259	46680	1928.0101	1933.0101
54169	259	43849	1928.0101	1933.0101
67838	259	45796	1928.0101	1933.0101
73324	259	44446	1928.0101	1933.0101
49829	259	49329	1928.0101	1933.0101
64190	259	43730	1928.0101	1933.0101
73506	259	52560	1928.0101	1933.0101
63022	259	44899	1928.0101	1933.0101
51043	259	43730	1928.0101	1933.0101
58445	259	59482	1928.0101	1933.0101
74443	259	44018	1928.0101	1933.0101
84690	259	45745	1928.0101	1933.0101
70660	259	45344	1928.0101	1933.0101
77416	259	44620	1928.0101	1933.0101
59023	259	47514	1928.0101	1933.0101
67622	259	47893	1928.0101	1933.0101
55491	263	46381	1928.0101	1934.0101
72610	259	44446	1928.0101	1934.0101
69203	259	43940	1928.0101	1934.0101
62359	259	45224	1928.0101	1934.0101
50323	272	80837	1928.0101	1934.0101
65057	259	43730	1928.0101	1934.0101
80837	272	50323	1928.0101	1934.0101
54932	259	43670	1928.0101	1934.0101
44904	263	51592	1928.0101	1934.0101
49856	273	48281	1928.0101	1934.0101
74176	259	44446	1928.0101	1934.0101
62097	259	44611	1928.0101	1934.0101
57635	259	46680	1928.0101	1935.0101
72232	259	51050	1928.0101	1935.0101
61729	259	48947	1928.0101	1935.0101
73997	259	49477	1928.0101	1935.0101
81662	272	67136	1928.0101	1935.0101
77367	259	52539	1928.0101	1935.0101
67136	272	81662	1928.0101	1935.0101
63269	272	63270	1928.0101	1936.0101
54593	259	51644	1928.0101	1936.0101
63270	272	63269	1928.0101	1936.0101
71444	259	44047	1928.0101	1936.0101
81515	259	47676	1928.0101	1936.0101
52331	263	70617	1928.0101	1936.0101
83852	259	43730	1928.0101	1936.0101
70774	259	43730	1928.0101	1937.0101
49873	272	54762	1928.0101	1937.0101
54762	272	49873	1928.0101	1937.0101
80021	259	48103	1928.0101	1937.0101
45028	259	69133	1928.0101	1938.0101
71400	259	78453	1928.0101	1938.0101
77692	259	49293	1928.0101	1938.0101
73393	259	49293	1928.0101	1938.0101
54850	273	43596	1928.0101	1938.0101
58843	259	43827	1928.0101	1939.0101
67552	259	44047	1928.0101	1939.0101
48030	272	50172	1928.0101	1939.0101
84947	259	44043	1928.0101	1939.0101
51064	272	53786	1928.0101	1939.0101
50172	272	48030	1928.0101	1939.0101
62727	263	66585	1928.0101	1939.0101
80637	259	46779	1928.0101	1939.0101
45386	272	45387	1928.0101	1940.0101
45387	272	45386	1928.0101	1940.0101
81515	259	54852	1928.0101	1940.0101
80575	259	48120	1928.0101	1940.0101
63474	259	49477	1928.0101	1942.0101
78641	263	64049	1928.0101	1942.0101
67925	272	67924	1928.0101	1946.0101
67836	295	48481	1928.0101	1946.0101
80936	259	43940	1928.0101	1946.0101
82494	259	47602	1928.0101	1946.0101
73114	259	52539	1928.0101	1947.0101
65657	259	61329	1928.0101	1948.0101
72980	299	76834	1928.0101	1949.0101
63676	264	61642	1928.0101	1952.0101
76142	263	46631	1928.0101	1954.0101
54673	272	54674	1928.0101	1955.0101
54674	272	54673	1928.0101	1955.0101
77427	272	51571	1928.0101	1956.0101
51571	272	77427	1928.0101	1956.0101
50906	272	60933	1928.0101	1956.1125
48771	272	63195	1928.0101	1982.111
63195	272	48771	1928.0101	1982.111
46880	273	43911	1928.0101	1989.0112
79589	259	47885	1928.0107	1929.0401
56279	259	46956	1928.0121	1935.0119
72812	259	64116	1928.0201	1932.0609
85704	259	64116	1928.0201	1932.0609
70421	261	44867	1928.022	1928.022
44450	261	85430	1928.0222	1928.0222
77559	265	45444	1928.0325	1929.0322
56474	265	45444	1928.0325	1939.0322
54961	259	47238	1928.0401	1945.0429
54250	263	48144	1928.0401	1961.1001
47750	272	69759	1928.0403	1937.0621
69759	272	47750	1928.0403	1938.0101
58554	261	85286	1928.0409	1928.0409
72188	259	46956	1928.0409	1930.0201
75664	259	48446	1928.0606	1928.0929
58134	259	43704	1928.0607	1944.1118
53786	272	51064	1928.0615	1939.1212
74328	272	48588	1928.0719	1954.1128
48588	272	74328	1928.0719	1954.1128
73906	272	70327	1928.0721	1937.0101
70327	272	73906	1928.0721	1937.0501
45762	265	46988	1928.0801	1928.0801
77958	272	57936	1928.0918	1997.0806
57936	272	77958	1928.0918	1997.0806
69283	272	73001	1928.0928	1953.0104
73001	272	69283	1928.0928	1953.0104
67924	272	67925	1928.1001	1946.0101
64916	272	64917	1928.1124	1931.0307
64917	272	64916	1928.1124	1931.0307
68138	272	55473	1928.1127	1988.021
59528	265	46988	1928.1201	1929.0801
46028	265	46029	1929.0101	1929.0101
51008	261	51009	1929.0101	1929.0101
51846	261	43905	1929.0101	1929.0101
51875	261	50980	1929.0101	1929.0101
56888	265	56889	1929.0101	1929.0101
52032	265	44344	1929.0101	1929.0101
63004	265	63016	1929.0101	1929.0101
64905	265	53134	1929.0101	1929.0101
55766	265	62044	1929.0101	1929.0101
66123	265	46827	1929.0101	1929.0101
68804	265	48013	1929.0101	1929.0101
69549	273	53875	1929.0101	1929.0101
70879	265	43873	1929.0101	1929.0101
44856	261	66030	1929.0101	1929.0101
72349	259	45982	1929.0101	1929.0101
68043	261	72763	1929.0101	1929.0101
61773	265	72775	1929.0101	1929.0101
72935	259	53183	1929.0101	1929.0101
48007	261	44693	1929.0101	1929.0101
57063	261	46236	1929.0101	1929.0101
74633	259	52725	1929.0101	1929.0101
64249	261	48425	1929.0101	1929.0101
72645	265	44928	1929.0101	1929.0101
76446	265	44738	1929.0101	1929.0101
63362	261	71949	1929.0101	1929.0101
55850	261	76175	1929.0101	1929.0101
61246	259	44449	1929.0101	1929.0101
76626	259	44513	1929.0101	1929.0101
62445	261	54631	1929.0101	1929.0101
61654	259	49681	1929.0101	1929.0101
62043	265	46231	1929.0101	1929.0101
67351	259	45578	1929.0101	1929.0101
80059	259	44487	1929.0101	1929.0101
46586	259	44513	1929.0101	1929.0101
47380	259	53065	1929.0101	1929.0101
72242	259	57151	1929.0101	1929.0101
64952	265	52294	1929.0101	1929.0101
55678	265	57427	1929.0101	1929.0101
72202	259	49293	1929.0101	1929.0101
59789	265	44738	1929.0101	1929.0101
81996	265	57018	1929.0101	1929.0101
78933	265	49095	1929.0101	1929.0101
65121	261	76433	1929.0101	1929.0101
68934	259	46680	1929.0101	1929.0101
57705	261	62166	1929.0101	1929.0101
72355	261	63937	1929.0101	1929.0101
55439	259	52539	1929.0101	1929.0101
83343	265	44040	1929.0101	1929.0101
67090	259	47643	1929.0101	1929.0101
67846	261	61484	1929.0101	1929.0101
69550	259	73043	1929.0101	1929.0101
59328	259	43730	1929.0101	1929.0101
46339	265	72153	1929.0101	1929.0101
56132	261	60885	1929.0101	1929.0101
74633	259	56471	1929.0101	1929.0101
64322	265	49168	1929.0101	1929.0101
61756	261	47907	1929.0101	1929.0101
48506	261	48652	1929.0101	1929.0101
66682	259	48160	1929.0101	1929.0101
67589	259	51452	1929.0101	1929.0101
47894	259	80492	1929.0101	1929.0101
50314	259	44047	1929.0101	1929.0101
47894	259	60087	1929.0101	1929.0101
56271	265	55353	1929.0101	1929.0101
46628	259	61136	1929.0101	1929.0101
45744	259	47643	1929.0101	1929.0101
52726	259	45745	1929.0101	1929.0101
46439	259	46680	1929.0101	1929.0101
65848	259	46680	1929.0101	1929.0101
44679	259	48979	1929.0101	1929.0101
46386	259	71016	1929.0101	1929.0101
50016	265	77609	1929.0101	1929.0101
56700	265	45980	1929.0101	1929.0101
53999	265	45980	1929.0101	1929.0101
46404	265	44080	1929.0101	1929.0101
62437	294	78151	1929.0101	1929.0101
71337	265	44369	1929.0101	1929.0101
52094	265	44369	1929.0101	1929.0101
71117	259	44620	1929.0101	1929.0101
82629	265	45818	1929.0101	1929.0101
61756	261	44652	1929.0101	1929.0101
73361	259	66783	1929.0101	1929.0101
80920	265	44738	1929.0101	1929.0101
65006	259	45164	1929.0101	1929.0101
49310	259	43730	1929.0101	1929.0101
58932	300	85695	1929.0101	1929.0101
60555	259	69514	1929.0101	1929.0101
83085	261	52799	1929.0101	1929.0101
67619	259	66115	1929.0101	1929.0101
70120	259	50242	1929.0101	1929.0101
76395	259	44090	1929.0101	1929.0101
47492	265	61379	1929.0101	1929.0101
82427	259	58532	1929.0101	1929.0101
57719	259	44611	1929.0101	1929.0101
50981	259	48171	1929.0101	1929.0101
76626	259	46779	1929.0101	1929.0101
75615	265	46029	1929.0101	1929.0101
64547	259	50382	1929.0101	1929.0101
45534	259	43628	1929.0101	1930.0101
48719	259	44513	1929.0101	1930.0101
52037	259	49352	1929.0101	1930.0101
54352	259	44586	1929.0101	1930.0101
65237	259	56928	1929.0101	1930.0101
59328	259	66401	1929.0101	1930.0101
64670	259	43849	1929.0101	1930.0101
66632	259	45189	1929.0101	1930.0101
50509	259	51821	1929.0101	1930.0101
56473	259	44620	1929.0101	1930.0101
69970	259	45408	1929.0101	1930.0101
69635	259	55699	1929.0101	1930.0101
70518	259	48002	1929.0101	1930.0101
69605	259	43730	1929.0101	1930.0101
47108	259	49754	1929.0101	1930.0101
52726	259	44513	1929.0101	1930.0101
65887	259	45224	1929.0101	1930.0101
68187	259	71937	1929.0101	1930.0101
72102	259	47893	1929.0101	1930.0101
72683	259	44128	1929.0101	1930.0101
73856	259	43670	1929.0101	1930.0101
66327	259	66050	1929.0101	1930.0101
74298	259	52560	1929.0101	1930.0101
48544	259	48160	1929.0101	1930.0101
58940	259	51821	1929.0101	1930.0101
54052	259	47225	1929.0101	1930.0101
68563	259	47440	1929.0101	1930.0101
69299	259	43827	1929.0101	1930.0101
53490	263	48403	1929.0101	1930.0101
77436	259	45408	1929.0101	1930.0101
77546	259	45851	1929.0101	1930.0101
77745	259	43940	1929.0101	1930.0101
57780	259	45982	1929.0101	1930.0101
67839	259	49293	1929.0101	1930.0101
56711	259	49060	1929.0101	1930.0101
77351	259	47041	1929.0101	1930.0101
44512	259	64109	1929.0101	1930.0101
78446	259	47113	1929.0101	1930.0101
54251	263	44156	1929.0101	1930.0101
74955	259	49352	1929.0101	1930.0101
74481	259	43670	1929.0101	1930.0101
49177	259	51986	1929.0101	1930.0101
78575	259	44518	1929.0101	1930.0101
49443	259	52948	1929.0101	1930.0101
52942	259	44620	1929.0101	1930.0101
55439	259	57557	1929.0101	1930.0101
55549	265	43909	1929.0101	1930.0101
63426	259	49704	1929.0101	1930.0101
49061	259	45525	1929.0101	1930.0101
67112	259	44899	1929.0101	1930.0101
78574	259	45164	1929.0101	1930.0101
65440	265	48261	1929.0101	1930.0101
64570	259	43827	1929.0101	1930.0101
56888	265	45818	1929.0101	1930.0101
68456	259	46170	1929.0101	1930.0101
77231	259	48518	1929.0101	1930.0101
60993	259	49477	1929.0101	1930.0101
63393	259	48747	1929.0101	1930.0101
61989	259	52557	1929.0101	1930.0101
49301	265	48261	1929.0101	1930.0101
78996	259	47225	1929.0101	1930.0101
52815	259	44620	1929.0101	1930.0101
56034	265	63120	1929.0101	1930.0101
52814	259	66050	1929.0101	1930.0101
49053	259	71937	1929.0101	1930.0101
60139	259	44620	1929.0101	1930.0101
50806	259	45119	1929.0101	1930.0101
73347	259	80492	1929.0101	1930.0101
66682	259	43849	1929.0101	1930.0101
66201	259	49355	1929.0101	1930.0101
55590	259	45270	1929.0101	1930.0101
46493	259	85218	1929.0101	1930.0101
67922	259	48055	1929.0101	1930.0101
52774	259	60746	1929.0101	1930.0101
78754	259	44513	1929.0101	1930.0101
83899	259	47041	1929.0101	1930.0101
78998	259	48979	1929.0101	1930.0101
76062	259	47041	1929.0101	1930.0101
53895	259	48947	1929.0101	1930.0101
56038	259	46170	1929.0101	1930.0101
76046	259	45352	1929.0101	1930.0101
51469	259	47153	1929.0101	1930.0101
64172	259	48645	1929.0101	1930.0101
65711	259	85530	1929.0101	1930.0101
80588	259	45982	1929.0101	1930.0101
74138	259	49352	1929.0101	1930.0101
64547	259	49352	1929.0101	1930.0101
71120	259	47397	1929.0101	1930.0101
57968	259	50007	1929.0101	1930.0101
53687	259	45663	1929.0101	1930.0101
81335	263	44045	1929.0101	1930.0101
62223	259	46186	1929.0101	1930.0101
80229	259	44144	1929.0101	1930.0101
60031	259	49054	1929.0101	1930.0101
53909	259	49062	1929.0101	1930.0101
58099	259	56123	1929.0101	1930.0101
48852	259	45189	1929.0101	1931.0101
50400	259	44697	1929.0101	1931.0101
54799	259	43849	1929.0101	1931.0101
56712	259	49496	1929.0101	1931.0101
57894	259	49278	1929.0101	1931.0101
65027	259	46059	1929.0101	1931.0101
66442	259	51604	1929.0101	1931.0101
46058	259	45745	1929.0101	1931.0101
44145	259	49204	1929.0101	1931.0101
55866	259	47440	1929.0101	1931.0101
60413	259	44983	1929.0101	1931.0101
71912	263	65035	1929.0101	1931.0101
73175	259	53065	1929.0101	1931.0101
67421	259	44546	1929.0101	1931.0101
73117	259	44487	1929.0101	1931.0101
57688	259	48518	1929.0101	1931.0101
55928	259	47911	1929.0101	1931.0101
62874	259	73030	1929.0101	1931.0101
54595	259	46743	1929.0101	1931.0101
60027	259	44513	1929.0101	1931.0101
62886	259	49496	1929.0101	1931.0101
60151	259	53065	1929.0101	1931.0101
66218	259	43670	1929.0101	1931.0101
74726	265	57690	1929.0101	1931.0101
48989	265	44320	1929.0101	1931.0101
52551	259	43730	1929.0101	1931.0101
68972	259	44307	1929.0101	1931.0101
51526	259	51468	1929.0101	1931.0101
48978	259	61136	1929.0101	1931.0101
68236	259	44120	1929.0101	1931.0101
74633	259	45164	1929.0101	1931.0101
65612	259	44518	1929.0101	1931.0101
69770	265	74480	1929.0101	1931.0101
67351	259	52560	1929.0101	1931.0101
78713	259	69666	1929.0101	1931.0101
69484	259	51986	1929.0101	1931.0101
44545	259	51962	1929.0101	1931.0101
71106	259	44513	1929.0101	1931.0101
45964	259	47041	1929.0101	1931.0101
50155	259	65117	1929.0101	1931.0101
64770	259	52948	1929.0101	1931.0101
47383	259	43989	1929.0101	1931.0101
83065	259	50174	1929.0101	1931.0101
60222	259	49803	1929.0101	1931.0101
69239	259	49352	1929.0101	1931.0101
60757	259	43670	1929.0101	1931.0101
70008	259	48453	1929.0101	1931.0101
78379	259	83863	1929.0101	1931.0101
67921	259	45189	1929.0101	1931.0101
71084	259	44018	1929.0101	1931.0101
45379	263	85761	1929.0101	1931.0101
62874	259	66923	1929.0101	1931.0101
77012	259	67517	1929.0101	1931.0101
48574	259	47041	1929.0101	1932.0101
53115	259	43670	1929.0101	1932.0101
54692	259	49062	1929.0101	1932.0101
62236	259	44899	1929.0101	1932.0101
62534	259	44487	1929.0101	1932.0101
65848	259	48499	1929.0101	1932.0101
69997	259	57034	1929.0101	1932.0101
72986	259	48747	1929.0101	1932.0101
67589	259	47893	1929.0101	1932.0101
62239	259	45319	1929.0101	1932.0101
62709	259	43670	1929.0101	1932.0101
53279	259	45611	1929.0101	1932.0101
48640	259	44578	1929.0101	1932.0101
62040	259	47041	1929.0101	1932.0101
44630	259	44513	1929.0101	1932.0101
65119	259	44090	1929.0101	1932.0101
46586	259	47041	1929.0101	1932.0101
59671	259	48518	1929.0101	1932.0101
80412	259	48160	1929.0101	1932.0101
54897	265	50274	1929.0101	1932.0101
59727	259	44307	1929.0101	1932.0101
60340	259	45224	1929.0101	1932.0101
53151	259	48979	1929.0101	1932.0101
51653	259	48160	1929.0101	1932.0101
75191	259	46366	1929.0101	1932.0101
76763	259	43670	1929.0101	1932.0101
46628	259	46869	1929.0101	1932.0101
54973	265	44320	1929.0101	1932.0101
69858	259	47225	1929.0101	1932.0101
82048	259	44018	1929.0101	1932.0101
78750	259	48173	1929.0101	1932.0101
82804	259	55539	1929.0101	1932.0101
80491	259	49062	1929.0101	1932.0101
68203	259	46779	1929.0101	1932.0101
76832	259	49343	1929.0101	1932.0101
45371	259	45164	1929.0101	1933.0101
48537	259	48002	1929.0101	1933.0101
56132	263	56133	1929.0101	1933.0101
56344	259	47484	1929.0101	1933.0101
62856	259	45319	1929.0101	1933.0101
59132	259	44574	1929.0101	1933.0101
80556	259	44680	1929.0101	1933.0101
50457	265	55366	1929.0101	1933.0101
75502	259	47440	1929.0101	1933.0101
67052	259	52782	1929.0101	1933.0101
70999	259	46680	1929.0101	1933.0101
52787	259	43849	1929.0101	1933.0101
76009	259	50933	1929.0101	1933.0101
44448	259	49343	1929.0101	1933.0101
68704	259	45745	1929.0101	1933.0101
70738	259	48135	1929.0101	1933.0101
45788	259	47041	1929.0101	1933.0101
55210	259	44899	1929.0101	1933.0101
62146	259	45796	1929.0101	1933.0101
49090	259	48518	1929.0101	1933.0101
74681	259	43628	1929.0101	1933.0101
61773	265	57690	1929.0101	1933.0101
44679	259	43670	1929.0101	1934.0101
53182	259	48160	1929.0101	1934.0101
57287	263	52031	1929.0101	1934.0101
55627	259	46680	1929.0101	1934.0101
65267	259	45408	1929.0101	1934.0101
81995	265	76783	1929.0101	1934.0101
52808	259	52560	1929.0101	1934.0101
79256	259	45611	1929.0101	1934.0101
83546	259	43989	1929.0101	1934.0101
68913	259	52539	1929.0101	1934.0101
59027	263	49283	1929.0101	1934.0101
74346	259	52948	1929.0101	1934.0101
53038	259	45001	1929.0101	1934.0101
45419	263	45654	1929.0101	1934.0101
74645	259	44697	1929.0101	1934.0101
49812	259	44043	1929.0101	1935.0101
59609	259	50007	1929.0101	1935.0101
68887	259	48499	1929.0101	1935.0101
76298	259	49477	1929.0101	1935.0101
73997	259	46680	1929.0101	1935.0101
78974	259	45525	1929.0101	1935.0101
78572	259	48947	1929.0101	1935.0101
80999	259	46817	1929.0101	1935.0101
81620	259	48499	1929.0101	1935.0101
58215	263	48261	1929.0101	1935.0101
52826	265	45367	1929.0101	1935.0101
82475	259	46680	1929.0101	1935.0101
69515	259	45796	1929.0101	1935.0101
73107	259	55539	1929.0101	1935.0101
52327	259	43796	1929.0101	1936.0101
54716	259	43670	1929.0101	1936.0101
69165	259	45164	1929.0101	1936.0101
64184	259	50242	1929.0101	1936.0101
48823	259	48499	1929.0101	1936.0101
58042	259	45408	1929.0101	1936.0101
67619	259	51050	1929.0101	1936.0101
70445	259	52539	1929.0101	1937.0101
78282	259	50398	1929.0101	1937.0101
66049	259	46779	1929.0101	1938.0101
76511	259	49704	1929.0101	1938.0101
46614	259	45745	1929.0101	1939.0101
69352	259	48103	1929.0101	1939.0101
44916	259	58355	1929.0101	1939.0101
77337	259	49343	1929.0101	1939.0101
74422	259	44639	1929.0101	1939.0101
81373	259	48173	1929.0101	1939.0101
65834	259	56297	1929.0101	1939.0101
83004	259	45119	1929.0101	1939.0101
84617	259	47602	1929.0101	1939.0101
78123	259	55112	1929.0101	1940.0101
69545	264	43987	1929.0101	1941.0101
67700	272	65134	1929.0101	1942.0101
65134	272	67700	1929.0101	1942.0101
65560	259	58956	1929.0101	1942.0101
77762	272	48242	1929.0101	1942.0101
48242	272	77762	1929.0101	1942.0101
81604	259	44120	1929.0101	1943.0101
74269	263	55704	1929.0101	1945.0101
55808	263	45818	1929.0101	1945.0101
83575	259	47602	1929.0101	1945.0101
79217	259	65140	1929.0101	1946.0101
72229	263	46631	1929.0101	1947.0101
50824	263	44130	1929.0101	1947.0101
81021	259	44639	1929.0101	1950.0101
67622	259	49336	1929.0101	1950.0101
45941	272	60773	1929.0101	1951.0124
60773	272	45941	1929.0101	1951.0124
60417	259	45319	1929.0101	1953.0101
82033	259	55298	1929.0101	1956.0101
43952	263	43953	1929.0101	1958.0101
64555	259	75699	1929.0101	1958.0101
67306	272	61304	1929.0101	1962.0101
61304	272	67306	1929.0101	1962.0101
70540	272	70541	1929.0101	1970.0101
80096	273	44152	1929.0101	1970.0101
70541	272	70540	1929.0101	1970.0101
46234	266	47239	1929.0101	1991.0101
61083	272	69541	1929.0105	1938.0101
69541	272	61083	1929.0105	1938.0101
55969	262	55390	1929.0114	1929.1014
81967	259	46956	1929.0119	1929.0202
75453	259	46956	1929.0119	1932.0312
72695	259	46956	1929.0119	1932.0312
44817	259	46956	1929.0202	1933.0311
68689	272	52436	1929.021	1940.0121
52436	272	68689	1929.0311	1940.0121
74203	265	45444	1929.0318	1930.0329
64308	265	45444	1929.0318	1930.0329
50294	272	62371	1929.0321	1954.0405
62371	272	50294	1929.0321	1954.0405
64788	263	48144	1929.0321	1962.0101
69960	272	51339	1929.041	1956.0814
51339	272	69960	1929.041	1956.0814
50766	264	43657	1929.041	2002.0101
69545	273	48139	1929.0612	1931.0101
50220	259	43704	1929.062	1945.0815
79737	263	48144	1929.0701	1943.1001
79911	273	43987	1929.0909	1960.0101
43602	259	44697	1929.0921	1931.1031
52402	273	58242	1929.1001	1930.0601
50811	265	66139	1929.1001	1935.0101
47555	262	47556	1929.1004	1941.0101
65424	265	45444	1929.1012	1930.0105
52483	259	45523	1929.1101	1933.1026
45590	272	70674	1929.1112	1939.0706
70674	272	45590	1929.1112	1939.0706
47239	262	46234	1929.1205	1991.1226
44270	265	44124	1930.0101	1930.0101
47163	261	47164	1930.0101	1930.0101
48506	261	43609	1930.0101	1930.0101
52881	261	50980	1930.0101	1930.0101
52058	265	54849	1930.0101	1930.0101
55348	265	55349	1930.0101	1930.0101
60118	265	53531	1930.0101	1930.0101
60846	261	47164	1930.0101	1930.0101
53657	261	60885	1930.0101	1930.0101
61282	261	44867	1930.0101	1930.0101
61763	259	44518	1930.0101	1930.0101
65298	259	46157	1930.0101	1930.0101
66667	273	66668	1930.0101	1930.0101
69484	259	54170	1930.0101	1930.0101
68833	263	69688	1930.0101	1930.0101
63967	265	51122	1930.0101	1930.0101
63270	265	45980	1930.0101	1930.0101
64126	265	44369	1930.0101	1930.0101
45744	259	45189	1930.0101	1930.0101
73871	265	44167	1930.0101	1930.0101
60430	261	48681	1930.0101	1930.0101
45345	261	74706	1930.0101	1930.0101
57514	259	54398	1930.0101	1930.0101
75476	261	54567	1930.0101	1930.0101
63801	259	48947	1930.0101	1930.0101
49279	261	64250	1930.0101	1930.0101
70428	265	45083	1930.0101	1930.0101
78358	273	78302	1930.0101	1930.0101
44533	265	75543	1930.0101	1930.0101
57507	261	54631	1930.0101	1930.0101
58135	265	68432	1930.0101	1930.0101
53638	273	43676	1930.0101	1930.0101
54872	259	79742	1930.0101	1930.0101
52774	259	68676	1930.0101	1930.0101
68843	265	56188	1930.0101	1930.0101
55590	259	74220	1930.0101	1930.0101
44817	259	58951	1930.0101	1930.0101
80867	265	46150	1930.0101	1930.0101
68043	265	45818	1930.0101	1930.0101
54236	259	47352	1930.0101	1930.0101
68617	265	80330	1930.0101	1930.0101
65899	265	47665	1930.0101	1930.0101
70120	259	45796	1930.0101	1930.0101
48939	261	47080	1930.0101	1930.0101
75037	265	59794	1930.0101	1930.0101
44060	263	63718	1930.0101	1930.0101
62677	259	47643	1930.0101	1930.0101
71117	259	49278	1930.0101	1930.0101
80344	265	58760	1930.0101	1930.0101
82991	259	55991	1930.0101	1930.0101
72645	265	43655	1930.0101	1930.0101
74065	263	48144	1930.0101	1930.0101
81026	265	45486	1930.0101	1930.0101
44627	265	45980	1930.0101	1930.0101
83376	261	49553	1930.0101	1930.0101
45479	265	47665	1930.0101	1930.0101
44692	265	44422	1930.0101	1930.0101
82209	261	44867	1930.0101	1930.0101
60567	261	48023	1930.0101	1930.0101
67603	265	44080	1930.0101	1930.0101
45744	259	45982	1930.0101	1930.0101
46690	261	55389	1930.0101	1930.0101
53661	263	47143	1930.0101	1930.0101
75089	261	71949	1930.0101	1930.0101
46936	259	44128	1930.0101	1930.0101
79032	265	44364	1930.0101	1930.0101
48784	259	44047	1930.0101	1930.0101
48340	261	73525	1930.0101	1930.0101
71744	259	57550	1930.0101	1930.0101
47380	259	44487	1930.0101	1930.0101
57133	259	47352	1930.0101	1930.0101
59074	265	46368	1930.0101	1930.0101
57287	265	44080	1930.0101	1930.0101
48054	259	73613	1930.0101	1930.0101
68563	259	54691	1930.0101	1930.0101
58068	265	53133	1930.0101	1930.0101
78754	259	63635	1930.0101	1930.0101
58153	265	45818	1930.0101	1930.0101
52133	261	44867	1930.0101	1930.0101
48054	259	79742	1930.0101	1930.0101
54160	259	45319	1930.0101	1930.0101
66667	265	49732	1930.0101	1930.0101
44337	261	58262	1930.0101	1930.0101
73247	259	58142	1930.0101	1930.0101
52254	259	44436	1930.0101	1930.0101
72683	259	44144	1930.0101	1930.0101
71573	261	44989	1930.0101	1930.0101
45172	265	46988	1930.0101	1930.0101
72935	259	52926	1930.0101	1930.0101
64508	265	71705	1930.0101	1930.0101
46155	259	46156	1930.0101	1931.0101
55439	259	55440	1930.0101	1931.0101
45534	259	47384	1930.0101	1931.0101
54236	259	44144	1930.0101	1931.0101
59072	259	45164	1930.0101	1931.0101
59328	259	49278	1930.0101	1931.0101
59587	259	47484	1930.0101	1931.0101
58988	259	44446	1930.0101	1931.0101
60993	259	49496	1930.0101	1931.0101
61261	259	51050	1930.0101	1931.0101
61496	265	48261	1930.0101	1931.0101
46778	259	44018	1930.0101	1931.0101
57549	259	52948	1930.0101	1931.0101
53909	259	53568	1930.0101	1931.0101
55215	263	44742	1930.0101	1931.0101
49443	259	44144	1930.0101	1931.0101
65820	259	47440	1930.0101	1931.0101
53865	259	45637	1930.0101	1931.0101
66165	259	48667	1930.0101	1931.0101
66364	259	46779	1930.0101	1931.0101
66682	259	44513	1930.0101	1931.0101
67112	259	60845	1930.0101	1931.0101
61308	259	46059	1930.0101	1931.0101
60518	259	49934	1930.0101	1931.0101
54160	259	61136	1930.0101	1931.0101
49703	259	48002	1930.0101	1931.0101
64670	259	44513	1930.0101	1931.0101
50105	259	45481	1930.0101	1931.0101
61946	259	45982	1930.0101	1931.0101
54149	259	44680	1930.0101	1931.0101
72876	259	43849	1930.0101	1931.0101
73347	259	48603	1930.0101	1931.0101
54890	265	44947	1930.0101	1931.0101
74138	259	44128	1930.0101	1931.0101
74481	259	62305	1930.0101	1931.0101
55549	265	47236	1930.0101	1931.0101
48701	259	52539	1930.0101	1931.0101
46493	259	49681	1930.0101	1931.0101
60641	259	52539	1930.0101	1931.0101
58637	259	44038	1930.0101	1931.0101
73856	259	48947	1930.0101	1931.0101
60031	259	59494	1930.0101	1931.0101
75984	259	57151	1930.0101	1931.0101
52217	259	43989	1930.0101	1931.0101
60210	259	43628	1930.0101	1931.0101
62354	259	45408	1930.0101	1931.0101
62909	265	60945	1930.0101	1931.0101
69970	259	45525	1930.0101	1931.0101
78574	259	49803	1930.0101	1931.0101
61366	259	46779	1930.0101	1931.0101
61888	259	52641	1930.0101	1931.0101
80229	259	44513	1930.0101	1931.0101
78277	259	44513	1930.0101	1931.0101
59493	259	45119	1930.0101	1931.0101
60083	259	47352	1930.0101	1931.0101
60139	259	48979	1930.0101	1931.0101
77745	259	44620	1930.0101	1931.0101
80150	259	60746	1930.0101	1931.0101
61397	259	45224	1930.0101	1931.0101
68187	259	47309	1930.0101	1931.0101
48096	265	67761	1930.0101	1931.0101
51603	259	43989	1930.0101	1931.0101
67320	259	52527	1930.0101	1931.0101
68456	259	46743	1930.0101	1931.0101
82427	259	73613	1930.0101	1931.0101
77801	259	52631	1930.0101	1931.0101
48701	259	45119	1930.0101	1931.0101
67839	259	44043	1930.0101	1931.0101
62458	259	47440	1930.0101	1931.0101
82189	259	45481	1930.0101	1931.0101
44512	259	52938	1930.0101	1931.0101
56861	265	70994	1930.0101	1931.0101
53175	259	49352	1930.0101	1931.0101
62540	259	72087	1930.0101	1931.0101
57985	259	44551	1930.0101	1931.0101
47910	259	49278	1930.0101	1931.0101
49762	259	61251	1930.0101	1931.0101
66327	259	44487	1930.0101	1931.0101
48812	259	53123	1930.0101	1931.0101
47108	259	43849	1930.0101	1931.0101
72102	259	43849	1930.0101	1931.0101
63074	259	45745	1930.0101	1931.0101
56034	265	45931	1930.0101	1931.0101
63412	259	46001	1930.0101	1931.0101
74964	259	52948	1930.0101	1931.0101
78111	259	47113	1930.0101	1931.0101
60332	259	45982	1930.0101	1931.0101
73248	259	60380	1930.0101	1931.0101
71120	259	50007	1930.0101	1931.0101
51906	259	49343	1930.0101	1931.0101
69665	259	47440	1930.0101	1931.0101
74298	259	68676	1930.0101	1931.0101
52814	259	54170	1930.0101	1931.0101
83306	259	51468	1930.0101	1931.0101
61498	259	49477	1930.0101	1931.0101
49053	259	49278	1930.0101	1931.0101
57976	259	66050	1930.0101	1931.0101
69484	259	46059	1930.0101	1931.0101
76476	259	52948	1930.0101	1931.0101
59786	259	46059	1930.0101	1931.0101
65237	259	48947	1930.0101	1931.0101
73393	259	44449	1930.0101	1931.0101
52774	259	45352	1930.0101	1931.0101
48978	259	43989	1930.0101	1931.0101
84196	259	45796	1930.0101	1931.0101
78088	259	78485	1930.0101	1931.0101
80021	259	44438	1930.0101	1931.0101
62876	263	58238	1930.0101	1931.0101
65298	259	67875	1930.0101	1931.0101
56038	259	45189	1930.0101	1931.0101
52942	259	49352	1930.0101	1931.0101
44238	263	61762	1930.0101	1931.0101
51449	259	49803	1930.0101	1931.0101
64335	259	49352	1930.0101	1931.0101
70561	259	53065	1930.0101	1931.0101
75483	259	50007	1930.0101	1931.0101
44238	263	44045	1930.0101	1931.0101
53687	259	45119	1930.0101	1931.0101
65765	265	46988	1930.0101	1931.0101
58540	259	44983	1930.0101	1931.0101
77992	259	49343	1930.0101	1931.0101
61308	259	52557	1930.0101	1931.0101
57007	259	45164	1930.0101	1932.0101
57826	259	49415	1930.0101	1932.0101
65711	259	52458	1930.0101	1932.0101
44651	265	57391	1930.0101	1932.0101
66125	259	47113	1930.0101	1932.0101
54052	259	47397	1930.0101	1932.0101
50806	259	52775	1930.0101	1932.0101
69635	259	47041	1930.0101	1932.0101
49640	259	47893	1930.0101	1932.0101
68466	259	47041	1930.0101	1932.0101
73416	259	45745	1930.0101	1932.0101
71131	265	61548	1930.0101	1932.0101
69605	259	45164	1930.0101	1932.0101
69299	259	56123	1930.0101	1932.0101
63033	259	51468	1930.0101	1932.0101
52551	259	45298	1930.0101	1932.0101
53367	259	48499	1930.0101	1932.0101
55711	259	67141	1930.0101	1932.0101
80021	259	69353	1930.0101	1932.0101
69772	259	44446	1930.0101	1932.0101
48719	259	57151	1930.0101	1932.0101
68790	259	47309	1930.0101	1932.0101
78596	265	44616	1930.0101	1932.0101
57702	259	45408	1930.0101	1932.0101
82785	259	45745	1930.0101	1932.0101
46732	259	44574	1930.0101	1932.0101
78751	259	51866	1930.0101	1932.0101
49158	259	49496	1930.0101	1932.0101
49974	259	43849	1930.0101	1932.0101
65440	263	64914	1930.0101	1932.0101
50509	259	47643	1930.0101	1932.0101
60911	259	47397	1930.0101	1932.0101
57780	259	46971	1930.0101	1932.0101
77436	259	48667	1930.0101	1932.0101
64570	259	43932	1930.0101	1932.0101
64172	259	45745	1930.0101	1932.0101
79808	259	43940	1930.0101	1932.0101
84746	259	51962	1930.0101	1932.0101
77546	259	49543	1930.0101	1932.0101
50474	259	45408	1930.0101	1932.0101
48649	259	64363	1930.0101	1932.0101
48221	259	69920	1930.0101	1932.0101
77231	259	52560	1930.0101	1932.0101
71117	259	49352	1930.0101	1932.0101
81984	259	45164	1930.0101	1932.0101
68768	259	43603	1930.0101	1932.0101
72127	259	68013	1930.0101	1932.0101
79788	259	44090	1930.0101	1932.0101
59290	259	43849	1930.0101	1932.0101
63393	259	43849	1930.0101	1932.0101
46386	259	44047	1930.0101	1933.0101
54160	259	52948	1930.0101	1933.0101
57158	259	52948	1930.0101	1933.0101
65022	259	43989	1930.0101	1933.0101
59096	265	44364	1930.0101	1933.0101
49177	259	50007	1930.0101	1933.0101
67743	259	53372	1930.0101	1933.0101
56391	265	57427	1930.0101	1933.0101
77086	259	50007	1930.0101	1933.0101
73227	259	44018	1930.0101	1933.0101
63651	259	45611	1930.0101	1933.0101
58940	259	48160	1930.0101	1933.0101
75315	263	50488	1930.0101	1933.0101
50439	259	43730	1930.0101	1933.0101
52726	259	48747	1930.0101	1933.0101
57555	259	45352	1930.0101	1933.0101
76062	259	43670	1930.0101	1933.0101
80258	259	45838	1930.0101	1933.0101
81747	259	47113	1930.0101	1933.0101
48110	259	45164	1930.0101	1933.0101
64457	259	51452	1930.0101	1933.0101
67090	259	44018	1930.0101	1933.0101
51290	259	50007	1930.0101	1933.0101
47771	259	47643	1930.0101	1933.0101
55475	265	48413	1930.0101	1933.0101
60252	259	49477	1930.0101	1933.0101
64510	259	49934	1930.0101	1933.0101
51820	259	52948	1930.0101	1933.0101
58286	259	54717	1930.0101	1933.0101
63960	259	43628	1930.0101	1933.0101
58304	259	44446	1930.0101	1933.0101
68877	259	46504	1930.0101	1933.0101
50470	259	47514	1930.0101	1933.0101
59874	263	47236	1930.0101	1933.0101
80251	273	45568	1930.0101	1933.0101
81995	259	85815	1930.0101	1933.0101
57060	259	57260	1930.0101	1934.0101
61844	259	43940	1930.0101	1934.0101
62404	259	45298	1930.0101	1934.0101
53490	263	49283	1930.0101	1934.0101
77203	259	47974	1930.0101	1934.0101
48694	265	48820	1930.0101	1934.0101
71427	259	43730	1930.0101	1934.0101
78184	263	50305	1930.0101	1934.0101
61704	259	44546	1930.0101	1934.0101
78996	259	44697	1930.0101	1934.0101
70146	259	43796	1930.0101	1934.0101
72795	259	43968	1930.0101	1934.0101
80588	259	43940	1930.0101	1934.0101
50365	259	44899	1930.0101	1934.0101
69930	259	44120	1930.0101	1934.0101
76395	259	64363	1930.0101	1934.0101
68874	259	45796	1930.0101	1934.0101
76120	259	44546	1930.0101	1934.0101
65550	259	47397	1930.0101	1934.0101
68435	263	61548	1930.0101	1934.0101
71629	259	47893	1930.0101	1934.0101
48170	259	48171	1930.0101	1935.0101
52117	259	56795	1930.0101	1935.0101
61676	259	49293	1930.0101	1935.0101
51995	259	49159	1930.0101	1935.0101
64944	265	56188	1930.0101	1935.0101
73827	259	46059	1930.0101	1935.0101
49300	259	43827	1930.0101	1935.0101
75625	259	46869	1930.0101	1935.0101
76821	259	48667	1930.0101	1935.0101
61362	259	46748	1930.0101	1935.0101
59666	259	47113	1930.0101	1935.0101
68563	259	46971	1930.0101	1935.0101
61114	265	46458	1930.0101	1935.0101
74518	259	57338	1930.0101	1935.0101
70999	259	43827	1930.0101	1935.0101
57148	265	57117	1930.0101	1935.0101
56861	265	79089	1930.0101	1935.0101
78446	259	69510	1930.0101	1935.0101
72683	259	50242	1930.0101	1935.0101
53849	273	43676	1930.0101	1935.0101
44517	259	44518	1930.0101	1936.0101
45524	259	49681	1930.0101	1936.0101
57341	259	49343	1930.0101	1936.0101
76808	273	45568	1930.0101	1936.0101
61012	259	43670	1930.0101	1936.0101
45984	259	44611	1930.0101	1936.0101
71744	259	47643	1930.0101	1936.0101
51224	259	44995	1930.0101	1936.0101
45577	259	43730	1930.0101	1936.0101
54486	259	45838	1930.0101	1936.0101
46603	273	44179	1930.0101	1936.0101
76046	259	46779	1930.0101	1936.0101
52037	259	43989	1930.0101	1937.0101
76653	265	46912	1930.0101	1937.0101
81182	259	46450	1930.0101	1937.0101
61568	259	48499	1930.0101	1937.0101
61883	259	52539	1930.0101	1937.0101
78504	259	44406	1930.0101	1937.0101
50001	259	48173	1930.0101	1938.0101
71939	265	49147	1930.0101	1938.0101
51369	259	46680	1930.0101	1938.0101
65584	259	48667	1930.0101	1938.0101
81725	259	46680	1930.0101	1938.0101
51637	259	43989	1930.0101	1939.0101
73722	259	47225	1930.0101	1939.0101
62368	259	46680	1930.0101	1939.0101
80038	259	76083	1930.0101	1939.0101
52449	259	58178	1930.0101	1939.0101
83306	259	49336	1930.0101	1939.0101
77580	259	45796	1930.0101	1939.0101
52235	259	50398	1930.0101	1939.0101
50905	272	45264	1930.0101	1940.0101
43797	259	52782	1930.0101	1940.0101
74065	263	55966	1930.0101	1940.0101
68173	273	44315	1930.0101	1940.0101
65938	259	44406	1930.0101	1940.0101
83878	259	49446	1930.0101	1940.0101
45264	272	50905	1930.0101	1940.0101
66604	296	51715	1930.0101	1940.0101
80766	263	50754	1930.0101	1940.0101
57477	259	58139	1930.0101	1940.0101
78743	272	54574	1930.0101	1940.0408
54574	272	78743	1930.0101	1940.0408
69352	259	69353	1930.0101	1941.0101
74462	263	48144	1930.0101	1941.0101
79050	259	49477	1930.0101	1941.0101
68394	259	50398	1930.0101	1942.0101
69708	273	56900	1930.0101	1942.0101
73022	263	55966	1930.0101	1942.0101
63560	259	43827	1930.0101	1943.0101
72561	272	53392	1930.0101	1944.0101
60719	259	61852	1930.0101	1944.0101
56861	273	47469	1930.0101	1944.0101
82020	263	48144	1930.0101	1944.0701
54086	259	60908	1930.0101	1945.0101
64713	259	45745	1930.0101	1945.0101
53714	259	52926	1930.0101	1946.0101
55600	263	58584	1930.0101	1947.0101
71306	259	43877	1930.0101	1947.0101
59648	259	44611	1930.0101	1948.0101
44077	263	73522	1930.0101	1952.0101
45288	272	74272	1930.0101	1952.0101
63410	259	48518	1930.0101	1952.0101
74272	272	45288	1930.0101	1952.0101
46690	263	43825	1930.0101	1955.0101
45168	263	45203	1930.0101	1957.0101
60459	263	51767	1930.0101	1959.0101
59554	263	44364	1930.0101	1960.0101
81903	272	61483	1930.0101	1961.0101
61483	272	81903	1930.0101	1961.063
59934	263	68619	1930.0101	1963.0101
68498	259	43877	1930.0101	1970.0101
63661	272	59495	1930.0101	1971.0101
46102	263	44939	1930.0101	1976.0101
80236	259	54733	1930.0101	1977.0101
55600	273	43596	1930.0101	1978.0101
