34878	28	587	951	952
65188	28	507	951	952
10984	28	390	951	952
58799	28	957	951	952
27661	28	626	951	952
46341	28	3918	951	952
9663	28	1031	951	952
11294	28	42131	951	952
9971	28	786	951	952
25123	28	964	951	952
131442	28	4548	951	952
18132	28	560	951	952
12018	28	1757	951	952
39021	28	139	951	952
18924	28	539	951	952
11757	28	1671	951	952
12300	28	887	951	952
27932	28	292	951	952
87831	28	1669	951	952
17741	28	1305	951	952
14913	28	482	951	952
21142	28	610	951	952
57728	28	2452	951	952
9889	28	16	951	952
79466	28	931	951	952
9707	28	713	951	952
37198	28	819	951	952
54331	28	1932	951	952
92030	28	2624	951	952
15826	28	554	951	952
47069	28	1005	951	952
42657	28	974	951	952
19447	28	48	951	952
50019	28	819	951	952
4984	28	66	951	952
30965	28	60	951	952
23840	28	8373	951	952
26799	28	3642	951	952
19049	28	1101	951	952
9257	28	106	951	952
13255	28	750	951	952
37774	28	1351	951	952
7277	28	2975	951	952
44041	28	244	951	952
92390	28	1122	951	952
58390	28	4674	951	952
56672	28	21137	951	952
9801	28	610	951	952
42425	28	152	951	952
62612	28	185	951	952
15443	28	868	951	952
8925	28	78	951	952
20695	28	1092	951	952
31865	28	793	951	952
11566	28	400	951	952
103755	28	345	951	952
7018	28	625	951	952
12081	28	3059	951	952
27009	28	47	951	952
13551	28	995	951	952
18426	28	491	951	952
89907	28	2396	951	952
66908	28	2435	951	952
7687	28	186	951	952
25352	28	846	951	952
61429	28	1312	951	952
16989	28	439	951	952
6014	28	289	951	952
23728	28	1652	951	952
11410	28	42155	951	952
6156	28	740	951	952
28590	28	315	951	952
21987	28	2848	951	952
65628	28	1052	951	952
66749	28	111	951	952
70896	28	1898	951	952
8652	28	3926	951	952
12386	28	383	951	952
17247	28	107	951	952
87736	28	743	951	952
22803	28	378	951	952
73386	28	13819	951	952
29917	28	4203	951	952
91117	28	217	951	952
5924	28	610	951	952
12984	28	2884	951	952
74694	28	428	951	952
18568	28	1679	951	952
8972	28	321	951	952
5882	28	41	951	952
32200	28	350	951	952
9352	28	1571	951	952
39050	28	143	951	952
22223	28	4917	951	952
15160	28	800	951	952
55080	28	280	951	952
38308	28	799	951	952
106345	28	202	951	952
9244	28	154	951	952
25575	28	180	951	952
14968	28	37	951	952
69389	28	99	951	952
38367	28	3990	951	952
75141	28	64	951	952
15104	28	5200	951	952
165471	28	505	951	952
22565	28	282	951	952
101846	28	139	951	952
11866	28	210	951	952
6268	28	504	951	952
61404	28	27560	951	952
106039	28	2040	951	952
143987	28	35721	951	952
9227	28	1076	951	952
22985	28	2113	951	952
4635	28	370	951	952
10079	28	260	951	952
50065	28	17698	951	952
8263	28	37	951	952
16194	28	2907	951	952
61757	28	32784	951	952
15205	28	2057	951	952
35624	28	531	951	952
32443	28	58	951	952
85839	28	1078	951	952
59945	28	1138	951	952
4442	28	82	951	952
42757	28	653	951	952
26525	28	1307	951	952
69690	28	394	951	952
31302	28	1984	951	952
58919	28	960	951	952
72947	28	571	951	952
12434	28	707	951	952
42477	28	40	951	952
16797	28	1266	951	952
59537	28	712	951	952
5164	28	16	951	952
80695	28	336	951	952
24881	28	222	951	952
57606	28	3193	951	952
9059	28	156	951	952
53570	28	1294	951	952
11686	28	147	951	952
12121	28	855	951	952
23048	28	4400	951	952
12897	28	1436	951	952
33218	28	1879	951	952
18441	28	4011	951	952
4800	28	758	951	952
6960	28	936	951	952
4963	28	494	951	952
19893	28	377	951	952
67090	28	178	951	952
18433	28	2479	951	952
36006	28	1261	951	952
109013	28	803	951	952
19724	28	321	951	952
15310	28	131	951	952
42416	28	228	951	952
25747	28	5821	951	952
16583	28	293	951	952
31536	28	3413	951	952
28073	28	1276	951	952
19713	28	496	951	952
87456	28	2435	951	952
6281	28	773	951	952
9388	28	37	951	952
10098	28	699	951	952
121306	28	1075	951	952
6868	28	2686	951	952
5280	28	45	951	952
38734	28	1625	951	952
36049	28	217	951	952
125993	28	9362	951	952
9774	28	40	951	952
7984	28	1267	951	952
64334	28	774	951	952
11302	28	28	951	952
28107	28	83	951	952
9069	28	294	951	952
14354	28	2660	951	952
98594	28	6127	951	952
81417	28	13720	951	952
38386	28	869	951	952
36072	28	2452	951	952
6802	28	213	951	952
68174	28	696	951	952
14241	28	7290	951	952
81435	28	759	951	952
14716	28	1835	951	952
26092	28	57	951	952
89396	28	565	951	952
34317	28	617	951	952
7381	28	126	951	952
61029	28	591	951	952
109598	28	1262	951	952
78612	28	4355	951	952
7448	28	20	951	952
122244	28	2349	951	952
58559	28	3700	951	952
10703	28	698	951	952
109558	28	1120	951	952
101414	28	568	951	952
51343	28	377	951	952
38841	28	591	951	952
57241	28	5821	951	952
24150	28	516	951	952
68030	28	36	951	952
31122	28	11965	951	952
66182	28	1514	951	952
20882	28	156	951	952
12262	28	221	951	952
9302	28	98	951	952
27184	28	6024	951	952
7114	28	232	951	952
66813	28	626	951	952
10170	28	122	951	952
9702	28	217	951	952
8759	28	88	951	952
37495	28	773	951	952
34718	28	171	951	952
94734	28	1703	951	952
25051	28	154	951	952
19174	28	210	951	952
21385	28	13107	951	952
52794	28	1688	951	952
18947	28	1101	951	952
109954	28	1758	951	952
13982	28	276	951	952
10482	28	81	951	952
23426	28	1063	951	952
12217	28	423	951	952
42127	28	210	951	952
44250	28	106	951	952
10499	28	986	951	952
58222	28	465	951	952
51293	28	37	951	952
14395	28	5801	951	952
69289	28	2703	951	952
70130	28	1462	951	952
36094	28	53	951	952
11767	28	913	951	952
29268	28	365	951	952
93487	28	998	951	952
38318	28	241	951	952
41684	28	616	951	952
22104	28	1213	951	952
78288	28	1135	951	952
43920	28	2201	951	952
8308	28	516	951	952
47433	28	623	951	952
71429	28	2452	951	952
51539	28	612	951	952
8034	28	2668	951	952
68624	28	559	951	952
12379	28	1021	951	952
24574	28	699	951	952
8358	28	121	951	952
120745	28	571	951	952
9871	28	437	951	952
13954	28	977	951	952
16699	28	889	951	952
12911	28	66	951	952
8210	28	16	951	952
24796	28	626	951	952
9156	28	378	951	952
30922	28	358	951	952
15240	28	578	951	952
19856	28	3938	951	952
7490	28	143	951	952
19143	28	24	951	952
12384	28	1414	951	952
12707	28	358	951	952
7184	28	1675	951	952
77849	28	617	951	952
7994	28	1261	951	952
25175	28	214	951	952
8772	28	27	951	952
18704	28	37	951	952
10350	28	142	951	952
12287	28	1227	951	952
20948	28	230	951	952
6121	28	52	951	952
126447	28	2209	951	952
19550	28	925	951	952
33226	28	79	951	952
81823	28	232	951	952
32169	28	1679	951	952
34777	28	174	951	952
20182	28	507	951	952
29928	28	560	951	952
9868	28	217	951	952
8908	28	1432	951	952
12670	28	735	951	952
30354	28	887	951	952
49253	28	725	951	952
28891	28	1565	951	952
8543	28	748	951	952
122066	28	2447	951	952
74484	28	1446	951	952
9448	28	1092	951	952
44388	28	901	951	952
19863	28	818	951	952
24748	28	175	951	952
25864	28	202	951	952
5670	28	161	951	952
39177	28	253	951	952
62185	28	1160	951	952
6242	28	257	951	952
62863	28	146	951	952
5859	28	387	951	952
68162	28	1919	951	952
12621	28	887	951	952
7373	28	11019	951	952
21488	28	44671	951	952
26570	28	1736	951	952
38171	28	224	951	952
6090	28	65	951	952
26642	28	757	951	952
28333	28	2257	951	952
82466	28	1282	951	952
18028	28	5808	951	952
7022	28	101	951	952
76647	28	1499	951	952
11005	28	2301	951	952
13516	28	1594	951	952
30828	28	454	951	952
28273	28	2310	951	952
63488	28	984	951	952
101367	28	1497	951	952
78741	28	6400	951	952
12542	28	211	951	952
12206	28	2300	951	952
38069	28	60	951	952
18715	28	5246	951	952
75031	28	633	951	952
53331	28	2341	951	952
10014	28	678	951	952
23198	28	334	951	952
28145	28	230	951	952
11080	28	101	951	952
42928	28	1532	951	952
41713	28	2542	951	952
83809	28	825	951	952
73005	28	572	951	952
139958	28	500	951	952
10407	28	890	951	952
10229	28	492	951	952
17116	28	230	951	952
7870	28	1809	951	952
13623	28	40	951	952
16877	28	3938	951	952
49152	28	610	951	952
81332	28	159	951	952
5217	28	65	951	952
68056	28	1057	951	952
21075	28	754	951	952
32083	28	773	951	952
33341	28	58	951	952
71113	28	1346	951	952
33537	28	103	951	952
57794	28	141	951	952
7045	28	92	951	952
21730	28	424	951	952
14324	28	351	951	952
21789	28	612	951	952
15650	28	787	951	952
10010	28	808	951	952
13433	28	703	951	952
51943	28	58	951	952
41693	28	732	951	952
64093	28	176	951	952
76394	28	293	951	952
92449	28	31832	951	952
17686	28	87	951	952
7025	28	146	951	952
10355	28	1567	951	952
9736	28	4883	951	952
9056	28	88	951	952
21454	28	166	951	952
19927	28	282	951	952
5928	28	2418	951	952
17653	28	1405	951	952
26380	28	1261	951	952
37318	28	529	951	952
15430	28	233	951	952
64476	28	455	951	952
84448	28	1908	951	952
12806	28	384	951	952
28518	28	88	951	952
26173	28	515	951	952
19992	28	44671	951	952
13190	28	131	951	952
44082	28	42476	951	952
20676	28	467	951	952
40835	28	3386	951	952
4191	28	295	951	952
8013	28	178	951	952
8917	28	348	951	952
6891	28	69	951	952
58764	28	405	951	952
32802	28	124	951	952
10775	28	1134	951	952
36384	28	2113	951	952
55218	28	387	951	952
35044	28	254	951	952
59097	28	49	951	952
12291	28	2963	951	952
27624	28	2955	951	952
25014	28	2454	951	952
10559	28	377	951	952
25616	28	410	951	952
36034	28	5107	951	952
34040	28	2385	951	952
56118	28	2035	951	952
70369	28	321	951	952
6744	28	47	951	952
9830	28	657	951	952
22656	28	887	951	952
39729	28	1960	951	952
14623	28	1805	951	952
16466	28	674	951	952
11232	28	1959	951	952
65256	28	54	951	952
14881	28	1174	951	952
96921	28	2301	951	952
18117	28	452	951	952
92048	28	66314	951	952
11662	28	1394	951	952
77272	28	439	951	952
94369	28	940	951	952
8963	28	365	951	952
17725	28	7675	951	952
25522	28	887	951	952
60592	28	250	951	952
7173	28	57	951	952
50426	28	239	951	952
33141	28	180	951	952
27850	28	135	951	952
30704	28	1410	951	952
105211	28	592	951	952
86304	28	30726	951	952
48861	28	339	951	952
36859	28	205	951	952
93985	28	1173	951	952
12983	28	548	951	952
83505	28	186	951	952
25141	28	139	951	952
61891	28	720	951	952
7354	28	291	951	952
59932	28	2546	951	952
23994	28	458	951	952
53252	28	1091	951	952
88008	28	392	951	952
83133	28	126	951	952
73430	28	990	951	952
13335	28	199	951	952
11010	28	1720	951	952
19750	28	273	951	952
14332	28	556	951	952
26994	28	2672	951	952
28848	28	796	951	952
4575	28	419	951	952
16142	28	288	951	952
7713	28	469	951	952
52667	28	2538	951	952
6287	28	238	951	952
15442	28	1129	951	952
30405	28	411	951	952
14891	28	179	951	952
25030	28	18084	951	952
144161	28	3136	951	952
15191	28	339	951	952
15299	28	2022	951	952
47624	28	386	951	952
8275	28	1023	951	952
5588	28	3884	951	952
25419	28	794	951	952
72990	28	205	951	952
55053	28	1356	951	952
12727	28	503	951	952
12214	28	4663	951	952
30070	28	1221	951	952
5020	28	39	951	952
17216	28	325	951	952
113317	28	171	951	952
11610	28	37	951	952
4350	28	118	951	952
67581	28	828	951	952
41565	28	1041	951	952
59801	28	2601	951	952
40064	28	1078	951	952
23090	28	394	951	952
28741	28	334	951	952
59715	28	1196	951	952
11999	28	608	951	952
59552	28	2776	951	952
19194	28	2341	951	952
15913	28	3663	951	952
24852	28	410	951	952
65301	28	1581	951	952
77402	28	298	951	952
33180	28	347	951	952
44368	28	7756	951	952
32675	28	2097	951	952
26776	28	27	951	952
24142	28	105	951	952
9352	28	361	951	952
8362	28	175	951	952
24983	28	257	951	952
21479	28	1328	951	952
81237	28	26039	951	952
25424	28	3308	951	952
26456	28	3276	951	952
22337	28	18679	951	952
73784	28	1514	951	952
33911	28	4311	951	952
7698	28	465	951	952
26116	28	1410	951	952
47305	28	4860	951	952
36853	28	2062	951	952
12396	28	408	951	952
38615	28	2098	951	952
11268	28	1936	951	952
74820	28	1644	951	952
11770	28	5200	951	952
24026	28	2477	951	952
92002	28	1138	951	952
14458	28	2153	951	952
85681	28	2300	951	952
16147	28	2014	951	952
20865	28	616	951	952
15191	28	552	951	952
26735	28	1688	951	952
64904	28	240	951	952
39363	28	2066	951	952
6017	28	178	951	952
16287	28	1031	951	952
29668	28	83	951	952
45976	28	24101	951	952
6190	28	887	951	952
23242	28	23960	951	952
13128	28	1122	951	952
6479	28	503	951	952
36815	28	744	951	952
11420	28	1530	951	952
6519	28	442	951	952
30877	28	626	951	952
29393	28	387	951	952
94895	28	524	951	952
21523	28	150	951	952
14067	28	1213	951	952
37676	28	44671	951	952
63828	28	1254	951	952
15945	28	619	951	952
9183	28	141	951	952
8707	28	3123	951	952
81782	28	1076	951	952
18759	28	409	951	952
29647	28	2331	951	952
24110	28	24	951	952
58022	28	126	951	952
93956	28	496	951	952
7843	28	618	951	952
11880	28	1410	951	952
10085	28	1522	951	952
15355	28	328	951	952
14375	28	1471	951	952
9534	28	211	951	952
22284	28	377	951	952
16753	28	1388	951	952
81837	28	2467	951	952
110108	28	99	951	952
14962	28	1809	951	952
37356	28	50	951	952
15880	28	616	951	952
42130	28	4164	951	952
10478	28	2482	951	952
85216	28	259	951	952
22316	28	131	951	952
17402	28	1670	951	952
50718	28	2338	951	952
23713	28	410	951	952
65625	28	411	951	952
52605	28	1093	951	952
28536	28	44671	951	952
9596	28	257	951	952
122869	28	455	951	952
4435	28	351	951	952
57052	28	3645	951	952
11603	28	6068	951	952
11795	28	174	951	952
111733	28	40520	951	952
10850	28	3177	951	952
18581	28	493	951	952
108076	28	273	951	952
15289	28	411	951	952
7016	28	30	951	952
70455	28	2835	951	952
34242	28	3182	951	952
9257	28	1625	951	952
16898	28	1254	951	952
50396	28	477	951	952
34450	28	216	951	952
11143	28	2172	951	952
11890	28	230	951	952
95465	28	353	951	952
9508	28	292	951	952
33474	28	713	951	952
21428	28	703	951	952
23527	28	67795	951	952
82513	28	2840	951	952
55318	28	732	951	952
47634	28	174	951	952
9412	28	454	951	952
80691	28	282	951	952
6619	28	925	951	952
13856	28	1625	951	952
7512	28	256	951	952
42416	28	702	951	952
56874	28	6400	951	952
12525	28	819	951	952
33160	28	328	951	952
91921	28	213	951	952
21387	28	572	951	952
86020	28	22569	951	952
7441	28	1660	951	952
13827	28	11015	951	952
80138	28	156	951	952
7251	28	377	951	952
26662	28	490	951	952
9017	28	5226	951	952
78431	28	455	951	952
82075	28	58	951	952
39327	28	3276	951	952
13997	28	2097	951	952
58702	28	9147	951	952
12997	28	14	951	952
140180	28	614	951	952
32987	28	10738	951	952
43168	28	1041	951	952
111702	28	1504	951	952
34921	28	259	951	952
24496	28	3362	951	952
8513	28	742	951	952
26862	28	239	951	952
84668	28	293	951	952
71120	28	1186	951	952
69485	28	1034	951	952
7128	28	230	951	952
69426	28	185	951	952
19496	28	66	951	952
16239	28	557	951	952
11012	28	1405	951	952
10266	28	2032	951	952
8745	28	2527	951	952
4807	28	1101	951	952
9688	28	39954	951	952
77317	28	830	951	952
45804	28	175	951	952
28713	28	378	951	952
8096	28	1299	951	952
69847	28	3938	951	952
12182	28	377	951	952
21632	28	48	951	952
60971	28	42	951	952
77956	28	98307	951	952
70992	23	58086	951	952
44401	28	4844	951	952
11339	28	1324	951	952
53526	28	1462	951	952
6607	28	2447	951	952
61120	28	5200	951	952
23098	28	25472	951	952
7248	28	1568	951	952
70809	28	159	951	952
8900	28	2349	951	952
11491	28	4128	951	952
79113	28	1270	951	952
59538	28	344	951	952
91820	28	1537	951	952
30132	28	1960	951	952
10189	28	1165	951	952
58353	28	363	951	952
68238	28	394	951	952
5807	28	57	951	952
27502	28	235	951	952
52012	28	351	951	952
25385	28	1129	951	952
56049	28	18062	951	952
6343	28	4380	951	952
11741	28	30	951	952
6343	28	307	951	952
22724	28	1171	951	952
4629	28	3975	951	952
66839	28	1075	951	952
18796	28	546	951	952
7956	28	1459	951	952
38275	28	39997	951	952
15710	28	449	951	952
44557	28	2250	951	952
26538	28	1684	951	952
5714	28	1254	951	952
68485	28	24520	951	952
60065	28	984	951	952
58925	28	37310	951	952
23552	28	99	951	952
46719	28	42145	951	952
109490	28	673	951	952
85665	28	13143	951	952
58000	28	2835	951	952
31057	28	3109	951	952
9297	28	893	951	952
36341	28	23651	951	952
10507	28	70	951	952
27192	28	5031	951	952
58257	28	22057	951	952
10089	28	535	951	952
84435	28	265	951	952
6444	28	465	951	952
14586	28	79	951	952
13775	28	960	951	952
21645	28	1936	951	952
20668	28	1210	951	952
27591	28	1414	951	952
22552	28	634	951	952
21496	28	1170	951	952
70808	28	2447	951	952
88751	28	646	951	952
53724	28	2061	951	952
16881	28	1570	951	952
66412	28	2653	951	952
6147	28	351	951	952
27919	28	4400	951	952
13784	28	2136	951	952
130687	28	411	951	952
14420	28	33	951	952
8438	28	2857	951	952
14685	28	180	951	952
4615	28	1305	951	952
42528	28	139	951	952
10820	28	1978	951	952
7696	28	3022	951	952
15524	28	1730	951	952
18530	28	698	951	952
7861	28	2113	951	952
69968	28	1367	951	952
21537	28	133	951	952
118020	28	36	951	952
5948	28	6633	951	952
18004	28	454	951	952
57818	28	69371	951	952
11756	28	411	951	952
8785	28	2385	951	952
8046	28	15621	951	952
15715	28	3761	951	952
9906	28	337	951	952
7955	28	105	951	952
12021	28	81	951	952
8179	28	175	951	952
6855	28	40	951	952
12025	28	1022	951	952
9054	28	1410	951	952
22206	28	4183	951	952
11782	28	313	951	952
67726	28	403	951	952
7414	28	211	951	952
63860	28	2447	951	952
39903	28	395	951	952
60256	28	28	951	952
17792	28	3488	951	952
13837	28	506	951	952
6387	28	214	951	952
88919	28	1261	951	952
7776	28	842	951	952
25196	28	760	951	952
85085	28	219	951	952
37995	28	1199	951	952
35630	28	411	951	952
62418	28	568	951	952
24141	28	2109	951	952
61599	28	3938	951	952
62703	28	133	951	952
12567	28	1410	951	952
32963	28	39	951	952
9902	28	112	951	952
95714	28	565	951	952
24823	28	2449	951	952
83133	28	219	951	952
12678	28	4400	951	952
153803	28	1261	951	952
21530	28	64	951	952
49751	28	508	951	952
48064	28	531	951	952
7373	28	44671	951	952
77039	28	1170	951	952
20717	28	16101	951	952
51897	28	195	951	952
8430	28	30	951	952
14511	28	1392	951	952
13891	28	364	951	952
12468	28	3139	951	952
6978	28	507	951	952
59945	28	3762	951	952
92270	28	450	951	952
17682	28	956	951	952
15413	28	1162	951	952
10476	28	66	951	952
22774	28	112	951	952
29677	28	1286	951	952
10995	28	33	951	952
21347	28	327	951	952
46952	28	152	951	952
12423	28	66	951	952
26952	28	234	951	952
83905	28	1711	951	952
74481	28	698	951	952
18195	28	16101	951	952
89932	28	139	951	952
93556	28	3387	951	952
8369	28	394	951	952
6855	28	24	951	952
5535	28	1641	951	952
48402	28	815	951	952
8161	28	1671	951	952
43062	28	1805	951	952
44249	28	754	951	952
76353	28	2061	951	952
36905	28	216	951	952
44367	28	2536	951	952
15917	28	31	951	952
20036	28	3323	951	952
15747	28	1305	951	952
43605	28	749	951	952
15296	28	105	951	952
21366	28	307	951	952
57339	28	95	951	952
5421	28	573	951	952
53102	28	1551	951	952
80885	28	282	951	952
19891	28	673	951	952
9431	28	273	951	952
69381	28	2769	951	952
94888	28	1305	951	952
10252	28	888	951	952
103382	28	5765	951	952
63730	28	361	951	952
90386	28	743	951	952
6808	28	1005	951	952
65585	28	178	951	952
54711	28	991	951	952
76795	28	887	951	952
40786	28	478	951	952
27610	28	1677	951	952
9694	28	330	951	952
19158	28	2449	951	952
141933	28	506	951	952
62284	28	916	951	952
15995	28	1436	951	952
16310	28	1213	951	952
44544	28	649	951	952
7124	28	152	951	952
26472	28	14197	951	952
28429	28	1076	951	952
144383	16	151	951	952
44496	28	114	951	952
8184	28	2242	951	952
5695	28	1410	951	952
9512	28	32333	951	952
46356	28	1294	951	952
9408	28	1129	951	952
14611	28	24	951	952
24350	28	2975	951	952
6226	28	30	951	952
119889	28	2909	951	952
11522	28	2518	951	952
46330	28	1478	951	952
110384	28	2177	951	952
5933	28	214	951	952
7029	28	1492	951	952
4654	28	3131	951	952
4312	28	699	951	952
17183	28	1414	951	952
18718	28	3174	951	952
10548	28	2283	951	952
14733	28	18	951	952
93224	28	18261	951	952
100414	28	1276	951	952
29053	28	1091	951	952
28552	28	146	951	952
103343	28	956	951	952
9857	28	234	951	952
25824	28	1643	951	952
11516	28	781	951	952
95171	28	692	951	952
58390	28	2349	951	952
18510	28	3739	951	952
10958	28	61	951	952
26682	28	603	951	952
60483	28	4860	951	952
23802	28	459	951	952
17463	28	379	951	952
26941	28	39	951	952
21619	28	37	951	952
23808	28	136	951	952
93378	28	11019	951	952
8843	28	45011	951	952
60091	28	1254	951	952
15819	28	6536	951	952
7792	28	2759	951	952
79061	28	554	951	952
11041	28	19	951	952
18074	28	83	951	952
13603	28	280	951	952
82372	28	162	951	952
14651	28	5757	951	952
9286	28	1410	951	952
15523	28	1009	951	952
18542	28	3737	951	953
16482	28	124	951	953
5641	28	142	951	953
11526	28	552	951	953
39461	28	1597	951	953
61612	28	155	951	953
96792	28	89	951	953
11657	28	32	951	953
25595	28	903	951	953
14804	28	289	951	953
83482	28	1908	951	953
39758	28	1499	951	953
10465	28	149	951	953
61891	28	628	951	953
9079	28	88	951	953
17073	28	1031	951	953
22648	28	7290	951	953
22655	28	408	951	953
40181	28	60	951	953
34790	28	5171	951	953
62527	28	13406	951	953
54230	28	241	951	953
40667	28	331	951	953
12032	28	147	951	953
25070	28	252	951	953
9211	28	81	951	953
82472	28	841	951	953
10535	28	51	951	953
5065	28	515	951	953
40978	28	511	951	953
9543	28	796	951	953
26754	28	213	951	953
12867	28	361	951	953
8372	28	40	951	953
54965	28	920	951	953
15512	28	984	951	953
18787	28	76	951	953
12006	28	44	951	953
8016	28	355	951	953
21996	28	546	951	953
13024	28	548	951	953
27215	28	2887	951	953
115658	28	708	951	953
41760	28	351	951	953
36227	28	37	951	953
10916	28	158	951	953
26904	28	676	951	953
35334	28	78	951	953
5840	28	609	951	953
134774	28	419	951	953
64071	28	503	951	953
15832	28	633	951	953
9946	28	52	951	953
52550	28	470	951	953
36411	28	135	951	953
100787	28	1753	951	953
73003	28	5043	951	953
22527	28	95	951	953
14436	28	121	951	953
47806	28	1010	951	953
26348	28	345	951	953
15232	28	1571	951	953
56833	28	3465	951	953
115368	28	245	951	953
20634	28	198	951	953
16013	28	78	951	953
76331	28	1346	951	953
17422	28	2098	951	953
35530	28	121	951	953
88558	28	141	951	953
87963	28	1173	951	953
41403	14	902	951	953
35792	28	926	951	953
8645	28	1306	951	953
33931	28	2097	951	953
57557	28	963	951	953
11227	28	1174	951	953
33344	28	450	951	953
33338	28	469	951	953
16330	28	680	951	953
11361	28	43	951	953
9203	28	28	951	953
3854	28	73	951	953
29136	28	202	951	953
25174	28	2214	951	953
25221	28	68	951	953
24738	28	2534	951	953
14574	28	257	951	953
5975	28	1129	951	953
33761	28	439	951	953
29632	28	714	951	953
6743	28	150	951	953
14611	28	47	951	953
16848	28	695	951	953
19343	28	295	951	953
22381	28	1483	951	953
7265	28	251	951	953
64384	28	647	951	953
25585	28	748	951	953
22389	28	4277	951	953
4690	28	23	951	953
63019	28	1129	951	953
18856	28	234	951	953
9573	28	109	951	953
15077	28	1174	951	953
9393	28	220	951	953
9653	28	136	951	953
37626	28	699	951	953
15102	28	118	951	953
20159	28	205	951	953
26580	28	54	951	953
20076	28	3648	951	953
12944	28	85	951	953
35725	28	1825	951	953
11533	28	649	951	953
22231	28	1278	951	953
38961	28	429	951	953
13634	28	87	951	953
76982	28	44	951	953
58500	28	136	951	953
58610	28	295	951	953
7488	28	175	951	953
26890	28	282	951	953
139958	28	2250	951	953
16816	28	131	951	953
35336	28	6062	951	953
61698	28	1964	951	953
27645	28	691	951	953
73179	28	83	951	953
25801	28	439	951	953
15221	28	429	951	953
29967	28	34	951	953
32044	28	250	951	953
68369	28	653	951	953
16545	28	54	951	953
27868	28	713	951	953
15891	28	168	951	953
105857	28	1261	951	953
65698	28	672	951	953
49262	28	451	951	953
65808	28	568	951	953
24079	28	2745	951	953
76193	28	692	951	953
11549	28	174	951	953
7799	28	994	951	953
15554	28	1360	951	953
32370	28	22	951	953
15340	28	89	951	953
30189	28	1265	951	953
13199	28	87	951	953
46109	28	170	951	953
16179	28	289	951	953
8416	28	1734	951	953
45248	28	500	951	953
37216	28	2542	951	953
12313	28	394	951	953
9743	28	23	951	953
142135	28	1442	951	953
25428	28	351	951	953
6039	28	74	951	953
86157	28	990	951	953
30279	28	167	951	953
31167	28	550	951	953
31611	28	144	951	953
17971	28	785	951	953
7242	28	633	951	953
54881	28	211	951	953
25270	28	111	951	953
31557	28	174	951	953
51241	28	73774	951	953
25432	28	24999	951	953
11099	28	58	951	953
8709	28	371	951	953
12043	28	76	951	953
59614	28	58	951	953
15208	28	201	951	953
47834	28	931	951	953
38286	28	233	951	953
7152	28	150	951	953
23236	28	100	951	953
119335	28	2435	951	953
30894	28	499	951	953
118352	28	37	951	953
27923	28	319	951	953
40236	28	889	951	953
21129	28	1949	951	953
17290	28	27	951	953
32446	28	42	951	953
77702	28	4834	951	953
51435	28	1468	951	953
31693	28	1966	951	953
15607	28	220	951	953
34113	28	1850	951	953
7047	28	1210	951	953
9133	28	1164	951	953
92080	28	63237	951	953
11841	28	476	951	953
55204	28	4541	951	953
38472	28	31	951	953
9514	28	211	951	953
18074	28	1625	951	953
27376	28	55	951	953
25577	28	282	951	953
28770	28	295	951	953
14392	28	169	951	953
108609	28	605	951	953
15764	28	1964	951	953
24108	28	234	951	953
27856	28	453	951	953
59809	28	2209	951	953
35988	28	514	951	953
10782	28	583	951	953
80936	28	899	951	953
7959	28	77	951	953
94057	28	2452	951	953
14597	28	210	951	953
8735	28	798	951	953
19002	28	1112	951	953
46341	28	453	951	953
9105	28	525	951	953
9759	28	800	951	953
17204	28	560	951	953
20719	28	327	951	953
11958	28	169	951	953
15328	28	54	951	953
49008	28	54	951	953
11998	28	170	951	953
7070	28	40	951	953
29810	28	794	951	953
67128	28	1462	951	953
47069	28	10384	951	953
3003	28	91	951	953
46659	28	1267	951	953
26847	28	58	951	953
25838	28	191	951	953
21147	28	2053	951	953
50422	28	31	951	953
12504	28	554	951	953
23659	28	1488	951	953
10144	28	888	951	953
15956	28	428	951	953
58096	28	72	951	953
31791	28	313	951	953
42099	28	1652	951	953
33973	28	14	951	953
21474	28	2975	951	953
9719	28	57	951	953
15434	28	211	951	953
22667	28	1041	951	953
12867	28	2563	951	953
21750	28	185	951	953
10002	28	3621	951	953
25039	28	1170	951	953
28575	28	1258	951	953
7175	28	102	951	953
38367	28	435	951	953
53852	28	699	951	953
27151	28	77	951	953
17988	28	234	951	953
80182	28	1407	951	953
55514	28	2349	951	953
13875	28	31	951	953
7904	28	811	951	953
18961	28	318	951	953
27068	28	129	951	953
6163	28	690	951	953
6758	28	103	951	953
58890	28	1497	951	953
50379	28	154	951	953
100359	28	1304	951	953
17429	28	1625	951	953
12818	28	2389	951	953
126998	28	112	951	953
25657	28	251	951	953
42936	28	1056	951	953
119140	28	692	951	953
73640	28	930	951	953
94732	28	903	951	953
46591	28	394	951	953
124389	28	453	951	953
80126	28	403	951	953
67522	28	1398	951	953
15003	28	888	951	953
18575	28	1395	951	953
45823	28	583	951	953
4727	28	405	951	953
169609	28	72	951	953
20093	28	179	951	953
14957	28	2276	951	953
16027	28	145	951	953
59323	28	141	951	953
17259	28	179	951	953
70818	28	1949	951	953
7278	28	1653	951	953
26915	28	123	951	953
41354	28	139	951	953
9452	28	6134	951	953
52653	28	3872	951	953
54267	28	5171	951	953
14131	28	381	951	953
21093	28	2663	951	953
18255	28	528	951	953
28751	28	400	951	953
16185	28	702	951	953
7579	28	868	951	953
21247	28	11118	951	953
11587	28	192	951	953
6515	28	78	951	953
44265	28	582	951	953
22101	28	132	951	953
83818	28	167	951	953
4945	28	170	951	953
29829	28	830	951	953
13052	28	832	951	953
26083	28	695	951	953
12521	28	16	951	953
11451	28	72	951	953
13321	28	3235	951	953
53308	28	1346	951	953
17155	28	1471	951	953
8233	28	1145	951	953
108806	28	821	951	953
101180	28	471	951	953
11564	28	47	951	953
20862	28	633	951	953
16969	28	583	951	953
25203	28	1166	951	953
13121	28	3059	951	953
42021	28	2138	951	953
125464	28	465	951	953
14908	28	210	951	953
11469	28	1324	951	953
18498	28	38559	951	953
17518	28	205	951	953
8914	28	422	951	953
93848	28	798	951	953
66468	28	11364	951	953
26023	28	1160	951	953
10696	28	149	951	953
68532	28	1018	951	953
19125	28	1652	951	953
28531	28	193	951	953
8649	28	336	951	953
69994	28	86	951	953
73968	28	392	951	953
98675	28	675	951	953
68878	28	1462	951	953
15825	28	295	951	953
44274	28	836	951	953
10311	28	103	951	953
16588	28	2717	951	953
35049	28	627	951	953
52057	28	461	951	953
74181	28	712	951	953
16799	28	5227	951	953
51904	28	13575	951	953
12559	28	177	951	953
15956	28	170	951	953
39345	28	245	951	953
101675	28	1496	951	953
84593	28	57	951	953
7778	28	178	951	953
4896	28	179	951	953
15264	28	230	951	953
58061	28	2065	951	953
44823	28	3153	951	953
11739	28	2686	951	953
22708	28	888	951	953
16843	28	105	951	953
27020	28	1695	951	953
23667	28	1617	951	953
12785	28	57	951	953
15870	28	2518	951	953
80591	28	2623	951	953
33326	28	415	951	953
98536	28	682	951	953
52750	28	903	951	953
3792	28	44	951	953
10606	28	796	951	953
11936	28	572	951	953
29387	28	449	951	953
36261	28	708	951	953
6196	28	1837	951	953
18726	28	248	951	953
5067	28	38	951	953
60259	28	1656	951	953
8938	28	121	951	953
31747	28	275	951	953
27128	28	4311	951	953
96642	28	69371	951	953
13644	28	796	951	953
19688	28	691	951	953
30233	28	1987	951	953
92523	28	901	951	953
31694	28	554	951	953
29035	28	1987	951	953
60567	28	12949	951	953
77355	28	456	951	953
62099	28	330	951	953
53352	28	696	951	953
27071	28	5801	951	953
19112	28	369	951	953
66771	28	10579	951	953
31793	28	2250	951	953
55181	28	230	951	953
48112	28	1346	951	953
47861	28	450	951	953
13186	28	256	951	953
18448	28	144	951	953
6795	28	171	951	953
12086	28	277	951	953
30872	28	313	951	953
3837	28	139	951	953
85762	28	13793	951	953
72678	28	1908	951	953
7038	28	3386	951	953
122329	28	417	951	953
15743	28	390	951	953
17726	28	49	951	953
9803	28	1100	951	953
90487	28	2276	951	953
22218	28	1693	951	953
38112	28	241	951	953
30894	28	5742	951	953
111424	28	1061	951	953
5555	28	160	951	953
10790	28	331	951	953
16152	28	691	951	953
12157	28	55	951	953
111141	28	848	951	953
18536	28	54	951	953
15785	28	475	951	953
102333	28	1699	951	953
48792	28	283	951	953
15150	28	1571	951	953
7972	28	1949	951	953
7381	28	559	951	953
9263	28	452	951	953
7304	28	358	951	953
26830	28	603	951	953
35282	28	1478	951	953
53091	28	19930	951	953
57366	28	181	951	953
33290	28	1758	951	953
20861	28	55	951	953
68747	28	391	951	953
51401	28	2436	951	953
19138	28	712	951	953
24647	28	361	951	953
19277	28	757	951	953
13906	28	3047	951	953
51245	28	11150	951	953
36982	28	201	951	953
41646	28	2489	951	953
69081	28	391	951	953
100407	28	5801	951	953
20251	28	3862	951	953
31823	28	701	951	953
7399	28	907	951	953
85330	28	6880	951	953
33305	28	434	951	953
51127	28	54	951	953
19339	28	796	951	953
59494	28	1346	951	953
7116	28	124	951	953
6258	28	1395	951	953
12645	28	830	951	953
70962	28	748	951	953
54004	28	167	951	953
12073	28	1278	951	953
47966	28	1190	951	953
6019	28	5063	951	953
32120	28	50	951	953
19308	28	630	951	953
16425	28	4379	951	953
19834	28	280	951	953
23574	28	548	951	953
66797	28	1635	951	953
46662	28	539	951	953
93378	28	914	951	953
20078	28	331	951	953
67306	28	515	951	953
28790	28	27	951	953
18897	28	2525	951	953
41504	28	144	951	953
55910	28	159	951	953
17646	28	198	951	953
38628	28	2158	951	953
15472	28	400	951	953
34933	28	533	951	953
13971	28	846	951	953
65001	28	797	951	953
20582	28	1839	951	953
147975	28	622	951	953
51898	28	6939	951	953
35973	28	622	951	953
21652	28	111	951	953
80980	28	52342	951	953
54952	28	56843	951	953
9058	28	156	951	953
63848	28	392	951	953
59428	28	83	951	953
48890	28	3125	951	953
8128	28	951	951	953
15672	28	34	951	953
80787	28	2840	951	953
79042	28	1304	951	953
5117	28	56	951	953
13023	28	143	951	953
7616	28	168	951	953
12465	28	129	951	953
9311	28	274	951	953
25422	28	22365	951	953
17828	28	965	951	953
10093	28	1442	951	953
50847	28	781	951	953
16038	28	2483	951	953
6858	28	202	951	953
21538	28	4281	951	953
7715	28	582	951	953
66443	28	21766	951	953
55664	28	475	951	953
25076	28	621	951	953
80179	28	21338	951	953
18011	28	28	951	953
20272	28	351	951	953
19072	28	682	951	953
17575	28	1625	951	953
108625	28	821	951	953
20337	28	91	951	953
29182	28	195	951	953
15933	28	1411	951	953
93300	28	2127	951	953
84265	28	1497	951	953
10453	28	186	951	953
65936	28	398	951	953
16217	28	42	951	953
13503	28	2097	951	953
12821	28	1661	951	953
14525	28	524	951	953
8110	28	394	951	953
14374	28	240	951	953
5960	28	147	951	953
16078	28	132	951	953
38619	28	70	951	953
5397	28	149	951	953
18575	28	256	951	953
21967	28	2136	951	953
77396	28	1144	951	953
24002	28	583	951	953
8208	28	104	951	953
6758	28	54	951	953
16154	28	3276	951	953
15608	28	36	951	953
55004	28	117	951	953
13509	28	506	951	953
9158	28	1567	951	953
16543	28	710	951	953
30880	28	615	951	953
39371	28	234	951	953
5183	28	888	951	953
29819	28	23	951	953
5644	28	241	951	953
6667	28	77	951	953
64755	28	616	951	953
24625	28	2386	951	953
87169	28	1288	951	953
52875	28	2592	951	953
9675	28	234	951	953
15678	28	336	951	953
105472	28	605	951	953
72459	28	1117	951	953
20461	28	2326	951	953
44299	28	222	951	953
10081	28	778	951	953
12413	28	710	951	953
26914	28	95	951	953
38343	28	2259	951	953
6237	28	22	951	953
58369	28	298	951	953
25402	28	974	951	953
17615	28	20	951	953
20592	28	91	951	953
29180	28	176	951	953
20642	28	3125	951	953
55449	28	615	951	953
16516	28	234	951	953
46377	28	47	951	953
130977	28	14120	951	953
18040	28	743	951	953
16583	28	428	951	953
46437	28	67	951	953
15564	28	231	951	953
80746	28	186	951	953
23756	28	6433	951	953
76395	28	639	951	953
10829	28	2991	951	953
24240	28	192	951	953
68905	28	72	951	953
25947	28	149	951	953
21288	28	67	951	953
22490	28	740	951	953
23167	28	1231	951	953
7049	28	380	951	953
49570	28	1278	951	953
14757	28	304	951	953
9620	28	364	951	953
66579	28	1346	951	953
25042	28	2030	951	953
5599	28	16	951	953
53033	28	211	951	953
25798	28	371	951	953
8472	28	476	951	953
7990	28	223	951	953
35577	28	1625	951	953
80061	28	234	951	953
18150	28	231	951	953
26598	28	2446	951	953
47948	28	313	951	953
38387	28	54	951	953
32675	28	1831	951	953
15043	28	136	951	953
28501	28	2575	951	953
27082	28	3276	951	953
59849	28	1871	951	953
32855	28	2663	951	953
15357	28	313	951	953
22242	28	177	951	953
60334	28	3413	951	953
6379	28	234	951	953
21558	28	361	951	953
44137	28	136	951	953
32280	28	203	951	953
45746	28	292	951	953
17850	28	554	951	953
21297	28	21559	951	953
18409	28	210	951	953
16123	28	507	951	953
69301	28	297	951	953
123649	28	30033	951	953
5426	28	70	951	953
78972	23	51039	951	953
12063	28	61	951	953
33952	28	3879	951	953
8019	28	2068	951	953
10174	28	231	951	953
24656	28	4059	951	953
74310	28	406	951	953
23212	28	105	951	953
77990	28	241	951	953
19442	28	199	951	953
52680	28	557	951	953
25041	28	351	951	953
70971	28	5742	951	953
63151	28	528	951	953
28313	28	185	951	953
10991	28	244	951	953
15444	28	239	951	953
22036	28	28023	951	953
67618	28	1652	951	953
6475	28	1426	951	953
69439	28	11461	951	953
22553	28	149	951	953
17642	28	102	951	953
7079	28	1809	951	953
35066	28	2250	951	953
12881	28	142	951	954
52668	28	193	951	954
61312	28	1581	951	954
25389	28	522	951	954
13196	28	104	951	954
25762	28	3522	951	954
46352	28	474	951	954
113582	28	1144	951	954
97766	28	1261	951	954
10157	28	7339	951	954
13467	28	23	951	954
8351	28	1013	951	954
84619	28	141	951	954
22400	28	131	951	954
40960	28	245	951	954
6797	28	1286	951	954
12178	28	370	951	954
31009	28	355	951	954
9803	28	195	951	954
15155	28	493	951	954
47687	28	242	951	954
6171	28	333	951	954
41564	28	422	951	954
15571	28	103	951	954
74739	28	525	951	954
25394	28	676	951	954
4271	28	117	951	954
31939	28	1497	951	954
36819	28	146	951	954
9238	28	1265	951	954
19711	28	156	951	954
74165	28	65846	951	954
20323	28	550	951	954
40516	28	360	951	954
37301	28	263	951	954
8129	28	49	951	954
9027	28	36	951	954
16021	28	292	951	954
15193	28	452	951	954
12585	28	1169	951	954
11964	28	615	951	954
5501	28	31	951	954
14205	28	887	951	954
12743	28	378	951	954
14221	28	1861	951	954
29130	28	428	951	954
7274	28	1278	951	954
66143	28	989	951	954
29653	28	28	951	954
89102	16	89572	951	954
29855	28	220	951	954
35058	28	976	951	954
6767	28	16	951	954
24972	28	202	951	954
21666	28	51	951	954
41103	28	836	951	954
30965	28	129	951	954
10804	28	166	951	954
7194	28	185	951	954
16891	28	47	951	954
27028	28	526	951	954
161813	28	50572	951	954
26571	28	114	951	954
9310	28	98	951	954
23052	28	339	951	954
17513	28	757	951	954
42471	28	31976	951	954
78673	28	205	951	954
31034	28	1926	951	954
17366	28	5808	951	954
15484	28	185	951	954
11435	28	166	951	954
86967	28	1670	951	954
32421	28	206	951	954
37425	28	1697	951	954
14144	28	146	951	954
6910	28	887	951	954
56851	28	1000	951	954
78929	28	391	951	954
92581	28	505	951	954
4666	28	78	951	954
10634	28	104	951	954
28064	28	1078	951	954
59458	28	981	951	954
21200	28	1123	951	954
8133	28	48	951	954
11790	28	2527	951	954
27814	28	248	951	954
107695	28	1196	951	954
6714	28	146	951	954
4659	28	139	951	954
14548	28	27	951	954
16431	28	120	951	954
7009	28	214	951	954
20295	28	135	951	954
7800	28	136	951	954
59493	28	532	951	954
15563	28	423	951	954
30329	23	4683	951	954
19150	28	560	951	954
37196	28	722	951	954
18179	28	289	951	954
80692	28	21338	951	954
12864	28	643	951	954
4318	28	77	951	954
11366	28	505	951	954
5004	28	28	951	954
16069	28	1395	951	954
23522	28	1267	951	954
37323	28	866	951	954
51618	28	30	951	954
107295	28	1839	951	954
9464	28	331	951	954
13985	28	191	951	954
11005	28	509	951	954
31424	28	1151	951	954
44117	28	678	951	954
38409	28	967	951	954
52187	28	2136	951	954
27917	28	2145	951	954
41824	28	842	951	954
12432	28	690	951	954
28313	28	227	951	954
39347	28	234	951	954
167616	28	121	951	954
16619	28	142	951	954
23118	28	76	951	954
44003	28	38	951	954
6184	28	147	951	954
67451	1	94408	951	954
15672	28	144	951	954
19643	28	1009	951	954
50149	28	110	951	954
11317	28	111	951	954
16005	28	618	951	954
31897	28	2326	951	954
28536	28	1554	951	954
24512	28	155	951	954
30904	28	442	951	954
80179	28	1265	951	954
28018	28	123	951	954
33407	28	70	951	954
14703	28	2341	951	954
36852	28	42	951	954
94694	28	1075	951	954
42451	28	327	951	954
43078	28	162	951	954
25732	28	653	951	954
23751	28	524	951	954
24613	28	181	951	954
86428	28	199	951	954
85621	28	1652	951	954
102585	28	99	951	954
29153	28	165	951	954
88351	28	104176	951	954
10073	28	248	951	954
5776	28	56	951	954
22659	28	507	951	954
92267	28	1291	951	954
21492	28	2057	951	954
22721	28	199	951	954
7919	28	491	951	954
29979	28	91	951	954
58607	28	690	951	954
28399	28	291	951	954
124435	28	474	951	954
14529	28	703	951	954
40482	28	612	951	954
14208	28	65	951	954
27250	28	4164	951	954
26638	28	560	951	954
55509	28	5107	951	954
96794	28	205	951	954
37495	28	818	951	954
26317	28	199	951	954
22942	28	1317	951	954
6672	28	110	951	954
94266	28	2748	951	954
11630	28	160	951	954
71624	28	32217	951	954
12255	28	2293	951	954
51356	28	649	951	954
18638	28	171	951	954
17831	28	2680	951	954
13232	28	61	951	954
18827	28	888	951	954
22434	28	835	951	954
79057	28	2483	951	954
36326	28	587	951	954
21158	28	447	951	954
18366	28	144	951	954
11623	28	1060	951	954
18458	28	749	951	954
13429	28	28	951	954
41528	28	1356	951	954
13783	28	193	951	954
68312	28	2806	951	954
12688	28	1095	951	954
47980	28	1345	951	954
10656	28	1101	951	954
7732	28	144	951	954
109945	28	1560	951	954
12030	28	22	951	954
15499	28	1544	951	954
59855	28	633	951	954
34994	28	1859	951	954
8980	28	102	951	954
5162	28	361	951	954
31986	28	313	951	954
10929	28	193	951	954
34610	28	1796	951	954
49559	28	2759	951	954
5490	28	799	951	954
79981	28	170	951	954
46510	28	2563	951	954
37427	28	304	951	954
26643	28	8027	951	954
8228	28	86	951	954
31873	28	1416	951	954
20216	28	64350	951	954
16901	28	1095	951	954
23755	28	253	951	954
22831	28	49	951	954
103017	28	232	951	954
36429	28	1159	951	954
12428	28	77	951	954
33473	28	2057	951	954
78785	28	111	951	954
13226	28	1192	951	954
64093	28	699	951	954
19732	28	1180	951	954
6743	28	134	951	954
49589	28	161	951	954
31951	28	2518	951	954
25142	28	99	951	954
102264	28	1504	951	954
94796	28	774	951	954
34432	28	161	951	954
8215	28	19	951	954
25860	28	330	951	954
28536	28	3061	951	954
30745	28	1395	951	954
15823	28	502	951	954
86110	28	199	951	954
68618	28	1405	951	954
13108	28	378	951	954
5414	28	2759	951	954
42083	28	531	951	954
51758	28	142	951	954
17920	28	40	951	954
13726	28	19	951	954
12074	28	475	951	954
7896	28	71	951	954
10755	28	452	951	954
21824	28	118	951	954
20587	28	754	951	954
6957	28	36	951	954
30044	28	281	951	954
15706	28	1861	951	954
27709	28	169	951	954
95996	28	40645	951	954
12488	28	38	951	954
9971	28	281	951	954
16011	28	38	951	954
73244	28	1614	951	954
180876	28	1504	951	954
40673	28	248	951	954
10242	28	1809	951	954
47876	28	603	951	954
21585	28	16602	951	954
62503	28	3167	951	954
30174	28	1000	951	954
13228	28	69	951	954
37334	28	136	951	954
51840	28	263	951	954
9242	28	1129	951	954
130908	28	1291	951	954
16872	28	390	951	954
28468	28	817	951	954
28808	28	3123	951	954
7807	28	89	951	954
40607	28	1371	951	954
35724	28	1270	951	954
6246	28	188	951	954
7477	28	239	951	954
17261	28	124	951	954
25873	28	12418	951	954
19581	28	535	951	954
8312	28	552	951	954
12720	28	245	951	954
12730	28	85	951	954
6242	28	311	951	954
109821	28	701	951	954
14116	28	109	951	954
28497	28	691	951	954
14936	28	380	951	954
18989	28	192	951	954
43502	28	1316	951	954
35875	28	996	951	954
13967	28	111	951	954
26116	28	887	951	954
9429	28	259	951	954
65725	28	471	951	954
107192	28	1948	951	954
6532	28	30	951	954
25213	28	43188	951	954
6374	28	44	951	954
66698	28	1095	951	954
19097	28	2518	951	954
20110	28	101	951	954
41265	28	27	951	954
12503	28	177	951	954
18423	28	796	951	954
59972	28	380	951	954
10470	28	111	951	954
59295	23	7228	951	954
16918	28	23	951	954
10555	28	145	951	954
17878	28	31	951	954
33170	28	2563	951	954
12487	28	578	951	954
27169	28	281	951	954
10386	28	1551	951	954
64342	28	261	951	954
16069	28	256	951	954
35717	28	186	951	954
32370	28	1551	951	954
43326	28	110	951	954
28279	28	514	951	954
14911	28	283	951	954
106400	28	716	951	954
13916	28	406	951	954
13209	28	429	951	954
65257	28	4284	951	954
9695	28	101	951	954
6575	28	98	951	954
13924	28	175	951	954
19963	28	50748	951	954
51442	28	114	951	954
15758	28	303	951	954
32118	28	2680	951	954
38124	28	211	951	954
35821	28	245	951	954
11681	28	1206	951	954
14657	28	1879	951	954
23539	28	383	951	954
13684	28	926	951	954
18016	28	117	951	954
9437	28	6921	951	954
29776	28	630	951	954
22610	28	936	951	954
35072	28	7339	951	954
31562	28	67	951	954
21683	28	334	951	954
10477	28	3648	951	954
62691	28	2386	951	954
21079	28	1173	951	954
20493	28	1978	951	954
39046	28	507	951	955
13079	28	564	951	955
22679	28	213	951	955
7978	28	46	951	955
8730	28	2136	951	955
33757	28	887	951	955
46963	28	1682	951	955
40991	28	215	951	955
7884	28	55	951	955
23409	28	739	951	955
14281	28	455	951	955
6558	28	933	951	955
55736	28	996	951	955
55775	28	136	951	955
8367	28	2100	951	955
41947	28	159	951	955
48402	28	24	951	955
20741	28	109	951	955
15767	28	1951	951	955
10416	28	394	951	955
6911	28	149	951	955
17638	28	153	951	955
15273	28	2127	951	955
14632	28	162	951	955
76411	28	79	951	955
73958	28	2527	951	955
24711	28	1961	951	955
47283	28	923	951	955
25175	28	701	951	955
71662	28	960	951	955
22540	28	1328	951	955
48387	28	1033	951	955
58147	28	133	951	955
19518	28	1174	951	955
15364	28	144	951	955
40289	28	122	951	955
25043	28	470	951	955
42955	28	798	951	955
40112	28	800	951	955
91407	28	1095	951	955
13935	28	1411	951	955
19174	28	45	951	955
16442	28	87	951	955
10934	28	176	951	955
39795	28	970	951	955
35676	28	36	951	955
15384	28	315	951	955
88163	28	449	951	955
7467	28	475	951	955
102564	28	280	951	955
12520	28	346	951	955
30938	28	1036	951	955
11959	28	396	951	955
85540	28	475	951	955
19912	28	661	951	955
28611	28	36	951	955
52456	28	531	951	955
15686	28	103	951	955
42968	28	496	951	955
9002	28	22	951	955
23722	28	98	951	955
20972	28	32	951	955
39005	28	1629	951	955
20793	28	2240	951	955
9136	28	395	951	955
44283	28	282	951	955
33975	28	198	951	955
90962	28	1308	951	955
19777	28	582	951	955
8342	28	396	951	955
28126	28	159	951	955
36783	28	19	951	955
9383	28	1405	951	955
13326	28	169	951	955
108004	28	894	951	955
108290	28	1919	951	955
30788	28	963	951	955
25888	28	274	951	955
60228	28	1142	951	955
13754	28	22	951	955
74831	28	766	951	955
56521	28	731	951	955
66180	28	1898	951	955
11620	28	256	951	955
59292	28	493	951	955
14793	28	550	951	955
10706	28	749	951	955
14373	28	95	951	955
46034	28	829	951	955
46540	28	596	951	955
13820	28	37088	951	955
38294	28	628	951	955
12566	28	20	951	955
14234	28	30	951	955
3689	28	43	951	955
127604	14	4374	951	955
16686	28	542	951	955
13518	28	394	951	955
5671	28	57	951	955
18929	28	887	951	955
18508	28	336	951	955
38126	28	1669	951	955
44188	28	67	951	955
9601	28	675	951	955
86385	28	1442	951	955
71451	28	641	951	955
6709	28	1176	951	955
42349	28	755	951	955
93921	28	575	951	955
113487	28	3217	951	955
18047	28	3553	951	955
22132	28	33	951	955
45030	28	520	951	955
14327	28	1213	951	955
11724	28	885	951	955
20120	28	44	951	955
17575	28	1141	951	955
16075	28	1031	951	955
23692	28	315	951	955
13466	28	787	951	955
53712	28	1384	951	955
23553	28	336	951	955
46212	28	864	951	955
11425	28	20	951	955
5915	28	2022	951	955
73846	28	433	951	955
19990	28	615	951	955
26825	28	261	951	955
14943	28	136	951	955
111245	28	159	951	955
37087	28	235	951	955
12545	28	184	951	955
57351	28	888	951	955
12435	28	390	951	955
64581	28	2154	951	955
93089	28	5481	951	955
60513	28	1682	951	955
70217	28	996	951	955
99695	28	686	951	955
79768	28	1095	951	955
42823	28	14	951	955
63257	28	370	951	955
89426	28	180	951	955
25901	28	380	951	955
10325	28	1069	951	955
7397	28	65	951	955
44930	28	365	951	955
26932	28	124	951	955
23472	28	485	951	955
23985	28	4490	951	955
25635	28	696	951	955
54766	28	1671	951	955
4986	28	381	951	955
93620	28	353	951	955
42714	28	230	951	955
36193	28	491	951	955
27927	28	77	951	955
16982	28	387	951	955
30683	28	30	951	955
45706	28	968	951	955
14642	28	248	951	955
49242	28	2433	951	955
22846	28	514	951	955
14638	28	174	951	955
9730	28	44	951	955
12757	28	602	951	955
93719	28	957	951	955
5695	28	887	951	955
26546	28	50	951	955
45964	28	530	951	955
15371	28	119	951	955
11702	28	50	951	955
11033	28	1656	951	955
22425	28	1363	951	955
65990	28	1547	951	955
20140	28	623	951	955
5923	28	717	951	955
22468	28	887	951	955
35263	28	406	951	955
12572	28	887	951	955
9818	28	16320	951	955
154510	23	28375	951	955
36879	28	41	951	955
34594	28	286	951	955
7219	28	152	951	955
4836	28	223	951	955
25540	28	234	951	955
17944	28	442	951	955
59989	28	101	951	955
8979	28	177	951	955
26763	28	3737	951	955
92639	28	2022	951	955
48607	28	871	951	955
64472	28	964	951	955
51145	28	30033	951	955
26566	28	133	951	955
28923	28	238	951	955
69866	28	98	951	955
82093	28	1097	951	955
9794	28	938	951	955
24860	28	1652	951	955
10149	28	532	951	955
110797	28	3815	951	955
20924	28	380	951	955
37679	28	171	951	955
44416	28	140	951	955
22935	28	23	951	955
18529	28	36	951	955
93703	28	141	951	955
37334	28	32	951	955
28124	28	1101	951	955
61703	28	1270	951	955
31072	28	1193	951	955
9282	28	188	951	955
56366	28	253	951	955
11504	28	24	951	955
11979	28	1223	951	955
31540	28	6154	951	955
15098	28	1204	951	955
14119	28	2098	951	955
26808	28	319	951	955
6632	28	1530	951	955
12253	28	110	951	955
8332	28	110	951	955
44403	28	230	951	955
70361	28	5098	951	955
14959	28	1117	951	955
86668	28	2447	951	955
20018	28	119	951	955
33724	28	419	951	955
78273	28	261	951	955
10193	28	16	951	955
12867	28	695	951	955
26483	28	134	951	955
35828	28	38	951	955
55705	28	1206	951	955
27614	28	280	951	955
28698	28	493	951	955
10911	28	86	951	955
149953	28	991	951	955
27055	28	73	951	955
28546	28	140	951	955
5884	28	33	951	955
11194	28	149	951	955
24786	28	217	951	956
6277	28	123	951	956
25107	28	123	951	956
19069	28	1670	951	956
34224	28	591	951	956
16849	28	118	951	956
8653	28	31	951	956
17319	28	635	951	956
47721	28	185	951	956
27140	28	36	951	956
19166	28	169	951	956
41851	28	242	951	956
33378	28	274	951	956
64743	28	170	951	956
55847	28	95	951	956
15309	28	37	951	956
42215	28	670	951	956
10987	28	107	951	956
14939	28	217	951	956
10881	28	377	951	956
32339	28	370	951	956
41509	28	268	951	956
44944	28	219	951	956
7185	28	165	951	956
53373	28	540	951	956
39235	28	146	951	956
39267	28	4387	951	956
33693	28	623	951	956
71406	28	436	951	956
11576	28	5440	951	956
12821	28	1920	951	956
25799	28	355	951	956
19983	28	45	951	956
77252	28	2041	951	956
20476	28	3860	951	956
77439	28	718	951	956
11634	28	211	951	956
17233	28	10454	951	956
36876	28	368	951	956
15425	28	248	951	956
4439	28	117	951	956
15693	28	205	951	956
83151	28	1306	951	956
7032	28	199	951	956
80435	28	617	951	956
23268	28	169	951	956
14629	28	106	951	956
8037	28	31	951	956
16234	28	50	951	956
14515	28	50748	951	956
36664	28	213	951	956
29950	28	3396	951	956
18802	28	240	951	956
35791	28	712	951	956
69465	28	245	951	956
33388	28	2769	951	956
33140	28	980	951	956
27825	28	162	951	956
20972	28	136	951	956
23794	28	162	951	956
21365	28	87	951	956
13998	28	39	951	956
26046	28	1679	951	956
31854	28	1170	951	956
28455	28	410	951	956
17832	28	901	951	956
12328	28	184	951	956
8578	28	539	951	956
10154	28	48	951	956
12126	28	242	951	956
31331	28	1524	951	956
25274	28	572	951	956
21054	28	143	951	956
58408	28	48070	951	956
51054	28	86	951	956
11696	28	499	951	956
51096	28	1609	951	956
44510	28	95	951	956
8785	28	428	951	956
40890	28	535	951	956
149305	28	1316	951	956
44189	28	111	951	956
5196	28	276	951	956
33019	28	101	951	956
13313	28	156	951	956
10716	28	240	951	956
21682	28	227	951	956
24768	28	268	951	956
24564	28	131	951	956
34058	28	1059	951	956
44720	28	124	951	956
16614	28	1286	951	956
76969	28	4541	951	956
20495	28	180	951	956
23943	28	29	951	956
50685	28	315	951	956
27440	28	132	951	956
29856	28	704	951	956
86590	28	433	951	956
29665	28	363	951	956
57190	28	35167	951	956
18171	28	575	951	956
16535	28	578	951	956
72675	28	2975	951	956
15645	28	150	951	956
107421	28	1554	951	956
29846	28	171	951	956
15812	28	2100	951	956
26016	28	58	951	956
4733	28	27	951	956
16927	28	378	951	956
16945	28	73	951	956
31794	28	2629	951	956
11166	28	219	951	956
47340	28	2516	951	956
111090	28	989	951	956
5491	28	55	951	956
39296	28	384	951	956
6975	28	132	951	956
143565	28	397	951	956
20636	28	605	951	956
27137	28	4181	951	956
27976	28	117	951	956
35314	28	232	951	956
50812	28	145	951	956
22794	28	2041	951	956
92573	28	205	951	956
35336	28	830	951	956
47164	28	968	951	956
14188	28	288	951	956
20591	28	8764	951	956
37329	28	491	951	956
17466	28	4180	951	956
11479	28	2114	951	956
20835	28	153	951	956
42490	28	1165	951	956
13092	28	377	951	956
6991	28	66	951	956
98815	28	126	951	956
49054	28	635	951	956
17483	28	798	951	956
94477	28	427	951	956
49666	28	1625	951	956
38515	28	986	951	956
11931	28	240	951	956
44071	28	1340	951	956
8799	28	1033	951	956
43990	28	936	951	956
65688	28	3016	951	956
37991	28	7677	951	956
25265	28	1948	951	956
10430	28	46	951	956
63507	28	1297	951	956
79090	28	1135	951	956
10490	28	262	951	956
54230	28	121	951	956
22813	28	73	951	956
5122	28	107	951	956
36655	28	749	951	956
10549	28	60	951	956
107189	28	238	951	956
21113	28	2446	951	956
112929	28	809	951	957
14825	28	846	951	957
14992	28	1170	951	957
6258	28	256	951	957
82386	28	1260	951	957
19121	28	1319	951	957
47794	28	408	951	957
7891	28	290	951	957
19970	28	37	951	957
23742	28	7525	951	957
100157	28	3491	951	957
46394	28	381	951	957
30953	28	1379	951	957
20077	28	1023	951	957
14873	28	916	951	957
26385	28	507	951	957
19016	28	109	951	957
37687	16	10041	951	957
16581	28	396	951	957
30648	28	842	951	957
19809	28	41	951	957
47144	28	964	951	957
35524	28	135	951	957
31496	28	2335	951	957
20765	28	749	951	957
47624	28	114	951	957
23240	28	210	951	957
27780	28	147	951	957
21076	28	431	951	957
40566	28	136	951	957
8685	28	50	951	957
30662	28	1006	951	957
29888	28	23220	951	957
21511	28	500	951	957
107543	28	669	951	957
124026	28	1320	951	957
44925	28	57	951	957
45091	28	3872	951	957
9991	28	14	951	957
15978	28	6022	951	957
17568	28	325	951	957
38191	28	582	951	957
12191	28	45	951	957
16454	28	431	951	957
50938	28	1004	951	957
8104	28	92	951	957
14890	28	98	951	957
42928	28	481	951	957
27982	28	68	951	957
89878	28	1283	951	957
9273	28	453	951	957
9645	28	34	951	957
14504	28	193	951	957
20804	28	49	951	957
19032	28	131	951	957
81003	28	53635	951	957
29324	28	616	951	957
22692	28	114	951	957
37293	28	20	951	957
33502	28	686	951	957
125494	28	5765	951	957
93205	28	1028	951	957
71379	28	12324	951	957
38137	28	603	951	957
36939	28	268	951	957
12058	28	87	951	957
19414	28	1988	951	957
33518	28	78	951	957
45348	28	10531	951	957
11295	28	253	951	957
95013	28	1554	951	957
76819	28	2717	951	957
14733	28	162	951	957
12411	28	14	951	957
32291	28	145	951	957
12220	28	230	951	957
16724	28	1170	951	957
37885	28	722	951	957
29139	28	439	951	957
10407	28	668	951	957
18568	28	489	951	957
60395	28	1177	951	957
34942	28	1414	951	957
93160	28	3452	951	957
11644	28	103	951	957
29987	28	1170	951	957
63274	28	2621	951	957
46950	28	1295	951	957
69611	28	699	951	957
54347	28	1124	951	957
32703	28	1300	951	957
27661	28	276	951	957
129241	28	1383	951	957
25310	28	2107	951	957
42797	28	1174	951	957
11324	28	830	951	957
34998	28	622	951	957
14382	28	20	951	957
33098	28	748	951	957
49753	28	725	951	957
21128	28	244	951	957
19606	28	16	951	957
32290	28	380	951	957
9229	28	74	951	957
39008	28	413	951	957
22463	28	431	951	957
7510	28	16	951	957
10574	28	150	951	957
54089	28	531	951	957
87646	28	749	951	957
51721	28	623	951	957
9272	28	602	951	957
36360	28	364	951	957
13224	28	379	951	957
51754	28	394	951	957
32151	28	1166	951	957
15256	28	63	951	957
39698	28	1524	951	958
34410	28	572	951	958
73455	28	3157	951	958
85791	28	1223	951	958
48352	28	1779	951	958
16915	28	198	951	958
75083	28	99	951	958
73220	28	165	951	958
16520	28	1101	951	958
35990	28	351	951	958
16464	28	250	951	958
38872	28	230	951	958
45654	28	513	951	958
77379	28	2568	951	958
25828	28	213	951	958
18991	28	1000	951	958
16851	28	46	951	958
20050	28	162	951	958
47887	28	583	951	958
8958	28	616	951	958
25245	28	275	951	958
79044	28	649	951	958
9284	28	19	951	958
31632	28	1201	951	958
13189	28	156	951	958
11921	28	4430	951	958
28977	28	147	951	958
34505	28	1265	951	958
21147	28	1135	951	958
7768	28	65	951	958
59335	28	2963	951	958
23349	28	402	951	958
13294	28	406	951	958
11922	28	5527	951	958
44316	28	989	951	958
23593	28	591	951	958
25517	28	51	951	958
11190	28	885	951	958
59887	28	350	951	958
15480	28	2107	951	958
42548	28	87	951	958
44328	28	1101	951	958
19534	28	885	951	958
65417	28	622	951	958
52658	28	103	951	958
11884	28	219	951	958
46968	28	179	951	958
28345	23	54136	951	958
12687	28	290	951	958
32968	28	60	951	958
5714	28	471	951	958
8063	28	217	951	958
19055	28	1041	951	958
36881	28	583	951	958
8348	28	56	951	958
47429	28	328	951	958
32913	28	412	951	958
48710	28	901	951	958
26833	28	2977	951	958
20967	28	174	951	958
22144	28	107	951	958
25499	28	1300	951	958
95420	28	78	951	958
15522	28	73	951	958
20762	28	153	951	958
8411	28	811	951	958
13648	28	98	951	958
9615	28	464	951	958
51366	28	5658	951	958
28851	28	668	951	958
22711	28	38	951	958
16276	28	213	951	958
93153	28	951	951	958
52858	28	269	951	958
38648	28	453	951	958
33649	28	496	951	958
55511	28	757	951	958
15034	28	493	951	958
25888	28	726	951	958
147617	28	1173	951	958
19155	28	150	951	958
23218	28	41	951	958
20898	28	661	951	958
31639	28	161	951	958
4360	28	135	951	958
18468	28	1530	951	958
60149	28	73	951	958
28620	28	155	951	958
30892	28	184	951	958
25032	28	1270	951	958
27429	28	397	951	958
25804	28	868	951	959
26559	28	293	951	959
11910	28	50	951	959
35767	28	267	951	959
41436	28	957	951	959
15619	28	161	951	959
27511	28	153	951	959
56521	28	1170	951	959
72684	28	1345	951	959
13374	28	539	951	959
12266	28	99	951	959
19002	28	198	951	959
21424	28	68762	951	959
85884	28	743	951	959
37199	28	269	951	959
24478	28	27	951	959
51366	28	2632	951	959
25969	28	396	951	959
12689	28	2433	951	959
94025	28	850	951	959
102017	16	2817	951	959
25980	28	64	951	959
44155	28	2629	951	959
7772	28	917	951	959
43960	28	995	951	959
46975	28	291	951	959
10174	28	206	951	959
29917	28	445	951	959
6406	28	166	951	959
10924	28	2051	951	959
38119	28	235	951	959
9571	28	49	951	959
40960	28	368	951	959
99413	28	1178	951	959
33158	28	112	951	959
16061	28	161	951	959
107377	28	2160	951	959
26198	28	984	951	959
9266	28	133	951	959
69434	28	2910	951	959
45306	28	1933	951	959
53668	28	1964	951	959
44877	28	1000	951	959
53831	28	256	951	959
44295	28	1265	951	959
40789	28	268	951	959
51922	28	44	951	959
51022	28	699	951	959
44294	28	668	951	959
13201	28	47	951	959
75039	28	1623	951	959
51682	28	386	951	959
14599	28	155	951	959
92161	28	1677	951	959
92560	28	275	951	959
35640	28	436	951	959
22466	28	52	951	959
5065	28	484	951	959
31632	28	1132	951	959
78741	28	1535	951	959
26177	28	2107	951	959
19730	28	99	951	959
31164	28	206	951	960
25665	28	1966	951	960
17232	28	29	951	960
15657	28	1944	951	960
67996	28	1504	951	960
30001	28	91	951	960
46912	28	286	951	960
24381	28	575	951	960
17488	23	48703	951	960
69211	28	1549	951	960
36705	28	181	951	960
44294	28	228	951	960
23307	28	223	951	960
18796	28	1132	951	960
8008	28	85	951	960
9464	28	153	951	960
14366	28	1504	951	960
115351	28	506	951	960
21059	28	368	951	960
12694	28	22	951	960
26813	28	327	951	960
62971	28	193	951	960
41408	28	280	951	960
15048	28	227	951	960
42703	28	1570	951	960
24642	28	889	951	960
98516	28	345	951	960
38903	28	718	951	960
27591	28	1763	951	960
17011	28	413	951	960
9195	28	213	951	960
39888	28	1260	951	960
130395	28	386	951	960
34305	28	45	951	960
13464	28	523	951	960
28907	28	124	951	960
16037	28	135	951	960
31067	28	676	951	960
105337	14	4279	951	960
36367	28	383	951	960
19948	28	217	951	960
121998	28	1173	951	960
71697	28	436	951	960
14402	28	452	951	960
15497	28	520	951	960
38179	28	453	951	960
27943	28	794	951	960
16533	28	450	951	960
19728	28	242	951	961
26950	28	43	951	961
12065	28	134	951	961
36774	28	95	951	961
14333	28	162	951	961
5991	28	1528	951	961
54868	28	268	951	961
13911	28	87	951	961
38058	28	941	951	961
55679	28	1237	951	961
32383	28	206	951	961
44339	28	146	951	961
17399	28	817	951	961
120371	28	4018	951	961
14925	28	325	951	961
23901	28	1528	951	961
18995	28	106	951	961
20992	28	1000	951	961
51754	28	106	951	961
8190	28	217	951	961
99202	28	1935	951	961
29807	28	4752	951	961
154473	28	1171	951	961
15913	28	817	951	961
8210	28	223	951	961
38649	28	1828	951	961
31030	28	974	951	961
30323	28	71	951	961
77990	28	531	951	961
83964	28	3265	951	962
38786	28	1920	951	962
47252	28	547	951	962
11489	28	247	951	962
8527	28	74	951	962
50830	28	214	951	962
8110	28	1879	951	962
24162	28	223	951	962
11904	28	14	951	962
13814	28	56	951	962
81339	23	5159	951	962
9740	28	817	951	962
19461	28	213	951	962
59973	28	413	951	962
20618	28	1504	951	962
33218	28	1554	951	962
92707	28	809	951	962
27984	28	1000	951	962
24471	28	1528	951	962
6313	28	531	951	962
8858	28	5963	951	962
68857	28	1570	951	962
28514	28	523	951	962
61929	28	1270	951	962
14475	28	257	951	962
110161	28	146	951	962
53187	28	1504	951	963
63521	28	179	951	963
65377	28	2371	951	963
77183	28	5469	951	963
75858	28	136	951	963
40735	28	1263	951	963
59515	28	520	951	963
30063	28	2871	951	963
105950	16	79117	951	963
12050	28	146	951	963
23802	28	106	951	963
14144	28	428	951	963
6827	28	540	951	963
95249	28	10488	951	963
16217	28	1734	951	963
20251	28	1935	951	963
16891	28	835	951	963
21202	28	106	951	963
53093	28	1028	951	964
17575	28	106	951	964
11075	28	14	951	964
48403	28	957	951	964
40885	28	413	951	964
16223	28	453	951	964
81998	28	268	951	964
95022	28	2371	951	964
45348	28	11512	951	964
127511	28	192	951	964
16466	28	336	951	964
12055	28	413	951	964
35266	28	525	951	964
39847	28	3526	951	965
23714	28	206	951	965
14168	28	184	951	965
27068	28	32	951	965
6281	28	3627	951	965
18615	28	1814	951	965
69626	28	4458	951	965
17454	28	1859	951	965
88207	28	32	951	965
12601	28	180	951	965
13237	28	505	951	965
14602	28	726	951	965
44083	28	1170	951	965
40516	28	268	951	966
48920	28	20	951	966
21079	28	3319	951	966
15984	28	817	951	966
65201	16	8	951	966
44136	28	695	951	966
23827	28	453	951	966
35609	28	456	951	966
94354	28	5733	951	966
19796	28	6657	951	966
80552	28	14947	951	966
35033	28	869	951	967
39092	28	809	951	967
31789	28	547	951	967
40824	28	1814	951	967
7882	28	1075	951	967
44210	28	1898	951	967
111902	28	32808	951	967
11922	28	330	951	968
54403	28	1000	951	968
6877	28	45	951	968
48402	28	52	951	968
23667	28	869	951	968
4423	23	4433	951	969
4433	23	4423	951	969
95813	14	155564	952	0
8362	28	1034	952	0
95896	28	565	952	0
52089	28	164	952	0
38969	28	757	952	0
39021	28	290	952	0
70910	28	1440	952	0
14428	28	2857	952	0
52425	28	14452	952	0
29263	28	176	952	0
4132	28	61	952	0
9238	28	1594	952	0
39158	28	635	952	0
45306	28	484	952	0
82811	28	16602	952	0
18967	28	27	952	0
21906	28	1346	952	0
22090	28	161	952	0
16656	28	120	952	0
12964	28	1000	952	0
61431	28	454	952	0
4547	28	233	952	0
96909	28	4549	952	0
11326	28	713	952	0
83581	28	1286	952	0
9332	28	418	952	0
29321	28	447	952	0
34485	28	1554	952	0
9505	28	626	952	0
83802	28	1138	952	0
83809	28	1582	952	0
72258	28	1468	952	0
84045	28	2913	952	0
34884	28	2831	952	0
9620	28	418	952	0
26317	28	800	952	0
14769	28	67	952	0
22854	28	2834	952	0
46899	28	620	952	0
12030	28	815	952	0
156894	14	46859	952	0
3240	28	3456	952	0
19124	28	1841	952	0
112804	28	410	952	0
133340	14	2911	952	0
25004	28	1535	952	0
26570	28	39	952	0
6479	28	388	952	0
23205	14	444	952	0
41117	28	616	952	0
73544	14	2258	952	0
7254	28	1395	952	0
16800	28	391	952	0
15468	28	712	952	0
17641	28	117	952	0
47624	28	119	952	0
10394	28	554	952	0
133992	14	2911	952	0
7461	28	105	952	0
64201	28	781	952	0
47981	28	119	952	0
86015	14	1706	952	0
41655	14	7980	952	0
12309	28	2452	952	0
27188	28	1218	952	0
6859	28	73	952	0
5327	28	1432	952	0
4065	28	88	952	0
5020	28	49	952	0
55779	28	1679	952	0
41916	28	2829	952	0
5644	28	915	952	0
72228	28	3762	952	0
100147	28	2840	952	0
42035	28	7480	952	0
27466	28	408	952	0
42063	28	86	952	0
55744	28	6621	952	0
15819	28	3385	952	0
29987	28	510	952	0
12329	28	135	952	0
56250	14	87072	952	0
6155	28	515	952	0
8593	28	614	952	0
55761	14	943	952	0
15850	28	1611	952	0
65024	28	998	952	0
11634	28	418	952	0
23933	28	436	952	0
100765	28	1346	952	0
23024	28	1024	952	0
17399	28	1261	952	0
46203	28	2971	952	0
6337	28	8223	952	0
4132	28	2880	952	0
75857	28	5171	952	0
4191	28	266	952	0
17270	28	3959	952	0
6963	28	2122	952	0
42791	28	381	952	0
76224	28	483	952	0
29014	28	1091	952	0
20667	28	532	952	0
96763	14	3501	952	0
5587	28	72	952	0
12449	28	16	952	0
101758	28	32155	952	0
13934	28	1014	952	0
10643	14	3622	952	0
7212	28	12104	952	0
101860	28	1841	952	0
76489	28	238	952	0
30832	28	32333	952	0
35291	28	364	952	0
32188	28	144	952	0
76771	28	449	952	0
13030	14	54589	952	0
27274	28	281	952	0
32446	28	105	952	0
18103	28	2812	952	0
54393	28	1346	952	0
57517	28	3122	952	0
14263	28	418	952	0
12806	28	1202	952	0
10154	28	24	952	0
70651	28	38831	952	0
98310	28	640	952	0
6242	28	1100	952	0
25000	28	37	952	0
12867	28	462	952	0
71229	28	431	952	0
29299	28	3407	952	0
18967	28	223	952	0
10359	28	620	952	0
13067	28	52	952	0
25370	28	565	952	0
11477	28	1535	952	0
9299	28	149	952	0
53097	28	1711	952	0
10430	28	24	952	0
16289	28	13172	952	0
8566	28	1871	952	0
34172	28	815	952	0
14862	28	668	952	0
160386	14	7183	952	0
34404	28	1202	952	0
14943	28	418	952	0
4221	28	107	952	0
6395	28	61	952	0
3689	28	109	952	0
13269	28	1269	952	0
10515	28	1363	952	0
17152	28	915	952	0
77737	28	103529	952	0
8405	28	14	952	0
34827	28	103	952	0
64239	28	160	952	0
58061	28	281	952	0
67249	28	392	952	0
19665	28	1711	952	0
74989	28	15530	952	0
43001	28	57	952	0
25460	28	906	952	0
16829	28	1000	952	0
19837	28	1690	952	0
11686	28	24	952	0
26370	28	31	952	0
11339	28	2534	952	0
103837	14	3797	952	0
15211	28	7187	952	0
119751	28	2745	952	0
77963	28	12104	952	0
73585	28	13406	952	0
18563	28	39	952	0
133540	14	32634	952	0
19045	28	649	952	0
103252	28	1497	952	0
15159	28	1165	952	0
26730	28	748	952	0
6963	28	41	952	0
11766	28	364	952	0
25762	28	927	952	0
13624	28	751	952	0
77474	28	13720	952	0
52544	28	915	952	0
35651	28	181	952	0
37401	14	32579	952	0
76197	28	2150	952	0
9624	28	79	952	0
71068	28	238	952	0
12126	28	482	952	0
12892	28	2863	952	0
89636	28	2040	952	0
11829	28	188	952	0
77990	28	915	952	0
74377	28	1375	952	0
55456	28	1218	952	0
63890	28	391	952	0
104976	28	1379	952	0
5240	28	193	952	0
20589	28	1195	952	0
62661	28	19370	952	0
8550	28	67	952	0
9548	28	670	952	0
23203	28	1841	952	0
48649	28	3022	952	0
16620	28	2385	952	0
105198	28	167	952	0
10311	28	54	952	0
19222	28	439	952	0
44917	28	1711	952	0
56113	28	195	952	0
26122	28	976	952	0
41387	28	89	952	0
91363	28	632	952	0
5838	28	57	952	0
8748	28	88	952	0
9802	28	1644	952	0
6578	14	1491	952	0
20903	28	529	952	0
5870	28	49	952	0
15784	28	462	952	0
46371	28	1544	952	0
53972	28	1304	952	0
10815	28	1644	952	0
73315	28	1088	952	0
74118	28	102	952	0
7448	28	815	952	0
7936	28	1186	952	0
61832	28	62084	952	0
7381	28	88	952	0
10223	28	330	952	0
14420	28	619	952	0
83643	28	1346	952	0
27892	28	171	952	0
7029	28	2447	952	0
31119	14	32579	952	0
36872	28	1041	952	0
15141	28	418	952	0
141061	14	122289	952	0
8089	28	323	952	0
49355	28	660	952	0
21114	28	560	952	0
7381	28	265	952	0
53870	14	3721	952	0
14020	28	992	952	0
136401	28	1414	952	0
96909	28	19101	952	0
92045	28	1440	952	0
92047	1	23445	952	0
37320	28	358	952	0
9137	28	507	952	0
12433	28	154	952	0
11921	28	695	952	0
12850	28	2641	952	0
36548	28	168	952	0
29829	28	915	952	0
106468	28	3663	952	0
29665	28	482	952	0
6035	28	446	952	0
11053	28	9689	952	0
14983	28	3078	952	0
36480	28	431	952	0
39559	28	2806	952	0
10441	28	483	952	0
24882	28	640	952	0
43864	28	371	952	0
123080	16	117315	952	0
8293	28	442	952	0
123080	16	85369	952	0
24477	28	276	952	0
25967	28	2971	952	0
24990	28	1400	952	0
66221	28	2371	952	0
14036	28	2867	952	0
27946	28	195	952	0
92577	28	195	952	0
13656	28	142	952	0
62069	28	19101	952	0
6244	28	3022	952	0
22864	28	3835	952	0
7040	28	185	952	0
123558	28	2156	952	0
21201	28	337	952	0
69065	14	69057	952	0
15826	28	1176	952	0
69138	28	415	952	0
12500	28	156	952	0
142786	28	1041	952	0
107421	28	1625	952	0
13224	28	482	952	0
72039	28	482	952	0
34960	28	507	952	0
5829	28	6631	952	0
10875	28	195	952	0
9782	28	27	952	0
6532	28	717	952	0
25302	28	236	952	0
72400	28	5765	952	0
32916	28	927	952	0
67470	28	350	952	0
122483	28	1948	952	0
12303	28	1171	952	0
10293	28	2878	952	0
25921	28	478	952	0
12445	28	165	952	0
28166	28	89	952	0
90595	28	378	952	0
20039	28	32	952	0
12221	28	605	952	0
60971	28	61	952	0
32370	28	122	952	0
25835	28	2156	952	0
69523	23	93488	952	0
93488	23	69523	952	0
88556	28	119	952	0
8759	28	1772	952	0
6014	28	257	952	0
8162	28	1462	952	0
58000	28	1342	952	0
17247	28	298	952	0
30335	28	72	952	0
9326	28	2611	952	0
93619	28	1649	952	0
24617	28	238	952	0
6502	28	202	952	0
59624	28	565	952	0
80536	28	8223	952	0
118020	28	72	952	0
108483	28	391	952	0
20583	28	462	952	0
116417	14	80563	952	0
10995	28	528	952	0
8458	28	66414	952	0
5037	28	102	952	0
81008	28	5331	952	0
42505	28	361	952	0
17213	28	478	952	0
33944	28	2041	952	0
9974	28	603	952	0
6961	28	47032	952	0
73386	28	2522	952	0
53620	28	397	952	0
77132	28	35721	952	0
42430	28	119	952	0
10577	28	662	952	0
8403	28	112	952	0
19244	28	120	952	0
83722	28	9049	952	0
145221	14	26070	952	0
84039	28	160	952	0
36504	14	902	952	0
5327	28	3686	952	0
35791	28	1218	952	0
66321	28	272	952	0
13160	28	122	952	0
9183	28	467	952	0
78732	28	152	952	0
6978	28	3407	952	0
145532	14	145533	952	0
25750	28	418	952	0
22213	28	1384	952	0
42425	28	186	952	0
38385	28	676	952	0
17668	28	236	952	0
8308	28	135	952	0
5626	28	478	952	0
61853	28	1261	952	0
73064	28	2793	952	0
94375	6	57074	952	0
5894	28	22	952	0
94387	28	216	952	0
59224	28	1356	952	0
15836	28	12104	952	0
4547	28	830	952	0
8362	28	239	952	0
39304	28	107	952	0
92047	1	46613	952	0
29420	28	35721	952	0
4707	28	2653	952	0
18132	28	288	952	0
6197	28	28	952	0
115158	14	24389	952	0
16089	28	1910	952	0
14578	28	68895	952	0
26536	28	2519	952	0
26525	28	399	952	0
8969	28	1152	952	0
8060	28	282	952	0
44136	28	640	952	0
10441	28	1134	952	0
31061	28	227	952	0
60971	28	122	952	0
24465	28	1590	952	0
107286	28	39378	952	0
81498	28	73955	952	0
107032	14	44164	952	0
12610	28	32	952	0
19441	28	2863	952	0
77878	28	781	952	0
36454	28	168	952	0
11993	28	1228	952	0
11691	28	998	952	0
27099	28	265	952	0
168837	14	146741	952	0
8292	28	175	952	0
62349	28	871	952	0
15508	28	4195	952	0
15776	28	640	952	0
66749	28	80	952	0
31699	14	4611	952	0
31583	28	1266	952	0
32382	28	410	952	0
9931	28	227	952	0
10668	28	167	952	0
92573	28	3299	952	0
28779	14	20836	952	0
39158	28	653	952	0
25908	14	1491	952	0
26595	28	2748	952	0
18427	28	81	952	0
70581	28	55864	952	0
20232	28	70	952	0
5297	28	102	952	0
16151	28	781	952	0
8942	28	816	952	0
48861	28	51628	952	0
94821	28	3492	952	0
13390	28	781	952	0
54104	28	1321	952	0
13624	28	2822	952	0
31657	28	4778	952	0
19581	28	230	952	0
21064	28	1650	952	0
41058	28	216	952	0
12653	28	3437	952	0
11148	28	394	952	0
51943	28	1640	952	0
33693	28	540	952	0
9774	28	38	952	0
50149	28	298	952	0
8759	28	1633	952	0
33010	28	1399	952	0
107421	28	3061	952	0
65507	23	147644	952	0
5670	28	23	952	0
90750	28	2180	952	0
17387	28	915	952	0
81734	28	35757	952	0
21987	28	1052	952	0
17454	28	2214	952	0
53514	28	1462	952	0
25669	28	89	952	0
23411	28	2880	952	0
15826	28	259	952	0
94831	28	2442	952	0
6462	28	816	952	0
7056	28	640	952	0
123343	14	25228	952	0
7080	28	39	952	0
110431	28	2289	952	0
5164	28	39	952	0
11905	28	815	952	0
37788	28	165	952	0
90946	28	415	952	0
13334	28	3420	952	0
42902	28	713	952	0
9286	28	217	952	0
6059	28	120	952	0
8550	28	63	952	0
51694	28	515	952	0
77861	14	7134	952	0
42505	28	462	952	0
11481	28	4903	952	0
21022	28	1162	952	0
40064	28	1825	952	0
26385	28	106	952	0
8342	28	67	952	0
10280	28	174	952	0
6178	28	160	952	0
14290	28	507	952	0
10567	28	85	952	0
36141	28	1775	952	0
14769	28	64	952	0
37214	28	450	952	0
16664	28	1254	952	0
31878	28	640	952	0
25341	28	5748	952	0
9624	28	6432	952	0
33537	28	214	952	0
74284	14	3057	952	0
9505	28	2250	952	0
5617	23	15260	952	0
12876	28	1307	952	0
81734	28	10676	952	0
8158	28	19408	952	0
84523	23	110741	952	0
9974	28	220	952	0
12881	28	815	952	0
12372	28	23	952	0
20285	28	1625	952	0
11611	28	33	952	0
6237	28	166	952	0
72055	28	269	952	0
24647	28	462	952	0
72860	28	1703	952	0
12295	28	13406	952	0
82521	28	2371	952	0
48738	28	3987	952	0
8227	28	499	952	0
9651	28	9049	952	0
34079	28	269	952	0
51834	14	7343	952	0
49482	14	2911	952	0
23106	14	39030	952	0
36239	28	1255	952	0
13648	28	221	952	0
9940	28	494	952	0
51341	28	574	952	0
3605	23	49807	952	0
65435	28	4947	952	0
10057	28	76	952	0
149656	28	80	952	0
6275	28	1981	952	0
9959	28	620	952	0
9633	28	6067	952	0
15999	28	2519	952	0
64064	28	40690	952	0
54175	28	195	952	0
56481	28	605	952	0
54573	28	2863	952	0
51704	28	1841	952	0
4615	28	1311	952	0
68929	28	361	952	0
11017	28	292	952	0
78724	28	19410	952	0
100188	28	7791	952	0
111073	28	29155	952	0
77474	28	54731	952	0
10359	28	387	952	0
12006	28	150	952	0
8083	28	351	952	0
81817	28	4116	952	0
33949	23	5134	952	0
13640	28	123	952	0
21515	28	54	952	0
115481	14	12873	952	0
73376	28	1075	952	0
7687	28	1508	952	0
11597	28	941	952	0
9649	28	21300	952	0
12377	28	423	952	0
17410	28	321	952	0
67600	28	2868	952	0
24044	28	2214	952	0
84984	28	198	952	0
22072	28	160	952	0
119000	14	46859	952	0
128189	28	39517	952	0
6342	28	18401	952	0
32908	28	2738	952	0
44499	28	5748	952	0
91797	28	507	952	0
9137	28	1625	952	0
34485	28	1440	952	0
74484	28	166	952	0
9993	28	533	952	0
60493	28	1703	952	0
48991	28	1055	952	0
10693	28	1286	952	0
28699	28	1841	952	0
18870	28	901	952	0
43882	28	92	952	0
8132	28	2242	952	0
30828	28	1075	952	0
102882	28	415	952	0
10259	28	816	952	0
39559	28	1500	952	0
69301	28	493	952	0
8147	28	64	952	0
38961	28	520	952	0
21804	23	18158	952	0
9431	28	171	952	0
60971	28	105	952	0
151552	28	1031	952	0
21218	28	915	952	0
38489	14	2783	952	0
68820	28	482	952	0
10024	28	32784	952	0
11811	28	610	952	0
59203	28	819	952	0
10310	28	166	952	0
33151	28	927	952	0
7614	28	462	952	0
15235	28	3836	952	0
66955	14	2188	952	0
9570	28	552	952	0
7365	28	816	952	0
10249	28	1330	952	0
80398	28	6555	952	0
5054	28	2156	952	0
12926	28	458	952	0
30197	28	462	952	0
43021	28	2641	952	0
51394	28	184	952	0
17548	28	615	952	0
128940	14	9732	952	0
12289	28	24	952	0
31022	28	482	952	0
7687	28	277	952	0
5911	28	88	952	0
8381	28	2264	952	0
15208	28	816	952	0
11498	28	310	952	0
8566	28	2748	952	0
21877	28	4189	952	0
18879	28	907	952	0
12508	28	28393	952	0
18170	28	1368	952	0
21564	28	907	952	0
57585	28	22734	952	0
9299	28	88	952	0
12372	28	878	952	0
47156	28	4549	952	0
44198	28	4251	952	0
10337	28	141	952	0
5534	28	888	952	0
12007	28	158	952	0
18689	28	257	952	0
71947	28	591	952	0
80005	28	1462	952	0
51460	28	2793	952	0
69950	28	904	952	0
4390	28	86	952	0
23360	28	23	952	0
69485	28	126	952	0
37626	28	640	952	0
5826	28	98	952	0
19922	28	7024	952	0
12732	28	107	952	0
24470	28	186	952	0
14160	28	2857	952	0
5164	28	30	952	0
28090	14	3063	952	0
23541	28	920	952	0
33750	28	24	952	0
32267	28	446	952	0
65024	28	126	952	0
22749	14	782	952	0
75220	28	69371	952	0
10335	28	104	952	0
33272	28	381	952	0
60061	28	1104	952	0
22750	28	274	952	0
30983	28	1409	952	0
63124	28	195	952	0
40090	28	1535	952	0
32012	28	640	952	0
23877	28	106	952	0
61209	28	23789	952	0
9316	28	504	952	0
15538	28	27	952	0
11143	28	816	952	0
92326	28	428	952	0
6936	28	254	952	0
6658	28	72	952	0
26405	28	417	952	0
102326	28	2543	952	0
5631	23	7995	952	0
7995	23	5631	952	0
32802	28	1801	952	0
92520	28	1070	952	0
3986	28	907	952	0
7101	28	739	952	0
48861	28	91	952	0
11493	28	1809	952	0
35026	28	26318	952	0
8000	28	3022	952	0
78566	28	1440	952	0
8614	28	333	952	0
71341	28	100376	952	0
22932	28	175	952	0
11437	28	171	952	0
5362	28	117	952	0
33228	28	2840	952	0
106996	28	432	952	0
27960	28	3407	952	0
75689	28	165	952	0
45158	28	1462	952	0
4575	28	54731	952	0
55524	28	7898	952	0
75833	28	73955	952	0
4191	28	1049	952	0
28850	28	25075	952	0
11097	28	2347	952	0
40514	28	1265	952	0
4811	28	2975	952	0
10388	28	418	952	0
22758	28	2148	952	0
23411	28	1199	952	0
8935	28	1004	952	0
16438	28	690	952	0
121746	28	1583	952	0
4884	28	400	952	0
9458	28	1440	952	0
68172	28	532	952	0
99761	28	3876	952	0
19715	28	1581	952	0
9056	28	66	952	0
15111	28	110	952	0
5774	28	1306	952	0
94716	28	2271	952	0
44959	28	126	952	0
23790	28	65	952	0
50148	28	640	952	0
41099	28	702	952	0
6034	28	79	952	0
40081	28	1169	952	0
16534	28	33	952	0
26002	28	348	952	0
70400	28	2156	952	0
64582	28	536	952	0
38147	28	1218	952	0
46209	28	1015	952	0
30154	28	1000	952	0
72805	28	435	952	0
10300	28	1218	952	0
109049	28	920	952	0
54230	28	915	952	0
72193	28	1535	952	0
7733	28	145	952	0
12984	28	573	952	0
18181	28	1041	952	0
93327	28	927	952	0
58613	28	265	952	0
29138	28	998	952	0
21049	28	144	952	0
8959	28	2282	952	0
5896	28	4137	952	0
113804	28	15530	952	0
40465	28	927	952	0
10095	28	1218	952	0
25978	28	904	952	0
50291	28	542	952	0
49549	28	439	952	0
15768	28	2840	952	0
69493	28	215	952	0
16291	28	239	952	0
21498	28	388	952	0
58799	28	3131	952	0
27616	28	4355	952	0
28998	28	526	952	0
7178	28	175	952	0
24077	28	1041	952	0
65024	28	1122	952	0
83905	28	1035	952	0
84176	28	216	952	0
9259	28	23	952	0
33119	28	4823	952	0
27349	28	175	952	0
40432	28	1956	952	0
5730	28	5207	952	0
72946	28	890	952	0
18505	28	893	952	0
9984	28	548	952	0
43132	14	2368	952	0
9306	28	2242	952	0
4572	28	63	952	0
66902	28	391	952	0
37760	28	750	952	0
15159	28	1436	952	0
16287	28	1041	952	0
17247	28	272	952	0
78734	28	152	952	0
42712	28	794	952	0
8412	28	1839	952	0
92663	28	368	952	0
44584	28	1462	952	0
10556	28	405	952	0
15839	28	408	952	0
44976	28	6067	952	0
52631	28	112	952	0
92465	28	7480	952	0
16502	28	220	952	0
54905	28	3193	952	0
92592	28	274	952	0
6391	28	227	952	0
73280	28	2138	952	0
77756	28	2853	952	0
20103	28	411	952	0
154739	23	2696	952	0
92045	28	536	952	0
77664	28	937	952	0
70254	28	1583	952	0
5517	28	201	952	0
21538	28	2041	952	0
8113	28	739	952	0
92465	28	507	952	0
15010	28	546	952	0
87737	28	98307	952	0
91145	28	54731	952	0
60984	28	5107	952	0
5960	28	405	952	0
13029	28	141	952	0
17971	28	2216	952	0
3854	28	175	952	0
94676	28	917	952	0
25878	28	507	952	0
9560	28	1462	952	0
33474	28	462	952	0
11078	28	2122	952	0
52583	28	3924	952	0
78500	14	2005	952	0
11033	28	1112	952	0
85687	28	1497	952	0
70416	23	21656	952	0
21656	23	70416	952	0
154398	14	1217	952	0
10154	28	815	952	0
4836	28	294	952	0
41829	28	1462	952	0
42644	28	482	952	0
28674	28	411	952	0
40895	28	1816	952	0
15175	28	1110	952	0
14001	28	64	952	0
61512	28	215	952	0
59658	28	4844	952	0
42451	28	535	952	0
32541	14	308	952	0
67597	28	548	952	0
8411	28	1074	952	0
22036	28	927	952	0
59042	28	875	952	0
62248	28	1245	952	0
26804	28	933	952	0
26825	28	391	952	0
68030	28	72	952	0
12160	28	58	952	0
44223	28	364	952	0
51768	28	32333	952	0
15975	28	616	952	0
38872	28	60	952	0
56695	28	2271	952	0
26388	28	3420	952	0
7237	28	38	952	0
31782	28	4778	952	0
17736	28	360	952	0
67566	14	20071	952	0
107394	28	875	952	0
72805	28	132	952	0
59802	28	2738	952	0
78399	28	1700	952	0
48068	28	713	952	0
68174	28	8602	952	0
64392	28	1261	952	0
8013	28	815	952	0
7702	28	408	952	0
43882	28	102	952	0
17405	28	211	952	0
12485	28	30717	952	0
81303	28	3326	952	0
15508	28	3819	952	0
65835	28	186	952	0
7978	28	72	952	0
10857	23	4863	952	0
76728	28	4116	952	0
12074	28	2593	952	0
12806	28	1521	952	0
47342	28	2216	952	0
29394	28	165	952	0
110963	28	2027	952	0
66469	28	11364	952	0
10695	28	4549	952	0
54573	28	68013	952	0
26212	28	675	952	0
126064	14	7343	952	0
36948	28	351	952	0
74438	28	394	952	0
4734	28	56	952	0
130262	14	80563	952	0
60513	28	1551	952	0
8944	28	80	952	0
71928	28	9944	952	0
6925	28	167	952	0
15895	28	339	952	0
107421	28	7480	952	0
26785	28	5063	952	0
24364	28	378	952	0
21579	28	1764	952	0
7278	28	640	952	0
43787	28	4831	952	0
8348	28	404	952	0
19055	28	1218	952	0
11829	28	58	952	0
10116	28	6370	952	0
13246	28	292	952	0
11179	28	442	952	0
57389	28	1408	952	0
19075	28	1243	952	0
23465	28	18706	952	0
5273	28	868	952	0
112440	14	5693	952	0
53336	14	6305	952	0
101484	28	536	952	0
102704	14	207	952	0
61236	28	5113	952	0
20558	28	32	952	0
28166	28	186	952	0
6858	28	252	952	0
17686	28	122	952	0
6575	28	557	952	0
33647	28	536	952	0
14513	28	864	952	0
70580	28	2880	952	0
63392	28	1932	952	0
21511	28	418	952	0
96468	28	3078	952	0
10350	28	152	952	0
16910	23	6469	952	0
6469	23	16910	952	0
34190	28	3492	952	0
9337	28	815	952	0
38437	28	257	952	0
8982	28	1034	952	0
93655	28	2435	952	0
4351	28	23	952	0
90390	28	3443	952	0
5535	28	571	952	0
16466	28	640	952	0
29829	28	241	952	0
11282	28	412	952	0
30900	28	662	952	0
15381	28	60	952	0
15796	28	10650	952	0
93995	28	21300	952	0
35072	28	927	952	0
5368	28	107	952	0
94888	28	288	952	0
29478	28	523	952	0
8054	28	1508	952	0
72131	28	35721	952	0
8745	28	4860	952	0
14194	28	64	952	0
57799	14	237	952	0
18078	28	478	952	0
4981	28	48	952	0
6436	28	5185	952	0
3986	28	625	952	0
6667	28	92	952	0
32915	28	482	952	0
17022	28	214	952	0
18427	28	221	952	0
69321	28	32155	952	0
9953	28	1611	952	0
14511	28	3663	952	0
13355	28	81	952	0
5968	28	1742	952	0
73192	28	653	952	0
74377	28	1583	952	0
18530	28	691	952	0
9939	23	49890	952	0
49890	23	9939	952	0
5620	28	261	952	0
11526	28	102	952	952
104474	14	1869	952	952
51943	28	88	952	953
5870	28	102	952	953
51971	28	447	952	953
11217	28	40	952	953
5183	28	1499	952	953
6658	28	57	952	953
18729	28	2274	952	953
70808	28	693	952	953
14364	28	175	952	953
7713	28	267	952	953
14422	28	38	952	953
5435	28	1245	952	953
16555	28	1211	952	953
18915	28	159	952	953
61038	28	2649	952	953
29310	28	741	952	953
39177	28	192	952	953
12966	28	1257	952	953
10301	28	70	952	953
33857	28	378	952	953
25236	28	3122	952	953
14332	28	1919	952	953
4223	28	89	952	953
96481	28	83	952	953
29254	28	13020	952	953
13024	28	253	952	953
29500	28	2331	952	953
83166	28	4164	952	953
12955	28	33	952	953
11302	28	1565	952	953
112885	28	2534	952	953
34232	28	408	952	953
9298	28	371	952	953
11660	28	676	952	953
19350	28	5494	952	953
53182	28	369	952	953
34338	28	2343	952	953
29844	28	129	952	953
39753	28	60	952	953
61833	28	231	952	953
5726	28	364	952	953
19421	28	1136	952	953
22145	28	4844	952	953
11721	28	555	952	953
83697	28	2449	952	953
62069	28	89	952	953
11276	28	1334	952	953
46348	28	1984	952	953
9332	28	2447	952	953
62373	28	40	952	953
40195	28	716	952	953
7175	28	72	952	953
6669	28	4669	952	953
21748	28	2048	952	953
9608	28	400	952	953
15128	28	193	952	953
97891	28	104	952	953
40432	28	451	952	953
30150	28	377	952	953
26394	28	713	952	953
98101	28	930	952	953
12037	28	447	952	953
6667	28	39	952	953
46984	28	28	952	953
20028	28	447	952	953
18755	28	878	952	953
47163	28	23111	952	953
63322	28	165	952	953
73376	28	5113	952	953
73388	28	1159	952	953
47371	28	4745	952	953
20257	28	20258	952	953
73506	28	442	952	953
21921	28	5808	952	953
15452	28	171	952	953
6332	28	77	952	953
8858	28	9147	952	953
28936	28	1229	952	953
47605	28	8602	952	953
46036	28	1492	952	953
8096	28	31	952	953
99202	28	669	952	953
41448	28	146	952	953
6653	28	242	952	953
27104	28	1397	952	953
41565	28	1057	952	953
36034	28	1367	952	953
12182	28	1041	952	953
73455	28	1334	952	953
10581	28	220	952	953
10895	28	192	952	953
7744	28	603	952	953
99656	28	5801	952	953
27267	28	1131	952	953
8773	28	548	952	953
17641	28	102	952	953
23667	28	384	952	953
26912	28	240	952	953
17863	28	1264	952	953
47778	28	379	952	953
36172	28	477	952	953
13465	28	1367	952	953
86557	28	152	952	953
6238	28	3692	952	953
9177	28	23	952	953
17952	28	956	952	953
12321	28	143	952	953
47714	28	141	952	953
35529	28	215	952	953
75306	28	940	952	953
39080	28	610	952	953
23800	28	1522	952	953
11851	28	360	952	953
27686	28	984	952	953
11410	28	2867	952	953
18876	28	725	952	953
19686	28	614	952	953
39989	28	1223	952	953
42528	28	557	952	953
5588	28	5801	952	953
15069	28	960	952	953
13953	28	19	952	953
13806	28	888	952	953
29282	28	940	952	953
26742	28	1964	952	953
14375	28	156	952	953
15639	28	1609	952	953
35094	28	1497	952	953
8628	28	380	952	953
117631	28	8562	952	953
55862	28	1120	952	953
6887	28	960	952	953
23221	28	76	952	953
101940	28	167	952	953
117821	28	2271	952	953
57271	28	2349	952	953
21904	28	360	952	953
8061	28	1273	952	953
17249	28	1101	952	953
19753	28	583	952	953
48698	28	1016	952	953
49779	28	976	952	953
14883	28	336	952	953
29014	28	1477	952	953
16389	28	1173	952	953
57567	28	6823	952	953
43245	28	5265	952	953
76985	28	193	952	953
11385	28	1850	952	953
118453	28	681	952	953
5217	28	23	952	953
18718	28	9147	952	953
43294	28	1335	952	953
9271	28	1442	952	953
8513	28	780	952	953
9224	28	1073	952	953
29276	28	40	952	953
28895	28	1265	952	953
10337	28	248	952	953
7788	28	27	952	953
13054	28	33	952	953
89396	28	37	952	953
34242	28	158	952	953
52586	28	2386	952	953
88008	28	2003	952	953
137607	28	3465	952	953
12309	28	7480	952	953
34323	28	132	952	953
33665	28	313	952	953
14831	28	336	952	953
11400	28	491	952	953
71933	28	280	952	953
19230	28	703	952	953
25834	28	253	952	953
19051	28	247	952	953
16954	28	83	952	953
19667	28	83	952	953
19815	28	1730	952	953
84290	28	155	952	953
7394	28	33	952	953
102406	28	235	952	953
8430	28	95	952	953
7373	28	2435	952	953
17221	28	391	952	953
11601	28	708	952	953
40615	28	481	952	953
119756	28	1462	952	953
67420	28	1497	952	953
5020	28	102	952	953
6299	28	3788	952	953
26456	28	1097	952	953
43591	28	559	952	953
55778	28	13859	952	953
40885	28	722	952	953
22750	28	139	952	953
23426	28	3938	952	953
12161	28	458	952	953
62930	28	2442	952	953
17351	28	712	952	953
35698	28	89	952	953
12206	28	240	952	953
87938	28	1594	952	953
3789	28	152	952	953
15445	28	117	952	953
7461	28	215	952	953
7467	28	577	952	953
20183	28	1060	952	953
67767	28	344	952	953
6521	28	20	952	953
14983	28	1984	952	953
8068	28	452	952	953
6017	28	126	952	953
17725	28	2327	952	953
35957	28	2126	952	953
31241	28	254	952	953
10818	28	17699	952	953
20490	28	400	952	953
23513	28	181	952	953
77849	28	825	952	953
27119	28	15621	952	953
26347	28	167	952	953
90852	28	732	952	953
14343	28	221	952	953
5559	28	63	952	953
8129	28	339	952	953
8925	28	57	952	953
10252	28	830	952	953
27209	28	154	952	953
121002	28	903	952	953
86020	28	1392	952	953
17767	28	353	952	953
105065	28	641	952	953
20110	28	177	952	953
77611	28	3906	952	953
9917	28	1006	952	953
17911	28	832	952	953
12346	28	146	952	953
72990	28	83	952	953
12055	28	435	952	953
27465	28	1076	952	953
36545	28	808	952	953
20210	28	348	952	953
4788	28	40	952	953
12463	28	339	952	953
8689	28	272	952	953
20492	28	1050	952	953
23840	28	3059	952	953
103976	28	3153	952	953
8118	28	131	952	953
74311	28	2330	952	953
36665	28	16	952	953
48800	28	79	952	953
15777	28	5158	952	953
38841	28	754	952	953
42433	28	274	952	953
64853	28	39	952	953
23842	28	3221	952	953
77881	28	8223	952	953
10831	28	11015	952	953
19460	28	80	952	953
22902	28	380	952	953
50685	28	2927	952	953
36853	28	617	952	953
68379	28	171	952	953
5419	28	3174	952	953
48826	28	377	952	953
9267	28	192	952	953
89503	28	273	952	953
31740	28	423	952	953
102197	28	88104	952	953
44959	28	250	952	953
85037	28	180	952	953
77154	28	515	952	953
58096	28	528	952	953
54192	28	628	952	953
68485	28	124	952	953
4811	28	2447	952	953
12414	28	31	952	953
18138	28	713	952	953
10209	28	78	952	953
18078	28	404	952	953
67576	28	1607	952	953
43103	28	478	952	953
