51923	28	313	954	958
7184	28	1009	954	958
65182	28	1960	954	958
32872	28	1397	954	958
63516	28	1653	954	958
11167	28	22	954	958
21164	28	311	954	958
5699	28	432	954	958
27629	23	67814	954	958
67814	23	27629	954	958
43178	28	371	954	958
45014	28	20	954	958
44427	28	155	954	958
41888	28	113449	954	958
47998	28	45	954	958
32038	28	121	954	958
17542	28	304	954	958
14048	28	1628	954	958
30968	28	2276	954	958
55219	28	315	954	958
25106	28	661	954	958
12542	28	295	954	958
51445	28	1260	954	958
35367	28	2516	954	958
25738	28	112	954	958
14461	28	61	954	958
15109	28	648	954	958
48365	28	41	954	958
22799	28	355	954	958
41645	28	608	954	958
30892	28	542	954	958
10946	28	222	954	958
16022	28	232	954	958
19863	28	319	954	958
20862	28	436	954	958
19711	28	145	954	958
16281	28	69	954	958
81993	28	419	954	958
20920	28	1054	954	958
18682	28	1238	954	958
48454	28	313	954	958
20776	28	211	954	958
11080	28	181	954	958
7022	28	30	954	958
26601	28	618	954	958
24676	28	403	954	958
59261	28	4703	954	958
34342	28	253	954	958
18510	28	917	954	958
38608	28	547	954	958
104798	28	1703	954	958
23943	28	76	954	958
71620	28	826	954	958
26571	28	171	954	958
8196	28	16	954	958
38640	28	1095	954	958
93205	28	447	954	958
21793	28	39	954	958
9531	28	78	954	958
68921	28	402	954	958
8396	28	248	954	958
38949	28	470	954	958
17569	28	516	954	958
21848	28	150	954	958
13834	28	134	954	958
79801	28	883	954	958
23078	28	252	954	958
24031	28	201	954	958
26051	28	141	954	958
42918	28	1845	954	958
34889	28	1311	954	958
12203	28	169	954	958
19600	28	145	954	958
33129	28	253	954	958
18176	28	48	954	958
29118	28	30	954	958
48910	28	1945	954	958
12239	28	102	954	958
60539	28	415	954	958
20016	28	1976	954	958
15550	28	4930	954	958
45863	28	2057	954	958
9993	28	185	954	958
31253	28	1213	954	958
14936	28	336	954	958
80291	28	649	954	958
46737	28	13000	954	958
20199	28	71	954	958
6961	28	540	954	958
18055	28	492	954	958
35617	28	378	954	958
104346	28	5331	954	958
16533	28	550	954	958
46800	28	1330	954	958
81150	28	1282	954	958
67992	28	387	954	958
130867	28	1132	954	958
31682	28	83	954	958
18458	28	2201	954	958
31264	28	3167	954	958
42434	28	2041	954	958
16011	28	1161	954	958
46819	28	4650	954	958
81131	28	1698	954	958
33010	28	986	954	958
31147	28	65	954	958
82244	28	392	954	958
126998	28	309	954	958
15423	28	162	954	958
58049	28	196	954	958
66674	28	1139	954	958
31164	28	699	954	958
38839	28	899	954	958
20990	28	1743	954	958
17941	28	64	954	958
13983	28	88	954	958
16559	28	6823	954	958
15823	28	213	954	958
107148	28	2957	954	958
66920	28	610	954	958
23371	28	445	954	958
17943	28	1918	954	958
59093	28	1390	954	958
106559	28	1282	954	958
18684	28	354	954	959
82840	28	384	954	959
61301	28	181	954	959
9332	28	377	954	959
53055	28	682	954	959
8399	28	159	954	959
83818	28	537	954	959
19635	28	422	954	959
46341	28	1853	954	959
15038	28	30	954	959
8423	28	251	954	959
34525	28	1123	954	959
35074	28	95	954	959
26348	28	614	954	959
19737	28	153	954	959
73386	28	133	954	959
27014	28	118	954	959
4390	28	57	954	959
17753	28	1528	954	959
13675	28	202	954	959
86110	28	1032	954	959
17351	28	903	954	959
41852	28	1145	954	959
13067	28	381	954	959
17311	28	224	954	959
15538	28	58	954	959
42582	28	471	954	959
47838	28	936	954	959
27993	28	95	954	959
7896	28	275	954	959
22272	28	286	954	959
29032	28	1763	954	959
24920	28	1841	954	959
89102	16	89103	954	959
74739	28	9234	954	959
77180	28	1119	954	959
52538	28	327	954	959
89280	28	495	954	959
66180	28	1691	954	959
10440	28	120	954	959
53074	28	13143	954	959
89540	28	1442	954	959
25547	28	85	954	959
26018	28	252	954	959
17302	28	22	954	959
35188	28	155	954	959
19260	28	550	954	959
35628	28	615	954	959
17682	28	1018	954	959
23483	28	50	954	959
13269	28	330	954	959
45505	28	578	954	959
74781	28	140	954	959
13080	28	146	954	959
23826	28	227	954	959
36482	28	210	954	959
11880	28	217	954	959
68174	28	415	954	959
102191	28	672	954	959
41448	28	132	954	959
13196	28	107	954	959
32172	28	866	954	959
13894	28	140	954	959
66221	28	593	954	959
14703	28	477	954	959
47571	28	227	954	959
18138	28	1653	954	959
21133	28	1634	954	959
25156	28	1283	954	959
15407	28	3047	954	959
92592	28	2901	954	959
12021	28	27	954	959
18203	28	132	954	959
33057	28	701	954	959
24755	28	1743	954	959
21526	28	66	954	959
28611	28	494	954	959
20041	28	238	954	959
12354	28	65	954	959
36218	28	428	954	959
17285	28	120	954	959
9754	28	489	954	959
18836	28	156	954	959
58365	1	133964	954	959
15675	28	445	954	959
6941	28	396	954	959
28751	28	70	954	959
5069	28	57	954	959
33381	28	2682	954	959
4842	28	47	954	959
35813	28	198	954	959
68944	28	1132	954	959
121171	28	111	954	959
89907	28	232	954	959
11829	28	637	954	959
60102	28	2601	954	959
8331	28	20	954	959
16432	28	55	954	959
75857	28	740	954	959
7037	28	731	954	959
42923	28	529	954	959
123463	28	587	954	959
7795	28	168	954	959
28136	28	515	954	959
28569	28	334	954	959
17565	28	315	954	959
7390	28	117	954	959
6957	28	166	954	959
5587	28	169	954	959
65005	28	255	954	959
13417	28	866	954	959
42714	28	60	954	959
34722	28	986	954	959
10506	28	615	954	959
127230	28	1023	954	959
15142	28	129	954	959
11245	28	206	954	959
11093	28	142	954	959
16254	28	653	954	959
37469	28	4117	954	959
74254	28	427	954	959
9687	28	396	954	959
12862	28	1161	954	959
15628	28	76	954	959
80053	28	547	954	959
41621	28	1633	954	959
45412	28	66	954	959
44556	28	4810	954	959
24062	28	247	954	959
35833	28	307	954	959
69748	28	1076	954	959
44009	28	477	954	959
71088	28	198	954	959
9790	28	37	954	959
79830	28	1468	954	959
37131	28	976	954	959
32207	28	50	954	959
88602	28	3299	954	959
33217	28	731	954	959
12585	28	471	954	959
12423	28	332	954	959
17798	28	718	954	959
28531	28	578	954	959
10124	28	1801	954	959
47050	28	318	954	959
7620	28	390	954	959
37227	28	740	954	959
4836	28	77	954	959
6535	28	227	954	959
21205	28	379	954	959
19307	28	380	954	959
21020	28	386	954	959
21050	28	102	954	959
122109	16	9	954	959
45454	28	9234	954	959
27332	28	390	954	959
111303	28	19451	954	959
15884	28	390	954	959
49555	28	2014	954	959
30619	28	619	954	959
16009	28	30	954	959
15498	28	242	954	959
29183	28	1828	954	959
35368	28	742	954	959
28301	28	856	954	959
21604	28	30	954	959
13660	28	569	954	959
115470	28	809	954	959
45454	28	525	954	959
10124	28	124	954	959
14350	28	332	954	959
34075	28	155	954	959
37946	28	143	954	959
33870	28	1805	954	959
71152	28	1468	954	959
19498	28	228	954	959
18181	28	1477	954	959
24537	28	442	954	959
36021	28	459	954	959
30600	28	121	954	959
20915	28	498	954	959
52423	28	124	954	959
39815	28	574	954	959
57686	28	749	954	959
39919	28	1097	954	959
33178	28	627	954	959
14956	28	144	954	959
21075	28	146	954	959
28502	28	378	954	959
27948	28	546	954	959
38097	28	869	954	959
84581	28	1677	954	959
15303	28	198	954	959
7032	28	29	954	959
18028	28	191	954	959
20784	28	250	954	959
10405	28	866	954	959
7714	28	291	954	959
35219	28	26828	954	959
16245	28	275	954	959
19087	28	191	954	959
33548	28	100	954	959
15284	28	61	954	959
50998	28	492	954	959
49742	28	31002	954	959
38539	28	752	954	959
13493	28	199	954	959
10467	28	55	954	959
14353	28	498	954	959
81934	28	2540	954	959
74290	28	2022	954	959
44265	28	1020	954	959
69782	28	1169	954	959
154868	28	608	954	959
19441	28	1816	954	959
28808	28	250	954	959
11306	28	31617	954	959
29837	28	1193	954	959
13747	28	1948	954	959
10820	28	179	954	959
21822	28	42	954	959
6958	28	85	954	959
47141	28	626	954	959
44925	28	648	954	959
18133	28	3396	954	959
42170	28	95	954	959
19388	28	136	954	959
51420	28	117	954	959
21458	28	1181	954	959
77626	28	238	954	959
29619	28	36	954	959
69491	28	530	954	959
7553	28	221	954	959
11964	28	76	954	959
65212	28	370	954	959
30702	28	82	954	959
40972	28	1919	954	959
33474	28	550	954	959
92633	28	647	954	959
38603	28	3047	954	959
12956	28	2426	954	959
19498	28	1360	954	959
34163	28	1693	954	959
24576	28	71	954	959
15043	28	32	954	959
32044	28	1742	954	959
38730	28	1340	954	959
21815	28	268	954	960
52252	16	4370	954	960
10303	28	220	954	960
6013	28	33	954	960
24909	28	68	954	960
44795	28	293	954	960
30904	28	145	954	960
85863	28	1910	954	960
24848	28	1665	954	960
115887	28	1610	954	960
20764	28	99	954	960
56060	28	755	954	960
10568	28	2190	954	960
61431	28	1075	954	960
42619	28	725	954	960
26158	28	405	954	960
21064	28	179	954	960
76051	28	3926	954	960
23755	28	52	954	960
16575	28	725	954	960
14616	28	224	954	960
29723	28	1132	954	960
46049	28	7313	954	960
101750	28	1753	954	960
160647	26	65772	954	960
25117	28	109	954	960
90104	28	6753	954	960
14724	28	162	954	960
78050	28	1282	954	960
35294	28	1644	954	960
63336	28	789	954	960
17621	28	165	954	960
16832	28	51	954	960
13647	28	328	954	960
20493	28	144	954	960
41595	28	470	954	960
23286	28	166	954	960
33499	28	132	954	960
21819	28	147	954	960
21728	28	350	954	960
17067	28	193	954	960
47257	28	446	954	960
23140	28	52	954	960
21455	28	145	954	960
15870	28	1088	954	960
14716	28	222	954	960
22599	28	184	954	960
23012	28	253	954	960
92901	28	901	954	960
74168	28	471	954	960
8009	28	168	954	960
6776	28	49	954	960
5280	28	18	954	960
10218	28	832	954	960
6211	28	336	954	960
16141	28	114	954	960
59969	28	80	954	960
8647	28	117	954	960
16046	28	602	954	960
10539	28	166	954	960
126947	28	2022	954	960
53920	28	1245	954	960
38311	28	205	954	960
27522	28	518	954	960
48069	28	907	954	960
34906	28	4281	954	960
46436	28	900	954	960
23472	28	231	954	960
9775	28	50	954	960
13280	28	319	954	960
82372	28	778	954	960
45709	28	2376	954	960
26580	28	594	954	960
51127	28	34	954	960
67343	28	515	954	960
23181	28	450	954	960
39994	28	320	954	960
19542	28	152	954	960
85776	28	13107	954	960
44660	28	37	954	960
78881	28	371	954	960
83108	28	546	954	960
33236	28	110	954	960
10755	28	3982	954	960
35291	28	505	954	960
15277	28	850	954	960
52968	28	413	954	960
10025	28	627	954	960
18662	28	1379	954	960
67211	28	1095	954	960
18123	28	144	954	960
89566	28	1743	954	960
12723	28	445	954	960
33213	28	74	954	960
45067	28	266	954	960
12749	28	242	954	960
8171	28	76	954	960
16850	28	1772	954	960
13799	28	140	954	960
33096	28	27	954	960
62971	28	327	954	960
89233	28	6022	954	960
32138	28	327	954	960
17505	28	968	954	960
66839	28	882	954	960
21630	28	185	954	960
111819	28	4205	954	960
15622	28	334	954	960
10201	28	1047	954	960
27940	28	1524	954	960
33525	28	369	954	960
108465	28	1162	954	960
7667	28	1094	954	960
34789	28	381	954	960
24616	28	875	954	960
11222	28	4233	954	960
51241	28	591	954	960
56641	28	269	954	960
48769	28	140	954	960
15809	28	79	954	960
9089	28	22	954	960
18779	28	171	954	960
39618	28	199	954	960
14381	28	177	954	960
7419	28	99	954	960
33687	28	184	954	960
13577	28	47	954	960
32321	28	276	954	960
53634	28	328	954	960
26388	28	146	954	960
28208	28	1020	954	960
26394	28	1317	954	960
24100	28	1174	954	960
12610	28	336	954	960
25318	28	19	954	960
41079	28	328	954	960
9085	28	162	954	960
5695	28	1275	954	961
13613	28	185	954	961
7485	28	505	954	961
25921	28	73	954	961
25013	28	353	954	961
26796	28	37	954	961
10217	28	219	954	961
36959	28	752	954	961
29159	28	168	954	961
27407	28	5621	954	961
28968	28	318	954	961
33407	28	647	954	961
25159	28	437	954	961
11547	28	146	954	961
46445	28	247	954	961
30926	28	3728	954	961
20330	28	5962	954	961
8687	28	405	954	961
104793	28	57184	954	961
34935	28	16	954	961
31675	28	255	954	961
36729	28	213	954	961
12445	28	417	954	961
30417	28	889	954	961
15232	28	674	954	961
27917	28	1444	954	961
21313	28	106	954	961
52854	28	223	954	961
118845	28	1346	954	961
80427	28	133	954	961
26005	28	817	954	961
113396	28	5439	954	961
38332	28	582	954	961
93577	28	5494	954	961
7850	28	36	954	961
19845	28	885	954	961
40217	28	22	954	961
34029	28	140	954	961
10098	28	60	954	961
25346	28	1253	954	961
29405	28	470	954	961
18154	28	140	954	961
25469	28	60	954	961
19538	28	3139	954	961
26742	28	220	954	961
80430	28	350	954	961
45543	28	792	954	961
10866	28	52	954	961
80854	28	835	954	961
44543	28	510	954	961
79466	28	20941	954	961
94324	28	1059	954	961
7103	28	817	954	961
94549	28	2774	954	961
50056	28	422	954	961
64118	28	275	954	961
34725	28	523	954	961
25852	28	481	954	961
81998	28	360	954	961
42000	28	37	954	961
15664	28	292	954	961
6910	28	217	954	961
78484	28	2686	954	961
15920	28	159	954	961
95141	28	1925	954	961
17742	28	295	954	961
98324	16	38594	954	961
32389	28	239	954	961
65184	28	13770	954	961
94093	28	402	954	961
16374	28	1375	954	961
11704	28	20	954	961
34356	28	2125	954	961
32950	28	45	954	961
46431	28	37	954	961
16283	28	221	954	961
18053	28	51	954	961
51840	28	101	954	961
11793	28	379	954	961
24667	28	184	954	961
38561	28	276	954	961
11869	28	526	954	961
16069	28	20	954	961
11764	28	122	954	961
40624	28	261	954	961
17090	28	57	954	961
32317	28	58	954	961
15069	28	135	954	961
38653	28	1035	954	961
66113	28	2536	954	961
70220	28	1944	954	961
126529	28	31237	954	961
29072	28	140	954	962
131894	28	6367	954	962
34016	28	796	954	962
22721	28	50	954	962
73849	28	309	954	962
24939	28	334	954	962
5876	23	12775	954	962
12775	23	5876	954	962
36942	28	80	954	962
9725	28	145	954	962
16387	28	103	954	962
19119	28	1796	954	962
14241	28	4233	954	962
30166	28	1193	954	962
46445	28	55	954	962
8942	28	22	954	962
12881	28	43	954	962
23053	28	64	954	962
42245	28	957	954	962
29164	28	1477	954	962
31986	28	253	954	962
107365	28	1504	954	962
13421	28	1267	954	962
13662	28	106	954	962
11790	28	917	954	962
31369	28	282	954	962
29347	28	251	954	962
5829	28	505	954	962
27787	28	1845	954	962
49355	28	234	954	962
35761	28	1253	954	962
31759	28	1132	954	962
18856	28	95	954	962
11760	28	253	954	962
30663	28	668	954	962
26877	28	323	954	962
126640	28	5733	954	962
31592	28	288	954	962
14364	28	102	954	962
48136	28	1944	954	962
10675	28	1504	954	962
15691	28	123	954	962
36355	28	124	954	962
16744	28	95	954	962
14799	28	1076	954	962
39267	28	1193	954	962
20243	28	680	954	962
12079	28	957	954	962
127398	28	718	954	962
22866	28	662	954	962
24457	28	122	954	962
51447	28	649	954	962
33387	28	1097	954	962
44965	28	275	954	962
13250	28	397	954	962
17649	28	33	954	962
41484	28	223	954	962
47845	28	1277	954	962
40060	28	215	954	962
16899	28	397	954	962
68999	28	1743	954	962
93477	28	1270	954	962
37986	28	476	954	962
23939	28	184	954	962
21824	28	47	954	962
16223	28	112	954	962
51666	28	231	954	962
66037	28	1275	954	962
26842	28	21912	954	962
11420	28	428	954	962
25474	28	129	954	962
12860	28	1293	954	962
40516	28	755	954	962
72671	16	4370	954	962
61604	28	417	954	963
134472	28	2526	954	963
36316	28	34	954	963
36397	28	722	954	963
19761	28	68	954	963
19618	28	897	954	963
53448	28	547	954	963
41713	28	1652	954	963
56148	28	595	954	963
15208	28	20	954	963
44117	28	368	954	963
118474	28	33	954	963
30140	28	413	954	963
8416	28	269	954	963
23600	28	135	954	963
13765	28	505	954	963
33199	28	1230	954	963
92012	28	39	954	963
38271	28	345	954	963
42730	28	835	954	963
19750	28	37	954	963
25730	28	922	954	963
81956	28	835	954	963
21601	28	531	954	963
33647	28	106	954	963
36212	28	926	954	963
104911	28	20	954	963
60097	28	1289	954	963
152495	28	1504	954	963
20209	28	622	954	963
25460	28	269	954	963
26562	28	614	954	963
18451	28	185	954	963
29399	28	1679	954	963
23459	28	143	954	963
22620	28	1501	954	963
33144	28	1423	954	963
21204	28	161	954	963
28126	28	548	954	963
104921	28	787	954	963
27274	28	983	954	963
6689	28	850	954	963
22451	28	2929	954	963
38058	28	268	954	963
80692	28	1265	954	963
25947	28	445	954	964
15334	28	11636	954	964
30884	28	1120	954	964
37106	28	675	954	964
46466	28	77	954	964
45939	28	686	954	964
46482	28	412	954	964
12487	28	493	954	964
29718	28	52	954	964
42307	28	1028	954	964
47392	28	630	954	964
47950	28	1665	954	964
16433	28	531	954	964
146990	28	1816	954	964
33746	28	547	954	964
44448	28	2019	954	964
39667	28	2371	954	964
11746	28	227	954	964
31368	28	628	954	964
44202	28	617	954	964
51896	28	1277	954	964
36316	28	146	954	964
70360	28	523	954	964
15746	28	523	954	964
11785	28	835	954	964
15482	28	2629	954	964
14943	28	32	954	964
51127	28	245	954	964
41330	28	146	954	964
116222	28	83	954	964
154460	28	1504	954	964
7495	28	199	954	964
34116	28	231	954	964
93585	28	295	954	964
17603	28	336	954	964
82888	28	37	954	965
26229	28	206	954	965
48402	28	14	954	965
27610	28	180	954	965
15933	28	259	954	965
29855	28	140	954	965
32950	28	68	954	965
80312	28	442	954	965
16465	28	835	954	965
55881	28	399	954	965
4911	28	726	954	965
15106	28	413	954	965
40427	28	202	954	965
16921	28	505	954	965
30823	28	1265	954	965
23354	28	850	954	965
90756	28	220	954	965
48920	28	14	954	965
54453	28	755	954	965
18536	28	34	954	965
22962	28	957	954	965
17311	28	493	954	965
14150	28	45	954	965
24214	28	18	954	965
64253	28	1898	954	965
25750	28	32	954	965
27589	28	32	954	965
5673	28	1541	954	965
63266	28	5621	954	965
48934	28	531	954	966
12300	28	461	954	966
8367	28	957	954	966
38474	28	20	954	966
25731	28	471	954	966
32888	28	10376	954	966
49003	28	1444	954	966
56333	28	510	954	966
74901	28	185	954	966
9782	28	494	954	966
26448	28	184	954	966
18970	28	493	954	966
33283	28	10050	954	966
82027	28	413	954	966
14814	28	135	954	966
18855	28	1275	954	966
9669	28	1408	954	967
40786	28	36	954	967
36711	28	1178	954	967
9011	28	1920	954	967
16448	28	4678	954	967
18071	28	397	954	967
31369	28	957	954	967
9638	28	1300	954	967
23221	28	37	954	967
9674	28	2865	954	967
93017	28	4458	954	967
16269	28	2629	954	967
32373	28	2059	954	967
7765	23	17267	954	968
30846	28	1943	954	968
38211	28	1504	954	968
23163	28	1754	954	968
95476	28	3872	954	968
30132	28	121	954	969
41916	28	220	954	969
14199	28	294	955	0
60493	28	2040	955	0
44748	28	1567	955	0
8335	28	50	955	0
8351	28	134	955	0
6243	28	2468	955	0
11240	28	161	955	0
44917	28	1289	955	0
60858	28	1597	955	0
11362	28	48	955	0
12900	28	904	955	0
14444	28	14445	955	0
25078	28	1300	955	0
16582	28	437	955	0
25133	28	92	955	0
82780	28	45300	955	0
29338	28	489	955	0
96335	28	3681	955	0
71152	28	82849	955	0
19014	28	3864	955	0
5017	28	1294	955	0
61225	28	397	955	0
6241	28	969	955	0
9310	28	1009	955	0
61404	28	2458	955	0
112783	28	605	955	0
19314	28	405	955	0
29783	28	720	955	0
39706	28	1402	955	0
113095	28	1016	955	0
70634	28	334	955	0
71956	28	6824	955	0
96951	28	119	955	0
13270	28	119	955	0
9500	28	42	955	0
4690	28	46	955	0
6234	28	188	955	0
83909	14	19633	955	0
113487	28	1359	955	0
30174	28	1497	955	0
9548	28	1306	955	0
15054	28	1082	955	0
7364	28	4244	955	0
19643	28	1020	955	0
11490	28	131	955	0
62632	28	2185	955	0
22824	28	1660	955	0
19915	28	206	955	0
26398	28	235	955	0
72957	28	413	955	0
16774	28	1725	955	0
47018	28	4080	955	0
26536	28	1898	955	0
19941	28	351	955	0
156931	14	70540	955	0
7233	28	713	955	0
7114	28	484	955	0
18582	28	1607	955	0
73318	28	821	955	0
20243	28	307	955	0
98675	28	3022	955	0
19918	28	65	955	0
22282	28	348	955	0
31012	1	45900	955	0
45882	28	281	955	0
54959	28	509	955	0
12213	28	1526	955	0
22854	28	2717	955	0
114925	6	33909	955	0
30543	28	2687	955	0
9799	28	48	955	0
13718	14	1491	955	0
26546	28	223	955	0
47281	28	256	955	0
13226	28	3349	955	0
8653	28	79	955	0
12161	28	1513	955	0
27073	28	904	955	0
7516	28	192	955	0
74165	28	6124	955	0
99424	28	1041	955	0
15622	28	741	955	0
41570	28	1375	955	0
8794	28	89	955	0
53690	28	216	955	0
4755	28	637	955	0
19026	28	195	955	0
16501	28	4930	955	0
21651	28	510	955	0
22272	28	816	955	0
64392	28	2870	955	0
48223	14	308	955	0
41621	28	1475	955	0
23541	28	641	955	0
157932	14	26070	955	0
4010	28	2389	955	0
27372	28	869	955	0
74727	28	120	955	0
11844	28	188	955	0
64755	28	3407	955	0
19118	28	82	955	0
7357	28	55903	955	0
9920	28	1976	955	0
19072	28	459	955	0
100196	28	2867	955	0
14615	28	223	955	0
51936	28	4868	955	0
6071	28	605	955	0
134965	14	36557	955	0
48736	28	391	955	0
75244	28	3061	955	0
21824	28	150	955	0
11256	28	4823	955	0
9429	28	1411	955	0
18968	28	11974	955	0
54809	28	5009	955	0
8834	28	404	955	0
27382	28	3345	955	0
19603	28	6902	955	0
19492	28	119	955	0
135403	28	449	955	0
52586	28	662	955	0
46114	28	3437	955	0
4986	28	1478	955	0
101101	28	1167	955	0
75800	28	453	955	0
8158	28	660	955	0
117076	28	3370	955	0
23053	28	110	955	0
101292	28	3626	955	0
8126	28	32	955	0
32162	28	292	955	0
27274	28	8453	955	0
62724	28	23929	955	0
49262	28	528	955	0
21078	28	1458	955	0
56128	28	1711	955	0
37112	28	65	955	0
88047	28	1944	955	0
22424	28	6066	955	0
16009	28	404	955	0
30340	28	482	955	0
10217	28	1478	955	0
52400	28	2774	955	0
23435	28	548	955	0
57193	28	3810	955	0
86165	28	297	955	0
66296	28	5165	955	0
23611	14	3063	955	0
16051	28	1400	955	0
16685	28	76616	955	0
8979	28	1475	955	0
15148	28	333	955	0
7322	28	450	955	0
12031	28	749	955	0
5457	28	2938	955	0
35576	28	910	955	0
21110	28	416	955	0
14287	28	1104	955	0
24690	28	40	955	0
21660	28	54	955	0
75443	14	3348	955	0
33606	28	454	955	0
33647	28	1141	955	0
11401	28	4999	955	0
38903	28	2929	955	0
66782	14	854	955	0
65229	28	6124	955	0
12998	28	181	955	0
52679	28	2267	955	0
74715	28	365	955	0
10276	28	3835	955	0
9322	28	2234	955	0
43324	28	511	955	0
6352	28	44	955	0
66902	28	1261	955	0
5696	28	836	955	0
29542	28	1871	955	0
16862	28	1763	955	0
16664	28	1342	955	0
19260	28	361	955	0
39596	28	957	955	0
88558	28	11461	955	0
43390	28	2338	955	0
45498	28	1063	955	0
119060	28	318	955	0
13132	28	856	955	0
87958	28	165	955	0
16394	28	1180	955	0
97041	28	5733	955	0
19520	28	1015	955	0
83593	14	8777	955	0
46443	28	731	955	0
9538	28	178	955	0
12808	28	2386	955	0
67260	28	2527	955	0
52812	28	366	955	0
88236	28	20237	955	0
30380	28	959	955	0
22758	28	1368	955	0
15086	28	2263	955	0
62860	28	1174	955	0
7414	28	253	955	0
14243	28	72	955	0
50250	23	3989	955	0
29994	14	103853	955	0
40514	28	459	955	0
65376	28	216	955	0
11194	28	188	955	0
17394	28	85	955	0
53324	28	179	955	0
78094	28	1497	955	0
54347	28	149	955	0
47164	28	1379	955	0
5300	28	416	955	0
75611	28	1329	955	0
5924	28	489	955	0
71606	28	3385	955	0
8367	28	4189	955	0
104207	28	10834	955	0
7463	28	1655	955	0
4221	28	110	955	0
53308	28	1703	955	0
8760	28	713	955	0
5127	28	4797	955	0
78288	28	72	955	0
31034	28	2088	955	0
41158	28	580	955	0
35835	28	35836	955	0
9143	28	1831	955	0
41415	28	363	955	0
10720	28	139	955	0
90611	28	71	955	0
12080	14	4974	955	0
5324	28	404	955	0
77692	28	1346	955	0
30540	28	211	955	0
15649	28	1458	955	0
67899	14	30214	955	0
20554	28	1336	955	0
23635	28	2138	955	0
27208	28	150	955	0
16898	28	2226	955	0
27208	28	28	955	0
83915	28	1088	955	0
3854	28	571	955	0
9869	28	416	955	0
11670	28	4057	955	0
5626	28	40	955	0
12372	28	55773	955	0
23402	23	66575	955	0
9325	28	1711	955	0
58107	28	2127	955	0
47382	28	926	955	0
6534	28	57	955	0
5414	28	134	955	0
25148	14	5738	955	0
6958	28	416	955	0
17895	28	1177	955	0
38753	28	662	955	0
8916	28	3819	955	0
78000	28	6053	955	0
15792	28	134	955	0
10447	14	23821	955	0
162276	14	23757	955	0
66005	28	574	955	0
11488	28	294	955	0
17725	28	520	955	0
15248	28	1822	955	0
26495	28	516	955	0
65710	28	1760	955	0
7328	28	1458	955	0
65301	28	8559	955	0
53466	28	1643	955	0
25527	28	3815	955	0
7006	23	5036	955	0
65259	28	22685	955	0
13731	28	240	955	0
6526	28	147	955	0
66306	28	774	955	0
39046	28	459	955	0
9709	28	2185	955	0
11734	28	5062	955	0
65550	28	39378	955	0
9239	28	10385	955	0
91682	28	391	955	0
5676	28	42	955	0
27791	28	114	955	0
121998	28	1521	955	0
58939	28	1055	955	0
23945	28	133	955	0
140751	14	1706	955	0
5142	28	1407	955	0
74021	28	1625	955	0
50422	28	1738	955	0
105911	28	1496	955	0
43324	28	871	955	0
4470	28	27	955	0
17429	28	6902	955	0
76062	28	1266	955	0
11640	28	17143	955	0
105946	28	1302	955	0
8001	28	3911	955	0
33983	28	1030	955	0
11984	28	54	955	0
66231	28	360	955	0
141189	14	3528	955	0
5896	28	1006	955	0
66811	28	4116	955	0
26906	28	10334	955	0
8482	28	175	955	0
17831	28	481	955	0
14051	28	48927	955	0
57460	28	153	955	0
6681	28	19	955	0
6158	28	150	955	0
7602	28	1055	955	0
22797	28	3977	955	0
18188	28	188	955	0
89040	28	254	955	0
82334	28	1760	955	0
103408	28	941	955	0
106573	28	3407	955	0
79709	28	3818	955	0
9048	28	1177	955	0
34734	28	1057	955	0
83826	28	72	955	0
17044	28	712	955	0
85804	28	330	955	0
62925	28	1261	955	0
43474	14	2384	955	0
10720	28	81	955	0
32910	28	818	955	0
21214	28	435	955	0
86165	28	1316	955	0
18429	28	1013	955	0
26068	28	712	955	0
16876	28	1526	955	0
17941	28	120	955	0
9986	28	828	955	0
8034	28	241	955	0
85687	28	2151	955	0
19660	28	1830	955	0
107153	28	1273	955	0
7413	28	3413	955	0
10102	28	925	955	0
55896	28	2870	955	0
28592	28	198	955	0
36121	28	78	955	0
12414	28	358	955	0
9934	28	86	955	0
5183	28	176	955	0
75959	28	1346	955	0
47424	28	3681	955	0
12792	28	446	955	0
15789	28	1948	955	0
15102	28	178	955	0
56500	28	3864	955	0
11873	28	29	955	0
7397	28	178	955	0
44250	28	616	955	0
27026	28	968	955	0
4428	28	104	955	0
15500	28	1471	955	0
55534	28	537	955	0
10467	28	416	955	0
59552	28	272	955	0
31963	28	3221	955	0
6042	28	1772	955	0
30246	28	1278	955	0
92261	28	774	955	0
8516	28	1670	955	0
89426	28	848	955	0
7463	28	1215	955	0
100393	28	394	955	0
122739	14	13416	955	0
22798	28	20237	955	0
76960	28	330	955	0
21527	28	124	955	0
51023	28	1193	955	0
34797	28	1935	955	0
27750	28	1948	955	0
72431	28	2442	955	0
7706	28	388	955	0
93180	28	1028	955	0
72400	28	415	955	0
10234	28	1760	955	0
62452	28	158	955	0
69231	28	1943	955	0
5076	28	55	955	0
5696	28	351	955	0
15875	28	177	955	0
7851	28	158	955	0
5414	28	120	955	0
44390	28	459	955	0
8053	28	713	955	0
20990	28	4476	955	0
143692	28	1708	955	0
6314	28	24	955	0
54902	28	3954	955	0
6941	28	86	955	0
8681	28	4942	955	0
87433	28	1112	955	0
78457	28	1960	955	0
32753	28	2551	955	0
68833	28	1413	955	0
15524	28	227	955	0
43576	28	427	955	0
27709	28	1055	955	0
16230	28	2140	955	0
22524	28	3818	955	0
48991	28	1100	955	0
65501	28	20237	955	0
5671	28	272	955	0
18161	28	2774	955	0
4911	28	2803	955	0
35538	28	16	955	0
16047	28	968	955	0
15513	28	528	955	0
23558	28	936	955	0
10350	28	169	955	0
37928	28	8706	955	0
10355	28	464	955	0
57584	28	1033	955	0
8138	28	53	955	0
10781	28	3995	955	0
13271	28	9646	955	0
7861	28	2449	955	0
125449	28	391	955	0
93899	28	1016	955	0
6243	28	7051	955	0
9058	28	864	955	0
7040	28	1041	955	0
14461	28	149	955	0
59989	28	1382	955	0
7278	28	915	955	0
16791	28	321	955	0
19244	28	111	955	0
8331	28	344	955	0
107365	28	2148	955	0
33218	28	3061	955	0
11460	28	470	955	0
12361	28	24	955	0
8660	28	100	955	0
30306	28	2576	955	0
59490	28	431	955	0
84164	28	1896	955	0
50270	28	1682	955	0
19797	28	2057	955	0
8969	28	1141	955	0
17213	28	160	955	0
37788	28	5062	955	0
15589	28	3345	955	0
22962	28	3690	955	0
33474	28	241	955	0
16009	28	16	955	0
59333	28	1132	955	0
77468	28	1577	955	0
126074	28	957	955	0
82363	28	2840	955	0
33217	28	47962	955	0
46563	28	1263	955	0
20491	28	10772	955	0
11178	28	1616	955	0
8021	28	523	955	0
56537	14	902	955	0
22759	28	484	955	0
8900	28	1199	955	0
12289	28	177	955	0
44414	28	809	955	0
58860	28	2414	955	0
30394	28	397	955	0
10413	28	176	955	0
91436	28	39378	955	0
11468	28	423	955	0
11806	28	704	955	0
6237	28	16	955	0
38047	28	3836	955	0
9649	28	167	955	0
65338	28	141	955	0
15947	28	6124	955	0
59587	28	427	955	0
11670	28	2780	955	0
26932	28	715	955	0
82483	28	2903	955	0
109431	28	1041	955	0
25797	28	1935	955	0
4707	28	347	955	0
26672	28	265	955	0
35931	28	1218	955	0
7617	28	65	955	0
10626	28	2458	955	0
12300	28	2705	955	0
75091	28	391	955	0
70945	28	459	955	0
49329	28	240	955	0
50926	28	780	955	0
15499	28	1512	955	0
12554	28	3407	955	0
90453	28	3269	955	0
37660	28	19333	955	0
63721	28	508	955	0
5991	28	680	955	0
5589	28	177	955	0
114936	14	2141	955	0
8939	28	219	955	0
12032	28	283	955	0
20062	28	283	955	0
4690	28	53	955	0
40347	14	308	955	0
31287	28	23651	955	0
57205	28	800	955	0
30132	28	915	955	0
45498	28	3938	955	0
31611	28	435	955	0
31924	28	965	955	0
62303	28	16602	955	0
6163	28	1446	955	0
21482	28	135	955	0
21891	28	394	955	0
60259	28	926	955	0
21515	28	354	955	0
6895	28	1186	955	0
42791	28	195	955	0
21143	28	1960	955	0
21098	28	160	955	0
15407	28	713	955	0
63477	28	16747	955	0
51067	28	648	955	0
5961	28	4845	955	0
22513	23	83616	955	0
3837	28	102	955	0
79981	28	447	955	0
30995	28	2829	955	0
15928	28	1163	955	0
109658	14	50197	955	0
21492	28	1141	955	0
50430	28	363	955	0
28342	28	4614	955	0
10339	28	1263	955	0
8443	28	459	955	0
18556	14	308	955	0
8850	28	67	955	0
9370	28	2624	955	0
13439	28	2218	955	0
65388	14	444	955	0
69362	23	127150	955	0
127150	23	69362	955	0
32169	28	350	955	0
12609	28	188	955	0
10271	28	2327	955	0
104739	28	1440	955	0
19383	28	33	955	0
79056	14	8683	955	0
9971	28	267	955	0
7796	28	1025	955	0
10782	28	192	955	0
13512	28	703	955	0
103200	28	1048	955	0
44373	28	3350	955	0
43085	28	787	955	0
44184	28	1057	955	0
57153	28	3820	955	0
82607	28	64627	955	0
16238	28	3977	955	0
48368	28	959	955	0
24470	28	337	955	0
4986	28	332	955	0
24576	28	119	955	0
11080	28	39	955	0
24453	28	661	955	0
101000	28	391	955	0
12924	28	210	955	0
10383	28	1214	955	0
110171	14	1869	955	0
31653	28	247	955	0
21455	28	119	955	0
78746	28	391	955	0
94644	28	18401	955	0
31317	28	1711	955	0
33151	28	731	955	0
25753	28	184	955	0
44380	28	1384	955	0
38908	28	377	955	0
27831	28	1935	955	0
38433	28	192	955	0
16443	28	1214	955	0
81712	28	574	955	0
19138	28	976	955	0
51539	28	920	955	0
8047	28	346	955	0
5726	28	560	955	0
7850	28	416	955	0
11999	28	459	955	0
136793	14	775	955	0
127766	28	4184	955	0
27026	28	907	955	0
7788	28	28	955	0
104739	28	410	955	0
9382	28	13168	955	0
6429	28	714	955	0
8150	28	22	955	0
15831	28	67	955	0
12887	28	532	955	0
15537	28	1112	955	0
26046	28	350	955	0
17638	28	539	955	0
14449	28	135	955	0
6102	28	475	955	0
92045	28	595	955	0
40794	28	28	955	0
56687	28	1920	955	0
31490	14	2368	955	0
6326	28	2218	955	0
7023	28	1141	955	0
10160	28	911	955	0
80087	28	175	955	0
58824	28	565	955	0
25969	28	104	955	0
38665	28	198	955	0
63682	28	2151	955	0
33025	28	1495	955	0
30341	28	915	955	0
18074	28	1774	955	0
6382	28	2737	955	0
76455	28	167	955	0
47051	28	1956	955	0
31303	28	1368	955	0
19194	28	169	955	0
53394	23	128156	955	0
54716	28	17558	955	0
5589	28	16	955	0
75627	28	1016	955	0
20676	28	738	955	0
15331	28	871	955	0
31455	28	1810	955	0
33572	28	1261	955	0
8018	28	402	955	0
8254	28	410	955	0
91117	28	2325	955	0
18481	28	20437	955	0
107299	28	431	955	0
66195	28	2151	955	0
59710	28	1059	955	0
80189	28	850	955	0
46493	28	38129	955	0
7777	28	178	955	0
13782	28	4311	955	0
92270	28	167	955	0
19545	28	1533	955	0
27188	28	1961	955	0
61864	28	9646	955	0
55292	28	82849	955	0
26365	28	144	955	0
70451	28	532	955	0
8516	28	2777	955	0
10917	28	502	955	0
35580	28	106	955	0
87757	6	59	955	0
33184	28	515	955	0
5918	28	2709	955	0
15499	28	1201	955	0
50155	28	1935	955	0
45077	28	977	955	0
6614	28	875	955	0
20361	28	358	955	0
42167	28	361	955	0
4928	28	16	955	0
55449	28	1803	955	0
6238	28	3864	955	0
15857	28	1956	955	0
31012	23	81298	955	0
81298	23	31012	955	0
19877	28	2347	955	0
6908	28	2737	955	0
27450	28	493	955	0
30275	28	3593	955	0
16123	28	3207	955	0
4615	28	630	955	0
65019	28	5767	955	0
14375	28	1412	955	0
12835	28	7051	955	0
52045	28	1356	955	0
36646	23	30278	955	0
47505	14	4167	955	0
7393	28	2870	955	0
12289	28	73	955	0
24598	28	160	955	0
14795	28	244	955	0
21859	28	616	955	0
34661	28	904	955	0
31633	28	1135	955	0
144357	28	3388	955	0
58764	28	1772	955	0
44693	28	153	955	0
30112	28	10099	955	0
31786	28	33	955	0
17718	28	2349	955	0
37827	28	2629	955	0
84795	28	1379	955	0
9318	28	416	955	0
9417	28	61	955	0
28778	28	668	955	0
4986	28	118	955	0
92679	28	712	955	0
34647	28	11512	955	0
25196	28	1607	955	0
11053	28	1711	955	0
64204	28	42153	955	0
31490	14	126444	955	0
4535	28	18387	955	0
63863	28	254	955	0
46437	28	1122	955	0
22558	28	37	955	0
9889	28	48	955	0
14107	28	2347	955	0
80552	28	8996	955	0
21947	28	630	955	0
8582	28	185	955	0
79664	23	88748	955	0
57246	14	1491	955	0
14335	28	141	955	0
35782	28	593	955	0
9346	28	54	955	0
8034	28	915	955	0
4984	28	46	955	0
4897	28	66	955	0
15331	28	160	955	0
129211	28	141	955	0
77469	28	1041	955	0
25552	28	507	955	0
76062	28	1634	955	0
90222	14	57720	955	0
63019	28	54120	955	0
111140	28	1535	955	0
33277	28	1774	955	0
17172	28	53	955	0
6697	28	251	955	0
8882	28	166	955	0
14421	28	238	955	0
59381	28	3207	955	0
75959	28	5062	955	0
86608	28	7624	955	0
9666	28	53	955	0
16844	28	205	955	0
6237	28	77	955	0
64513	28	2095	955	0
53712	28	712	955	0
42292	28	4831	955	0
66182	28	1855	955	0
20610	28	439	955	0
62661	28	57267	955	0
75689	28	69371	955	0
4223	28	39	955	0
10492	28	907	955	0
5103	28	147	955	0
5950	28	1269	955	0
10150	28	732	955	0
81637	23	129451	955	0
129451	23	81637	955	0
4034	28	31	955	0
96784	14	37414	955	0
93378	28	1297	955	0
45229	28	272	955	0
57068	28	565	955	0
44198	28	254	955	0
76331	28	641	955	0
20003	28	81	955	0
22349	28	16653	955	0
34656	28	366	955	0
94266	28	1228	955	0
26529	28	1935	955	0
26421	28	73	955	0
31329	28	31724	955	0
37352	28	1711	955	0
128709	28	2621	955	0
129576	28	774	955	0
10128	28	1174	955	0
42510	28	36628	955	0
22030	28	586	955	0
11264	28	1458	955	0
85108	28	2485	955	0
24029	28	118	955	0
27294	28	447	955	0
21234	28	715	955	0
17440	28	510	955	0
20623	28	4098	955	0
22468	28	1969	955	0
29309	28	3413	955	0
20135	14	3721	955	0
18578	28	379	955	0
92838	28	1059	955	0
13355	28	490	955	0
7056	28	2338	955	0
17813	28	18	955	0
104538	23	129678	955	0
9190	28	5745	955	0
10688	28	2198	955	0
12032	28	421	955	0
18488	28	1835	955	0
34745	28	1214	955	0
3986	28	1507	955	0
8516	28	622	955	0
5142	28	4311	955	0
15514	28	2255	955	0
69321	28	2941	955	0
10749	28	634	955	0
66352	28	22685	955	0
44494	28	9018	955	0
8362	28	421	955	0
7596	28	89	955	0
69308	28	1320	955	0
27709	28	1100	955	0
51839	28	1075	955	0
32332	28	1077	955	0
11377	28	826	955	0
12620	28	417	955	0
26882	28	1600	955	0
21549	28	188	955	0
18078	28	24	955	0
72133	28	391	955	0
79981	28	1097	955	0
7296	28	404	955	0
17162	28	3692	955	0
6275	28	2004	955	0
58222	28	1122	955	0
40289	28	134	955	0
44593	1	94408	955	0
38603	28	361	955	0
12716	28	5165	955	0
35797	28	622	955	0
25732	28	417	955	0
54902	28	641	955	0
58796	28	749	955	0
121002	28	2485	955	0
5050	28	166	955	0
16776	28	835	955	0
41558	28	1242	955	0
98114	28	3820	955	0
10868	28	149	955	0
22082	28	23	955	0
46539	28	328	955	0
15425	28	3977	955	0
6129	28	396	955	0
43605	28	963	955	0
117509	14	4237	955	0
48584	28	1805	955	0
95205	28	1261	955	0
61985	28	1016	955	0
36879	28	1446	955	0
6990	28	42	955	0
8660	28	31	955	0
23168	28	307	955	0
33459	14	4266	955	0
15183	28	2215	955	0
47484	28	165	955	0
51618	28	1446	955	0
79381	28	88	955	0
11176	28	221	955	0
91518	28	618	955	0
12175	28	829	955	0
41083	28	941	955	0
7152	28	39	955	0
88239	28	537	955	0
68986	28	731	955	0
15205	28	516	955	0
10896	28	3692	955	0
58763	28	1618	955	0
43213	28	592	955	0
74727	28	642	955	0
19514	28	31724	955	0
27609	28	103	955	0
11677	28	76616	955	0
14323	26	58072	955	0
6013	28	160	955	0
7919	28	959	955	0
71827	28	1261	955	0
28536	28	1841	955	0
62755	28	4868	955	0
14409	28	1774	955	0
15589	28	3835	955	0
14789	28	1549	955	0
81107	28	13515	955	0
78186	28	13013	955	0
80246	28	14	955	0
10293	28	6492	955	0
47088	28	451	955	0
81969	28	494	955	0
64755	28	507	955	0
58890	28	1261	955	0
10659	28	1758	955	0
9306	28	720	955	0
41257	28	1642	955	0
39531	28	2838	955	0
22335	28	160	955	0
12726	28	361	955	0
43249	14	9720	955	0
45283	28	34	955	0
82584	28	220	955	0
15036	28	4195	955	0
14770	28	449	955	0
15563	28	2327	955	0
44118	28	3692	955	0
70090	28	464	955	0
80312	28	1763	955	0
27708	28	2875	955	0
13726	28	1483	955	0
36161	28	2834	955	0
15589	28	616	955	0
46784	28	2180	955	0
81332	28	165	955	0
21791	28	6110	955	0
40538	28	6555	955	0
78929	28	781	955	0
11766	28	674	955	0
25065	28	147	955	0
6195	28	2003	955	0
29448	28	1736	955	0
35200	28	962	955	0
17661	28	612	955	0
22335	28	219	955	0
28025	28	21187	955	0
16871	28	54	955	0
56672	28	2148	955	0
15110	28	59800	955	0
34371	14	308	955	0
30132	28	241	955	0
6163	28	298	955	0
7445	28	1651	955	0
94608	14	15888	955	0
57310	28	427	955	0
8783	28	150	955	0
13871	28	133	955	0
5709	28	77	955	0
17827	28	968	955	0
6129	28	24	955	0
3789	28	343	955	0
48698	28	3193	955	0
60256	28	1778	955	0
46495	28	712	955	0
25338	28	419	955	0
11519	28	821	955	0
35633	28	926	955	0
22762	28	578	955	0
130383	28	453	955	0
23793	28	2160	955	0
128175	14	444	955	0
61484	14	33634	955	0
30341	28	241	955	0
36480	28	1559	955	0
65188	28	1774	955	0
44144	28	134	955	0
177876	14	9403	955	0
36171	28	171	955	0
99424	28	784	955	0
79088	28	378	955	0
18631	28	205	955	0
91046	28	1841	955	0
33824	28	23789	955	0
23221	28	68	955	0
7680	28	134	955	0
11148	28	742	955	0
21177	28	28	955	0
65725	28	856	955	0
48368	28	3668	955	0
69279	28	7534	955	0
40365	28	34	955	0
7592	6	59	955	0
17828	28	206	955	0
11782	28	381	955	0
12157	28	274	955	0
45158	28	1497	955	0
23502	14	4314	955	0
108609	28	2040	955	0
46114	28	1432	955	0
72042	28	5758	955	0
61584	28	119	955	0
24538	28	1363	955	0
111114	28	439	955	0
8289	28	7634	955	0
81601	14	7588	955	0
57014	28	265	955	0
56466	28	3864	955	0
12298	28	2018	955	0
63151	28	42914	955	0
10868	28	81	955	0
38057	28	26303	955	0
21793	28	42	955	0
7334	28	364	955	0
38610	28	269	955	0
11316	28	915	955	0
9310	28	46	955	0
6017	28	139	955	0
14198	28	102	955	0
5083	28	691	955	0
10405	28	20437	955	0
6681	28	41	955	0
94796	28	1346	955	0
36069	28	1504	955	0
25209	28	462	955	0
75205	28	1334	955	0
34155	28	5074	955	0
7978	28	147	955	0
7056	28	11512	955	0
4615	28	55903	955	0
10947	28	40	955	0
68150	14	5693	955	0
74591	28	1282	955	0
18639	28	411	955	0
80474	28	5658	955	0
40482	28	2449	955	0
27122	28	491	955	0
69917	28	6367	955	0
43544	28	354	955	0
94609	28	1028	955	0
67420	28	22685	955	0
86463	28	71	955	0
8757	14	20071	955	0
39021	28	104	955	0
34807	28	73	955	0
79921	28	49055	955	0
26687	28	1325	955	0
5880	28	7559	955	0
65508	28	2040	955	0
95652	28	1199	955	0
24580	28	787	955	0
130687	28	956	955	0
18855	28	710	955	0
24625	28	1597	955	0
10232	28	16	955	0
87101	14	7090	955	0
89819	28	454	955	0
20120	28	23	955	0
11425	28	23	955	0
13943	28	2041	955	0
80528	28	2871	955	0
35851	28	161	955	0
47980	28	357	955	0
8768	28	915	955	0
16855	28	348	955	0
14963	28	702	955	0
34661	28	410	955	0
72811	14	3622	955	0
18051	28	1214	955	0
32017	28	835	955	0
5402	28	1074	955	0
43294	28	434	955	0
16207	28	394	955	0
8921	28	1006	955	0
60963	28	2938	955	0
129606	14	15905	955	0
41192	28	2580	955	0
32562	14	3721	955	0
12825	28	731	955	0
38332	28	281	955	0
5696	28	1565	955	0
79830	28	82849	955	0
23463	28	965	955	0
61919	28	848	955	0
105027	28	4232	955	0
102052	28	415	955	0
24231	28	1325	955	0
34482	28	15398	955	0
23877	28	459	955	0
13171	28	4588	955	0
4948	28	61	955	0
27967	28	6902	955	0
20589	28	2136	955	0
17770	28	4384	955	0
5896	28	860	955	0
124551	28	354	955	0
51715	28	540	955	0
40195	28	16161	955	0
18457	28	11378	955	0
106273	28	2051	955	0
9043	28	160	955	0
5103	28	72	955	0
72946	28	696	955	0
85009	14	17538	955	0
128806	28	1708	955	0
7357	28	1500	955	0
15421	28	2705	955	0
64698	28	1530	955	0
39319	28	2175	955	0
50577	28	19749	955	0
19148	28	783	955	0
21133	28	20437	955	0
6941	28	53	955	0
9740	28	228	955	0
48638	28	1153	955	0
23077	28	15459	955	0
42991	28	903	955	0
77663	28	2621	955	0
48638	28	1100	955	0
7988	28	1057	955	0
9452	28	484	955	0
15679	28	510	955	0
81671	28	134	955	0
81181	28	21187	955	0
31538	28	2371	955	0
4735	28	830	955	0
149253	28	1497	955	0
5450	28	1129	955	0
21988	28	3061	955	0
16827	28	161	955	0
33885	28	620	955	0
88239	28	1261	955	0
10083	28	153	955	0
58691	28	427	955	0
93547	28	1250	955	0
30707	28	1477	955	0
10675	28	492	955	0
48004	28	2793	955	0
12592	28	4778	955	0
22954	28	478	955	0
34721	28	8770	955	0
9549	28	1896	955	0
23305	28	303	955	0
17930	28	132	955	0
30054	28	240	955	0
68604	28	1261	955	0
69322	14	12873	955	0
93864	28	3443	955	0
94821	28	348	955	0
8289	28	70884	955	0
18151	28	463	955	0
25728	28	1214	955	0
47825	28	1018	955	0
9917	28	217	955	0
30973	28	1695	955	0
13106	28	77	955	0
12338	28	21187	955	0
83791	28	54015	955	0
11574	28	1627	955	0
56829	28	54024	955	0
105542	28	3728	955	0
35996	28	1330	955	0
6888	28	784	955	0
74118	28	750	955	0
20221	28	165	955	0
80198	14	2783	955	0
11227	28	692	955	0
7903	28	565	955	0
38076	28	1733	955	0
84338	28	1497	955	0
9703	28	165	955	0
39095	28	3219	955	0
65115	28	19370	955	0
5947	28	888	955	0
89816	28	453	955	0
34485	28	1879	955	0
5138	28	1142	955	0
67618	28	2719	955	0
8332	28	1354	955	0
51619	28	1266	955	0
94000	28	21187	955	0
38579	28	1597	955	0
16436	28	805	955	0
77878	28	70706	955	0
7086	28	707	955	0
8653	28	91	955	0
20865	28	394	955	0
36664	28	2949	955	0
86302	28	232	955	0
150954	28	869	955	0
7661	28	969	955	0
12449	28	73	955	0
105209	28	904	955	0
29994	14	32251	955	0
31087	28	883	955	0
64342	28	811	955	0
4707	28	339	955	0
69181	28	1379	955	0
46042	28	571	955	0
14262	28	1091	955	0
151006	28	1297	955	0
15746	28	481	955	0
10944	28	1057	955	0
14157	28	482	955	0
60493	28	1497	955	0
183348	14	84366	955	0
38490	28	568	955	0
3689	28	81	955	0
95295	28	2540	955	0
67979	28	489	955	0
43544	28	234	955	0
21492	28	106	955	0
51721	28	1251	955	0
56418	28	391	955	0
42797	28	350	955	0
38367	28	501	955	0
31326	28	176	955	0
40713	28	397	955	0
12030	28	72	955	0
10675	28	101	955	0
41975	28	2447	955	0
24949	28	18084	955	0
77756	28	2151	955	0
22396	28	1261	955	0
44412	28	1544	955	0
5807	28	1915	955	0
75798	28	1261	955	0
19091	28	383	955	0
74165	28	616	955	0
54534	14	3622	955	0
94771	28	3760	955	0
43040	28	696	955	0
25196	28	2422	955	0
21588	28	1925	955	0
96242	28	5733	955	0
64292	28	882	955	0
104643	28	5767	955	0
44295	28	3513	955	0
74481	28	347	955	0
120478	28	2233	955	0
27622	28	1440	955	0
13450	28	1269	955	0
130696	28	2540	955	0
8852	28	4328	955	0
21600	28	510	955	0
12701	28	78	955	0
130567	28	1692	955	0
25199	28	6902	955	0
17436	28	1057	955	0
10077	28	1488	955	0
65355	28	2040	955	0
36607	28	1095	955	0
28816	28	620	955	0
22196	28	139	955	0
21385	28	149	955	0
35438	28	321	955	0
10096	28	998	955	0
10379	28	110	955	0
7617	28	149	955	0
6767	28	28	955	0
15645	28	63	955	0
62890	28	20237	955	0
13493	28	195	955	0
54952	28	781	955	0
12862	28	23059	955	0
61404	28	4345	955	0
6970	28	78	955	0
23635	28	1193	955	0
8959	28	1690	955	0
69347	28	708	955	0
48533	28	1642	955	0
15254	28	2978	955	0
14184	28	111	955	0
5554	28	503	955	0
43576	28	1497	955	0
29031	28	2639	955	0
35920	28	1432	955	0
19589	28	784	955	0
44805	28	3793	955	0
60482	28	1711	955	0
36164	28	10187	955	0
4807	28	2959	955	0
130833	28	4676	955	0
4397	28	1328	955	0
81597	28	23573	955	0
33216	28	21187	955	0
13929	28	1935	955	0
121124	28	2957	955	0
37202	28	1277	955	0
17787	28	60	955	0
51594	28	21187	955	0
73533	28	10454	955	0
185429	14	76974	955	0
55080	28	266	955	0
63271	28	1263	955	0
9916	28	186	955	0
34998	28	968	955	0
7495	28	195	955	0
19229	28	1101	955	0
106286	28	415	955	0
34163	28	3977	955	0
10747	14	308	955	0
55744	28	134	955	0
77408	28	904	955	0
93899	28	391	955	0
121931	28	13013	955	0
7674	28	1320	955	0
12267	28	16	955	0
47466	28	410	955	0
38650	28	1277	955	0
54809	28	1971	955	0
22202	28	1263	955	0
49958	28	365	955	0
7045	28	65	955	0
42696	28	175	955	0
15299	28	112	955	0
27866	28	608	955	0
16726	28	2066	955	0
41572	28	10537	955	0
130296	14	13870	955	0
42996	28	548	955	0
107599	28	37	955	0
107299	28	893	955	0
40692	28	1300	955	0
17653	28	441	955	0
27132	28	2097	955	0
28145	28	42	955	0
14915	28	55	955	0
13360	28	6902	955	0
12769	28	1565	955	0
7647	28	1295	955	0
8309	28	1565	955	0
11346	28	3308	955	0
61757	28	21187	955	0
109645	28	565	955	0
6714	28	69	955	0
28136	28	176	955	0
32313	28	4778	955	0
12110	28	44314	955	0
54119	28	731	955	0
76624	28	9892	955	0
90362	28	53635	955	0
40794	28	79	955	0
38721	14	6176	955	0
56039	14	4167	955	0
44160	28	405	955	0
21859	28	394	955	0
18364	28	1640	955	0
78962	28	1423	955	0
60486	28	4778	955	0
65723	28	3760	955	0
46531	14	12967	955	0
37781	14	308	955	0
27394	28	1100	955	0
38141	28	20134	955	0
8085	28	817	955	0
17683	28	1289	955	0
32331	28	100	955	0
16442	28	998	955	0
6158	28	23	955	0
30460	28	1625	955	0
128213	28	3407	955	0
29580	28	550	955	0
32259	14	902	955	0
67996	28	623	955	0
8491	28	1015	955	0
17876	28	120	955	0
21604	28	88	955	0
59093	28	159	955	0
20764	28	570	955	0
7596	28	110	955	0
46443	28	510	955	0
20569	28	184	955	0
12011	28	692	955	0
59524	28	3681	955	0
33601	28	1711	955	0
5859	28	1530	955	0
65248	28	564	955	0
23458	28	1442	955	0
11499	28	1004	955	0
38323	28	19370	955	0
4807	28	441	955	0
8332	28	1640	955	0
15664	28	583	955	0
60486	28	6555	955	0
25004	28	616	955	0
131015	14	2824	955	0
10197	28	1201	955	0
16778	28	1048	955	0
13662	28	1141	955	0
39631	28	2963	955	0
13228	28	337	955	0
20741	28	188	955	955
122571	28	395	955	955
9106	28	365	955	955
15154	28	951	955	955
7565	28	1349	955	955
43103	28	50	955	955
73197	28	742	955	955
55910	28	1910	955	955
18529	28	142	955	956
21629	28	3219	955	956
18589	28	3522	955	956
11231	28	1430	955	956
60592	28	104	955	956
9087	28	1152	955	956
11260	28	1825	955	956
44959	28	1295	955	956
82437	28	1577	955	956
24896	28	233	955	956
7160	28	2227	955	956
21858	28	1296	955	956
12874	28	1464	955	956
14258	28	133	955	956
70971	28	1095	955	956
61177	28	518	955	956
39325	28	1860	955	956
29478	28	1173	955	956
6744	28	203	955	956
8527	28	46	955	956
19112	28	365	955	956
13053	28	2048	955	956
6347	28	477	955	956
25424	28	8559	955	956
96682	28	263	955	956
9370	28	71556	955	956
14313	28	332	955	956
11640	28	2717	955	956
71631	28	994	955	956
13156	28	1383	955	956
83470	28	605	955	956
61853	28	1083	955	956
5730	28	627	955	956
16946	28	405	955	956
9291	28	39	955	956
7311	28	1668	955	956
14891	28	2310	955	956
72055	28	866	955	956
72133	28	427	955	956
46209	28	539	955	956
22609	28	217	955	956
46267	28	515	955	956
24825	28	2032	955	956
33857	28	686	955	956
15003	28	3205	955	956
5084	28	1211	955	956
6247	28	1567	955	956
84025	28	1057	955	956
17137	28	458	955	956
62413	28	13129	955	956
13379	28	1614	955	956
10581	28	3668	955	956
6084	28	211	955	956
28923	28	774	955	956
71205	28	5481	955	956
25479	28	4049	955	956
97742	28	263	955	956
7128	28	400	955	956
54033	28	826	955	956
17273	28	1084	955	956
97939	28	673	955	956
8756	28	564	955	956
12009	28	192	955	956
84597	28	574	955	956
19830	28	165	955	956
30559	28	2326	955	956
62069	28	6124	955	956
30579	28	773	955	956
13484	28	1367	955	956
5759	28	307	955	956
73050	28	2416	955	956
8000	28	2162	955	956
47108	28	1496	955	956
30056	28	307	955	956
34261	28	1839	955	956
20093	28	1481	955	956
54573	28	678	955	956
47264	28	361	955	956
19767	28	167	955	956
10688	28	2214	955	956
23195	28	496	955	956
20209	28	826	955	956
8105	28	742	955	956
6042	28	92	955	956
54809	28	751	955	956
82769	28	1405	955	956
73548	28	2841	955	956
23273	28	675	955	956
26823	28	46	955	956
63721	28	370	955	956
8513	28	161	955	956
11251	28	161	955	956
10823	28	2416	955	956
98944	28	1803	955	956
41298	28	1218	955	956
17653	28	112	955	956
54780	28	641	955	956
16322	28	2641	955	956
15511	28	477	955	956
40036	28	1871	955	956
99194	28	20134	955	956
14638	28	170	955	956
17718	28	786	955	956
64146	28	1421	955	956
47923	28	1609	955	956
5947	28	363	955	956
47955	28	507	955	956
6684	28	56	955	956
21812	28	4195	955	956
20348	28	458	955	956
55455	28	124	955	956
20587	28	481	955	956
64375	28	391	955	956
64430	28	811	955	956
34919	28	71	955	956
86267	28	233	955	956
55636	28	123	955	956
14711	28	159	955	956
46540	28	103	955	956
6821	28	195	955	956
7923	28	1180	955	956
74694	28	819	955	956
20148	28	2336	955	956
7941	28	2975	955	956
6238	28	165	955	956
83915	28	537	955	956
6895	28	954	955	956
52193	28	1302	955	956
26833	28	220	955	956
74873	28	965	955	956
64887	28	139	955	956
5050	28	1697	955	956
9935	28	192	955	956
56049	28	1324	955	956
52794	28	1468	955	956
6767	28	2840	955	956
20841	28	6134	955	956
75116	28	343	955	956
8890	28	364	955	956
23849	28	251	955	956
25213	28	1384	955	956
6697	28	292	955	956
31823	28	353	955	956
23603	28	203	955	956
15868	28	2454	955	956
56366	28	529	955	956
56267	28	666	955	956
15162	28	2201	955	956
7977	28	826	955	956
34524	28	1839	955	956
87283	28	5520	955	956
56424	28	1134	955	956
38665	28	2784	955	956
36788	28	109	955	956
20963	28	2336	955	956
75611	28	3022	955	956
70817	28	4834	955	956
36837	28	848	955	956
27750	28	411	955	956
12171	28	82	955	956
65521	28	118	955	956
15386	28	1050	955	956
34091	28	263	955	956
7983	28	1809	955	956
34767	28	557	955	956
13929	28	3599	955	956
7296	28	1249	955	956
49190	28	672	955	956
20059	28	565	955	956
32128	28	3700	955	956
117200	28	10557	955	956
6209	28	252	955	956
27814	28	30	955	956
16686	28	377	955	956
32178	28	954	955	956
49298	28	65	955	956
47980	28	1261	955	956
51964	28	1019	955	956
41707	28	716	955	956
15957	28	1118	955	956
21117	28	380	955	956
76212	28	365	955	956
27200	28	1841	955	956
33415	28	313	955	956
9017	28	1758	955	956
76309	28	1371	955	956
48387	28	2605	955	956
6934	28	1919	955	956
14227	28	692	955	956
101811	28	834	955	956
13820	28	123	955	956
28040	28	490	955	956
20050	28	384	955	956
17910	28	181	955	956
101889	28	112	955	956
31939	28	905	955	956
88391	28	178	955	956
9302	28	180	955	956
43021	28	577	955	956
6816	28	133	955	956
76560	28	774	955	956
15259	28	516	955	956
24791	28	1112	955	956
66436	28	980	955	956
38682	28	2435	955	956
10731	28	232	955	956
22759	28	2709	955	956
24229	28	1006	955	956
21259	28	552	955	956
16394	28	826	955	956
6071	28	228	955	956
13765	28	295	955	956
24802	28	429	955	956
64840	28	409	955	956
12757	28	181	955	956
12778	28	2777	955	956
25008	28	37	955	956
102585	28	848	955	956
102614	28	974	955	956
25059	28	507	955	956
7678	28	449	955	956
8413	28	309	955	956
89087	28	565	955	956
24976	28	715	955	956
77156	28	6984	955	956
11239	28	202	955	956
18910	28	1371	955	956
52858	28	586	955	956
18743	28	778	955	956
8558	28	4541	955	956
16685	28	713	955	956
57804	28	2085	955	956
16843	28	1149	955	956
25575	28	282	955	956
66977	28	841	955	956
19351	28	2580	955	956
24788	28	1408	955	956
22308	28	64	955	956
16827	28	432	955	956
13229	28	1592	955	956
25821	28	1266	955	956
48792	28	1954	955	956
40992	28	5770	955	956
10337	28	363	955	956
25918	28	248	955	956
14961	28	86	955	956
14957	28	1788	955	956
17033	28	1722	955	956
103475	28	1261	955	956
30054	28	363	955	956
25885	28	792	955	956
14939	28	527	955	956
26083	28	981	955	956
7362	28	193	955	956
44959	28	2418	955	956
97823	28	3674	955	956
34813	28	2644	955	956
19526	28	1567	955	956
30170	28	628	955	956
11841	28	73	955	956
5076	28	2389	955	956
15132	28	780	955	956
30399	28	3987	955	956
46540	28	456	955	956
7903	28	1134	955	956
26183	28	257	955	956
22801	28	1179	955	956
54154	28	1964	955	956
77924	28	45	955	956
5776	28	465	955	956
58196	28	310	955	956
118673	28	1944	955	956
15274	28	565	955	956
47055	28	179	955	956
12072	28	347	955	956
62966	28	1180	955	956
6395	28	92	955	956
63313	28	263	955	956
23119	28	957	955	956
73961	28	1715	955	956
40857	28	395	955	956
30746	28	3177	955	956
6241	28	800	955	956
34052	28	623	955	956
15411	28	2267	955	956
8403	28	1230	955	956
78254	28	1230	955	956
47084	28	3765	955	956
26407	28	9748	955	956
8393	28	38	955	956
47407	28	2105	955	956
23310	28	15459	955	956
8845	28	1152	955	956
29852	28	88	955	956
14775	28	22	955	956
41246	28	555	955	956
15484	28	798	955	956
78331	28	71	955	956
50040	14	943	955	956
54871	28	1052	955	956
7655	28	1860	955	956
67744	28	405	955	956
90534	28	887	955	956
16539	28	339	955	956
9228	28	380	955	956
17638	28	343	955	956
41324	28	370	955	956
8867	28	888	955	956
26936	28	346	955	956
22246	28	633	955	956
14825	28	973	955	956
21884	28	1120	955	956
20529	28	695	955	956
12981	28	695	955	956
15233	28	1119	955	956
23447	28	802	955	956
10850	28	105	955	956
67860	28	836	955	956
99660	28	1749	955	956
7007	28	433	955	956
120924	28	351	955	956
36159	28	3122	955	956
22468	28	525	955	956
41449	28	2717	955	956
15485	28	231	955	956
16506	28	29889	955	956
48652	28	2389	955	956
12379	28	343	955	956
91146	28	483	955	956
47575	28	2955	955	956
31598	28	304	955	956
13070	28	1571	955	956
15269	28	490	955	956
64034	28	2991	955	956
31729	28	267	955	956
13368	28	710	955	956
39007	28	1402	955	956
27444	28	309	955	956
17707	28	123	955	956
46130	28	17491	955	956
61301	28	525	955	956
9165	28	620	955	956
7322	28	412	955	956
27553	28	825	955	956
5027	28	48657	955	956
20543	28	1897	955	956
14803	28	210	955	956
97072	28	662	955	956
23281	28	303	955	956
39640	28	4396	955	956
36743	28	254	955	956
84984	28	162475	955	956
27693	28	75439	955	956
61465	28	565	955	956
37626	28	525	955	956
8769	28	433	955	956
67040	28	9018	955	956
7575	28	527	955	956
11400	28	760	955	956
65417	28	141	955	956
19421	28	346	955	956
15831	28	48	955	956
15391	28	254	955	956
27825	28	643	955	956
7053	28	11364	955	956
67260	28	8459	955	956
26212	28	553	955	956
34150	28	1086	955	956
14234	28	153	955	956
32017	28	2544	955	956
5965	28	4751	955	956
8085	28	1307	955	956
11700	28	65664	955	956
6689	28	251	955	956
36982	28	114	955	956
32093	28	206	955	956
17804	28	53	955	956
32181	28	550	955	956
6558	28	303	955	956
58096	28	2389	955	956
14009	28	2325	955	956
13845	28	16	955	956
32238	28	257	955	956
87522	28	298	955	956
17676	28	133	955	956
12928	28	4396	955	956
90577	28	565	955	956
22300	28	1131	955	956
5961	28	1984	955	956
42180	28	297	955	956
66161	28	5227	955	956
25759	28	498	955	956
11812	28	2627	955	956
11490	28	43	955	956
15320	28	6741	955	956
92000	28	309	955	956
97379	28	216	955	956
106273	28	4181	955	956
21200	28	1144	955	956
15430	28	360	955	956
30038	28	537	955	956
32325	28	960	955	956
21147	28	1279	955	956
11454	28	533	955	956
37995	28	92	955	956
17360	28	174	955	956
50926	28	211	955	956
33392	28	1096	955	956
56851	28	1583	955	956
6970	28	86	955	956
7037	28	3000	955	956
12064	28	1213	955	956
20240	28	2536	955	956
120850	23	141642	955	956
11343	28	1388	955	956
5859	28	202	955	956
20453	28	660	955	956
35577	28	616	955	956
7616	28	1354	955	956
11145	28	16	955	956
16774	28	1762	955	956
14374	28	70	955	956
7582	28	1758	955	956
10606	28	1308	955	956
27683	28	71	955	956
6189	28	404	955	956
12675	28	346	955	956
58255	28	2197	955	956
8041	28	410	955	956
87187	28	809	955	956
26209	28	2240	955	956
5996	28	361	955	956
24079	28	353	955	956
10276	28	1744	955	956
34504	28	951	955	956
84016	28	255	955	956
7274	28	970	955	956
39759	28	2575	955	956
9393	28	2053	955	956
27575	28	45	955	956
12778	28	281	955	956
74106	28	3524	955	956
79997	28	937	955	956
17018	28	524	955	956
11159	28	167	955	956
18031	28	281	955	956
26517	28	1060	955	956
23948	28	742	955	956
39521	28	252	955	956
18235	28	121	955	956
70730	28	633	955	956
15664	28	146	955	956
6690	28	3429	955	956
71956	28	1052	955	956
59381	28	2416	955	956
6610	28	3099	955	956
18179	28	257	955	956
48112	28	574	955	956
80122	28	36685	955	956
37132	28	286	955	956
12109	28	5312	955	956
12353	28	38	955	956
7796	28	490	955	956
32837	28	368	955	956
14615	28	51	955	956
23692	28	254	955	956
11472	28	433	955	956
75031	28	192	955	956
79381	28	2122	955	956
38216	28	104	955	956
92803	28	175	955	956
21503	28	1152	955	956
17221	28	261	955	956
37577	28	713	955	956
107358	28	171	955	956
20835	28	351	955	956
25556	28	1182	955	956
6350	28	82	955	956
7579	28	95	955	956
25798	28	3308	955	956
33726	28	216	955	956
12353	28	77	955	956
14173	28	215	955	956
44270	28	395	955	956
6352	28	39	955	956
8169	28	1924	955	956
11709	28	973	955	956
19383	28	23	955	956
32900	28	3668	955	956
67581	28	3553	955	956
8917	28	1331	955	956
69134	28	1012	955	956
44188	28	3074	955	956
24498	28	345	955	956
15739	28	1430	955	956
10020	28	619	955	956
32889	28	24	955	956
48626	28	875	955	956
17937	28	1279	955	956
8220	28	5520	955	956
12229	28	740	955	956
37679	28	282	955	956
20843	28	6143	955	956
20579	28	1338	955	956
18731	28	199	955	956
16646	28	1074	955	956
20620	28	265	955	956
55080	28	498	955	956
44333	28	1174	955	956
27981	28	256	955	956
21291	28	74	955	956
85540	28	1367	955	956
15903	28	1325	955	956
86332	28	692	955	956
15085	28	3376	955	956
20649	28	16101	955	956
12433	28	70	955	956
35776	28	742	955	956
28707	28	170	955	956
67443	28	33	955	956
38168	28	774	955	956
35481	28	694	955	956
51366	28	1816	955	956
14184	28	91	955	956
42510	28	19949	955	956
6385	28	361	955	956
88349	28	1211	955	956
36925	28	463	955	956
9653	28	288	955	956
7982	28	454	955	956
35121	28	701	955	956
23994	28	553	955	956
17402	28	31	955	956
22264	28	2185	955	956
19646	28	11118	955	956
84377	28	1346	955	956
64192	28	68	955	956
71068	28	2271	955	956
20326	28	24	955	956
82665	28	3761	955	956
67600	28	370	955	956
7018	28	165	955	956
36958	28	4649	955	956
9158	28	1476	955	956
20582	28	5770	955	956
25578	28	485	955	956
38161	28	2483	955	956
44037	28	834	955	956
7900	28	153	955	956
5095	28	325	955	956
10882	28	713	955	956
18400	28	550	955	956
7419	28	1134	955	956
64159	28	811	955	956
18049	28	8764	955	956
25736	28	2300	955	956
27322	28	11118	955	956
107471	28	1618	955	956
21060	28	1336	955	956
6868	28	491	955	956
28106	28	1218	955	956
80478	28	1525	955	956
49474	28	1167	955	956
14205	28	587	955	956
7704	28	66	955	956
57187	28	2468	955	956
120331	28	1359	955	956
23198	28	427	955	956
8215	28	161	955	956
46659	28	1230	955	956
31470	28	24	955	956
12957	28	4865	955	956
6646	28	2395	955	956
5503	28	219	955	956
46209	28	1034	955	956
15434	28	623	955	956
17648	28	4797	955	956
32410	28	2422	955	956
13391	28	2178	955	956
20172	28	1145	955	956
17743	28	245	955	956
22558	28	205	955	956
26384	28	139	955	956
7811	28	70	955	956
11278	28	1304	955	956
28629	28	205	955	956
7850	28	404	955	956
87929	28	574	955	956
28698	28	224	955	956
9932	28	2601	955	956
29448	28	1860	955	956
85618	28	107	955	956
33953	28	811	955	956
40657	28	2522	955	956
81107	28	2435	955	956
108795	28	646	955	956
19492	28	180	955	956
7416	28	478	955	956
23797	28	1554	955	956
14505	28	1101	955	956
20120	28	147	955	956
6765	28	1634	955	956
67558	28	1261	955	956
5671	28	998	955	956
19423	28	1137	955	956
94047	28	2107	955	956
38433	28	1279	955	956
9371	28	134	955	956
8351	28	118	955	956
62377	28	781	955	956
92019	28	455	955	956
51704	28	38129	955	956
9157	28	2159	955	956
32221	28	55	955	956
9707	28	829	955	956
106407	28	2680	955	956
12585	28	602	955	956
39531	28	686	955	956
63863	28	409	955	956
8109	28	114	955	956
27107	28	1617	955	956
35911	28	236	955	956
4360	28	419	955	956
24844	28	3122	955	956
10949	28	1173	955	956
13184	28	70	955	956
102060	28	675	955	956
26065	28	675	955	956
12607	28	257	955	956
16984	28	422	955	956
5118	28	23	955	956
6221	28	134	955	956
12429	28	39	955	956
13079	28	1655	955	956
10991	28	1185	955	956
26817	28	498	955	956
30806	28	63	955	956
46842	28	47	955	956
31878	28	1063	955	956
14286	28	333	955	956
11611	28	800	955	956
18153	28	3765	955	956
22282	28	141	955	956
91977	28	2442	955	956
80995	28	1402	955	956
7767	28	1185	955	956
15413	28	578	955	956
8582	28	1336	955	956
21414	28	4634	955	956
6743	28	160	955	956
7839	28	52	955	956
8150	28	331	955	956
39864	28	621	955	956
13381	28	3888	955	956
69900	28	118	955	956
14844	28	1134	955	956
79318	28	871	955	956
92491	28	9511	955	956
8411	28	307	955	956
56222	28	420	955	956
13650	28	46	955	956
11844	28	160	955	956
8896	28	281	955	956
11886	28	122	955	956
12768	28	713	955	956
16676	28	1316	955	956
92552	28	1261	955	956
8015	28	891	955	956
66855	28	216	955	956
5517	28	1024	955	956
10189	28	347	955	956
51206	28	184	955	956
14915	28	515	955	956
21401	28	241	955	956
6800	28	8439	955	956
92784	28	33	955	956
16152	28	1110	955	956
63100	28	363	955	956
8148	28	742	955	956
32542	28	22431	955	956
57460	28	682	955	956
28601	28	154	955	956
66578	28	446	955	956
15064	28	6177	955	956
33983	28	675	955	956
43080	28	20	955	956
14444	28	3177	955	956
14789	28	357	955	956
74217	28	694	955	956
20369	28	2480	955	956
30808	28	361	955	956
79024	28	298	955	956
18124	28	1294	955	956
90961	28	9047	955	956
67779	28	710	955	956
22187	28	253	955	956
32229	28	33	955	956
56402	28	910	955	956
19260	28	1294	955	956
89796	28	781	955	956
28211	28	2449	955	956
44283	28	45	955	956
9836	28	6320	955	956
8324	28	1319	955	956
34933	28	423	955	956
86071	28	57267	955	956
21321	28	2125	955	956
43751	28	1338	955	956
17226	28	361	955	956
87283	28	1095	955	956
27616	28	1279	955	956
56672	28	8036	955	956
12131	28	358	955	956
11699	28	71	955	956
10753	28	145	955	956
39559	28	748	955	956
77876	28	282	955	956
28282	28	26971	955	956
21542	28	1307	955	956
28546	28	230	955	956
50096	28	2660	955	956
169399	28	1794	955	956
18170	28	742	955	956
59426	28	1060	955	956
10759	28	657	955	956
55697	28	5031	955	956
16648	28	1653	955	956
90059	28	446	955	956
21555	28	798	955	956
9030	28	2156	955	956
27899	28	2022	955	956
9925	28	1292	955	956
57068	28	1134	955	956
79709	28	1803	955	956
12520	28	81	955	956
57788	28	617	955	956
36341	28	333	955	956
12843	28	504	955	956
14491	28	289	955	956
51175	28	501	955	956
6239	28	618	955	956
122955	28	145	955	956
19529	28	439	955	956
37301	28	4418	955	956
91147	28	1968	955	956
21415	28	50	955	956
54317	28	1984	955	956
11795	28	2580	955	956
15266	28	3308	955	956
13468	28	2546	955	956
4635	28	1024	955	956
60259	28	2735	955	956
96115	28	413	955	956
80394	28	213	955	956
8892	28	107	955	956
104495	28	1261	955	956
41574	28	798	955	956
88797	28	363	955	956
22552	28	366	955	956
13467	28	250	955	956
69042	28	386	955	956
22728	28	2062	955	956
81332	28	605	955	956
18864	28	1269	955	956
23965	28	3309	955	956
16901	28	253	955	956
41455	28	1774	955	956
9818	28	288	955	956
16656	28	44	955	956
26328	28	1036	955	956
106572	28	8632	955	956
24602	28	199	955	956
13799	28	321	955	956
20937	28	888	955	956
105199	28	904	955	956
117240	28	188	955	956
21104	28	582	955	956
22713	28	719	955	956
14332	28	2172	955	956
21876	28	313	955	956
17703	28	2172	955	956
48472	28	910	955	956
40490	28	617	955	956
23539	28	461	955	956
75560	28	1962	955	956
83219	28	1577	955	956
6243	28	46	955	956
28755	28	118	955	956
9830	28	553	955	956
59416	28	657	955	956
94374	28	165	955	956
45159	28	293	955	956
18626	28	770	955	956
64403	28	3145	955	956
16269	28	1809	955	956
28536	28	2435	955	956
13270	28	254	955	956
7516	28	866	955	956
16687	28	22431	955	956
41128	28	4051	955	956
54632	28	1016	955	956
51442	28	171	955	956
106411	28	2396	955	956
18560	28	911	955	956
11437	28	232	955	956
81629	28	2105	955	956
25762	28	1166	955	956
109017	28	8006	955	956
61584	28	99	955	956
15423	28	355	955	956
86945	28	1138	955	956
44588	28	8915	955	956
16228	28	962	955	956
99878	28	1023	955	956
12215	28	609	955	956
12329	28	103	955	956
18236	28	150	955	956
20627	28	149	955	956
9723	28	99	955	956
59945	28	819	955	956
25979	28	20556	955	956
6171	28	99	955	956
10090	28	1351	955	956
11388	28	578	955	956
16691	28	657	955	956
36164	28	309	955	956
38603	28	2680	955	956
47068	28	118	955	956
27020	28	509	955	956
108293	28	1370	955	956
24240	28	42	955	956
28241	28	3815	955	956
38174	28	470	955	956
11266	28	129	955	956
6735	28	51	955	956
32621	28	3004	955	956
45158	28	781	955	956
14865	28	2146	955	956
58222	28	1813	955	956
19719	28	1990	955	956
4926	28	3946	955	956
48772	28	1609	955	956
5477	28	261	955	956
61234	28	233	955	956
68202	28	2719	955	956
28048	28	11150	955	956
17500	28	2201	955	956
24512	28	47	955	956
65627	28	141	955	956
74074	28	785	955	956
20976	28	888	955	956
51122	28	495	955	956
6438	28	578	955	956
51106	28	461	955	956
37350	28	251	955	956
10065	28	568	955	956
6821	28	76	955	956
19147	28	1340	955	956
6619	28	628	955	956
20577	28	836	955	956
10075	28	781	955	956
36245	28	973	955	956
81562	28	17558	955	956
25564	28	1279	955	956
8404	28	1082	955	956
16089	28	548	955	956
21115	28	1269	955	956
14929	28	109	955	956
52680	28	3405	955	956
38203	28	169	955	956
7304	28	691	955	956
21469	28	2162	955	956
15877	28	165	955	956
39617	28	2897	955	956
141742	28	4497	955	956
4707	28	104	955	956
44388	28	956	955	956
16005	28	1727	955	956
36508	28	5107	955	956
43615	28	475	955	956
65538	28	1058	955	956
94559	28	2527	955	956
6987	28	1860	955	956
8067	28	40	955	956
53326	28	364	955	956
38338	28	6066	955	956
30920	28	47962	955	956
19641	28	80	955	956
9156	28	1185	955	956
58824	28	1134	955	956
37774	28	2228	955	956
24881	28	345	955	956
69297	28	9602	955	956
11775	28	261	955	956
24591	28	168	955	956
9938	28	319	955	956
15324	28	453	955	956
8771	28	708	955	956
6554	28	21766	955	956
52673	28	722	955	956
20840	28	22	955	956
7441	28	6984	955	956
17603	28	754	955	956
50657	28	1616	955	956
12554	28	2435	955	956
39865	28	54	955	956
6195	28	395	955	956
25651	28	79	955	956
8693	28	434	955	956
30089	28	410	955	956
69289	28	1392	955	956
49177	28	395	955	956
9121	28	100	955	956
47500	28	2139	955	956
15767	28	868	955	956
109842	28	95359	955	956
33967	28	3106	955	956
10276	28	539	955	956
5709	28	76	955	956
89927	28	198	955	956
60669	28	916	955	956
10685	28	1962	955	956
15715	28	37	955	956
3509	28	46	955	956
95059	28	214	955	956
19193	28	1088	955	956
12287	28	434	955	956
22237	28	1088	955	956
19174	28	673	955	956
80306	28	1137	955	956
103723	28	2159	955	956
98842	28	386	955	956
87533	28	657	955	956
17741	28	967	955	956
57310	28	2151	955	956
13391	28	337	955	956
12105	28	746	955	956
29712	28	742	955	956
68072	28	22685	955	956
11666	28	1061	955	956
54290	28	436	955	956
55850	28	2197	955	956
53442	28	3309	955	956
18811	28	3545	955	956
44373	28	123	955	956
32126	28	2482	955	956
14775	28	58	955	956
7490	28	317	955	956
33491	28	1589	955	956
14799	28	386	955	956
11551	28	1269	955	956
11176	28	89	955	956
12077	28	1123	955	956
18894	28	848	955	956
65136	28	417	955	956
46371	28	360	955	956
49329	28	379	955	956
5644	28	256	955	956
49376	28	498	955	956
7575	28	1410	955	956
21131	28	8913	955	956
77364	28	3867	955	956
7649	28	186	955	956
70297	28	596	955	956
46437	28	528	955	956
16754	28	784	955	956
9417	28	973	955	956
25359	28	1093	955	956
11720	28	478	955	956
25195	28	124	955	956
4962	28	4345	955	956
17378	28	325	955	956
8332	28	40502	955	956
96421	28	83	955	956
20947	28	875	955	956
62522	28	3778	955	956
25857	28	186	955	956
8248	28	381	955	956
21446	28	1118	955	956
86362	28	1703	955	956
7709	28	1144	955	956
42758	28	6692	955	956
21034	28	70	955	956
39650	28	2399	955	956
21960	28	395	955	956
18855	28	1556	955	956
12449	28	219	955	956
22132	28	976	955	956
6387	28	107	955	956
36432	28	1965	955	956
77914	28	13020	955	956
12331	28	1338	955	956
29791	28	160	955	956
9374	28	140	955	956
5017	28	6010	955	956
16005	28	1242	955	956
21241	28	1181	955	956
27394	28	962	955	956
129572	28	71	955	956
79050	28	406	955	956
13267	28	478	955	956
24846	28	38	955	956
5928	28	250	955	956
90772	28	365	955	956
11039	28	693	955	956
10083	28	800	955	956
11731	28	364	955	956
7785	28	333	955	956
21134	28	1099	955	956
59347	28	60362	955	956
20259	28	470	955	956
6636	28	405	955	956
121998	28	991	955	956
9463	28	289	955	956
90720	28	1531	955	956
39804	28	59434	955	956
11010	28	1932	955	956
38337	28	276	955	956
12790	28	1324	955	956
8035	28	4051	955	956
11080	28	894	955	956
16213	28	754	955	956
60855	28	1860	955	956
13450	28	786	955	956
17326	28	193	955	956
14196	28	1213	955	956
26902	28	2592	955	956
32387	28	4665	955	956
60764	28	1412	955	956
11599	28	675	955	956
14289	28	48	955	956
92059	28	6625	955	956
13942	28	307	955	956
9417	28	445	955	956
34232	28	1727	955	956
22804	28	388	955	956
71786	28	666	955	956
104709	28	2957	955	956
8623	28	205	955	956
14261	28	2745	955	956
45994	28	250	955	956
11180	28	353	955	956
29302	28	783	955	956
47585	28	54	955	956
10665	28	179	955	956
7070	28	33	955	956
15297	28	1297	955	956
11659	28	1567	955	956
30236	28	219	955	956
12822	28	447	955	956
27612	28	1012	955	956
8230	28	504	955	956
38273	28	27588	955	956
4855	28	70	955	956
51316	28	39	955	956
43245	28	1167	955	956
66315	28	1625	955	956
23363	28	1084	955	956
16020	28	577	955	956
8018	28	742	955	956
18835	28	868	955	956
9938	28	509	955	956
34243	28	1023	955	956
6389	28	154	955	956
56145	28	3122	955	956
17740	28	972	955	956
28010	28	404	955	956
58403	28	255	955	956
81303	28	456	955	956
14870	28	3760	955	956
23781	28	295	955	956
13837	28	10633	955	956
95126	28	1016	955	956
30905	28	42027	955	956
7439	28	203	955	956
33535	28	1488	955	956
56575	28	288	955	956
69339	28	2399	955	956
19435	28	1336	955	956
93141	28	774	955	956
61218	28	475	955	956
58765	28	2941	955	956
68477	28	2464	955	956
90279	28	1671	955	956
9268	28	235	955	956
8932	28	1969	955	956
11439	28	496	955	956
7893	28	80	955	956
18904	28	5062	955	956
37149	28	5520	955	956
14851	28	891	955	956
5501	28	332	955	956
101825	28	309	955	956
95659	28	796	955	956
11200	28	1338	955	956
56084	28	3425	955	956
46615	28	107	955	956
16042	28	38	955	956
35345	28	73	955	956
46135	28	1978	955	956
32083	28	348	955	956
4666	28	109	955	956
15376	28	365	955	956
43390	28	2449	955	956
22692	28	449	955	956
68747	28	920	955	956
79768	28	614	955	956
14743	28	1336	955	956
51872	28	167	955	956
15127	28	1435	955	956
18742	28	6433	955	956
55167	28	215	955	956
14849	28	3167	955	956
26110	28	1180	955	956
13628	28	455	955	956
9389	28	1404	955	956
72205	28	10113	955	956
4897	28	100	955	956
12196	28	1118	955	956
6371	28	691	955	956
5529	28	65	955	956
8850	28	120	955	956
17725	28	618	955	956
29145	28	2416	955	956
20295	28	1118	955	956
21609	28	1606	955	956
24621	28	1625	955	956
15409	28	18	955	956
8958	28	69	955	956
142135	28	1052	955	956
20156	28	1367	955	956
9340	28	1213	955	956
50537	28	2745	955	956
9551	28	1330	955	956
26234	28	1845	955	956
60076	28	25281	955	956
89511	28	38559	955	956
22902	28	951	955	956
58377	28	2957	955	956
6534	28	239	955	956
82944	28	718	955	956
10868	28	118	955	956
7770	28	47	955	956
47157	28	962	955	956
9224	28	2436	955	956
11601	28	1919	955	956
18757	28	2822	955	956
34625	28	811	955	956
48682	28	916	955	956
9203	28	134	955	956
20109	28	848	955	956
59494	28	1462	955	956
20971	28	141	955	956
68699	28	345	955	956
9688	28	1571	955	956
14736	28	216	955	956
79774	28	350	955	956
24052	28	2319	955	956
6211	28	361	955	956
35071	28	991	955	956
87923	28	6796	955	956
20976	28	3449	955	956
6128	28	692	955	956
111252	28	796	955	956
5696	28	969	955	956
3689	28	139	955	956
13281	28	575	955	956
14642	28	363	955	956
23552	28	673	955	956
11597	28	2140	955	956
23357	28	36492	955	956
69460	28	37	955	956
95650	28	1289	955	956
79794	28	850	955	956
48638	28	502	955	956
8652	28	9631	955	956
5099	28	404	955	956
32012	28	387	955	956
12328	28	710	955	956
27542	28	44698	955	956
49269	28	463	955	956
20988	28	304	955	956
12688	28	345	955	956
25135	28	145	955	956
59989	28	153	955	956
60051	28	1006	955	956
18967	28	149	955	956
109013	28	1461	955	956
44680	28	337	955	956
8482	28	48	955	956
40212	28	904	955	956
54193	28	1097	955	956
11899	28	4264	955	956
12965	28	499	955	956
7894	28	72	955	956
27995	28	181	955	956
79513	28	1623	955	956
11385	28	3429	955	956
15868	28	3353	955	956
17950	28	429	955	956
17816	28	3167	955	956
14883	28	1334	955	956
96993	28	1708	955	956
23517	28	692	955	956
34807	28	86	955	956
15090	28	2480	955	956
9418	28	141	955	956
4808	28	405	955	956
18804	28	3429	955	956
49288	28	2482	955	956
22335	28	1772	955	956
65257	28	394	955	956
34158	28	614	955	956
46461	28	2159	955	956
38471	28	608	955	956
76224	28	330	955	956
34666	28	910	955	956
10004	28	959	955	956
46068	28	1074	955	956
17882	28	336	955	956
28713	28	491	955	956
11059	28	485	955	956
17588	28	2449	955	956
95612	28	841	955	956
127766	28	1023	955	956
61719	28	1908	955	956
49693	28	396	955	956
8398	28	73591	955	956
15814	28	67	955	956
34733	28	95	955	956
61411	28	1703	955	956
99750	28	1070	955	956
37980	28	391	955	956
56027	28	2059	955	956
22483	28	365	955	956
5759	28	4594	955	956
87112	28	1345	955	956
30617	28	4589	955	956
12525	28	657	955	956
5254	28	253	955	956
9608	28	1092	955	956
21798	28	1743	955	956
110830	28	2956	955	956
34028	28	331	955	956
15560	28	973	955	956
31799	28	757	955	956
8989	28	95	955	956
104739	28	995	955	956
17226	28	1960	955	956
23808	28	671	955	956
78660	28	8163	955	956
12778	28	786	955	956
19547	28	2759	955	956
67705	28	19370	955	956
86557	28	339	955	956
91454	28	1703	955	956
12210	28	265	955	956
74874	28	10633	955	956
104827	28	6606	955	956
15371	28	232	955	956
34112	28	135	955	956
15859	28	54	955	956
21143	28	361	955	956
20187	28	830	955	956
16732	28	617	955	956
10626	28	2023	955	956
15038	28	404	955	956
12868	28	11150	955	956
65501	28	216	955	956
53412	28	193	955	956
69467	28	919	955	956
6226	28	732	955	956
18004	28	1307	955	956
29046	28	43	955	956
41551	28	124	955	956
16174	28	31	955	956
67205	28	154	955	956
12321	28	491	955	956
91870	28	3325	955	956
19926	28	578	955	956
33091	28	797	955	956
10108	28	2759	955	956
49721	28	1764	955	956
69424	28	3761	955	956
14973	28	1179	955	956
38639	28	686	955	956
16636	28	1966	955	956
6931	28	171	955	956
26696	28	1954	955	956
6791	28	1478	955	956
15656	28	396	955	956
63322	28	920	955	956
23354	28	647	955	956
6575	28	147	955	956
64538	28	2105	955	956
69750	28	2416	955	956
16237	28	36	955	956
24823	28	22734	955	956
8929	28	662	955	956
22235	28	990	955	956
42505	28	1968	955	956
25691	28	274	955	956
21342	28	121	955	956
9606	28	1222	955	956
12806	28	179	955	956
12002	28	336	955	956
5473	28	361	955	956
41558	28	318	955	956
66467	28	1346	955	956
15467	28	8915	955	956
26527	28	3038	955	956
32005	28	1006	955	956
10218	28	509	955	956
12729	28	81	955	956
102316	28	1260	955	956
10771	28	483	955	956
14327	28	800	955	956
13357	28	1022	955	956
21223	28	1179	955	956
13779	28	9602	955	956
9889	28	332	955	956
75527	28	2870	955	956
33257	28	365	955	956
17254	28	365	955	956
11710	28	793	955	956
125351	28	2132	955	956
26436	28	132	955	956
26058	28	58	955	956
43065	28	350	955	956
26796	28	449	955	956
88386	28	1755	955	956
8666	28	191	955	956
34189	28	13277	955	956
81622	28	167	955	956
15674	28	489	955	956
30239	28	568	955	956
6860	28	149	955	956
25039	28	1041	955	956
10146	28	2105	955	956
12303	28	632	955	956
12435	28	248	955	956
12678	28	719	955	956
46580	28	455	955	956
101589	28	903	955	956
49958	28	54	955	956
53852	28	1063	955	956
21496	28	1431	955	956
12414	28	257	955	956
42528	28	250	955	956
38387	28	266	955	956
49141	28	37	955	956
18755	28	40	955	956
15449	28	64	955	956
33007	28	1276	955	956
28107	28	282	955	956
21366	28	435	955	956
21583	28	79	955	956
78457	28	2768	955	956
18408	28	2214	955	956
85216	28	980	955	956
12624	28	2363	955	956
6653	28	292	955	956
13178	28	2580	955	956
120365	28	1270	955	956
9947	28	292	955	956
23518	28	233	955	956
92216	28	1805	955	956
46431	28	439	955	956
6544	28	257	955	956
38174	28	3139	955	956
56367	28	45	955	956
13088	28	546	955	956
7623	28	153	955	956
12565	28	162	955	956
8505	28	717	955	956
105920	28	1267	955	956
46509	28	131	955	956
74727	28	67	955	956
12721	28	61	955	956
68786	28	2259	955	956
26451	28	112	955	956
12235	28	10420	955	956
58764	28	806	955	956
10475	28	1809	955	956
7060	28	401	955	956
20558	28	742	955	956
130112	28	1370	955	956
21001	28	1351	955	956
4659	28	188	955	956
16943	28	1231	955	956
13899	28	910	955	956
41621	28	691	955	956
10656	28	742	955	956
66578	28	268	955	956
51026	28	99	955	956
16700	28	1161	955	956
47641	28	119	955	956
42697	28	1643	955	956
25346	28	786	955	956
6658	28	89	955	956
5490	28	100	955	956
39989	28	3353	955	956
6535	28	336	955	956
64004	28	3167	955	956
55004	28	704	955	956
26525	28	568	955	956
5915	28	1962	955	956
67849	28	14120	955	956
123642	28	1145	955	956
23535	28	98	955	956
76324	28	957	955	956
13358	28	49	955	956
13589	28	386	955	956
94355	28	1682	955	956
55276	28	1616	955	956
18557	28	259	955	956
11531	28	2136	955	956
58075	28	565	955	956
66143	28	925	955	956
9743	28	49	955	956
22833	28	121	955	956
13913	28	565	955	956
8275	28	252	955	956
33112	28	1777	955	956
60228	28	657	955	956
41099	28	568	955	956
26603	28	3469	955	956
24877	28	345	955	956
19625	28	25777	955	956
13358	28	2349	955	956
5840	28	525	955	956
90820	28	749	955	956
26037	28	565	955	956
6182	28	67	955	956
37161	28	1036	955	956
73066	28	439	955	956
22450	28	203	955	956
23744	28	140	955	956
58932	28	293	955	956
76230	28	1978	955	956
13825	28	8764	955	956
26322	28	1174	955	956
85655	28	2624	955	956
59945	28	3207	955	956
67597	28	2214	955	956
27099	28	2178	955	956
21107	28	1279	955	956
93337	28	4756	955	956
19763	28	47	955	956
69883	28	80035	955	956
79970	28	743	955	956
95435	28	1981	955	956
12860	28	2458	955	956
40870	28	841	955	956
114749	28	483	955	956
14191	28	1007	955	956
8224	28	288	955	956
5367	28	33	955	956
37466	28	1267	955	956
11194	28	433	955	956
68403	28	829	955	956
60766	28	72	955	956
23872	28	260	955	956
10496	28	318	955	956
33327	28	122	955	956
10058	28	219	955	956
45770	28	792	955	956
31144	28	2226	955	956
21564	28	660	955	956
22284	28	4068	955	956
30828	28	1307	955	956
41589	28	78	955	956
11501	28	7024	955	956
76781	28	184030	955	956
92053	28	343	955	956
64623	28	3309	955	956
80767	28	365	955	956
38251	28	837	955	956
12659	28	64	955	956
27028	28	477	955	956
36562	28	490	955	956
72156	28	516	955	956
68731	28	1608	955	956
12205	28	36628	955	956
24828	28	47	955	956
18364	28	110	955	956
28211	28	710	955	956
93386	28	84496	955	956
19724	28	1237	955	956
44021	28	3982	955	956
95896	28	2396	955	956
25527	28	787	955	956
33045	28	48	955	956
12403	28	10676	955	956
72475	28	1282	955	956
10085	28	132	955	956
16242	28	2363	955	956
29406	28	890	955	956
16123	28	161	955	956
11460	28	1570	955	956
105027	28	2625	955	956
54436	28	2538	955	956
47775	28	577	955	956
10408	28	240	955	956
7208	28	379	955	956
14161	28	2418	955	956
5428	28	363	955	956
91509	28	232	955	956
19842	28	79	955	956
54711	28	931	955	956
125008	28	834	955	956
20924	28	345	955	956
124955	28	622	955	956
42215	28	276	955	956
12911	28	433	955	956
17894	28	1093	955	956
68141	28	2271	955	956
90196	28	506	955	956
27948	28	792	955	956
18462	28	695	955	956
21535	28	1330	955	956
4754	28	447	955	956
14036	28	1809	955	956
80755	28	796	955	956
32204	28	490	955	956
8359	28	499	955	956
31966	28	179	955	956
5729	28	232	955	956
29190	28	413	955	956
32935	28	759	955	956
51534	28	1229	955	956
93475	28	294	955	956
10748	28	11330	955	956
65693	28	36	955	956
5948	28	883	955	956
21401	28	830	955	956
84679	28	2098	955	956
17500	28	2227	955	956
31354	28	1431	955	956
24524	28	92	955	956
69860	28	1060	955	956
15589	28	3370	955	956
5239	28	2564	955	956
58022	28	1319	955	956
59942	28	603	955	956
50345	28	1910	955	956
19403	28	74	955	956
8138	28	69	955	956
15992	28	58	955	956
145649	28	1943	955	956
24882	28	1190	955	956
77560	28	1239	955	956
28876	28	829	955	956
18939	28	136	955	956
39098	28	1903	955	956
17926	28	2255	955	956
27450	28	740	955	956
16974	28	293	955	956
17513	28	1360	955	956
43211	28	2641	955	956
6479	28	1293	955	956
8038	28	4244	955	956
14887	28	1094	955	956
33237	28	3763	955	956
8571	28	74	955	956
111702	28	710	955	956
43580	28	913	955	956
28624	28	2319	955	956
22912	28	1201	955	956
12202	28	591	955	956
51416	28	1015	955	956
35629	28	1036	955	956
111447	28	1589	955	956
6855	28	67	955	956
11475	28	36	955	956
12793	28	6536	955	956
8281	28	14	955	956
9382	28	4316	955	956
35793	28	720	955	956
8219	28	2580	955	956
38145	28	1932	955	956
57738	28	967	955	956
51180	28	459	955	956
44403	28	542	955	956
42092	28	9785	955	956
51449	28	802	955	956
28575	28	331	955	956
30002	28	702	955	956
8199	28	47	955	956
13653	28	659	955	956
75929	28	5165	955	956
26720	28	3860	955	956
7023	28	1050	955	956
10865	28	475	955	956
55810	28	261	955	956
9243	28	542	955	956
39054	28	3078	955	956
105118	28	1495	955	956
99062	28	4311	955	956
8219	28	423	955	956
19125	28	3429	955	956
26495	28	365	955	956
14607	28	78	955	956
11369	28	23330	955	956
7057	28	191	955	956
13007	28	1134	955	956
23015	28	353	955	956
10577	28	310	955	956
12594	28	214	955	956
58939	28	274	955	956
65584	28	6818	955	956
22560	28	710	955	956
15595	28	52	955	956
10636	28	6410	955	956
107045	28	365	955	956
23304	28	1009	955	956
4191	28	842	955	956
59458	28	331	955	956
11896	28	1354	955	956
19447	28	1336	955	956
14796	28	365	955	956
22970	28	937	955	956
8818	28	3309	955	956
11418	28	646	955	956
36518	28	240	955	956
94243	28	5227	955	956
68369	28	963	955	956
22917	28	3177	955	956
19927	28	101	955	956
30540	28	43	955	956
6408	28	742	955	956
15856	28	1831	955	956
19519	28	2007	955	956
17612	28	1446	955	956
12191	28	141	955	956
12833	28	318	955	956
95133	28	303	955	956
9192	28	159	955	956
9663	28	2516	955	956
12997	28	67	955	956
39092	28	474	955	956
39299	28	1412	955	956
7067	28	463	955	956
22661	28	3242	955	956
16448	28	530	955	956
38382	28	1279	955	956
14997	28	3206	955	956
62118	28	1270	955	956
89108	28	2197	955	956
12201	28	1442	955	956
82229	28	83	955	957
24749	28	1639	955	957
4491	28	888	955	957
82297	28	1704	955	957
18614	28	110	955	957
12785	28	55	955	957
21771	28	114	955	957
11339	28	42	955	957
11346	28	1207	955	957
11391	28	623	955	957
5434	28	456	955	957
18917	28	1025	955	957
24919	28	5227	955	957
52706	28	976	955	957
10343	28	1170	955	957
29579	28	11558	955	957
71637	28	4135	955	957
71662	28	718	955	957
39676	28	13163	955	957
39729	28	1984	955	957
16982	28	1850	955	957
39888	28	318	955	957
9079	28	2292	955	957
45229	28	571	955	957
11782	28	647	955	957
61505	28	25924	955	957
34310	28	1669	955	957
97387	28	800	955	957
6859	28	1021	955	957
97493	28	1221	955	957
46458	28	649	955	957
30256	28	1407	955	957
19751	28	315	955	957
12876	28	2870	955	957
22841	28	941	955	957
19849	28	29	955	957
14733	28	348	955	957
46816	28	371	955	957
114122	28	1016	955	957
35215	28	489	955	957
6002	28	98	955	957
19993	28	1739	955	957
46077	28	514	955	957
6782	28	7391	955	957
12965	28	916	955	957
114749	28	83	955	957
54902	28	1497	955	957
85425	28	1296	955	957
13679	28	796	955	957
16368	28	1656	955	957
8123	28	78	955	957
31052	28	220	955	957
29776	28	135	955	957
35828	28	52	955	957
5037	28	82	955	957
13603	28	2593	955	957
8068	28	1392	955	957
55204	28	17698	955	957
22533	28	357	955	957
23462	28	1610	955	957
20006	28	6921	955	957
71341	28	2527	955	957
13477	28	933	955	957
52325	28	36056	955	957
13365	28	493	955	957
4470	28	89	955	957
74299	28	298	955	957
41686	28	1752	955	957
19806	28	526	955	957
26900	28	202	955	957
45907	28	334	955	957
31526	28	119	955	957
20726	28	493	955	957
39103	28	85	955	957
9457	28	967	955	957
48030	28	881	955	957
74815	28	55864	955	957
86668	28	829	955	957
18903	28	659	955	957
42057	28	95	955	957
63092	28	1910	955	957
48552	28	1144	955	957
6429	28	629	955	957
42170	28	266	955	957
5610	28	778	955	957
12453	28	354	955	957
87067	28	2843	955	957
55766	28	250	955	957
19460	28	120	955	957
31411	28	117	955	957
56333	28	1070	955	957
34681	28	2093	955	957
56481	28	2023	955	957
75575	28	261	955	957
15364	28	112	955	957
23963	28	178	955	957
15920	28	1388	955	957
18081	28	111	955	957
62724	28	3842	955	957
8989	28	740	955	957
21026	28	286	955	957
135705	28	477	955	957
61598	28	1334	955	957
11912	28	1531	955	957
30066	28	1533	955	957
18611	28	259	955	957
47674	28	550	955	957
45823	28	447	955	957
75955	28	5775	955	957
31141	28	2784	955	957
12137	28	112	955	957
21709	28	6033	955	957
6454	28	1180	955	957
18664	28	4696	955	957
25133	28	28	955	957
101434	28	632	955	957
10685	28	1296	955	957
9871	28	965	955	957
66109	28	467	955	957
32300	28	1561	955	957
65604	28	188	955	957
40636	28	250	955	957
6977	28	266	955	957
12504	28	830	955	957
74973	28	1105	955	957
66137	28	593	955	957
6261	28	2527	955	957
20197	28	120	955	957
19063	28	660	955	957
13539	28	297	955	957
27927	28	267	955	957
30765	28	132	955	957
14524	28	4195	955	957
28161	28	43188	955	957
16872	28	477	955	957
18631	28	83	955	957
44930	28	498	955	957
11282	28	2271	955	957
60705	28	2319	955	957
10105	28	278	955	957
88953	28	1016	955	957
66344	28	408	955	957
18905	28	436	955	957
39134	28	4380	955	957
14525	28	1736	955	957
25381	28	408	955	957
57794	28	205	955	957
61373	28	119	955	957
11549	28	220	955	957
41947	28	1170	955	957
9432	28	1423	955	957
7296	28	19	955	957
29896	28	3760	955	957
12879	28	1312	955	957
30143	28	670	955	957
22541	28	13277	955	957
62093	28	1270	955	957
33576	28	160	955	957
9580	28	210	955	957
30204	28	234	955	957
63323	28	58113	955	957
26512	28	786	955	957
20132	28	3206	955	957
120204	28	960	955	957
18639	28	493	955	957
53757	28	2310	955	957
26687	28	643	955	957
75800	28	1845	955	957
9250	28	24	955	957
20203	28	169	955	957
15457	28	67	955	957
20320	28	42	955	957
26830	28	518	955	957
78417	28	1423	955	957
9195	28	195	955	957
23347	28	353	955	957
11903	28	191	955	957
20395	28	1094	955	957
11903	28	917	955	957
25613	28	830	955	957
25460	28	469	955	957
15650	28	675	955	957
29300	28	1172	955	957
43502	28	991	955	957
5468	28	44	955	957
48103	28	456	955	957
48305	28	560	955	957
20893	28	979	955	957
58694	28	110	955	957
12386	28	961	955	957
74816	28	2822	955	957
99472	28	593	955	957
15632	28	1850	955	957
103343	28	1117	955	957
7436	28	45	955	957
42128	28	13277	955	957
